11 0.9997395833333333 0.61875 0.9981770833333333 0.61875 0.9958333333333333 0.6219907407407408 0.9932291666666667 0.6238425925925926 0.9927083333333333 0.6238425925925926 0.990625 0.6256944444444444 0.9893229166666667 0.6275462962962963 0.9885416666666667 0.6280092592592592 0.9859375 0.6307870370370371 0.9854166666666667 0.6307870370370371 0.9830729166666666 0.6331018518518519 0.9822916666666667 0.6344907407407407 0.9817708333333334 0.6344907407407407 0.9796875 0.6363425925925926 0.978125 0.6368055555555555 0.97578125 0.6386574074074074 0.9752604166666666 0.6395833333333333 0.9723958333333333 0.6418981481481482 0.9713541666666666 0.643287037037037 0.9700520833333334 0.64375 0.9690104166666667 0.6446759259259259 0.9677083333333333 0.6451388888888889 0.9653645833333333 0.6474537037037037 0.96484375 0.6483796296296296 0.9627604166666667 0.6502314814814815 0.9614583333333333 0.6506944444444445 0.96015625 0.6516203703703703 0.9588541666666667 0.6530092592592592 0.9575520833333333 0.6534722222222222 0.9549479166666667 0.65625 0.9520833333333333 0.6585648148148148 0.9515625 0.6594907407407408 0.94921875 0.6613425925925925 0.9486979166666667 0.6622685185185185 0.9473958333333333 0.6627314814814815 0.94609375 0.6641203703703704 0.94140625 0.6668981481481482 0.9388020833333334 0.669675925925926 0.9375 0.6701388888888888 0.9348958333333334 0.6724537037037037 0.93203125 0.6756944444444445 0.9309895833333334 0.6761574074074074 0.92890625 0.6780092592592593 0.9255208333333333 0.6793981481481481 0.9239583333333333 0.680787037037037 0.9234375 0.680787037037037 0.9200520833333333 0.6844907407407408 0.9177083333333333 0.6868055555555556 0.9145833333333333 0.6891203703703703 0.9140625 0.6900462962962963 0.9125 0.6909722222222222 0.91171875 0.6918981481481481 0.9083333333333333 0.6932870370370371 0.90625 0.6951388888888889 0.9046875 0.6974537037037037 0.9028645833333333 0.6993055555555555 0.90234375 0.6993055555555555 0.9005208333333333 0.7011574074074074 0.8984375 0.7020833333333333 0.896875 0.7039351851851852 0.8958333333333334 0.7043981481481482 0.89453125 0.705787037037037 0.89375 0.705787037037037 0.89296875 0.7067129629629629 0.8921875 0.7067129629629629 0.8903645833333333 0.7081018518518518 0.8891927083333333 0.7097222222222223 0.8888020833333333 0.7108796296296296 0.88671875 0.7127314814814815 0.8861979166666667 0.7127314814814815 0.8848958333333333 0.7141203703703703 0.88359375 0.7145833333333333 0.8822916666666667 0.7155092592592592 0.8807291666666667 0.7178240740740741 0.87890625 0.718287037037037 0.8778645833333333 0.719212962962963 0.8760416666666667 0.7196759259259259 0.8744791666666667 0.7206018518518519 0.8721354166666667 0.7229166666666667 0.8708333333333333 0.7233796296296297 0.86953125 0.7247685185185185 0.8645833333333334 0.7280092592592593 0.86328125 0.7280092592592593 0.8583333333333333 0.7307870370370371 0.8567708333333334 0.732175925925926 0.8549479166666667 0.7326388888888888 0.85390625 0.7335648148148148 0.8526041666666667 0.7335648148148148 0.85234375 0.7340277777777777 0.8510416666666667 0.7340277777777777 0.8497395833333333 0.7349537037037037 0.8463541666666666 0.7358796296296296 0.8440104166666667 0.7377314814814815 0.8421875 0.7400462962962963 0.8408854166666667 0.7409722222222223 0.83984375 0.7409722222222223 0.8385416666666666 0.7418981481481481 0.8372395833333334 0.7423611111111111 0.8359375 0.7423611111111111 0.8338541666666667 0.74375 0.8325520833333333 0.74375 0.8322916666666667 0.7442129629629629 0.8309895833333333 0.7442129629629629 0.8270833333333333 0.7474537037037037 0.8255208333333334 0.7483796296296297 0.8223958333333333 0.7497685185185186 0.82109375 0.7506944444444444 0.8182291666666667 0.7539351851851852 0.8174479166666667 0.7543981481481481 0.8161458333333333 0.7543981481481481 0.8145833333333333 0.7553240740740741 0.81328125 0.7553240740740741 0.8088541666666667 0.7581018518518519 0.8067708333333333 0.7599537037037037 0.8057291666666667 0.7599537037037037 0.8033854166666666 0.7613425925925926 0.8015625 0.7613425925925926 0.8013020833333333 0.7618055555555555 0.7986979166666667 0.7618055555555555 0.7973958333333333 0.7622685185185185 0.7963541666666667 0.7631944444444444 0.7942708333333334 0.7668981481481482 0.7934895833333333 0.7668981481481482 0.79140625 0.768287037037037 0.7875 0.768287037037037 0.7872395833333333 0.76875 0.7838541666666666 0.76875 0.782421875 0.7708333333333334 0.7819010416666666 0.7726851851851851 0.7802083333333333 0.7752314814814815 0.77890625 0.7761574074074075 0.7776041666666667 0.7761574074074075 0.7763020833333333 0.7766203703703703 0.7744791666666667 0.7780092592592592 0.7721354166666666 0.780787037037037 0.7692708333333333 0.7826388888888889 0.7684895833333333 0.7826388888888889 0.7674479166666667 0.7835648148148148 0.765625 0.7840277777777778 0.7635416666666667 0.7858796296296297 0.7630208333333334 0.7868055555555555 0.76171875 0.7877314814814815 0.7596354166666667 0.7886574074074074 0.75859375 0.7895833333333333 0.7549479166666667 0.7909722222222222 0.7518229166666667 0.7923611111111111 0.75078125 0.79375 0.75 0.794212962962963 0.7486979166666666 0.7960648148148148 0.7471354166666667 0.7965277777777777 0.746875 0.7960648148148148 0.74453125 0.7951388888888888 0.7430989583333333 0.7925925925925926 0.7420572916666667 0.7893518518518519 0.7415364583333334 0.788425925925926 0.7404947916666667 0.7842592592592592 0.7388020833333333 0.78125 0.7372395833333333 0.7798611111111111 0.7359375 0.7798611111111111 0.7354166666666667 0.7803240740740741 0.7341145833333333 0.7826388888888889 0.7333333333333333 0.7835648148148148 0.7315104166666667 0.7849537037037037 0.7294270833333333 0.7877314814814815 0.7286458333333333 0.7881944444444444 0.7229166666666667 0.7932870370370371 0.7216145833333333 0.794675925925926 0.7208333333333333 0.7960648148148148 0.71953125 0.7969907407407407 0.7184895833333333 0.7983796296296296 0.7173177083333333 0.8004629629629629 0.7158854166666667 0.8025462962962963 0.7145833333333333 0.8030092592592593 0.71328125 0.8039351851851851 0.7104166666666667 0.8067129629629629 0.709375 0.8085648148148148 0.7065104166666667 0.8113425925925926 0.703125 0.8136574074074074 0.7013020833333333 0.8168981481481481 0.7 0.8178240740740741 0.6981770833333333 0.819675925925926 0.6973958333333333 0.8201388888888889 0.6958333333333333 0.8219907407407407 0.6950520833333333 0.8233796296296296 0.6921875 0.8261574074074074 0.6908854166666667 0.8266203703703704 0.6888020833333334 0.8289351851851852 0.68828125 0.8289351851851852 0.6869791666666667 0.830324074074074 0.684375 0.8321759259259259 0.6825520833333333 0.8326388888888889 0.6799479166666667 0.8349537037037037 0.678125 0.8368055555555556 0.6768229166666667 0.8377314814814815 0.6736979166666667 0.8391203703703703 0.6708333333333333 0.8400462962962963 0.6700520833333333 0.8409722222222222 0.6658854166666667 0.843287037037037 0.6651041666666667 0.843287037037037 0.66328125 0.8446759259259259 0.6611979166666667 0.8451388888888889 0.6609375 0.8456018518518519 0.6596354166666667 0.8456018518518519 0.6580729166666667 0.8465277777777778 0.6557291666666667 0.8474537037037037 0.65390625 0.8497685185185185 0.65078125 0.8516203703703704 0.6489583333333333 0.8520833333333333 0.6479166666666667 0.8530092592592593 0.6471354166666666 0.8530092592592593 0.64609375 0.8539351851851852 0.6453125 0.8539351851851852 0.6442708333333333 0.8548611111111111 0.6434895833333333 0.8548611111111111 0.6416666666666667 0.856712962962963 0.6408854166666667 0.856712962962963 0.6388020833333333 0.8585648148148148 0.6377604166666667 0.8590277777777777 0.6364583333333333 0.8590277777777777 0.63359375 0.8604166666666667 0.6317708333333333 0.8622685185185185 0.6309895833333333 0.8636574074074074 0.6299479166666667 0.8645833333333334 0.6263020833333334 0.8659722222222223 0.6260416666666667 0.8664351851851851 0.6247395833333333 0.8664351851851851 0.6236979166666666 0.8673611111111111 0.6192708333333333 0.8696759259259259 0.6184895833333334 0.8706018518518519 0.6140625 0.8724537037037037 0.6127604166666667 0.8733796296296297 0.6109375 0.8738425925925926 0.609375 0.8747685185185186 0.6078125 0.8761574074074074 0.60625 0.8780092592592592 0.6049479166666667 0.8784722222222222 0.6041666666666666 0.8793981481481481 0.6028645833333334 0.8798611111111111 0.6015625 0.8798611111111111 0.6013020833333333 0.8803240740740741 0.6 0.8803240740740741 0.5997395833333333 0.8807870370370371 0.5979166666666667 0.88125 0.596875 0.882175925925926 0.59609375 0.882175925925926 0.5942708333333333 0.8835648148148149 0.59375 0.8844907407407407 0.5924479166666666 0.8849537037037037 0.5908854166666667 0.8863425925925926 0.5893229166666667 0.8863425925925926 0.5869791666666667 0.8872685185185185 0.58515625 0.8886574074074074 0.58359375 0.8914351851851852 0.5809895833333333 0.893287037037037 0.5796875 0.89375 0.5783854166666667 0.89375 0.57734375 0.8942129629629629 0.5755208333333334 0.8956018518518518 0.5739583333333333 0.8960648148148148 0.5731770833333333 0.8969907407407407 0.571875 0.8974537037037037 0.57109375 0.8983796296296296 0.56875 0.8993055555555556 0.5677083333333334 0.9002314814814815 0.5669270833333333 0.9002314814814815 0.565625 0.9011574074074075 0.5625 0.9020833333333333 0.5611979166666666 0.9034722222222222 0.5583333333333333 0.9053240740740741 0.5572916666666666 0.90625 0.5549479166666667 0.9071759259259259 0.55390625 0.9081018518518519 0.553125 0.9081018518518519 0.5520833333333334 0.9090277777777778 0.55 0.9099537037037037 0.5486979166666667 0.9108796296296297 0.5473958333333333 0.9122685185185185 0.5466145833333333 0.9122685185185185 0.5440104166666667 0.9141203703703704 0.5427083333333333 0.9141203703703704 0.5395833333333333 0.9155092592592593 0.5356770833333333 0.919212962962963 0.53125 0.9210648148148148 0.5294270833333333 0.9219907407407407 0.5286458333333334 0.9229166666666667 0.52734375 0.9233796296296296 0.52578125 0.9247685185185185 0.5252604166666667 0.9256944444444445 0.5236979166666667 0.9266203703703704 0.5229166666666667 0.9275462962962963 0.5213541666666667 0.9280092592592593 0.5203125 0.9289351851851851 0.51953125 0.9289351851851851 0.5184895833333333 0.9298611111111111 0.5145833333333333 0.93125 0.51328125 0.9321759259259259 0.5098958333333333 0.9321759259259259 0.509375 0.9317129629629629 0.508203125 0.9296296296296296 0.507421875 0.9277777777777778 0.5069010416666667 0.925 0.5069010416666667 0.9236111111111112 0.5063802083333333 0.9217592592592593 0.5063802083333333 0.9203703703703704 0.505859375 0.9185185185185185 0.5055989583333333 0.9162037037037037 0.505078125 0.9148148148148149 0.505078125 0.913425925925926 0.5045572916666666 0.9115740740740741 0.5045572916666666 0.9101851851851852 0.5040364583333333 0.9078703703703703 0.5037760416666667 0.9046296296296297 0.5032552083333334 0.9018518518518519 0.5022135416666667 0.8981481481481481 0.5022135416666667 0.8958333333333334 0.501953125 0.8953703703703704 0.501953125 0.8930555555555556 0.501171875 0.8898148148148148 0.501171875 0.888425925925926 0.5006510416666666 0.8865740740740741 0.5001302083333333 0.8810185185185185 0.499609375 0.8787037037037037 0.499609375 0.8773148148148148 0.49908854166666666 0.874537037037037 0.49830729166666665 0.8722222222222222 0.497265625 0.8675925925925926 0.49700520833333334 0.8643518518518518 0.4967447916666667 0.8638888888888889 0.4967447916666667 0.861574074074074 0.496484375 0.8611111111111112 0.496484375 0.8587962962962963 0.4959635416666667 0.8564814814814815 0.4959635416666667 0.8546296296296296 0.49440104166666665 0.8467592592592592 0.493359375 0.8430555555555556 0.49309895833333334 0.8388888888888889 0.492578125 0.836574074074074 0.492578125 0.8347222222222223 0.491796875 0.8314814814814815 0.491015625 0.8245370370370371 0.49049479166666665 0.8226851851851852 0.49049479166666665 0.8212962962962963 0.48971354166666664 0.8185185185185185 0.48919270833333334 0.8157407407407408 0.48919270833333334 0.8143518518518519 0.488671875 0.8125 0.487890625 0.8064814814814815 0.48736979166666666 0.8041666666666667 0.48658854166666665 0.8018518518518518 0.48658854166666665 0.8004629629629629 0.48606770833333335 0.7981481481481482 0.48606770833333335 0.7967592592592593 0.485546875 0.7944444444444444 0.485546875 0.7930555555555555 0.4850260416666667 0.7912037037037037 0.4842447916666667 0.7865740740740741 0.4842447916666667 0.7847222222222222 0.4837239583333333 0.7824074074074074 0.483203125 0.7768518518518519 0.48268229166666665 0.7754629629629629 0.48216145833333335 0.7717592592592593 0.481640625 0.7703703703703704 0.481640625 0.7689814814814815 0.4811197916666667 0.7671296296296296 0.480859375 0.763425925925926 0.480078125 0.7601851851851852 0.4798177083333333 0.7569444444444444 0.47877604166666665 0.7523148148148148 0.47877604166666665 0.75 0.478515625 0.7476851851851852 0.47799479166666664 0.7453703703703703 0.47799479166666664 0.7407407407407407 0.477734375 0.7402777777777778 0.477734375 0.7379629629629629 0.47747395833333334 0.7356481481481482 0.476953125 0.7333333333333333 0.476953125 0.7296296296296296 0.4766927083333333 0.7291666666666666 0.4766927083333333 0.7240740740740741 0.476171875 0.7217592592592592 0.473828125 0.7175925925925926 0.47356770833333334 0.7138888888888889 0.473046875 0.711574074074074 0.473046875 0.7087962962962963 0.4727864583333333 0.7083333333333334 0.4725260416666667 0.7050925925925926 0.4720052083333333 0.7023148148148148 0.47096354166666665 0.6990740740740741 0.470703125 0.6967592592592593 0.47018229166666664 0.6953703703703704 0.4686197916666667 0.6898148148148148 0.468359375 0.6861111111111111 0.4680989583333333 0.6856481481481481 0.467578125 0.6819444444444445 0.46705729166666665 0.6805555555555556 0.46653645833333335 0.6768518518518518 0.466015625 0.675 0.466015625 0.6731481481481482 0.4654947916666667 0.6708333333333333 0.465234375 0.6685185185185185 0.465234375 0.6662037037037037 0.4649739583333333 0.6638888888888889 0.464453125 0.6620370370370371 0.463671875 0.6574074074074074 0.46315104166666665 0.6564814814814814 0.46315104166666665 0.6550925925925926 0.462109375 0.6509259259259259 0.462109375 0.649074074074074 0.4615885416666667 0.6462962962962963 0.4615885416666667 0.6439814814814815 0.461328125 0.6435185185185185 0.461328125 0.6412037037037037 0.4610677083333333 0.6407407407407407 0.4610677083333333 0.637962962962963 0.4602864583333333 0.6342592592592593 0.46002604166666666 0.6314814814814815 0.45924479166666665 0.6291666666666667 0.458203125 0.6236111111111111 0.458203125 0.6222222222222222 0.4569010416666667 0.6138888888888889 0.456640625 0.6134259259259259 0.4563802083333333 0.6106481481481482 0.45559895833333336 0.6078703703703704 0.455078125 0.6069444444444444 0.454296875 0.6041666666666666 0.4524739583333333 0.5939814814814814 0.45221354166666666 0.5907407407407408 0.45169270833333336 0.5888888888888889 0.45169270833333336 0.5875 0.45065104166666664 0.5842592592592593 0.4498697916666667 0.5782407407407407 0.4498697916666667 0.5763888888888888 0.4493489583333333 0.5740740740740741 0.448828125 0.5689814814814815 0.44752604166666665 0.5648148148148148 0.447265625 0.5615740740740741 0.446484375 0.5578703703703703 0.446484375 0.5550925925925926 0.44622395833333334 0.5527777777777778 0.445703125 0.5504629629629629 0.445703125 0.5481481481481482 0.4451822916666667 0.5453703703703704 0.4451822916666667 0.5435185185185185 0.4446614583333333 0.5407407407407407 0.443359375 0.5365740740740741 0.443359375 0.5356481481481481 0.4412760416666667 0.5226851851851851 0.440234375 0.5180555555555556 0.43971354166666665 0.5166666666666667 0.43971354166666665 0.5152777777777777 0.438671875 0.5111111111111111 0.43841145833333334 0.5069444444444444 0.437890625 0.5046296296296297 0.437109375 0.4981481481481482 0.436328125 0.4949074074074074 0.436328125 0.4930555555555556 0.43580729166666665 0.49074074074074076 0.43528645833333335 0.48703703703703705 0.43528645833333335 0.48564814814814816 0.434765625 0.4837962962962963 0.434765625 0.47638888888888886 0.4356770833333333 0.47430555555555554 0.43697916666666664 0.4738425925925926 0.4390625 0.4724537037037037 0.44140625 0.4724537037037037 0.44166666666666665 0.47199074074074077 0.4440104166666667 0.47199074074074077 0.44427083333333334 0.47152777777777777 0.44609375 0.47152777777777777 0.44635416666666666 0.4710648148148148 0.4479166666666667 0.4710648148148148 0.44817708333333334 0.4706018518518518 0.44947916666666665 0.4706018518518518 0.44973958333333336 0.4701388888888889 0.4518229166666667 0.4701388888888889 0.45260416666666664 0.4710648148148148 0.454296875 0.4740740740740741 0.45533854166666665 0.47638888888888886 0.45533854166666665 0.4824074074074074 0.45559895833333336 0.4824074074074074 0.45559895833333336 0.47638888888888886 0.4569010416666667 0.4722222222222222 0.458203125 0.4625 0.45846354166666664 0.462037037037037 0.458984375 0.45740740740740743 0.458984375 0.4550925925925926 0.45924479166666665 0.4546296296296296 0.45924479166666665 0.45231481481481484 0.459765625 0.45 0.459765625 0.44537037037037036 0.45950520833333336 0.4449074074074074 0.45950520833333336 0.44212962962962965 0.45924479166666665 0.44166666666666665 0.45924479166666665 0.4393518518518518 0.45872395833333335 0.43703703703703706 0.45794270833333334 0.4310185185185185 0.457421875 0.42962962962962964 0.456640625 0.42407407407407405 0.45533854166666665 0.41805555555555557 0.45533854166666665 0.4166666666666667 0.45481770833333335 0.41435185185185186 0.45481770833333335 0.4097222222222222 0.455078125 0.40925925925925927 0.455078125 0.4064814814814815 0.45533854166666665 0.4050925925925926 0.4569010416666667 0.4023148148148148 0.4576822916666667 0.399537037037037 0.4591145833333333 0.3974537037037037 0.4609375 0.3960648148148148 0.462109375 0.3939814814814815 0.462890625 0.3921296296296296 0.46315104166666665 0.3902777777777778 0.463671875 0.3888888888888889 0.4647135416666667 0.38472222222222224 0.46575520833333334 0.3824074074074074 0.4674479166666667 0.3798611111111111 0.4700520833333333 0.37800925925925927 0.4708333333333333 0.37800925925925927 0.47213541666666664 0.3770833333333333 0.47369791666666666 0.3770833333333333 0.4739583333333333 0.3766203703703704 0.47578125 0.3766203703703704 0.47604166666666664 0.3761574074074074 0.4783854166666667 0.3761574074074074 0.4786458333333333 0.37569444444444444 0.48671875 0.37569444444444444 0.4869791666666667 0.3752314814814815 0.4890625 0.3752314814814815 0.48932291666666666 0.3747685185185185 0.49192708333333335 0.3747685185185185 0.4921875 0.37430555555555556 0.4942708333333333 0.37430555555555556 0.49635416666666665 0.3729166666666667 0.49713541666666666 0.3729166666666667 0.4979166666666667 0.37199074074074073 0.49947916666666664 0.3715277777777778 0.5010416666666667 0.3701388888888889 0.50234375 0.3696759259259259 0.50390625 0.3696759259259259 0.5041666666666667 0.36921296296296297 0.50625 0.36921296296296297 0.5065104166666666 0.36875 0.5088541666666667 0.36875 0.5091145833333334 0.368287037037037 0.5109375 0.368287037037037 0.5111979166666667 0.3678240740740741 0.51484375 0.36689814814814814 0.5169270833333334 0.36550925925925926 0.5182291666666666 0.3650462962962963 0.5200520833333333 0.3650462962962963 0.5203125 0.3645833333333333 0.521875 0.3645833333333333 0.5221354166666666 0.36412037037037037 0.5236979166666667 0.36412037037037037 0.5239583333333333 0.36365740740740743 0.5260416666666666 0.36365740740740743 0.5263020833333333 0.36319444444444443 0.5302083333333333 0.36319444444444443 0.53046875 0.3627314814814815 0.5325520833333334 0.3627314814814815 0.5328125 0.36226851851851855 0.5375 0.36226851851851855 0.5377604166666666 0.36180555555555555 0.5395833333333333 0.36180555555555555 0.53984375 0.3613425925925926 0.5411458333333333 0.3613425925925926 0.5447916666666667 0.3599537037037037 0.5458333333333333 0.3590277777777778 0.5471354166666667 0.35856481481481484 0.5484375 0.35856481481481484 0.5486979166666667 0.35810185185185184 0.55078125 0.35810185185185184 0.5510416666666667 0.3576388888888889 0.553125 0.3576388888888889 0.5533854166666666 0.35717592592592595 0.5557291666666667 0.35717592592592595 0.5559895833333334 0.35671296296296295 0.5575520833333333 0.35671296296296295 0.5578125 0.35625 0.56015625 0.35625 0.5604166666666667 0.355787037037037 0.5614583333333333 0.35625 0.5669270833333333 0.35625 0.5671875 0.355787037037037 0.5684895833333333 0.355787037037037 0.56953125 0.35625 0.5708333333333333 0.3576388888888889 0.5716145833333334 0.3594907407407407 0.57265625 0.3594907407407407 0.573828125 0.3574074074074074 0.5751302083333333 0.35324074074074074 0.57578125 0.35208333333333336 0.5765625 0.35208333333333336 0.5774739583333334 0.3560185185185185 0.5774739583333334 0.3574074074074074 0.5782552083333333 0.36018518518518516 0.5782552083333333 0.3611111111111111 0.5790364583333333 0.36342592592592593 0.5790364583333333 0.3685185185185185 0.5787760416666666 0.36898148148148147 0.5787760416666666 0.3736111111111111 0.5790364583333333 0.37407407407407406 0.579296875 0.37777777777777777 0.5798177083333333 0.37916666666666665 0.58046875 0.3798611111111111 0.5817708333333333 0.37939814814814815 0.5830729166666667 0.37800925925925927 0.584375 0.37800925925925927 0.5856770833333333 0.3798611111111111 0.5872395833333334 0.38125 0.58828125 0.38125 0.5901041666666667 0.3798611111111111 0.5911458333333334 0.37939814814814815 0.5919270833333333 0.3798611111111111 0.5947916666666667 0.3849537037037037 0.5953125 0.3854166666666667 0.5979166666666667 0.3854166666666667 0.5981770833333333 0.3849537037037037 0.6005208333333333 0.3849537037037037 0.6020833333333333 0.38587962962962963 0.6044270833333333 0.38587962962962963 0.6055989583333333 0.38425925925925924 0.6048177083333334 0.3800925925925926 0.6048177083333334 0.37777777777777777 0.6061197916666666 0.3736111111111111 0.6069010416666667 0.37175925925925923 0.6069010416666667 0.3685185185185185 0.606640625 0.3680555555555556 0.606640625 0.36527777777777776 0.6075520833333333 0.36365740740740743 0.6091145833333333 0.3627314814814815 0.6114583333333333 0.3627314814814815 0.6130208333333333 0.3650462962962963 0.6141927083333333 0.3685185185185185 0.6157552083333333 0.37175925925925923 0.616015625 0.37407407407407406 0.6165364583333334 0.3763888888888889 0.6170572916666667 0.3773148148148148 0.6173177083333333 0.38055555555555554 0.6178385416666666 0.38287037037037036 0.6196614583333333 0.38657407407407407 0.6201822916666667 0.38842592592592595 0.621875 0.39143518518518516 0.6225260416666667 0.3921296296296296 0.623046875 0.3958333333333333 0.6235677083333333 0.3976851851851852 0.6235677083333333 0.3990740740740741 0.6243489583333334 0.40324074074074073 0.6243489583333334 0.4050925925925926 0.6252604166666667 0.40717592592592594 0.6260416666666667 0.4076388888888889 0.6315104166666666 0.4076388888888889 0.634375 0.40625 0.6364583333333333 0.40625 0.63671875 0.40578703703703706 0.6385416666666667 0.40578703703703706 0.63984375 0.4048611111111111 0.64140625 0.4048611111111111 0.6416666666666667 0.4043981481481482 0.6432291666666666 0.4043981481481482 0.6434895833333333 0.4039351851851852 0.6455729166666667 0.4039351851851852 0.6458333333333334 0.40347222222222223 0.6473958333333333 0.40347222222222223 0.64765625 0.40300925925925923 0.64921875 0.40300925925925923 0.6494791666666667 0.4025462962962963 0.6513020833333333 0.4025462962962963 0.6515625 0.40208333333333335 0.6536458333333334 0.40208333333333335 0.6549479166666666 0.40162037037037035 0.65703125 0.40023148148148147 0.66015625 0.3988425925925926 0.6610677083333333 0.3976851851851852 0.6618489583333333 0.39444444444444443 0.6618489583333333 0.39351851851851855 0.6626302083333333 0.3907407407407407 0.6631510416666667 0.38981481481481484 0.663671875 0.3875 0.663671875 0.3861111111111111 0.664453125 0.38287037037037036 0.6657552083333333 0.3787037037037037 0.6662760416666667 0.3763888888888889 0.6673177083333334 0.3736111111111111 0.6678385416666667 0.37083333333333335 0.6688802083333333 0.3680555555555556 0.6725260416666666 0.3597222222222222 0.6727864583333333 0.35833333333333334 0.673828125 0.35509259259259257 0.6751302083333334 0.3527777777777778 0.676171875 0.35 0.6764322916666666 0.3486111111111111 0.6774739583333333 0.34629629629629627 0.677734375 0.3449074074074074 0.6798177083333333 0.3398148148148148 0.6798177083333333 0.33935185185185185 0.6811197916666667 0.3347222222222222 0.6819010416666667 0.3333333333333333 0.6829427083333334 0.3300925925925926 0.6846354166666667 0.3275462962962963 0.6859375 0.3266203703703704 0.6872395833333333 0.3266203703703704 0.6888020833333334 0.32569444444444445 0.6924479166666667 0.32569444444444445 0.6927083333333334 0.32523148148148145 0.6940104166666666 0.32523148148148145 0.6950520833333333 0.3247685185185185 0.6963541666666667 0.32337962962962963 0.7002604166666667 0.32337962962962963 0.7005208333333334 0.3229166666666667 0.7020833333333333 0.3229166666666667 0.7049479166666667 0.3215277777777778 0.7072916666666667 0.3215277777777778 0.7075520833333333 0.3210648148148148 0.7091145833333333 0.3210648148148148 0.7104166666666667 0.32060185185185186 0.71171875 0.3196759259259259 0.7140625 0.319212962962963 0.7143229166666667 0.31875 0.7158854166666667 0.31875 0.7161458333333334 0.31828703703703703 0.7182291666666667 0.31828703703703703 0.7184895833333333 0.3178240740740741 0.7203125 0.3178240740740741 0.7205729166666667 0.3173611111111111 0.7231770833333333 0.3173611111111111 0.7234375 0.31689814814814815 0.7252604166666666 0.31689814814814815 0.7255208333333333 0.3164351851851852 0.72734375 0.3164351851851852 0.7276041666666667 0.3159722222222222 0.7294270833333333 0.3159722222222222 0.7296875 0.3164351851851852 0.73125 0.3164351851851852 0.7315104166666667 0.31689814814814815 0.7330729166666666 0.31689814814814815 0.7341145833333333 0.3164351851851852 0.7359375 0.3145833333333333 0.737890625 0.31157407407407406 0.7381510416666667 0.3101851851851852 0.7395833333333334 0.3071759259259259 0.740625 0.30625 0.7424479166666667 0.3053240740740741 0.74375 0.3025462962962963 0.7447916666666666 0.3025462962962963 0.7466145833333333 0.3039351851851852 0.7484375 0.3039351851851852 0.7494791666666667 0.3020833333333333 0.7515625 0.30069444444444443 0.7536458333333333 0.3025462962962963 0.7546875 0.30439814814814814 0.7559895833333333 0.3053240740740741 0.7572916666666667 0.3053240740740741 0.7575520833333333 0.305787037037037 0.7596354166666667 0.305787037037037 0.7611979166666667 0.30671296296296297 0.7627604166666667 0.30810185185185185 0.7638020833333333 0.3076388888888889 0.7653645833333333 0.3053240740740741 0.7669270833333334 0.3039351851851852 0.7700520833333333 0.3039351851851852 0.7703125 0.3034722222222222 0.7729166666666667 0.3034722222222222 0.7731770833333333 0.30300925925925926 0.775 0.30300925925925926 0.7752604166666667 0.3025462962962963 0.7770833333333333 0.3025462962962963 0.77734375 0.3020833333333333 0.7786458333333334 0.3020833333333333 0.77890625 0.30162037037037037 0.78125 0.30115740740740743 0.7815104166666667 0.30069444444444443 0.78515625 0.30069444444444443 0.7864583333333334 0.30115740740740743 0.7885416666666667 0.3025462962962963 0.7890625 0.3034722222222222 0.79140625 0.30486111111111114 0.7921875 0.305787037037037 0.7940104166666667 0.30671296296296297 0.7950520833333333 0.3076388888888889 0.7958333333333333 0.3090277777777778 0.796875 0.30995370370370373 0.7981770833333334 0.31180555555555556 0.80078125 0.3136574074074074 0.8024739583333333 0.3162037037037037 0.803515625 0.32037037037037036 0.8048177083333333 0.3236111111111111 0.8067708333333333 0.3261574074074074 0.8087239583333333 0.3296296296296296 0.8087239583333333 0.3300925925925926 0.8110677083333333 0.33425925925925926 0.812109375 0.3365740740740741 0.812890625 0.3388888888888889 0.8140625 0.34097222222222223 0.815234375 0.3425925925925926 0.816015625 0.3453703703703704 0.816015625 0.34629629629629627 0.8174479166666667 0.3488425925925926 0.8177083333333334 0.3488425925925926 0.8188802083333333 0.3509259259259259 0.8196614583333334 0.3537037037037037 0.8208333333333333 0.355787037037037 0.8216145833333334 0.35625 0.82265625 0.3576388888888889 0.82421875 0.36041666666666666 0.8260416666666667 0.36226851851851855 0.8272135416666667 0.36435185185185187 0.8287760416666666 0.3680555555555556 0.8287760416666666 0.3685185185185185 0.830859375 0.37222222222222223 0.831640625 0.37453703703703706 0.8328125 0.3766203703703704 0.8334635416666667 0.3773148148148148 0.833984375 0.37916666666666665 0.833984375 0.3861111111111111 0.8350260416666667 0.3902777777777778 0.8350260416666667 0.39351851851851855 0.833984375 0.3972222222222222 0.83203125 0.40023148148148147 0.83125 0.40069444444444446 0.8278645833333333 0.4048611111111111 0.8265625 0.40717592592592594 0.8255208333333334 0.4085648148148148 0.82265625 0.41087962962962965 0.8220052083333333 0.4125 0.82265625 0.41412037037037036 0.8236979166666667 0.41458333333333336 0.824609375 0.4162037037037037 0.8251302083333333 0.41898148148148145 0.8256510416666667 0.4203703703703704 0.826953125 0.42268518518518516 0.826953125 0.42314814814814816 0.8282552083333333 0.425462962962963 0.8298177083333333 0.42962962962962964 0.831640625 0.43333333333333335 0.8321614583333333 0.4351851851851852 0.8348958333333333 0.44004629629629627 0.8361979166666667 0.4414351851851852 0.8375 0.44375 0.8388020833333333 0.444212962962963 0.840234375 0.44212962962962965 0.840234375 0.44166666666666665 0.8430989583333334 0.43657407407407406 0.844140625 0.43333333333333335 0.8458333333333333 0.4303240740740741 0.846875 0.42939814814814814 0.8486979166666667 0.42615740740740743 0.8489583333333334 0.42615740740740743 0.8528645833333334 0.41921296296296295 0.8546875 0.4173611111111111 0.8578125 0.41180555555555554 0.8580729166666666 0.41180555555555554 0.8611979166666667 0.40625 0.8625 0.4043981481481482 0.86484375 0.40162037037037035 0.86875 0.39467592592592593 0.8700520833333333 0.39328703703703705 0.8721354166666667 0.3900462962962963 0.8731770833333333 0.3891203703703704 0.8751302083333333 0.38564814814814813 0.8751302083333333 0.3851851851851852 0.8765625 0.38263888888888886 0.8794270833333333 0.3789351851851852 0.88046875 0.3770833333333333 0.8817708333333333 0.37569444444444444 0.88359375 0.37245370370370373 0.8838541666666667 0.37245370370370373 0.8861979166666667 0.368287037037037 0.8875 0.3664351851851852 0.8888020833333333 0.3650462962962963 0.8921875 0.3590277777777778 0.8924479166666667 0.3590277777777778 0.8942708333333333 0.35625 0.8953125 0.35532407407407407 0.8973958333333333 0.3525462962962963 0.9005208333333333 0.34699074074074077 0.9018229166666667 0.3456018518518518 0.90859375 0.3335648148148148 0.909375 0.33310185185185187 0.9138020833333333 0.3280092592592593 0.9161458333333333 0.3266203703703704 0.91796875 0.3266203703703704 0.9182291666666667 0.3261574074074074 0.9200520833333333 0.3261574074074074 0.92265625 0.32523148148148145 0.92421875 0.32430555555555557 0.9260416666666667 0.32430555555555557 0.9263020833333333 0.32384259259259257 0.9286458333333333 0.32337962962962963 0.9299479166666667 0.3224537037037037 0.9317708333333333 0.32199074074074074 0.93203125 0.3215277777777778 0.9341145833333333 0.3215277777777778 0.934375 0.3210648148148148 0.9359375 0.3210648148148148 0.9369791666666667 0.32013888888888886 0.9377604166666667 0.32013888888888886 0.9385416666666667 0.319212962962963 0.9395833333333333 0.31875 0.94140625 0.31875 0.9416666666666667 0.31828703703703703 0.94375 0.31828703703703703 0.9440104166666666 0.3178240740740741 0.9455729166666667 0.3178240740740741 0.9458333333333333 0.3173611111111111 0.9481770833333333 0.3173611111111111 0.9484375 0.31689814814814815 0.9513020833333333 0.31689814814814815 0.9515625 0.3164351851851852 0.9533854166666667 0.3159722222222222 0.9544270833333334 0.31504629629629627 0.9557291666666666 0.3145833333333333 0.95703125 0.3145833333333333 0.9572916666666667 0.3141203703703704 0.95859375 0.3141203703703704 0.9588541666666667 0.3136574074074074 0.96015625 0.3136574074074074 0.9604166666666667 0.31319444444444444 0.96171875 0.31319444444444444 0.96328125 0.3122685185185185 0.96484375 0.3122685185185185 0.9651041666666667 0.31180555555555556 0.9666666666666667 0.31180555555555556 0.9669270833333333 0.3113425925925926 0.9682291666666667 0.3113425925925926 0.97109375 0.30995370370370373 0.9723958333333333 0.30995370370370373 0.97265625 0.30949074074074073 0.97421875 0.30949074074074073 0.9765625 0.3085648148148148 0.9776041666666667 0.3076388888888889 0.9794270833333333 0.3076388888888889 0.9796875 0.3071759259259259 0.98203125 0.3071759259259259 0.9822916666666667 0.30671296296296297 0.9841145833333333 0.30625 0.9859375 0.30486111111111114 0.9880208333333333 0.30486111111111114 0.98828125 0.30439814814814814 0.9908854166666666 0.30439814814814814 0.9911458333333333 0.3039351851851852 0.9924479166666667 0.3039351851851852 0.9927083333333333 0.3034722222222222 0.9940104166666667 0.3034722222222222 0.9942708333333333 0.30300925925925926 0.9971354166666667 0.30300925925925926 0.9973958333333334 0.3025462962962963 0.9997395833333333 0.3025462962962963
11 0.7524739583333333 0.3375 0.7537760416666667 0.33564814814814814 0.7528645833333333 0.3349537037037037 0.7510416666666667 0.3349537037037037 0.750390625 0.33611111111111114 0.7513020833333334 0.33773148148148147 0.7524739583333333 0.3375
11 0.675390625 0.3939814814814815 0.6776041666666667 0.39375 0.6778645833333333 0.39328703703703705 0.6817708333333333 0.39328703703703705 0.68203125 0.39282407407407405 0.68515625 0.39189814814814816 0.6858072916666667 0.3907407407407407 0.686328125 0.387037037037037 0.6865885416666667 0.38657407407407407 0.6865885416666667 0.38425925925925924 0.6852864583333333 0.38055555555555554 0.6841145833333333 0.3789351851851852 0.6833333333333333 0.3784722222222222 0.68203125 0.3766203703703704 0.6809895833333334 0.3766203703703704 0.6802083333333333 0.37754629629629627 0.6764322916666666 0.38425925925925924 0.6764322916666666 0.38472222222222224 0.675 0.38773148148148145 0.6729166666666667 0.38958333333333334 0.6717447916666667 0.3912037037037037 0.6717447916666667 0.39305555555555555 0.6729166666666667 0.394212962962963 0.6752604166666667 0.394212962962963 0.675390625 0.3939814814814815
11 0.873828125 0.44351851851851853 0.87578125 0.4428240740740741 0.8760416666666667 0.4423611111111111 0.8786458333333333 0.4423611111111111 0.87890625 0.44189814814814815 0.88125 0.44189814814814815 0.8825520833333333 0.44050925925925927 0.88359375 0.44004629629629627 0.8846354166666667 0.4386574074074074 0.8856770833333333 0.43819444444444444 0.8869791666666667 0.43819444444444444 0.88828125 0.4377314814814815 0.8895833333333333 0.43680555555555556 0.8908854166666667 0.4363425925925926 0.8921875 0.4363425925925926 0.8942708333333333 0.43495370370370373 0.89765625 0.4335648148148148 0.89921875 0.4335648148148148 0.8994791666666667 0.43310185185185185 0.9015625 0.43310185185185185 0.9018229166666667 0.4326388888888889 0.9041666666666667 0.4326388888888889 0.9044270833333333 0.4321759259259259 0.9067708333333333 0.43125 0.9075520833333334 0.4303240740740741 0.90859375 0.42986111111111114 0.9098958333333333 0.42986111111111114 0.91015625 0.42939814814814814 0.91171875 0.42939814814814814 0.9119791666666667 0.4289351851851852 0.9151041666666667 0.42800925925925926 0.9161458333333333 0.4270833333333333 0.9171875 0.4270833333333333 0.9182291666666667 0.42615740740740743 0.9190104166666667 0.42615740740740743 0.9205729166666666 0.42476851851851855 0.9225260416666666 0.4212962962962963 0.9227864583333333 0.4203703703703704 0.9225260416666666 0.4185185185185185 0.9220052083333333 0.41759259259259257 0.9209635416666667 0.4134259259259259 0.9204427083333333 0.41203703703703703 0.9184895833333333 0.40949074074074077 0.9173177083333334 0.4074074074074074 0.9173177083333334 0.40694444444444444 0.9158854166666667 0.4043981481481482 0.9143229166666667 0.4025462962962963 0.9134114583333334 0.40046296296296297 0.9114583333333334 0.39699074074074076 0.91015625 0.39560185185185187 0.908984375 0.39351851851851855 0.908984375 0.39305555555555555 0.9072916666666667 0.3909722222222222 0.9049479166666666 0.3900462962962963 0.90390625 0.3900462962962963 0.9005208333333333 0.39282407407407405 0.8989583333333333 0.39560185185185187 0.8973958333333333 0.3974537037037037 0.8950520833333333 0.4011574074074074 0.8927083333333333 0.40347222222222223 0.8907552083333333 0.40694444444444444 0.890234375 0.40879629629629627 0.8873697916666666 0.41388888888888886 0.8864583333333333 0.4164351851851852 0.8807291666666667 0.4215277777777778 0.8794270833333333 0.4238425925925926 0.8778645833333333 0.4252314814814815 0.876171875 0.42824074074074076 0.8759114583333333 0.42962962962962964 0.8739583333333333 0.43310185185185185 0.87265625 0.43449074074074073 0.8705729166666667 0.43819444444444444 0.86953125 0.4391203703703704 0.8688802083333333 0.44027777777777777 0.8688802083333333 0.44166666666666665 0.86953125 0.4428240740740741 0.87109375 0.44375 0.8736979166666666 0.44375 0.873828125 0.44351851851851853
11 0.6165364583333334 0.4125 0.617578125 0.41203703703703703 0.615625 0.40902777777777777 0.6145833333333334 0.4085648148148148 0.61328125 0.4099537037037037 0.612109375 0.41203703703703703 0.6135416666666667 0.4127314814814815 0.61640625 0.4127314814814815 0.6165364583333334 0.4125
11 0.45559895833333336 0.4962962962962963 0.45611979166666666 0.49537037037037035 0.45546875 0.49189814814814814 0.45455729166666664 0.49444444444444446 0.45455729166666664 0.49537037037037035 0.4552083333333333 0.4965277777777778 0.45559895833333336 0.4962962962962963
11 0.5483072916666667 0.5171296296296296 0.5493489583333333 0.5125 0.5493489583333333 0.5064814814814815 0.5484375 0.5043981481481481 0.5470052083333333 0.5083333333333333 0.5462239583333334 0.5097222222222222 0.5462239583333334 0.5115740740740741 0.5477864583333333 0.5166666666666667 0.5483072916666667 0.5171296296296296
11 0.5342447916666667 0.5671296296296297 0.53515625 0.5668981481481481 0.5364583333333334 0.5659722222222222 0.537109375 0.5638888888888889 0.537109375 0.5625 0.5376302083333333 0.5611111111111111 0.5376302083333333 0.5569444444444445 0.5369791666666667 0.55625 0.5361979166666667 0.55625 0.5358072916666666 0.5569444444444445 0.5350260416666667 0.5601851851851852 0.5341145833333333 0.5618055555555556 0.53203125 0.5631944444444444 0.5313802083333333 0.5643518518518519 0.531640625 0.5666666666666667 0.5322916666666667 0.5673611111111111 0.5342447916666667 0.5671296296296297
11 0.5014322916666667 0.5902777777777778 0.5024739583333333 0.5884259259259259 0.502734375 0.587037037037037 0.502734375 0.5805555555555556 0.50234375 0.5789351851851852 0.5015625 0.5789351851851852 0.5006510416666666 0.5814814814814815 0.5001302083333333 0.5837962962962963 0.4993489583333333 0.5856481481481481 0.4993489583333333 0.5875 0.50078125 0.5900462962962963 0.5014322916666667 0.5902777777777778
11 0.49752604166666664 0.6083333333333333 0.49778645833333335 0.6064814814814815 0.49778645833333335 0.600925925925926 0.4973958333333333 0.5997685185185185 0.49557291666666664 0.5997685185185185 0.4953125 0.6002314814814815 0.49375 0.6006944444444444 0.4934895833333333 0.6020833333333333 0.4942708333333333 0.6025462962962963 0.49518229166666666 0.6041666666666666 0.4954427083333333 0.6060185185185185 0.49752604166666664 0.6083333333333333
11 0.49075520833333336 0.6087962962962963 0.49140625 0.6085648148148148 0.49309895833333334 0.6064814814814815 0.49309895833333334 0.6032407407407407 0.49270833333333336 0.6025462962962963 0.49140625 0.6025462962962963 0.490625 0.6020833333333333 0.48880208333333336 0.6030092592592593 0.48802083333333335 0.6039351851851852 0.4869791666666667 0.6043981481481482 0.485546875 0.6064814814814815 0.48671875 0.6081018518518518 0.4875 0.6085648148148148 0.48880208333333336 0.6085648148148148 0.4890625 0.6090277777777777 0.49075520833333336 0.6087962962962963
11 0.7993489583333333 0.7125 0.80078125 0.7104166666666667 0.803125 0.7085648148148148 0.80390625 0.7071759259259259 0.8052083333333333 0.705787037037037 0.8080729166666667 0.7034722222222223 0.81171875 0.6997685185185185 0.8127604166666667 0.6979166666666666 0.8143229166666667 0.6960648148148149 0.8151041666666666 0.6956018518518519 0.8169270833333333 0.69375 0.8174479166666667 0.69375 0.8200520833333333 0.6914351851851852 0.821875 0.6891203703703703 0.8231770833333333 0.6881944444444444 0.825 0.6858796296296297 0.82734375 0.6840277777777778 0.8299479166666667 0.680324074074074 0.83203125 0.6784722222222223 0.8333333333333334 0.6780092592592593 0.8348958333333333 0.6761574074074074 0.8364583333333333 0.6738425925925926 0.8372395833333334 0.6733796296296296 0.8390625 0.6715277777777777 0.8395833333333333 0.6715277777777777 0.8411458333333334 0.6701388888888888 0.844921875 0.663425925925926 0.8451822916666667 0.6625 0.8444010416666666 0.6574074074074074 0.8436197916666667 0.6541666666666667 0.841796875 0.65 0.841796875 0.649537037037037 0.8399739583333333 0.6462962962962963 0.8399739583333333 0.6458333333333334 0.8384114583333333 0.6430555555555556 0.8376302083333333 0.6398148148148148 0.8372395833333334 0.6391203703703704 0.83359375 0.6391203703703704 0.8315104166666667 0.6409722222222223 0.82890625 0.642824074074074 0.82734375 0.6446759259259259 0.82421875 0.6488425925925926 0.8229166666666666 0.6502314814814815 0.8216145833333334 0.6511574074074075 0.8197916666666667 0.6534722222222222 0.81796875 0.6548611111111111 0.8151041666666666 0.6585648148148148 0.8135416666666667 0.6599537037037037 0.8109375 0.6645833333333333 0.8080729166666667 0.6673611111111111 0.8067708333333333 0.6678240740740741 0.8049479166666667 0.669675925925926 0.8036458333333333 0.6706018518518518 0.8020833333333334 0.6729166666666667 0.80078125 0.6743055555555556 0.7989583333333333 0.6756944444444445 0.797265625 0.6782407407407407 0.797265625 0.6787037037037037 0.7942708333333334 0.6840277777777778 0.7940104166666667 0.6840277777777778 0.7921875 0.6868055555555556 0.7908854166666667 0.6877314814814814 0.789453125 0.6898148148148148 0.7891927083333333 0.6912037037037037 0.7901041666666667 0.6928240740740741 0.7921875 0.694675925925926 0.7930989583333333 0.6962962962962963 0.7936197916666666 0.6986111111111111 0.7944010416666667 0.700925925925926 0.7951822916666667 0.7023148148148148 0.7970052083333333 0.7083333333333334 0.7977864583333333 0.711574074074074 0.7984375 0.7127314814814815 0.7993489583333333 0.7125
11 0.48684895833333336 0.6694444444444444 0.48684895833333336 0.6671296296296296 0.48736979166666666 0.6638888888888889 0.4884114583333333 0.6597222222222222 0.48919270833333334 0.6541666666666667 0.48971354166666664 0.6532407407407408 0.48971354166666664 0.6518518518518519 0.49075520833333336 0.6481481481481481 0.49075520833333336 0.6453703703703704 0.491015625 0.6449074074074074 0.491015625 0.6421296296296296 0.48984375 0.6405092592592593 0.48854166666666665 0.6405092592592593 0.48828125 0.6400462962962963 0.4864583333333333 0.6400462962962963 0.485546875 0.6412037037037037 0.48528645833333334 0.6425925925925926 0.48528645833333334 0.6550925925925926 0.485546875 0.6555555555555556 0.485546875 0.6606481481481481 0.48606770833333335 0.663425925925926 0.48606770833333335 0.6689814814814815 0.48684895833333336 0.6694444444444444
11 0.5131510416666667 0.6763888888888889 0.5131510416666667 0.6703703703703704 0.512109375 0.6708333333333333 0.5126302083333333 0.6722222222222223 0.512890625 0.674074074074074 0.512890625 0.6763888888888889 0.5131510416666667 0.6763888888888889
11 0.5180989583333333 0.875 0.51875 0.8743055555555556 0.5205729166666667 0.8738425925925926 0.5216145833333333 0.8724537037037037 0.5266927083333334 0.8634259259259259 0.5276041666666667 0.8613425925925926 0.5278645833333333 0.8613425925925926 0.5298177083333333 0.8578703703703704 0.530078125 0.8560185185185185 0.5311197916666667 0.8523148148148149 0.5326822916666667 0.8486111111111111 0.533203125 0.8467592592592592 0.534375 0.8446759259259259 0.5359375 0.8428240740740741 0.537109375 0.8407407407407408 0.5384114583333334 0.837037037037037 0.5399739583333333 0.8337962962962963 0.5399739583333333 0.8333333333333334 0.5415364583333333 0.8305555555555556 0.5420572916666667 0.8291666666666667 0.542578125 0.825925925925926 0.5430989583333333 0.8240740740740741 0.5430989583333333 0.8212962962962963 0.542578125 0.8194444444444444 0.5423177083333334 0.8162037037037037 0.541796875 0.8138888888888889 0.5412760416666667 0.8097222222222222 0.540234375 0.8055555555555556 0.5397135416666666 0.8041666666666667 0.5391927083333333 0.8 0.5384114583333334 0.7958333333333333 0.5381510416666667 0.7925925925925926 0.5376302083333333 0.7902777777777777 0.5368489583333333 0.787962962962963 0.5368489583333333 0.7870370370370371 0.5358072916666666 0.7837962962962963 0.5358072916666666 0.7828703703703703 0.5342447916666667 0.7759259259259259 0.5337239583333333 0.7717592592592593 0.5326822916666667 0.7662037037037037 0.5319010416666666 0.762962962962963 0.5313802083333333 0.7592592592592593 0.530859375 0.7574074074074074 0.5303385416666667 0.7523148148148148 0.5298177083333333 0.75 0.5290364583333333 0.7481481481481481 0.5282552083333333 0.7453703703703703 0.5282552083333333 0.7444444444444445 0.526953125 0.7379629629629629 0.526953125 0.736574074074074 0.5259114583333333 0.7310185185185185 0.524609375 0.7268518518518519 0.5243489583333333 0.7245370370370371 0.523046875 0.7199074074074074 0.5225260416666667 0.7189814814814814 0.5220052083333333 0.7162037037037037 0.5212239583333333 0.7138888888888889 0.5208333333333334 0.7118055555555556 0.51953125 0.7113425925925926 0.519140625 0.7106481481481481 0.519140625 0.7055555555555556 0.5180989583333333 0.6990740740740741 0.5173177083333333 0.6967592592592593 0.5169270833333334 0.694675925925926 0.5165364583333333 0.6958333333333333 0.5162760416666666 0.6990740740740741 0.5157552083333333 0.700925925925926 0.5154947916666667 0.7032407407407407 0.5154947916666667 0.7055555555555556 0.5165364583333333 0.7097222222222223 0.5170572916666667 0.7106481481481481 0.516796875 0.7129629629629629 0.516015625 0.7148148148148148 0.5157552083333333 0.7171296296296297 0.5145833333333333 0.719212962962963 0.51328125 0.7201388888888889 0.5119791666666667 0.7206018518518519 0.5106770833333333 0.7206018518518519 0.5104166666666666 0.7210648148148148 0.5091145833333334 0.7210648148148148 0.5080729166666667 0.7215277777777778 0.5057291666666667 0.7233796296296297 0.5049479166666667 0.7247685185185185 0.5036458333333333 0.7252314814814815 0.5026041666666666 0.7261574074074074 0.5005208333333333 0.7261574074074074 0.49895833333333334 0.7252314814814815 0.4984375 0.7243055555555555 0.4973958333333333 0.7243055555555555 0.49609375 0.7261574074074074 0.494140625 0.7296296296296296 0.49309895833333334 0.7342592592592593 0.4928385416666667 0.7375 0.492578125 0.7379629629629629 0.492578125 0.7430555555555556 0.4928385416666667 0.7435185185185185 0.4928385416666667 0.7458333333333333 0.49518229166666666 0.7513888888888889 0.4967447916666667 0.7578703703703704 0.4967447916666667 0.7592592592592593 0.49752604166666664 0.7620370370370371 0.49752604166666664 0.762962962962963 0.498828125 0.7680555555555556 0.498828125 0.7699074074074074 0.4993489583333333 0.7726851851851851 0.4998697916666667 0.7791666666666667 0.5001302083333333 0.7796296296296297 0.5001302083333333 0.7819444444444444 0.5006510416666666 0.7842592592592592 0.5009114583333333 0.788425925925926 0.5014322916666667 0.7912037037037037 0.5024739583333333 0.7944444444444444 0.502734375 0.7967592592592593 0.5032552083333334 0.7981481481481482 0.5040364583333333 0.8023148148148148 0.5040364583333333 0.8037037037037037 0.5045572916666666 0.8064814814814815 0.505078125 0.8078703703703703 0.505078125 0.8092592592592592 0.505859375 0.8125 0.506640625 0.8175925925925925 0.5071614583333334 0.8194444444444444 0.5071614583333334 0.8208333333333333 0.508203125 0.825462962962963 0.5084635416666666 0.8287037037037037 0.508984375 0.8305555555555556 0.508984375 0.8319444444444445 0.5100260416666667 0.8356481481481481 0.5108072916666667 0.8402777777777778 0.5108072916666667 0.8416666666666667 0.511328125 0.8435185185185186 0.5118489583333333 0.8472222222222222 0.5123697916666666 0.8490740740740741 0.5123697916666666 0.850462962962963 0.5139322916666667 0.8578703703703704 0.5139322916666667 0.8592592592592593 0.5147135416666667 0.8643518518518518 0.515234375 0.8666666666666667 0.516015625 0.8689814814814815 0.516796875 0.8731481481481481 0.51796875 0.8752314814814814 0.5180989583333333 0.875
11 0.823828125 0.7393518518518518 0.82578125 0.7391203703703704 0.8283854166666667 0.7354166666666667 0.8307291666666666 0.7340277777777777 0.8309895833333333 0.7335648148148148 0.8328125 0.7331018518518518 0.8338541666666667 0.732175925925926 0.8346354166666666 0.732175925925926 0.8359375 0.73125 0.8369791666666667 0.73125 0.8385416666666666 0.7303240740740741 0.83984375 0.7289351851851852 0.8442708333333333 0.7261574074074074 0.8463541666666666 0.7243055555555555 0.8489583333333334 0.7243055555555555 0.8502604166666666 0.7233796296296297 0.85078125 0.7224537037037037 0.8526041666666667 0.7206018518518519 0.8533854166666667 0.7201388888888889 0.8583333333333333 0.7201388888888889 0.8606770833333334 0.71875 0.862109375 0.7162037037037037 0.8639322916666666 0.7106481481481481 0.8641927083333333 0.7078703703703704 0.8649739583333333 0.7055555555555556 0.865234375 0.7037037037037037 0.8641927083333333 0.6986111111111111 0.8635416666666667 0.6974537037037037 0.8625 0.6965277777777777 0.8604166666666667 0.6965277777777777 0.85859375 0.6979166666666666 0.8578125 0.6979166666666666 0.8565104166666667 0.6988425925925926 0.8559895833333333 0.6997685185185185 0.8536458333333333 0.7016203703703704 0.8520833333333333 0.7034722222222223 0.8510416666666667 0.705324074074074 0.8486979166666667 0.7076388888888889 0.846875 0.7085648148148148 0.8450520833333334 0.7099537037037037 0.8434895833333333 0.7118055555555556 0.84296875 0.7118055555555556 0.8408854166666667 0.7136574074074075 0.8395833333333333 0.7155092592592592 0.8369791666666667 0.7173611111111111 0.8361979166666667 0.718287037037037 0.8346354166666666 0.7210648148148148 0.8330729166666667 0.7224537037037037 0.8315104166666667 0.7229166666666667 0.83125 0.7233796296296297 0.8294270833333334 0.7238425925925925 0.827734375 0.7268518518518519 0.8274739583333334 0.7282407407407407 0.8268229166666666 0.7293981481481482 0.8244791666666667 0.73125 0.8233072916666667 0.7333333333333333 0.823046875 0.7356481481481482 0.821875 0.7377314814814815 0.8208333333333333 0.7381944444444445 0.82109375 0.7395833333333334 0.8236979166666667 0.7395833333333334 0.823828125 0.7393518518518518
11 0.818359375 0.7402777777777778 0.8169270833333333 0.7400462962962963 0.8169270833333333 0.7405092592592593 0.818359375 0.7402777777777778
11 0.8110677083333333 0.7472222222222222 0.8110677083333333 0.7472222222222222
11 0.5509114583333333 0.8912037037037037 0.5528645833333333 0.8909722222222223 0.5559895833333334 0.8886574074074074 0.5580729166666667 0.8881944444444444 0.5583333333333333 0.8877314814814815 0.5596354166666667 0.8877314814814815 0.5598958333333334 0.8872685185185185 0.5614583333333333 0.8868055555555555 0.5638020833333334 0.8844907407407407 0.5651041666666666 0.8835648148148149 0.5674479166666667 0.8826388888888889 0.56875 0.881712962962963 0.5700520833333333 0.881712962962963 0.5703125 0.88125 0.5716145833333334 0.88125 0.5760416666666667 0.8793981481481481 0.5791666666666667 0.8756944444444444 0.58203125 0.8743055555555556 0.5822916666666667 0.8738425925925926 0.5841145833333333 0.8733796296296297 0.58515625 0.8724537037037037 0.5864583333333333 0.8719907407407408 0.5880208333333333 0.8706018518518519 0.5908854166666667 0.8696759259259259 0.5911458333333334 0.8692129629629629 0.59453125 0.867824074074074 0.59609375 0.8659722222222223 0.5986979166666667 0.8650462962962963 0.6010416666666667 0.8636574074074074 0.6018229166666667 0.8636574074074074 0.6036458333333333 0.8627314814814815 0.6044270833333333 0.8618055555555556 0.60625 0.8608796296296296 0.6078125 0.8604166666666667 0.6098958333333333 0.8585648148148148 0.6104166666666667 0.8576388888888888 0.6119791666666666 0.85625 0.61484375 0.8553240740740741 0.61640625 0.8539351851851852 0.61875 0.8530092592592593 0.62109375 0.8516203703703704 0.6221354166666667 0.8516203703703704 0.6239583333333333 0.8502314814814815 0.62734375 0.8469907407407408 0.62890625 0.8460648148148148 0.6307291666666667 0.8456018518518519 0.6317708333333333 0.8446759259259259 0.6330729166666667 0.844212962962963 0.6346354166666667 0.8428240740740741 0.6354166666666666 0.8428240740740741 0.6364583333333333 0.8418981481481481 0.6372395833333333 0.8418981481481481 0.6385416666666667 0.8409722222222222 0.6408854166666667 0.8400462962962963 0.6442708333333333 0.8377314814814815 0.6466145833333333 0.8368055555555556 0.64765625 0.8358796296296296 0.6484375 0.8358796296296296 0.6494791666666667 0.8349537037037037 0.6526041666666667 0.8335648148148148 0.6536458333333334 0.8335648148148148 0.6552083333333333 0.8326388888888889 0.6572916666666667 0.830787037037037 0.6596354166666667 0.8298611111111112 0.6609375 0.8298611111111112 0.6611979166666667 0.8293981481481482 0.6627604166666666 0.8289351851851852 0.6635416666666667 0.8275462962962963 0.6651041666666667 0.8261574074074074 0.66640625 0.8256944444444444 0.66953125 0.8233796296296296 0.670703125 0.8212962962962963 0.671484375 0.8166666666666667 0.671484375 0.8097222222222222 0.6712239583333334 0.8092592592592592 0.6709635416666667 0.8055555555555556 0.6704427083333333 0.8041666666666667 0.6701822916666667 0.8023148148148148 0.6690104166666667 0.8002314814814815 0.6661458333333333 0.7979166666666667 0.6643229166666667 0.7979166666666667 0.6640625 0.7983796296296296 0.6622395833333333 0.7983796296296296 0.6611979166666667 0.7988425925925926 0.6604166666666667 0.7997685185185185 0.65859375 0.8006944444444445 0.6552083333333333 0.8039351851851851 0.6536458333333334 0.8048611111111111 0.6513020833333333 0.805324074074074 0.6510416666666666 0.805787037037037 0.6486979166666667 0.80625 0.6484375 0.8067129629629629 0.6471354166666666 0.8067129629629629 0.646875 0.8071759259259259 0.64296875 0.8071759259259259 0.6419270833333334 0.8076388888888889 0.6395833333333333 0.8104166666666667 0.63828125 0.8113425925925926 0.6375 0.8113425925925926 0.6364583333333333 0.8122685185185186 0.63359375 0.8131944444444444 0.63203125 0.8141203703703703 0.63125 0.8150462962962963 0.6299479166666667 0.8155092592592592 0.628125 0.8168981481481481 0.62578125 0.8178240740740741 0.6234375 0.819675925925926 0.62265625 0.819675925925926 0.6216145833333333 0.8206018518518519 0.6208333333333333 0.8206018518518519 0.6182291666666667 0.8224537037037037 0.6169270833333333 0.8229166666666666 0.6161458333333333 0.8238425925925926 0.6153645833333333 0.8238425925925926 0.6143229166666667 0.8247685185185185 0.6135416666666667 0.8247685185185185 0.6125 0.8256944444444444 0.61171875 0.8256944444444444 0.6075520833333333 0.8284722222222223 0.60546875 0.830324074074074 0.6041666666666666 0.830787037037037 0.6028645833333334 0.8317129629629629 0.6002604166666666 0.8340277777777778 0.59921875 0.8344907407407407 0.5979166666666667 0.8344907407407407 0.59765625 0.8349537037037037 0.5955729166666667 0.8349537037037037 0.5953125 0.8354166666666667 0.5940104166666667 0.8354166666666667 0.59375 0.8358796296296296 0.5903645833333333 0.8372685185185185 0.5893229166666667 0.8381944444444445 0.5885416666666666 0.8381944444444445 0.5861979166666667 0.8400462962962963 0.5856770833333333 0.8400462962962963 0.5841145833333333 0.8414351851851852 0.5833333333333334 0.8414351851851852 0.5807291666666666 0.843287037037037 0.5794270833333334 0.84375 0.578125 0.8446759259259259 0.5768229166666666 0.8460648148148148 0.5752604166666667 0.8469907407407408 0.5744791666666667 0.8469907407407408 0.5734375 0.8479166666666667 0.5716145833333334 0.8483796296296297 0.5713541666666667 0.8488425925925925 0.5692708333333333 0.8497685185185185 0.56796875 0.8506944444444444 0.565625 0.8530092592592593 0.5651041666666666 0.8530092592592593 0.56328125 0.8553240740740741 0.562109375 0.8574074074074074 0.562109375 0.8578703703703704 0.5609375 0.8599537037037037 0.5606770833333333 0.8599537037037037 0.559375 0.8622685185185185 0.55703125 0.8645833333333334 0.555078125 0.8689814814814815 0.5518229166666667 0.8747685185185186 0.5497395833333333 0.8770833333333333 0.5483072916666667 0.8796296296296297 0.548046875 0.8810185185185185 0.5467447916666667 0.8837962962962963 0.5462239583333334 0.8856481481481482 0.5462239583333334 0.8902777777777777 0.54609375 0.8914351851851852 0.55078125 0.8914351851851852 0.5509114583333333 0.8912037037037037
