11 0.6740885416666667 0.999537037037037 0.6739583333333333 0.9988425925925926 0.671875 0.9988425925925926 0.6716145833333333 0.9983796296296297 0.66875 0.9983796296296297 0.6684895833333333 0.9988425925925926 0.66328125 0.9988425925925926 0.6630208333333333 0.9983796296296297 0.6567708333333333 0.9983796296296297 0.6544270833333333 0.9974537037037037 0.6532552083333333 0.9958333333333333 0.6522135416666667 0.9912037037037037 0.6522135416666667 0.9856481481481482 0.6524739583333333 0.9837962962962963 0.6536458333333334 0.981712962962963 0.6541666666666667 0.98125 0.6559895833333333 0.9807870370370371 0.65625 0.9803240740740741 0.65859375 0.9789351851851852 0.6604166666666667 0.9789351851851852 0.6606770833333333 0.9784722222222222 0.6619791666666667 0.9784722222222222 0.66484375 0.9770833333333333 0.665625 0.9761574074074074 0.6666666666666666 0.9761574074074074 0.66796875 0.9752314814814815 0.6690104166666667 0.9752314814814815 0.6708333333333333 0.9738425925925925 0.6717447916666667 0.9722222222222222 0.672265625 0.9694444444444444 0.672265625 0.9671296296296297 0.6720052083333333 0.9666666666666667 0.6720052083333333 0.9634259259259259 0.6717447916666667 0.9629629629629629 0.6717447916666667 0.9606481481481481 0.671484375 0.9583333333333334 0.6709635416666667 0.9560185185185185 0.6709635416666667 0.9546296296296296 0.6704427083333333 0.9527777777777777 0.6704427083333333 0.9513888888888888 0.6694010416666667 0.9472222222222222 0.6678385416666667 0.9439814814814815 0.6670572916666667 0.9416666666666667 0.6662760416666667 0.9384259259259259 0.6657552083333333 0.9375 0.6649739583333333 0.9342592592592592 0.6647135416666666 0.9319444444444445 0.6647135416666666 0.9291666666666667 0.664453125 0.9287037037037037 0.664453125 0.9259259259259259 0.6649739583333333 0.9236111111111112 0.666015625 0.9208333333333333 0.6662760416666667 0.9194444444444444 0.667578125 0.9162037037037037 0.6696614583333333 0.9125 0.6701822916666667 0.9106481481481481 0.6701822916666667 0.9092592592592592 0.670703125 0.9069444444444444 0.670703125 0.9027777777777778 0.6709635416666667 0.9023148148148148 0.6709635416666667 0.899537037037037 0.671484375 0.8976851851851851 0.6731770833333334 0.8946759259259259 0.67421875 0.89375 0.6760416666666667 0.893287037037037 0.6763020833333333 0.892824074074074 0.6786458333333333 0.8923611111111112 0.6807291666666667 0.8909722222222223 0.68203125 0.8909722222222223 0.68359375 0.8900462962962963 0.6872395833333333 0.8891203703703704 0.6888020833333334 0.8881944444444444 0.6901041666666666 0.8881944444444444 0.6903645833333333 0.8877314814814815 0.6919270833333333 0.8877314814814815 0.6947916666666667 0.8863425925925926 0.69609375 0.8854166666666666 0.7 0.8840277777777777 0.7013020833333333 0.8831018518518519 0.70234375 0.8831018518518519 0.7046875 0.881712962962963 0.70703125 0.88125 0.7083333333333334 0.8803240740740741 0.709375 0.8803240740740741 0.7114583333333333 0.8789351851851852 0.7125 0.8789351851851852 0.7138020833333333 0.8780092592592592 0.7145833333333333 0.8780092592592592 0.715625 0.8770833333333333 0.7169270833333333 0.8770833333333333 0.7171875 0.8766203703703703 0.7192708333333333 0.8761574074074074 0.7203125 0.8752314814814814 0.721875 0.8752314814814814 0.7221354166666667 0.8747685185185186 0.72734375 0.8747685185185186 0.7283854166666667 0.8743055555555556 0.7298177083333334 0.8717592592592592 0.7303385416666667 0.8689814814814815 0.7303385416666667 0.8652777777777778 0.7311197916666666 0.862037037037037 0.7313802083333333 0.8583333333333333 0.7317708333333334 0.8576388888888888 0.7328125 0.857175925925926 0.73359375 0.8576388888888888 0.7359375 0.8576388888888888 0.7361979166666667 0.8581018518518518 0.7385416666666667 0.8581018518518518 0.73984375 0.8608796296296296 0.7411458333333333 0.8604166666666667 0.74375 0.8604166666666667 0.7447916666666666 0.8618055555555556 0.7471354166666667 0.8636574074074074 0.7502604166666667 0.8636574074074074 0.7505208333333333 0.8631944444444445 0.7526041666666666 0.8631944444444445 0.75390625 0.8622685185185185 0.7557291666666667 0.8618055555555556 0.7575520833333333 0.8604166666666667 0.7583333333333333 0.8604166666666667 0.759375 0.8594907407407407 0.7609375 0.8594907407407407 0.7611979166666667 0.8590277777777777 0.7627604166666667 0.8590277777777777 0.7658854166666667 0.857175925925926 0.7666666666666667 0.857175925925926 0.7677083333333333 0.85625 0.7690104166666667 0.85625 0.7692708333333333 0.8557870370370371 0.7705729166666667 0.8557870370370371 0.7708333333333334 0.8553240740740741 0.7721354166666666 0.8553240740740741 0.7734375 0.8548611111111111 0.7747395833333334 0.8539351851851852 0.7760416666666666 0.8539351851851852 0.7763020833333333 0.8534722222222222 0.7776041666666667 0.8534722222222222 0.7778645833333333 0.8530092592592593 0.7791666666666667 0.8530092592592593 0.7794270833333333 0.8525462962962963 0.7809895833333333 0.8520833333333333 0.7817708333333333 0.8511574074074074 0.7833333333333333 0.8502314814814815 0.7841145833333333 0.8502314814814815 0.7854166666666667 0.8493055555555555 0.7869791666666667 0.8493055555555555 0.7872395833333333 0.8488425925925925 0.7895833333333333 0.8488425925925925 0.78984375 0.8483796296296297 0.79375 0.8483796296296297 0.7950520833333333 0.8488425925925925 0.79609375 0.8502314814814815 0.7981770833333334 0.8520833333333333 0.80078125 0.8553240740740741 0.8026041666666667 0.8581018518518518 0.8041666666666667 0.8585648148148148 0.8044270833333333 0.8590277777777777 0.8059895833333334 0.8590277777777777 0.80625 0.8594907407407407 0.8104166666666667 0.8594907407407407 0.8114583333333333 0.8604166666666667 0.8122395833333333 0.8618055555555556 0.8135416666666667 0.8631944444444445 0.8143229166666667 0.8645833333333334 0.8151041666666666 0.8650462962962963 0.8166666666666667 0.8668981481481481 0.819140625 0.8712962962962963 0.8201822916666667 0.8740740740740741 0.821875 0.8770833333333333 0.8221354166666667 0.8770833333333333 0.8236979166666667 0.8798611111111111 0.8248697916666666 0.8814814814814815 0.8259114583333333 0.8837962962962963 0.826953125 0.8870370370370371 0.8287760416666666 0.8912037037037037 0.8302083333333333 0.89375 0.83046875 0.89375 0.8334635416666667 0.899074074074074 0.8334635416666667 0.899537037037037 0.8352864583333334 0.9027777777777778 0.8352864583333334 0.9032407407407408 0.8412760416666667 0.9138888888888889 0.8412760416666667 0.9143518518518519 0.8436197916666667 0.9185185185185185 0.8436197916666667 0.9189814814814815 0.8475260416666667 0.9259259259259259 0.848046875 0.9273148148148148 0.8485677083333333 0.9310185185185185 0.8494791666666667 0.9326388888888889 0.85078125 0.9335648148148148 0.8544270833333333 0.9335648148148148 0.8557291666666667 0.9326388888888889 0.8580729166666666 0.9321759259259259 0.8591145833333333 0.93125 0.8598958333333333 0.93125 0.8606770833333334 0.930324074074074 0.8627604166666667 0.9298611111111111 0.8643229166666667 0.9289351851851851 0.865625 0.9289351851851851 0.8669270833333333 0.9284722222222223 0.86796875 0.9275462962962963 0.8692708333333333 0.9270833333333334 0.8708333333333333 0.9270833333333334 0.8739583333333333 0.9252314814814815 0.8752604166666667 0.9247685185185185 0.8765625 0.9233796296296296 0.8783854166666667 0.9229166666666667 0.8786458333333333 0.9224537037037037 0.8799479166666667 0.9224537037037037 0.8802083333333334 0.9219907407407407 0.8825520833333333 0.9215277777777777 0.8838541666666667 0.9206018518518518 0.88515625 0.9201388888888888 0.88671875 0.9201388888888888 0.88828125 0.919212962962963 0.8901041666666667 0.91875 0.8911458333333333 0.9178240740740741 0.8947916666666667 0.9164351851851852 0.8971354166666666 0.9159722222222222 0.8981770833333333 0.9150462962962963 0.8989583333333333 0.9150462962962963 0.90078125 0.9136574074074074 0.9041666666666667 0.9127314814814815 0.9052083333333333 0.9118055555555555 0.9072916666666667 0.9113425925925925 0.90859375 0.9104166666666667 0.9096354166666667 0.9104166666666667 0.9109375 0.9094907407407408 0.9119791666666667 0.9094907407407408 0.9143229166666667 0.9081018518518519 0.9151041666666667 0.9081018518518519 0.91640625 0.9071759259259259 0.9177083333333333 0.906712962962963 0.9190104166666667 0.906712962962963 0.9203125 0.90625 0.921875 0.9048611111111111 0.9231770833333334 0.9043981481481481 0.92421875 0.9034722222222222 0.9255208333333333 0.9034722222222222 0.92578125 0.9030092592592592 0.9270833333333334 0.9030092592592592 0.9283854166666666 0.9025462962962963 0.93046875 0.9011574074074075 0.93125 0.9011574074074075 0.9322916666666666 0.9002314814814815 0.934375 0.8997685185185185 0.9354166666666667 0.8988425925925926 0.9361979166666666 0.8988425925925926 0.9369791666666667 0.8979166666666667 0.9377604166666667 0.8979166666666667 0.9385416666666667 0.8969907407407407 0.9401041666666666 0.8960648148148148 0.9411458333333333 0.8960648148148148 0.9427083333333334 0.8951388888888889 0.9473958333333333 0.892824074074074 0.9486979166666667 0.892824074074074 0.9502604166666667 0.8918981481481482 0.9520833333333333 0.8914351851851852 0.9533854166666667 0.8905092592592593 0.9546875 0.8905092592592593 0.9549479166666667 0.8900462962962963 0.9588541666666667 0.8900462962962963 0.9591145833333333 0.8905092592592593 0.9609375 0.8905092592592593 0.9611979166666667 0.8909722222222223 0.9627604166666667 0.8909722222222223 0.9630208333333333 0.8914351851851852 0.9674479166666666 0.893287037037037 0.9700520833333334 0.8956018518518518 0.9717447916666667 0.8981481481481481 0.9717447916666667 0.8986111111111111 0.9736979166666667 0.9020833333333333 0.9739583333333334 0.9020833333333333 0.9765625 0.906712962962963 0.9768229166666667 0.906712962962963 0.9783854166666667 0.9090277777777778 0.9799479166666667 0.9090277777777778 0.9802083333333333 0.9094907407407408 0.9822916666666667 0.9094907407407408 0.98359375 0.9090277777777778 0.9848958333333333 0.9081018518518519 0.98828125 0.9081018518518519 0.9885416666666667 0.9085648148148148 0.98984375 0.9085648148148148 0.990625 0.9090277777777778 0.9942708333333333 0.9127314814814815 0.9950520833333333 0.9131944444444444 0.9963541666666667 0.9150462962962963 0.99765625 0.9173611111111111 0.9981770833333333 0.9178240740740741 0.9997395833333333 0.9178240740740741
11 0.7397135416666667 0.8731481481481481 0.740234375 0.8717592592592592 0.740234375 0.8703703703703703 0.7395833333333334 0.868287037037037 0.7388020833333333 0.8692129629629629 0.7372395833333333 0.8696759259259259 0.7365885416666667 0.8703703703703703 0.7365885416666667 0.8722222222222222 0.7377604166666667 0.8729166666666667 0.7397135416666667 0.8731481481481481
11 0.7384114583333333 0.8981481481481481 0.7395833333333334 0.8974537037037037 0.741015625 0.8953703703703704 0.741796875 0.8930555555555556 0.7415364583333334 0.8912037037037037 0.7403645833333333 0.8895833333333333 0.7390625 0.8895833333333333 0.7380208333333333 0.8905092592592593 0.73671875 0.8909722222222223 0.7360677083333333 0.8921296296296296 0.7358072916666667 0.8939814814814815 0.7364583333333333 0.8983796296296296 0.7384114583333333 0.8981481481481481
11 0.5717447916666667 0.999537037037037 0.5716145833333334 0.9988425925925926 0.5692708333333333 0.9983796296296297 0.5690104166666666 0.9979166666666667 0.5671875 0.9979166666666667 0.5669270833333333 0.9983796296296297 0.565625 0.9983796296296297 0.5653645833333333 0.9988425925925926 0.5627604166666667 0.9988425925925926 0.5625 0.9983796296296297 0.5502604166666667 0.9983796296296297 0.55 0.9988425925925926 0.5484375 0.9988425925925926 0.5481770833333334 0.9983796296296297 0.5463541666666667 0.9983796296296297 0.54609375 0.9979166666666667 0.5369791666666667 0.9979166666666667 0.53671875 0.9983796296296297 0.5309895833333333 0.9983796296296297 0.5307291666666667 0.9979166666666667 0.5291666666666667 0.9979166666666667 0.52890625 0.9974537037037037 0.5270833333333333 0.9974537037037037 0.5268229166666667 0.9969907407407408 0.5252604166666667 0.9969907407407408 0.525 0.9965277777777778 0.5197916666666667 0.9965277777777778 0.51953125 0.9969907407407408 0.5177083333333333 0.9969907407407408 0.5174479166666667 0.9974537037037037 0.5161458333333333 0.9974537037037037 0.5158854166666667 0.9979166666666667 0.5145833333333333 0.9979166666666667 0.5143229166666666 0.9983796296296297 0.5119791666666667 0.9983796296296297 0.51171875 0.9988425925925926 0.5078125 0.9988425925925926 0.5075520833333333 0.9983796296296297 0.49973958333333335 0.9983796296296297 0.49947916666666664 0.9988425925925926 0.49453125 0.9988425925925926 0.49322916666666666 0.9983796296296297 0.49192708333333335 0.9974537037037037 0.491015625 0.9953703703703703 0.491015625 0.9925925925925926 0.49075520833333336 0.9921296296296296 0.49075520833333336 0.9884259259259259 0.49049479166666665 0.9861111111111112 0.48997395833333335 0.9842592592592593 0.48997395833333335 0.9782407407407407 0.490234375 0.9777777777777777 0.490234375 0.9740740740740741 0.49049479166666665 0.9736111111111111 0.49049479166666665 0.9708333333333333 0.49075520833333336 0.9694444444444444 0.49166666666666664 0.9678240740740741 0.49296875 0.9668981481481481 0.4942708333333333 0.9664351851851852 0.49557291666666664 0.9664351851851852 0.496875 0.9659722222222222 0.4981770833333333 0.9650462962962963 0.5 0.9645833333333333 0.5010416666666667 0.9636574074074075 0.5018229166666667 0.9636574074074075 0.5028645833333333 0.9627314814814815 0.5049479166666667 0.9622685185185185 0.50625 0.9613425925925926 0.5072916666666667 0.9613425925925926 0.50859375 0.9604166666666667 0.51171875 0.9594907407407407 0.5135416666666667 0.9581018518518518 0.5153645833333333 0.9581018518518518 0.515625 0.9576388888888889 0.5169270833333334 0.9576388888888889 0.5184895833333333 0.9567129629629629 0.5200520833333333 0.9567129629629629 0.5213541666666667 0.95625 0.5247395833333334 0.9539351851851852 0.528125 0.9530092592592593 0.5296875 0.9520833333333333 0.5309895833333333 0.9506944444444444 0.5330729166666667 0.9497685185185185 0.534375 0.9497685185185185 0.5377604166666666 0.9483796296296296 0.5380208333333333 0.9479166666666666 0.54140625 0.9465277777777777 0.5424479166666667 0.9465277777777777 0.54375 0.9456018518518519 0.5447916666666667 0.9456018518518519 0.54609375 0.944675925925926 0.5481770833333334 0.94375 0.55234375 0.94375 0.5541666666666667 0.9423611111111111 0.555078125 0.9402777777777778 0.5555989583333333 0.9384259259259259 0.555859375 0.9351851851851852 0.5569010416666667 0.9314814814814815 0.557421875 0.9305555555555556 0.5576822916666667 0.9287037037037037 0.5588541666666667 0.9256944444444445 0.5611979166666666 0.9238425925925926 0.5635416666666667 0.9233796296296296 0.5638020833333334 0.9229166666666667 0.5666666666666667 0.9229166666666667 0.5669270833333333 0.9233796296296296 0.5682291666666667 0.9233796296296296 0.5697916666666667 0.9252314814814815 0.5705729166666667 0.9256944444444445 0.5720052083333333 0.9277777777777778 0.5720052083333333 0.9287037037037037 0.573828125 0.9347222222222222 0.5740885416666667 0.937037037037037 0.5740885416666667 0.9393518518518519 0.5743489583333333 0.9398148148148148 0.5743489583333333 0.9425925925925925 0.5740885416666667 0.9449074074074074 0.5725260416666667 0.9481481481481482 0.5731770833333333 0.9483796296296296 0.5755208333333334 0.9483796296296296 0.5759114583333333 0.9472222222222222 0.5766927083333333 0.9425925925925925 0.5766927083333333 0.9337962962962963 0.576953125 0.9328703703703703 0.5783854166666667 0.93125 0.5794270833333334 0.930787037037037 0.5807291666666666 0.930787037037037 0.5809895833333333 0.93125 0.5830729166666667 0.93125 0.584375 0.9321759259259259 0.585546875 0.9342592592592592 0.5858072916666667 0.9351851851851852 0.5865885416666666 0.9407407407407408 0.58828125 0.9432870370370371 0.5916666666666667 0.9432870370370371 0.5919270833333333 0.94375 0.5953125 0.94375 0.59609375 0.944212962962963 0.59765625 0.9460648148148149 0.5993489583333333 0.9490740740740741 0.6001302083333333 0.950925925925926 0.6009114583333334 0.9546296296296296 0.6014322916666667 0.9560185185185185 0.6024739583333333 0.9625 0.602734375 0.9666666666666667 0.6037760416666667 0.9717592592592592 0.6053385416666667 0.9768518518518519 0.6055989583333333 0.9791666666666666 0.6063802083333333 0.9819444444444444 0.6063802083333333 0.9833333333333333 0.6069010416666667 0.9847222222222223 0.6079427083333333 0.9912037037037037 0.6079427083333333 0.9935185185185185 0.6084635416666667 0.9953703703703703 0.608203125 0.9967592592592592 0.6072916666666667 0.9979166666666667 0.60625 0.9983796296296297 0.6044270833333333 0.9983796296296297 0.6041666666666666 0.9988425925925926 0.6010416666666667 0.9988425925925926 0.6009114583333334 0.999537037037037
11 0.566796875 0.9453703703703704 0.5682291666666667 0.9451388888888889 0.5688802083333333 0.9439814814814815 0.569140625 0.9425925925925925 0.569140625 0.9361111111111111 0.5688802083333333 0.9347222222222222 0.56796875 0.9335648148148148 0.5669270833333333 0.9331018518518519 0.565625 0.9331018518518519 0.5643229166666667 0.9326388888888889 0.5630208333333333 0.9335648148148148 0.562109375 0.9356481481481481 0.562109375 0.9407407407407408 0.562890625 0.9439814814814815 0.5645833333333333 0.9456018518518519 0.566796875 0.9453703703703704
11 0.4703125 0.9974537037037037 0.46979166666666666 0.9969907407407408 0.4674479166666667 0.9969907407407408 0.4671875 0.9965277777777778 0.4627604166666667 0.9965277777777778 0.4625 0.9960648148148148 0.46067708333333335 0.9956018518518519 0.459765625 0.9930555555555556 0.458984375 0.9902777777777778 0.45924479166666665 0.9888888888888889 0.4602864583333333 0.987037037037037 0.461328125 0.9837962962962963 0.4625 0.982175925925926 0.46484375 0.982175925925926 0.46588541666666666 0.9831018518518518 0.4669270833333333 0.9831018518518518 0.468359375 0.9800925925925926 0.4694010416666667 0.975 0.4694010416666667 0.9689814814814814 0.4703125 0.9668981481481481 0.47161458333333334 0.9655092592592592 0.47291666666666665 0.9645833333333333 0.4739583333333333 0.9622685185185185 0.4747395833333333 0.9618055555555556 0.47604166666666664 0.9622685185185185 0.47890625 0.9622685185185185 0.47994791666666664 0.9631944444444445 0.4817708333333333 0.9636574074074075 0.48333333333333334 0.9664351851851852 0.4859375 0.968287037037037 0.48684895833333336 0.9699074074074074 0.4859375 0.9715277777777778 0.4828125 0.9733796296296297 0.4817708333333333 0.9733796296296297 0.48046875 0.9724537037037037 0.4791666666666667 0.9719907407407408 0.4778645833333333 0.9724537037037037 0.47682291666666665 0.9738425925925925 0.47604166666666664 0.9743055555555555 0.47513020833333336 0.9763888888888889 0.47565104166666666 0.9796296296296296 0.4778645833333333 0.9831018518518518 0.4791666666666667 0.9831018518518518 0.47994791666666664 0.982175925925926 0.48125 0.981712962962963 0.4830729166666667 0.9793981481481482 0.48515625 0.9780092592592593 0.48671875 0.9780092592592593 0.48776041666666664 0.9789351851851852 0.4889322916666667 0.9814814814814815 0.4889322916666667 0.9833333333333333 0.487890625 0.9861111111111112 0.48658854166666665 0.9884259259259259 0.48684895833333336 0.9902777777777778 0.4876302083333333 0.9930555555555556 0.487890625 0.9953703703703703 0.48671875 0.9965277777777778 0.48359375 0.9965277777777778 0.48333333333333334 0.9960648148148148 0.4796875 0.9960648148148148 0.47942708333333334 0.9965277777777778 0.47291666666666665 0.9965277777777778 0.47265625 0.9969907407407408 0.4705729166666667 0.9969907407407408 0.4703125 0.9974537037037037
11 0.5600260416666667 0.9689814814814814 0.5610677083333333 0.9680555555555556 0.5610677083333333 0.9671296296296297 0.5598958333333334 0.9655092592592592 0.5592447916666666 0.9675925925925926 0.5600260416666667 0.9689814814814814
11 0.9997395833333333 0.9979166666666667 0.9208333333333333 0.9979166666666667 0.9205729166666666 0.9974537037037037 0.91484375 0.9974537037037037 0.9145833333333333 0.9979166666666667 0.90703125 0.9979166666666667 0.9067708333333333 0.9974537037037037 0.8838541666666667 0.9974537037037037 0.88359375 0.9979166666666667 0.8307291666666666 0.9979166666666667 0.83046875 0.9983796296296297 0.82890625 0.9983796296296297 0.8286458333333333 0.9979166666666667 0.82578125 0.9979166666666667 0.8255208333333334 0.9983796296296297 0.803125 0.9983796296296297 0.8028645833333333 0.9979166666666667 0.7963541666666667 0.9979166666666667 0.79609375 0.9983796296296297 0.78671875 0.9983796296296297 0.7864583333333334 0.9988425925925926 0.7817708333333333 0.9988425925925926 0.7815104166666667 0.9983796296296297 0.7690104166666667 0.9983796296296297 0.76875 0.9979166666666667 0.7666666666666667 0.9979166666666667 0.76640625 0.9983796296296297 0.7638020833333333 0.9983796296296297 0.7635416666666667 0.9988425925925926 0.7611979166666667 0.9988425925925926 0.7610677083333334 0.999537037037037
11 0.594140625 0.999537037037037 0.5940104166666667 0.9988425925925926 0.5919270833333333 0.9988425925925926 0.5916666666666667 0.9983796296296297 0.5890625 0.9983796296296297 0.5888020833333333 0.9979166666666667 0.5872395833333334 0.9979166666666667 0.5869791666666667 0.9983796296296297 0.5848958333333333 0.9983796296296297 0.5846354166666666 0.9988425925925926 0.5825520833333333 0.9988425925925926 0.582421875 0.999537037037037
11 0.5772135416666667 0.999537037037037 0.5770833333333333 0.9988425925925926 0.5736979166666667 0.9988425925925926 0.5735677083333334 0.999537037037037
11 0.757421875 0.999537037037037 0.7572916666666667 0.9988425925925926 0.75234375 0.9988425925925926 0.7522135416666667 0.999537037037037
