11 0.9997395833333333 0.606712962962963 0.9984375 0.606712962962963 0.9981770833333333 0.607175925925926 0.996875 0.607175925925926 0.9966145833333333 0.6076388888888888 0.9947916666666666 0.6081018518518518 0.99453125 0.6085648148148148 0.9924479166666667 0.6085648148148148 0.9921875 0.6090277777777777 0.9903645833333333 0.6090277777777777 0.9901041666666667 0.6094907407407407 0.9885416666666667 0.6094907407407407 0.98828125 0.6099537037037037 0.9869791666666666 0.6099537037037037 0.98671875 0.6104166666666667 0.9854166666666667 0.6104166666666667 0.98515625 0.6108796296296296 0.98203125 0.6118055555555556 0.98046875 0.6127314814814815 0.9796875 0.6136574074074074 0.978125 0.6145833333333334 0.97734375 0.6145833333333334 0.9763020833333333 0.6155092592592593 0.975 0.6155092592592593 0.9734375 0.6164351851851851 0.9721354166666667 0.6164351851851851 0.971875 0.6168981481481481 0.9705729166666667 0.6168981481481481 0.9703125 0.6173611111111111 0.9684895833333333 0.6173611111111111 0.9640625 0.6192129629629629 0.9625 0.6206018518518519 0.9578125 0.6224537037037037 0.9557291666666666 0.6224537037037037 0.95546875 0.6229166666666667 0.9533854166666667 0.6229166666666667 0.9518229166666666 0.6238425925925926 0.9505208333333334 0.6238425925925926 0.9502604166666667 0.6243055555555556 0.9479166666666666 0.6243055555555556 0.94765625 0.6247685185185186 0.9463541666666667 0.6247685185185186 0.9450520833333333 0.6256944444444444 0.94375 0.6261574074074074 0.94296875 0.6270833333333333 0.9411458333333333 0.6275462962962963 0.9388020833333334 0.6284722222222222 0.9377604166666667 0.6293981481481481 0.93671875 0.6293981481481481 0.9354166666666667 0.6303240740740741 0.9338541666666667 0.6303240740740741 0.93359375 0.6307870370370371 0.93203125 0.6307870370370371 0.9317708333333333 0.63125 0.93046875 0.63125 0.9283854166666666 0.6326388888888889 0.9276041666666667 0.6326388888888889 0.925 0.6344907407407407 0.9231770833333334 0.6344907407407407 0.9229166666666667 0.6349537037037037 0.9213541666666667 0.6349537037037037 0.92109375 0.6354166666666666 0.9197916666666667 0.6354166666666666 0.91953125 0.6358796296296296 0.9182291666666667 0.6358796296296296 0.91796875 0.6363425925925926 0.9158854166666667 0.6363425925925926 0.915625 0.6368055555555555 0.9140625 0.6368055555555555 0.9125 0.6377314814814815 0.909375 0.6377314814814815 0.9091145833333333 0.6381944444444444 0.90703125 0.6381944444444444 0.9059895833333333 0.6386574074074074 0.9041666666666667 0.6400462962962963 0.9036458333333334 0.6409722222222223 0.9015625 0.6418981481481482 0.9005208333333333 0.6418981481481482 0.89921875 0.642824074074074 0.8973958333333333 0.643287037037037 0.8940104166666667 0.6446759259259259 0.8927083333333333 0.6456018518518518 0.890625 0.6456018518518518 0.8903645833333333 0.6460648148148148 0.8888020833333333 0.6460648148148148 0.8869791666666667 0.6474537037037037 0.8864583333333333 0.6483796296296296 0.8846354166666667 0.6488425925925926 0.8830729166666667 0.6497685185185185 0.8817708333333333 0.6497685185185185 0.8815104166666666 0.6502314814814815 0.8799479166666667 0.6502314814814815 0.8796875 0.6506944444444445 0.8778645833333333 0.6506944444444445 0.8776041666666666 0.6511574074074075 0.8755208333333333 0.6502314814814815 0.872265625 0.6444444444444445 0.871484375 0.6421296296296296 0.8709635416666667 0.6370370370370371 0.8704427083333334 0.6347222222222222 0.8694010416666667 0.6324074074074074 0.869140625 0.6310185185185185 0.868359375 0.6296296296296297 0.8680989583333333 0.6282407407407408 0.867578125 0.6231481481481481 0.86640625 0.6210648148148148 0.8645833333333334 0.6206018518518519 0.8635416666666667 0.6215277777777778 0.8625 0.6215277777777778 0.8606770833333334 0.6229166666666667 0.8588541666666667 0.6252314814814814 0.85703125 0.6266203703703703 0.8481770833333333 0.6344907407407407 0.8466145833333333 0.6363425925925926 0.84609375 0.6363425925925926 0.8432291666666667 0.6391203703703704 0.8424479166666666 0.6395833333333333 0.8401041666666667 0.6418981481481482 0.8395833333333333 0.642824074074074 0.8380208333333333 0.6442129629629629 0.8375 0.6442129629629629 0.8333333333333334 0.6488425925925926 0.8328125 0.6488425925925926 0.8315104166666667 0.6502314814814815 0.8286458333333333 0.6520833333333333 0.828125 0.6530092592592592 0.8263020833333333 0.6548611111111111 0.8255208333333334 0.65625 0.8236979166666667 0.6576388888888889 0.8200520833333333 0.6608796296296297 0.81875 0.6627314814814815 0.8171875 0.6641203703703704 0.8166666666666667 0.6641203703703704 0.8138020833333334 0.6664351851851852 0.8126302083333333 0.6685185185185185 0.8118489583333334 0.6708333333333333 0.8109375 0.6724537037037037 0.8096354166666667 0.6738425925925926 0.8078125 0.6747685185185185 0.8065104166666667 0.6761574074074074 0.8052083333333333 0.6766203703703704 0.8044270833333333 0.6775462962962963 0.8026041666666667 0.6784722222222223 0.8013020833333333 0.6784722222222223 0.8010416666666667 0.6789351851851851 0.7994791666666666 0.6789351851851851 0.79921875 0.6793981481481481 0.796875 0.6798611111111111 0.7958333333333333 0.680787037037037 0.79453125 0.68125 0.7924479166666667 0.68125 0.7921875 0.6817129629629629 0.7901041666666667 0.6817129629629629 0.78984375 0.6821759259259259 0.7885416666666667 0.6821759259259259 0.7872395833333333 0.6831018518518519 0.7859375 0.6835648148148148 0.7846354166666667 0.6835648148148148 0.7833333333333333 0.6844907407407408 0.78203125 0.6844907407407408 0.7807291666666667 0.6849537037037037 0.7786458333333334 0.6863425925925926 0.77734375 0.6868055555555556 0.7760416666666666 0.6868055555555556 0.77578125 0.6872685185185186 0.7729166666666667 0.6872685185185186 0.77265625 0.6877314814814814 0.7708333333333334 0.6877314814814814 0.7692708333333333 0.6886574074074074 0.76796875 0.6886574074074074 0.7677083333333333 0.6891203703703703 0.7653645833333333 0.6891203703703703 0.7640625 0.6895833333333333 0.76171875 0.6909722222222222 0.7598958333333333 0.6914351851851852 0.7596354166666667 0.6918981481481481 0.7580729166666667 0.6918981481481481 0.7578125 0.6923611111111111 0.7565104166666666 0.6923611111111111 0.75625 0.6928240740740741 0.7544270833333333 0.6928240740740741 0.7541666666666667 0.6932870370370371 0.75234375 0.6932870370370371 0.7510416666666667 0.694212962962963 0.7494791666666667 0.694675925925926 0.7471354166666667 0.6969907407407407 0.7463541666666667 0.6969907407407407 0.7453125 0.6979166666666666 0.74453125 0.6979166666666666 0.7432291666666667 0.6988425925925926 0.7421875 0.6988425925925926 0.740625 0.6997685185185185 0.7393229166666667 0.6997685185185185 0.7390625 0.7002314814814815 0.7375 0.7002314814814815 0.7372395833333333 0.7006944444444444 0.7359375 0.7006944444444444 0.7346354166666667 0.7011574074074074 0.7333333333333333 0.7020833333333333 0.73203125 0.7025462962962963 0.7307291666666667 0.7025462962962963 0.73046875 0.7030092592592593 0.728125 0.7034722222222223 0.7278645833333334 0.7039351851851852 0.7255208333333333 0.7043981481481482 0.72421875 0.705324074074074 0.7229166666666667 0.705324074074074 0.72265625 0.705787037037037 0.72109375 0.705787037037037 0.7208333333333333 0.70625 0.71953125 0.70625 0.71640625 0.7081018518518518 0.7143229166666667 0.7081018518518518 0.7140625 0.7085648148148148 0.7119791666666667 0.7085648148148148 0.71171875 0.7090277777777778 0.7104166666666667 0.7090277777777778 0.7091145833333333 0.7099537037037037 0.7067708333333333 0.7104166666666667 0.7052083333333333 0.7113425925925926 0.70390625 0.7113425925925926 0.7028645833333333 0.7122685185185185 0.7020833333333333 0.7122685185185185 0.7010416666666667 0.7131944444444445 0.6989583333333333 0.7136574074074075 0.6973958333333333 0.7145833333333333 0.69609375 0.7145833333333333 0.6958333333333333 0.7150462962962963 0.69453125 0.7150462962962963 0.69296875 0.7159722222222222 0.6916666666666667 0.7159722222222222 0.69140625 0.7164351851851852 0.6901041666666666 0.7164351851851852 0.68984375 0.7168981481481481 0.68671875 0.7178240740740741 0.684375 0.719212962962963 0.6830729166666667 0.719212962962963 0.6828125 0.7196759259259259 0.6809895833333334 0.7196759259259259 0.6807291666666667 0.7201388888888889 0.6794270833333333 0.7201388888888889 0.6791666666666667 0.7206018518518519 0.6776041666666667 0.7206018518518519 0.67734375 0.7210648148148148 0.67578125 0.7210648148148148 0.6755208333333333 0.7215277777777778 0.6736979166666667 0.7215277777777778 0.6734375 0.7219907407407408 0.67109375 0.7219907407407408 0.6669270833333333 0.7238425925925925 0.6661458333333333 0.7247685185185185 0.6653645833333334 0.7247685185185185 0.6627604166666666 0.7266203703703704 0.66171875 0.7270833333333333 0.6604166666666667 0.7270833333333333 0.66015625 0.7275462962962963 0.6588541666666666 0.7275462962962963 0.65859375 0.7280092592592593 0.6572916666666667 0.7280092592592593 0.65703125 0.7284722222222222 0.6557291666666667 0.7284722222222222 0.6544270833333333 0.7293981481481482 0.6505208333333333 0.7307870370370371 0.6494791666666667 0.7307870370370371 0.6481770833333333 0.731712962962963 0.6455729166666667 0.7326388888888888 0.6442708333333333 0.7326388888888888 0.6440104166666667 0.7331018518518518 0.6427083333333333 0.7331018518518518 0.6424479166666667 0.7335648148148148 0.6411458333333333 0.7335648148148148 0.63828125 0.7349537037037037 0.6369791666666667 0.7349537037037037 0.63671875 0.7354166666666667 0.63515625 0.7354166666666667 0.63359375 0.7363425925925926 0.6325520833333333 0.7363425925925926 0.6309895833333333 0.7372685185185185 0.6268229166666667 0.7372685185185185 0.6255208333333333 0.7386574074074074 0.62421875 0.7391203703703704 0.6234375 0.7400462962962963 0.6197916666666666 0.7414351851851851 0.61796875 0.7414351851851851 0.6177083333333333 0.7418981481481481 0.615625 0.7418981481481481 0.6153645833333333 0.7423611111111111 0.6140625 0.7423611111111111 0.6138020833333333 0.7418981481481481 0.6114583333333333 0.7418981481481481 0.6100260416666666 0.7398148148148148 0.6092447916666667 0.7361111111111112 0.6084635416666667 0.7296296296296296 0.608203125 0.7291666666666666 0.6079427083333333 0.725462962962963 0.6071614583333333 0.7226851851851852 0.6061197916666666 0.7175925925925926 0.605859375 0.7143518518518519 0.6053385416666667 0.7125 0.6045572916666667 0.7064814814814815 0.6040364583333333 0.7050925925925926 0.602734375 0.6976851851851852 0.6024739583333333 0.6944444444444444 0.601953125 0.6925925925925925 0.601953125 0.6912037037037037 0.6014322916666667 0.6893518518518519 0.6014322916666667 0.6875 0.6009114583333334 0.6851851851851852 0.600390625 0.6796296296296296 0.5998697916666667 0.6782407407407407 0.5998697916666667 0.6768518518518518 0.5993489583333333 0.675 0.5990885416666667 0.6726851851851852 0.5985677083333333 0.6708333333333333 0.5983072916666666 0.6675925925925926 0.5977864583333333 0.6657407407407407 0.5975260416666667 0.6625 0.5970052083333334 0.6606481481481481 0.5970052083333334 0.6592592592592592 0.5959635416666667 0.6541666666666667 0.5951822916666667 0.6518518518518519 0.5944010416666666 0.6472222222222223 0.5944010416666666 0.6453703703703704 0.5938802083333333 0.6425925925925926 0.5936197916666667 0.6388888888888888 0.592578125 0.6342592592592593 0.592578125 0.6324074074074074 0.5920572916666667 0.6305555555555555 0.591796875 0.6273148148148148 0.5912760416666667 0.6259259259259259 0.5907552083333333 0.6222222222222222 0.590234375 0.6203703703703703 0.5899739583333333 0.6171296296296296 0.589453125 0.6148148148148148 0.589453125 0.6134259259259259 0.5889322916666667 0.611574074074074 0.5889322916666667 0.6101851851851852 0.5881510416666667 0.6074074074074074 0.587890625 0.6050925925925926 0.587109375 0.6027777777777777 0.5868489583333333 0.5995370370370371 0.585546875 0.5930555555555556 0.5852864583333334 0.5907407407407408 0.5852864583333334 0.5884259259259259 0.5850260416666667 0.5879629629629629 0.5850260416666667 0.5847222222222223 0.584765625 0.5842592592592593 0.584765625 0.5819444444444445 0.5842447916666667 0.5800925925925926 0.5842447916666667 0.5773148148148148 0.583984375 0.5768518518518518 0.583984375 0.5736111111111111 0.5834635416666667 0.5712962962962963 0.5834635416666667 0.5699074074074074 0.5826822916666666 0.5662037037037037 0.5826822916666666 0.5634259259259259 0.582421875 0.562962962962963 0.582421875 0.5601851851851852 0.581640625 0.5569444444444445 0.5807291666666666 0.555787037037037 0.579296875 0.5523148148148148 0.5790364583333333 0.5504629629629629 0.5790364583333333 0.5481481481481482 0.5787760416666666 0.5476851851851852 0.5787760416666666 0.5453703703703704 0.578515625 0.5449074074074074 0.5782552083333333 0.5412037037037037 0.5774739583333334 0.5375 0.5774739583333334 0.5333333333333333 0.5772135416666667 0.5310185185185186 0.575390625 0.5268518518518519 0.5748697916666666 0.524537037037037 0.574609375 0.5222222222222223 0.574609375 0.5199074074074074 0.5740885416666667 0.5171296296296296 0.5735677083333334 0.5125 0.5725260416666667 0.5087962962962963 0.5712239583333333 0.49907407407407406 0.5704427083333333 0.49537037037037035 0.5701822916666667 0.4930555555555556 0.5701822916666667 0.49074074074074076 0.569921875 0.49027777777777776 0.5694010416666667 0.48564814814814816 0.5686197916666667 0.48333333333333334 0.568359375 0.4810185185185185 0.5678385416666667 0.47962962962962963 0.567578125 0.4773148148148148 0.5670572916666666 0.475 0.566796875 0.4708333333333333 0.5662760416666667 0.4689814814814815 0.5657552083333334 0.4634259259259259 0.5647135416666667 0.4601851851851852 0.564453125 0.45740740740740743 0.563671875 0.4546296296296296 0.563671875 0.45231481481481484 0.5631510416666666 0.449537037037037 0.5631510416666666 0.44722222222222224 0.562890625 0.4449074074074074 0.562109375 0.44212962962962965 0.562109375 0.4412037037037037 0.5608072916666667 0.43703703703703706 0.560546875 0.43472222222222223 0.5595052083333333 0.4300925925925926 0.5587239583333333 0.42453703703703705 0.5587239583333333 0.42268518518518516 0.558203125 0.42083333333333334 0.5576822916666667 0.4166666666666667 0.556640625 0.4111111111111111 0.555859375 0.4083333333333333 0.555859375 0.4064814814814815 0.5553385416666666 0.4027777777777778 0.5545572916666667 0.3990740740740741 0.5545572916666667 0.39675925925925926 0.554296875 0.3962962962962963 0.554296875 0.3939814814814815 0.5540364583333334 0.39351851851851855 0.553515625 0.38842592592592595 0.5529947916666667 0.387037037037037 0.552734375 0.38472222222222224 0.551953125 0.3819444444444444 0.551953125 0.3800925925925926 0.5514322916666666 0.37777777777777777 0.551171875 0.3736111111111111 0.5506510416666667 0.37175925925925923 0.550390625 0.3675925925925926 0.5490885416666667 0.36203703703703705 0.548828125 0.3587962962962963 0.548046875 0.35555555555555557 0.548046875 0.35324074074074074 0.5477864583333333 0.3527777777777778 0.5477864583333333 0.35 0.5475260416666666 0.34953703703703703 0.5475260416666666 0.34675925925925927 0.5470052083333333 0.3425925925925926 0.546484375 0.34074074074074073 0.546484375 0.33935185185185185 0.545703125 0.3365740740740741 0.545703125 0.3296296296296296 0.546875 0.32708333333333334 0.5481770833333334 0.32569444444444445 0.54921875 0.32523148148148145 0.5510416666666667 0.32523148148148145 0.5533854166666666 0.32430555555555557 0.5544270833333333 0.32337962962962963 0.5557291666666667 0.32337962962962963 0.5559895833333334 0.3229166666666667 0.5583333333333333 0.3224537037037037 0.5596354166666667 0.3215277777777778 0.5611979166666666 0.3215277777777778 0.5625 0.3224537037037037 0.5634114583333333 0.32407407407407407 0.563671875 0.3263888888888889 0.563671875 0.32916666666666666 0.5640625 0.32939814814814816 0.5647135416666667 0.3282407407407407 0.5649739583333333 0.3263888888888889 0.5649739583333333 0.32314814814814813 0.5657552083333334 0.32083333333333336 0.5665364583333333 0.3175925925925926 0.5665364583333333 0.3162037037037037 0.5670572916666666 0.3138888888888889 0.5670572916666666 0.3111111111111111 0.5673177083333333 0.3106481481481482 0.5673177083333333 0.3050925925925926 0.5670572916666666 0.30462962962962964 0.5670572916666666 0.29444444444444445 0.5665364583333333 0.2916666666666667 0.566015625 0.2902777777777778 0.5657552083333334 0.287962962962963 0.565234375 0.2861111111111111 0.565234375 0.2847222222222222 0.5641927083333333 0.2800925925925926 0.5641927083333333 0.2791666666666667 0.562890625 0.2740740740740741 0.5626302083333333 0.2708333333333333 0.5618489583333334 0.2657407407407407 0.5618489583333334 0.26296296296296295 0.5615885416666667 0.2625 0.5615885416666667 0.2587962962962963 0.5618489583333334 0.25833333333333336 0.5623697916666667 0.2537037037037037 0.5634114583333333 0.25046296296296294 0.56484375 0.24791666666666667 0.5677083333333334 0.24513888888888888 0.5694010416666667 0.24212962962962964 0.569921875 0.24074074074074073 0.5704427083333333 0.23703703703703705 0.571484375 0.2324074074074074 0.571484375 0.2310185185185185 0.5720052083333333 0.22962962962962963 0.572265625 0.22777777777777777 0.5731770833333333 0.22615740740740742 0.5747395833333333 0.22523148148148148 0.5755208333333334 0.22430555555555556 0.5786458333333333 0.22337962962962962 0.58046875 0.22199074074074074 0.5815104166666667 0.22152777777777777 0.5828125 0.22152777777777777 0.5830729166666667 0.22106481481481483 0.5901041666666667 0.22106481481481483 0.5903645833333333 0.22060185185185185 0.5921875 0.22060185185185185 0.596875 0.21689814814814815 0.5986979166666667 0.21643518518518517 0.6 0.21550925925925926 0.6013020833333333 0.2150462962962963 0.6026041666666667 0.2150462962962963 0.6057291666666667 0.2136574074074074 0.6067708333333334 0.2127314814814815 0.6091145833333333 0.21180555555555555 0.6122395833333333 0.21087962962962964 0.61328125 0.2099537037037037 0.6151041666666667 0.20949074074074073 0.6153645833333333 0.20902777777777778 0.6177083333333333 0.20856481481481481 0.6205729166666667 0.20717592592592593 0.621875 0.20717592592592593 0.6234375 0.20625 0.6252604166666667 0.20625 0.6255208333333333 0.20578703703703705 0.6268229166666667 0.20578703703703705 0.6278645833333333 0.20532407407407408 0.63046875 0.20347222222222222 0.6315104166666666 0.20347222222222222 0.6348958333333333 0.20162037037037037 0.6364583333333333 0.20162037037037037 0.63671875 0.2011574074074074 0.63828125 0.2011574074074074 0.6385416666666667 0.20069444444444445 0.6432291666666666 0.20069444444444445 0.6455729166666667 0.19837962962962963 0.64765625 0.19791666666666666 0.6479166666666667 0.19745370370370371 0.6505208333333333 0.19652777777777777 0.65234375 0.19652777777777777 0.6526041666666667 0.1960648148148148 0.65390625 0.1960648148148148 0.6567708333333333 0.19375 0.6583333333333333 0.19328703703703703 0.65859375 0.19282407407407406 0.66015625 0.19282407407407406 0.6604166666666667 0.19236111111111112 0.66171875 0.19236111111111112 0.66640625 0.19050925925925927 0.6677083333333333 0.18958333333333333 0.6690104166666667 0.18912037037037038 0.6703125 0.18912037037037038 0.6705729166666666 0.1886574074074074 0.67265625 0.1886574074074074 0.6729166666666667 0.18819444444444444 0.67421875 0.18819444444444444 0.6770833333333334 0.18680555555555556 0.6786458333333333 0.18680555555555556 0.67890625 0.1863425925925926 0.6809895833333334 0.1863425925925926 0.68125 0.18587962962962962 0.6825520833333333 0.18587962962962962 0.6846354166666667 0.18449074074074073 0.6859375 0.18449074074074073 0.6873697916666667 0.18703703703703703 0.6884114583333333 0.1912037037037037 0.688671875 0.1935185185185185 0.688671875 0.19583333333333333 0.68984375 0.19930555555555557 0.690234375 0.19675925925925927 0.6924479166666667 0.19282407407407406 0.6940104166666666 0.19282407407407406 0.6950520833333333 0.19375 0.696875 0.19652777777777777 0.69765625 0.19699074074074074 0.6984375 0.19652777777777777 0.7013020833333333 0.19652777777777777 0.7022135416666667 0.1986111111111111 0.7016927083333333 0.2013888888888889 0.6998697916666666 0.20462962962962963 0.6998697916666666 0.2050925925925926 0.6979166666666666 0.20856481481481481 0.6967447916666667 0.2101851851851852 0.6970052083333333 0.2125 0.6984375 0.2136574074074074 0.6998697916666666 0.2162037037037037 0.7002604166666667 0.2178240740740741 0.7018229166666666 0.2178240740740741 0.7022135416666667 0.21712962962962962 0.702734375 0.21481481481481482 0.7044270833333334 0.21180555555555555 0.70546875 0.21180555555555555 0.7067708333333333 0.21412037037037038 0.7080729166666667 0.21597222222222223 0.7091145833333333 0.21597222222222223 0.709765625 0.21481481481481482 0.7102864583333334 0.21157407407407408 0.7111979166666667 0.2099537037037037 0.7125 0.20902777777777778 0.7138020833333333 0.20856481481481481 0.715625 0.20856481481481481 0.7177083333333333 0.2076388888888889 0.7190104166666667 0.20625 0.7201822916666667 0.2037037037037037 0.720703125 0.19953703703703704 0.7212239583333333 0.19814814814814816 0.7220052083333334 0.19490740740740742 0.7220052083333334 0.19305555555555556 0.7225260416666667 0.19027777777777777 0.723828125 0.18796296296296297 0.723828125 0.1875 0.725 0.1863425925925926 0.7252604166666666 0.18680555555555556 0.72890625 0.18680555555555556 0.7315104166666667 0.1849537037037037 0.7328125 0.1849537037037037 0.7338541666666667 0.18587962962962962 0.7359375 0.1863425925925926 0.7375 0.18819444444444444 0.738671875 0.19027777777777777 0.7391927083333333 0.19166666666666668 0.7399739583333333 0.19490740740740742 0.7407552083333333 0.1962962962962963 0.7415364583333334 0.19907407407407407 0.741796875 0.2013888888888889 0.7428385416666666 0.20555555555555555 0.7446614583333333 0.20879629629629629 0.7459635416666667 0.21296296296296297 0.7462239583333333 0.2152777777777778 0.7470052083333333 0.21898148148148147 0.7470052083333333 0.22314814814814815 0.7479166666666667 0.2247685185185185 0.7489583333333333 0.22523148148148148 0.7502604166666667 0.22523148148148148 0.7505208333333333 0.22569444444444445 0.7520833333333333 0.22569444444444445 0.753125 0.2247685185185185 0.7552083333333334 0.2238425925925926 0.7572916666666667 0.2224537037037037 0.7583333333333333 0.2224537037037037 0.7596354166666667 0.22152777777777777 0.7609375 0.22152777777777777 0.7625 0.22060185185185185 0.7635416666666667 0.22060185185185185 0.76484375 0.2196759259259259 0.7666666666666667 0.21921296296296297 0.7669270833333334 0.21875 0.7684895833333333 0.21875 0.76875 0.21828703703703703 0.7705729166666667 0.21828703703703703 0.7708333333333334 0.2178240740740741 0.7723958333333333 0.2178240740740741 0.77265625 0.21736111111111112 0.7744791666666667 0.21736111111111112 0.7747395833333334 0.21689814814814815 0.7760416666666666 0.21689814814814815 0.77734375 0.21597222222222223 0.778125 0.21597222222222223 0.7791666666666667 0.2150462962962963 0.7822916666666667 0.21412037037037038 0.7838541666666666 0.21319444444444444 0.78515625 0.21319444444444444 0.78671875 0.21226851851851852 0.7877604166666666 0.21226851851851852 0.7888020833333333 0.21134259259259258 0.7895833333333333 0.21134259259259258 0.790625 0.21041666666666667 0.7919270833333333 0.21041666666666667 0.7921875 0.2099537037037037 0.79375 0.2099537037037037 0.7940104166666667 0.20949074074074073 0.7973958333333333 0.20856481481481481 0.7984375 0.2076388888888889 0.8015625 0.20625 0.8028645833333333 0.2048611111111111 0.8033854166666666 0.2048611111111111 0.8045572916666667 0.2037037037037037 0.8048177083333333 0.2023148148148148 0.8048177083333333 0.1986111111111111 0.805859375 0.19490740740740742 0.806640625 0.1935185185185185 0.8071614583333333 0.1912037037037037 0.8076822916666667 0.19027777777777777 0.8084635416666667 0.1875 0.8095052083333333 0.18518518518518517 0.8115885416666667 0.1814814814814815 0.812109375 0.17962962962962964 0.8126302083333333 0.17592592592592593 0.8134114583333333 0.1736111111111111 0.813671875 0.17175925925925925 0.81484375 0.16921296296296295 0.8158854166666667 0.16875 0.8170572916666666 0.16666666666666666 0.817578125 0.16342592592592592 0.8180989583333333 0.16157407407407406 0.819140625 0.15925925925925927 0.8201822916666667 0.1550925925925926 0.8209635416666666 0.1537037037037037 0.821484375 0.15138888888888888 0.8229166666666666 0.14837962962962964 0.8236979166666667 0.14791666666666667 0.8248697916666666 0.14537037037037037 0.825390625 0.1425925925925926 0.8259114583333333 0.1412037037037037 0.8274739583333334 0.13842592592592592 0.828515625 0.13472222222222222 0.8299479166666667 0.13217592592592592 0.8317708333333333 0.13078703703703703 0.8341145833333333 0.12986111111111112 0.8348958333333333 0.12893518518518518 0.8380208333333333 0.1275462962962963 0.8393229166666667 0.12662037037037038 0.8416666666666667 0.1261574074074074 0.8432291666666667 0.12523148148148147 0.8455729166666667 0.12430555555555556 0.8458333333333333 0.12384259259259259 0.8471354166666667 0.12384259259259259 0.8473958333333333 0.12430555555555556 0.85078125 0.12430555555555556 0.8510416666666667 0.12384259259259259 0.85234375 0.12384259259259259 0.8544270833333333 0.1224537037037037 0.8567708333333334 0.12152777777777778 0.8580729166666666 0.12013888888888889 0.86015625 0.11921296296296297 0.8604166666666667 0.11875 0.8627604166666667 0.11828703703703704 0.8630208333333333 0.11782407407407407 0.8651041666666667 0.11736111111111111 0.8661458333333333 0.11643518518518518 0.8669270833333333 0.11643518518518518 0.86796875 0.11550925925925926 0.8692708333333333 0.1150462962962963 0.8705729166666667 0.1150462962962963 0.8708333333333333 0.11458333333333333 0.8721354166666667 0.11458333333333333 0.8734375 0.1136574074074074 0.8747395833333333 0.11319444444444444 0.8760416666666667 0.11319444444444444 0.8763020833333334 0.11273148148148149 0.8776041666666666 0.11273148148148149 0.8778645833333333 0.11226851851851852 0.8794270833333333 0.11226851851851852 0.8796875 0.11180555555555556 0.8809895833333333 0.11180555555555556 0.8825520833333333 0.11087962962962963 0.88359375 0.11087962962962963 0.8848958333333333 0.1099537037037037 0.8859375 0.1099537037037037 0.88828125 0.10856481481481481 0.8890625 0.10856481481481481 0.8901041666666667 0.1076388888888889 0.8908854166666667 0.1076388888888889 0.8919270833333334 0.10671296296296297 0.8942708333333333 0.10671296296296297 0.89453125 0.10717592592592592 0.8994791666666667 0.10717592592592592 0.9005208333333333 0.10625 0.9016927083333334 0.10416666666666667 0.9024739583333333 0.10092592592592593 0.9029947916666666 0.09953703703703703 0.9046875 0.09699074074074074 0.9052083333333333 0.09699074074074074 0.9063802083333333 0.09490740740740741 0.9071614583333333 0.09259259259259259 0.9080729166666667 0.09143518518518519 0.909765625 0.08842592592592592 0.9100260416666667 0.08703703703703704 0.9111979166666667 0.0849537037037037 0.9125 0.08402777777777778 0.9151041666666667 0.08402777777777778 0.915625 0.08356481481481481 0.9177083333333333 0.08032407407407408 0.91953125 0.08032407407407408 0.9197916666666667 0.0798611111111111 0.921875 0.0798611111111111 0.9221354166666667 0.07939814814814815 0.9236979166666667 0.07939814814814815 0.9248697916666667 0.08055555555555556 0.924609375 0.08287037037037037 0.9236979166666667 0.08449074074074074 0.9229166666666667 0.0849537037037037 0.922265625 0.08611111111111111 0.9217447916666667 0.08888888888888889 0.9208333333333333 0.09097222222222222 0.9197916666666667 0.09189814814814815 0.91796875 0.09143518518518519 0.9169270833333333 0.09050925925925926 0.9161458333333333 0.09050925925925926 0.9147135416666666 0.09305555555555556 0.9141927083333333 0.09583333333333334 0.9141927083333333 0.10277777777777777 0.9153645833333334 0.10625 0.916015625 0.10648148148148148 0.916015625 0.10833333333333334 0.9149739583333333 0.10972222222222222 0.914453125 0.11388888888888889 0.9153645833333334 0.11689814814814815 0.91640625 0.11736111111111111 0.917578125 0.11527777777777778 0.9180989583333333 0.11296296296296296 0.9180989583333333 0.11018518518518519 0.91875 0.10902777777777778 0.9197916666666667 0.10856481481481481 0.920703125 0.10648148148148148 0.9200520833333333 0.10578703703703704 0.91875 0.10532407407407407 0.918359375 0.10416666666666667 0.9180989583333333 0.10185185185185185 0.918359375 0.09953703703703703 0.9192708333333334 0.09699074074074074 0.9197916666666667 0.09699074074074074 0.920703125 0.09814814814814815 0.9212239583333334 0.1 0.9212239583333334 0.10231481481481482 0.921484375 0.1037037037037037 0.9221354166666667 0.10486111111111111 0.9231770833333334 0.10532407407407407 0.9263020833333333 0.10532407407407407 0.9270833333333334 0.10578703703703704 0.9294270833333333 0.10162037037037037 0.9298177083333333 0.10138888888888889 0.9298177083333333 0.09953703703703703 0.9287760416666667 0.09675925925925925 0.928515625 0.09444444444444444 0.928515625 0.08981481481481482 0.9279947916666667 0.0875 0.92890625 0.08680555555555555 0.9317708333333333 0.08680555555555555 0.9322916666666666 0.08726851851851852 0.93359375 0.08958333333333333 0.93671875 0.09189814814814815 0.9380208333333333 0.09236111111111112 0.9388020833333334 0.09328703703703704 0.9403645833333333 0.09097222222222222 0.9424479166666667 0.08865740740740741 0.94375 0.08819444444444445 0.94453125 0.08726851851851852 0.9463541666666667 0.08680555555555555 0.9466145833333334 0.0863425925925926 0.9479166666666666 0.0863425925925926 0.9481770833333333 0.08587962962962963 0.95 0.08587962962962963 0.9502604166666667 0.08541666666666667 0.95234375 0.08541666666666667 0.9526041666666667 0.0849537037037037 0.9552083333333333 0.08402777777777778 0.9580729166666667 0.08402777777777778 0.9583333333333334 0.08356481481481481 0.9596354166666666 0.08356481481481481 0.9598958333333333 0.08310185185185186 0.9622395833333334 0.08217592592592593 0.9640625 0.08032407407407408 0.9666666666666667 0.07893518518518519 0.9682291666666667 0.07893518518518519 0.9684895833333333 0.07847222222222222 0.97109375 0.07847222222222222 0.9713541666666666 0.07800925925925926 0.975 0.07800925925925926 0.9760416666666667 0.07847222222222222 0.9778645833333334 0.08032407407407408 0.9794270833333333 0.08310185185185186 0.98046875 0.08449074074074074 0.9817708333333334 0.08541666666666667 0.98359375 0.08819444444444445 0.98515625 0.09004629629629629 0.9864583333333333 0.09097222222222222 0.9875 0.09050925925925926 0.9901041666666667 0.09050925925925926 0.9924479166666667 0.09236111111111112 0.99375 0.09421296296296296 0.9962239583333333 0.09861111111111111 0.997265625 0.10231481481481482 0.9975260416666667 0.10416666666666667 0.9984375 0.10578703703703704 0.9997395833333333 0.10578703703703704
11 0.9350260416666667 0.11064814814814815 0.9360677083333333 0.1087962962962963 0.9360677083333333 0.10694444444444444 0.9356770833333333 0.10625 0.9348958333333334 0.10625 0.9342447916666666 0.10740740740740741 0.9342447916666666 0.10925925925925926 0.9350260416666667 0.11064814814814815
11 0.7005208333333334 0.16458333333333333 0.6998697916666666 0.16342592592592592 0.70078125 0.16180555555555556 0.7016927083333333 0.16296296296296298 0.7015625 0.16412037037037036 0.7005208333333334 0.16458333333333333
11 0.850390625 0.18981481481481483 0.84921875 0.18912037037037038 0.8486979166666667 0.18958333333333333 0.8471354166666667 0.18958333333333333 0.8471354166666667 0.1900462962962963 0.8502604166666666 0.1900462962962963 0.850390625 0.18981481481481483
11 0.729296875 0.2324074074074074 0.7305989583333333 0.23148148148148148 0.730078125 0.23055555555555557 0.729296875 0.2273148148148148 0.729296875 0.22361111111111112 0.7295572916666667 0.22268518518518518 0.7309895833333333 0.22013888888888888 0.73203125 0.2196759259259259 0.7329427083333333 0.2175925925925926 0.7329427083333333 0.21388888888888888 0.733203125 0.21342592592592594 0.733203125 0.2111111111111111 0.7329427083333333 0.21064814814814814 0.7329427083333333 0.20833333333333334 0.7319010416666667 0.20416666666666666 0.7315104166666667 0.2039351851851852 0.7305989583333333 0.20555555555555555 0.7298177083333334 0.20879629629629629 0.7298177083333334 0.21064814814814814 0.729296875 0.2125 0.728125 0.2136574074074074 0.7268229166666667 0.21412037037037038 0.725 0.21412037037037038 0.7239583333333334 0.21458333333333332 0.7234375 0.21550925925925926 0.7221354166666667 0.21643518518518517 0.7212239583333333 0.2175925925925926 0.721875 0.21875 0.7229166666666667 0.2196759259259259 0.72421875 0.2196759259259259 0.7255208333333333 0.22013888888888888 0.7265625 0.22106481481481483 0.7272135416666666 0.2222222222222222 0.727734375 0.22453703703703703 0.727734375 0.22685185185185186 0.726953125 0.23148148148148148 0.7276041666666667 0.2326388888888889 0.729296875 0.2324074074074074
11 0.9997395833333333 0.2516203703703704 0.9983072916666667 0.2518518518518518 0.9983072916666667 0.25462962962962965 0.9997395833333333 0.2548611111111111
11 0.5811197916666667 0.35833333333333334 0.5817708333333333 0.35810185185185184 0.582421875 0.35648148148148145 0.5807291666666666 0.3548611111111111 0.5796875 0.35532407407407407 0.5790364583333333 0.35648148148148145 0.5796875 0.35810185185185184 0.5802083333333333 0.35856481481481484 0.5811197916666667 0.35833333333333334
11 0.5649739583333333 0.3574074074074074 0.565234375 0.35648148148148145 0.5645833333333333 0.35532407407407407 0.563671875 0.35648148148148145 0.5638020833333334 0.35717592592592595 0.5649739583333333 0.3574074074074074
11 0.6227864583333333 0.38564814814814813 0.6235677083333333 0.38472222222222224 0.6231770833333333 0.38310185185185186 0.6223958333333334 0.38263888888888886 0.6220052083333333 0.38472222222222224 0.6223958333333334 0.38587962962962963 0.6227864583333333 0.38564814814814813
11 0.5962239583333333 0.4212962962962963 0.5962239583333333 0.4212962962962963
11 0.5993489583333333 0.4398148148148148 0.5993489583333333 0.4398148148148148
11 0.9997395833333333 0.4826388888888889 0.9984375 0.4826388888888889 0.9979166666666667 0.48217592592592595 0.994921875 0.4759259259259259 0.994140625 0.4726851851851852 0.993359375 0.47129629629629627 0.9920572916666667 0.46805555555555556 0.9912760416666667 0.4648148148148148 0.9907552083333333 0.4634259259259259 0.988671875 0.4597222222222222 0.9881510416666667 0.4583333333333333 0.9873697916666667 0.4550925925925926 0.98671875 0.45393518518518516 0.9856770833333334 0.45393518518518516 0.984375 0.45625 0.98359375 0.45717592592592593 0.98203125 0.45810185185185187 0.9807291666666667 0.4599537037037037 0.9794270833333333 0.46087962962962964 0.9770833333333333 0.46319444444444446 0.9736979166666667 0.46550925925925923 0.96875 0.4710648148148148 0.96796875 0.47152777777777777 0.9658854166666667 0.4738425925925926 0.9651041666666667 0.47430555555555554 0.9614583333333333 0.47847222222222224 0.9606770833333333 0.4789351851851852 0.9598958333333333 0.48032407407407407 0.9583333333333334 0.48217592592592595 0.9567708333333333 0.48356481481481484 0.9541666666666667 0.48541666666666666 0.9526041666666667 0.48726851851851855 0.9513020833333333 0.4895833333333333 0.95 0.4914351851851852 0.9453125 0.49560185185185185 0.94453125 0.49699074074074073 0.94375 0.49745370370370373 0.9408854166666667 0.5002314814814814 0.9403645833333333 0.5002314814814814 0.93828125 0.5020833333333333 0.9372395833333333 0.5034722222222222 0.9356770833333333 0.50625 0.9354166666666667 0.50625 0.9333333333333333 0.5090277777777777 0.9294270833333333 0.5122685185185185 0.928125 0.5141203703703704 0.92734375 0.5145833333333333 0.9244791666666666 0.5173611111111112 0.9212239583333334 0.5231481481481481 0.921484375 0.525 0.9239583333333333 0.5280092592592592 0.9248697916666667 0.5300925925925926 0.9266927083333333 0.5361111111111111 0.9274739583333333 0.5375 0.9287760416666667 0.5416666666666666 0.9287760416666667 0.5425925925925926 0.9295572916666667 0.5453703703703704 0.9295572916666667 0.5476851851851852 0.9298177083333333 0.5481481481481482 0.9298177083333333 0.5527777777777778 0.9287760416666667 0.5560185185185185 0.928125 0.5571759259259259 0.9270833333333334 0.5581018518518519 0.9260416666666667 0.5581018518518519 0.92421875 0.5594907407407408 0.9227864583333333 0.562037037037037 0.921484375 0.5657407407407408 0.9203125 0.5678240740740741 0.91875 0.569212962962963 0.9174479166666667 0.569675925925926 0.9114583333333334 0.5747685185185185 0.9096354166666667 0.5770833333333333 0.9075520833333334 0.5789351851851852 0.9049479166666666 0.5826388888888889 0.9026041666666667 0.5840277777777778 0.9002604166666667 0.5844907407407407 0.8979166666666667 0.5863425925925926 0.8973958333333333 0.5872685185185185 0.89453125 0.5895833333333333 0.89375 0.5895833333333333 0.8921875 0.5909722222222222 0.8904947916666667 0.5939814814814814 0.8899739583333334 0.5958333333333333 0.8888020833333333 0.5979166666666667 0.8869791666666667 0.5997685185185185 0.8860677083333334 0.6013888888888889 0.885546875 0.6037037037037037 0.8852864583333333 0.6060185185185185 0.885546875 0.6083333333333333 0.8877604166666667 0.6108796296296296 0.8890625 0.6108796296296296 0.8908854166666667 0.6090277777777777 0.89140625 0.6090277777777777 0.8927083333333333 0.6076388888888888 0.8942708333333333 0.606712962962963 0.89609375 0.6043981481481482 0.896875 0.6039351851851852 0.8994791666666667 0.6016203703703704 0.903125 0.6002314814814815 0.9044270833333333 0.5988425925925925 0.9057291666666667 0.5965277777777778 0.90859375 0.59375 0.9091145833333333 0.59375 0.91015625 0.5923611111111111 0.9119791666666667 0.5909722222222222 0.91328125 0.5891203703703703 0.9153645833333334 0.5872685185185185 0.9177083333333333 0.5863425925925926 0.9190104166666667 0.5854166666666667 0.9203125 0.5849537037037037 0.921875 0.5831018518518518 0.92265625 0.5817129629629629 0.9244791666666666 0.5798611111111112 0.92578125 0.5793981481481482 0.92734375 0.5780092592592593 0.9299479166666667 0.5747685185185185 0.9322916666666666 0.5738425925925926 0.9333333333333333 0.5729166666666666 0.9348958333333334 0.5724537037037037 0.9369791666666667 0.5701388888888889 0.93828125 0.5682870370370371 0.9403645833333333 0.5664351851851852 0.9434895833333333 0.5641203703703703 0.9447916666666667 0.5622685185185186 0.9466145833333334 0.5604166666666667 0.9484375 0.5594907407407408 0.9505208333333334 0.5576388888888889 0.9510416666666667 0.5576388888888889 0.95546875 0.5525462962962963 0.9575520833333333 0.5506944444444445 0.9591145833333333 0.5497685185185185 0.9596354166666666 0.5488425925925926 0.96328125 0.5456018518518518 0.9638020833333333 0.5456018518518518 0.9658854166666667 0.54375 0.96640625 0.54375 0.9677083333333333 0.5423611111111111 0.9690104166666667 0.5414351851851852 0.97265625 0.5377314814814815 0.9739583333333334 0.5368055555555555 0.9752604166666666 0.5349537037037037 0.9765625 0.5335648148148148 0.9794270833333333 0.531712962962963 0.98125 0.5298611111111111 0.9825520833333333 0.5293981481481481 0.9846354166666667 0.5275462962962963 0.9854166666666667 0.5261574074074075 0.9872395833333333 0.5243055555555556 0.9880208333333333 0.5229166666666667 0.9888020833333333 0.5224537037037037 0.99140625 0.5201388888888889 0.9921875 0.5192129629629629 0.9973958333333334 0.5145833333333333 0.9997395833333333 0.5145833333333333
11 0.908984375 0.4824074074074074 0.9104166666666667 0.48125 0.9125 0.4775462962962963 0.9138020833333333 0.4761574074074074 0.9151041666666667 0.4756944444444444 0.91640625 0.47476851851851853 0.9184895833333333 0.4724537037037037 0.9203125 0.4710648148148148 0.9216145833333333 0.46967592592592594 0.923046875 0.4675925925925926 0.923046875 0.4652777777777778 0.9233072916666667 0.4648148148148148 0.9235677083333333 0.462037037037037 0.9229166666666667 0.46041666666666664 0.921875 0.45949074074074076 0.9205729166666666 0.45949074074074076 0.9203125 0.45902777777777776 0.9153645833333334 0.45902777777777776 0.9151041666666667 0.45949074074074076 0.9138020833333333 0.45949074074074076 0.9135416666666667 0.4599537037037037 0.9119791666666667 0.4599537037037037 0.91171875 0.46041666666666664 0.909375 0.46041666666666664 0.9080729166666667 0.46087962962962964 0.9057291666666667 0.4622685185185185 0.9036458333333334 0.4650462962962963 0.9022135416666667 0.4675925925925926 0.901953125 0.4699074074074074 0.9029947916666666 0.47314814814814815 0.9048177083333333 0.47638888888888886 0.9048177083333333 0.47685185185185186 0.9063802083333333 0.47962962962962963 0.9063802083333333 0.48009259259259257 0.9078125 0.4826388888888889 0.908984375 0.4824074074074074
11 0.9997395833333333 0.5613425925925926 0.9981770833333333 0.5613425925925926 0.9973958333333334 0.5618055555555556 0.9955729166666667 0.5636574074074074 0.9950520833333333 0.5636574074074074 0.9916666666666667 0.5659722222222222 0.9895833333333334 0.5678240740740741 0.98828125 0.5682870370370371 0.9872395833333333 0.569212962962963 0.9859375 0.569675925925926 0.9846354166666667 0.5706018518518519 0.98203125 0.5733796296296296 0.9815104166666667 0.5743055555555555 0.9799479166666667 0.5752314814814815 0.9791666666666666 0.5761574074074074 0.9778645833333334 0.5766203703703704 0.9763020833333333 0.5780092592592593 0.975 0.5798611111111112 0.9729166666666667 0.5817129629629629 0.9700520833333334 0.5831018518518518 0.9677083333333333 0.5854166666666667 0.9661458333333334 0.5881944444444445 0.9651041666666667 0.5891203703703703 0.9630208333333333 0.5900462962962963 0.9606770833333333 0.5923611111111111 0.9588541666666667 0.59375 0.9575520833333333 0.5956018518518519 0.9565104166666667 0.5965277777777778 0.953125 0.5979166666666667 0.9518229166666666 0.5988425925925925 0.9510416666666667 0.5988425925925925 0.9502604166666667 0.5997685185185185 0.9484375 0.6011574074074074 0.9453125 0.6043981481481482 0.94296875 0.6057870370370371 0.9423177083333333 0.6069444444444444 0.9420572916666666 0.6083333333333333 0.94296875 0.6094907407407407 0.9447916666666667 0.6099537037037037 0.9450520833333333 0.6104166666666667 0.9471354166666667 0.6104166666666667 0.9473958333333333 0.6108796296296296 0.9505208333333334 0.6108796296296296 0.9515625 0.6104166666666667 0.9533854166666667 0.6090277777777777 0.9549479166666667 0.606712962962963 0.9565104166666667 0.606712962962963 0.9567708333333333 0.607175925925926 0.9580729166666667 0.607175925925926 0.959375 0.6076388888888888 0.96171875 0.60625 0.96328125 0.6057870370370371 0.9638020833333333 0.6048611111111111 0.9674479166666666 0.6025462962962963 0.9700520833333334 0.6025462962962963 0.9703125 0.6020833333333333 0.9716145833333333 0.6020833333333333 0.971875 0.6016203703703704 0.97421875 0.6006944444444444 0.9744791666666667 0.6002314814814815 0.9776041666666667 0.6002314814814815 0.9791666666666666 0.5993055555555555 0.9822916666666667 0.5979166666666667 0.9830729166666666 0.5979166666666667 0.9846354166666667 0.5969907407407408 0.9854166666666667 0.5960648148148148 0.98671875 0.5956018518518519 0.9908854166666666 0.5956018518518519 0.9911458333333333 0.5951388888888889 0.9924479166666667 0.5951388888888889 0.9940104166666667 0.594212962962963 0.9955729166666667 0.594212962962963 0.9958333333333333 0.59375 0.9971354166666667 0.59375 0.9973958333333334 0.593287037037037 0.9997395833333333 0.593287037037037
11 0.6201822916666667 0.6828703703703703 0.6223958333333334 0.6817129629629629 0.6233072916666667 0.6796296296296296 0.6248697916666667 0.6731481481481482 0.625390625 0.6717592592592593 0.6272135416666667 0.6685185185185185 0.6272135416666667 0.6680555555555555 0.630859375 0.6615740740740741 0.6326822916666667 0.6546296296296297 0.6334635416666666 0.6523148148148148 0.6345052083333333 0.65 0.6352864583333333 0.6467592592592593 0.6368489583333333 0.6425925925925926 0.6368489583333333 0.6398148148148148 0.6365885416666667 0.6393518518518518 0.6365885416666667 0.6370370370370371 0.635546875 0.6305555555555555 0.635546875 0.6287037037037037 0.633984375 0.6208333333333333 0.633203125 0.6175925925925926 0.633203125 0.6162037037037037 0.631640625 0.6097222222222223 0.6311197916666667 0.6069444444444444 0.6305989583333333 0.6018518518518519 0.6298177083333333 0.5990740740740741 0.629296875 0.5981481481481481 0.6287760416666667 0.5953703703703703 0.6282552083333334 0.5939814814814814 0.627734375 0.5898148148148148 0.6272135416666667 0.5879629629629629 0.626953125 0.5851851851851851 0.6264322916666667 0.5828703703703704 0.6251302083333333 0.5787037037037037 0.624609375 0.575925925925926 0.6243489583333334 0.5726851851851852 0.623828125 0.5703703703703704 0.623828125 0.5689814814814815 0.6233072916666667 0.5671296296296297 0.623046875 0.5648148148148148 0.6223958333333334 0.5627314814814814 0.6208333333333333 0.5618055555555556 0.6169270833333333 0.5618055555555556 0.6166666666666667 0.5622685185185186 0.6153645833333333 0.5622685185185186 0.6151041666666667 0.5627314814814814 0.6130208333333333 0.5627314814814814 0.6127604166666667 0.5631944444444444 0.6072916666666667 0.5631944444444444 0.6041666666666666 0.5659722222222222 0.6026041666666667 0.5668981481481481 0.6010416666666667 0.5682870370370371 0.5998697916666667 0.5703703703703704 0.5993489583333333 0.5717592592592593 0.5990885416666667 0.5736111111111111 0.5990885416666667 0.5796296296296296 0.6001302083333333 0.5833333333333334 0.600390625 0.5861111111111111 0.6009114583333334 0.5879629629629629 0.6009114583333334 0.5893518518518519 0.6014322916666667 0.5916666666666667 0.601953125 0.5953703703703703 0.601953125 0.5972222222222222 0.6024739583333333 0.5995370370370371 0.602734375 0.6037037037037037 0.6032552083333333 0.6064814814814815 0.6045572916666667 0.6111111111111112 0.6055989583333333 0.6157407407407407 0.605859375 0.6180555555555556 0.6063802083333333 0.6194444444444445 0.606640625 0.6217592592592592 0.6071614583333333 0.6240740740740741 0.6079427083333333 0.6263888888888889 0.608984375 0.6356481481481482 0.609765625 0.6398148148148148 0.609765625 0.6416666666666667 0.6102864583333333 0.6444444444444445 0.6102864583333333 0.6472222222222223 0.6110677083333333 0.6523148148148148 0.6115885416666667 0.6537037037037037 0.6131510416666667 0.6611111111111111 0.613671875 0.6648148148148149 0.6165364583333334 0.6773148148148148 0.6180989583333333 0.6810185185185185 0.6180989583333333 0.6814814814814815 0.6192708333333333 0.6831018518518519 0.6201822916666667 0.6828703703703703
11 0.8061197916666667 0.6328703703703704 0.8072916666666666 0.6326388888888889 0.809375 0.6307870370370371 0.8114583333333333 0.6293981481481481 0.8119791666666667 0.6284722222222222 0.8130208333333333 0.6280092592592592 0.8158854166666667 0.6252314814814814 0.8182291666666667 0.6233796296296297 0.821875 0.6192129629629629 0.8236979166666667 0.6164351851851851 0.825 0.6155092592592593 0.8264322916666667 0.6134259259259259 0.8272135416666667 0.6106481481481482 0.8287760416666666 0.6083333333333333 0.8287760416666666 0.6069444444444444 0.8283854166666667 0.60625 0.8270833333333333 0.6057870370370371 0.825 0.6057870370370371 0.8247395833333333 0.60625 0.8223958333333333 0.60625 0.8221354166666667 0.606712962962963 0.8203125 0.607175925925926 0.8192708333333333 0.6081018518518518 0.8184895833333333 0.6081018518518518 0.8174479166666667 0.6090277777777777 0.8161458333333333 0.6090277777777777 0.8158854166666667 0.6094907407407407 0.8143229166666667 0.6094907407407407 0.8140625 0.6099537037037037 0.8119791666666667 0.6108796296296296 0.8109375 0.6118055555555556 0.8091145833333333 0.6118055555555556 0.8088541666666667 0.6122685185185185 0.80625 0.6122685185185185 0.8049479166666667 0.6131944444444445 0.8041666666666667 0.6131944444444445 0.8026041666666667 0.6145833333333334 0.8010416666666667 0.6150462962962963 0.7998697916666667 0.6194444444444445 0.7998697916666667 0.6217592592592592 0.8014322916666666 0.625462962962963 0.8016927083333333 0.6268518518518519 0.802734375 0.6300925925925925 0.8033854166666666 0.63125 0.8044270833333333 0.632175925925926 0.8061197916666667 0.6328703703703704
11 0.639453125 0.7194444444444444 0.641015625 0.7162037037037037 0.6419270833333334 0.7150462962962963 0.6432291666666666 0.7145833333333333 0.6447916666666667 0.7145833333333333 0.6450520833333333 0.7141203703703703 0.646875 0.7141203703703703 0.6497395833333334 0.7127314814814815 0.653125 0.7127314814814815 0.6533854166666667 0.7122685185185185 0.6549479166666666 0.7122685185185185 0.6552083333333333 0.7118055555555556 0.6575520833333334 0.7113425925925926 0.6588541666666666 0.7104166666666667 0.6598958333333333 0.7104166666666667 0.6614583333333334 0.7094907407407407 0.6630208333333333 0.7094907407407407 0.66328125 0.7090277777777778 0.66484375 0.7090277777777778 0.6651041666666667 0.7085648148148148 0.66640625 0.7085648148148148 0.66796875 0.7076388888888889 0.6692708333333334 0.7076388888888889 0.6708333333333333 0.7067129629629629 0.6721354166666667 0.705324074074074 0.6734375 0.7043981481481482 0.6747395833333333 0.7039351851851852 0.6765625 0.7039351851851852 0.6768229166666667 0.7034722222222223 0.678125 0.7034722222222223 0.6783854166666666 0.7030092592592593 0.6807291666666667 0.7025462962962963 0.6822916666666666 0.7016203703703704 0.68359375 0.7016203703703704 0.68515625 0.7006944444444444 0.6864583333333333 0.7006944444444444 0.6880208333333333 0.6997685185185185 0.6890625 0.6997685185185185 0.6903645833333333 0.6988425925925926 0.69140625 0.6988425925925926 0.69296875 0.6979166666666666 0.69453125 0.6979166666666666 0.6947916666666667 0.6974537037037037 0.69609375 0.6974537037037037 0.69765625 0.6965277777777777 0.69921875 0.6965277777777777 0.6994791666666667 0.6960648148148149 0.70078125 0.6960648148148149 0.7020833333333333 0.6956018518518519 0.7044270833333334 0.694212962962963 0.7057291666666666 0.69375 0.7080729166666667 0.69375 0.7083333333333334 0.6932870370370371 0.7098958333333333 0.6932870370370371 0.71015625 0.6928240740740741 0.7114583333333333 0.6928240740740741 0.71171875 0.6923611111111111 0.7166666666666667 0.6923611111111111 0.7177083333333333 0.6918981481481481 0.7190104166666667 0.6905092592592592 0.7208333333333333 0.6891203703703703 0.7221354166666667 0.6886574074074074 0.7234375 0.6886574074074074 0.7236979166666667 0.6881944444444444 0.7252604166666666 0.6881944444444444 0.7255208333333333 0.6877314814814814 0.7268229166666667 0.6877314814814814 0.7270833333333333 0.6872685185185186 0.7283854166666667 0.6872685185185186 0.7296875 0.6868055555555556 0.7309895833333333 0.6858796296296297 0.7322916666666667 0.6854166666666667 0.73359375 0.6854166666666667 0.73515625 0.6844907407407408 0.7361979166666667 0.6844907407407408 0.73828125 0.6835648148148148 0.7393229166666667 0.6826388888888889 0.740625 0.6821759259259259 0.7421875 0.6821759259259259 0.7424479166666667 0.6817129629629629 0.74375 0.6817129629629629 0.7440104166666667 0.68125 0.7458333333333333 0.68125 0.74609375 0.680787037037037 0.7473958333333334 0.680787037037037 0.7515625 0.6789351851851851 0.7549479166666667 0.6789351851851851 0.7552083333333334 0.6784722222222223 0.7580729166666667 0.6784722222222223 0.7583333333333333 0.6780092592592593 0.7630208333333334 0.6780092592592593 0.7645833333333333 0.6766203703703704 0.766015625 0.674074074074074 0.766015625 0.6736111111111112 0.7671875 0.6715277777777777 0.7682291666666666 0.6710648148148148 0.7684895833333333 0.6715277777777777 0.7721354166666666 0.6715277777777777 0.7734375 0.6706018518518518 0.7747395833333334 0.6701388888888888 0.7765625 0.6701388888888888 0.7768229166666667 0.669675925925926 0.7786458333333334 0.669675925925926 0.7794270833333333 0.669212962962963 0.7817708333333333 0.6668981481481482 0.7846354166666667 0.6645833333333333 0.7858072916666666 0.6625 0.7860677083333333 0.6601851851851852 0.7860677083333333 0.6569444444444444 0.7858072916666666 0.6546296296296297 0.7850260416666667 0.6518518518518519 0.7845052083333334 0.6486111111111111 0.7829427083333333 0.6435185185185185 0.782421875 0.6402777777777777 0.7811197916666667 0.6361111111111111 0.7798177083333333 0.6300925925925925 0.7790364583333333 0.6282407407407408 0.7778645833333333 0.6261574074074074 0.77578125 0.6243055555555556 0.7734375 0.6243055555555556 0.7731770833333333 0.6247685185185186 0.7705729166666667 0.6247685185185186 0.7703125 0.6252314814814814 0.76796875 0.6252314814814814 0.7666666666666667 0.6256944444444444 0.7653645833333333 0.6266203703703703 0.7640625 0.6270833333333333 0.7625 0.6270833333333333 0.7622395833333333 0.6275462962962963 0.7604166666666666 0.6275462962962963 0.7591145833333334 0.6280092592592592 0.7580729166666667 0.6289351851851852 0.75625 0.6293981481481481 0.7549479166666667 0.6303240740740741 0.75234375 0.63125 0.7510416666666667 0.63125 0.75078125 0.631712962962963 0.7494791666666667 0.631712962962963 0.7466145833333333 0.6331018518518519 0.7453125 0.6331018518518519 0.74296875 0.6340277777777777 0.7419270833333333 0.6349537037037037 0.7411458333333333 0.6349537037037037 0.7401041666666667 0.6358796296296296 0.7388020833333333 0.6363425925925926 0.7372395833333333 0.6363425925925926 0.7369791666666666 0.6368055555555555 0.7356770833333334 0.6368055555555555 0.7341145833333333 0.6377314814814815 0.7328125 0.6377314814814815 0.7325520833333333 0.6381944444444444 0.7307291666666667 0.6381944444444444 0.73046875 0.6386574074074074 0.7283854166666667 0.6386574074074074 0.728125 0.6391203703703704 0.7268229166666667 0.6391203703703704 0.7252604166666666 0.6400462962962963 0.7236979166666667 0.6400462962962963 0.7234375 0.6405092592592593 0.7213541666666666 0.6405092592592593 0.7203125 0.6409722222222223 0.71796875 0.643287037037037 0.7161458333333334 0.6442129629629629 0.7143229166666667 0.6442129629629629 0.7140625 0.6446759259259259 0.7125 0.6446759259259259 0.7122395833333334 0.6451388888888889 0.7098958333333333 0.6456018518518518 0.7083333333333334 0.6465277777777778 0.7065104166666667 0.6465277777777778 0.70625 0.6469907407407407 0.7049479166666667 0.6469907407407407 0.70390625 0.6474537037037037 0.7020833333333333 0.6488425925925926 0.7002604166666667 0.6493055555555556 0.7 0.6497685185185185 0.6986979166666667 0.6497685185185185 0.6984375 0.6502314814814815 0.696875 0.6502314814814815 0.6955729166666667 0.6511574074074075 0.69453125 0.6511574074074075 0.69296875 0.6520833333333333 0.6916666666666667 0.6520833333333333 0.69140625 0.6525462962962963 0.68984375 0.6525462962962963 0.6895833333333333 0.6530092592592592 0.68828125 0.6530092592592592 0.6869791666666667 0.6534722222222222 0.6856770833333333 0.6543981481481481 0.6833333333333333 0.6543981481481481 0.6830729166666667 0.6548611111111111 0.68125 0.6548611111111111 0.6802083333333333 0.6553240740740741 0.6783854166666666 0.656712962962963 0.67265625 0.6585648148148148 0.6713541666666667 0.6594907407407408 0.6705729166666666 0.6594907407407408 0.66953125 0.6604166666666667 0.6643229166666667 0.6622685185185185 0.6635416666666667 0.6631944444444444 0.6606770833333333 0.6645833333333333 0.6591145833333333 0.6645833333333333 0.6578125 0.6655092592592593 0.655078125 0.6703703703703704 0.6537760416666667 0.674074074074074 0.6510416666666666 0.6789351851851851 0.65078125 0.6789351851851851 0.6493489583333333 0.6814814814814815 0.6475260416666667 0.6875 0.646484375 0.6898148148148148 0.6459635416666667 0.6921296296296297 0.64453125 0.6951388888888889 0.6427083333333333 0.6965277777777777 0.641796875 0.6981481481481482 0.6415364583333333 0.7013888888888888 0.6404947916666667 0.7060185185185185 0.640234375 0.7083333333333334 0.6397135416666667 0.7097222222222223 0.6373697916666666 0.7138888888888889 0.636328125 0.7175925925925926 0.6375 0.7196759259259259 0.639453125 0.7194444444444444
11 0.84609375 0.8030092592592593 0.8453125 0.8030092592592593 0.844921875 0.8023148148148148 0.8453125 0.8006944444444445 0.8462239583333333 0.8009259259259259 0.84609375 0.8030092592592593
11 0.86171875 0.8321759259259259 0.8606770833333334 0.8321759259259259 0.8600260416666666 0.8310185185185185 0.8600260416666666 0.8287037037037037 0.8606770833333334 0.8275462962962963 0.8614583333333333 0.8275462962962963 0.8623697916666667 0.8291666666666667 0.8623697916666667 0.8310185185185185 0.86171875 0.8321759259259259
