11 0.9997395833333333 0.7071759259259259 0.996875 0.7071759259259259 0.9966145833333333 0.7076388888888889 0.9947916666666666 0.7076388888888889 0.99375 0.7081018518518518 0.99140625 0.7099537037037037 0.9908854166666666 0.7108796296296296 0.98984375 0.7113425925925926 0.98671875 0.7113425925925926 0.9854166666666667 0.7118055555555556 0.9830729166666666 0.7131944444444445 0.9807291666666667 0.7131944444444445 0.98046875 0.7136574074074075 0.9778645833333334 0.7136574074074075 0.975 0.7159722222222222 0.9744791666666667 0.7168981481481481 0.9731770833333333 0.7178240740740741 0.9697916666666667 0.7178240740740741 0.96953125 0.718287037037037 0.9669270833333333 0.718287037037037 0.9666666666666667 0.71875 0.9625 0.71875 0.9622395833333334 0.719212962962963 0.9609375 0.719212962962963 0.9606770833333333 0.7196759259259259 0.9591145833333333 0.7196759259259259 0.9588541666666667 0.7201388888888889 0.95703125 0.7201388888888889 0.9567708333333333 0.7206018518518519 0.9546875 0.7206018518518519 0.9544270833333334 0.7210648148148148 0.953125 0.7210648148148148 0.95078125 0.7224537037037037 0.9494791666666667 0.7238425925925925 0.94765625 0.7252314814814815 0.946875 0.7252314814814815 0.94609375 0.7261574074074074 0.94453125 0.7266203703703704 0.9434895833333333 0.7275462962962963 0.9411458333333333 0.7280092592592593 0.93984375 0.7289351851851852 0.934375 0.7289351851851852 0.93203125 0.7307870370370371 0.9309895833333334 0.73125 0.9299479166666667 0.7307870370370371 0.9278645833333333 0.7307870370370371 0.92578125 0.7289351851851852 0.92421875 0.7284722222222222 0.923046875 0.725462962962963 0.9227864583333333 0.7212962962962963 0.922265625 0.7194444444444444 0.9217447916666667 0.7162037037037037 0.9203125 0.7136574074074075 0.9200520833333333 0.7136574074074075 0.9188802083333333 0.711574074074074 0.9186197916666666 0.7087962962962963 0.91796875 0.7076388888888889 0.9171875 0.7071759259259259 0.9158854166666667 0.7071759259259259 0.915625 0.7076388888888889 0.9143229166666667 0.7076388888888889 0.9140625 0.7081018518518518 0.9125 0.7081018518518518 0.9098958333333333 0.7094907407407407 0.9072916666666667 0.7113425925925926 0.9059895833333333 0.7127314814814815 0.90546875 0.7127314814814815 0.8979166666666667 0.718287037037037 0.8955729166666667 0.7201388888888889 0.8947916666666667 0.7201388888888889 0.89375 0.7210648148148148 0.89296875 0.7210648148148148 0.8919270833333334 0.7219907407407408 0.890625 0.7224537037037037 0.8888020833333333 0.7243055555555555 0.8880208333333334 0.7247685185185185 0.8861979166666667 0.7266203703703704 0.8848958333333333 0.7275462962962963 0.88359375 0.7280092592592593 0.8783854166666667 0.732175925925926 0.8763020833333334 0.7331018518518518 0.8729166666666667 0.7358796296296296 0.8708333333333333 0.7368055555555556 0.86953125 0.7377314814814815 0.8661458333333333 0.7409722222222223 0.865625 0.7409722222222223 0.86171875 0.7442129629629629 0.8611979166666667 0.7442129629629629 0.859375 0.7460648148148148 0.85703125 0.7479166666666667 0.8528645833333334 0.7516203703703703 0.8518229166666667 0.7530092592592592 0.8494791666666667 0.7548611111111111 0.8484375 0.7548611111111111 0.8455729166666667 0.75625 0.84296875 0.75625 0.8427083333333333 0.756712962962963 0.84140625 0.756712962962963 0.83984375 0.7576388888888889 0.8377604166666667 0.7594907407407407 0.8361979166666667 0.7594907407407407 0.8359375 0.7599537037037037 0.834375 0.7599537037037037 0.8341145833333333 0.7604166666666666 0.8325520833333333 0.7604166666666666 0.8322916666666667 0.7608796296296296 0.8309895833333333 0.7608796296296296 0.8307291666666666 0.7613425925925926 0.828125 0.7613425925925926 0.8278645833333333 0.7618055555555555 0.8260416666666667 0.7618055555555555 0.82578125 0.7622685185185185 0.82421875 0.7622685185185185 0.8239583333333333 0.7627314814814815 0.8223958333333333 0.7627314814814815 0.8221354166666667 0.7631944444444444 0.8192708333333333 0.7631944444444444 0.8190104166666666 0.7636574074074074 0.8158854166666667 0.7636574074074074 0.815625 0.7641203703703704 0.8138020833333334 0.7641203703703704 0.8125 0.7645833333333333 0.8098958333333334 0.7664351851851852 0.8075520833333333 0.7668981481481482 0.8072916666666666 0.7673611111111112 0.8059895833333334 0.7673611111111112 0.8057291666666667 0.767824074074074 0.80390625 0.767824074074074 0.8036458333333333 0.768287037037037 0.8020833333333334 0.768287037037037 0.8018229166666667 0.76875 0.8005208333333333 0.76875 0.8002604166666667 0.7692129629629629 0.7986979166666667 0.7692129629629629 0.7984375 0.7696759259259259 0.796875 0.7696759259259259 0.7953125 0.7706018518518518 0.7942708333333334 0.7706018518518518 0.7927083333333333 0.7715277777777778 0.79140625 0.7715277777777778 0.7911458333333333 0.7719907407407407 0.78984375 0.7719907407407407 0.7895833333333333 0.7724537037037037 0.78828125 0.7724537037037037 0.7869791666666667 0.7733796296296296 0.7854166666666667 0.7733796296296296 0.78515625 0.7738425925925926 0.7838541666666666 0.7738425925925926 0.78359375 0.7743055555555556 0.78203125 0.7743055555555556 0.7817708333333333 0.7747685185185185 0.78046875 0.7747685185185185 0.7802083333333333 0.7752314814814815 0.7786458333333334 0.7752314814814815 0.7783854166666667 0.7756944444444445 0.7763020833333333 0.7756944444444445 0.7760416666666666 0.7761574074074075 0.7739583333333333 0.7761574074074075 0.7736979166666667 0.7766203703703703 0.771875 0.7766203703703703 0.7716145833333333 0.7770833333333333 0.7700520833333333 0.7770833333333333 0.7697916666666667 0.7775462962962963 0.7684895833333333 0.7775462962962963 0.7682291666666666 0.7780092592592592 0.7669270833333334 0.7780092592592592 0.7666666666666667 0.7784722222222222 0.7645833333333333 0.7789351851851852 0.7627604166666667 0.7803240740740741 0.76171875 0.7803240740740741 0.76015625 0.78125 0.7583333333333333 0.781712962962963 0.7580729166666667 0.7821759259259259 0.7567708333333333 0.7821759259259259 0.7565104166666666 0.7826388888888889 0.7552083333333334 0.7826388888888889 0.7549479166666667 0.7831018518518519 0.7528645833333333 0.7831018518518519 0.7526041666666666 0.7835648148148148 0.7505208333333333 0.7835648148148148 0.7502604166666667 0.7840277777777778 0.7484375 0.7840277777777778 0.7481770833333333 0.7844907407407408 0.7466145833333333 0.7844907407407408 0.7463541666666667 0.7849537037037037 0.7450520833333333 0.7849537037037037 0.7447916666666666 0.7854166666666667 0.74296875 0.7854166666666667 0.7427083333333333 0.7858796296296297 0.74140625 0.7858796296296297 0.7411458333333333 0.7863425925925925 0.73984375 0.7863425925925925 0.7395833333333334 0.7868055555555555 0.7380208333333333 0.7868055555555555 0.7377604166666667 0.7872685185185185 0.7356770833333334 0.7872685185185185 0.7354166666666667 0.7877314814814815 0.7341145833333333 0.7877314814814815 0.7328125 0.7881944444444444 0.7315104166666667 0.7891203703703704 0.7302083333333333 0.7891203703703704 0.7299479166666667 0.7895833333333333 0.7283854166666667 0.7895833333333333 0.728125 0.7900462962962963 0.72578125 0.7900462962962963 0.7255208333333333 0.7905092592592593 0.7234375 0.7905092592592593 0.7231770833333333 0.7909722222222222 0.72109375 0.7909722222222222 0.7177083333333333 0.7923611111111111 0.7166666666666667 0.7932870370370371 0.7153645833333333 0.7932870370370371 0.7151041666666667 0.79375 0.7135416666666666 0.79375 0.71328125 0.794212962962963 0.7119791666666667 0.794212962962963 0.7106770833333333 0.794675925925926 0.709375 0.7956018518518518 0.7080729166666667 0.7960648148148148 0.7065104166666667 0.7960648148148148 0.70625 0.7965277777777777 0.7046875 0.7965277777777777 0.7044270833333334 0.7969907407407407 0.7028645833333333 0.7969907407407407 0.7026041666666667 0.7974537037037037 0.7013020833333333 0.7974537037037037 0.7010416666666667 0.7979166666666667 0.6997395833333333 0.7979166666666667 0.6994791666666667 0.7983796296296296 0.6981770833333333 0.7983796296296296 0.6979166666666666 0.7988425925925926 0.6963541666666667 0.7988425925925926 0.69609375 0.7993055555555556 0.6947916666666667 0.7993055555555556 0.69453125 0.7997685185185185 0.6932291666666667 0.7997685185185185 0.6903645833333333 0.8011574074074074 0.6875 0.8011574074074074 0.6872395833333333 0.8016203703703704 0.6848958333333334 0.8016203703703704 0.6846354166666667 0.8020833333333334 0.6833333333333333 0.8020833333333334 0.6830729166666667 0.8025462962962963 0.6817708333333333 0.8025462962962963 0.6815104166666667 0.8030092592592593 0.6783854166666666 0.8030092592592593 0.678125 0.8034722222222223 0.6752604166666667 0.8034722222222223 0.675 0.8039351851851851 0.6731770833333334 0.8039351851851851 0.671875 0.8043981481481481 0.6708333333333333 0.805324074074074 0.6677083333333333 0.80625 0.665625 0.8071759259259259 0.6645833333333333 0.8081018518518519 0.6622395833333333 0.8090277777777778 0.66015625 0.8090277777777778 0.6598958333333333 0.8094907407407408 0.6578125 0.8094907407407408 0.6575520833333334 0.8099537037037037 0.6559895833333333 0.8099537037037037 0.6520833333333333 0.8113425925925926 0.6505208333333333 0.8122685185185186 0.646875 0.8122685185185186 0.6466145833333333 0.8127314814814814 0.6442708333333333 0.8127314814814814 0.6440104166666667 0.8131944444444444 0.6427083333333333 0.8131944444444444 0.6411458333333333 0.8118055555555556 0.6391927083333333 0.8083333333333333 0.6389322916666667 0.8069444444444445 0.637890625 0.8041666666666667 0.637109375 0.799537037037037 0.6368489583333333 0.7953703703703704 0.636328125 0.7930555555555555 0.6360677083333334 0.7902777777777777 0.6350260416666667 0.7870370370370371 0.634765625 0.7828703703703703 0.633984375 0.7791666666666667 0.6337239583333333 0.7759259259259259 0.633203125 0.7736111111111111 0.633203125 0.7717592592592593 0.6326822916666667 0.7694444444444445 0.6321614583333334 0.7638888888888888 0.631640625 0.7611111111111111 0.6311197916666667 0.7597222222222222 0.630859375 0.7574074074074074 0.6298177083333333 0.7527777777777778 0.6295572916666666 0.749537037037037 0.6287760416666667 0.7462962962962963 0.6282552083333334 0.7416666666666667 0.6272135416666667 0.7379629629629629 0.6266927083333333 0.7342592592592593 0.626171875 0.7324074074074074 0.6259114583333333 0.7300925925925926 0.6259114583333333 0.7277777777777777 0.6256510416666666 0.7273148148148149 0.6256510416666666 0.725 0.625390625 0.7231481481481481 0.6248697916666667 0.7217592592592592 0.6243489583333334 0.7189814814814814 0.623828125 0.7175925925925926 0.623828125 0.7162037037037037 0.6233072916666667 0.7148148148148148 0.6225260416666667 0.7101851851851851 0.622265625 0.7078703703703704 0.6217447916666666 0.7060185185185185 0.621484375 0.7027777777777777 0.6204427083333334 0.6953703703703704 0.619921875 0.6925925925925925 0.6194010416666667 0.6912037037037037 0.6188802083333333 0.687037037037037 0.618359375 0.6851851851851852 0.6180989583333333 0.6819444444444445 0.617578125 0.6800925925925926 0.617578125 0.6787037037037037 0.6170572916666667 0.6768518518518518 0.6170572916666667 0.674537037037037 0.616796875 0.674074074074074 0.616796875 0.6712962962962963 0.6162760416666667 0.6689814814814815 0.616015625 0.6662037037037037 0.615234375 0.6638888888888889 0.614453125 0.6583333333333333 0.6139322916666666 0.6560185185185186 0.6139322916666666 0.6541666666666667 0.6134114583333333 0.6523148148148148 0.6134114583333333 0.6509259259259259 0.6123697916666667 0.6467592592592593 0.612109375 0.6444444444444445 0.6115885416666667 0.6425925925925926 0.6110677083333333 0.6370370370370371 0.610546875 0.6347222222222222 0.610546875 0.6277777777777778 0.6102864583333333 0.6273148148148148 0.6102864583333333 0.625 0.6095052083333333 0.6212962962962963 0.6095052083333333 0.6199074074074075 0.6087239583333334 0.6171296296296296 0.6076822916666667 0.6152777777777778 0.6069010416666667 0.6101851851851852 0.6063802083333333 0.6083333333333333 0.605859375 0.6041666666666666 0.6055989583333333 0.600925925925926 0.605078125 0.5986111111111111 0.6048177083333334 0.5958333333333333 0.6037760416666667 0.5925925925925926 0.6037760416666667 0.5907407407407408 0.6029947916666667 0.587037037037037 0.6029947916666667 0.5856481481481481 0.6024739583333333 0.5819444444444445 0.601953125 0.5800925925925926 0.6016927083333333 0.5777777777777777 0.6016927083333333 0.575462962962963 0.6014322916666667 0.575 0.6014322916666667 0.5726851851851852 0.6006510416666667 0.5675925925925925 0.6001302083333333 0.5662037037037037 0.5998697916666667 0.5638888888888889 0.598828125 0.5592592592592592 0.5985677083333333 0.5560185185185185 0.598046875 0.5541666666666667 0.5975260416666667 0.55 0.597265625 0.549537037037037 0.5970052083333334 0.5462962962962963 0.5959635416666667 0.5425925925925926 0.594921875 0.5370370370370371 0.594921875 0.5347222222222222 0.5946614583333333 0.5342592592592592 0.5946614583333333 0.5319444444444444 0.5938802083333333 0.5268518518518519 0.5928385416666667 0.5231481481481481 0.5928385416666667 0.5217592592592593 0.5920572916666667 0.5185185185185185 0.5920572916666667 0.5171296296296296 0.5912760416666667 0.5143518518518518 0.5904947916666666 0.5083333333333333 0.5897135416666667 0.5041666666666667 0.589453125 0.5 0.5889322916666667 0.49675925925925923 0.5884114583333333 0.49537037037037035 0.587109375 0.48842592592592593 0.5868489583333333 0.48518518518518516 0.5860677083333333 0.48148148148148145 0.5860677083333333 0.4787037037037037 0.5858072916666667 0.47824074074074074 0.5858072916666667 0.4759259259259259 0.585546875 0.475462962962963 0.585546875 0.47314814814814815 0.5852864583333334 0.4726851851851852 0.584765625 0.4685185185185185 0.5842447916666667 0.4671296296296296 0.583984375 0.46435185185185185 0.583203125 0.46111111111111114 0.583203125 0.4597222222222222 0.5826822916666666 0.45787037037037037 0.5826822916666666 0.4564814814814815 0.5819010416666667 0.4532407407407407 0.5813802083333334 0.4476851851851852 0.580859375 0.4449074074074074 0.5803385416666667 0.44351851851851853 0.5798177083333333 0.4398148148148148 0.579296875 0.4375 0.5790364583333333 0.43333333333333335 0.578515625 0.4310185185185185 0.577734375 0.425 0.5772135416666667 0.4222222222222222 0.5764322916666667 0.41944444444444445 0.5759114583333333 0.41388888888888886 0.575390625 0.41203703703703703 0.575390625 0.4097222222222222 0.5751302083333333 0.40925925925925927 0.5751302083333333 0.40694444444444444 0.574609375 0.4041666666666667 0.5743489583333333 0.4009259259259259 0.5735677083333334 0.3972222222222222 0.5733072916666667 0.39351851851851855 0.5725260416666667 0.3902777777777778 0.5725260416666667 0.38842592592592595 0.5720052083333333 0.38564814814814813 0.5725260416666667 0.38333333333333336 0.5747395833333333 0.38078703703703703 0.57578125 0.3789351851851852 0.5770833333333333 0.3784722222222222 0.5783854166666667 0.37754629629629627 0.5796875 0.3770833333333333 0.58125 0.3770833333333333 0.5815104166666667 0.3766203703703704 0.5828125 0.3766203703703704 0.5830729166666667 0.3761574074074074 0.584375 0.3761574074074074 0.5856770833333333 0.37569444444444444 0.58671875 0.3747685185185185 0.5880208333333333 0.37430555555555556 0.59140625 0.37430555555555556 0.5928385416666667 0.37222222222222223 0.593359375 0.37083333333333335 0.594140625 0.36666666666666664 0.594140625 0.36064814814814816 0.5944010416666666 0.36018518518518516 0.5944010416666666 0.35694444444444445 0.594140625 0.35648148148148145 0.594140625 0.3541666666666667 0.5938802083333333 0.3537037037037037 0.5938802083333333 0.35138888888888886 0.5936197916666667 0.34953703703703703 0.591796875 0.3425925925925926 0.591015625 0.33611111111111114 0.5907552083333333 0.33564814814814814 0.5904947916666666 0.33240740740740743 0.5897135416666667 0.3287037037037037 0.5897135416666667 0.32083333333333336 0.5899739583333333 0.32037037037037036 0.5899739583333333 0.3162037037037037 0.590234375 0.31574074074074077 0.591015625 0.31157407407407406 0.5915364583333333 0.30972222222222223 0.59296875 0.3071759259259259 0.5940104166666667 0.305787037037037 0.5966145833333333 0.3034722222222222 0.598046875 0.30092592592592593 0.5985677083333333 0.29814814814814816 0.598828125 0.2949074074074074 0.599609375 0.29259259259259257 0.6006510416666667 0.287962962962963 0.60234375 0.2849537037037037 0.6041666666666666 0.2835648148148148 0.6065104166666667 0.2835648148148148 0.6075520833333333 0.2831018518518518 0.6104166666666667 0.28032407407407406 0.6111979166666667 0.2798611111111111 0.6125 0.2798611111111111 0.6127604166666667 0.2793981481481482 0.61484375 0.2793981481481482 0.6151041666666667 0.2789351851851852 0.6166666666666667 0.2789351851851852 0.6169270833333333 0.27847222222222223 0.6182291666666667 0.27847222222222223 0.6184895833333334 0.27800925925925923 0.6205729166666667 0.27800925925925923 0.6208333333333333 0.2775462962962963 0.6229166666666667 0.2775462962962963 0.6231770833333333 0.27708333333333335 0.6255208333333333 0.27708333333333335 0.62578125 0.27662037037037035 0.6276041666666666 0.27662037037037035 0.6278645833333333 0.2761574074074074 0.6291666666666667 0.2761574074074074 0.6294270833333333 0.27569444444444446 0.6315104166666666 0.27523148148148147 0.6325520833333333 0.2743055555555556 0.634375 0.2738425925925926 0.6354166666666666 0.27291666666666664 0.6372395833333333 0.2724537037037037 0.63828125 0.27152777777777776 0.6403645833333333 0.2710648148148148 0.640625 0.27060185185185187 0.6419270833333334 0.27060185185185187 0.6421875 0.2701388888888889 0.6434895833333333 0.2701388888888889 0.64375 0.26967592592592593 0.6450520833333333 0.26967592592592593 0.6453125 0.269212962962963 0.6466145833333333 0.269212962962963 0.64765625 0.26828703703703705 0.6484375 0.26828703703703705 0.6505208333333333 0.26689814814814816 0.6515625 0.26689814814814816 0.6528645833333333 0.2659722222222222 0.6541666666666667 0.2655092592592593 0.65546875 0.2655092592592593 0.65703125 0.26458333333333334 0.6583333333333333 0.26458333333333334 0.65859375 0.2641203703703704 0.6598958333333333 0.2641203703703704 0.66015625 0.2636574074074074 0.6614583333333334 0.2636574074074074 0.66171875 0.26319444444444445 0.6630208333333333 0.26319444444444445 0.6643229166666667 0.26273148148148145 0.665625 0.26180555555555557 0.6669270833333333 0.26180555555555557 0.6684895833333333 0.26087962962962963 0.6700520833333333 0.26087962962962963 0.6703125 0.2604166666666667 0.6734375 0.2604166666666667 0.6744791666666666 0.2599537037037037 0.6752604166666667 0.2590277777777778 0.6768229166666667 0.25810185185185186 0.6791666666666667 0.2571759259259259 0.6794270833333333 0.256712962962963 0.6833333333333333 0.2548611111111111 0.6841145833333333 0.2539351851851852 0.68515625 0.2539351851851852 0.6869791666666667 0.25254629629629627 0.6880208333333333 0.2520833333333333 0.6893229166666667 0.2520833333333333 0.6895833333333333 0.2516203703703704 0.6911458333333333 0.2516203703703704 0.69140625 0.2511574074074074 0.69296875 0.2511574074074074 0.6932291666666667 0.25069444444444444 0.6947916666666667 0.25069444444444444 0.6963541666666667 0.24976851851851853 0.6979166666666666 0.24976851851851853 0.6981770833333333 0.24930555555555556 0.6997395833333333 0.24930555555555556 0.7 0.2488425925925926 0.7015625 0.2488425925925926 0.70390625 0.24791666666666667 0.7049479166666667 0.24699074074074073 0.7059895833333333 0.24699074074074073 0.7083333333333334 0.24560185185185185 0.7096354166666666 0.24513888888888888 0.71171875 0.24513888888888888 0.7119791666666667 0.24467592592592594 0.7143229166666667 0.24467592592592594 0.7145833333333333 0.24421296296296297 0.71796875 0.24421296296296297 0.71953125 0.24513888888888888 0.7212239583333333 0.2490740740740741 0.7212239583333333 0.24722222222222223 0.722265625 0.2439814814814815 0.723046875 0.24259259259259258 0.723828125 0.24027777777777778 0.725 0.23819444444444443 0.7260416666666667 0.2377314814814815 0.7264322916666667 0.23657407407407408 0.7264322916666667 0.23425925925925925 0.7272135416666666 0.23148148148148148 0.72890625 0.22847222222222222 0.7291666666666666 0.22847222222222222 0.7315104166666667 0.22430555555555556 0.7328125 0.22337962962962962 0.733984375 0.225 0.733984375 0.2273148148148148 0.732421875 0.2324074074074074 0.732421875 0.23564814814814813 0.7326822916666667 0.2361111111111111 0.7329427083333333 0.2388888888888889 0.7317708333333334 0.24097222222222223 0.73046875 0.24050925925925926 0.72890625 0.23912037037037037 0.7279947916666667 0.24027777777777778 0.7287760416666667 0.24212962962962964 0.7287760416666667 0.24537037037037038 0.7299479166666667 0.2474537037037037 0.73203125 0.24791666666666667 0.7341145833333333 0.24930555555555556 0.7359375 0.2516203703703704 0.7372395833333333 0.2516203703703704 0.7393229166666667 0.2502314814814815 0.74140625 0.2502314814814815 0.7434895833333334 0.2516203703703704 0.74453125 0.2516203703703704 0.7453125 0.25069444444444444 0.746875 0.24976851851851853 0.7479166666666667 0.24976851851851853 0.749609375 0.2518518518518518 0.750390625 0.25462962962962965 0.750390625 0.25555555555555554 0.7513020833333334 0.2571759259259259 0.7524739583333333 0.25416666666666665 0.752734375 0.2513888888888889 0.7537760416666667 0.24768518518518517 0.7545572916666666 0.24583333333333332 0.7559895833333333 0.24375 0.7609375 0.24375 0.7611979166666667 0.24421296296296297 0.7643229166666666 0.24421296296296297 0.7645833333333333 0.24375 0.76796875 0.24375 0.76875 0.24467592592592594 0.7708333333333334 0.24606481481481482 0.771484375 0.24722222222222223 0.7725260416666667 0.25046296296296294 0.773828125 0.25324074074074077 0.774609375 0.25601851851851853 0.776171875 0.25925925925925924 0.7774739583333333 0.26435185185185184 0.778515625 0.2662037037037037 0.7790364583333333 0.26851851851851855 0.7798177083333333 0.2708333333333333 0.7803385416666667 0.27361111111111114 0.7803385416666667 0.27870370370370373 0.780078125 0.2791666666666667 0.780078125 0.28194444444444444 0.7809895833333333 0.2831018518518518 0.7825520833333334 0.2831018518518518 0.7842447916666667 0.2861111111111111 0.7850260416666667 0.2884259259259259 0.7852864583333333 0.2916666666666667 0.7865885416666667 0.29583333333333334 0.7865885416666667 0.30092592592592593 0.787109375 0.3023148148148148 0.78828125 0.30439814814814814 0.7901041666666667 0.305787037037037 0.79140625 0.30625 0.7953125 0.30625 0.79609375 0.305787037037037 0.7994791666666666 0.3025462962962963 0.8010416666666667 0.3020833333333333 0.8026041666666667 0.30115740740740743 0.8041666666666667 0.30115740740740743 0.8044270833333333 0.30069444444444443 0.8059895833333334 0.30069444444444443 0.80625 0.3002314814814815 0.809375 0.3002314814814815 0.8106770833333333 0.29976851851851855 0.8119791666666667 0.2988425925925926 0.8138020833333334 0.2969907407407407 0.8151041666666666 0.2965277777777778 0.8158854166666667 0.29560185185185184 0.8171875 0.29560185185185184 0.8174479166666667 0.2951388888888889 0.8192708333333333 0.2951388888888889 0.81953125 0.29467592592592595 0.82109375 0.29467592592592595 0.8213541666666667 0.29421296296296295 0.8239583333333333 0.29421296296296295 0.82421875 0.29375 0.8265625 0.29375 0.8286458333333333 0.2923611111111111 0.8298177083333333 0.29074074074074074 0.831640625 0.28564814814814815 0.832421875 0.2828703703703704 0.832421875 0.28194444444444444 0.833203125 0.2796296296296296 0.834765625 0.2740740740740741 0.8360677083333333 0.2712962962962963 0.8368489583333333 0.26851851851851855 0.837109375 0.26666666666666666 0.8389322916666667 0.26296296296296295 0.840234375 0.25833333333333336 0.8424479166666666 0.25439814814814815 0.8436197916666667 0.25277777777777777 0.844921875 0.24861111111111112 0.8451822916666667 0.2462962962962963 0.8459635416666667 0.24351851851851852 0.8477864583333333 0.24027777777777778 0.8477864583333333 0.23981481481481481 0.8490885416666667 0.2375 0.8501302083333333 0.2351851851851852 0.8509114583333334 0.23148148148148148 0.8522135416666666 0.22824074074074074 0.8522135416666666 0.22777777777777777 0.8536458333333333 0.22523148148148148 0.85390625 0.22523148148148148 0.855078125 0.22314814814814815 0.8555989583333333 0.2212962962962963 0.8555989583333333 0.21944444444444444 0.856640625 0.21666666666666667 0.8595052083333333 0.21157407407407408 0.860546875 0.20787037037037037 0.8610677083333333 0.20694444444444443 0.8615885416666667 0.20462962962962963 0.8627604166666667 0.20300925925925925 0.8670572916666667 0.19537037037037036 0.8678385416666666 0.1925925925925926 0.8678385416666666 0.19166666666666668 0.8690104166666667 0.18958333333333333 0.87265625 0.18819444444444444 0.8729166666666667 0.18773148148148147 0.87421875 0.18773148148148147 0.8760416666666667 0.18680555555555556 0.8768229166666667 0.18587962962962962 0.878125 0.18541666666666667 0.87890625 0.18449074074074073 0.88203125 0.18356481481481482 0.8830729166666667 0.18263888888888888 0.884375 0.18217592592592594 0.8890625 0.18217592592592594 0.88984375 0.18125 0.8908854166666667 0.18078703703703702 0.8927083333333333 0.17847222222222223 0.89375 0.17800925925925926 0.8958333333333334 0.17800925925925926 0.896875 0.17754629629629629 0.89765625 0.17662037037037037 0.9005208333333333 0.1752314814814815 0.9026041666666667 0.1752314814814815 0.9028645833333333 0.17476851851851852 0.9044270833333333 0.17476851851851852 0.9057291666666667 0.17430555555555555 0.90703125 0.17337962962962963 0.9083333333333333 0.17291666666666666 0.9098958333333333 0.17291666666666666 0.91015625 0.1724537037037037 0.91171875 0.1724537037037037 0.9119791666666667 0.17199074074074075 0.9138020833333333 0.17152777777777778 0.91484375 0.17060185185185187 0.91640625 0.17060185185185187 0.9166666666666666 0.1701388888888889 0.91875 0.1701388888888889 0.9190104166666667 0.16967592592592592 0.9203125 0.16967592592592592 0.921875 0.16875 0.9231770833333334 0.16875 0.9234375 0.16828703703703704 0.925 0.16828703703703704 0.9252604166666667 0.16782407407407407 0.9270833333333334 0.16782407407407407 0.92734375 0.1673611111111111 0.92890625 0.1673611111111111 0.9302083333333333 0.16643518518518519 0.9317708333333333 0.16597222222222222 0.9348958333333334 0.16319444444444445 0.9385416666666667 0.16180555555555556 0.9416666666666667 0.16180555555555556 0.9432291666666667 0.16273148148148148 0.9447916666666667 0.16273148148148148 0.9450520833333333 0.1622685185185185 0.9463541666666667 0.1622685185185185 0.9466145833333334 0.16180555555555556 0.9489583333333333 0.16180555555555556 0.95078125 0.16319444444444445 0.951171875 0.16203703703703703 0.950390625 0.16064814814814815 0.9501302083333333 0.15925925925925927 0.9501302083333333 0.15648148148148147 0.951171875 0.1527777777777778 0.9514322916666667 0.15 0.9536458333333333 0.14791666666666667 0.955078125 0.14537037037037037 0.9553385416666667 0.14351851851851852 0.9557291666666666 0.14282407407407408 0.95703125 0.1423611111111111 0.9583333333333334 0.14097222222222222 0.9611979166666667 0.14097222222222222 0.9614583333333333 0.1414351851851852 0.9635416666666666 0.14282407407407408 0.965625 0.1414351851851852 0.9671875 0.1414351851851852 0.9682291666666667 0.1423611111111111 0.9696614583333333 0.14305555555555555 0.9674479166666666 0.14467592592592593 0.9653645833333333 0.14467592592592593 0.9643229166666667 0.14375 0.9630208333333333 0.14328703703703705 0.9606770833333333 0.1474537037037037 0.9598958333333333 0.14791666666666667 0.9587239583333333 0.15 0.9587239583333333 0.15555555555555556 0.958984375 0.15694444444444444 0.9604166666666667 0.15902777777777777 0.9619791666666667 0.16041666666666668 0.96328125 0.16041666666666668 0.964453125 0.1587962962962963 0.964453125 0.15787037037037038 0.965234375 0.1550925925925926 0.9661458333333334 0.15393518518518517 0.9671875 0.15393518518518517 0.9678385416666667 0.1550925925925926 0.9680989583333334 0.15648148148148147 0.9680989583333334 0.1597222222222222 0.9678385416666667 0.16018518518518518 0.9678385416666667 0.1625 0.9684895833333333 0.16365740740740742 0.9697916666666667 0.1650462962962963 0.9713541666666666 0.16550925925925927 0.9716145833333333 0.1650462962962963 0.9734375 0.1650462962962963 0.9747395833333333 0.16412037037037036 0.9759114583333334 0.16203703703703703 0.976171875 0.16064814814814815 0.9782552083333333 0.15694444444444444 0.9776041666666667 0.1553240740740741 0.9768229166666667 0.15486111111111112 0.9759114583333334 0.15324074074074073 0.975390625 0.15092592592592594 0.975390625 0.14537037037037037 0.97578125 0.14421296296296296 0.9778645833333334 0.14375 0.9791666666666666 0.14467592592592593 0.98046875 0.14652777777777778 0.9817708333333334 0.14791666666666667 0.9833333333333333 0.14791666666666667 0.9846354166666667 0.14699074074074073 0.9856770833333334 0.14699074074074073 0.9888020833333333 0.14421296296296296 0.9903645833333333 0.14375 0.9916666666666667 0.14282407407407408 0.99296875 0.14282407407407408 0.9932291666666667 0.1423611111111111 0.9958333333333333 0.1423611111111111 0.99609375 0.14189814814814813 0.9997395833333333 0.14189814814814813
11 0.97421875 0.14328703703703705 0.97421875 0.14328703703703705
11 0.75234375 0.23587962962962963 0.7510416666666667 0.23587962962962963 0.7501302083333333 0.23425925925925925 0.7498697916666667 0.23287037037037037 0.7501302083333333 0.2310185185185185 0.7510416666666667 0.22939814814814816 0.7518229166666667 0.22939814814814816 0.7529947916666667 0.2310185185185185 0.7532552083333334 0.23425925925925925 0.75234375 0.23587962962962963
11 0.849609375 0.2828703703703704 0.8515625 0.2793981481481482 0.853125 0.2793981481481482 0.8533854166666667 0.2789351851851852 0.8565104166666667 0.2789351851851852 0.8567708333333334 0.27847222222222223 0.85859375 0.27847222222222223 0.86171875 0.27662037037037035 0.8630208333333333 0.27662037037037035 0.86328125 0.2761574074074074 0.8645833333333334 0.2761574074074074 0.86640625 0.2747685185185185 0.8680989583333333 0.27175925925925926 0.8680989583333333 0.2712962962962963 0.8694010416666667 0.2689814814814815 0.8696614583333333 0.2671296296296296 0.8694010416666667 0.2662037037037037 0.8678385416666666 0.26342592592592595 0.8662760416666667 0.2587962962962963 0.8657552083333333 0.25555555555555554 0.8645833333333334 0.2520833333333333 0.8638020833333333 0.2520833333333333 0.86171875 0.25069444444444444 0.8609375 0.2511574074074074 0.8592447916666667 0.25416666666666665 0.858203125 0.2569444444444444 0.8563802083333333 0.2601851851851852 0.8563802083333333 0.26064814814814813 0.8529947916666667 0.26666666666666666 0.852734375 0.26805555555555555 0.8506510416666667 0.27361111111111114 0.850390625 0.27685185185185185 0.8494791666666667 0.2789351851851852 0.8484375 0.2798611111111111 0.8477864583333333 0.28194444444444444 0.8489583333333334 0.2831018518518518 0.849609375 0.2828703703703704
11 0.7798177083333333 0.3125 0.7815104166666667 0.3108796296296296 0.7833333333333333 0.30995370370370373 0.7842447916666667 0.30833333333333335 0.7838541666666666 0.30671296296296297 0.7822916666666667 0.3053240740740741 0.7805989583333334 0.3023148148148148 0.780078125 0.300462962962963 0.7791666666666667 0.2988425925925926 0.7776041666666667 0.29791666666666666 0.7763020833333333 0.29791666666666666 0.7760416666666666 0.2974537037037037 0.7747395833333334 0.2974537037037037 0.7716145833333333 0.3002314814814815 0.7708333333333334 0.3002314814814815 0.76796875 0.2974537037037037 0.7669270833333334 0.2974537037037037 0.766015625 0.29953703703703705 0.766015625 0.30185185185185187 0.7669270833333334 0.30439814814814814 0.76796875 0.3053240740740741 0.76875 0.30486111111111114 0.77109375 0.30486111111111114 0.7720052083333333 0.30648148148148147 0.7725260416666667 0.30833333333333335 0.7731770833333333 0.30949074074074073 0.7744791666666667 0.3104166666666667 0.77578125 0.3108796296296296 0.7778645833333333 0.3127314814814815 0.7798177083333333 0.3125
11 0.7524739583333333 0.3111111111111111 0.7529947916666667 0.30972222222222223 0.7529947916666667 0.3074074074074074 0.75234375 0.305787037037037 0.7515625 0.30625 0.7509114583333333 0.3074074074074074 0.7509114583333333 0.30972222222222223 0.7515625 0.3113425925925926 0.7524739583333333 0.3111111111111111
11 0.7673177083333333 0.31666666666666665 0.76875 0.3164351851851852 0.7700520833333333 0.31550925925925927 0.771875 0.31504629629629627 0.7720052083333333 0.3138888888888889 0.77109375 0.31180555555555556 0.7703125 0.3113425925925926 0.7674479166666667 0.3113425925925926 0.7666666666666667 0.31180555555555556 0.7651041666666667 0.3136574074074074 0.764453125 0.3148148148148148 0.7658854166666667 0.3164351851851852 0.7673177083333333 0.31666666666666665
11 0.9997395833333333 0.5965277777777778 0.9979166666666667 0.5965277777777778 0.9950520833333333 0.5993055555555555 0.99296875 0.6006944444444444 0.9921875 0.6016203703703704 0.9893229166666667 0.6039351851851852 0.9854166666666667 0.6081018518518518 0.9846354166666667 0.6085648148148148 0.9815104166666667 0.6122685185185185 0.9799479166666667 0.6131944444444445 0.9787760416666667 0.6152777777777778 0.978515625 0.6175925925925926 0.978515625 0.6208333333333333 0.9787760416666667 0.6217592592592592 0.9803385416666667 0.624537037037037 0.9811197916666666 0.6263888888888889 0.9819010416666667 0.6296296296296297 0.982421875 0.6305555555555555 0.9834635416666667 0.6342592592592593 0.983984375 0.6370370370370371 0.983984375 0.6388888888888888 0.9845052083333333 0.6412037037037037 0.984765625 0.6435185185185185 0.984765625 0.6472222222222223 0.9850260416666666 0.6476851851851851 0.9850260416666666 0.6513888888888889 0.9845052083333333 0.6541666666666667 0.9845052083333333 0.6569444444444444 0.9848958333333333 0.6576388888888889 0.9869791666666666 0.6576388888888889 0.9888020833333333 0.65625 0.9895833333333334 0.65625 0.9911458333333333 0.6548611111111111 0.9932291666666667 0.6539351851851852 0.99453125 0.6530092592592592 0.9958333333333333 0.6530092592592592 0.99609375 0.6525462962962963 0.99765625 0.6525462962962963 0.9979166666666667 0.6520833333333333 0.9997395833333333 0.6520833333333333
11 0.650390625 0.7564814814814815 0.6510416666666666 0.75625 0.65234375 0.7548611111111111 0.6536458333333334 0.7543981481481481 0.6545572916666667 0.7523148148148148 0.6553385416666667 0.749537037037037 0.6565104166666667 0.7474537037037037 0.6567708333333333 0.7474537037037037 0.6592447916666667 0.7430555555555556 0.6592447916666667 0.7425925925925926 0.6608072916666666 0.7398148148148148 0.6615885416666667 0.7375 0.6647135416666666 0.7300925925925926 0.6647135416666666 0.7296296296296296 0.6662760416666667 0.7268518518518519 0.6670572916666667 0.7245370370370371 0.6670572916666667 0.7231481481481481 0.6678385416666667 0.7199074074074074 0.6678385416666667 0.7166666666666667 0.6673177083333334 0.7148148148148148 0.6673177083333334 0.7134259259259259 0.6662760416666667 0.7092592592592593 0.6662760416666667 0.7083333333333334 0.665234375 0.7050925925925926 0.6649739583333333 0.7037037037037037 0.6649739583333333 0.7013888888888888 0.6647135416666666 0.700925925925926 0.6647135416666666 0.6986111111111111 0.6634114583333334 0.6930555555555555 0.662109375 0.6884259259259259 0.662109375 0.687037037037037 0.6615885416666667 0.6851851851851852 0.6608072916666666 0.6800925925925926 0.6602864583333333 0.6787037037037037 0.6592447916666667 0.6722222222222223 0.6584635416666667 0.6689814814814815 0.6584635416666667 0.6680555555555555 0.6569010416666666 0.662962962962963 0.656640625 0.6606481481481481 0.6561197916666667 0.6587962962962963 0.6555989583333334 0.6546296296296297 0.655078125 0.6527777777777778 0.6548177083333333 0.649537037037037 0.654296875 0.6476851851851851 0.654296875 0.6462962962962963 0.6537760416666667 0.6444444444444445 0.6537760416666667 0.6430555555555556 0.6532552083333333 0.6407407407407407 0.6509114583333333 0.6324074074074074 0.6506510416666667 0.6300925925925925 0.6498697916666667 0.6273148148148148 0.6481770833333333 0.6243055555555556 0.6471354166666666 0.6229166666666667 0.6463541666666667 0.6224537037037037 0.64453125 0.6229166666666667 0.6432291666666666 0.6238425925925926 0.6411458333333333 0.6243055555555556 0.6388020833333333 0.6261574074074074 0.6348958333333333 0.6261574074074074 0.6333333333333333 0.6270833333333333 0.6317708333333333 0.6275462962962963 0.6302083333333334 0.6289351851851852 0.6279947916666667 0.6328703703703704 0.6274739583333333 0.6342592592592593 0.6272135416666667 0.6361111111111111 0.6279947916666667 0.6402777777777777 0.6279947916666667 0.6416666666666667 0.628515625 0.6453703703703704 0.6287760416666667 0.6458333333333334 0.6287760416666667 0.6481481481481481 0.6295572916666666 0.6518518518518519 0.6295572916666666 0.6532407407407408 0.630078125 0.6550925925925926 0.630078125 0.6564814814814814 0.631640625 0.6625 0.6321614583333334 0.6662037037037037 0.6329427083333333 0.6699074074074074 0.6329427083333333 0.6722222222222223 0.633203125 0.6726851851851852 0.633203125 0.6759259259259259 0.6337239583333333 0.6782407407407407 0.6337239583333333 0.6796296296296296 0.6342447916666667 0.6814814814814815 0.6350260416666667 0.6865740740740741 0.6365885416666667 0.6916666666666667 0.6365885416666667 0.6925925925925925 0.6373697916666666 0.6953703703703704 0.6373697916666666 0.6967592592592593 0.637890625 0.6986111111111111 0.6391927083333333 0.7055555555555556 0.6397135416666667 0.7069444444444445 0.640234375 0.7111111111111111 0.6404947916666667 0.711574074074074 0.6404947916666667 0.7138888888888889 0.6407552083333333 0.7143518518518519 0.6407552083333333 0.7180555555555556 0.641015625 0.7203703703703703 0.6415364583333333 0.7222222222222222 0.641796875 0.7245370370370371 0.6423177083333333 0.7263888888888889 0.6428385416666667 0.7314814814814815 0.6436197916666667 0.7337962962962963 0.644140625 0.7375 0.6446614583333333 0.7393518518518518 0.644921875 0.7416666666666667 0.6454427083333333 0.7430555555555556 0.645703125 0.7458333333333333 0.6462239583333333 0.7476851851851852 0.6467447916666667 0.7527777777777778 0.6481770833333333 0.7553240740740741 0.6497395833333334 0.756712962962963 0.650390625 0.7564814814814815
11 0.982421875 0.6643518518518519 0.983203125 0.662962962962963 0.983203125 0.6606481481481481 0.9828125 0.6594907407407408 0.9817708333333334 0.6599537037037037 0.9802083333333333 0.6618055555555555 0.9796875 0.6618055555555555 0.9790364583333333 0.663425925925926 0.9794270833333333 0.6641203703703704 0.9807291666666667 0.6641203703703704 0.9809895833333333 0.6645833333333333 0.982421875 0.6643518518518519
11 0.854296875 0.7060185185185185 0.8553385416666667 0.7055555555555556 0.8553385416666667 0.7041666666666667 0.8549479166666667 0.7034722222222223 0.8526041666666667 0.7034722222222223 0.851171875 0.7055555555555556 0.85234375 0.70625 0.854296875 0.7060185185185185
11 0.676171875 0.7851851851851852 0.6763020833333333 0.7849537037037037 0.6807291666666667 0.7849537037037037 0.6809895833333334 0.7844907407407408 0.6830729166666667 0.7844907407407408 0.6833333333333333 0.7840277777777778 0.6846354166666667 0.7840277777777778 0.6869791666666667 0.7826388888888889 0.68828125 0.7826388888888889 0.6885416666666667 0.7821759259259259 0.68984375 0.7821759259259259 0.6927083333333334 0.780787037037037 0.6950520833333333 0.780787037037037 0.6953125 0.7803240740740741 0.6981770833333333 0.7803240740740741 0.6984375 0.7798611111111111 0.7013020833333333 0.7798611111111111 0.7015625 0.7793981481481481 0.7046875 0.7793981481481481 0.7049479166666667 0.7789351851851852 0.70703125 0.7789351851851852 0.7072916666666667 0.7784722222222222 0.7091145833333333 0.7784722222222222 0.709375 0.7780092592592592 0.7111979166666667 0.7780092592592592 0.7114583333333333 0.7775462962962963 0.71328125 0.7775462962962963 0.7135416666666666 0.7770833333333333 0.7153645833333333 0.7770833333333333 0.715625 0.7766203703703703 0.71796875 0.7766203703703703 0.7182291666666667 0.7761574074074075 0.7203125 0.7761574074074075 0.7205729166666667 0.7756944444444445 0.72265625 0.7756944444444445 0.7229166666666667 0.7752314814814815 0.7247395833333333 0.7752314814814815 0.7260416666666667 0.7747685185185185 0.72734375 0.7738425925925926 0.7286458333333333 0.7738425925925926 0.72890625 0.7733796296296296 0.7364583333333333 0.7733796296296296 0.7377604166666667 0.7715277777777778 0.740625 0.7692129629629629 0.7424479166666667 0.7692129629629629 0.7427083333333333 0.76875 0.7447916666666666 0.76875 0.7450520833333333 0.768287037037037 0.7463541666666667 0.768287037037037 0.74765625 0.7673611111111112 0.75 0.7668981481481482 0.7513020833333334 0.7659722222222223 0.753125 0.7655092592592593 0.75546875 0.7641203703703704 0.7572916666666667 0.7641203703703704 0.7575520833333333 0.7636574074074074 0.7596354166666667 0.7636574074074074 0.7598958333333333 0.7631944444444444 0.7611979166666667 0.7631944444444444 0.7614583333333333 0.7627314814814815 0.7627604166666667 0.7627314814814815 0.7640625 0.7622685185185185 0.7651041666666667 0.7613425925925926 0.7658854166666667 0.7613425925925926 0.7671875 0.7604166666666666 0.76953125 0.7604166666666666 0.7697916666666667 0.7599537037037037 0.7721354166666666 0.7599537037037037 0.7736979166666667 0.7590277777777777 0.7755208333333333 0.7590277777777777 0.77578125 0.7585648148148149 0.77734375 0.7585648148148149 0.7776041666666667 0.7581018518518519 0.7791666666666667 0.7581018518518519 0.78125 0.756712962962963 0.7822916666666667 0.756712962962963 0.78359375 0.7557870370370371 0.7848958333333333 0.7557870370370371 0.78515625 0.7553240740740741 0.7864583333333334 0.7553240740740741 0.78671875 0.7548611111111111 0.78828125 0.7548611111111111 0.7885416666666667 0.7543981481481481 0.7903645833333334 0.7543981481481481 0.790625 0.7539351851851852 0.7927083333333333 0.7539351851851852 0.79296875 0.7534722222222222 0.7958333333333333 0.7534722222222222 0.79609375 0.7530092592592592 0.7981770833333334 0.7530092592592592 0.7994791666666666 0.7525462962962963 0.80078125 0.7516203703703703 0.8020833333333334 0.7516203703703703 0.80234375 0.7511574074074074 0.80390625 0.7511574074074074 0.8041666666666667 0.7506944444444444 0.8098958333333334 0.7506944444444444 0.81015625 0.7502314814814814 0.81171875 0.7502314814814814 0.8119791666666667 0.7497685185185186 0.8138020833333334 0.7493055555555556 0.8140625 0.7488425925925926 0.8153645833333333 0.7488425925925926 0.815625 0.7483796296296297 0.81796875 0.7483796296296297 0.8182291666666667 0.7479166666666667 0.81953125 0.7479166666666667 0.8197916666666667 0.7474537037037037 0.8247395833333333 0.7456018518518519 0.82578125 0.7446759259259259 0.8266927083333333 0.7430555555555556 0.8272135416666667 0.7412037037037037 0.8272135416666667 0.7351851851851852 0.826953125 0.7347222222222223 0.826953125 0.7319444444444444 0.8264322916666667 0.7300925925925926 0.826171875 0.7273148148148149 0.8256510416666667 0.725925925925926 0.8251302083333333 0.7226851851851852 0.8240885416666667 0.7199074074074074 0.8216145833333334 0.7145833333333333 0.81953125 0.7131944444444445 0.8151041666666666 0.7131944444444445 0.81484375 0.7136574074074075 0.81328125 0.7136574074074075 0.8109375 0.7150462962962963 0.80625 0.7168981481481481 0.8044270833333333 0.7168981481481481 0.8041666666666667 0.7173611111111111 0.8026041666666667 0.7173611111111111 0.80234375 0.7178240740740741 0.8010416666666667 0.7178240740740741 0.80078125 0.718287037037037 0.7994791666666666 0.718287037037037 0.79921875 0.71875 0.7979166666666667 0.71875 0.79765625 0.719212962962963 0.79609375 0.719212962962963 0.7958333333333333 0.7196759259259259 0.79375 0.7196759259259259 0.7934895833333333 0.7201388888888889 0.7921875 0.7201388888888889 0.7919270833333333 0.7206018518518519 0.7903645833333334 0.7206018518518519 0.7901041666666667 0.7210648148148148 0.78828125 0.7210648148148148 0.7880208333333333 0.7215277777777778 0.7861979166666667 0.7215277777777778 0.7859375 0.7219907407407408 0.7841145833333333 0.7219907407407408 0.7838541666666666 0.7224537037037037 0.7822916666666667 0.7224537037037037 0.78203125 0.7229166666666667 0.7807291666666667 0.7229166666666667 0.78046875 0.7233796296296297 0.7752604166666667 0.7252314814814815 0.77265625 0.7266203703703704 0.7713541666666667 0.7270833333333333 0.76953125 0.7270833333333333 0.7692708333333333 0.7275462962962963 0.7669270833333334 0.7275462962962963 0.7666666666666667 0.7280092592592593 0.76484375 0.7280092592592593 0.7645833333333333 0.7284722222222222 0.7625 0.7284722222222222 0.7622395833333333 0.7289351851851852 0.76015625 0.7289351851851852 0.7598958333333333 0.7293981481481482 0.7583333333333333 0.7293981481481482 0.7580729166666667 0.7298611111111111 0.7567708333333333 0.7298611111111111 0.7565104166666666 0.7303240740740741 0.7552083333333334 0.7303240740740741 0.7549479166666667 0.7307870370370371 0.753125 0.7307870370370371 0.7528645833333333 0.73125 0.7505208333333333 0.731712962962963 0.7481770833333333 0.7331018518518518 0.746875 0.7331018518518518 0.7466145833333333 0.7335648148148148 0.74453125 0.7335648148148148 0.7432291666666667 0.7340277777777777 0.7419270833333333 0.7349537037037037 0.7395833333333334 0.7354166666666667 0.7393229166666667 0.7358796296296296 0.7375 0.7358796296296296 0.7372395833333333 0.7363425925925926 0.7356770833333334 0.7363425925925926 0.7354166666666667 0.7368055555555556 0.7338541666666667 0.7368055555555556 0.73359375 0.7372685185185185 0.73203125 0.7372685185185185 0.7317708333333334 0.7377314814814815 0.728125 0.7377314814814815 0.7268229166666667 0.7381944444444445 0.7255208333333333 0.7391203703703704 0.72421875 0.7395833333333334 0.7229166666666667 0.7395833333333334 0.72265625 0.7400462962962963 0.7213541666666666 0.7400462962962963 0.72109375 0.7405092592592593 0.7197916666666667 0.7405092592592593 0.7184895833333333 0.7409722222222223 0.7171875 0.7418981481481481 0.7153645833333333 0.7423611111111111 0.7151041666666667 0.742824074074074 0.71328125 0.743287037037037 0.7119791666666667 0.7442129629629629 0.7096354166666666 0.7446759259259259 0.7083333333333334 0.7456018518518519 0.7059895833333333 0.7460648148148148 0.7044270833333334 0.7469907407407408 0.703125 0.7469907407407408 0.7028645833333333 0.7474537037037037 0.7015625 0.7474537037037037 0.7013020833333333 0.7479166666666667 0.6986979166666667 0.7488425925925926 0.6973958333333333 0.7488425925925926 0.6958333333333333 0.7497685185185186 0.6947916666666667 0.7497685185185186 0.6932291666666667 0.7506944444444444 0.6919270833333333 0.7506944444444444 0.6916666666666667 0.7511574074074074 0.6903645833333333 0.7511574074074074 0.6888020833333334 0.7520833333333333 0.6856770833333333 0.7576388888888889 0.6854166666666667 0.7576388888888889 0.6825520833333333 0.7627314814814815 0.6807291666666667 0.7645833333333333 0.679296875 0.7671296296296296 0.679296875 0.7675925925925926 0.6779947916666667 0.7699074074074074 0.6779947916666667 0.7703703703703704 0.676171875 0.7736111111111111 0.6747395833333333 0.7775462962962963 0.6736979166666667 0.7784722222222222 0.6725260416666666 0.7805555555555556 0.672265625 0.7814814814814814 0.6725260416666666 0.7837962962962963 0.6734375 0.7854166666666667 0.6760416666666667 0.7854166666666667 0.676171875 0.7851851851851852
