13 0.0 0.01875 0.0013020833333333333 0.01875 0.0018229166666666667 0.018287037037037036 0.002994791666666667 0.016203703703703703 0.0032552083333333335 0.014351851851851852 0.004166666666666667 0.013194444444444444 0.0049479166666666664 0.013194444444444444 0.006380208333333333 0.010648148148148148 0.006380208333333333 0.006944444444444444 0.006640625 0.006481481481481481 0.006640625 0.0
13 0.073046875 0.0 0.073046875 0.0023148148148148147 0.07473958333333333 0.004398148148148148 0.07630208333333334 0.005787037037037037 0.07721354166666666 0.00787037037037037 0.077734375 0.010185185185185186 0.078515625 0.0125 0.078515625 0.013425925925925926 0.07981770833333333 0.018518518518518517 0.08268229166666667 0.02361111111111111 0.08268229166666667 0.024074074074074074 0.08502604166666666 0.02824074074074074 0.087109375 0.03564814814814815 0.08763020833333333 0.037037037037037035 0.08971354166666666 0.040740740740740744 0.091796875 0.04583333333333333 0.09309895833333333 0.04814814814814815 0.094140625 0.05185185185185185 0.094140625 0.05277777777777778 0.094921875 0.05555555555555555 0.09713541666666667 0.05949074074074074 0.09739583333333333 0.05949074074074074 0.098828125 0.062037037037037036 0.098828125 0.0625 0.10143229166666666 0.06898148148148148 0.10299479166666667 0.075 0.10455729166666666 0.07777777777777778 0.10455729166666666 0.07824074074074074 0.108203125 0.08472222222222223 0.10872395833333333 0.08657407407407407 0.10950520833333334 0.08796296296296297 0.11106770833333333 0.09212962962962963 0.113671875 0.09675925925925925 0.114453125 0.09907407407407408 0.116796875 0.10324074074074074 0.117578125 0.1050925925925926 0.11783854166666667 0.10648148148148148 0.11888020833333333 0.10972222222222222 0.119921875 0.11157407407407408 0.12096354166666666 0.11435185185185186 0.12330729166666667 0.11944444444444445 0.12434895833333333 0.12314814814814815 0.12513020833333333 0.125 0.12825520833333334 0.13055555555555556 0.12903645833333333 0.13240740740740742 0.130078125 0.13564814814814816 0.13033854166666667 0.1375 0.13111979166666668 0.1398148148148148 0.133203125 0.14351851851851852 0.133984375 0.14537037037037037 0.13502604166666668 0.14907407407407408 0.137890625 0.15416666666666667 0.13893229166666668 0.15694444444444444 0.13919270833333333 0.15833333333333333 0.14049479166666667 0.16157407407407406 0.14075520833333333 0.16296296296296298 0.141796875 0.16574074074074074 0.14518229166666666 0.17175925925925925 0.14518229166666666 0.17222222222222222 0.146484375 0.17453703703703705 0.147265625 0.17685185185185184 0.14908854166666666 0.18055555555555555 0.149609375 0.1824074074074074 0.151171875 0.18564814814814815 0.154296875 0.19398148148148148 0.155859375 0.19722222222222222 0.15716145833333334 0.20092592592592592 0.15924479166666666 0.2050925925925926 0.15924479166666666 0.20555555555555555 0.16106770833333334 0.20879629629629629 0.162109375 0.2111111111111111 0.162890625 0.21342592592592594 0.16458333333333333 0.21643518518518517 0.16640625 0.21828703703703703 0.16848958333333333 0.21875 0.16875 0.21921296296296297 0.17109375 0.22013888888888888 0.1734375 0.22199074074074074 0.175390625 0.22546296296296298 0.17643229166666666 0.22870370370370371 0.17903645833333334 0.23333333333333334 0.180078125 0.2361111111111111 0.18138020833333332 0.23842592592592593 0.18190104166666668 0.24027777777777778 0.18190104166666668 0.24675925925925926 0.180859375 0.2513888888888889 0.18059895833333334 0.25416666666666665 0.180078125 0.2550925925925926 0.179296875 0.25787037037037036 0.17669270833333334 0.2638888888888889 0.17565104166666667 0.26805555555555555 0.17356770833333332 0.2726851851851852 0.171484375 0.2791666666666667 0.169921875 0.2851851851851852 0.16940104166666667 0.2861111111111111 0.16888020833333334 0.2884259259259259 0.16497395833333334 0.2972222222222222 0.163671875 0.3013888888888889 0.16341145833333334 0.30277777777777776 0.162109375 0.3060185185185185 0.16106770833333334 0.3101851851851852 0.160546875 0.3111111111111111 0.159765625 0.3143518518518518 0.15833333333333333 0.3178240740740741 0.15807291666666667 0.3178240740740741 0.15690104166666666 0.3199074074074074 0.155859375 0.3226851851851852 0.15559895833333334 0.32407407407407407 0.154296875 0.3282407407407407 0.153515625 0.3314814814814815 0.15299479166666666 0.33240740740740743 0.15143229166666666 0.3384259259259259 0.150390625 0.34074074074074073 0.15013020833333332 0.3421296296296296 0.14908854166666666 0.3449074074074074 0.14752604166666666 0.34814814814814815 0.14700520833333333 0.35 0.14622395833333332 0.35138888888888886 0.14596354166666667 0.3527777777777778 0.14440104166666667 0.3578703703703704 0.14309895833333333 0.36157407407407405 0.14153645833333334 0.3648148148148148 0.14127604166666666 0.3662037037037037 0.13997395833333334 0.36944444444444446 0.139453125 0.37175925925925923 0.137890625 0.37546296296296294 0.13684895833333333 0.37962962962962965 0.135546875 0.38287037037037036 0.13528645833333333 0.38425925925925924 0.133984375 0.38657407407407407 0.133203125 0.38842592592592595 0.13294270833333333 0.38981481481481484 0.12981770833333334 0.39861111111111114 0.129296875 0.4009259259259259 0.12747395833333333 0.40555555555555556 0.125390625 0.4097222222222222 0.123828125 0.41574074074074074 0.12252604166666667 0.41944444444444445 0.122265625 0.42083333333333334 0.11966145833333333 0.42824074074074076 0.11966145833333333 0.4287037037037037 0.11809895833333334 0.43148148148148147 0.11731770833333334 0.43425925925925923 0.116796875 0.4351851851851852 0.11575520833333333 0.4388888888888889 0.114453125 0.44212962962962965 0.11393229166666667 0.4444444444444444 0.112109375 0.45046296296296295 0.11106770833333333 0.4527777777777778 0.11028645833333334 0.45555555555555555 0.10872395833333333 0.4587962962962963 0.10690104166666667 0.46435185185185185 0.10638020833333334 0.4652777777777778 0.105859375 0.4675925925925926 0.10377604166666667 0.4722222222222222 0.10169270833333334 0.4791666666666667 0.10091145833333333 0.48148148148148145 0.099609375 0.4842592592592593 0.099609375 0.4847222222222222 0.09830729166666667 0.4875 0.09778645833333334 0.4898148148148148 0.09622395833333333 0.49398148148148147 0.09544270833333333 0.49537037037037035 0.09388020833333334 0.500462962962963 0.093359375 0.5013888888888889 0.09283854166666666 0.5041666666666667 0.09127604166666667 0.5083333333333333 0.091015625 0.5097222222222222 0.08971354166666666 0.5125 0.08893229166666666 0.5148148148148148 0.087109375 0.5185185185185185 0.086328125 0.5212962962962963 0.08580729166666666 0.5222222222222223 0.08528645833333333 0.524537037037037 0.084765625 0.5254629629629629 0.08190104166666666 0.5356481481481481 0.08138020833333333 0.5365740740740741 0.08059895833333333 0.5393518518518519 0.0796875 0.5405092592592593 0.07825520833333334 0.5430555555555555 0.07721354166666666 0.5467592592592593 0.07669270833333333 0.5476851851851852 0.07565104166666667 0.5513888888888889 0.07330729166666666 0.5569444444444445 0.07252604166666667 0.5592592592592592 0.07200520833333333 0.5615740740740741 0.070703125 0.5657407407407408 0.070703125 0.5666666666666667 0.06966145833333333 0.5694444444444444 0.06888020833333333 0.5708333333333333 0.066796875 0.5763888888888888 0.06627604166666666 0.5787037037037037 0.06575520833333333 0.5796296296296296 0.065234375 0.5819444444444445 0.06341145833333334 0.5861111111111111 0.06315104166666667 0.5875 0.062109375 0.5898148148148148 0.061848958333333336 0.5912037037037037 0.060807291666666666 0.5939814814814814 0.05872395833333333 0.5986111111111111 0.058203125 0.600925925925926 0.05559895833333333 0.6074074074074074 0.05377604166666667 0.6134259259259259 0.05221354166666667 0.6171296296296296 0.05091145833333333 0.6222222222222222 0.049609375 0.625 0.049609375 0.625462962962963 0.047265625 0.6296296296296297 0.046223958333333336 0.6324074074074074 0.04544270833333333 0.6356481481481482 0.044140625 0.6388888888888888 0.043359375 0.6430555555555556 0.04283854166666667 0.6439814814814815 0.041796875 0.6476851851851851 0.041015625 0.649074074074074 0.04049479166666667 0.6509259259259259 0.039713541666666664 0.6523148148148148 0.03919270833333333 0.6541666666666667 0.03815104166666667 0.6564814814814814 0.03763020833333333 0.6587962962962963 0.036328125 0.6625 0.03372395833333333 0.6722222222222223 0.03268229166666667 0.674074074074074 0.031119791666666667 0.6782407407407407 0.030338541666666666 0.6796296296296296 0.028776041666666665 0.6837962962962963 0.028255208333333334 0.6861111111111111 0.027734375 0.687037037037037 0.027213541666666667 0.6893518518518519 0.025390625 0.6939814814814815 0.024088541666666668 0.6976851851851852 0.024088541666666668 0.6986111111111111 0.023307291666666667 0.700462962962963 0.022786458333333332 0.7027777777777777 0.020442708333333334 0.7083333333333334 0.018098958333333335 0.7166666666666667 0.017057291666666665 0.7189814814814814 0.015494791666666667 0.7217592592592592 0.014453125 0.7245370370370371 0.013671875 0.7282407407407407 0.012890625 0.7305555555555555 0.012369791666666666 0.7333333333333333 0.010546875 0.7375 0.010286458333333333 0.7388888888888889 0.009505208333333333 0.7402777777777778 0.007421875 0.7467592592592592 0.007161458333333333 0.7481481481481481 0.005598958333333333 0.7523148148148148 0.0037760416666666667 0.7555555555555555 0.002994791666666667 0.7578703703703704 0.0015625 0.7604166666666666 0.0 0.7604166666666666
13 0.25234375 0.02476851851851852 0.2513020833333333 0.02476851851851852 0.25091145833333334 0.023148148148148147 0.251171875 0.02175925925925926 0.25234375 0.021064814814814814 0.25299479166666666 0.023148148148148147 0.25234375 0.02476851851851852
13 0.020963541666666665 0.14675925925925926 0.020963541666666665 0.1439814814814815 0.021223958333333334 0.14305555555555555 0.020703125 0.14212962962962963 0.020703125 0.14675925925925926 0.020963541666666665 0.14675925925925926
13 0.017317708333333334 0.15046296296296297 0.018229166666666668 0.1502314814814815 0.019270833333333334 0.14837962962962964 0.020052083333333335 0.14791666666666667 0.0171875 0.14791666666666667 0.016015625 0.15 0.017317708333333334 0.15046296296296297
13 0.0 0.1571759259259259 0.0015625 0.1571759259259259 0.0018229166666666667 0.15763888888888888 0.003125 0.15763888888888888 0.0033854166666666668 0.15810185185185185 0.0046875 0.15810185185185185 0.0049479166666666664 0.15856481481481483 0.009375 0.15856481481481483 0.012239583333333333 0.1571759259259259 0.013020833333333334 0.15578703703703703 0.013932291666666667 0.1550925925925926 0.013411458333333333 0.1527777777777778 0.012760416666666666 0.15162037037037038 0.01171875 0.15069444444444444 0.01015625 0.15069444444444444 0.009895833333333333 0.1502314814814815 0.00546875 0.1502314814814815 0.0018229166666666667 0.15347222222222223 0.0 0.15347222222222223
13 0.006380208333333333 0.18981481481481483 0.0067708333333333336 0.1886574074074074 0.008854166666666666 0.18680555555555556 0.01171875 0.18541666666666667 0.012369791666666666 0.18425925925925926 0.012369791666666666 0.18194444444444444 0.011067708333333334 0.17685185185185184 0.010807291666666666 0.17407407407407408 0.01015625 0.17060185185185187 0.008854166666666666 0.17060185185185187 0.008463541666666666 0.1726851851851852 0.008463541666666666 0.17453703703703705 0.007682291666666666 0.17777777777777778 0.005729166666666666 0.18032407407407408 0.004427083333333333 0.18171296296296297 0.003125 0.18263888888888888 0.001953125 0.18472222222222223 0.00234375 0.1849537037037037 0.004557291666666667 0.18888888888888888 0.0049479166666666664 0.1900462962962963 0.006380208333333333 0.18981481481481483
13 0.05716145833333333 0.2722222222222222 0.05872395833333333 0.26944444444444443 0.059244791666666664 0.26805555555555555 0.059244791666666664 0.2657407407407407 0.05872395833333333 0.2638888888888889 0.05755208333333333 0.26180555555555557 0.05625 0.26087962962962963 0.055338541666666664 0.25925925925925924 0.05768229166666667 0.2550925925925926 0.058203125 0.25277777777777777 0.057942708333333336 0.2518518518518518 0.057942708333333336 0.24953703703703703 0.05768229166666667 0.2490740740740741 0.05768229166666667 0.2462962962962963 0.05703125 0.24421296296296297 0.055989583333333336 0.24421296296296297 0.055078125 0.24583333333333332 0.05481770833333333 0.24722222222222223 0.05481770833333333 0.25092592592592594 0.05455729166666667 0.2513888888888889 0.05455729166666667 0.25416666666666665 0.05364583333333333 0.25625 0.053125 0.25625 0.051432291666666664 0.25925925925925924 0.051432291666666664 0.2652777777777778 0.05221354166666667 0.26805555555555555 0.05390625 0.27060185185185187 0.05572916666666667 0.2724537037037037 0.05716145833333333 0.2722222222222222
13 0.11888020833333333 0.24814814814814815 0.11940104166666667 0.24722222222222223 0.118359375 0.2462962962962963 0.118359375 0.24814814814814815 0.11888020833333333 0.24814814814814815
13 0.11497395833333333 0.25416666666666665 0.11497395833333333 0.25416666666666665
13 0.04049479166666667 0.2689814814814815 0.04140625 0.26875 0.042317708333333336 0.2662037037037037 0.04205729166666667 0.2657407407407407 0.04205729166666667 0.26342592592592595 0.041796875 0.262037037037037 0.04114583333333333 0.26087962962962963 0.03723958333333333 0.26087962962962963 0.03671875 0.26134259259259257 0.034895833333333334 0.26458333333333334 0.03411458333333333 0.2655092592592593 0.032942708333333334 0.2662037037037037 0.03411458333333333 0.26782407407407405 0.034895833333333334 0.26828703703703705 0.036458333333333336 0.26828703703703705 0.03671875 0.26875 0.03958333333333333 0.26875 0.04049479166666667 0.2689814814814815
13 0.010546875 0.26944444444444443 0.013020833333333334 0.26875 0.013932291666666667 0.2675925925925926 0.014192708333333333 0.2657407407407407 0.013020833333333334 0.2636574074074074 0.012760416666666666 0.2641203703703704 0.008333333333333333 0.2641203703703704 0.007291666666666667 0.2636574074074074 0.00625 0.2622685185185185 0.005078125 0.2638888888888889 0.004557291666666667 0.2662037037037037 0.0048177083333333336 0.2675925925925926 0.005989583333333334 0.269212962962963 0.007291666666666667 0.26967592592592593 0.010416666666666666 0.26967592592592593 0.010546875 0.26944444444444443
13 0.08059895833333333 0.26944444444444443 0.08138020833333333 0.26805555555555555 0.08138020833333333 0.26666666666666666 0.08046875 0.2655092592592593 0.07942708333333333 0.2659722222222222 0.07903645833333334 0.26805555555555555 0.07942708333333333 0.269212962962963 0.08059895833333333 0.26944444444444443
13 0.08815104166666667 0.26944444444444443 0.08893229166666666 0.26805555555555555 0.08893229166666666 0.2662037037037037 0.08828125 0.2655092592592593 0.08723958333333333 0.2655092592592593 0.08658854166666667 0.2662037037037037 0.086328125 0.26805555555555555 0.0875 0.26967592592592593 0.08815104166666667 0.26944444444444443
13 0.0 0.2983796296296296 0.0026041666666666665 0.2983796296296296 0.002864583333333333 0.2988425925925926 0.004427083333333333 0.2988425925925926 0.005989583333333334 0.29976851851851855 0.0078125 0.29976851851851855 0.008072916666666667 0.3002314814814815 0.010677083333333334 0.3002314814814815 0.012760416666666666 0.29930555555555555 0.014192708333333333 0.2967592592592593 0.014192708333333333 0.29305555555555557 0.013671875 0.29074074074074074 0.013671875 0.28703703703703703 0.014192708333333333 0.2847222222222222 0.015494791666666667 0.2810185185185185 0.015494791666666667 0.2800925925925926 0.013541666666666667 0.27800925925925923 0.0125 0.2775462962962963 0.011197916666666667 0.2775462962962963 0.0109375 0.27708333333333335 0.00625 0.27708333333333335 0.005989583333333334 0.2775462962962963 0.0046875 0.2775462962962963 0.004427083333333333 0.27800925925925923 0.003125 0.27800925925925923 0.002864583333333333 0.27847222222222223 0.0 0.27847222222222223
13 0.08111979166666666 0.2828703703703704 0.08203125 0.28217592592592594 0.08216145833333334 0.2814814814814815 0.08125 0.2798611111111111 0.07994791666666666 0.2798611111111111 0.07955729166666667 0.28194444444444444 0.08020833333333334 0.2831018518518518 0.08111979166666666 0.2828703703703704
13 0.10377604166666667 0.2824074074074074 0.10364583333333334 0.28125 0.10299479166666667 0.28194444444444444 0.10377604166666667 0.2824074074074074
13 0.07278645833333333 0.2972222222222222 0.073046875 0.2962962962962963 0.073046875 0.29398148148148145 0.07239583333333334 0.29282407407407407 0.07161458333333333 0.29282407407407407 0.07096354166666667 0.29398148148148145 0.07096354166666667 0.2962962962962963 0.07161458333333333 0.2974537037037037 0.07278645833333333 0.2972222222222222
13 0.040755208333333334 0.29444444444444445 0.04114583333333333 0.29375 0.040364583333333336 0.293287037037037 0.040234375 0.29444444444444445 0.040755208333333334 0.29444444444444445
13 0.05716145833333333 0.2967592592592593 0.057942708333333336 0.29583333333333334 0.057291666666666664 0.29375 0.055989583333333336 0.293287037037037 0.05481770833333333 0.29444444444444445 0.055078125 0.29583333333333334 0.05625 0.2969907407407407 0.05716145833333333 0.2967592592592593
13 0.087890625 0.29583333333333334 0.08841145833333333 0.2949074074074074 0.08802083333333334 0.293287037037037 0.087109375 0.2935185185185185 0.087109375 0.29583333333333334 0.087890625 0.29583333333333334
13 0.08763020833333333 0.32546296296296295 0.08841145833333333 0.32407407407407407 0.08841145833333333 0.32083333333333336 0.0875 0.32013888888888886 0.086328125 0.32175925925925924 0.086328125 0.32407407407407407 0.08723958333333333 0.32569444444444445 0.08763020833333333 0.32546296296296295
13 0.009244791666666667 0.32175925925925924 0.009244791666666667 0.32175925925925924
13 0.07278645833333333 0.3236111111111111 0.07239583333333334 0.32199074074074074 0.07161458333333333 0.3215277777777778 0.07122395833333334 0.32222222222222224 0.07135416666666666 0.32384259259259257 0.07278645833333333 0.3236111111111111
13 0.09622395833333333 0.3425925925925926 0.09622395833333333 0.3425925925925926
13 0.08111979166666666 0.350462962962963 0.08255208333333333 0.3502314814814815 0.0828125 0.34976851851851853 0.0875 0.34976851851851853 0.0875 0.34930555555555554 0.08307291666666666 0.34930555555555554 0.0828125 0.3488425925925926 0.08125 0.3488425925925926 0.08098958333333334 0.34837962962962965 0.07942708333333333 0.34837962962962965 0.07786458333333333 0.34930555555555554 0.07916666666666666 0.3506944444444444 0.08111979166666666 0.350462962962963
13 0.0 0.35717592592592595 0.011197916666666667 0.35717592592592595 0.011458333333333333 0.35671296296296295 0.018489583333333334 0.35671296296296295 0.01796875 0.355787037037037 0.014583333333333334 0.355787037037037 0.014322916666666666 0.35625 0.013020833333333334 0.355787037037037 0.01171875 0.3539351851851852 0.0109375 0.35347222222222224 0.009895833333333333 0.35208333333333336 0.008333333333333333 0.35208333333333336 0.00703125 0.35300925925925924 0.005208333333333333 0.35347222222222224 0.0049479166666666664 0.3539351851851852 0.0036458333333333334 0.3539351851851852 0.0033854166666666668 0.35439814814814813 0.0 0.35439814814814813
