12 0.9997395833333333 0.6641203703703704 0.9966145833333333 0.6641203703703704 0.9963541666666667 0.6645833333333333 0.9859375 0.6645833333333333 0.9856770833333334 0.6650462962962963 0.9799479166666667 0.6650462962962963 0.9796875 0.6655092592592593 0.9705729166666667 0.6655092592592593 0.9703125 0.6659722222222222 0.9625 0.6659722222222222 0.9622395833333334 0.6664351851851852 0.9505208333333334 0.6664351851851852 0.9502604166666667 0.6668981481481482 0.9403645833333333 0.6668981481481482 0.9401041666666666 0.6673611111111111 0.9263020833333333 0.6673611111111111 0.9260416666666667 0.6678240740740741 0.921875 0.6678240740740741 0.9216145833333333 0.6673611111111111 0.9135416666666667 0.6673611111111111 0.91328125 0.6678240740740741 0.9091145833333333 0.6678240740740741 0.9088541666666666 0.6682870370370371 0.9057291666666667 0.6682870370370371 0.90546875 0.66875 0.9013020833333333 0.66875 0.9010416666666666 0.669212962962963 0.8994791666666667 0.669212962962963 0.89921875 0.66875 0.8940104166666667 0.66875 0.89375 0.669212962962963 0.8911458333333333 0.669212962962963 0.8908854166666667 0.66875 0.8859375 0.66875 0.8856770833333333 0.669212962962963 0.8833333333333333 0.669212962962963 0.8830729166666667 0.66875 0.87890625 0.66875 0.8786458333333333 0.669212962962963 0.8713541666666667 0.669212962962963 0.87109375 0.669675925925926 0.8567708333333334 0.669675925925926 0.8565104166666667 0.6701388888888888 0.84765625 0.6701388888888888 0.8473958333333333 0.6706018518518518 0.84375 0.6706018518518518 0.8434895833333333 0.6701388888888888 0.8388020833333333 0.6701388888888888 0.8385416666666666 0.6706018518518518 0.8361979166666667 0.6706018518518518 0.8359375 0.6701388888888888 0.8317708333333333 0.6701388888888888 0.8315104166666667 0.6706018518518518 0.828125 0.6706018518518518 0.8278645833333333 0.6701388888888888 0.8247395833333333 0.6701388888888888 0.8244791666666667 0.6706018518518518 0.8208333333333333 0.6706018518518518 0.8205729166666667 0.6701388888888888 0.8096354166666667 0.6701388888888888 0.809375 0.6706018518518518 0.8 0.6706018518518518 0.7997395833333333 0.6710648148148148 0.7903645833333334 0.6710648148148148 0.78828125 0.669212962962963 0.7868489583333333 0.6666666666666666 0.786328125 0.6652777777777777 0.785546875 0.6620370370370371 0.785546875 0.6606481481481481 0.7850260416666667 0.6587962962962963 0.7845052083333334 0.6537037037037037 0.783203125 0.6476851851851851 0.783203125 0.6462962962962963 0.7826822916666667 0.6444444444444445 0.782421875 0.6412037037037037 0.7819010416666666 0.6388888888888888 0.7819010416666666 0.6370370370370371 0.7813802083333333 0.6347222222222222 0.7813802083333333 0.6328703703703704 0.780859375 0.6300925925925925 0.780859375 0.6277777777777778 0.7803385416666667 0.625462962962963 0.7803385416666667 0.6240740740740741 0.779296875 0.6194444444444445 0.778515625 0.6134259259259259 0.7779947916666666 0.6106481481481482 0.7779947916666666 0.6083333333333333 0.777734375 0.6060185185185185 0.776953125 0.6018518518518519 0.776953125 0.600462962962963 0.7764322916666667 0.5981481481481481 0.7764322916666667 0.5967592592592592 0.7759114583333333 0.5953703703703703 0.7751302083333333 0.5902777777777778 0.774609375 0.5888888888888889 0.774609375 0.587037037037037 0.7740885416666666 0.5847222222222223 0.7735677083333333 0.5782407407407407 0.773046875 0.575925925925926 0.773046875 0.5740740740740741 0.7725260416666667 0.5717592592592593 0.772265625 0.5685185185185185 0.771484375 0.5657407407407408 0.771484375 0.5643518518518519 0.7709635416666667 0.5625 0.7704427083333333 0.5583333333333333 0.769921875 0.5555555555555556 0.769921875 0.5532407407407407 0.769140625 0.549074074074074 0.768359375 0.5439814814814815 0.7678385416666667 0.5421296296296296 0.7678385416666667 0.5407407407407407 0.7673177083333333 0.5388888888888889 0.7673177083333333 0.5375 0.766796875 0.5356481481481481 0.7665364583333333 0.5314814814814814 0.7662760416666666 0.5310185185185186 0.766015625 0.5268518518518519 0.7654947916666667 0.524537037037037 0.7647135416666667 0.5171296296296296 0.7639322916666667 0.5138888888888888 0.7639322916666667 0.5125 0.7634114583333333 0.5106481481481482 0.762890625 0.5064814814814815 0.762109375 0.5027777777777778 0.762109375 0.5 0.7618489583333333 0.49953703703703706 0.7618489583333333 0.49722222222222223 0.7615885416666667 0.49675925925925923 0.7615885416666667 0.49444444444444446 0.761328125 0.49398148148148147 0.760546875 0.48935185185185187 0.7600260416666667 0.487962962962963 0.7592447916666667 0.4824074074074074 0.758984375 0.48194444444444445 0.758984375 0.47962962962962963 0.7584635416666666 0.47685185185185186 0.7584635416666666 0.4740740740740741 0.758203125 0.4736111111111111 0.758203125 0.4685185185185185 0.7576822916666667 0.4666666666666667 0.7576822916666667 0.4652777777777778 0.7569010416666667 0.462037037037037 0.756640625 0.4597222222222222 0.7561197916666667 0.4583333333333333 0.755859375 0.45601851851851855 0.755078125 0.4532407407407407 0.755078125 0.45185185185185184 0.7545572916666666 0.449537037037037 0.754296875 0.4462962962962963 0.7540364583333333 0.44583333333333336 0.7537760416666667 0.4425925925925926 0.752734375 0.4361111111111111 0.751953125 0.43287037037037035 0.751953125 0.43148148148148147 0.751171875 0.42824074074074076 0.751171875 0.42592592592592593 0.7506510416666666 0.42314814814814816 0.7506510416666666 0.42083333333333334 0.750390625 0.4185185185185185 0.7498697916666667 0.4162037037037037 0.7498697916666667 0.4148148148148148 0.7490885416666667 0.40925925925925927 0.7483072916666667 0.4060185185185185 0.7483072916666667 0.4046296296296296 0.747265625 0.4 0.7467447916666666 0.39444444444444443 0.7462239583333333 0.3925925925925926 0.7459635416666667 0.3902777777777778 0.7459635416666667 0.38796296296296295 0.744921875 0.38055555555555554 0.7444010416666667 0.37916666666666665 0.7438802083333333 0.37546296296296294 0.743359375 0.3736111111111111 0.7428385416666666 0.3675925925925926 0.7423177083333333 0.36527777777777776 0.7423177083333333 0.36342592592592593 0.7415364583333334 0.3578703703703704 0.7412760416666667 0.3574074074074074 0.7412760416666667 0.35509259259259257 0.741015625 0.35462962962962963 0.741015625 0.3523148148148148 0.739453125 0.34444444444444444 0.739453125 0.34305555555555556 0.7389322916666666 0.34074074074074073 0.738671875 0.3375 0.7381510416666667 0.3351851851851852 0.7381510416666667 0.3333333333333333 0.7373697916666667 0.3296296296296296 0.7373697916666667 0.3282407407407407 0.7365885416666667 0.325 0.736328125 0.3212962962962963 0.735546875 0.3175925925925926 0.7352864583333333 0.31527777777777777 0.7352864583333333 0.31296296296296294 0.7350260416666666 0.3125 0.7350260416666666 0.3101851851851852 0.7345052083333333 0.3074074074074074 0.7345052083333333 0.3055555555555556 0.733984375 0.30324074074074076 0.733984375 0.30185185185185187 0.7334635416666667 0.29953703703703705 0.7334635416666667 0.29768518518518516 0.732421875 0.29259259259259257 0.731640625 0.2861111111111111 0.730859375 0.28194444444444444 0.7305989583333333 0.2796296296296296 0.7305989583333333 0.2773148148148148 0.7298177083333334 0.2708333333333333 0.7290364583333333 0.26805555555555555 0.7287760416666667 0.2657407407407407 0.727734375 0.2611111111111111 0.7274739583333333 0.2587962962962963 0.7274739583333333 0.2564814814814815 0.726953125 0.2537037037037037 0.726953125 0.2513888888888889 0.7266927083333333 0.2490740740740741 0.726171875 0.24675925925925926 0.7259114583333334 0.24444444444444444 0.7259114583333334 0.24166666666666667 0.7256510416666667 0.23935185185185184 0.7248697916666667 0.23564814814814813 0.7240885416666667 0.22824074074074074 0.723828125 0.22777777777777777 0.723828125 0.21898148148148147 0.724609375 0.2152777777777778 0.7251302083333333 0.2111111111111111 0.7263020833333333 0.20856481481481481 0.72734375 0.20717592592592593 0.72890625 0.20625 0.7315104166666667 0.20625 0.7328125 0.20532407407407408 0.7348958333333333 0.2048611111111111 0.7359375 0.2039351851851852 0.7375 0.2039351851851852 0.7377604166666667 0.20347222222222222 0.740625 0.20347222222222222 0.7408854166666666 0.20300925925925925 0.7432291666666667 0.20300925925925925 0.7434895833333334 0.2025462962962963 0.7450520833333333 0.2025462962962963 0.7453125 0.20208333333333334 0.746875 0.20208333333333334 0.7471354166666667 0.20162037037037037 0.7484375 0.20162037037037037 0.75 0.20300925925925925 0.751171875 0.2050925925925926 0.7515625 0.20671296296296296 0.75234375 0.20717592592592593 0.7544270833333333 0.20347222222222222 0.7555989583333333 0.20185185185185187 0.7563802083333333 0.19953703703703704 0.756640625 0.19768518518518519 0.7576822916666667 0.19537037037037036 0.7587239583333333 0.19166666666666668 0.758984375 0.18935185185185185 0.7595052083333333 0.18796296296296297 0.759765625 0.18564814814814815 0.7615885416666667 0.17962962962962964 0.7615885416666667 0.17824074074074073 0.7626302083333333 0.17314814814814813 0.763671875 0.1699074074074074 0.7641927083333333 0.1675925925925926 0.7649739583333334 0.16527777777777777 0.7654947916666667 0.16296296296296298 0.766796875 0.1550925925925926 0.7678385416666667 0.15185185185185185 0.7678385416666667 0.15092592592592594 0.7686197916666667 0.1486111111111111 0.7686197916666667 0.1476851851851852 0.7704427083333333 0.14166666666666666 0.7709635416666667 0.13935185185185187 0.7717447916666667 0.13703703703703704 0.7717447916666667 0.1361111111111111 0.7733072916666667 0.12916666666666668 0.7733072916666667 0.11990740740740741 0.7727864583333334 0.11712962962962963 0.7727864583333334 0.11481481481481481 0.7725260416666667 0.11435185185185186 0.7725260416666667 0.11157407407407408 0.772265625 0.1111111111111111 0.772265625 0.10462962962962963 0.7725260416666667 0.10231481481481482 0.7733072916666667 0.09768518518518518 0.7743489583333333 0.09444444444444444 0.7759114583333333 0.0912037037037037 0.7766927083333334 0.08888888888888889 0.778125 0.08680555555555555 0.7796875 0.08402777777777778 0.7809895833333333 0.08263888888888889 0.784375 0.08078703703703703 0.7858072916666666 0.07824074074074074 0.7860677083333333 0.07685185185185185 0.7873697916666667 0.07361111111111111 0.7884114583333334 0.07175925925925926 0.7889322916666667 0.06944444444444445 0.790234375 0.06527777777777778 0.7916666666666666 0.06365740740740741 0.7934895833333333 0.06319444444444444 0.79375 0.06273148148148149 0.7963541666666667 0.06180555555555556 0.7979166666666667 0.059953703703703703 0.7997395833333333 0.05856481481481481 0.8013020833333333 0.05856481481481481 0.8015625 0.05810185185185185 0.803125 0.05810185185185185 0.8041666666666667 0.05856481481481481 0.8055989583333333 0.06018518518518518 0.8067708333333333 0.06226851851851852 0.8075520833333333 0.06226851851851852 0.80859375 0.061342592592592594 0.8111979166666666 0.061342592592592594 0.8123697916666667 0.06296296296296296 0.812890625 0.06435185185185185 0.8131510416666666 0.06620370370370371 0.8131510416666666 0.07361111111111111 0.8126302083333333 0.07592592592592592 0.8126302083333333 0.07731481481481481 0.812109375 0.0787037037037037 0.81328125 0.08078703703703703 0.8135416666666667 0.08078703703703703 0.8177083333333334 0.08449074074074074 0.81875 0.08449074074074074 0.8205729166666667 0.08263888888888889 0.8213541666666667 0.08125 0.82265625 0.0798611111111111 0.8247395833333333 0.0798611111111111 0.8255208333333334 0.07939814814814815 0.82734375 0.08125 0.8286458333333333 0.08171296296296296 0.8302083333333333 0.08171296296296296 0.83046875 0.08217592592592593 0.8369791666666667 0.08217592592592593 0.83828125 0.08171296296296296 0.8395833333333333 0.08078703703703703 0.8411458333333334 0.08078703703703703 0.841796875 0.07916666666666666 0.841796875 0.07314814814814814 0.8427083333333333 0.07106481481481482 0.8440104166666667 0.07013888888888889 0.8450520833333334 0.07013888888888889 0.8462239583333333 0.06805555555555555 0.8470052083333334 0.06574074074074074 0.847265625 0.0625 0.8477864583333333 0.060648148148148145 0.8490885416666667 0.058333333333333334 0.849609375 0.056018518518518516 0.851171875 0.050462962962962966 0.8528645833333334 0.047453703703703706 0.8552083333333333 0.04560185185185185 0.85703125 0.04513888888888889 0.8588541666666667 0.04375 0.86015625 0.04375 0.8604166666666667 0.043287037037037034 0.8625 0.043287037037037034 0.8627604166666667 0.04282407407407408 0.86484375 0.04282407407407408 0.8651041666666667 0.04236111111111111 0.8666666666666667 0.04236111111111111 0.8669270833333333 0.04189814814814815 0.8682291666666667 0.04189814814814815 0.8684895833333334 0.041435185185185186 0.8703125 0.041435185185185186 0.8705729166666667 0.04097222222222222 0.87265625 0.04097222222222222 0.8729166666666667 0.04050925925925926 0.8744791666666667 0.04050925925925926 0.8747395833333333 0.040046296296296295 0.8760416666666667 0.040046296296296295 0.8763020833333334 0.03958333333333333 0.878125 0.03958333333333333 0.8783854166666667 0.03912037037037037 0.88046875 0.03912037037037037 0.88203125 0.03819444444444445 0.8833333333333333 0.03819444444444445 0.88359375 0.037731481481481484 0.8848958333333333 0.037731481481481484 0.88515625 0.03726851851851852 0.8864583333333333 0.03726851851851852 0.88671875 0.03680555555555556 0.8885416666666667 0.03680555555555556 0.8888020833333333 0.03634259259259259 0.8908854166666667 0.03587962962962963 0.8919270833333334 0.0349537037037037 0.8950520833333333 0.034027777777777775 0.8963541666666667 0.033101851851851855 0.89765625 0.033101851851851855 0.8979166666666667 0.03263888888888889 0.8997395833333334 0.03263888888888889 0.9 0.03217592592592593 0.903125 0.03217592592592593 0.9033854166666667 0.031712962962962964 0.9080729166666667 0.031712962962962964 0.9083333333333333 0.03125 0.91015625 0.03125 0.9104166666666667 0.030787037037037036 0.9125 0.030787037037037036 0.9127604166666666 0.030324074074074073 0.9153645833333334 0.030324074074074073 0.915625 0.029861111111111113 0.9182291666666667 0.029861111111111113 0.9184895833333333 0.02939814814814815 0.9205729166666666 0.02939814814814815 0.9208333333333333 0.028935185185185185 0.9223958333333333 0.028935185185185185 0.92265625 0.02847222222222222 0.92421875 0.02847222222222222 0.9244791666666666 0.028009259259259258 0.9268229166666667 0.028009259259259258 0.9270833333333334 0.027546296296296298 0.92890625 0.027546296296296298 0.9291666666666667 0.027083333333333334 0.9309895833333334 0.027083333333333334 0.93125 0.02662037037037037 0.9333333333333333 0.02662037037037037 0.93359375 0.026157407407407407 0.9356770833333333 0.026157407407407407 0.9359375 0.025694444444444443 0.9377604166666667 0.025694444444444443 0.9380208333333333 0.025231481481481483 0.9395833333333333 0.025231481481481483 0.93984375 0.02476851851851852 0.9416666666666667 0.02476851851851852 0.9419270833333333 0.024305555555555556 0.94375 0.024305555555555556 0.9447916666666667 0.02476851851851852 0.9463541666666667 0.026157407407407407 0.948046875 0.029166666666666667 0.9485677083333334 0.03148148148148148 0.9485677083333334 0.03564814814814815 0.948828125 0.03611111111111111 0.948828125 0.03888888888888889 0.9498697916666666 0.044444444444444446 0.951953125 0.04953703703703704 0.95390625 0.053009259259259256 0.95625 0.05486111111111111 0.9567708333333333 0.05486111111111111 0.959375 0.05717592592592593 0.9598958333333333 0.05810185185185185 0.9619791666666667 0.059953703703703703 0.9638020833333333 0.06087962962962963 0.96484375 0.06087962962962963 0.9658854166666667 0.06180555555555556 0.9677083333333333 0.06180555555555556 0.9705729166666667 0.059027777777777776 0.972265625 0.056018518518518516 0.972265625 0.05555555555555555 0.9735677083333333 0.05324074074074074 0.974609375 0.050462962962962966 0.975390625 0.047685185185185185 0.9759114583333334 0.04490740740740741 0.9759114583333334 0.04259259259259259 0.976171875 0.04212962962962963 0.976171875 0.03981481481481482 0.9764322916666667 0.0375 0.976953125 0.03518518518518519 0.978515625 0.030555555555555555 0.9790364583333333 0.02962962962962963 0.9798177083333334 0.026851851851851852 0.9815104166666667 0.023842592592592592 0.9821614583333333 0.023148148148148147 0.9829427083333333 0.020370370370370372 0.9834635416666667 0.019444444444444445 0.983984375 0.01712962962962963 0.9850260416666666 0.014814814814814815 0.9888020833333333 0.008101851851851851 0.9951822916666667 0.0023148148148148147 0.9951822916666667 0.0
12 0.81875 0.03958333333333333 0.8180989583333333 0.03888888888888889 0.81875 0.03680555555555556 0.819140625 0.03888888888888889 0.81875 0.03958333333333333
12 0.8255208333333334 0.07708333333333334 0.8248697916666666 0.07546296296296297 0.8248697916666666 0.07314814814814814 0.8255208333333334 0.07152777777777777 0.8266927083333333 0.07314814814814814 0.8264322916666667 0.07546296296296297 0.8255208333333334 0.07708333333333334
12 0.9997395833333333 0.10856481481481481 0.9984375 0.10856481481481481 0.9973958333333334 0.1076388888888889 0.995703125 0.10462962962962963 0.994140625 0.1 0.9927083333333333 0.09837962962962964 0.9921875 0.09837962962962964 0.9908854166666666 0.09699074074074074 0.98984375 0.09699074074074074 0.9881510416666667 0.10092592592592593 0.9856770833333334 0.10532407407407407 0.9854166666666667 0.10532407407407407 0.9829427083333333 0.10972222222222222 0.9821614583333333 0.11157407407407408 0.9813802083333333 0.11435185185185186 0.9813802083333333 0.11527777777777778 0.9805989583333333 0.11805555555555555 0.9795572916666667 0.12037037037037036 0.9790364583333333 0.12268518518518519 0.9787760416666667 0.125 0.9779947916666667 0.12777777777777777 0.9779947916666667 0.13055555555555556 0.9782552083333333 0.1310185185185185 0.9782552083333333 0.1337962962962963 0.9795572916666667 0.13703703703703704 0.980859375 0.14212962962962963 0.981640625 0.1439814814814815 0.9834635416666667 0.14722222222222223 0.9850260416666666 0.15138888888888888 0.985546875 0.15416666666666667 0.985546875 0.16111111111111112 0.9852864583333333 0.16157407407407406 0.9852864583333333 0.1648148148148148 0.984765625 0.16805555555555557 0.9838541666666667 0.16921296296296295 0.9828125 0.16967592592592592 0.9821614583333333 0.17083333333333334 0.9821614583333333 0.1726851851851852 0.981640625 0.175 0.981640625 0.17777777777777778 0.9813802083333333 0.17824074074074073 0.9813802083333333 0.18055555555555555 0.980859375 0.18287037037037038 0.9794270833333333 0.18541666666666667 0.9787760416666667 0.18611111111111112 0.978515625 0.1875 0.9752604166666666 0.19328703703703703 0.9739583333333334 0.19421296296296298 0.9708333333333333 0.19421296296296298 0.9700520833333334 0.19467592592592592 0.968359375 0.19768518518518519 0.9680989583333334 0.2 0.9670572916666667 0.2037037037037037 0.9670572916666667 0.20555555555555555 0.9690104166666667 0.20902777777777778 0.9713541666666666 0.21134259259259258 0.9729166666666667 0.21412037037037038 0.9739583333333334 0.2150462962962963 0.978125 0.2150462962962963 0.9783854166666667 0.21550925925925926 0.98046875 0.21550925925925926 0.9807291666666667 0.21597222222222223 0.9833333333333333 0.21597222222222223 0.98359375 0.21550925925925926 0.9869791666666666 0.21550925925925926 0.9872395833333333 0.2150462962962963 0.990625 0.2150462962962963 0.9916666666666667 0.21412037037037038 0.9924479166666667 0.21412037037037038 0.9934895833333334 0.21319444444444444 0.9950520833333333 0.21319444444444444 0.9953125 0.2127314814814815 0.9997395833333333 0.2127314814814815
12 0.9997395833333333 0.1335648148148148 0.9984375 0.1335648148148148 0.9975260416666667 0.13148148148148148 0.997265625 0.1300925925925926 0.997265625 0.12731481481481483 0.998046875 0.125 0.9984375 0.1224537037037037 0.9997395833333333 0.1224537037037037
12 0.780078125 0.19490740740740742 0.7811197916666667 0.19305555555555556 0.781640625 0.19074074074074074 0.781640625 0.1884259259259259 0.7819010416666666 0.1865740740740741 0.7826822916666667 0.18472222222222223 0.7826822916666667 0.18333333333333332 0.7822916666666667 0.18263888888888888 0.7809895833333333 0.18217592592592594 0.7794270833333333 0.18217592592592594 0.7782552083333333 0.1837962962962963 0.776171875 0.18981481481481483 0.776171875 0.1912037037037037 0.7770833333333333 0.19328703703703703 0.7786458333333334 0.1951388888888889 0.780078125 0.19490740740740742
12 0.9438802083333333 0.20925925925925926 0.94453125 0.20810185185185184 0.94609375 0.20671296296296296 0.9484375 0.20671296296296296 0.95 0.2076388888888889 0.9510416666666667 0.20717592592592593 0.9516927083333333 0.20601851851851852 0.9516927083333333 0.2013888888888889 0.951171875 0.19907407407407407 0.9505208333333334 0.19791666666666666 0.9479166666666666 0.19652777777777777 0.94765625 0.1960648148148148 0.9463541666666667 0.19652777777777777 0.94453125 0.19837962962962963 0.9440104166666666 0.19837962962962963 0.942578125 0.20277777777777778 0.9423177083333333 0.20555555555555555 0.942578125 0.2074074074074074 0.94375 0.20949074074074073 0.9438802083333333 0.20925925925925926
12 0.9436197916666667 0.2199074074074074 0.9442708333333333 0.2196759259259259 0.9454427083333333 0.2175925925925926 0.944921875 0.2152777777777778 0.94375 0.2127314814814815 0.94296875 0.2127314814814815 0.940234375 0.2175925925925926 0.9408854166666667 0.2196759259259259 0.9419270833333333 0.22013888888888888 0.9436197916666667 0.2199074074074074
12 0.894921875 0.22824074074074074 0.8963541666666667 0.22800925925925927 0.89765625 0.22662037037037036 0.8981770833333333 0.22662037037037036 0.8985677083333333 0.22546296296296298 0.8993489583333333 0.22453703703703703 0.8986979166666667 0.2224537037037037 0.8971354166666666 0.22152777777777777 0.89453125 0.22152777777777777 0.8942708333333333 0.22199074074074074 0.89140625 0.22199074074074074 0.8901041666666667 0.22291666666666668 0.8891927083333333 0.22453703703703703 0.889453125 0.2263888888888889 0.8903645833333333 0.2275462962962963 0.8919270833333334 0.22847222222222222 0.8947916666666667 0.22847222222222222 0.894921875 0.22824074074074074
12 0.8061197916666667 0.3435185185185185 0.8061197916666667 0.3435185185185185
12 0.8032552083333333 0.612037037037037 0.80546875 0.6118055555555556 0.8057291666666667 0.6113425925925926 0.80703125 0.6113425925925926 0.809375 0.6099537037037037 0.81015625 0.6099537037037037 0.81171875 0.6085648148148148 0.8125 0.607175925925926 0.81328125 0.606712962962963 0.8161458333333333 0.6016203703703704 0.81640625 0.6016203703703704 0.8180989583333333 0.5986111111111111 0.818359375 0.5972222222222222 0.8194010416666667 0.5949074074074074 0.8205729166666667 0.5928240740740741 0.821875 0.5909722222222222 0.8231770833333333 0.5895833333333333 0.82421875 0.5877314814814815 0.8255208333333334 0.5868055555555556 0.8283854166666667 0.5831018518518518 0.83046875 0.5798611111111112 0.83203125 0.5784722222222223 0.8328125 0.5770833333333333 0.8338541666666667 0.5761574074074074 0.8380208333333333 0.56875 0.8408854166666667 0.5659722222222222 0.8420572916666667 0.5638888888888889 0.8428385416666667 0.5615740740740741 0.8440104166666667 0.5599537037037037 0.8463541666666666 0.555787037037037 0.84765625 0.5543981481481481 0.8489583333333334 0.5539351851851851 0.85 0.5530092592592593 0.853125 0.5474537037037037 0.85390625 0.5469907407407407 0.8549479166666667 0.5456018518518518 0.8608072916666667 0.5351851851851852 0.8608072916666667 0.5347222222222222 0.8625 0.531712962962963 0.86484375 0.5293981481481481 0.8661458333333333 0.5270833333333333 0.8669270833333333 0.5261574074074075 0.86875 0.5247685185185185 0.86953125 0.5238425925925926 0.8716145833333333 0.5201388888888889 0.871875 0.5201388888888889 0.8740885416666667 0.5162037037037037 0.8751302083333333 0.512962962962963 0.876171875 0.5111111111111111 0.876953125 0.5087962962962963 0.8772135416666667 0.5055555555555555 0.8783854166666667 0.5043981481481481 0.8802083333333334 0.5039351851851852 0.8811197916666667 0.5023148148148148 0.881640625 0.49953703703703706 0.881640625 0.49444444444444446 0.8813802083333333 0.49398148148148147 0.8805989583333333 0.4875 0.8798177083333333 0.48518518518518516 0.879296875 0.48194444444444445 0.8782552083333334 0.4787037037037037 0.877734375 0.47638888888888886 0.8774739583333333 0.4736111111111111 0.8760416666666667 0.46967592592592594 0.87421875 0.46875 0.871875 0.46875 0.8705729166666667 0.46967592592592594 0.8690104166666667 0.46967592592592594 0.86875 0.4701388888888889 0.86484375 0.4701388888888889 0.8645833333333334 0.4706018518518518 0.8565104166666667 0.4706018518518518 0.85625 0.4710648148148148 0.8533854166666667 0.4710648148148148 0.853125 0.47152777777777777 0.8481770833333333 0.47152777777777777 0.8479166666666667 0.47199074074074077 0.8442708333333333 0.47199074074074077 0.8440104166666667 0.4724537037037037 0.8411458333333334 0.4724537037037037 0.8408854166666667 0.47291666666666665 0.8375 0.47291666666666665 0.8372395833333334 0.47337962962962965 0.83359375 0.47337962962962965 0.8333333333333334 0.4738425925925926 0.8278645833333333 0.4738425925925926 0.8276041666666667 0.47430555555555554 0.8247395833333333 0.47430555555555554 0.8244791666666667 0.47476851851851853 0.82109375 0.47476851851851853 0.8208333333333333 0.4752314814814815 0.8169270833333333 0.4752314814814815 0.8166666666666667 0.4756944444444444 0.81328125 0.4756944444444444 0.8130208333333333 0.4761574074074074 0.8111979166666666 0.4761574074074074 0.8109375 0.47662037037037036 0.8067708333333333 0.47662037037037036 0.8065104166666667 0.47708333333333336 0.79921875 0.47708333333333336 0.7989583333333333 0.4775462962962963 0.7958333333333333 0.4775462962962963 0.7955729166666666 0.47800925925925924 0.7921875 0.47800925925925924 0.7919270833333333 0.47847222222222224 0.78515625 0.47847222222222224 0.7848958333333333 0.4789351851851852 0.7833333333333333 0.4789351851851852 0.781640625 0.4810185185185185 0.7813802083333333 0.48194444444444445 0.7813802083333333 0.4842592592592593 0.7821614583333333 0.4875 0.782421875 0.4898148148148148 0.782421875 0.4925925925925926 0.7826822916666667 0.4930555555555556 0.7826822916666667 0.49537037037037035 0.783203125 0.49722222222222223 0.784765625 0.5 0.785546875 0.5023148148148148 0.7860677083333333 0.5074074074074074 0.786328125 0.5078703703703704 0.7865885416666667 0.5115740740740741 0.787109375 0.513425925925926 0.7873697916666667 0.5157407407407407 0.7884114583333334 0.5189814814814815 0.7889322916666667 0.5212962962962963 0.7891927083333333 0.5236111111111111 0.7897135416666666 0.5259259259259259 0.7897135416666666 0.5291666666666667 0.7899739583333333 0.5296296296296297 0.7899739583333333 0.5328703703703703 0.790234375 0.5333333333333333 0.790234375 0.5361111111111111 0.7904947916666667 0.5365740740740741 0.7907552083333333 0.5393518518518519 0.7923177083333334 0.5444444444444444 0.7928385416666667 0.55 0.793359375 0.5523148148148148 0.7946614583333333 0.5592592592592592 0.794921875 0.5634259259259259 0.7959635416666667 0.5708333333333333 0.796484375 0.575462962962963 0.7967447916666667 0.575925925925926 0.7967447916666667 0.5782407407407407 0.7975260416666666 0.5819444444444445 0.7975260416666666 0.5828703703703704 0.7990885416666667 0.5875 0.799609375 0.5925925925925926 0.800390625 0.5958333333333333 0.800390625 0.5972222222222222 0.8009114583333333 0.5995370370370371 0.8009114583333333 0.600925925925926 0.8016927083333333 0.6041666666666666 0.8016927083333333 0.6055555555555555 0.8024739583333333 0.6101851851851852 0.8032552083333333 0.612037037037037
12 0.9997395833333333 0.5275462962962963 0.9971354166666667 0.5275462962962963 0.996875 0.5280092592592592 0.990625 0.5280092592592592 0.9903645833333333 0.5284722222222222 0.9841145833333333 0.5284722222222222 0.9838541666666667 0.5289351851851852 0.9778645833333334 0.5289351851851852 0.9776041666666667 0.5293981481481481 0.9713541666666666 0.5293981481481481 0.97109375 0.5298611111111111 0.9669270833333333 0.5298611111111111 0.9666666666666667 0.5303240740740741 0.9611979166666667 0.5303240740740741 0.9609375 0.530787037037037 0.9549479166666667 0.530787037037037 0.9546875 0.53125 0.9502604166666667 0.53125 0.95 0.531712962962963 0.9442708333333333 0.531712962962963 0.9440104166666666 0.5321759259259259 0.93984375 0.5321759259259259 0.9395833333333333 0.5326388888888889 0.9346354166666667 0.5326388888888889 0.934375 0.5331018518518519 0.9299479166666667 0.5331018518518519 0.9296875 0.5335648148148148 0.9255208333333333 0.5335648148148148 0.9252604166666667 0.5340277777777778 0.9221354166666667 0.5340277777777778 0.921875 0.5344907407407408 0.9190104166666667 0.5344907407407408 0.91875 0.5349537037037037 0.91640625 0.5349537037037037 0.9161458333333333 0.5354166666666667 0.91484375 0.5354166666666667 0.9138020833333333 0.5358796296296297 0.9104166666666667 0.5386574074074074 0.9098958333333333 0.5386574074074074 0.9059895833333333 0.5428240740740741 0.9046875 0.5451388888888888 0.9044270833333333 0.5451388888888888 0.903125 0.5474537037037037 0.9015625 0.5493055555555556 0.8994791666666667 0.5511574074074074 0.8986979166666667 0.5525462962962963 0.896875 0.5548611111111111 0.8927083333333333 0.5585648148148148 0.89140625 0.5604166666666667 0.8890625 0.5645833333333333 0.8872395833333333 0.5668981481481481 0.884375 0.569212962962963 0.8828125 0.5710648148148149 0.88125 0.5738425925925926 0.8799479166666667 0.5756944444444444 0.87890625 0.5766203703703704 0.8776041666666666 0.5784722222222223 0.8760416666666667 0.5798611111111112 0.8747395833333333 0.5821759259259259 0.8734375 0.5840277777777778 0.8716145833333333 0.5854166666666667 0.86953125 0.5881944444444445 0.8677083333333333 0.5895833333333333 0.8661458333333333 0.5914351851851852 0.8635416666666667 0.5951388888888889 0.8627604166666667 0.5956018518518519 0.8611979166666667 0.5974537037037037 0.8567708333333334 0.6053240740740741 0.8552083333333333 0.607175925925926 0.8533854166666667 0.6085648148148148 0.8518229166666667 0.6108796296296296 0.8510416666666667 0.6113425925925926 0.8494791666666667 0.6131944444444445 0.8481770833333333 0.6141203703703704 0.84609375 0.6168981481481481 0.8453125 0.6173611111111111 0.8442708333333333 0.61875 0.8421875 0.6224537037037037 0.8408854166666667 0.6243055555555556 0.8393229166666667 0.6256944444444444 0.8388020833333333 0.6266203703703703 0.8372395833333334 0.6280092592592592 0.8356770833333333 0.6307870370370371 0.8341145833333333 0.6326388888888889 0.8325520833333333 0.6340277777777777 0.8311197916666667 0.6365740740740741 0.8311197916666667 0.6370370370370371 0.8282552083333333 0.6421296296296296 0.8282552083333333 0.6439814814814815 0.8294270833333334 0.6460648148148148 0.8307291666666666 0.6465277777777778 0.8359375 0.6465277777777778 0.8361979166666667 0.6469907407407407 0.85703125 0.6469907407407407 0.8572916666666667 0.6465277777777778 0.8591145833333333 0.6465277777777778 0.859375 0.6460648148148148 0.8611979166666667 0.6460648148148148 0.8614583333333333 0.6456018518518518 0.878125 0.6456018518518518 0.8783854166666667 0.6451388888888889 0.8911458333333333 0.6451388888888889 0.89140625 0.6446759259259259 0.8973958333333333 0.6446759259259259 0.89765625 0.6442129629629629 0.9036458333333334 0.6442129629629629 0.90390625 0.64375 0.9059895833333333 0.64375 0.90625 0.643287037037037 0.9075520833333334 0.643287037037037 0.9078125 0.642824074074074 0.9127604166666666 0.642824074074074 0.9130208333333333 0.643287037037037 0.9388020833333334 0.643287037037037 0.9390625 0.642824074074074 0.95390625 0.642824074074074 0.9541666666666667 0.6423611111111112 0.9682291666666667 0.6423611111111112 0.9684895833333333 0.6418981481481482 0.9760416666666667 0.6418981481481482 0.9763020833333333 0.6414351851851852 0.984375 0.6414351851851852 0.9846354166666667 0.6409722222222223 0.9890625 0.6409722222222223 0.9893229166666667 0.6405092592592593 0.9924479166666667 0.6405092592592593 0.9927083333333333 0.6400462962962963 0.9997395833333333 0.6400462962962963
