13 0.0 0.44699074074074074 0.0015625 0.44699074074074074 0.0018229166666666667 0.4465277777777778 0.003125 0.4465277777777778 0.0046875 0.44560185185185186 0.005989583333333334 0.44560185185185186 0.00625 0.44513888888888886 0.008072916666666667 0.44513888888888886 0.008333333333333333 0.4446759259259259 0.010416666666666666 0.4446759259259259 0.010677083333333334 0.444212962962963 0.0125 0.444212962962963 0.012760416666666666 0.44375 0.016927083333333332 0.44375 0.0171875 0.44328703703703703 0.019010416666666665 0.44328703703703703 0.019270833333333334 0.4428240740740741 0.02109375 0.4428240740740741 0.021354166666666667 0.4423611111111111 0.027083333333333334 0.4423611111111111 0.02734375 0.44189814814814815 0.029947916666666668 0.44189814814814815 0.030208333333333334 0.4414351851851852 0.032552083333333336 0.4414351851851852 0.0328125 0.4409722222222222 0.034895833333333334 0.4409722222222222 0.03515625 0.44050925925925927 0.037760416666666664 0.44050925925925927 0.03802083333333333 0.44004629629629627 0.041666666666666664 0.44004629629629627 0.04192708333333333 0.4395833333333333 0.044270833333333336 0.4395833333333333 0.04453125 0.4391203703703704 0.05 0.4391203703703704 0.05026041666666667 0.4386574074074074 0.05260416666666667 0.4386574074074074 0.05286458333333333 0.43819444444444444 0.05416666666666667 0.4386574074074074 0.05677083333333333 0.4386574074074074 0.05703125 0.43819444444444444 0.05859375 0.43819444444444444 0.058854166666666666 0.4377314814814815 0.06171875 0.4377314814814815 0.06197916666666667 0.4372685185185185 0.06510416666666667 0.4372685185185185 0.06536458333333334 0.43680555555555556 0.06666666666666667 0.43680555555555556 0.06692708333333333 0.4363425925925926 0.06901041666666667 0.4363425925925926 0.06927083333333334 0.4358796296296296 0.07317708333333334 0.4358796296296296 0.0734375 0.4354166666666667 0.07604166666666666 0.4354166666666667 0.07630208333333334 0.43495370370370373 0.0796875 0.43495370370370373 0.07994791666666666 0.43449074074074073 0.08151041666666667 0.43449074074074073 0.08177083333333333 0.4340277777777778 0.08307291666666666 0.4340277777777778 0.08333333333333333 0.4335648148148148 0.0859375 0.4335648148148148 0.08619791666666667 0.43310185185185185 0.08932291666666667 0.43310185185185185 0.08958333333333333 0.4326388888888889 0.0921875 0.4326388888888889 0.09244791666666667 0.4321759259259259 0.0953125 0.4321759259259259 0.09557291666666666 0.43171296296296297 0.09817708333333333 0.43171296296296297 0.0984375 0.43125 0.10442708333333334 0.43125 0.1046875 0.430787037037037 0.10729166666666666 0.430787037037037 0.10755208333333334 0.4303240740740741 0.1109375 0.4303240740740741 0.11119791666666666 0.42986111111111114 0.1140625 0.42986111111111114 0.11432291666666666 0.42939814814814814 0.11796875 0.42939814814814814 0.11822916666666666 0.4289351851851852 0.12083333333333333 0.4289351851851852 0.12109375 0.4284722222222222 0.12317708333333334 0.4284722222222222 0.1234375 0.42800925925925926 0.12760416666666666 0.42800925925925926 0.12890625 0.4284722222222222 0.13098958333333333 0.42986111111111114 0.132421875 0.4324074074074074 0.132421875 0.43287037037037035 0.13515625 0.4377314814814815 0.13671875 0.4395833333333333 0.13802083333333334 0.44189814814814815 0.1390625 0.4428240740740741 0.14127604166666666 0.44675925925925924 0.14127604166666666 0.44722222222222224 0.14244791666666667 0.44930555555555557 0.14453125 0.4516203703703704 0.146875 0.45578703703703705 0.14713541666666666 0.45578703703703705 0.148828125 0.45925925925925926 0.149609375 0.462037037037037 0.15104166666666666 0.46458333333333335 0.15234375 0.46597222222222223 0.15364583333333334 0.46828703703703706 0.15494791666666666 0.46967592592592594 0.15690104166666666 0.47314814814814815 0.15690104166666666 0.4736111111111111 0.15885416666666666 0.47708333333333336 0.15989583333333332 0.47800925925925924 0.1625 0.4826388888888889 0.16276041666666666 0.4826388888888889 0.16419270833333333 0.48518518518518516 0.165234375 0.487962962962963 0.16549479166666667 0.48935185185185187 0.16692708333333334 0.49189814814814814 0.16796875 0.4928240740740741 0.16979166666666667 0.4960648148148148 0.17005208333333333 0.4960648148148148 0.17252604166666666 0.500462962962963 0.17356770833333332 0.5037037037037037 0.17421875 0.5048611111111111 0.17552083333333332 0.5057870370370371 0.1765625 0.507175925925926 0.17786458333333333 0.5094907407407407 0.178125 0.5094907407407407 0.18033854166666666 0.513425925925926 0.18138020833333332 0.5175925925925926 0.18203125 0.51875 0.1828125 0.5192129629629629 0.184375 0.5210648148148148 0.187890625 0.5273148148148148 0.18841145833333334 0.5291666666666667 0.19010416666666666 0.5321759259259259 0.19088541666666667 0.5326388888888889 0.19244791666666666 0.5344907407407408 0.19596354166666666 0.5407407407407407 0.196484375 0.5421296296296296 0.19674479166666667 0.5439814814814815 0.197265625 0.5453703703703704 0.1984375 0.5469907407407407 0.19947916666666668 0.5479166666666667 0.20403645833333334 0.5560185185185185 0.20403645833333334 0.5564814814814815 0.20572916666666666 0.5594907407407408 0.2078125 0.5613425925925926 0.20911458333333333 0.5631944444444444 0.21158854166666666 0.5675925925925925 0.212109375 0.5689814814814815 0.212890625 0.5722222222222222 0.21380208333333334 0.5738425925925926 0.21484375 0.5747685185185185 0.21744791666666666 0.5793981481481482 0.21770833333333334 0.5793981481481482 0.219921875 0.5833333333333334 0.22109375 0.5863425925925926 0.2234375 0.5881944444444445 0.22473958333333333 0.5900462962962963 0.22552083333333334 0.5905092592592592 0.22721354166666666 0.5935185185185186 0.22825520833333332 0.5962962962962963 0.22877604166666668 0.5990740740740741 0.22942708333333334 0.5997685185185185 0.23072916666666668 0.6020833333333333 0.23098958333333333 0.6020833333333333 0.232421875 0.6046296296296296 0.232421875 0.6050925925925926 0.23359375 0.607175925925926 0.23515625 0.6090277777777777 0.23880208333333333 0.6155092592592593 0.24088541666666666 0.6173611111111111 0.24309895833333334 0.6212962962962963 0.24518229166666666 0.6268518518518519 0.24739583333333334 0.6307870370370371 0.24765625 0.6307870370370371 0.25 0.6349537037037037 0.25026041666666665 0.6349537037037037 0.2552083333333333 0.64375 0.25703125 0.6451388888888889 0.25872395833333334 0.6481481481481481 0.259765625 0.6509259259259259 0.261328125 0.6537037037037037 0.2618489583333333 0.6555555555555556 0.2630208333333333 0.6576388888888889 0.2643229166666667 0.6590277777777778 0.2671875 0.6641203703703704 0.26848958333333334 0.6655092592592593 0.2696614583333333 0.6675925925925926 0.2696614583333333 0.6680555555555555 0.2713541666666667 0.6710648148148148 0.27239583333333334 0.6715277777777777 0.27317708333333335 0.6724537037037037 0.274609375 0.675 0.27513020833333335 0.6768518518518518 0.277734375 0.6814814814814815 0.2779947916666667 0.6828703703703703 0.2794270833333333 0.6854166666666667 0.28046875 0.6863425925925926 0.2819010416666667 0.6888888888888889 0.2819010416666667 0.6893518518518519 0.28359375 0.6923611111111111 0.28463541666666664 0.6932870370370371 0.2852864583333333 0.6944444444444444 0.2858072916666667 0.6962962962962963 0.2872395833333333 0.6988425925925926 0.28880208333333335 0.6997685185185185 0.290234375 0.7023148148148148 0.29049479166666664 0.7037037037037037 0.29140625 0.705787037037037 0.2921875 0.70625 0.2936197916666667 0.7087962962962963 0.294140625 0.7111111111111111 0.2950520833333333 0.7127314814814815 0.29635416666666664 0.7136574074074075 0.2975260416666667 0.7157407407407408 0.298046875 0.7180555555555556 0.2994791666666667 0.7206018518518519 0.3009114583333333 0.7222222222222222 0.30169270833333334 0.725 0.3028645833333333 0.7266203703703704 0.30364583333333334 0.7266203703703704 0.30494791666666665 0.7275462962962963 0.30559895833333334 0.7287037037037037 0.30611979166666664 0.7314814814814815 0.30703125 0.7335648148148148 0.3072916666666667 0.7335648148148148 0.308984375 0.736574074074074 0.30950520833333334 0.7388888888888889 0.3109375 0.7414351851851851 0.3111979166666667 0.7414351851851851 0.3140625 0.7465277777777778 0.315625 0.7483796296296297 0.3170572916666667 0.7509259259259259 0.317578125 0.7527777777777778 0.32265625 0.7618055555555555 0.32369791666666664 0.7627314814814815 0.32513020833333334 0.7652777777777777 0.32565104166666664 0.7671296296296296 0.3268229166666667 0.7692129629629629 0.3274739583333333 0.7699074074074074 0.328515625 0.7736111111111111 0.3296875 0.7756944444444445 0.33177083333333335 0.7770833333333333 0.333203125 0.7796296296296297 0.333203125 0.7800925925925926 0.3375 0.7877314814814815 0.34088541666666666 0.7909722222222222 0.3421875 0.7932870370370371 0.34348958333333335 0.794675925925926 0.3450520833333333 0.7974537037037037 0.3453125 0.7974537037037037 0.34765625 0.8016203703703704 0.3502604166666667 0.8039351851851851 0.35104166666666664 0.8048611111111111 0.35325520833333335 0.8087962962962963 0.35325520833333335 0.8092592592592592 0.35703125 0.8159722222222222 0.3575520833333333 0.8164351851851852 0.3625 0.8164351851851852 0.36276041666666664 0.8168981481481481 0.3645833333333333 0.8168981481481481 0.3658854166666667 0.8178240740740741 0.3671875 0.819212962962963 0.36796875 0.8206018518518519 0.36940104166666665 0.8222222222222222 0.370703125 0.825925925925926 0.3717447916666667 0.8282407407407407 0.373046875 0.8305555555555556 0.37408854166666666 0.8337962962962963 0.3748697916666667 0.8351851851851851 0.3756510416666667 0.8384259259259259 0.3756510416666667 0.8416666666666667 0.37591145833333334 0.8421296296296297 0.375390625 0.8476851851851852 0.374609375 0.8513888888888889 0.3743489583333333 0.8555555555555555 0.37356770833333336 0.8583333333333333 0.37278645833333335 0.8634259259259259 0.372265625 0.8657407407407407 0.3709635416666667 0.8703703703703703 0.3704427083333333 0.8717592592592592 0.37018229166666666 0.8740740740740741 0.36966145833333336 0.875462962962963 0.36888020833333335 0.8805555555555555 0.368359375 0.8819444444444444 0.3678385416666667 0.8861111111111111 0.367578125 0.8893518518518518 0.3673177083333333 0.8898148148148148 0.36627604166666666 0.8981481481481481 0.36549479166666665 0.9004629629629629 0.364453125 0.9027777777777778 0.36419270833333334 0.9041666666666667 0.3631510416666667 0.9069444444444444 0.362890625 0.9092592592592592 0.36236979166666666 0.9115740740740741 0.36158854166666665 0.9138888888888889 0.361328125 0.9162037037037037 0.36080729166666664 0.9180555555555555 0.360546875 0.9203703703703704 0.360546875 0.9231481481481482 0.359765625 0.9291666666666667 0.358984375 0.9324074074074075 0.35846354166666666 0.9356481481481481 0.357421875 0.9388888888888889 0.35690104166666664 0.9398148148148148 0.35638020833333334 0.9425925925925925 0.35638020833333334 0.9439814814814815 0.35377604166666665 0.9527777777777777 0.353515625 0.9560185185185185 0.352734375 0.9601851851851851 0.351953125 0.9662037037037037 0.3514322916666667 0.9680555555555556 0.3514322916666667 0.9703703703703703 0.351171875 0.9708333333333333 0.35065104166666666 0.9763888888888889 0.348828125 0.9819444444444444 0.34856770833333334 0.9833333333333333 0.3477864583333333 0.9847222222222223 0.34596354166666665 0.9902777777777778 0.34466145833333334 0.9935185185185185 0.3444010416666667 0.9949074074074075 0.34375 0.9960648148148148 0.3419270833333333 0.9974537037037037 0.340625 0.9974537037037037 0.34036458333333336 0.9969907407407408 0.3385416666666667 0.9969907407407408 0.33828125 0.9965277777777778 0.33697916666666666 0.9965277777777778 0.33671875 0.9969907407407408 0.33489583333333334 0.9969907407407408 0.3346354166666667 0.9974537037037037 0.33229166666666665 0.9974537037037037 0.33203125 0.9969907407407408 0.31171875 0.9969907407407408 0.3106770833333333 0.9965277777777778 0.31002604166666664 0.9953703703703703 0.31002604166666664 0.9930555555555556 0.31028645833333335 0.9925925925925926 0.31028645833333335 0.9898148148148148 0.31106770833333336 0.987037037037037 0.31106770833333336 0.9856481481481482 0.31158854166666666 0.9833333333333333 0.31158854166666666 0.9810185185185185 0.312109375 0.9787037037037037 0.3126302083333333 0.975 0.31341145833333334 0.9722222222222222 0.31497395833333336 0.9685185185185186 0.315234375 0.9662037037037037 0.3170572916666667 0.9601851851851851 0.31783854166666664 0.9555555555555556 0.31783854166666664 0.9541666666666667 0.31861979166666665 0.9513888888888888 0.319140625 0.9486111111111111 0.3201822916666667 0.9453703703703704 0.320703125 0.9430555555555555 0.321484375 0.9412037037037037 0.32174479166666664 0.9393518518518519 0.32174479166666664 0.9347222222222222 0.32200520833333335 0.9342592592592592 0.32252604166666665 0.9300925925925926 0.323046875 0.9282407407407407 0.323046875 0.9254629629629629 0.32278645833333336 0.925 0.32200520833333335 0.9212962962962963 0.32057291666666665 0.91875 0.31953125 0.9178240740740741 0.3177083333333333 0.9150462962962963 0.31744791666666666 0.9150462962962963 0.3138020833333333 0.9085648148148148 0.31223958333333335 0.906712962962963 0.3106770833333333 0.9039351851851852 0.30807291666666664 0.9011574074074075 0.3045572916666667 0.8949074074074074 0.30364583333333334 0.892824074074074 0.3020833333333333 0.8918981481481482 0.30078125 0.8905092592592593 0.29921875 0.8895833333333333 0.29635416666666664 0.8863425925925926 0.2942708333333333 0.8826388888888889 0.29401041666666666 0.8826388888888889 0.29270833333333335 0.8803240740740741 0.29140625 0.8784722222222222 0.290625 0.8780092592592592 0.28958333333333336 0.8766203703703703 0.2890625 0.8766203703703703 0.2875 0.8752314814814814 0.2864583333333333 0.8747685185185186 0.28489583333333335 0.8747685185185186 0.28359375 0.8743055555555556 0.28203125 0.8729166666666667 0.280859375 0.8708333333333333 0.27981770833333336 0.8652777777777778 0.278125 0.8627314814814815 0.27708333333333335 0.8618055555555556 0.27578125 0.8599537037037037 0.27317708333333335 0.8581018518518518 0.2713541666666667 0.8576388888888888 0.27109375 0.857175925925926 0.26901041666666664 0.857175925925926 0.26875 0.856712962962963 0.26640625 0.856712962962963 0.26614583333333336 0.85625 0.2640625 0.85625 0.2638020833333333 0.8557870370370371 0.25885416666666666 0.8557870370370371 0.25859375 0.8553240740740741 0.25703125 0.8553240740740741 0.25677083333333334 0.8548611111111111 0.2520833333333333 0.8548611111111111 0.2518229166666667 0.8543981481481482 0.25026041666666665 0.8543981481481482 0.24869791666666666 0.8534722222222222 0.24583333333333332 0.8534722222222222 0.24557291666666667 0.8530092592592593 0.24296875 0.8530092592592593 0.24270833333333333 0.8525462962962963 0.24010416666666667 0.8516203703703704 0.23645833333333333 0.8516203703703704 0.23567708333333334 0.8520833333333333 0.23411458333333332 0.8543981481481482 0.23385416666666667 0.8543981481481482 0.231640625 0.8583333333333333 0.23138020833333334 0.8597222222222223 0.22994791666666667 0.8622685185185185 0.22890625 0.8631944444444445 0.227734375 0.8652777777777778 0.22721354166666666 0.8675925925925926 0.226953125 0.8699074074074075 0.22643229166666667 0.8712962962962963 0.226171875 0.8736111111111111 0.22513020833333333 0.8773148148148148 0.22513020833333333 0.8782407407407408 0.223828125 0.8819444444444444 0.22278645833333333 0.8842592592592593 0.221484375 0.8893518518518518 0.22096354166666668 0.8902777777777777 0.22018229166666667 0.8939814814814815 0.21966145833333334 0.8976851851851851 0.21627604166666667 0.9074074074074074 0.21575520833333334 0.9097222222222222 0.213671875 0.9148148148148149 0.21315104166666668 0.9166666666666666 0.21158854166666666 0.9208333333333333 0.21106770833333333 0.924537037037037 0.209765625 0.9287037037037037 0.209765625 0.9296296296296296 0.20872395833333332 0.9328703703703703 0.20794270833333334 0.9361111111111111 0.20690104166666667 0.9384259259259259 0.20638020833333334 0.9402777777777778 0.20533854166666668 0.9425925925925925 0.20481770833333332 0.9449074074074074 0.204296875 0.9458333333333333 0.20377604166666666 0.9495370370370371 0.20325520833333333 0.950925925925926 0.20299479166666667 0.9527777777777777 0.20221354166666666 0.9550925925925926 0.20013020833333334 0.9601851851851851 0.199609375 0.9625 0.19908854166666667 0.9634259259259259 0.19856770833333334 0.9657407407407408 0.198046875 0.9666666666666667 0.19674479166666667 0.9717592592592592 0.19622395833333334 0.9726851851851852 0.19466145833333334 0.9782407407407407 0.19466145833333334 0.9791666666666666 0.193359375 0.9833333333333333 0.192578125 0.9851851851851852 0.19127604166666667 0.9875 0.19127604166666667 0.9879629629629629 0.18971354166666668 0.9907407407407407 0.18893229166666667 0.9935185185185185 0.18815104166666666 0.9953703703703703 0.18645833333333334 0.9969907407407408 0.18515625 0.9974537037037037 0.18229166666666666 0.9974537037037037 0.18203125 0.9969907407407408 0.15703125 0.9969907407407408 0.15677083333333333 0.9974537037037037 0.15104166666666666 0.9974537037037037 0.15078125 0.9969907407407408 0.14947916666666666 0.9969907407407408 0.1484375 0.9965277777777778 0.14700520833333333 0.9953703703703703 0.14700520833333333 0.9902777777777778 0.14817708333333332 0.9881944444444445 0.14947916666666666 0.9868055555555556 0.15078125 0.9844907407407407 0.15104166666666666 0.9844907407407407 0.15221354166666667 0.9824074074074074 0.15325520833333334 0.9791666666666666 0.15377604166666667 0.9782407407407407 0.15611979166666667 0.9703703703703703 0.157421875 0.9675925925925926 0.15794270833333332 0.9652777777777778 0.158984375 0.9629629629629629 0.15924479166666666 0.961574074074074 0.16002604166666667 0.9601851851851851 0.160546875 0.9583333333333334 0.16184895833333332 0.9555555555555556 0.163671875 0.9490740740740741 0.16471354166666666 0.9462962962962963 0.16731770833333334 0.9407407407407408 0.168359375 0.937037037037037 0.16940104166666667 0.9347222222222222 0.16966145833333332 0.9333333333333333 0.170703125 0.9310185185185185 0.17096354166666666 0.9296296296296296 0.17200520833333333 0.9273148148148148 0.17278645833333334 0.924074074074074 0.174609375 0.9199074074074074 0.175390625 0.9171296296296296 0.17747395833333332 0.913425925925926 0.17799479166666668 0.9120370370370371 0.178515625 0.9083333333333333 0.17955729166666667 0.9050925925925926 0.18033854166666666 0.9032407407407408 0.181640625 0.9009259259259259 0.182421875 0.899074074074074 0.183203125 0.8962962962962963 0.18424479166666666 0.8935185185185185 0.18684895833333334 0.887962962962963 0.18684895833333334 0.8875 0.18815104166666666 0.8847222222222222 0.18971354166666668 0.8791666666666667 0.190234375 0.8782407407407408 0.191015625 0.875462962962963 0.19283854166666667 0.8722222222222222 0.193359375 0.8699074074074075 0.19388020833333333 0.8689814814814815 0.19440104166666666 0.8662037037037037 0.19622395833333334 0.8611111111111112 0.197265625 0.8592592592592593 0.199609375 0.8518518518518519 0.20169270833333333 0.8476851851851852 0.20299479166666667 0.8425925925925926 0.20403645833333334 0.8393518518518519 0.205078125 0.8375 0.20638020833333334 0.8333333333333334 0.2078125 0.830787037037037 0.20846354166666667 0.8300925925925926 0.20950520833333333 0.8263888888888888 0.209765625 0.8240740740740741 0.21080729166666667 0.8208333333333333 0.21158854166666666 0.8194444444444444 0.21236979166666667 0.8171296296296297 0.21315104166666668 0.8157407407407408 0.213671875 0.8134259259259259 0.215234375 0.8092592592592592 0.21653645833333332 0.8069444444444445 0.21653645833333332 0.8064814814814815 0.21783854166666666 0.8037037037037037 0.21861979166666667 0.8009259259259259 0.21888020833333333 0.7986111111111112 0.219921875 0.7953703703703704 0.22096354166666668 0.7875 0.22018229166666667 0.7851851851851852 0.21940104166666666 0.7837962962962963 0.21888020833333333 0.7819444444444444 0.21744791666666666 0.7793981481481481 0.21510416666666668 0.7770833333333333 0.21276041666666667 0.7729166666666667 0.21119791666666668 0.7710648148148148 0.20885416666666667 0.7668981481481482 0.20703125 0.7655092592592593 0.20572916666666666 0.7641203703703704 0.20442708333333334 0.7622685185185185 0.20286458333333332 0.7608796296296296 0.201953125 0.7587962962962963 0.2 0.7553240740740741 0.19869791666666667 0.7534722222222222 0.196875 0.7520833333333333 0.1953125 0.7502314814814814 0.19401041666666666 0.7479166666666667 0.19375 0.7479166666666667 0.1921875 0.7451388888888889 0.19192708333333333 0.7451388888888889 0.18932291666666667 0.7405092592592593 0.18619791666666666 0.7377314814814815 0.18567708333333333 0.7368055555555556 0.18307291666666667 0.7340277777777777 0.1828125 0.7340277777777777 0.18098958333333334 0.7307870370370371 0.18072916666666666 0.7307870370370371 0.17955729166666667 0.7287037037037037 0.17955729166666667 0.7282407407407407 0.178125 0.7256944444444444 0.17604166666666668 0.7238425925925925 0.1734375 0.7210648148148148 0.17135416666666667 0.719212962962963 0.17005208333333333 0.7173611111111111 0.16875 0.7164351851851852 0.16588541666666667 0.7122685185185185 0.16328125 0.7104166666666667 0.16197916666666667 0.7104166666666667 0.16171875 0.7099537037037037 0.15885416666666666 0.7099537037037037 0.15859375 0.7094907407407407 0.15677083333333333 0.7094907407407407 0.15546875 0.7090277777777778 0.15416666666666667 0.7081018518518518 0.15338541666666666 0.7081018518518518 0.15182291666666667 0.7067129629629629 0.15130208333333334 0.7067129629629629 0.15 0.705324074074074 0.14609375 0.6983796296296296 0.14453125 0.6965277777777777 0.143359375 0.6944444444444444 0.142578125 0.6925925925925925 0.141796875 0.6898148148148148 0.141796875 0.687037037037037 0.14153645833333334 0.6865740740740741 0.14153645833333334 0.6842592592592592 0.14127604166666666 0.6833333333333333 0.13880208333333333 0.6789351851851851 0.1359375 0.6775462962962963 0.13489583333333333 0.6766203703703704 0.13359375 0.6761574074074074 0.13177083333333334 0.6761574074074074 0.13151041666666666 0.6756944444444445 0.1296875 0.6756944444444445 0.12942708333333333 0.6752314814814815 0.12786458333333334 0.6752314814814815 0.12760416666666666 0.6747685185185185 0.12552083333333333 0.6747685185185185 0.12526041666666668 0.6743055555555556 0.12291666666666666 0.6743055555555556 0.12265625 0.6738425925925926 0.1203125 0.6738425925925926 0.12005208333333334 0.6733796296296296 0.11744791666666667 0.6733796296296296 0.1171875 0.6729166666666667 0.1140625 0.6729166666666667 0.11380208333333333 0.6724537037037037 0.11145833333333334 0.6724537037037037 0.11119791666666666 0.6719907407407407 0.10807291666666667 0.6719907407407407 0.1078125 0.6715277777777777 0.10494791666666667 0.6715277777777777 0.1046875 0.6710648148148148 0.10260416666666666 0.6710648148148148 0.10234375 0.6706018518518518 0.10026041666666667 0.6706018518518518 0.1 0.6701388888888888 0.09817708333333333 0.6701388888888888 0.09661458333333334 0.669212962962963 0.0953125 0.669212962962963 0.09505208333333333 0.66875 0.08776041666666666 0.66875 0.0875 0.6682870370370371 0.08541666666666667 0.6682870370370371 0.08515625 0.6678240740740741 0.08046875 0.6678240740740741 0.08020833333333334 0.6673611111111111 0.07838541666666667 0.6673611111111111 0.078125 0.6668981481481482 0.0765625 0.6668981481481482 0.07630208333333334 0.6664351851851852 0.07135416666666666 0.6664351851851852 0.06901041666666667 0.6650462962962963 0.06770833333333333 0.6650462962962963 0.06744791666666666 0.6645833333333333 0.06484375 0.6645833333333333 0.06458333333333334 0.6641203703703704 0.062239583333333334 0.6641203703703704 0.06197916666666667 0.6636574074074074 0.059895833333333336 0.6636574074074074 0.05963541666666667 0.6631944444444444 0.05677083333333333 0.6631944444444444 0.05651041666666667 0.6627314814814815 0.053125 0.6627314814814815 0.05286458333333333 0.6622685185185185 0.051041666666666666 0.6622685185185185 0.05078125 0.6618055555555555 0.04869791666666667 0.6618055555555555 0.0484375 0.6613425925925925 0.04453125 0.6613425925925925 0.044270833333333336 0.6608796296296297 0.04244791666666667 0.6608796296296297 0.0421875 0.6604166666666667 0.040625 0.6604166666666667 0.040364583333333336 0.6599537037037037 0.03723958333333333 0.6590277777777778 0.03619791666666667 0.6594907407407408 0.03567708333333333 0.6604166666666667 0.033854166666666664 0.6618055555555555 0.03216145833333333 0.6648148148148149 0.03216145833333333 0.6652777777777777 0.029947916666666668 0.669212962962963 0.028776041666666665 0.6708333333333333 0.028255208333333334 0.6726851851851852 0.026953125 0.675 0.026953125 0.6754629629629629 0.024869791666666665 0.6791666666666667 0.024088541666666668 0.6814814814814815 0.022005208333333335 0.6851851851851852 0.022005208333333335 0.6856481481481481 0.020442708333333334 0.6884259259259259 0.020442708333333334 0.6888888888888889 0.018880208333333332 0.6916666666666667 0.018880208333333332 0.6921296296296297 0.016276041666666668 0.6967592592592593 0.016276041666666668 0.6972222222222222 0.014322916666666666 0.7011574074074074 0.0140625 0.7011574074074074 0.012890625 0.7032407407407407 0.012890625 0.7037037037037037 0.008463541666666666 0.711574074074074 0.007421875 0.7148148148148148 0.005078125 0.7189814814814814 0.004296875 0.7212962962962963 0.0026041666666666665 0.7238425925925925 0.0013020833333333333 0.7247685185185185 0.0 0.7247685185185185
13 0.26015625 0.5682870370370371 0.2591145833333333 0.5682870370370371 0.258203125 0.5666666666666667 0.2584635416666667 0.5648148148148148 0.2591145833333333 0.5641203703703703 0.26015625 0.5645833333333333 0.26080729166666666 0.5662037037037037 0.26080729166666666 0.5671296296296297 0.26015625 0.5682870370370371
13 0.23671875 0.5678240740740741 0.23580729166666667 0.5666666666666667 0.23671875 0.5650462962962963 0.237109375 0.5662037037037037 0.23671875 0.5678240740740741
13 0.26796875 0.5844907407407407 0.2669270833333333 0.5844907407407407 0.263671875 0.5805555555555556 0.26341145833333335 0.5787037037037037 0.2640625 0.5775462962962963 0.2669270833333333 0.5775462962962963 0.2677083333333333 0.5780092592592593 0.2688802083333333 0.5805555555555556 0.26861979166666666 0.5824074074074074 0.26796875 0.5844907407407407
13 0.24427083333333333 0.580787037037037 0.24322916666666666 0.580787037037037 0.241796875 0.5787037037037037 0.24270833333333333 0.5780092592592593 0.24401041666666667 0.5780092592592593 0.24466145833333333 0.5787037037037037 0.24466145833333333 0.5800925925925926 0.24427083333333333 0.580787037037037
13 0.25234375 0.5993055555555555 0.251171875 0.5967592592592592 0.25091145833333334 0.5944444444444444 0.2515625 0.5923611111111111 0.25234375 0.5923611111111111 0.25299479166666666 0.5944444444444444 0.25299479166666666 0.5972222222222222 0.25234375 0.5993055555555555
13 0.2747395833333333 0.5965277777777778 0.2735677083333333 0.5944444444444444 0.2747395833333333 0.59375 0.27513020833333335 0.5953703703703703 0.2747395833333333 0.5965277777777778
13 0.2552083333333333 0.6034722222222222 0.2545572916666667 0.6013888888888889 0.25533854166666664 0.6013888888888889 0.2552083333333333 0.6034722222222222
13 0.259375 0.6085648148148148 0.25807291666666665 0.6081018518518518 0.25677083333333334 0.606712962962963 0.25611979166666665 0.6064814814814815 0.2565104166666667 0.6057870370370371 0.259375 0.6057870370370371 0.26015625 0.60625 0.26002604166666665 0.6078703703703704 0.259375 0.6085648148148148
13 0.296875 0.6381944444444444 0.2942708333333333 0.6381944444444444 0.29296875 0.6372685185185185 0.2897135416666667 0.6314814814814815 0.2889322916666667 0.6282407407407408 0.288671875 0.625462962962963 0.2875 0.6243055555555556 0.28567708333333336 0.6233796296296297 0.284765625 0.6217592592592592 0.28424479166666666 0.6194444444444445 0.28359375 0.61875 0.28216145833333334 0.6162037037037037 0.281640625 0.612037037037037 0.2811197916666667 0.6101851851851852 0.27877604166666664 0.6064814814814815 0.2794270833333333 0.6057870370370371 0.28020833333333334 0.60625 0.28229166666666666 0.60625 0.28372395833333336 0.6083333333333333 0.283984375 0.6106481481481482 0.2845052083333333 0.6125 0.28684895833333335 0.6166666666666667 0.28684895833333335 0.6171296296296296 0.28958333333333336 0.6219907407407408 0.28984375 0.6219907407407408 0.2947916666666667 0.6307870370370371 0.29635416666666664 0.6326388888888889 0.2975260416666667 0.6347222222222222 0.29778645833333334 0.6370370370370371 0.296875 0.6381944444444444
13 0.29921875 0.643287037037037 0.298828125 0.6425925925925926 0.298828125 0.6412037037037037 0.29934895833333336 0.6416666666666667 0.29921875 0.643287037037037
13 0.303125 0.6502314814814815 0.30182291666666666 0.6502314814814815 0.3009114583333333 0.6486111111111111 0.3015625 0.6469907407407407 0.30234375 0.6469907407407407 0.30325520833333336 0.6481481481481481 0.303125 0.6502314814814815
13 0.28359375 0.656712962962963 0.28346354166666665 0.6546296296296297 0.28372395833333336 0.6546296296296297 0.28359375 0.656712962962963
13 0.3104166666666667 0.6659722222222222 0.30859375 0.6659722222222222 0.30833333333333335 0.6655092592592593 0.30703125 0.6655092592592593 0.305859375 0.663425925925926 0.30559895833333334 0.6625 0.30559895833333334 0.6550925925925926 0.3059895833333333 0.6543981481481481 0.3067708333333333 0.6543981481481481 0.307421875 0.6555555555555556 0.3079427083333333 0.6583333333333333 0.30885416666666665 0.6599537037037037 0.3098958333333333 0.6604166666666667 0.311328125 0.6620370370370371 0.311328125 0.6643518518518519 0.3104166666666667 0.6659722222222222
13 0.315625 0.6784722222222223 0.3138020833333333 0.6784722222222223 0.3131510416666667 0.6773148148148148 0.312890625 0.6754629629629629 0.3138020833333333 0.6724537037037037 0.31484375 0.6729166666666667 0.31614583333333335 0.6752314814814815 0.3170572916666667 0.6759259259259259 0.3170572916666667 0.6768518518518518 0.31640625 0.6780092592592593 0.315625 0.6784722222222223
13 0.29921875 0.6858796296296297 0.298828125 0.6847222222222222 0.29934895833333336 0.6828703703703703 0.299609375 0.6847222222222222 0.29921875 0.6858796296296297
13 0.3138020833333333 0.7164351851851852 0.312890625 0.7106481481481481 0.31341145833333334 0.7083333333333334 0.31341145833333334 0.7069444444444445 0.3138020833333333 0.705787037037037 0.31484375 0.705787037037037 0.31549479166666666 0.7092592592592593 0.31549479166666666 0.7125 0.31497395833333336 0.7148148148148148 0.3138020833333333 0.7164351851851852
13 0.0 0.9201388888888888 0.0026041666666666665 0.9201388888888888 0.00546875 0.9215277777777777 0.00703125 0.9229166666666667 0.007552083333333333 0.9238425925925926 0.008854166666666666 0.9247685185185185 0.009895833333333333 0.9261574074074074 0.013020833333333334 0.9284722222222223 0.01484375 0.9289351851851851 0.016145833333333335 0.9298611111111111 0.016927083333333332 0.9298611111111111 0.018229166666666668 0.930787037037037 0.01953125 0.930787037037037 0.019791666666666666 0.93125 0.022135416666666668 0.9317129629629629 0.024479166666666666 0.9331018518518519 0.027604166666666666 0.9331018518518519 0.027864583333333335 0.9326388888888889 0.029166666666666667 0.9326388888888889 0.030989583333333334 0.9344907407407408 0.032552083333333336 0.9368055555555556 0.0359375 0.9368055555555556 0.03619791666666667 0.9363425925925926 0.0375 0.9363425925925926 0.037760416666666664 0.9368055555555556 0.04010416666666667 0.9372685185185186 0.040364583333333336 0.9377314814814814 0.041666666666666664 0.9377314814814814 0.04192708333333333 0.9381944444444444 0.04348958333333333 0.9381944444444444 0.0453125 0.9395833333333333 0.04583333333333333 0.9405092592592592 0.04765625 0.9423611111111111 0.049479166666666664 0.9428240740740741 0.04973958333333333 0.9432870370370371 0.05260416666666667 0.9432870370370371 0.05286458333333333 0.94375 0.05416666666666667 0.94375 0.054427083333333334 0.944212962962963 0.05572916666666667 0.944212962962963 0.055989583333333336 0.944675925925926 0.057291666666666664 0.944675925925926 0.05755208333333333 0.9451388888888889 0.058854166666666666 0.9451388888888889 0.06015625 0.9460648148148149 0.0609375 0.9460648148148149 0.06380208333333333 0.9483796296296296 0.06484375 0.9488425925925926 0.06614583333333333 0.9488425925925926 0.06744791666666666 0.9493055555555555 0.06901041666666667 0.9506944444444444 0.06979166666666667 0.9520833333333333 0.07135416666666666 0.9539351851851852 0.07265625 0.9548611111111112 0.07526041666666666 0.95625 0.07682291666666667 0.9567129629629629 0.078125 0.9581018518518518 0.07994791666666666 0.9594907407407407 0.08177083333333333 0.9594907407407407 0.08203125 0.9599537037037037 0.08411458333333334 0.9599537037037037 0.08489583333333334 0.9604166666666667 0.08671875 0.9622685185185185 0.08828125 0.9645833333333333 0.0890625 0.9645833333333333 0.090625 0.9655092592592592 0.09244791666666667 0.9678240740740741 0.09401041666666667 0.969212962962963 0.09557291666666666 0.9696759259259259 0.09583333333333334 0.9701388888888889 0.09713541666666667 0.9701388888888889 0.09739583333333333 0.9706018518518519 0.09921875 0.9706018518518519 0.103125 0.9733796296296297 0.10520833333333333 0.9743055555555555 0.10598958333333333 0.9752314814814815 0.10729166666666666 0.9756944444444444 0.10859375 0.9770833333333333 0.10911458333333333 0.9770833333333333 0.11145833333333334 0.9793981481481482 0.11223958333333334 0.9793981481481482 0.11328125 0.9803240740740741 0.1140625 0.9803240740740741 0.11484375 0.98125 0.11614583333333334 0.981712962962963 0.1171875 0.9826388888888888 0.11901041666666666 0.9831018518518518 0.1203125 0.9840277777777777 0.12317708333333334 0.9849537037037037 0.12447916666666667 0.9858796296296296 0.12552083333333333 0.9858796296296296 0.12682291666666667 0.9868055555555556 0.12864583333333332 0.9872685185185185 0.12890625 0.9877314814814815 0.13098958333333333 0.9881944444444445 0.13307291666666668 0.9900462962962963 0.13411458333333334 0.9918981481481481 0.1359375 0.99375 0.13697916666666668 0.9956018518518519 0.13489583333333333 0.9960648148148148 0.13463541666666667 0.9965277777777778 0.13229166666666667 0.9965277777777778 0.13203125 0.9969907407407408 0.12786458333333334 0.9969907407407408 0.12682291666666667 0.9974537037037037 0.1265625 0.9969907407407408 0.12447916666666667 0.9969907407407408 0.12421875 0.9965277777777778 0.11796875 0.9965277777777778 0.11770833333333333 0.9969907407407408 0.10104166666666667 0.9969907407407408 0.10078125 0.9974537037037037 0.09427083333333333 0.9974537037037037 0.09401041666666667 0.9969907407407408 0.06145833333333333 0.9969907407407408 0.061197916666666664 0.9965277777777778 0.05911458333333333 0.9965277777777778 0.058854166666666666 0.9969907407407408 0.039322916666666666 0.9969907407407408 0.0390625 0.9965277777777778 0.026822916666666665 0.9965277777777778 0.0265625 0.9969907407407408 0.02421875 0.9969907407407408 0.023958333333333335 0.9965277777777778 0.01640625 0.9965277777777778 0.016145833333333335 0.9969907407407408 0.0 0.9969907407407408
