11 0.9997395833333333 0.9965277777777778 0.9963541666666667 0.9965277777777778 0.99609375 0.9960648148148148 0.9916666666666667 0.9960648148148148 0.99140625 0.9956018518518519 0.9893229166666667 0.9956018518518519 0.9869791666666666 0.9942129629629629 0.9841145833333333 0.993287037037037 0.9833333333333333 0.9923611111111111 0.9817708333333334 0.9923611111111111 0.9799479166666667 0.9956018518518519 0.9778645833333334 0.9965277777777778 0.97421875 0.9965277777777778 0.9739583333333334 0.9969907407407408 0.9703125 0.9969907407407408 0.9700520833333334 0.9965277777777778 0.9684895833333333 0.9965277777777778 0.9682291666666667 0.9960648148148148 0.9604166666666667 0.9960648148148148 0.96015625 0.9956018518518519 0.9559895833333333 0.9956018518518519 0.9557291666666666 0.9960648148148148 0.9546875 0.9956018518518519 0.91875 0.9956018518518519 0.9184895833333333 0.9951388888888889 0.91171875 0.9951388888888889 0.9114583333333334 0.9946759259259259 0.9098958333333333 0.9946759259259259 0.9096354166666667 0.9942129629629629 0.9078125 0.9942129629629629 0.90546875 0.9923611111111111 0.9044270833333333 0.9905092592592593 0.9033854166666667 0.9900462962962963 0.9005208333333333 0.9923611111111111 0.8984375 0.9923611111111111 0.8981770833333333 0.992824074074074 0.8958333333333334 0.992824074074074 0.8934895833333333 0.9942129629629629 0.890625 0.9942129629629629 0.8903645833333333 0.99375 0.8869791666666667 0.99375 0.8854166666666666 0.9946759259259259 0.88203125 0.9946759259259259 0.8817708333333333 0.9942129629629629 0.8802083333333334 0.9942129629629629 0.8799479166666667 0.9946759259259259 0.8752604166666667 0.9946759259259259 0.8736979166666666 0.99375 0.87109375 0.99375 0.8708333333333333 0.9942129629629629 0.8661458333333333 0.9942129629629629 0.8658854166666666 0.99375 0.85859375 0.99375 0.8583333333333333 0.993287037037037 0.85625 0.993287037037037 0.8559895833333333 0.99375 0.85390625 0.99375 0.8536458333333333 0.9942129629629629 0.85234375 0.9942129629629629 0.8520833333333333 0.99375 0.8393229166666667 0.99375 0.8390625 0.9942129629629629 0.8356770833333333 0.9942129629629629 0.8354166666666667 0.99375 0.8299479166666667 0.99375 0.8296875 0.9942129629629629 0.8252604166666667 0.9942129629629629 0.825 0.9946759259259259 0.8229166666666666 0.9946759259259259 0.82265625 0.9951388888888889 0.8213541666666667 0.9951388888888889 0.82109375 0.9946759259259259 0.8083333333333333 0.9946759259259259 0.8080729166666667 0.9951388888888889 0.8059895833333334 0.9951388888888889 0.8057291666666667 0.9946759259259259 0.8002604166666667 0.9946759259259259 0.8 0.9951388888888889 0.7841145833333333 0.9951388888888889 0.7838541666666666 0.9946759259259259 0.7822916666666667 0.9946759259259259 0.7809895833333333 0.99375 0.7796875 0.993287037037037 0.7782552083333333 0.9907407407407407 0.777734375 0.9875 0.7772135416666667 0.9861111111111112 0.7766927083333334 0.9828703703703704 0.776171875 0.9814814814814815 0.776171875 0.9800925925925926 0.7756510416666667 0.9787037037037037 0.7751302083333333 0.9745370370370371 0.774609375 0.9731481481481481 0.7743489583333333 0.9703703703703703 0.773828125 0.9685185185185186 0.773828125 0.9666666666666667 0.773046875 0.961574074074074 0.773046875 0.9597222222222223 0.772265625 0.9560185185185185 0.772265625 0.9546296296296296 0.7717447916666667 0.9527777777777777 0.771484375 0.9495370370370371 0.7712239583333333 0.9490740740740741 0.770703125 0.9453703703703704 0.7701822916666666 0.9439814814814815 0.769140625 0.937962962962963 0.769140625 0.9365740740740741 0.7686197916666667 0.9347222222222222 0.768359375 0.9324074074074075 0.7673177083333333 0.9273148148148148 0.766796875 0.9259259259259259 0.7662760416666666 0.9208333333333333 0.766015625 0.9203703703703704 0.7657552083333333 0.9171296296296296 0.7647135416666667 0.9125 0.764453125 0.9087962962962963 0.7639322916666667 0.9069444444444444 0.7639322916666667 0.9055555555555556 0.7631510416666667 0.9027777777777778 0.7626302083333333 0.9 0.762109375 0.8944444444444445 0.7615885416666667 0.8921296296296296 0.761328125 0.887962962962963 0.760546875 0.8833333333333333 0.7600260416666667 0.8819444444444444 0.759765625 0.8791666666666667 0.7584635416666666 0.8726851851851852 0.7579427083333333 0.8708333333333333 0.757421875 0.8643518518518518 0.7571614583333334 0.8638888888888889 0.7569010416666667 0.8601851851851852 0.7561197916666667 0.8574074074074074 0.7555989583333333 0.8523148148148149 0.755078125 0.850462962962963 0.7545572916666666 0.8453703703703703 0.7540364583333333 0.8430555555555556 0.7537760416666667 0.8388888888888889 0.7529947916666667 0.8356481481481481 0.7529947916666667 0.8347222222222223 0.7522135416666667 0.8324074074074074 0.751171875 0.8273148148148148 0.7506510416666666 0.8217592592592593 0.7501302083333333 0.8194444444444444 0.7501302083333333 0.8180555555555555 0.749609375 0.8162037037037037 0.749609375 0.8148148148148148 0.7490885416666667 0.812962962962963 0.7490885416666667 0.8115740740740741 0.7485677083333333 0.8101851851851852 0.7483072916666667 0.8074074074074075 0.7477864583333333 0.8055555555555556 0.7477864583333333 0.8041666666666667 0.747265625 0.8027777777777778 0.7467447916666666 0.7972222222222223 0.7462239583333333 0.7953703703703704 0.7462239583333333 0.7939814814814815 0.744921875 0.7893518518518519 0.744140625 0.7861111111111111 0.743359375 0.7814814814814814 0.743359375 0.7796296296296297 0.7428385416666666 0.7768518518518519 0.7428385416666666 0.775 0.7423177083333333 0.7722222222222223 0.7423177083333333 0.7699074074074074 0.7415364583333334 0.7638888888888888 0.7404947916666667 0.7601851851851852 0.740234375 0.7578703703703704 0.7391927083333333 0.7518518518518519 0.7384114583333333 0.7486111111111111 0.7373697916666667 0.7421296296296296 0.736328125 0.737037037037037 0.735546875 0.7324074074074074 0.735546875 0.7300925925925926 0.7352864583333333 0.7296296296296296 0.7352864583333333 0.7273148148148149 0.7350260416666666 0.7268518518518519 0.7350260416666666 0.7217592592592592 0.7352864583333333 0.7212962962962963 0.7352864583333333 0.7175925925925926 0.7345052083333333 0.7152777777777778 0.7326822916666667 0.7083333333333334 0.7321614583333333 0.7055555555555556 0.7321614583333333 0.7023148148148148 0.7319010416666667 0.7018518518518518 0.7319010416666667 0.6976851851851852 0.7305989583333333 0.6935185185185185 0.730078125 0.6907407407407408 0.728515625 0.6865740740740741 0.7272135416666666 0.6787037037037037 0.7266927083333333 0.6768518518518518 0.7264322916666667 0.674537037037037 0.7264322916666667 0.6722222222222223 0.7259114583333334 0.6699074074074074 0.7259114583333334 0.6685185185185185 0.725390625 0.6657407407407407 0.724609375 0.663425925925926 0.7235677083333333 0.6578703703703703 0.7235677083333333 0.6564814814814814 0.723046875 0.6541666666666667 0.7227864583333333 0.6509259259259259 0.722265625 0.649074074074074 0.722265625 0.6476851851851851 0.720703125 0.6402777777777777 0.719921875 0.637962962962963 0.719921875 0.6365740740740741 0.7194010416666666 0.6347222222222222 0.7188802083333333 0.6310185185185185 0.7188802083333333 0.6291666666666667 0.7180989583333334 0.625462962962963 0.7180989583333334 0.6240740740740741 0.717578125 0.6222222222222222 0.716015625 0.6134259259259259 0.7154947916666666 0.6069444444444444 0.7149739583333333 0.6046296296296296 0.7149739583333333 0.6027777777777777 0.7141927083333334 0.5986111111111111 0.7126302083333333 0.5916666666666667 0.712109375 0.5902777777777778 0.711328125 0.5833333333333334 0.7108072916666667 0.5810185185185185 0.7108072916666667 0.5796296296296296 0.7102864583333334 0.5773148148148148 0.7100260416666667 0.5736111111111111 0.7095052083333333 0.5717592592592593 0.7092447916666667 0.5694444444444444 0.708203125 0.5657407407407408 0.7079427083333333 0.5625 0.7069010416666667 0.5578703703703703 0.706640625 0.5546296296296296 0.7061197916666667 0.5523148148148148 0.7053385416666667 0.55 0.7040364583333333 0.5416666666666666 0.7032552083333333 0.538425925925926 0.7029947916666667 0.5347222222222222 0.7024739583333334 0.5319444444444444 0.7022135416666667 0.5282407407407408 0.701171875 0.5236111111111111 0.7009114583333333 0.5212962962962963 0.700390625 0.5194444444444445 0.700390625 0.5180555555555556 0.6998697916666666 0.5162037037037037 0.699609375 0.512962962962963 0.6990885416666667 0.5111111111111111 0.6990885416666667 0.5097222222222222 0.6985677083333334 0.5074074074074074 0.6985677083333334 0.5060185185185185 0.697265625 0.5 0.697265625 0.4986111111111111 0.696484375 0.49583333333333335 0.6959635416666666 0.49074074074074076 0.6954427083333333 0.4888888888888889 0.6951822916666667 0.48564814814814816 0.6946614583333334 0.4837962962962963 0.6946614583333334 0.4824074074074074 0.694140625 0.48009259259259257 0.694140625 0.4787037037037037 0.6936197916666667 0.47638888888888886 0.6936197916666667 0.475 0.6930989583333333 0.4736111111111111 0.691796875 0.4671296296296296 0.691796875 0.46574074074074073 0.6912760416666667 0.4634259259259259 0.6912760416666667 0.462037037037037 0.6907552083333334 0.4597222222222222 0.6907552083333334 0.4583333333333333 0.690234375 0.45555555555555555 0.6897135416666667 0.45416666666666666 0.6884114583333333 0.44537037037037036 0.6873697916666667 0.44074074074074077 0.687109375 0.4375 0.6865885416666667 0.4351851851851852 0.6865885416666667 0.4337962962962963 0.6852864583333333 0.4263888888888889 0.6845052083333333 0.42314814814814816 0.6845052083333333 0.4217592592592593 0.683984375 0.4199074074074074 0.6837239583333333 0.41574074074074074 0.683203125 0.4134259259259259 0.683203125 0.41203703703703703 0.6826822916666667 0.40879629629629627 0.6819010416666667 0.4064814814814815 0.6813802083333333 0.4027777777777778 0.6805989583333333 0.4 0.679296875 0.38842592592592595 0.678515625 0.38425925925925924 0.6779947916666667 0.3824074074074074 0.677734375 0.37916666666666665 0.676953125 0.37592592592592594 0.6766927083333333 0.37222222222222223 0.676171875 0.3699074074074074 0.676171875 0.3685185185185185 0.6756510416666667 0.36666666666666664 0.6751302083333334 0.36157407407407405 0.6740885416666667 0.35694444444444445 0.6740885416666667 0.35324074074074074 0.673828125 0.3527777777777778 0.673828125 0.34814814814814815 0.6740885416666667 0.3476851851851852 0.6740885416666667 0.34444444444444444 0.6751302083333334 0.34074074074074073 0.6756510416666667 0.3375 0.6768229166666667 0.33541666666666664 0.678125 0.33449074074074076 0.6809895833333334 0.3335648148148148 0.68125 0.33310185185185187 0.6830729166666667 0.33310185185185187 0.6833333333333333 0.3326388888888889 0.6848958333333334 0.3326388888888889 0.68515625 0.33217592592592593 0.68828125 0.33125 0.6893229166666667 0.33032407407407405 0.6908854166666667 0.33032407407407405 0.6924479166666667 0.32939814814814816 0.6934895833333333 0.32939814814814816 0.6950520833333333 0.3284722222222222 0.6963541666666667 0.3284722222222222 0.6966145833333334 0.3280092592592593 0.6979166666666666 0.3280092592592593 0.6981770833333333 0.3275462962962963 0.6994791666666667 0.3275462962962963 0.6997395833333333 0.32708333333333334 0.7010416666666667 0.32708333333333334 0.7013020833333333 0.3266203703703704 0.7036458333333333 0.3266203703703704 0.70390625 0.3261574074074074 0.70546875 0.3261574074074074 0.70625 0.32708333333333334 0.7072916666666667 0.3275462962962963 0.7083333333333334 0.32939814814814816 0.709375 0.32939814814814816 0.711328125 0.32592592592592595 0.712109375 0.32314814814814813 0.7126302083333333 0.32222222222222224 0.7131510416666667 0.3194444444444444 0.7139322916666667 0.31712962962962965 0.7141927083333334 0.3148148148148148 0.7147135416666667 0.31342592592592594 0.715234375 0.3106481481481482 0.715234375 0.30925925925925923 0.7157552083333333 0.3074074074074074 0.716015625 0.3050925925925926 0.716015625 0.3023148148148148 0.716796875 0.29953703703703705 0.7173177083333333 0.29583333333333334 0.7180989583333334 0.29305555555555557 0.7186197916666667 0.2875 0.719140625 0.28564814814814815 0.719140625 0.28425925925925927 0.7196614583333333 0.2824074074074074 0.719921875 0.2800925925925926 0.719921875 0.2777777777777778 0.7201822916666667 0.2773148148148148 0.7201822916666667 0.275 0.7204427083333333 0.27314814814814814 0.7201822916666667 0.2726851851851852 0.7201822916666667 0.27037037037037037 0.719921875 0.26990740740740743 0.719921875 0.2671296296296296 0.7186197916666667 0.25972222222222224 0.7180989583333334 0.2574074074074074 0.7180989583333334 0.25555555555555554 0.717578125 0.25324074074074077 0.7173177083333333 0.25 0.716796875 0.24814814814814815 0.716796875 0.24351851851851852 0.7170572916666667 0.24305555555555555 0.7170572916666667 0.24027777777777778 0.717578125 0.2375 0.7180989583333334 0.2361111111111111 0.718359375 0.23333333333333334 0.719140625 0.23055555555555557 0.720703125 0.22592592592592592 0.721875 0.2238425925925926 0.7239583333333334 0.22152777777777777 0.7244791666666667 0.22060185185185185 0.7268229166666667 0.21875 0.728125 0.21736111111111112 0.7294270833333333 0.21689814814814815 0.7309895833333333 0.21550925925925926 0.7326822916666667 0.2125 0.7329427083333333 0.2111111111111111 0.7329427083333333 0.2074074074074074 0.7326822916666667 0.20694444444444443 0.7326822916666667 0.20462962962962963 0.7334635416666667 0.20046296296296295 0.7334635416666667 0.19907407407407407 0.733984375 0.1962962962962963 0.7345052083333333 0.19537037037037036 0.735546875 0.19166666666666668 0.73671875 0.18958333333333333 0.7372395833333333 0.18958333333333333 0.7403645833333333 0.18773148148148147 0.7432291666666667 0.18541666666666667 0.74375 0.18449074074074073 0.7447916666666666 0.1840277777777778 0.7466145833333333 0.1840277777777778 0.74765625 0.18356481481481482 0.7489583333333333 0.18217592592592594 0.75078125 0.18125 0.7518229166666667 0.18125 0.7552083333333334 0.17939814814814814 0.7567708333333333 0.17939814814814814 0.75703125 0.1789351851851852 0.7588541666666667 0.1789351851851852 0.7591145833333334 0.17847222222222223 0.7614583333333333 0.17847222222222223 0.76171875 0.17800925925925926 0.7638020833333333 0.17800925925925926 0.7640625 0.17754629629629629 0.7671875 0.17754629629629629 0.7674479166666667 0.17708333333333334 0.76875 0.17708333333333334 0.7703125 0.1761574074074074 0.7721354166666666 0.17569444444444443 0.7731770833333333 0.17476851851851852 0.7752604166666667 0.17430555555555555 0.7755208333333333 0.1738425925925926 0.7778645833333333 0.1738425925925926 0.7791666666666667 0.17337962962962963 0.78125 0.17060185185185187 0.7817708333333333 0.17060185185185187 0.7833333333333333 0.16921296296296295 0.784375 0.16875 0.7859375 0.16875 0.7861979166666667 0.16828703703703704 0.7875 0.16828703703703704 0.7888020833333333 0.16782407407407407 0.7901041666666667 0.16689814814814816 0.79140625 0.16643518518518519 0.7927083333333333 0.16643518518518519 0.7940104166666667 0.16597222222222222 0.7973958333333333 0.16412037037037036 0.7986979166666667 0.16365740740740742 0.8 0.16365740740740742 0.8026041666666667 0.16273148148148148 0.80390625 0.16180555555555556 0.80625 0.1613425925925926 0.8075520833333333 0.16041666666666668 0.80859375 0.16041666666666668 0.8098958333333334 0.15949074074074074 0.8122395833333333 0.15902777777777777 0.8138020833333334 0.15810185185185185 0.8151041666666666 0.15810185185185185 0.8153645833333333 0.15763888888888888 0.8166666666666667 0.15763888888888888 0.81796875 0.15671296296296297 0.8216145833333334 0.15578703703703703 0.8229166666666666 0.15486111111111112 0.82421875 0.15486111111111112 0.82578125 0.15393518518518517 0.8302083333333333 0.1525462962962963 0.8315104166666667 0.15162037037037038 0.8338541666666667 0.1511574074074074 0.8354166666666667 0.1502314814814815 0.8364583333333333 0.1502314814814815 0.8377604166666667 0.14930555555555555 0.8401041666666667 0.14884259259259258 0.8411458333333334 0.14791666666666667 0.8447916666666667 0.14699074074074073 0.84609375 0.14606481481481481 0.8510416666666667 0.14467592592592593 0.85234375 0.14375 0.8536458333333333 0.14328703703703705 0.8552083333333333 0.14328703703703705 0.85546875 0.14282407407407408 0.8572916666666667 0.14282407407407408 0.85859375 0.14189814814814813 0.859375 0.14189814814814813 0.86015625 0.14097222222222222 0.8614583333333333 0.14050925925925925 0.8627604166666667 0.14050925925925925 0.8630208333333333 0.1400462962962963 0.8643229166666667 0.1400462962962963 0.8645833333333334 0.13958333333333334 0.8661458333333333 0.13958333333333334 0.86640625 0.13912037037037037 0.86796875 0.13912037037037037 0.86953125 0.13819444444444445 0.8705729166666667 0.13819444444444445 0.87421875 0.13587962962962963 0.87734375 0.13495370370370371 0.8783854166666667 0.13402777777777777 0.8794270833333333 0.13402777777777777 0.8807291666666667 0.13310185185185186 0.8838541666666667 0.13217592592592592 0.8854166666666666 0.13125 0.88671875 0.13125 0.8869791666666667 0.13078703703703703 0.88828125 0.13078703703703703 0.8895833333333333 0.13032407407407406 0.8919270833333334 0.12893518518518518 0.8942708333333333 0.1284722222222222 0.8966145833333333 0.12708333333333333 0.8979166666666667 0.12708333333333333 0.8981770833333333 0.12662037037037038 0.8994791666666667 0.12662037037037038 0.9010416666666666 0.12569444444444444 0.9026041666666667 0.12569444444444444 0.9028645833333333 0.12523148148148147 0.90625 0.12430555555555556 0.9072916666666667 0.12337962962962963 0.90859375 0.12291666666666666 0.91015625 0.12291666666666666 0.9104166666666667 0.1224537037037037 0.9140625 0.12152777777777778 0.91640625 0.12013888888888889 0.9177083333333333 0.12013888888888889 0.91796875 0.11967592592592592 0.9192708333333334 0.11967592592592592 0.9205729166666666 0.11921296296296297 0.9229166666666667 0.11782407407407407 0.9239583333333333 0.11782407407407407 0.928125 0.11597222222222223 0.9294270833333333 0.11597222222222223 0.9307291666666667 0.1150462962962963 0.93203125 0.1150462962962963 0.9322916666666666 0.11458333333333333 0.93359375 0.11458333333333333 0.9348958333333334 0.11412037037037037 0.9361979166666666 0.11319444444444444 0.9375 0.11319444444444444 0.9390625 0.11226851851851852 0.9403645833333333 0.11226851851851852 0.940625 0.11180555555555556 0.9424479166666667 0.11180555555555556 0.9427083333333334 0.11134259259259259 0.946875 0.11134259259259259 0.94765625 0.11180555555555556 0.948828125 0.11388888888888889 0.948828125 0.11666666666666667 0.9483072916666667 0.11898148148148148 0.948046875 0.12129629629629629 0.948046875 0.1300925925925926 0.9483072916666667 0.13055555555555556 0.9483072916666667 0.1337962962962963 0.9501302083333333 0.13842592592592592 0.9501302083333333 0.1388888888888889 0.9514322916666667 0.1412037037037037 0.9514322916666667 0.14166666666666666 0.9532552083333333 0.1449074074074074 0.9540364583333333 0.1476851851851852 0.9557291666666666 0.15069444444444444 0.9580729166666667 0.15208333333333332 0.959375 0.15347222222222223 0.9604166666666667 0.15393518518518517 0.9609375 0.15486111111111112 0.9625 0.15625 0.9635416666666666 0.15671296296296297 0.965625 0.15671296296296297 0.9677083333333333 0.15810185185185185 0.96875 0.15949074074074074 0.9700520833333334 0.16180555555555556 0.9705729166666667 0.1622685185185185 0.9729166666666667 0.1622685185185185 0.9731770833333333 0.16273148148148148 0.9828125 0.16273148148148148 0.9848958333333333 0.16087962962962962 0.9869791666666666 0.1599537037037037 0.9893229166666667 0.15949074074074074 0.9908854166666666 0.15810185185185185 0.9916666666666667 0.15671296296296297 0.99375 0.1553240740740741 0.9971354166666667 0.15208333333333332 0.9979166666666667 0.15162037037037038 0.9997395833333333 0.15162037037037038
11 0.7759114583333333 0.21944444444444444 0.7759114583333333 0.21944444444444444
11 0.7795572916666667 0.22546296296296298 0.780078125 0.22453703703703703 0.7787760416666667 0.22175925925925927 0.7786458333333334 0.22106481481481483 0.7765625 0.22152777777777777 0.776171875 0.2222222222222222 0.776171875 0.22453703703703703 0.778125 0.22569444444444445 0.7795572916666667 0.22546296296296298
11 0.8180989583333333 0.38425925925925924 0.8213541666666667 0.3784722222222222 0.8231770833333333 0.37800925925925927 0.8234375 0.37754629629629627 0.825 0.37754629629629627 0.8263020833333333 0.3770833333333333 0.8283854166666667 0.3752314814814815 0.8296875 0.3747685185185185 0.8307291666666666 0.3738425925925926 0.8315104166666667 0.3738425925925926 0.8328125 0.3729166666666667 0.8341145833333333 0.3715277777777778 0.8354166666666667 0.3696759259259259 0.8369791666666667 0.36875 0.8385416666666666 0.36736111111111114 0.840625 0.3645833333333333 0.84140625 0.36412037037037037 0.84296875 0.36180555555555555 0.8432291666666667 0.36180555555555555 0.846484375 0.3560185185185185 0.847265625 0.3537037037037037 0.8485677083333333 0.35138888888888886 0.8485677083333333 0.3509259259259259 0.8501302083333333 0.34814814814814815 0.851171875 0.3453703703703704 0.8516927083333333 0.34305555555555556 0.8524739583333333 0.34074074074074073 0.853515625 0.3384259259259259 0.8540364583333333 0.3365740740740741 0.855078125 0.33425925925925926 0.856640625 0.3314814814814815 0.857421875 0.3282407407407407 0.8576822916666667 0.32592592592592595 0.8576822916666667 0.3236111111111111 0.8579427083333333 0.32314814814814813 0.8579427083333333 0.3189814814814815 0.858203125 0.31851851851851853 0.858203125 0.3106481481481482 0.8579427083333333 0.3101851851851852 0.8579427083333333 0.3074074074074074 0.8571614583333333 0.3037037037037037 0.8569010416666667 0.3013888888888889 0.8563802083333333 0.3 0.855078125 0.2953703703703704 0.855078125 0.2949074074074074 0.8526041666666667 0.29050925925925924 0.85234375 0.29050925925925924 0.8498697916666667 0.2861111111111111 0.8498697916666667 0.28564814814814815 0.8475260416666667 0.2814814814814815 0.847265625 0.2800925925925926 0.8475260416666667 0.2791666666666667 0.8489583333333334 0.27708333333333335 0.8520833333333333 0.27523148148148147 0.8533854166666667 0.27523148148148147 0.8565104166666667 0.2738425925925926 0.8571614583333333 0.27314814814814814 0.8569010416666667 0.2722222222222222 0.85390625 0.26689814814814816 0.853125 0.26643518518518516 0.8518229166666667 0.26643518518518516 0.8515625 0.26689814814814816 0.8481770833333333 0.26689814814814816 0.8473958333333333 0.26643518518518516 0.8462239583333333 0.2638888888888889 0.8459635416666667 0.26157407407407407 0.8451822916666667 0.25972222222222224 0.843359375 0.2564814814814815 0.8424479166666666 0.2539351851851852 0.8416666666666667 0.2534722222222222 0.8354166666666667 0.2534722222222222 0.83515625 0.2539351851851852 0.8328125 0.2539351851851852 0.8325520833333333 0.25439814814814815 0.8307291666666666 0.2548611111111111 0.8298177083333333 0.2564814814814815 0.8290364583333333 0.25972222222222224 0.8290364583333333 0.262037037037037 0.8287760416666666 0.2625 0.8287760416666666 0.2662037037037037 0.828515625 0.26666666666666666 0.828515625 0.2689814814814815 0.8279947916666667 0.2726851851851852 0.82734375 0.2738425925925926 0.8268229166666666 0.2738425925925926 0.8252604166666667 0.27523148148148147 0.82265625 0.2761574074074074 0.82109375 0.2761574074074074 0.8208333333333333 0.27662037037037035 0.8184895833333333 0.27662037037037035 0.8182291666666667 0.27708333333333335 0.8169270833333333 0.27708333333333335 0.8166666666666667 0.2775462962962963 0.8153645833333333 0.2775462962962963 0.8151041666666666 0.27800925925925923 0.81328125 0.27800925925925923 0.81171875 0.27708333333333335 0.8108072916666667 0.27546296296296297 0.8096354166666667 0.2710648148148148 0.8076822916666667 0.2675925925925926 0.8076822916666667 0.2671296296296296 0.8065104166666667 0.2650462962962963 0.8044270833333333 0.2650462962962963 0.8041666666666667 0.2655092592592593 0.8018229166666667 0.2655092592592593 0.8010416666666667 0.2650462962962963 0.79921875 0.26319444444444445 0.7963541666666667 0.26087962962962963 0.7953125 0.25949074074074074 0.79453125 0.25949074074074074 0.79375 0.26087962962962963 0.7911458333333333 0.2622685185185185 0.7908854166666667 0.26273148148148145 0.78984375 0.2622685185185185 0.7880208333333333 0.2622685185185185 0.7872395833333333 0.26180555555555557 0.78515625 0.2636574074074074 0.7838541666666666 0.2641203703703704 0.7821614583333333 0.26666666666666666 0.7821614583333333 0.2671296296296296 0.780859375 0.2712962962962963 0.7798177083333333 0.27314814814814814 0.78046875 0.27523148148148147 0.78359375 0.27847222222222223 0.7848958333333333 0.2789351851851852 0.78671875 0.28078703703703706 0.7873697916666667 0.28194444444444444 0.7876302083333333 0.2847222222222222 0.7881510416666667 0.2865740740740741 0.7884114583333334 0.2898148148148148 0.7889322916666667 0.2916666666666667 0.78984375 0.293287037037037 0.7919270833333333 0.293287037037037 0.7932291666666667 0.2923611111111111 0.7942708333333334 0.2923611111111111 0.7954427083333333 0.29444444444444445 0.796484375 0.29907407407407405 0.796484375 0.30277777777777776 0.795703125 0.3055555555555556 0.7954427083333333 0.30787037037037035 0.7954427083333333 0.3101851851851852 0.794921875 0.3125 0.794921875 0.3138888888888889 0.794140625 0.31712962962962965 0.7928385416666667 0.3194444444444444 0.7912760416666667 0.32407407407407407 0.790234375 0.32916666666666666 0.790234375 0.33425925925925926 0.7899739583333333 0.3347222222222222 0.790234375 0.3365740740740741 0.790234375 0.3388888888888889 0.7907552083333333 0.34074074074074073 0.791015625 0.3435185185185185 0.791796875 0.3458333333333333 0.7928385416666667 0.35 0.794921875 0.35648148148148145 0.795703125 0.36018518518518516 0.7966145833333333 0.36180555555555555 0.7981770833333334 0.36319444444444443 0.7994791666666666 0.36365740740740743 0.80078125 0.3645833333333333 0.8028645833333333 0.36689814814814814 0.80625 0.3696759259259259 0.8075520833333333 0.3701388888888889 0.81015625 0.37245370370370373 0.8109375 0.3733796296296296 0.8131510416666666 0.3773148148148148 0.813671875 0.37916666666666665 0.813671875 0.38055555555555554 0.814453125 0.3837962962962963 0.81484375 0.38449074074074074 0.81796875 0.38449074074074074 0.8180989583333333 0.38425925925925924
11 0.9997395833333333 0.3502314814814815 0.99375 0.3502314814814815 0.9908854166666666 0.35162037037037036 0.9893229166666667 0.35162037037037036 0.9890625 0.35208333333333336 0.9872395833333333 0.35208333333333336 0.9869791666666666 0.3525462962962963 0.9848958333333333 0.3525462962962963 0.9846354166666667 0.35300925925925924 0.9825520833333333 0.35300925925925924 0.9794270833333333 0.3548611111111111 0.9776041666666667 0.3548611111111111 0.97734375 0.35532407407407407 0.9731770833333333 0.35532407407407407 0.9729166666666667 0.355787037037037 0.9708333333333333 0.355787037037037 0.9705729166666667 0.35625 0.9682291666666667 0.35671296296296295 0.9669270833333333 0.3576388888888889 0.965625 0.35810185185185184 0.9643229166666667 0.35810185185185184 0.96328125 0.3590277777777778 0.9588541666666667 0.36041666666666666 0.95859375 0.3608796296296296 0.9572916666666667 0.3608796296296296 0.95703125 0.3613425925925926 0.95546875 0.3613425925925926 0.9544270833333334 0.36180555555555555 0.9526041666666667 0.36319444444444443 0.9518229166666666 0.36319444444444443 0.95078125 0.36412037037037037 0.94921875 0.36412037037037037 0.9489583333333333 0.3645833333333333 0.9463541666666667 0.3645833333333333 0.94609375 0.3650462962962963 0.94453125 0.3650462962962963 0.9442708333333333 0.36550925925925926 0.9419270833333333 0.36550925925925926 0.9416666666666667 0.3650462962962963 0.9390625 0.3650462962962963 0.93828125 0.3659722222222222 0.9359375 0.3701388888888889 0.9352864583333333 0.37083333333333335 0.934765625 0.37222222222222223 0.935546875 0.3768518518518518 0.935546875 0.38425925925925924 0.9352864583333333 0.38564814814814813 0.9338541666666667 0.38819444444444445 0.9315104166666667 0.3905092592592593 0.9309895833333334 0.3905092592592593 0.9296875 0.39189814814814816 0.9259114583333333 0.39861111111111114 0.9259114583333333 0.3990740740740741 0.9244791666666666 0.40162037037037035 0.9235677083333333 0.4041666666666667 0.9227864583333333 0.40879629629629627 0.9227864583333333 0.4101851851851852 0.9217447916666667 0.41435185185185186 0.9204427083333333 0.41759259259259257 0.9192708333333334 0.41921296296296295 0.91796875 0.4201388888888889 0.9166666666666666 0.42060185185185184 0.91484375 0.42060185185185184 0.91328125 0.4215277777777778 0.9119791666666667 0.4215277777777778 0.91171875 0.4219907407407407 0.909375 0.4219907407407407 0.90859375 0.4224537037037037 0.9079427083333333 0.42453703703703705 0.9069010416666666 0.42916666666666664 0.9045572916666667 0.43333333333333335 0.9040364583333333 0.4356481481481482 0.9040364583333333 0.44305555555555554 0.9037760416666667 0.44351851851851853 0.9037760416666667 0.44722222222222224 0.9040364583333333 0.4486111111111111 0.905078125 0.45092592592592595 0.9069010416666666 0.45740740740740743 0.907421875 0.4597222222222222 0.907421875 0.46111111111111114 0.908203125 0.46435185185185185 0.908203125 0.46574074074074073 0.90859375 0.4668981481481482 0.9098958333333333 0.4668981481481482 0.91015625 0.4664351851851852 0.9122395833333333 0.4664351851851852 0.9125 0.4668981481481482 0.9140625 0.4668981481481482 0.9143229166666667 0.4673611111111111 0.9161458333333333 0.4673611111111111 0.9171875 0.46782407407407406 0.9190104166666667 0.46921296296296294 0.92109375 0.46967592592592594 0.92421875 0.47152777777777777 0.9278645833333333 0.47152777777777777 0.9299479166666667 0.47291666666666665 0.930859375 0.475462962962963 0.9313802083333333 0.4777777777777778 0.9328125 0.4798611111111111 0.9346354166666667 0.48171296296296295 0.9359375 0.48125 0.9372395833333333 0.4789351851851852 0.9401041666666666 0.47662037037037036 0.9412760416666667 0.47453703703703703 0.9412760416666667 0.4722222222222222 0.941796875 0.4703703703703704 0.9427083333333334 0.46967592592592594 0.9438802083333333 0.4675925925925926 0.944140625 0.46574074074074073 0.9453125 0.46319444444444446 0.9473958333333333 0.4613425925925926 0.9501302083333333 0.4564814814814815 0.9501302083333333 0.45601851851851855 0.9514322916666667 0.4537037037037037 0.952734375 0.45 0.9546875 0.4465277777777778 0.95703125 0.4446759259259259 0.96015625 0.4409722222222222 0.9614583333333333 0.4386574074074074 0.9627604166666667 0.43680555555555556 0.9640625 0.4354166666666667 0.9661458333333334 0.43171296296296297 0.9673177083333333 0.4300925925925926 0.9686197916666667 0.42592592592592593 0.97265625 0.41875 0.97421875 0.41689814814814813 0.9776041666666667 0.41412037037037036 0.97890625 0.41226851851851853 0.98046875 0.41087962962962965 0.9829427083333333 0.4064814814814815 0.9829427083333333 0.4060185185185185 0.985546875 0.4013888888888889 0.985546875 0.4009259259259259 0.9903645833333333 0.3923611111111111 0.9927083333333333 0.38958333333333334 0.9947916666666666 0.38773148148148145 0.9979166666666667 0.38634259259259257 0.9981770833333333 0.38587962962962963 0.9997395833333333 0.38587962962962963
11 0.7430989583333333 0.38657407407407407 0.7432291666666667 0.38634259259259257 0.7471354166666667 0.38634259259259257 0.7477864583333333 0.3851851851851852 0.7477864583333333 0.38425925925925924 0.7458333333333333 0.38263888888888886 0.7446614583333333 0.38055555555555554 0.7446614583333333 0.3800925925925926 0.7434895833333334 0.37800925925925927 0.7419270833333333 0.3770833333333333 0.7412760416666667 0.37592592592592594 0.741015625 0.37453703703703706 0.741015625 0.37222222222222223 0.7407552083333333 0.37037037037037035 0.7399739583333333 0.36898148148148147 0.7395833333333334 0.36736111111111114 0.7377604166666667 0.36736111111111114 0.73671875 0.36689814814814814 0.7361979166666667 0.36736111111111114 0.7350260416666666 0.36944444444444446 0.734765625 0.37037037037037035 0.734765625 0.3726851851851852 0.7352864583333333 0.37407407407407406 0.7364583333333333 0.3761574074074074 0.7377604166666667 0.3770833333333333 0.737890625 0.37777777777777777 0.7372395833333333 0.37939814814814815 0.73671875 0.37939814814814815 0.735546875 0.3814814814814815 0.7350260416666666 0.38425925925925924 0.7356770833333334 0.3854166666666667 0.73671875 0.38634259259259257 0.7385416666666667 0.38634259259259257 0.7388020833333333 0.38680555555555557 0.74296875 0.38680555555555557 0.7430989583333333 0.38657407407407407
11 0.787109375 0.3787037037037037 0.7876302083333333 0.37777777777777777 0.7875 0.3766203703703704 0.7864583333333334 0.3766203703703704 0.786328125 0.3787037037037037 0.787109375 0.3787037037037037
11 0.8694010416666667 0.4152777777777778 0.8708333333333333 0.4150462962962963 0.87109375 0.41458333333333336 0.8729166666666667 0.41412037037037036 0.8740885416666667 0.41203703703703703 0.8743489583333334 0.40879629629629627 0.8748697916666667 0.4064814814814815 0.8748697916666667 0.3972222222222222 0.874609375 0.39675925925925926 0.8743489583333334 0.39305555555555555 0.8734375 0.3905092592592593 0.8716145833333333 0.3891203703703704 0.86953125 0.38819444444444445 0.8677083333333333 0.38819444444444445 0.8674479166666667 0.3886574074074074 0.865625 0.3886574074074074 0.8653645833333333 0.3891203703703704 0.8627604166666667 0.3891203703703704 0.8625 0.38958333333333334 0.8609375 0.38958333333333334 0.8588541666666667 0.3909722222222222 0.8580729166666666 0.3909722222222222 0.85703125 0.39189814814814816 0.8546875 0.39189814814814816 0.8544270833333333 0.39143518518518516 0.8528645833333334 0.39143518518518516 0.8526041666666667 0.39189814814814816 0.84921875 0.39189814814814816 0.8489583333333334 0.3923611111111111 0.8471354166666667 0.3923611111111111 0.846875 0.39282407407407405 0.8455729166666667 0.39282407407407405 0.8470052083333334 0.39537037037037037 0.847265625 0.3972222222222222 0.848046875 0.4 0.8489583333333334 0.40162037037037035 0.8502604166666666 0.40300925925925923 0.851171875 0.4050925925925926 0.8514322916666667 0.4064814814814815 0.853125 0.4099537037037037 0.8541666666666666 0.4113425925925926 0.85546875 0.41226851851851853 0.8565104166666667 0.41226851851851853 0.85859375 0.41412037037037036 0.8609375 0.4150462962962963 0.8611979166666667 0.41550925925925924 0.8692708333333333 0.41550925925925924 0.8694010416666667 0.4152777777777778
11 0.827734375 0.4148148148148148 0.8299479166666667 0.41458333333333336 0.8309895833333333 0.41412037037037036 0.8317708333333333 0.4131944444444444 0.8330729166666667 0.4127314814814815 0.8337239583333333 0.41203703703703703 0.8334635416666667 0.40925925925925927 0.8329427083333333 0.4078703703703704 0.833203125 0.4050925925925926 0.8341145833333333 0.4039351851851852 0.8372395833333334 0.40162037037037035 0.8384114583333333 0.399537037037037 0.8384114583333333 0.3962962962962963 0.8375 0.39467592592592593 0.8364583333333333 0.39560185185185187 0.83515625 0.3960648148148148 0.8338541666666667 0.3960648148148148 0.83203125 0.39467592592592593 0.83046875 0.394212962962963 0.8290364583333333 0.39675925925925926 0.8290364583333333 0.3972222222222222 0.827734375 0.4 0.8272135416666667 0.40324074074074073 0.8263020833333333 0.4043981481481482 0.8243489583333333 0.4078703703703704 0.8225260416666667 0.41203703703703703 0.8236979166666667 0.41412037037037036 0.8244791666666667 0.41412037037037036 0.8255208333333334 0.4150462962962963 0.827734375 0.4148148148148148
11 0.7654947916666667 0.5050925925925925 0.76640625 0.5048611111111111 0.7677083333333333 0.5039351851851852 0.771875 0.5039351851851852 0.7729166666666667 0.5030092592592592 0.7747395833333334 0.5025462962962963 0.7768229166666667 0.5006944444444444 0.77734375 0.4997685185185185 0.7786458333333334 0.4988425925925926 0.7795572916666667 0.49722222222222223 0.780078125 0.49444444444444446 0.780078125 0.48935185185185187 0.7803385416666667 0.48703703703703705 0.7819010416666666 0.48148148148148145 0.7819010416666666 0.48055555555555557 0.7826822916666667 0.4777777777777778 0.784375 0.47476851851851853 0.7854166666666667 0.47430555555555554 0.78984375 0.46967592592592594 0.7903645833333334 0.46967592592592594 0.7916666666666666 0.46828703703703706 0.7932291666666667 0.46782407407407406 0.7944010416666667 0.46620370370370373 0.794921875 0.4634259259259259 0.794921875 0.462037037037037 0.7954427083333333 0.4601851851851852 0.7954427083333333 0.45787037037037037 0.7959635416666667 0.4550925925925926 0.7962239583333334 0.45231481481481484 0.7970052083333333 0.449537037037037 0.7983072916666667 0.44675925925925924 0.7990885416666667 0.4439814814814815 0.8002604166666667 0.4423611111111111 0.8013020833333333 0.44189814814814815 0.8020833333333334 0.4409722222222222 0.8036458333333333 0.44004629629629627 0.8059895833333334 0.4358796296296296 0.80859375 0.4340277777777778 0.8095052083333333 0.4324074074074074 0.8100260416666667 0.4305555555555556 0.8102864583333333 0.42824074074074076 0.8102864583333333 0.42592592592592593 0.810546875 0.4236111111111111 0.8110677083333333 0.4212962962962963 0.8110677083333333 0.41898148148148145 0.8115885416666667 0.4162037037037037 0.8123697916666667 0.41388888888888886 0.8123697916666667 0.40879629629629627 0.812109375 0.4074074074074074 0.8106770833333333 0.40532407407407406 0.8091145833333333 0.40532407407407406 0.80703125 0.40671296296296294 0.8026041666666667 0.40671296296296294 0.80078125 0.4085648148148148 0.7997395833333333 0.4099537037037037 0.7984375 0.41226851851851853 0.7940104166666667 0.41412037037037036 0.7924479166666667 0.4150462962962963 0.7908854166666667 0.4150462962962963 0.790625 0.41550925925925924 0.7875 0.41550925925925924 0.78515625 0.4173611111111111 0.784375 0.418287037037037 0.7833333333333333 0.41875 0.782421875 0.42083333333333334 0.782421875 0.42453703703703705 0.7821614583333333 0.425 0.7821614583333333 0.42824074074074076 0.781640625 0.4300925925925926 0.781640625 0.43148148148148147 0.7811197916666667 0.43287037037037035 0.7811197916666667 0.4351851851851852 0.781640625 0.4375 0.7829427083333333 0.44027777777777777 0.7826822916666667 0.44166666666666665 0.7796875 0.44375 0.77734375 0.4460648148148148 0.77578125 0.4465277777777778 0.7747395833333334 0.4474537037037037 0.7740885416666666 0.4486111111111111 0.7735677083333333 0.45231481481481484 0.7725260416666667 0.45694444444444443 0.772265625 0.45925925925925926 0.771484375 0.4615740740740741 0.771484375 0.4625 0.769921875 0.4671296296296296 0.7696614583333333 0.4685185185185185 0.7674479166666667 0.4724537037037037 0.7671875 0.4724537037037037 0.765234375 0.4759259259259259 0.7647135416666667 0.4787037037037037 0.7647135416666667 0.48009259259259257 0.7634114583333333 0.4842592592592593 0.762109375 0.48657407407407405 0.762109375 0.48703703703703705 0.7608072916666667 0.48935185185185187 0.7600260416666667 0.49166666666666664 0.7587239583333333 0.49722222222222223 0.7587239583333333 0.4986111111111111 0.7579427083333333 0.5023148148148148 0.7591145833333334 0.5039351851851852 0.7611979166666667 0.5048611111111111 0.7625 0.5048611111111111 0.7627604166666667 0.5053240740740741 0.7653645833333333 0.5053240740740741 0.7654947916666667 0.5050925925925925
11 0.8311197916666667 0.4976851851851852 0.8333333333333334 0.49745370370370373 0.83359375 0.49699074074074073 0.8356770833333333 0.49699074074074073 0.8359375 0.4965277777777778 0.8375 0.4965277777777778 0.8390625 0.49560185185185185 0.8403645833333333 0.49560185185185185 0.8419270833333333 0.4946759259259259 0.8434895833333333 0.49236111111111114 0.84375 0.49236111111111114 0.8446614583333333 0.49027777777777776 0.84609375 0.48865740740740743 0.8473958333333333 0.4877314814814815 0.8486979166666667 0.48726851851851855 0.8497395833333333 0.4863425925925926 0.8516927083333333 0.4828703703703704 0.8524739583333333 0.47962962962962963 0.8540364583333333 0.47638888888888886 0.8540364583333333 0.4740740740740741 0.8524739583333333 0.46944444444444444 0.8509114583333334 0.46435185185185185 0.8497395833333333 0.4622685185185185 0.8494791666666667 0.4622685185185185 0.8479166666666667 0.45949074074074076 0.8453125 0.456712962962963 0.8446614583333333 0.45555555555555555 0.8436197916666667 0.4527777777777778 0.8430989583333334 0.45046296296296295 0.8421875 0.44837962962962963 0.8403645833333333 0.4474537037037037 0.83046875 0.4474537037037037 0.829296875 0.4486111111111111 0.8287760416666666 0.45092592592592595 0.828515625 0.4532407407407407 0.8272135416666667 0.4587962962962963 0.8266927083333333 0.4601851851851852 0.8264322916666667 0.462037037037037 0.8264322916666667 0.4666666666666667 0.8266927083333333 0.4671296296296296 0.8266927083333333 0.4703703703703704 0.826953125 0.4708333333333333 0.8272135416666667 0.47453703703703703 0.8279947916666667 0.4777777777777778 0.828515625 0.4791666666666667 0.8287760416666666 0.48194444444444445 0.8290364583333333 0.4824074074074074 0.8290364583333333 0.4861111111111111 0.829296875 0.48657407407407405 0.829296875 0.4930555555555556 0.8295572916666667 0.4935185185185185 0.8295572916666667 0.49583333333333335 0.83046875 0.4979166666666667 0.8311197916666667 0.4976851851851852
11 0.9361979166666666 0.46967592592592594 0.93515625 0.46967592592592594 0.9359375 0.46875 0.9361979166666666 0.46967592592592594
11 0.7751302083333333 0.6157407407407407 0.7759114583333333 0.6152777777777778 0.776171875 0.6134259259259259 0.7755208333333333 0.6122685185185185 0.77421875 0.6127314814814815 0.7735677083333333 0.6143518518518518 0.7735677083333333 0.6152777777777778 0.77421875 0.6159722222222223 0.7751302083333333 0.6157407407407407
11 0.830078125 0.662962962962963 0.8302083333333333 0.6618055555555555 0.8294270833333334 0.6618055555555555 0.829296875 0.662962962962963 0.830078125 0.662962962962963
11 0.890234375 0.9726851851851852 0.8921875 0.9724537037037037 0.8924479166666667 0.9719907407407408 0.89375 0.9719907407407408 0.8940104166666667 0.9724537037037037 0.89609375 0.9724537037037037 0.8966145833333333 0.9719907407407408 0.8975260416666667 0.9699074074074074 0.8975260416666667 0.9666666666666667 0.8970052083333333 0.9643518518518519 0.8970052083333333 0.9625 0.8962239583333333 0.9592592592592593 0.8959635416666667 0.9569444444444445 0.894921875 0.9532407407407407 0.8930989583333333 0.9458333333333333 0.8923177083333333 0.9407407407407408 0.8912760416666666 0.937037037037037 0.8904947916666667 0.9319444444444445 0.8891927083333333 0.9263888888888889 0.8891927083333333 0.925 0.888671875 0.9231481481481482 0.8884114583333333 0.9203703703703704 0.8876302083333333 0.9185185185185185 0.8865885416666667 0.9148148148148149 0.8858072916666667 0.9097222222222222 0.8852864583333333 0.9083333333333333 0.8850260416666667 0.9060185185185186 0.8845052083333333 0.9046296296296297 0.883984375 0.9018518518518519 0.8826822916666667 0.8976851851851851 0.8813802083333333 0.8898148148148148 0.8805989583333333 0.8875 0.880078125 0.8847222222222222 0.8790364583333333 0.8819444444444444 0.878515625 0.8796296296296297 0.877734375 0.874537037037037 0.8772135416666667 0.8731481481481481 0.8766927083333333 0.8699074074074075 0.8759114583333333 0.8675925925925926 0.875390625 0.8652777777777778 0.8751302083333333 0.8629629629629629 0.8733072916666667 0.8569444444444444 0.8717447916666666 0.8495370370370371 0.871484375 0.8472222222222222 0.8701822916666667 0.8407407407407408 0.8696614583333333 0.8393518518518519 0.8688802083333333 0.8361111111111111 0.868359375 0.8351851851851851 0.8678385416666666 0.8324074074074074 0.8670572916666667 0.8300925925925926 0.866015625 0.825 0.8654947916666667 0.8208333333333333 0.8647135416666667 0.8185185185185185 0.8647135416666667 0.8175925925925925 0.8623697916666667 0.8097222222222222 0.8618489583333333 0.8060185185185185 0.861328125 0.8037037037037037 0.860546875 0.8013888888888889 0.8592447916666667 0.7939814814814815 0.8587239583333334 0.7925925925925926 0.8584635416666667 0.7902777777777777 0.8579427083333333 0.7888888888888889 0.857421875 0.7851851851851852 0.8569010416666667 0.7828703703703703 0.8561197916666666 0.7805555555555556 0.8561197916666666 0.7796296296296297 0.854296875 0.7712962962962963 0.854296875 0.7703703703703704 0.8532552083333333 0.7657407407407407 0.8524739583333333 0.763425925925926 0.8524739583333333 0.7625 0.8514322916666667 0.7587962962962963 0.851171875 0.7564814814814815 0.850390625 0.7532407407407408 0.8501302083333333 0.750462962962963 0.8490885416666667 0.7472222222222222 0.8483072916666666 0.7435185185185185 0.8475260416666667 0.7412037037037037 0.8470052083333334 0.7384259259259259 0.8470052083333334 0.737037037037037 0.8454427083333333 0.7296296296296296 0.8446614583333333 0.7273148148148149 0.844140625 0.7236111111111111 0.843359375 0.7212962962962963 0.8428385416666667 0.7185185185185186 0.8423177083333333 0.7171296296296297 0.841796875 0.7129629629629629 0.8412760416666667 0.7106481481481481 0.8404947916666666 0.7083333333333334 0.8399739583333333 0.7060185185185185 0.839453125 0.7018518518518518 0.8384114583333333 0.6972222222222222 0.8369791666666667 0.694212962962963 0.8346354166666666 0.6923611111111111 0.8328125 0.6923611111111111 0.8317708333333333 0.6932870370370371 0.8286458333333333 0.694212962962963 0.8283854166666667 0.694675925925926 0.8268229166666666 0.694675925925926 0.8265625 0.6951388888888889 0.8244791666666667 0.6951388888888889 0.82421875 0.6956018518518519 0.8221354166666667 0.6956018518518519 0.821875 0.6960648148148149 0.8197916666666667 0.6960648148148149 0.81953125 0.6965277777777777 0.8177083333333334 0.6965277777777777 0.8174479166666667 0.6969907407407407 0.8153645833333333 0.6969907407407407 0.8151041666666666 0.6974537037037037 0.8122395833333333 0.6974537037037037 0.8119791666666667 0.6979166666666666 0.8096354166666667 0.6979166666666666 0.809375 0.6983796296296296 0.80703125 0.6983796296296296 0.8067708333333333 0.6988425925925926 0.80390625 0.6988425925925926 0.8036458333333333 0.6993055555555555 0.80078125 0.6993055555555555 0.8005208333333333 0.6997685185185185 0.7953125 0.6997685185185185 0.7950520833333333 0.7002314814814815 0.7924479166666667 0.7002314814814815 0.7921875 0.7006944444444444 0.7864583333333334 0.7006944444444444 0.7861979166666667 0.7011574074074074 0.784375 0.7011574074074074 0.7841145833333333 0.7016203703703704 0.77421875 0.7016203703703704 0.7739583333333333 0.7020833333333333 0.771875 0.7025462962962963 0.7705729166666667 0.7039351851851852 0.7682291666666666 0.7048611111111112 0.7645833333333333 0.7090277777777778 0.7623697916666666 0.7129629629629629 0.7618489583333333 0.7148148148148148 0.7609375 0.7164351851851852 0.759765625 0.7175925925925926 0.7595052083333333 0.7185185185185186 0.7595052083333333 0.7208333333333333 0.7600260416666667 0.7231481481481481 0.7602864583333333 0.7263888888888889 0.7608072916666667 0.7282407407407407 0.7610677083333334 0.7314814814814815 0.7618489583333333 0.7337962962962963 0.7623697916666666 0.7361111111111112 0.762890625 0.7407407407407407 0.7634114583333333 0.7430555555555556 0.7634114583333333 0.7449074074074075 0.7649739583333334 0.7513888888888889 0.7649739583333334 0.7523148148148148 0.766015625 0.7578703703703704 0.7662760416666666 0.7620370370370371 0.766796875 0.7638888888888888 0.767578125 0.7699074074074074 0.7678385416666667 0.7703703703703704 0.7680989583333333 0.7731481481481481 0.7694010416666667 0.7763888888888889 0.7704427083333333 0.7800925925925926 0.770703125 0.7833333333333333 0.771484375 0.7865740740740741 0.771484375 0.787962962962963 0.772265625 0.7902777777777777 0.7727864583333334 0.7925925925925926 0.7733072916666667 0.7967592592592593 0.773828125 0.7986111111111112 0.773828125 0.8 0.7743489583333333 0.8018518518518518 0.774609375 0.8046296296296296 0.775390625 0.8069444444444445 0.7759114583333333 0.8106481481481481 0.7759114583333333 0.8125 0.7764322916666667 0.8162037037037037 0.7774739583333333 0.8194444444444444 0.7779947916666666 0.8217592592592593 0.7779947916666666 0.8231481481481482 0.7790364583333333 0.8305555555555556 0.7795572916666667 0.8324074074074074 0.780078125 0.8361111111111111 0.7805989583333334 0.8379629629629629 0.780859375 0.8412037037037037 0.7813802083333333 0.8435185185185186 0.7826822916666667 0.850462962962963 0.7826822916666667 0.8518518518518519 0.783203125 0.8541666666666666 0.7834635416666667 0.8569444444444444 0.7852864583333333 0.8629629629629629 0.785546875 0.8652777777777778 0.786328125 0.8689814814814815 0.786328125 0.8708333333333333 0.787109375 0.8736111111111111 0.787890625 0.8787037037037037 0.7891927083333333 0.8851851851851852 0.789453125 0.8856481481481482 0.7899739583333333 0.8893518518518518 0.791015625 0.8949074074074074 0.791015625 0.8972222222222223 0.7912760416666667 0.899074074074074 0.792578125 0.9032407407407408 0.7930989583333333 0.9055555555555556 0.7936197916666666 0.9101851851851852 0.7944010416666667 0.9143518518518519 0.794921875 0.9185185185185185 0.7954427083333333 0.9199074074074074 0.795703125 0.9226851851851852 0.7962239583333334 0.925 0.7962239583333334 0.9263888888888889 0.7970052083333333 0.9305555555555556 0.7977864583333333 0.9333333333333333 0.798046875 0.9356481481481481 0.798046875 0.937962962962963 0.7983072916666667 0.9402777777777778 0.7990885416666667 0.9435185185185185 0.799609375 0.9444444444444444 0.8001302083333334 0.9467592592592593 0.801171875 0.95 0.8016927083333333 0.9527777777777777 0.8016927083333333 0.9541666666666667 0.8022135416666667 0.9564814814814815 0.8036458333333333 0.9590277777777778 0.8059895833333334 0.9608796296296296 0.80703125 0.9613425925925926 0.8091145833333333 0.9613425925925926 0.809375 0.9618055555555556 0.8109375 0.9618055555555556 0.81328125 0.9631944444444445 0.8145833333333333 0.9631944444444445 0.81484375 0.9636574074074075 0.81953125 0.9636574074074075 0.82109375 0.9645833333333333 0.8231770833333333 0.9645833333333333 0.8234375 0.9650462962962963 0.8263020833333333 0.9650462962962963 0.8265625 0.9655092592592592 0.83125 0.9655092592592592 0.8315104166666667 0.9659722222222222 0.8377604166666667 0.9659722222222222 0.8380208333333333 0.9664351851851852 0.8421875 0.9664351851851852 0.8424479166666666 0.9668981481481481 0.846875 0.9668981481481481 0.8471354166666667 0.9673611111111111 0.85 0.9673611111111111 0.8502604166666666 0.9678240740740741 0.8515625 0.9678240740740741 0.8518229166666667 0.968287037037037 0.8536458333333333 0.968287037037037 0.85390625 0.96875 0.8565104166666667 0.96875 0.8567708333333334 0.969212962962963 0.8645833333333334 0.969212962962963 0.86484375 0.9696759259259259 0.86640625 0.9696759259259259 0.8666666666666667 0.9701388888888889 0.86875 0.9701388888888889 0.8690104166666667 0.9706018518518519 0.8716145833333333 0.9706018518518519 0.871875 0.9710648148148148 0.8760416666666667 0.9710648148148148 0.8763020833333334 0.9715277777777778 0.8802083333333334 0.9715277777777778 0.88046875 0.9719907407407408 0.884375 0.9719907407407408 0.8846354166666667 0.9724537037037037 0.8869791666666667 0.9724537037037037 0.8872395833333333 0.9729166666666667 0.8901041666666667 0.9729166666666667 0.890234375 0.9726851851851852
