11 0.9997395833333333 0.7127314814814815 0.9984375 0.7127314814814815 0.9973958333333334 0.7131944444444445 0.9955729166666667 0.7150462962962963 0.9940104166666667 0.7159722222222222 0.9921875 0.7164351851851852 0.990625 0.7178240740740741 0.9890625 0.71875 0.98828125 0.71875 0.9872395833333333 0.7196759259259259 0.9864583333333333 0.7196759259259259 0.9833333333333333 0.7219907407407408 0.9815104166666667 0.7229166666666667 0.9783854166666667 0.7238425925925925 0.9770833333333333 0.7247685185185185 0.9760416666666667 0.7247685185185185 0.9747395833333333 0.7256944444444444 0.97109375 0.7266203703703704 0.96953125 0.7280092592592593 0.9684895833333333 0.7293981481481482 0.9671875 0.731712962962963 0.965625 0.732175925925926 0.9653645833333333 0.7326388888888888 0.9638020833333333 0.7326388888888888 0.9625 0.7335648148148148 0.9606770833333333 0.7340277777777777 0.95859375 0.7354166666666667 0.9575520833333333 0.7354166666666667 0.9552083333333333 0.7363425925925926 0.95390625 0.7377314814814815 0.9526041666666667 0.7386574074074074 0.9513020833333333 0.7400462962962963 0.9497395833333333 0.7405092592592593 0.9494791666666667 0.7409722222222223 0.9471354166666667 0.7414351851851851 0.946875 0.7418981481481481 0.94453125 0.7423611111111111 0.9424479166666667 0.74375 0.9395833333333333 0.7446759259259259 0.9388020833333334 0.7456018518518519 0.9375 0.7460648148148148 0.9359375 0.7474537037037037 0.9348958333333334 0.7479166666666667 0.9333333333333333 0.7479166666666667 0.9330729166666667 0.7483796296296297 0.9315104166666667 0.7483796296296297 0.93125 0.7488425925925926 0.9294270833333333 0.7493055555555556 0.9270833333333334 0.7506944444444444 0.92578125 0.7506944444444444 0.9244791666666666 0.7511574074074074 0.9223958333333333 0.7525462962962963 0.9205729166666666 0.7530092592592592 0.91875 0.7543981481481481 0.9174479166666667 0.7548611111111111 0.9161458333333333 0.7548611111111111 0.9158854166666667 0.7553240740740741 0.9143229166666667 0.7553240740740741 0.9127604166666666 0.75625 0.9114583333333334 0.75625 0.9111979166666667 0.756712962962963 0.9096354166666667 0.756712962962963 0.9075520833333334 0.7581018518518519 0.9065104166666667 0.7594907407407407 0.9046875 0.7613425925925926 0.9036458333333334 0.7618055555555555 0.90234375 0.7618055555555555 0.9020833333333333 0.7622685185185185 0.90078125 0.7622685185185185 0.9005208333333333 0.7627314814814815 0.8989583333333333 0.7627314814814815 0.89765625 0.7631944444444444 0.8963541666666667 0.7641203703703704 0.8947916666666667 0.7641203703703704 0.89453125 0.7645833333333333 0.8932291666666666 0.7645833333333333 0.8901041666666667 0.7668981481481482 0.8888020833333333 0.768287037037037 0.8875 0.76875 0.8859375 0.76875 0.8856770833333333 0.7692129629629629 0.8841145833333334 0.7692129629629629 0.8828125 0.7696759259259259 0.8815104166666666 0.7706018518518518 0.8807291666666667 0.7706018518518518 0.8794270833333333 0.7715277777777778 0.8778645833333333 0.7719907407407407 0.8765625 0.7733796296296296 0.87578125 0.7733796296296296 0.8734375 0.7752314814814815 0.8721354166666667 0.7756944444444445 0.8703125 0.7756944444444445 0.8700520833333333 0.7761574074074075 0.86875 0.7761574074074075 0.8684895833333334 0.7766203703703703 0.8669270833333333 0.7766203703703703 0.8653645833333333 0.7775462962962963 0.8640625 0.7775462962962963 0.8638020833333333 0.7780092592592592 0.8625 0.7780092592592592 0.8604166666666667 0.7789351851851852 0.859375 0.7798611111111111 0.8572916666666667 0.780787037037037 0.85703125 0.78125 0.85546875 0.78125 0.8552083333333333 0.781712962962963 0.8536458333333333 0.781712962962963 0.8533854166666667 0.7821759259259259 0.8513020833333333 0.7821759259259259 0.8497395833333333 0.7831018518518519 0.8481770833333333 0.7831018518518519 0.8453125 0.7844907407407408 0.8434895833333333 0.7877314814814815 0.8411458333333334 0.7895833333333333 0.83984375 0.7895833333333333 0.83828125 0.7905092592592593 0.8369791666666667 0.7905092592592593 0.8356770833333333 0.7914351851851852 0.8330729166666667 0.7923611111111111 0.8315104166666667 0.7923611111111111 0.828125 0.7951388888888888 0.8276041666666667 0.7951388888888888 0.8260416666666667 0.7965277777777777 0.8239583333333333 0.7969907407407407 0.82265625 0.7979166666666667 0.8213541666666667 0.7979166666666667 0.8177083333333334 0.7997685185185185 0.8158854166666667 0.8011574074074074 0.8130208333333333 0.8020833333333334 0.8122395833333333 0.8030092592592593 0.81015625 0.8034722222222223 0.8098958333333334 0.8039351851851851 0.8083333333333333 0.8039351851851851 0.8080729166666667 0.8043981481481481 0.8067708333333333 0.8043981481481481 0.8065104166666667 0.8048611111111111 0.8010416666666667 0.8067129629629629 0.80078125 0.8071759259259259 0.7963541666666667 0.8085648148148148 0.79453125 0.8099537037037037 0.7921875 0.8108796296296297 0.7903645833333334 0.8113425925925926 0.7890625 0.8122685185185186 0.78828125 0.8122685185185186 0.7846354166666667 0.8150462962962963 0.7838541666666666 0.8150462962962963 0.7828125 0.8159722222222222 0.78203125 0.8159722222222222 0.7809895833333333 0.8168981481481481 0.7791666666666667 0.8173611111111111 0.77890625 0.8178240740740741 0.77734375 0.8178240740740741 0.77578125 0.81875 0.7716145833333333 0.81875 0.7708333333333334 0.8182870370370371 0.7696614583333333 0.8162037037037037 0.7688802083333334 0.8134259259259259 0.7686197916666667 0.8115740740740741 0.7680989583333333 0.8106481481481481 0.7673177083333333 0.8074074074074075 0.7673177083333333 0.8060185185185185 0.766796875 0.8037037037037037 0.766796875 0.8018518518518518 0.7677083333333333 0.7997685185185185 0.76953125 0.7979166666666667 0.7708333333333334 0.7960648148148148 0.7716145833333333 0.7956018518518518 0.7729166666666667 0.79375 0.7768229166666667 0.7905092592592593 0.7796875 0.7891203703703704 0.7817708333333333 0.7872685185185185 0.784375 0.7840277777777778 0.7861979166666667 0.7831018518518519 0.790625 0.7798611111111111 0.7940104166666667 0.7784722222222222 0.7958333333333333 0.7770833333333333 0.79765625 0.7761574074074075 0.7989583333333333 0.7747685185185185 0.8002604166666667 0.7743055555555556 0.8010416666666667 0.7733796296296296 0.80234375 0.7729166666666667 0.8036458333333333 0.7719907407407407 0.8059895833333334 0.7696759259259259 0.8065104166666667 0.7696759259259259 0.8083333333333333 0.767824074074074 0.8096354166666667 0.7668981481481482 0.81015625 0.7659722222222223 0.8114583333333333 0.7650462962962963 0.8127604166666667 0.7631944444444444 0.8143229166666667 0.7618055555555555 0.8157552083333334 0.7592592592592593 0.8173177083333333 0.7555555555555555 0.8188802083333333 0.7509259259259259 0.82109375 0.7469907407407408 0.8223958333333333 0.7460648148148148 0.82578125 0.7423611111111111 0.82734375 0.7414351851851851 0.8278645833333333 0.7405092592592593 0.8291666666666667 0.7395833333333334 0.8296875 0.7386574074074074 0.8315104166666667 0.7372685185185185 0.8333333333333334 0.7354166666666667 0.8338541666666667 0.7354166666666667 0.8359375 0.7335648148148148 0.8377604166666667 0.73125 0.8395833333333333 0.7298611111111111 0.8403645833333333 0.7289351851851852 0.8434895833333333 0.7270833333333333 0.8481770833333333 0.7229166666666667 0.8502604166666666 0.7219907407407408 0.8515625 0.7206018518518519 0.8520833333333333 0.7206018518518519 0.8541666666666666 0.71875 0.85546875 0.718287037037037 0.8580729166666666 0.7155092592592592 0.86015625 0.7136574074074075 0.8606770833333334 0.7127314814814815 0.8630208333333333 0.7108796296296296 0.8645833333333334 0.7099537037037037 0.8666666666666667 0.7081018518518518 0.8697916666666666 0.7048611111111112 0.87265625 0.7030092592592593 0.8760416666666667 0.6997685185185185 0.8765625 0.6988425925925926 0.8778645833333333 0.6979166666666666 0.8807291666666667 0.6965277777777777 0.88203125 0.6951388888888889 0.88359375 0.694212962962963 0.8848958333333333 0.6928240740740741 0.8880208333333334 0.6914351851851852 0.88984375 0.6895833333333333 0.8908854166666667 0.6881944444444444 0.8921875 0.6858796296296297 0.8924479166666667 0.6858796296296297 0.8936197916666667 0.6833333333333333 0.8930989583333333 0.6796296296296296 0.8930989583333333 0.6773148148148148 0.8915364583333333 0.6722222222222223 0.8915364583333333 0.6712962962962963 0.8904947916666667 0.6675925925925926 0.8899739583333334 0.6666666666666666 0.8889322916666667 0.663425925925926 0.8881510416666667 0.6620370370370371 0.8873697916666666 0.6597222222222222 0.8860677083333334 0.6569444444444444 0.8858072916666667 0.6555555555555556 0.884765625 0.6527777777777778 0.8826822916666667 0.6486111111111111 0.8821614583333334 0.6467592592592593 0.8803385416666667 0.6421296296296296 0.8795572916666666 0.6407407407407407 0.8774739583333333 0.6356481481481482 0.8772135416666667 0.6342592592592593 0.8759114583333333 0.6314814814814815 0.8751302083333333 0.6282407407407408 0.874609375 0.6273148148148148 0.873828125 0.624537037037037 0.873046875 0.6231481481481481 0.871484375 0.6185185185185185 0.870703125 0.6171296296296296 0.8701822916666667 0.6152777777777778 0.8680989583333333 0.6111111111111112 0.867578125 0.6092592592592593 0.866015625 0.6055555555555555 0.8654947916666667 0.6037037037037037 0.8647135416666667 0.6023148148148149 0.862890625 0.5976851851851852 0.859765625 0.5893518518518519 0.8592447916666667 0.587037037037037 0.858203125 0.5842592592592593 0.855078125 0.5787037037037037 0.854296875 0.5763888888888888 0.8528645833333334 0.5738425925925926 0.8518229166666667 0.5729166666666666 0.851171875 0.5717592592592593 0.850390625 0.5689814814814815 0.8501302083333333 0.5666666666666667 0.8490885416666667 0.562962962962963 0.8477864583333333 0.5611111111111111 0.8475260416666667 0.5597222222222222 0.8467447916666667 0.5583333333333333 0.8462239583333333 0.5564814814814815 0.8455729166666667 0.555787037037037 0.844921875 0.5560185185185185 0.8446614583333333 0.5597222222222222 0.844921875 0.562037037037037 0.8459635416666667 0.5657407407407408 0.8459635416666667 0.5722222222222222 0.84453125 0.5747685185185185 0.8442708333333333 0.5747685185185185 0.8421875 0.5784722222222223 0.840625 0.5793981481481482 0.83828125 0.5798611111111112 0.8369791666666667 0.580787037037037 0.8359375 0.580787037037037 0.834375 0.5817129629629629 0.8330729166666667 0.5817129629629629 0.8328125 0.5821759259259259 0.8315104166666667 0.5821759259259259 0.8299479166666667 0.5831018518518518 0.82890625 0.5831018518518518 0.8265625 0.5844907407407407 0.82578125 0.5844907407407407 0.8244791666666667 0.5854166666666667 0.8213541666666667 0.5863425925925926 0.8190104166666666 0.5877314814814815 0.81796875 0.5877314814814815 0.81640625 0.5886574074074075 0.8151041666666666 0.5886574074074075 0.81484375 0.5891203703703703 0.81328125 0.5891203703703703 0.8130208333333333 0.5895833333333333 0.81171875 0.5895833333333333 0.8104166666666667 0.5905092592592592 0.8057291666666667 0.5918981481481481 0.8046875 0.5928240740740741 0.8036458333333333 0.5928240740740741 0.8013020833333333 0.594212962962963 0.8 0.5946759259259259 0.7986979166666667 0.5946759259259259 0.7973958333333333 0.5956018518518519 0.7966145833333333 0.5956018518518519 0.7955729166666666 0.5965277777777778 0.7942708333333334 0.5969907407407408 0.79296875 0.5969907407407408 0.7927083333333333 0.5974537037037037 0.7911458333333333 0.5974537037037037 0.7908854166666667 0.5979166666666667 0.7895833333333333 0.5979166666666667 0.78828125 0.5983796296296297 0.7861979166666667 0.5997685185185185 0.7825520833333334 0.6006944444444444 0.7822916666666667 0.6011574074074074 0.7809895833333333 0.6011574074074074 0.7807291666666667 0.6016203703703704 0.7791666666666667 0.6016203703703704 0.77890625 0.6020833333333333 0.7776041666666667 0.6020833333333333 0.77734375 0.6016203703703704 0.7755208333333333 0.6016203703703704 0.7747395833333334 0.6006944444444444 0.7735677083333333 0.5967592592592592 0.772265625 0.5944444444444444 0.772265625 0.5939814814814814 0.770703125 0.5907407407407408 0.769140625 0.5856481481481481 0.769140625 0.5842592592592593 0.7680989583333333 0.5800925925925926 0.7665364583333333 0.5768518518518518 0.765234375 0.5726851851851852 0.763671875 0.5689814814814815 0.7626302083333333 0.5657407407407408 0.7623697916666666 0.5634259259259259 0.7615885416666667 0.5606481481481481 0.7600260416666667 0.5569444444444445 0.7584635416666666 0.5518518518518518 0.7584635416666666 0.549537037037037 0.7592447916666667 0.5462962962962963 0.7592447916666667 0.5435185185185185 0.7583333333333333 0.5423611111111111 0.75625 0.5418981481481482 0.7552083333333334 0.5409722222222222 0.7540364583333333 0.538425925925926 0.753515625 0.5361111111111111 0.7516927083333333 0.5328703703703703 0.751171875 0.5314814814814814 0.7498697916666667 0.5268518518518519 0.7483072916666667 0.5231481481481481 0.7477864583333333 0.5208333333333334 0.7470052083333333 0.5189814814814815 0.746484375 0.5157407407407407 0.7451822916666667 0.5115740740740741 0.7438802083333333 0.5092592592592593 0.741796875 0.5027777777777778 0.7415364583333334 0.5013888888888889 0.7407552083333333 0.49953703703703706 0.739453125 0.49722222222222223 0.738671875 0.49398148148148147 0.738671875 0.4930555555555556 0.737890625 0.49027777777777776 0.73671875 0.48819444444444443 0.735546875 0.48564814814814816 0.7337239583333334 0.4810185185185185 0.733203125 0.47824074074074074 0.732421875 0.47638888888888886 0.7319010416666667 0.4740740740740741 0.7302083333333333 0.4710648148148148 0.72890625 0.46967592592592594 0.7276041666666667 0.46875 0.7255208333333333 0.46782407407407406 0.7244791666666667 0.4668981481481482 0.7234375 0.4673611111111111 0.7216145833333333 0.4673611111111111 0.7213541666666666 0.46782407407407406 0.7140625 0.46782407407407406 0.7138020833333333 0.4673611111111111 0.7114583333333333 0.4673611111111111 0.7111979166666667 0.46782407407407406 0.7080729166666667 0.46782407407407406 0.7078125 0.46828703703703706 0.70546875 0.46828703703703706 0.7052083333333333 0.46875 0.70078125 0.4724537037037037 0.69921875 0.4724537037037037 0.6989583333333333 0.47291666666666665 0.696875 0.47291666666666665 0.6966145833333334 0.47337962962962965 0.69375 0.47337962962962965 0.6924479166666667 0.47476851851851853 0.6875 0.47662037037037036 0.6872395833333333 0.47708333333333336 0.6846354166666667 0.47800925925925924 0.6830729166666667 0.47800925925925924 0.6828125 0.47847222222222224 0.678125 0.47847222222222224 0.6778645833333333 0.47800925925925924 0.6752604166666667 0.47800925925925924 0.67421875 0.47847222222222224 0.6731770833333334 0.4775462962962963 0.672265625 0.4759259259259259 0.6717447916666667 0.47314814814814815 0.6696614583333333 0.4675925925925926 0.6686197916666666 0.4634259259259259 0.6680989583333333 0.4625 0.6673177083333334 0.4587962962962963 0.6654947916666667 0.45555555555555555 0.6649739583333333 0.4537037037037037 0.664453125 0.45 0.6639322916666667 0.4486111111111111 0.6631510416666667 0.4444444444444444 0.6623697916666667 0.44305555555555554 0.662109375 0.44166666666666665 0.661328125 0.44027777777777777 0.659765625 0.4351851851851852 0.658984375 0.43194444444444446 0.6576822916666667 0.4287037037037037 0.6569010416666666 0.42592592592592593 0.656640625 0.4236111111111111 0.655859375 0.4212962962962963 0.6553385416666667 0.41712962962962963 0.654296875 0.41203703703703703 0.6529947916666666 0.4074074074074074 0.6522135416666667 0.4050925925925926 0.6522135416666667 0.4041666666666667 0.6513020833333333 0.40208333333333335 0.6498697916666667 0.399537037037037 0.648828125 0.39537037037037037 0.648828125 0.39444444444444443 0.648046875 0.39166666666666666 0.6475260416666667 0.38657407407407407 0.6467447916666667 0.38425925925925924 0.646484375 0.3819444444444444 0.645703125 0.37962962962962965 0.6454427083333333 0.3773148148148148 0.6454427083333333 0.37037037037037035 0.646484375 0.36712962962962964 0.6467447916666667 0.36574074074074076 0.64921875 0.36319444444444443 0.6505208333333333 0.3627314814814815 0.6533854166666667 0.3627314814814815 0.6536458333333334 0.36226851851851855 0.6549479166666666 0.36226851851851855 0.65625 0.36180555555555555 0.6572916666666667 0.3608796296296296 0.65859375 0.3608796296296296 0.6588541666666666 0.36041666666666666 0.6638020833333333 0.36041666666666666 0.6640625 0.3608796296296296 0.6671875 0.3608796296296296 0.6684895833333333 0.3599537037037037 0.671875 0.3599537037037037 0.6731770833333334 0.3608796296296296 0.6736979166666667 0.36041666666666666 0.675 0.35810185185185184 0.6765625 0.35625 0.67734375 0.355787037037037 0.6782552083333333 0.3541666666666667 0.6787760416666667 0.35185185185185186 0.680078125 0.3486111111111111 0.680859375 0.3453703703703704 0.6813802083333333 0.34444444444444444 0.6819010416666667 0.3421296296296296 0.6826822916666667 0.3402777777777778 0.6834635416666667 0.3375 0.684765625 0.33425925925925926 0.6852864583333333 0.33194444444444443 0.6865885416666667 0.3282407407407407 0.6876302083333333 0.324537037037037 0.6876302083333333 0.3236111111111111 0.6897135416666667 0.3162037037037037 0.690234375 0.31527777777777777 0.6912760416666667 0.31157407407407406 0.6923177083333333 0.30925925925925923 0.6928385416666667 0.3074074074074074 0.6944010416666667 0.30416666666666664 0.695703125 0.3 0.695703125 0.29907407407407405 0.6970052083333333 0.29398148148148145 0.698046875 0.2916666666666667 0.698828125 0.287962962962963 0.699609375 0.28564814814814815 0.7001302083333333 0.28194444444444444 0.701171875 0.27870370370370373 0.7022135416666667 0.2763888888888889 0.703515625 0.2740740740740741 0.7045572916666667 0.27037037037037037 0.705859375 0.2675925925925926 0.7069010416666667 0.26435185185185184 0.707421875 0.2601851851851852 0.7084635416666667 0.2569444444444444 0.7092447916666667 0.2550925925925926 0.7109375 0.2520833333333333 0.71328125 0.24976851851851853 0.7161458333333334 0.2488425925925926 0.71640625 0.24837962962962962 0.7177083333333333 0.2488425925925926 0.7190104166666667 0.2488425925925926 0.7200520833333334 0.24976851851851853 0.7216145833333333 0.24976851851851853 0.7229166666666667 0.2488425925925926 0.72578125 0.2488425925925926 0.7270833333333333 0.24976851851851853 0.7283854166666667 0.24976851851851853 0.729296875 0.24861111111111112 0.7295572916666667 0.24722222222222223 0.7311197916666666 0.24351851851851852 0.7317708333333334 0.2414351851851852 0.7329427083333333 0.24259259259259258 0.7334635416666667 0.24537037037037038 0.7334635416666667 0.24768518518518517 0.7337239583333334 0.25 0.7350260416666666 0.25416666666666665 0.7345052083333333 0.25787037037037036 0.7342447916666667 0.25833333333333336 0.733984375 0.26157407407407407 0.7345052083333333 0.26435185185185184 0.7345052083333333 0.27314814814814814 0.7354166666666667 0.2747685185185185 0.73671875 0.27569444444444446 0.7377604166666667 0.27569444444444446 0.7390625 0.27662037037037035 0.7403645833333333 0.27708333333333335 0.7455729166666667 0.27708333333333335 0.7458333333333333 0.27662037037037035 0.74765625 0.27662037037037035 0.7494791666666667 0.27523148148148147 0.7506510416666666 0.27314814814814814 0.7506510416666666 0.2722222222222222 0.7514322916666667 0.2708333333333333 0.7529947916666667 0.26666666666666666 0.755078125 0.2625 0.7555989583333333 0.25972222222222224 0.7563802083333333 0.2574074074074074 0.7569010416666667 0.25462962962962965 0.757421875 0.2537037037037037 0.7584635416666666 0.25 0.7596354166666667 0.24791666666666667 0.7598958333333333 0.24791666666666667 0.7615885416666667 0.2449074074074074 0.7626302083333333 0.2412037037037037 0.7631510416666667 0.24027777777777778 0.763671875 0.23703703703703705 0.76484375 0.23449074074074075 0.7666666666666667 0.23310185185185187 0.76796875 0.23310185185185187 0.7682291666666666 0.2326388888888889 0.7703125 0.2326388888888889 0.7705729166666667 0.23217592592592592 0.77265625 0.23217592592592592 0.7729166666666667 0.2326388888888889 0.77421875 0.2326388888888889 0.7744791666666667 0.23310185185185187 0.77578125 0.23310185185185187 0.7760416666666666 0.2326388888888889 0.7783854166666667 0.23078703703703704 0.7791666666666667 0.2298611111111111 0.7805989583333334 0.2273148148148148 0.7805989583333334 0.22685185185185186 0.7821614583333333 0.22407407407407406 0.783203125 0.2212962962962963 0.7872395833333333 0.21412037037037038 0.7880208333333333 0.2136574074074074 0.78984375 0.21087962962962964 0.7908854166666667 0.2099537037037037 0.7921875 0.2099537037037037 0.7924479166666667 0.20949074074074073 0.7940104166666667 0.20949074074074073 0.7955729166666666 0.20810185185185184 0.79609375 0.20810185185185184 0.79765625 0.20671296296296296 0.7994791666666666 0.20671296296296296 0.8005208333333333 0.2076388888888889 0.8026041666666667 0.20810185185185184 0.8036458333333333 0.20902777777777778 0.8044270833333333 0.20902777777777778 0.8057291666666667 0.2099537037037037 0.8065104166666667 0.2099537037037037 0.8083333333333333 0.21180555555555555 0.8111979166666666 0.21689814814814815 0.812109375 0.21805555555555556 0.8138020833333334 0.2224537037037037 0.81484375 0.2224537037037037 0.8166666666666667 0.22060185185185185 0.8174479166666667 0.22060185185185185 0.81875 0.2196759259259259 0.8200520833333333 0.21828703703703703 0.8216145833333334 0.21736111111111112 0.8234375 0.21736111111111112 0.8236979166666667 0.21689814814814815 0.8265625 0.21689814814814815 0.8268229166666666 0.21643518518518517 0.8286458333333333 0.21643518518518517 0.82890625 0.21597222222222223 0.83046875 0.21597222222222223 0.8307291666666666 0.21550925925925926 0.83203125 0.21550925925925926 0.8346354166666666 0.21458333333333332 0.8348958333333333 0.21412037037037038 0.83671875 0.2136574074074074 0.8385416666666666 0.21226851851851852 0.83984375 0.21226851851851852 0.84140625 0.21134259259259258 0.8427083333333333 0.21134259259259258 0.8442708333333333 0.21041666666666667 0.8455729166666667 0.21041666666666667 0.8458333333333333 0.2099537037037037 0.85078125 0.2099537037037037 0.8510416666666667 0.20949074074074073 0.8533854166666667 0.20949074074074073 0.8546875 0.2099537037037037 0.8565104166666667 0.21134259259259258 0.8576822916666667 0.21342592592592594 0.8579427083333333 0.21481481481481482 0.8587239583333334 0.21666666666666667 0.8604166666666667 0.21921296296296297 0.8625 0.22106481481481483 0.8630208333333333 0.22106481481481483 0.8651041666666667 0.2224537037037037 0.86953125 0.2224537037037037 0.8703125 0.22291666666666668 0.8721354166666667 0.2247685185185185 0.8733072916666667 0.22685185185185186 0.8748697916666667 0.2310185185185185 0.8756510416666666 0.23425925925925925 0.876953125 0.23703703703703705 0.876953125 0.2375 0.8795572916666666 0.24212962962962964 0.8795572916666666 0.24259259259259258 0.8837239583333333 0.25 0.8837239583333333 0.25046296296296294 0.8854166666666666 0.2534722222222222 0.8856770833333333 0.2534722222222222 0.8881510416666667 0.25787037037037036 0.8889322916666667 0.26064814814814813 0.891015625 0.2657407407407407 0.89453125 0.27199074074074076 0.8947916666666667 0.27199074074074076 0.8962239583333333 0.274537037037037 0.8962239583333333 0.275 0.8977864583333334 0.2777777777777778 0.8977864583333334 0.27824074074074073 0.8990885416666666 0.28055555555555556 0.8990885416666666 0.2810185185185185 0.905078125 0.2916666666666667 0.905078125 0.29212962962962963 0.906640625 0.2949074074074074 0.9071614583333333 0.2967592592592593 0.9083333333333333 0.29930555555555555 0.909375 0.3002314814814815 0.911328125 0.30324074074074076 0.9115885416666667 0.3055555555555556 0.9123697916666667 0.30787037037037035 0.9123697916666667 0.31666666666666665 0.9134114583333334 0.32175925925925924 0.9134114583333334 0.32916666666666666 0.9125 0.33078703703703705 0.9114583333333334 0.331712962962963 0.91015625 0.33217592592592593 0.9080729166666667 0.33402777777777776 0.9063802083333333 0.337037037037037 0.9063802083333333 0.3375 0.905078125 0.3398148148148148 0.905078125 0.3402777777777778 0.903125 0.34375 0.8989583333333333 0.34837962962962965 0.8959635416666667 0.3537037037037037 0.894921875 0.35648148148148145 0.89375 0.35856481481481484 0.89296875 0.3590277777777778 0.8901041666666667 0.36226851851851855 0.8884114583333333 0.36527777777777776 0.8884114583333333 0.36574074074074076 0.88671875 0.36875 0.8854166666666666 0.37060185185185185 0.884375 0.3715277777777778 0.8830729166666667 0.3733796296296296 0.88125 0.3766203703703704 0.8809895833333333 0.3766203703703704 0.8770833333333333 0.3835648148148148 0.8768229166666667 0.3835648148148148 0.873046875 0.3902777777777778 0.873046875 0.3907407407407407 0.8716145833333333 0.39328703703703705 0.8713541666666667 0.39328703703703705 0.8700520833333333 0.39560185185185187 0.8690104166666667 0.39652777777777776 0.8677083333333333 0.39837962962962964 0.865625 0.40208333333333335 0.8643229166666667 0.40347222222222223 0.862890625 0.4060185185185185 0.862890625 0.4064814814814815 0.86171875 0.4085648148148148 0.8596354166666667 0.41087962962962965 0.85703125 0.41550925925925924 0.85546875 0.4173611111111111 0.8541666666666666 0.418287037037037 0.8524739583333333 0.42083333333333334 0.851953125 0.4236111111111111 0.8510416666666667 0.4252314814814815 0.8498697916666667 0.42592592592592593 0.8510416666666667 0.4275462962962963 0.8528645833333334 0.4275462962962963 0.853125 0.42800925925925926 0.8549479166666667 0.42800925925925926 0.8552083333333333 0.4284722222222222 0.8578125 0.4284722222222222 0.8604166666666667 0.42569444444444443 0.8614583333333333 0.4252314814814815 0.8630208333333333 0.4252314814814815 0.86328125 0.42476851851851855 0.86484375 0.42476851851851855 0.8651041666666667 0.42430555555555555 0.8666666666666667 0.42430555555555555 0.8669270833333333 0.4238425925925926 0.8682291666666667 0.4238425925925926 0.8684895833333334 0.4233796296296296 0.87109375 0.4233796296296296 0.8713541666666667 0.42291666666666666 0.87265625 0.42291666666666666 0.875 0.42106481481481484 0.8752604166666667 0.42060185185185184 0.8770833333333333 0.4201388888888889 0.8783854166666667 0.41875 0.87890625 0.41875 0.8807291666666667 0.41689814814814813 0.884375 0.41041666666666665 0.8856770833333333 0.40902777777777777 0.887109375 0.4064814814814815 0.8877604166666667 0.4048611111111111 0.8901041666666667 0.4025462962962963 0.8911458333333333 0.4011574074074074 0.8923177083333333 0.3990740740740741 0.8923177083333333 0.39861111111111114 0.8940104166666667 0.39560185185185187 0.8953125 0.39375 0.896875 0.3923611111111111 0.89765625 0.3909722222222222 0.8986979166666667 0.3900462962962963 0.90390625 0.38078703703703703 0.9059895833333333 0.3789351851851852 0.9075520833333334 0.3761574074074074 0.9088541666666666 0.37430555555555556 0.91015625 0.3729166666666667 0.91328125 0.36736111111111114 0.9135416666666667 0.36736111111111114 0.9151041666666667 0.3645833333333333 0.9169270833333333 0.3627314814814815 0.9205729166666666 0.35625 0.9221354166666667 0.3548611111111111 0.9231770833333334 0.35300925925925924 0.9252604166666667 0.3506944444444444 0.9263020833333333 0.3488425925925926 0.92734375 0.34791666666666665 0.929296875 0.3449074074074074 0.929296875 0.34444444444444444 0.9322916666666666 0.33912037037037035 0.93515625 0.33541666666666664 0.9364583333333333 0.33449074074074076 0.9381510416666666 0.33194444444444443 0.9381510416666666 0.3314814814814815 0.9408854166666667 0.3266203703703704 0.9421875 0.3247685185185185 0.9434895833333333 0.32337962962962963 0.9447916666666667 0.3215277777777778 0.94609375 0.319212962962963 0.9463541666666667 0.319212962962963 0.9497395833333333 0.31319444444444444 0.9533854166666667 0.30949074074074073 0.9569010416666667 0.30324074074074076 0.9569010416666667 0.30277777777777776 0.95859375 0.29976851851851855 0.9604166666666667 0.29791666666666666 0.96171875 0.29606481481481484 0.9643229166666667 0.2914351851851852 0.9645833333333333 0.2914351851851852 0.96640625 0.2881944444444444 0.9674479166666666 0.28680555555555554 0.9682291666666667 0.2863425925925926 0.9701822916666667 0.2828703703703704 0.9708333333333333 0.28125 0.971875 0.2798611111111111 0.97265625 0.2793981481481482 0.97421875 0.27708333333333335 0.9744791666666667 0.27708333333333335 0.9778645833333334 0.2710648148148148 0.9791666666666666 0.26967592592592593 0.9817708333333334 0.2650462962962963 0.9825520833333333 0.26458333333333334 0.984375 0.26273148148148145 0.9852864583333333 0.2611111111111111 0.9860677083333333 0.2587962962962963 0.9885416666666667 0.25439814814814815 0.9888020833333333 0.25439814814814815 0.9911458333333333 0.2516203703703704 0.993359375 0.24768518518518517 0.993359375 0.24722222222222223 0.99453125 0.24513888888888888 0.9947916666666666 0.24513888888888888 0.9979166666666667 0.23958333333333334 0.9984375 0.23912037037037037 0.9997395833333333 0.23912037037037037
11 0.7016927083333333 0.3472222222222222 0.7036458333333333 0.34652777777777777 0.70546875 0.3451388888888889 0.706640625 0.34305555555555556 0.706640625 0.3425925925925926 0.7084635416666667 0.3384259259259259 0.7092447916666667 0.33611111111111114 0.7095052083333333 0.33287037037037037 0.7100260416666667 0.33055555555555555 0.709765625 0.3282407407407407 0.709765625 0.32546296296296295 0.7095052083333333 0.32314814814814813 0.7083333333333334 0.32060185185185186 0.7078125 0.32060185185185186 0.70546875 0.31828703703703703 0.704296875 0.32037037037037036 0.701953125 0.3282407407407407 0.7016927083333333 0.3296296296296296 0.6998697916666666 0.33425925925925926 0.698046875 0.3375 0.697265625 0.34120370370370373 0.6970052083333333 0.3435185185185185 0.6981770833333333 0.3460648148148148 0.7005208333333334 0.3474537037037037 0.7016927083333333 0.3472222222222222
11 0.9997395833333333 0.32939814814814816 0.99765625 0.32939814814814816 0.9955729166666667 0.3275462962962963 0.9932291666666667 0.32337962962962963 0.9908854166666666 0.3210648148148148 0.9893229166666667 0.3210648148148148 0.9877604166666667 0.3224537037037037 0.9864583333333333 0.3229166666666667 0.9854166666666667 0.32384259259259257 0.9815104166666667 0.3280092592592593 0.98046875 0.32939814814814816 0.9799479166666667 0.32939814814814816 0.9770833333333333 0.33217592592592593 0.9756510416666667 0.3347222222222222 0.9756510416666667 0.3351851851851852 0.9739583333333334 0.33819444444444446 0.971875 0.34097222222222223 0.9697916666666667 0.34328703703703706 0.9677083333333333 0.34699074074074077 0.9674479166666666 0.34699074074074077 0.9661458333333334 0.34930555555555554 0.96484375 0.3506944444444444 0.9627604166666667 0.3539351851851852 0.96171875 0.3548611111111111 0.959375 0.35856481481481484 0.9583333333333334 0.3594907407407407 0.9559895833333333 0.3627314814814815 0.9557291666666666 0.3627314814814815 0.9522135416666667 0.36898148148148147 0.9514322916666667 0.3712962962962963 0.9497395833333333 0.37430555555555556 0.9473958333333333 0.3766203703703704 0.9466145833333334 0.3770833333333333 0.94453125 0.3803240740740741 0.94296875 0.381712962962963 0.9421875 0.38310185185185186 0.9411458333333333 0.3840277777777778 0.9403645833333333 0.3854166666666667 0.9393229166666667 0.38634259259259257 0.9369791666666667 0.3900462962962963 0.93671875 0.3900462962962963 0.9350260416666667 0.39305555555555555 0.9350260416666667 0.39537037037037037 0.9342447916666666 0.39814814814814814 0.9346354166666667 0.3988425925925926 0.9359375 0.3988425925925926 0.9369791666666667 0.3974537037037037 0.9380208333333333 0.39699074074074076 0.93984375 0.39699074074074076 0.9401041666666666 0.39652777777777776 0.9432291666666667 0.39560185185185187 0.9434895833333333 0.3951388888888889 0.9466145833333334 0.39375 0.9479166666666666 0.39375 0.9481770833333333 0.39328703703703705 0.9505208333333334 0.39282407407407405 0.9518229166666666 0.39189814814814816 0.9536458333333333 0.39143518518518516 0.95390625 0.3909722222222222 0.95546875 0.3909722222222222 0.9557291666666666 0.3905092592592593 0.9575520833333333 0.3905092592592593 0.9578125 0.3900462962962963 0.959375 0.3900462962962963 0.9596354166666666 0.38958333333333334 0.9609375 0.38958333333333334 0.9611979166666667 0.3891203703703704 0.96328125 0.3891203703703704 0.9635416666666666 0.3886574074074074 0.9653645833333333 0.3886574074074074 0.965625 0.38819444444444445 0.9671875 0.38819444444444445 0.96875 0.3872685185185185 0.9697916666666667 0.3872685185185185 0.9721354166666667 0.38587962962962963 0.9765625 0.38449074074074074 0.9768229166666667 0.3840277777777778 0.978125 0.3840277777777778 0.9783854166666667 0.3835648148148148 0.9796875 0.3835648148148148 0.9799479166666667 0.38310185185185186 0.98125 0.38310185185185186 0.9815104166666667 0.38263888888888886 0.9828125 0.38263888888888886 0.9830729166666666 0.3821759259259259 0.984375 0.3821759259259259 0.9846354166666667 0.381712962962963 0.9869791666666666 0.38125 0.9872395833333333 0.38078703703703703 0.98984375 0.3798611111111111 0.9908854166666666 0.3798611111111111 0.9919270833333333 0.3789351851851852 0.99296875 0.3789351851851852 0.99453125 0.37800925925925927 0.9958333333333333 0.37800925925925927 0.9973958333333334 0.3770833333333333 0.9997395833333333 0.3770833333333333
11 0.8415364583333333 0.4101851851851852 0.842578125 0.40879629629629627 0.8430989583333334 0.40694444444444444 0.844921875 0.4027777777777778 0.8481770833333333 0.39699074074074076 0.8497395833333333 0.3951388888888889 0.85390625 0.38773148148148145 0.8541666666666666 0.38773148148148145 0.8600260416666666 0.3773148148148148 0.8600260416666666 0.3768518518518518 0.8622395833333333 0.3729166666666667 0.8625 0.3729166666666667 0.8647135416666667 0.36898148148148147 0.8647135416666667 0.3685185185185185 0.866015625 0.3662037037037037 0.8665364583333334 0.36342592592592593 0.8658854166666666 0.36226851851851855 0.8645833333333334 0.3613425925925926 0.8598958333333333 0.3613425925925926 0.8596354166666667 0.36180555555555555 0.8578125 0.36180555555555555 0.8575520833333333 0.36226851851851855 0.85546875 0.36226851851851855 0.8552083333333333 0.3627314814814815 0.853125 0.3627314814814815 0.85078125 0.36365740740740743 0.8497395833333333 0.3645833333333333 0.8484375 0.3645833333333333 0.8481770833333333 0.3650462962962963 0.846875 0.3650462962962963 0.8455729166666667 0.36550925925925926 0.8442708333333333 0.3664351851851852 0.8434895833333333 0.3664351851851852 0.8424479166666666 0.36736111111111114 0.8411458333333334 0.3678240740740741 0.83984375 0.3678240740740741 0.8395833333333333 0.368287037037037 0.83828125 0.368287037037037 0.8380208333333333 0.36875 0.83671875 0.36875 0.834375 0.3701388888888889 0.8330729166666667 0.37060185185185185 0.8317708333333333 0.37060185185185185 0.8315104166666667 0.3710648148148148 0.8302083333333333 0.3710648148148148 0.8278645833333333 0.37245370370370373 0.8264322916666667 0.375 0.8259114583333333 0.3768518518518518 0.8259114583333333 0.37916666666666665 0.8264322916666667 0.38055555555555554 0.8279947916666667 0.3861111111111111 0.829296875 0.38935185185185184 0.8311197916666667 0.3925925925925926 0.8321614583333333 0.39490740740740743 0.8334635416666667 0.39861111111111114 0.8345052083333333 0.40046296296296297 0.8352864583333334 0.4027777777777778 0.837109375 0.4074074074074074 0.837109375 0.4083333333333333 0.83828125 0.41041666666666665 0.84140625 0.41041666666666665 0.8415364583333333 0.4101851851851852
11 0.8259114583333333 0.44027777777777777 0.8263020833333333 0.4395833333333333 0.8255208333333334 0.4395833333333333 0.8259114583333333 0.44027777777777777
11 0.8259114583333333 0.5064814814814815 0.8266927083333333 0.5046296296296297 0.8264322916666667 0.5027777777777778 0.8255208333333334 0.5011574074074074 0.82421875 0.5016203703703703 0.8235677083333334 0.5023148148148148 0.8235677083333334 0.5041666666666667 0.825 0.50625 0.8259114583333333 0.5064814814814815
11 0.8305989583333333 0.5217592592592593 0.830859375 0.5212962962962963 0.8311197916666667 0.5180555555555556 0.8302083333333333 0.5150462962962963 0.8294270833333334 0.5145833333333333 0.8287760416666666 0.5157407407407407 0.8287760416666666 0.5185185185185185 0.8296875 0.5210648148148148 0.8305989583333333 0.5217592592592593
11 0.8337239583333333 0.525 0.8333333333333334 0.5229166666666667 0.8325520833333333 0.5229166666666667 0.8328125 0.5252314814814815 0.8337239583333333 0.525
11 0.9359375 0.8594907407407407 0.9348958333333334 0.8594907407407407 0.933984375 0.8583333333333333 0.9346354166666667 0.85625 0.9359375 0.8557870370370371 0.9365885416666667 0.8564814814814815 0.9368489583333334 0.8583333333333333 0.9359375 0.8594907407407407
11 0.9200520833333333 0.9099537037037037 0.9192708333333334 0.9099537037037037 0.9188802083333333 0.9083333333333333 0.9188802083333333 0.9046296296296297 0.9192708333333334 0.9034722222222222 0.9204427083333333 0.9041666666666667 0.9204427083333333 0.9092592592592592 0.9200520833333333 0.9099537037037037
11 0.9515625 0.9766203703703704 0.95 0.9766203703703704 0.9498697916666666 0.975462962962963 0.95078125 0.9743055555555555 0.9516927083333333 0.975925925925926 0.9515625 0.9766203703703704
