3 0.370573 0.352546 0.367969 0.352546 0.367708 0.352083 0.366146 0.352083 0.365885 0.351620 0.364583 0.351620 0.363281 0.351157 0.361979 0.350231 0.359375 0.349306 0.357552 0.347454 0.356510 0.346991 0.354167 0.346991 0.353125 0.346528 0.352344 0.345602 0.350000 0.343750 0.348958 0.343287 0.345052 0.343287 0.344792 0.342824 0.343229 0.342824 0.342969 0.342361 0.341406 0.342361 0.341146 0.341898 0.339844 0.341898 0.339583 0.341435 0.338021 0.341435 0.336458 0.340509 0.335417 0.340509 0.334115 0.339583 0.333073 0.339583 0.331510 0.338657 0.330208 0.338657 0.328646 0.337731 0.327344 0.337731 0.325000 0.336343 0.322656 0.335880 0.321354 0.334954 0.320312 0.334954 0.319010 0.334028 0.315365 0.333102 0.314063 0.332176 0.313281 0.332176 0.312240 0.331250 0.308073 0.329398 0.306771 0.329398 0.304167 0.328472 0.303906 0.328009 0.302604 0.328009 0.301042 0.327083 0.299740 0.327083 0.298438 0.326620 0.297135 0.325694 0.296094 0.325694 0.293750 0.324306 0.291406 0.323843 0.290104 0.322917 0.288802 0.322454 0.287500 0.322454 0.286198 0.321528 0.285156 0.321528 0.279948 0.319676 0.278646 0.318750 0.277344 0.318750 0.277083 0.318287 0.275781 0.318287 0.275521 0.317824 0.271875 0.316898 0.268750 0.315046 0.266406 0.313194 0.264844 0.311343 0.263411 0.308796 0.262109 0.305093 0.261589 0.304167 0.260547 0.300926 0.259375 0.298843 0.259115 0.298843 0.257422 0.295833 0.257422 0.295370 0.255859 0.291667 0.251172 0.283333 0.250130 0.280093 0.247266 0.275000 0.245312 0.270602 0.245052 0.270602 0.243359 0.267593 0.242578 0.265278 0.239974 0.260648 0.238932 0.257870 0.237630 0.255556 0.237630 0.255093 0.235026 0.250463 0.235026 0.250000 0.233203 0.246759 0.232422 0.244444 0.230599 0.241204 0.230078 0.239352 0.226432 0.232870 0.225651 0.229630 0.220443 0.220370 0.220443 0.219907 0.217318 0.214352 0.215755 0.210648 0.214974 0.208333 0.213672 0.206019 0.213672 0.205556 0.211589 0.201852 0.211589 0.201389 0.210026 0.198611 0.208984 0.195833 0.206901 0.191667 0.206120 0.189352 0.202995 0.183796 0.202995 0.183333 0.201432 0.180556 0.201432 0.180093 0.199870 0.177315 0.199349 0.175463 0.196224 0.169907 0.194922 0.164815 0.194922 0.161574 0.196484 0.156481 0.201302 0.147917 0.201563 0.147917 0.205599 0.140741 0.206120 0.138889 0.209375 0.133102 0.209635 0.133102 0.213542 0.126157 0.213802 0.126157 0.214974 0.124074 0.216276 0.119907 0.217448 0.117824 0.217708 0.117824 0.220573 0.112731 0.220833 0.112731 0.222526 0.109722 0.222526 0.109259 0.225000 0.104861 0.226172 0.103241 0.226693 0.101389 0.230599 0.094444 0.231120 0.092593 0.232813 0.089583 0.233984 0.087963 0.233984 0.087500 0.237891 0.080556 0.237891 0.080093 0.240885 0.074769 0.241016 0.074074 0.244401 0.068056 0.245182 0.065741 0.246484 0.063426 0.246484 0.062963 0.247917 0.060417 0.248177 0.060417 0.249609 0.057870 0.250130 0.056481 0.250911 0.053241 0.252344 0.050694 0.255208 0.048843 0.256771 0.048843 0.257031 0.048380 0.262500 0.048380 0.262760 0.048843 0.267448 0.048843 0.267708 0.049306 0.270313 0.049306 0.270573 0.049769 0.272917 0.049769 0.273177 0.050231 0.276042 0.050231 0.276302 0.050694 0.280208 0.050694 0.280469 0.051157 0.282031 0.051157 0.282292 0.051620 0.285417 0.051620 0.285677 0.052083 0.288281 0.052083 0.288542 0.052546 0.290885 0.052546 0.291146 0.053009 0.292969 0.053009 0.293229 0.053472 0.295052 0.053472 0.295312 0.053935 0.297656 0.053935 0.297917 0.054398 0.300260 0.054398 0.300521 0.054861 0.302865 0.054861 0.303125 0.055324 0.308073 0.055324 0.308333 0.055787 0.311458 0.055787 0.311719 0.056250 0.314844 0.056250 0.315104 0.056713 0.319010 0.056713 0.319271 0.057176 0.321094 0.057176 0.321354 0.057639 0.323177 0.057639 0.323437 0.058102 0.324740 0.058102 0.325000 0.058565 0.326562 0.058565 0.326823 0.059028 0.328906 0.059028 0.329167 0.059491 0.331771 0.059491 0.332031 0.059954 0.335677 0.059954 0.335938 0.060417 0.339062 0.060417 0.339323 0.060880 0.342187 0.060880 0.342448 0.061343 0.347135 0.061343 0.347396 0.061806 0.350521 0.061806 0.350781 0.062269 0.354948 0.062269 0.355208 0.062731 0.358333 0.062731 0.358594 0.063194 0.361458 0.063194 0.361719 0.063657 0.365885 0.063657 0.366146 0.064120 0.368750 0.064120 0.369010 0.064583 0.370573 0.064583 0.373698 0.066435 0.374870 0.068519 0.375911 0.071759 0.375911 0.074537 0.376172 0.075000 0.376172 0.080556 0.376953 0.086574 0.377995 0.089815 0.378516 0.092130 0.378776 0.094444 0.380339 0.100463 0.382161 0.106481 0.382161 0.107407 0.382943 0.109722 0.382943 0.110648 0.383984 0.113889 0.383984 0.114815 0.384766 0.117130 0.389193 0.125000 0.390234 0.128241 0.390234 0.129167 0.391536 0.133333 0.391536 0.134259 0.392578 0.137963 0.393359 0.143056 0.394141 0.145370 0.394922 0.148611 0.395443 0.150000 0.396224 0.153704 0.398828 0.162963 0.399349 0.166667 0.399870 0.168056 0.401953 0.175463 0.402214 0.177778 0.402734 0.179167 0.402995 0.181481 0.403776 0.183796 0.403776 0.184722 0.405078 0.189352 0.405599 0.191667 0.405859 0.193981 0.407161 0.198611 0.408724 0.203704 0.410026 0.209259 0.410807 0.213426 0.411849 0.217593 0.412109 0.218056 0.414193 0.228704 0.414974 0.232407 0.414714 0.234722 0.414714 0.237037 0.414453 0.237500 0.414193 0.240278 0.413151 0.242593 0.412891 0.243981 0.412109 0.245370 0.410286 0.250463 0.409245 0.254167 0.408203 0.256944 0.407943 0.258333 0.406901 0.261111 0.404557 0.266204 0.403776 0.269444 0.403255 0.270370 0.402214 0.274074 0.400130 0.279167 0.398307 0.286111 0.397005 0.288889 0.396224 0.291204 0.394661 0.293981 0.393620 0.296759 0.392057 0.299537 0.391536 0.301852 0.391016 0.302778 0.390495 0.305093 0.388932 0.310648 0.388411 0.312037 0.387630 0.315278 0.387109 0.316204 0.384766 0.322685 0.382943 0.328241 0.381641 0.331481 0.381380 0.333333 0.380599 0.335185 0.379818 0.338426 0.378776 0.340741 0.378516 0.342130 0.377734 0.343981 0.374479 0.349769 0.372396 0.352083 0.370833 0.352083 0.370573 0.352546
2 0.533073 0.597454 0.528906 0.597454 0.528646 0.596991 0.527344 0.596991 0.527083 0.596528 0.525781 0.596528 0.523438 0.595139 0.519792 0.591898 0.519010 0.590509 0.517708 0.589120 0.513672 0.581944 0.513411 0.580556 0.511328 0.574537 0.510807 0.570370 0.510026 0.567130 0.510026 0.565741 0.508984 0.560648 0.508464 0.556944 0.508203 0.553704 0.507943 0.553241 0.507943 0.550000 0.507682 0.549537 0.507682 0.544444 0.507943 0.542130 0.509766 0.531481 0.510286 0.529630 0.511328 0.527315 0.511589 0.525926 0.512370 0.524074 0.514844 0.519676 0.516146 0.518287 0.517188 0.516435 0.519531 0.513657 0.521615 0.511806 0.525781 0.509954 0.527083 0.509954 0.527344 0.509491 0.528906 0.509491 0.529167 0.509028 0.533594 0.509028 0.533854 0.509491 0.535156 0.509491 0.535417 0.509954 0.536719 0.509954 0.538281 0.510880 0.540885 0.511806 0.542969 0.513657 0.544792 0.515972 0.549349 0.524074 0.550391 0.526852 0.550911 0.529167 0.551432 0.530093 0.551693 0.532407 0.552214 0.533796 0.552214 0.535185 0.552734 0.537037 0.552734 0.538426 0.553255 0.540278 0.553516 0.543519 0.554036 0.545370 0.554297 0.548611 0.554818 0.550926 0.554818 0.554167 0.555078 0.554630 0.555078 0.560648 0.554818 0.561111 0.554818 0.564815 0.554557 0.567130 0.554036 0.568981 0.553516 0.572685 0.552474 0.576389 0.552474 0.577315 0.551432 0.580556 0.547656 0.587269 0.545573 0.589583 0.545052 0.590509 0.543750 0.591435 0.543229 0.592361 0.539844 0.595139 0.536198 0.596528 0.535937 0.596991 0.533333 0.596991 0.533073 0.597454
2 0.455469 0.783102 0.450521 0.783102 0.449219 0.782176 0.448437 0.782176 0.447135 0.781250 0.445833 0.780787 0.445052 0.779861 0.444010 0.779398 0.440625 0.774769 0.439323 0.772454 0.439063 0.772454 0.436198 0.767361 0.435937 0.767361 0.433073 0.762269 0.432812 0.762269 0.431380 0.759722 0.430078 0.756019 0.428776 0.753241 0.428255 0.750463 0.427734 0.749074 0.427214 0.745370 0.426693 0.743519 0.426693 0.742130 0.426172 0.739815 0.426172 0.735648 0.425911 0.735185 0.425911 0.727778 0.426172 0.727315 0.426172 0.724074 0.427214 0.716204 0.427734 0.714815 0.427995 0.712500 0.428776 0.709722 0.430078 0.706481 0.430339 0.705093 0.431901 0.701389 0.431901 0.700926 0.435677 0.694213 0.438281 0.690972 0.439583 0.689583 0.441406 0.688194 0.441927 0.687269 0.443750 0.685880 0.444531 0.685880 0.445573 0.684954 0.446354 0.684954 0.447917 0.683565 0.449479 0.683565 0.449740 0.683102 0.453385 0.683102 0.453646 0.683565 0.455729 0.683565 0.455990 0.684028 0.457292 0.684028 0.458594 0.684954 0.459375 0.684954 0.461979 0.686806 0.463802 0.688657 0.465885 0.692361 0.466146 0.692361 0.469792 0.698843 0.470052 0.698843 0.473047 0.704167 0.473047 0.704630 0.475130 0.708333 0.476953 0.712963 0.476953 0.713889 0.478516 0.719444 0.478516 0.720833 0.479036 0.722685 0.479036 0.724074 0.479557 0.726389 0.479557 0.729167 0.479818 0.729630 0.479818 0.742130 0.479557 0.742593 0.479557 0.745370 0.479036 0.747685 0.478776 0.750463 0.478255 0.752778 0.475391 0.762963 0.474609 0.766204 0.473177 0.768750 0.472917 0.768750 0.470052 0.773843 0.467187 0.777083 0.464062 0.779398 0.463281 0.780324 0.462500 0.780324 0.461458 0.781250 0.458854 0.782176 0.457552 0.782176 0.457292 0.782639 0.455729 0.782639 0.455469 0.783102
2 0.463021 0.684954 0.461979 0.684491 0.460417 0.684491 0.460156 0.684028 0.458594 0.684028 0.458333 0.683565 0.456771 0.683565 0.456510 0.683102 0.454948 0.683102 0.454688 0.682639 0.453125 0.682639 0.452865 0.682176 0.451562 0.682176 0.449219 0.680324 0.448047 0.678241 0.448047 0.677778 0.446354 0.674769 0.446094 0.674769 0.444661 0.672222 0.443620 0.669907 0.443099 0.667593 0.442578 0.666667 0.441797 0.663889 0.440755 0.662037 0.439714 0.659259 0.437630 0.651852 0.436589 0.646759 0.436589 0.645370 0.436068 0.643519 0.435807 0.641204 0.435807 0.634259 0.436068 0.633796 0.436068 0.630093 0.436328 0.627778 0.437370 0.621759 0.438932 0.615741 0.441016 0.610648 0.445052 0.603472 0.446354 0.601620 0.448177 0.599769 0.451302 0.596991 0.453646 0.596065 0.454688 0.595139 0.455990 0.595139 0.456250 0.594676 0.457813 0.594676 0.458073 0.594213 0.459375 0.594213 0.459635 0.593750 0.462760 0.593750 0.464062 0.594213 0.465365 0.595139 0.468490 0.596065 0.469531 0.596991 0.470313 0.596991 0.472656 0.599306 0.477214 0.607407 0.477214 0.607870 0.478776 0.611111 0.479818 0.614352 0.480599 0.615741 0.481120 0.617593 0.482161 0.619907 0.482682 0.622222 0.483724 0.625463 0.484245 0.626389 0.485026 0.629167 0.485286 0.631481 0.486068 0.634722 0.486068 0.637500 0.486328 0.637963 0.486328 0.646759 0.486068 0.647222 0.486068 0.649537 0.485807 0.651389 0.485026 0.654630 0.485026 0.655556 0.483984 0.659722 0.482422 0.664352 0.481901 0.666667 0.479297 0.671296 0.479297 0.671759 0.476562 0.676620 0.474219 0.678935 0.473698 0.678935 0.471875 0.680787 0.468750 0.682639 0.467708 0.682639 0.465365 0.684028 0.464323 0.684028 0.463021 0.684954
2 0.416406 0.592361 0.410417 0.592361 0.410156 0.591898 0.408594 0.591898 0.407292 0.591435 0.406250 0.590509 0.404687 0.590046 0.402604 0.588194 0.401042 0.586343 0.397786 0.580556 0.397786 0.580093 0.396224 0.577315 0.396224 0.576852 0.394922 0.574537 0.392839 0.568519 0.392057 0.567130 0.391016 0.563889 0.389974 0.561574 0.389193 0.559259 0.388411 0.553241 0.388151 0.552778 0.388151 0.548611 0.388411 0.548148 0.388411 0.544444 0.388932 0.542130 0.389193 0.538426 0.389974 0.535185 0.391276 0.531019 0.391797 0.530093 0.392578 0.527315 0.394141 0.524537 0.394141 0.524074 0.395573 0.521528 0.395833 0.521528 0.397917 0.517824 0.399479 0.515972 0.401042 0.514583 0.403125 0.513194 0.405208 0.511343 0.408073 0.509954 0.410156 0.509954 0.410417 0.509491 0.416146 0.509491 0.419792 0.510880 0.421354 0.512269 0.421875 0.512269 0.424219 0.514583 0.426693 0.518981 0.426693 0.519444 0.427995 0.521759 0.427995 0.522222 0.429557 0.525463 0.429818 0.526852 0.431641 0.531944 0.432422 0.533333 0.432943 0.535185 0.433724 0.536574 0.434245 0.538889 0.435026 0.541204 0.435026 0.542130 0.436068 0.545833 0.436068 0.548148 0.436589 0.550926 0.436589 0.553704 0.436328 0.554167 0.436328 0.559259 0.436068 0.561574 0.435547 0.563889 0.435286 0.567130 0.434766 0.569907 0.433464 0.574074 0.433203 0.575463 0.430990 0.579398 0.429427 0.581250 0.426563 0.585417 0.422396 0.589120 0.421094 0.590046 0.419792 0.590509 0.418750 0.591435 0.416406 0.592361
1 0.475000 0.598380 0.473698 0.598380 0.473438 0.597917 0.471615 0.597454 0.470573 0.596528 0.469792 0.596528 0.468750 0.595602 0.467969 0.595602 0.466667 0.594676 0.464323 0.594213 0.464062 0.593750 0.461979 0.593287 0.459375 0.590972 0.458203 0.588889 0.457422 0.586111 0.455339 0.581019 0.453776 0.576389 0.452734 0.572222 0.451953 0.569907 0.451693 0.567593 0.451172 0.565278 0.451172 0.562037 0.450911 0.561574 0.450911 0.556481 0.451172 0.554167 0.452214 0.548611 0.452474 0.546296 0.452995 0.543981 0.453776 0.541667 0.455599 0.537963 0.455599 0.537500 0.457292 0.534491 0.457552 0.534491 0.458854 0.532176 0.459896 0.531250 0.461198 0.529398 0.462760 0.528009 0.464323 0.527083 0.465625 0.525694 0.467969 0.524769 0.468229 0.524306 0.469531 0.524306 0.469792 0.523843 0.472656 0.523843 0.472917 0.523380 0.474740 0.523380 0.478906 0.525231 0.480208 0.526620 0.482292 0.528009 0.483854 0.529861 0.486068 0.533796 0.488151 0.538889 0.490234 0.546759 0.490234 0.547685 0.491276 0.551389 0.491276 0.552315 0.492578 0.559259 0.492578 0.562500 0.492839 0.562963 0.492839 0.567593 0.492578 0.568056 0.492578 0.570370 0.491797 0.575463 0.489714 0.581944 0.488672 0.583796 0.488151 0.585648 0.485417 0.590509 0.484375 0.591435 0.483594 0.592824 0.481510 0.594676 0.479948 0.595602 0.479167 0.595602 0.477344 0.596991 0.476562 0.596991 0.475000 0.598380
1 0.406250 0.682639 0.400781 0.682639 0.398698 0.681250 0.396875 0.680324 0.394010 0.677546 0.392969 0.676157 0.390104 0.671065 0.389844 0.671065 0.387370 0.666667 0.387370 0.666204 0.385547 0.662963 0.385547 0.662500 0.383984 0.658796 0.382943 0.655093 0.382422 0.652315 0.381901 0.648148 0.381901 0.643056 0.382161 0.642593 0.382161 0.639352 0.382422 0.638889 0.382422 0.636574 0.383724 0.630556 0.383984 0.628704 0.385286 0.625463 0.386068 0.622685 0.387109 0.620370 0.391406 0.612731 0.391667 0.612731 0.393750 0.609954 0.394531 0.609491 0.396354 0.607176 0.399219 0.605324 0.400000 0.605324 0.401302 0.604398 0.402604 0.603935 0.403906 0.603935 0.404167 0.603472 0.408333 0.603472 0.408594 0.603935 0.410417 0.604398 0.413021 0.606250 0.415365 0.609028 0.416406 0.609954 0.419141 0.614815 0.420182 0.617593 0.421484 0.619907 0.422266 0.622222 0.424089 0.625926 0.425651 0.630556 0.426172 0.632870 0.426432 0.635648 0.426693 0.636111 0.426693 0.639352 0.426953 0.639815 0.426953 0.647222 0.426693 0.647685 0.426693 0.650000 0.426172 0.651852 0.425911 0.654630 0.423828 0.661111 0.423047 0.663889 0.420703 0.668056 0.420703 0.668519 0.418490 0.672454 0.418229 0.672454 0.416667 0.675231 0.413802 0.678472 0.413281 0.678472 0.411979 0.679861 0.410677 0.680324 0.408854 0.681713 0.407813 0.682176 0.406510 0.682176 0.406250 0.682639
1 0.526042 0.794213 0.524219 0.794213 0.523958 0.793750 0.521615 0.793750 0.520312 0.793287 0.516667 0.791435 0.515885 0.790509 0.514323 0.789583 0.511719 0.786343 0.510156 0.783565 0.509896 0.783565 0.508984 0.781481 0.507422 0.778704 0.506380 0.776389 0.505859 0.774537 0.504557 0.771759 0.504297 0.770370 0.503255 0.768056 0.502734 0.765278 0.501172 0.760185 0.500911 0.757407 0.500391 0.755556 0.500130 0.752315 0.499870 0.751852 0.499870 0.748611 0.499609 0.748148 0.499609 0.742593 0.499870 0.742130 0.499870 0.738426 0.500391 0.736111 0.500391 0.734259 0.501432 0.728241 0.502474 0.724537 0.503516 0.722222 0.503776 0.720833 0.504818 0.718056 0.506120 0.715741 0.506120 0.715278 0.508073 0.711806 0.509115 0.710417 0.510677 0.709028 0.512240 0.707176 0.513802 0.705787 0.515885 0.704861 0.517708 0.703472 0.519010 0.703472 0.519271 0.703009 0.520573 0.703009 0.520833 0.702546 0.524219 0.702546 0.524479 0.703009 0.526563 0.703009 0.526823 0.703472 0.528125 0.703472 0.530990 0.705324 0.532292 0.706713 0.533333 0.707176 0.534635 0.709028 0.535417 0.709491 0.536979 0.711806 0.537240 0.711806 0.538672 0.714352 0.538672 0.714815 0.541276 0.719444 0.543359 0.725000 0.544141 0.728241 0.545443 0.732407 0.545443 0.733333 0.546224 0.735648 0.547266 0.743981 0.547526 0.744444 0.547526 0.759259 0.547266 0.761574 0.546745 0.763426 0.546745 0.764815 0.546224 0.767593 0.545703 0.768981 0.545443 0.771296 0.544141 0.775463 0.542578 0.778241 0.542578 0.778704 0.537760 0.787269 0.536458 0.788657 0.534115 0.790046 0.533333 0.790972 0.531771 0.791435 0.529167 0.793287 0.527865 0.793750 0.526302 0.793750 0.526042 0.794213
3 0.631250 0.911343 0.627604 0.911343 0.627344 0.910880 0.622135 0.910880 0.618490 0.909028 0.617708 0.908102 0.616146 0.907639 0.615885 0.907176 0.614583 0.907176 0.614323 0.906713 0.613021 0.906713 0.612760 0.906250 0.610417 0.905787 0.608073 0.904398 0.606771 0.903935 0.605469 0.903935 0.605208 0.903472 0.603906 0.903472 0.603646 0.903009 0.601562 0.903009 0.601302 0.902546 0.598698 0.902546 0.598437 0.902083 0.595573 0.902083 0.595313 0.901620 0.591927 0.901620 0.591667 0.901157 0.589583 0.901157 0.589323 0.900694 0.586719 0.900694 0.586458 0.900231 0.583073 0.900231 0.582812 0.899769 0.580469 0.899769 0.580208 0.899306 0.577865 0.899306 0.577604 0.898843 0.575000 0.898843 0.574740 0.898380 0.571875 0.898380 0.571615 0.897917 0.569271 0.897917 0.569010 0.897454 0.566667 0.897454 0.566406 0.896991 0.564323 0.896991 0.564063 0.896528 0.560937 0.896528 0.560677 0.896065 0.558594 0.896065 0.558333 0.895602 0.556250 0.895602 0.555990 0.895139 0.552083 0.895139 0.551823 0.894676 0.550260 0.894676 0.550000 0.894213 0.542448 0.894213 0.542188 0.893750 0.536979 0.893750 0.536719 0.893287 0.534896 0.893287 0.534635 0.892824 0.533073 0.892824 0.532813 0.892361 0.530990 0.891898 0.529427 0.890972 0.527083 0.890972 0.526823 0.890509 0.524219 0.890509 0.523958 0.890046 0.520833 0.890046 0.520573 0.889583 0.518490 0.889583 0.518229 0.889120 0.516927 0.889120 0.515365 0.888194 0.514062 0.888194 0.513802 0.887731 0.511458 0.887731 0.511198 0.887269 0.509115 0.887269 0.508854 0.886806 0.507031 0.886806 0.506771 0.886343 0.504427 0.886343 0.504167 0.885880 0.501563 0.885880 0.501302 0.885417 0.500000 0.885417 0.499740 0.884954 0.498177 0.884954 0.497917 0.884491 0.495312 0.884491 0.495052 0.884028 0.492708 0.884028 0.492448 0.883565 0.490104 0.883565 0.489844 0.883102 0.487500 0.883102 0.487240 0.882639 0.485156 0.882639 0.484896 0.882176 0.483073 0.882176 0.482812 0.881713 0.480990 0.881713 0.480729 0.881250 0.478646 0.881250 0.478385 0.880787 0.475000 0.880787 0.474740 0.880324 0.472656 0.880324 0.472396 0.879861 0.470313 0.879861 0.470052 0.879398 0.467969 0.879398 0.467708 0.878935 0.466146 0.878935 0.465885 0.878472 0.464062 0.878472 0.463802 0.878009 0.461198 0.878009 0.460938 0.877546 0.458073 0.877546 0.457813 0.877083 0.455990 0.877083 0.455729 0.876620 0.452344 0.876620 0.452083 0.876157 0.449740 0.876157 0.449479 0.875694 0.447656 0.875694 0.447396 0.875231 0.443490 0.875231 0.443229 0.874769 0.440365 0.874769 0.440104 0.874306 0.436198 0.874306 0.435937 0.873843 0.433594 0.873843 0.433333 0.873380 0.430729 0.873380 0.430469 0.872917 0.427344 0.872917 0.427083 0.872454 0.425000 0.872454 0.424740 0.871991 0.423438 0.871991 0.421875 0.871065 0.420573 0.871065 0.419531 0.870602 0.417708 0.868750 0.417187 0.868750 0.411979 0.864120 0.411458 0.863194 0.409896 0.861806 0.409375 0.861806 0.407292 0.859954 0.406771 0.859028 0.403646 0.856250 0.402865 0.854861 0.401302 0.853009 0.399740 0.851620 0.397135 0.846991 0.395313 0.845602 0.392188 0.844676 0.391146 0.843750 0.389323 0.843287 0.389062 0.842824 0.387240 0.842361 0.386198 0.841435 0.384635 0.840972 0.383333 0.839583 0.380208 0.837731 0.378125 0.835880 0.377604 0.835880 0.376042 0.834491 0.375521 0.833565 0.373958 0.832639 0.371875 0.830787 0.371354 0.830787 0.370312 0.829398 0.369531 0.828935 0.367708 0.826157 0.366406 0.824769 0.365885 0.824769 0.363802 0.822917 0.361458 0.821991 0.359635 0.820139 0.356510 0.817824 0.355208 0.815972 0.354167 0.815046 0.352214 0.811574 0.351693 0.810185 0.350911 0.806481 0.350651 0.804167 0.350651 0.798148 0.350911 0.797685 0.350911 0.794907 0.351172 0.792593 0.351693 0.790278 0.351953 0.786574 0.352474 0.784722 0.352734 0.781481 0.353255 0.779630 0.353516 0.775926 0.353776 0.775463 0.354557 0.770833 0.354818 0.767593 0.355339 0.765278 0.355339 0.763889 0.356120 0.760185 0.356120 0.758333 0.356641 0.756019 0.356901 0.752778 0.357682 0.749074 0.357682 0.747222 0.358464 0.743519 0.359245 0.738889 0.359245 0.737500 0.360026 0.733796 0.360026 0.731944 0.360547 0.730093 0.360807 0.726852 0.361328 0.725000 0.361328 0.723611 0.361849 0.721296 0.362109 0.718056 0.362891 0.713889 0.362891 0.712037 0.363411 0.710185 0.363672 0.706944 0.364193 0.705093 0.364453 0.701389 0.364974 0.699537 0.365234 0.696296 0.365755 0.694444 0.366276 0.689352 0.368099 0.679167 0.368099 0.677315 0.369401 0.669444 0.369661 0.666204 0.370443 0.662963 0.370443 0.661574 0.370964 0.659722 0.371224 0.656481 0.371484 0.656019 0.372005 0.650926 0.372526 0.648611 0.372526 0.647222 0.373307 0.643056 0.373307 0.641667 0.374089 0.637963 0.374609 0.631944 0.375130 0.630093 0.375391 0.626389 0.375911 0.624074 0.376693 0.616667 0.377214 0.613889 0.377995 0.611111 0.377995 0.609722 0.378516 0.607407 0.378516 0.605556 0.379297 0.601389 0.379557 0.598148 0.380078 0.596296 0.380078 0.594907 0.380599 0.593056 0.381120 0.587500 0.381641 0.585648 0.381901 0.582407 0.382682 0.579167 0.382943 0.575926 0.383464 0.574074 0.383724 0.569907 0.385026 0.564815 0.385026 0.563889 0.386068 0.561111 0.388021 0.554398 0.388932 0.556019 0.389714 0.560648 0.390234 0.562963 0.391797 0.568056 0.391797 0.568519 0.394401 0.575000 0.396224 0.578241 0.396224 0.578704 0.397786 0.581481 0.397786 0.581944 0.400260 0.586343 0.401302 0.587731 0.402083 0.588194 0.403385 0.590046 0.406510 0.592361 0.408203 0.595370 0.408594 0.596528 0.411979 0.596528 0.413281 0.595139 0.415104 0.594213 0.416146 0.594213 0.418750 0.592361 0.421875 0.590509 0.424740 0.589120 0.426302 0.587269 0.429427 0.584028 0.432031 0.580324 0.433594 0.579398 0.434505 0.577778 0.435026 0.575926 0.435026 0.574074 0.435547 0.571759 0.435547 0.570370 0.436068 0.568519 0.436068 0.566204 0.436328 0.565741 0.436328 0.562963 0.436589 0.562500 0.436589 0.559259 0.436849 0.558796 0.436849 0.550463 0.436589 0.550000 0.436589 0.547222 0.436328 0.546759 0.436328 0.544444 0.436068 0.543981 0.435807 0.541204 0.434505 0.537037 0.433724 0.533796 0.433203 0.532407 0.431641 0.529630 0.431641 0.529167 0.430339 0.526852 0.429818 0.525000 0.429036 0.523611 0.428255 0.520833 0.427214 0.518056 0.427214 0.516204 0.428646 0.513657 0.430469 0.512269 0.465625 0.512269 0.465885 0.511806 0.470833 0.511806 0.471094 0.512269 0.474740 0.512269 0.475000 0.511806 0.496094 0.511806 0.496354 0.511343 0.510156 0.511343 0.510417 0.511806 0.511719 0.511806 0.512500 0.512269 0.514323 0.514120 0.515234 0.516204 0.515234 0.518056 0.514193 0.520370 0.512891 0.522685 0.511849 0.525000 0.511068 0.527315 0.510026 0.529167 0.508724 0.533333 0.507943 0.537500 0.507682 0.539815 0.507682 0.543056 0.507422 0.543519 0.507422 0.552778 0.507682 0.553241 0.507682 0.556481 0.507943 0.558796 0.508984 0.564352 0.509505 0.565741 0.510026 0.570370 0.510807 0.575000 0.512109 0.579630 0.514193 0.585185 0.517188 0.590509 0.519271 0.592361 0.522917 0.596065 0.526042 0.597917 0.527344 0.598380 0.528906 0.598380 0.529167 0.598843 0.531510 0.598843 0.531771 0.599306 0.534635 0.599306 0.534896 0.598843 0.536719 0.598843 0.537760 0.598380 0.539583 0.596991 0.540365 0.596991 0.542969 0.594213 0.544271 0.592361 0.545052 0.591898 0.548177 0.588194 0.550651 0.583796 0.551693 0.581481 0.554036 0.573148 0.554297 0.570370 0.555078 0.566667 0.555078 0.563426 0.555339 0.562963 0.555339 0.555556 0.555078 0.555093 0.555078 0.552315 0.554818 0.551852 0.554297 0.545370 0.553776 0.543056 0.553776 0.541204 0.553255 0.538889 0.553255 0.537500 0.552734 0.535648 0.552474 0.532407 0.549609 0.524074 0.549349 0.522685 0.548568 0.520833 0.547005 0.518056 0.546745 0.516204 0.547266 0.514352 0.548177 0.512731 0.550000 0.511343 0.551302 0.510880 0.585677 0.510880 0.585938 0.511343 0.592448 0.511343 0.592708 0.510880 0.625521 0.510880 0.625781 0.511343 0.628385 0.511343 0.628646 0.511806 0.630469 0.511806 0.631510 0.512269 0.632292 0.513194 0.634896 0.515046 0.636589 0.518056 0.637109 0.520370 0.637891 0.522685 0.638411 0.526389 0.638411 0.529167 0.638672 0.529630 0.638672 0.533333 0.638932 0.533796 0.638932 0.537963 0.639193 0.538426 0.639193 0.546759 0.639453 0.547222 0.639453 0.562500 0.639714 0.562963 0.639714 0.572685 0.639974 0.573148 0.639974 0.586574 0.640234 0.587037 0.640234 0.594907 0.640495 0.595370 0.640495 0.601852 0.640755 0.602315 0.640755 0.607407 0.641016 0.607870 0.641016 0.619444 0.641276 0.619907 0.641276 0.631944 0.641536 0.632407 0.641536 0.644444 0.641797 0.644907 0.641797 0.655556 0.642057 0.656019 0.642057 0.662037 0.642318 0.662500 0.642318 0.667130 0.642578 0.667593 0.642578 0.682870 0.642839 0.683333 0.642839 0.696296 0.643099 0.696759 0.643099 0.704167 0.643359 0.704630 0.643359 0.713889 0.643620 0.714352 0.643620 0.717593 0.643880 0.718056 0.643880 0.722685 0.644141 0.723148 0.644141 0.728704 0.644401 0.729167 0.644401 0.737500 0.644141 0.737963 0.644141 0.742130 0.644401 0.742593 0.644401 0.748611 0.644661 0.749074 0.644661 0.752778 0.644922 0.753241 0.644922 0.759722 0.645182 0.760185 0.645182 0.770370 0.645443 0.770833 0.645443 0.778704 0.645703 0.779167 0.645703 0.786111 0.645964 0.786574 0.645964 0.800926 0.646224 0.801389 0.646224 0.814815 0.646484 0.815278 0.646484 0.827315 0.646745 0.827778 0.646745 0.839352 0.646484 0.839815 0.646484 0.843981 0.645964 0.845833 0.645443 0.850000 0.644661 0.854630 0.644141 0.856481 0.644141 0.858796 0.643880 0.859259 0.643880 0.861574 0.643099 0.865278 0.643099 0.866667 0.642578 0.868519 0.642578 0.869907 0.641797 0.873148 0.641536 0.875463 0.641016 0.876852 0.640495 0.879630 0.640495 0.883796 0.640234 0.886111 0.639453 0.890278 0.639453 0.891667 0.638411 0.896296 0.638151 0.899537 0.637109 0.903704 0.635156 0.908565 0.633594 0.909954 0.631250 0.911343
2 0.844271 0.479398 0.835677 0.479398 0.835417 0.478935 0.833333 0.478935 0.833073 0.478472 0.831771 0.478472 0.830469 0.478009 0.827865 0.476157 0.826562 0.475694 0.825260 0.474769 0.823958 0.473380 0.820573 0.470602 0.819271 0.468750 0.817187 0.466898 0.816146 0.465509 0.814714 0.462963 0.814714 0.462500 0.813151 0.459722 0.813151 0.459259 0.811589 0.456481 0.810807 0.454630 0.810286 0.452315 0.809766 0.451389 0.808724 0.447222 0.808464 0.444907 0.808464 0.442593 0.808203 0.442130 0.808203 0.439352 0.808464 0.438889 0.808464 0.435648 0.809766 0.430093 0.810286 0.429167 0.810807 0.426852 0.812109 0.424074 0.812630 0.422222 0.813411 0.420833 0.814453 0.417130 0.816016 0.413426 0.817318 0.407870 0.818359 0.405093 0.821615 0.399306 0.822917 0.398380 0.824219 0.396991 0.826823 0.393287 0.829167 0.392361 0.829427 0.391898 0.831771 0.390972 0.832812 0.390046 0.834896 0.389583 0.835156 0.389120 0.836979 0.389120 0.837240 0.388657 0.838802 0.388657 0.840104 0.388194 0.841406 0.387269 0.846875 0.387269 0.847135 0.387731 0.848958 0.387731 0.850260 0.388194 0.851823 0.389583 0.852344 0.389583 0.853385 0.390972 0.855208 0.392361 0.855990 0.393287 0.857292 0.393750 0.860417 0.396065 0.861979 0.397454 0.863542 0.400231 0.863802 0.400231 0.866146 0.403472 0.866406 0.403472 0.868620 0.407407 0.869661 0.409722 0.870443 0.412500 0.871224 0.414352 0.871745 0.416667 0.872005 0.418981 0.872526 0.421296 0.872526 0.423611 0.872786 0.424074 0.872786 0.429630 0.872526 0.430093 0.872526 0.432870 0.872266 0.433333 0.872005 0.436111 0.871484 0.438426 0.869661 0.443981 0.868880 0.445833 0.866536 0.450000 0.865755 0.451852 0.864714 0.455093 0.862891 0.458796 0.861328 0.462963 0.860286 0.465278 0.858594 0.468287 0.856510 0.470602 0.855208 0.472454 0.852865 0.474769 0.850260 0.476620 0.846094 0.478935 0.844531 0.478935 0.844271 0.479398
2 0.999740 0.269676 0.998177 0.269676 0.996354 0.272454 0.994271 0.274769 0.991146 0.276620 0.990365 0.277546 0.989062 0.278009 0.985417 0.280324 0.984115 0.280324 0.982552 0.281250 0.978125 0.281250 0.977865 0.280787 0.975781 0.280787 0.975521 0.280324 0.973698 0.280324 0.973437 0.279861 0.971354 0.279861 0.967708 0.278009 0.966927 0.277083 0.963802 0.276157 0.962240 0.274769 0.961719 0.273843 0.959896 0.272454 0.958594 0.270602 0.956510 0.269213 0.955469 0.267824 0.953646 0.265972 0.953125 0.265972 0.951562 0.264583 0.949609 0.260185 0.948047 0.254167 0.948047 0.251389 0.947786 0.250926 0.947786 0.245833 0.948568 0.243056 0.948568 0.242130 0.949609 0.237963 0.949609 0.237037 0.950651 0.233333 0.953255 0.226389 0.955078 0.222222 0.956120 0.218519 0.957943 0.214815 0.958464 0.212963 0.959505 0.210648 0.962500 0.205324 0.964063 0.203472 0.965365 0.202546 0.965885 0.201620 0.968490 0.199769 0.969792 0.198380 0.971354 0.197454 0.972396 0.197454 0.973698 0.196528 0.975000 0.196528 0.975260 0.196065 0.977604 0.195602 0.977865 0.195139 0.982552 0.195139 0.982812 0.194676 0.985938 0.194676 0.986198 0.195139 0.987760 0.195139 0.988021 0.195602 0.989323 0.195602 0.989583 0.196065 0.990885 0.196065 0.991146 0.196528 0.992448 0.196528 0.993750 0.197454 0.994792 0.197454 0.996354 0.198380 0.997917 0.199769 0.999740 0.199769
2 0.999740 0.492824 0.998437 0.492824 0.997917 0.493287 0.996745 0.495370 0.996484 0.496759 0.994010 0.501157 0.992448 0.503009 0.990625 0.506250 0.989323 0.507639 0.987891 0.511111 0.986719 0.513194 0.985677 0.514120 0.984375 0.515972 0.982552 0.519213 0.981771 0.519676 0.980729 0.521065 0.979818 0.523148 0.977083 0.528009 0.976823 0.528009 0.975260 0.530787 0.973177 0.533102 0.970052 0.538657 0.969010 0.540046 0.967187 0.541898 0.964583 0.544213 0.963802 0.545602 0.962240 0.546991 0.961719 0.546991 0.959635 0.548843 0.956510 0.551157 0.955990 0.552083 0.954167 0.553472 0.952865 0.553935 0.951823 0.554861 0.950521 0.556713 0.950000 0.556713 0.948958 0.558102 0.945833 0.560417 0.944531 0.561806 0.941927 0.563657 0.941406 0.563657 0.939583 0.565046 0.933854 0.565046 0.932552 0.564583 0.930208 0.563194 0.929427 0.562269 0.928125 0.561806 0.926823 0.560417 0.925521 0.559491 0.924349 0.557870 0.923828 0.555556 0.923047 0.553241 0.922786 0.550463 0.924870 0.543056 0.925391 0.540741 0.926432 0.537500 0.926693 0.535185 0.927474 0.532407 0.928776 0.529630 0.929818 0.526852 0.929818 0.525926 0.930859 0.522685 0.932292 0.520139 0.932552 0.520139 0.933724 0.518056 0.934245 0.516204 0.936458 0.512269 0.936719 0.512269 0.939063 0.508565 0.940365 0.507639 0.942187 0.505787 0.944661 0.501389 0.945703 0.498148 0.947656 0.494676 0.948958 0.493287 0.950130 0.491204 0.950130 0.490741 0.953776 0.484259 0.953776 0.483796 0.954948 0.481713 0.956771 0.480324 0.958333 0.478009 0.959375 0.477083 0.961719 0.476620 0.963281 0.475694 0.964323 0.474306 0.965625 0.473380 0.967969 0.472454 0.969531 0.472454 0.971094 0.471528 0.972396 0.470139 0.973958 0.469213 0.975260 0.469213 0.975521 0.468750 0.976823 0.468750 0.977083 0.468287 0.978385 0.468287 0.978646 0.467824 0.979948 0.467824 0.980208 0.467361 0.982552 0.467361 0.982812 0.466898 0.985156 0.466898 0.985417 0.466435 0.992969 0.466435 0.993229 0.466898 0.994531 0.466898 0.997396 0.469213 0.998437 0.469676 0.999740 0.469676
11 0.999740 0.995602 0.997396 0.995602 0.997135 0.996065 0.995833 0.996065 0.995573 0.996528 0.992708 0.996528 0.991146 0.995602 0.987500 0.995602 0.987240 0.996065 0.984375 0.996065 0.984115 0.995602 0.980729 0.995602 0.980469 0.996065 0.976562 0.996065 0.976302 0.995602 0.972396 0.995602 0.972135 0.996065 0.967969 0.996065 0.967708 0.995602 0.965885 0.995602 0.965625 0.996065 0.946094 0.996065 0.945833 0.995602 0.941927 0.995602 0.941667 0.996065 0.935677 0.996065 0.934635 0.995602 0.933333 0.993750 0.932031 0.992824 0.930339 0.990278 0.928776 0.983796 0.927734 0.980093 0.926432 0.977315 0.925651 0.974074 0.925130 0.972685 0.924349 0.969444 0.923047 0.966204 0.921745 0.961111 0.920703 0.956019 0.919661 0.952315 0.917839 0.946759 0.917578 0.944444 0.916276 0.938889 0.914714 0.934259 0.913411 0.928704 0.912630 0.925926 0.912630 0.924537 0.912109 0.921759 0.911589 0.920370 0.910807 0.917130 0.910286 0.916204 0.910026 0.914352 0.908984 0.910648 0.907422 0.906944 0.906641 0.904630 0.904818 0.897685 0.904818 0.896296 0.903776 0.893056 0.903255 0.890741 0.902734 0.889815 0.901693 0.886111 0.900651 0.881481 0.899349 0.878241 0.898307 0.874074 0.897526 0.871759 0.897005 0.866204 0.896224 0.862963 0.894661 0.858796 0.893359 0.853241 0.892318 0.850463 0.891536 0.849074 0.889974 0.844444 0.889714 0.842130 0.889193 0.839815 0.889193 0.838426 0.888411 0.835185 0.887630 0.833796 0.886849 0.831481 0.886328 0.828241 0.883203 0.818981 0.882161 0.814815 0.882161 0.812963 0.881380 0.807407 0.880078 0.804167 0.879297 0.802778 0.878255 0.799074 0.877995 0.796759 0.877474 0.794444 0.876302 0.792361 0.874479 0.791898 0.874219 0.791435 0.870833 0.791435 0.870573 0.791898 0.868490 0.791898 0.868229 0.792361 0.866406 0.792361 0.866146 0.792824 0.863802 0.792824 0.863542 0.793287 0.861198 0.793287 0.859635 0.794213 0.858333 0.794213 0.858073 0.794676 0.856510 0.794676 0.856250 0.795139 0.854167 0.795139 0.853906 0.795602 0.852344 0.795602 0.852083 0.796065 0.850260 0.796065 0.850000 0.796528 0.847917 0.796528 0.847656 0.796991 0.844531 0.796991 0.844271 0.797454 0.842448 0.797454 0.842187 0.797917 0.840365 0.797917 0.840104 0.798380 0.837240 0.798380 0.836979 0.798843 0.835156 0.798843 0.834896 0.799306 0.833073 0.799306 0.832812 0.799769 0.829948 0.799769 0.829688 0.800231 0.827344 0.800231 0.827083 0.800694 0.825781 0.800694 0.825521 0.801157 0.821615 0.801157 0.821354 0.801620 0.819271 0.801620 0.819010 0.802083 0.812500 0.802083 0.810937 0.801157 0.809375 0.801157 0.807292 0.802083 0.807031 0.802546 0.805729 0.802546 0.805469 0.803009 0.803125 0.803009 0.802865 0.803472 0.798958 0.803472 0.798698 0.803935 0.796615 0.805324 0.795833 0.806250 0.794141 0.809259 0.793620 0.811111 0.792188 0.813657 0.791146 0.814583 0.790234 0.816204 0.789974 0.818056 0.789193 0.821296 0.789193 0.824537 0.789453 0.825000 0.789453 0.827778 0.789714 0.828241 0.789974 0.831019 0.791797 0.837037 0.792318 0.842130 0.792839 0.844444 0.793620 0.846296 0.794141 0.848611 0.794141 0.850000 0.794922 0.852778 0.795964 0.859259 0.797005 0.862963 0.798047 0.870833 0.798828 0.875000 0.799609 0.876389 0.800651 0.880556 0.800911 0.883796 0.801693 0.887037 0.802995 0.890278 0.802995 0.891204 0.804557 0.896296 0.805078 0.899074 0.805599 0.903241 0.806120 0.904630 0.806641 0.907407 0.806641 0.910185 0.806901 0.912500 0.808203 0.915278 0.809245 0.918519 0.809245 0.919444 0.810026 0.921759 0.810547 0.925000 0.811328 0.927315 0.811328 0.928241 0.812109 0.931481 0.812630 0.932870 0.812891 0.934722 0.812891 0.937963 0.813151 0.938426 0.813151 0.940741 0.813672 0.943056 0.814844 0.945602 0.815104 0.945602 0.816276 0.947685 0.816797 0.949537 0.817057 0.953241 0.817318 0.953704 0.817839 0.957870 0.819401 0.964815 0.819922 0.966204 0.820182 0.968519 0.820703 0.969907 0.820964 0.972222 0.821484 0.973611 0.822005 0.979167 0.823307 0.986111 0.823828 0.987963 0.823828 0.992130 0.823568 0.992593 0.823568 0.994907 0.822396 0.996528 0.820312 0.996528 0.820052 0.996991 0.815885 0.996991 0.815625 0.996528 0.811979 0.996528 0.811719 0.996991 0.809635 0.996991 0.809375 0.996528 0.803385 0.996528 0.803125 0.996065 0.800781 0.996065 0.800521 0.995602 0.798958 0.995602 0.795573 0.991898 0.794922 0.990741 0.794141 0.988426 0.794141 0.987037 0.793099 0.982407 0.792578 0.978241 0.791797 0.975463 0.790234 0.970833 0.789714 0.967593 0.789714 0.966204 0.789193 0.964352 0.789193 0.962963 0.788672 0.960648 0.788411 0.958333 0.786849 0.953241 0.786589 0.950926 0.786068 0.949074 0.786068 0.947685 0.785026 0.943056 0.785026 0.942130 0.784245 0.939815 0.784245 0.938889 0.783464 0.937037 0.782682 0.933796 0.782422 0.931481 0.781120 0.925463 0.780859 0.922222 0.779557 0.917130 0.779297 0.914815 0.778776 0.913426 0.778516 0.910648 0.777734 0.907407 0.777734 0.906019 0.777214 0.902778 0.775651 0.897685 0.775130 0.894444 0.774609 0.893056 0.774349 0.889815 0.774089 0.889352 0.772786 0.881019 0.772786 0.879630 0.770703 0.872222 0.770443 0.868981 0.769922 0.867130 0.769401 0.862963 0.768620 0.860185 0.767839 0.858796 0.766797 0.854630 0.766797 0.853241 0.766276 0.851389 0.765495 0.845833 0.764974 0.843519 0.763932 0.840278 0.763411 0.836574 0.762891 0.834722 0.762109 0.828704 0.761849 0.825463 0.760807 0.821296 0.760286 0.820370 0.759505 0.817130 0.758984 0.815741 0.758724 0.813426 0.758724 0.810648 0.758464 0.810185 0.758203 0.806481 0.757422 0.803241 0.756120 0.800926 0.755339 0.798148 0.754818 0.795370 0.754557 0.792130 0.753516 0.787500 0.753255 0.784722 0.751693 0.779167 0.751172 0.777778 0.750911 0.775463 0.750130 0.772222 0.749609 0.767130 0.749089 0.765278 0.749089 0.763889 0.748568 0.762500 0.747786 0.757407 0.746745 0.752315 0.746484 0.749074 0.745964 0.747222 0.745443 0.743519 0.744141 0.739815 0.744141 0.738889 0.743359 0.736574 0.743099 0.734259 0.742578 0.732870 0.741797 0.726389 0.741276 0.724537 0.741016 0.722222 0.740495 0.719907 0.739453 0.716667 0.739193 0.714352 0.738672 0.712500 0.738411 0.709259 0.737370 0.704167 0.736589 0.701852 0.736068 0.698611 0.735547 0.697222 0.735026 0.693519 0.733984 0.689815 0.733984 0.688426 0.733464 0.685648 0.732943 0.684259 0.732682 0.681944 0.731641 0.678241 0.731120 0.673148 0.730599 0.671296 0.730599 0.669907 0.729818 0.664815 0.728516 0.660185 0.727734 0.657870 0.726953 0.652778 0.725651 0.647685 0.725391 0.644444 0.724870 0.643056 0.724609 0.640741 0.723568 0.637037 0.723047 0.633333 0.722005 0.629167 0.721745 0.626852 0.720964 0.624537 0.720964 0.623611 0.719922 0.619907 0.719922 0.618519 0.719401 0.616204 0.719141 0.612963 0.718620 0.610185 0.717839 0.607870 0.717839 0.606944 0.717057 0.604630 0.716536 0.601852 0.716016 0.597685 0.715234 0.594444 0.714714 0.588889 0.713932 0.586111 0.713932 0.585185 0.713151 0.582870 0.712630 0.579630 0.711589 0.575463 0.710807 0.571296 0.710547 0.568981 0.708724 0.560648 0.708203 0.559259 0.708203 0.557870 0.707161 0.552315 0.706641 0.550926 0.706380 0.548611 0.705078 0.544444 0.705078 0.543519 0.704297 0.541204 0.704297 0.539815 0.703776 0.537963 0.703255 0.534259 0.702995 0.531019 0.702214 0.527778 0.702214 0.526852 0.701432 0.524537 0.701432 0.523611 0.700651 0.521296 0.700651 0.520370 0.699870 0.517130 0.698828 0.508796 0.698568 0.507407 0.697526 0.504630 0.697005 0.501389 0.696484 0.500000 0.696484 0.498611 0.695703 0.495370 0.695443 0.493056 0.694922 0.491204 0.694661 0.488426 0.693620 0.484259 0.692839 0.481944 0.692318 0.479167 0.691276 0.471759 0.690495 0.469444 0.690495 0.468519 0.689714 0.466204 0.689193 0.463889 0.688411 0.459259 0.688411 0.457870 0.687891 0.455556 0.687891 0.443056 0.688151 0.440741 0.688672 0.438889 0.689844 0.437269 0.691667 0.435880 0.692187 0.434954 0.693490 0.434028 0.694792 0.434028 0.697656 0.432639 0.699740 0.432639 0.700000 0.432176 0.701562 0.432176 0.704427 0.430787 0.705990 0.430787 0.706250 0.430324 0.707812 0.430324 0.708073 0.429861 0.709375 0.429861 0.709635 0.429398 0.710938 0.429398 0.711198 0.428935 0.712500 0.428935 0.712760 0.428472 0.715625 0.427546 0.715885 0.427083 0.717448 0.427083 0.718750 0.428009 0.720573 0.431713 0.721094 0.432176 0.722135 0.430787 0.723698 0.429398 0.724609 0.427315 0.725911 0.422685 0.727214 0.417593 0.727734 0.414815 0.728516 0.412500 0.728516 0.411574 0.729557 0.408796 0.730599 0.403704 0.731380 0.398148 0.731380 0.396759 0.732422 0.392130 0.732422 0.390741 0.733203 0.387500 0.733464 0.384259 0.734245 0.380093 0.734505 0.376389 0.734245 0.375926 0.734245 0.370370 0.733724 0.368056 0.733464 0.364352 0.732943 0.362500 0.732161 0.358333 0.732161 0.354630 0.732422 0.354167 0.732422 0.350926 0.732682 0.349537 0.735807 0.338426 0.737500 0.335417 0.737760 0.335417 0.740625 0.332176 0.742448 0.331250 0.745052 0.328935 0.745703 0.327315 0.746224 0.324537 0.746224 0.320370 0.746484 0.319907 0.746484 0.315278 0.747266 0.312037 0.747526 0.309722 0.748437 0.307639 0.750000 0.306250 0.751563 0.304398 0.753385 0.303009 0.754167 0.303009 0.755208 0.302083 0.755990 0.302083 0.758333 0.300694 0.759635 0.300694 0.759896 0.300231 0.762760 0.300231 0.764323 0.298843 0.765885 0.297917 0.767188 0.297917 0.767448 0.297454 0.769792 0.296991 0.770052 0.296528 0.772917 0.295602 0.774740 0.294213 0.775781 0.293750 0.777604 0.293750 0.777865 0.293287 0.779167 0.293287 0.780469 0.292361 0.781250 0.292361 0.782292 0.291435 0.784635 0.290972 0.785937 0.290046 0.787240 0.289583 0.788542 0.289583 0.790104 0.288657 0.791406 0.288657 0.791667 0.288194 0.793229 0.288194 0.794531 0.287731 0.796354 0.286343 0.797135 0.286343 0.798438 0.285417 0.799479 0.285417 0.801042 0.284491 0.802083 0.284491 0.803385 0.283565 0.804427 0.283565 0.805729 0.282639 0.807031 0.282639 0.807292 0.282176 0.808594 0.282176 0.810156 0.281250 0.811458 0.281250 0.811719 0.280787 0.813021 0.280787 0.813281 0.280324 0.814583 0.280324 0.817448 0.278935 0.818750 0.278935 0.819010 0.278472 0.820312 0.278472 0.821875 0.277546 0.823438 0.277546 0.823698 0.277083 0.825000 0.277083 0.825260 0.276620 0.826823 0.276620 0.827083 0.276157 0.828646 0.276157 0.828906 0.275694 0.830208 0.275694 0.830469 0.275231 0.834375 0.273843 0.835417 0.273843 0.836719 0.272917 0.838281 0.272917 0.838542 0.272454 0.839844 0.272454 0.841406 0.271528 0.842708 0.271528 0.842969 0.271065 0.844271 0.271065 0.844531 0.270602 0.845833 0.270602 0.846094 0.270139 0.847396 0.270139 0.847656 0.269676 0.850000 0.269213 0.851823 0.267824 0.854688 0.266898 0.855729 0.265972 0.857031 0.265972 0.857292 0.265509 0.858854 0.265509 0.859115 0.265046 0.860417 0.265046 0.860677 0.264583 0.861979 0.264583 0.862240 0.264120 0.863542 0.264120 0.863802 0.263657 0.865104 0.263657 0.865365 0.263194 0.867448 0.263194 0.867708 0.262731 0.869010 0.262731 0.869271 0.262269 0.870573 0.262269 0.873437 0.260880 0.875260 0.259028 0.876823 0.258102 0.877865 0.258102 0.880208 0.256713 0.881250 0.256713 0.882552 0.255787 0.883854 0.255324 0.885156 0.255324 0.885417 0.254861 0.886719 0.254861 0.886979 0.254398 0.888281 0.254398 0.888542 0.253935 0.890104 0.253935 0.890365 0.253472 0.892188 0.253472 0.893490 0.253009 0.894792 0.252083 0.896094 0.251620 0.897396 0.251620 0.897656 0.251157 0.898958 0.251157 0.899219 0.250694 0.900781 0.250694 0.901042 0.250231 0.902604 0.250231 0.902865 0.249769 0.904427 0.249769 0.904687 0.249306 0.905990 0.249306 0.906250 0.248843 0.907552 0.248843 0.907813 0.248380 0.909115 0.248380 0.911979 0.246991 0.913021 0.246991 0.914583 0.246065 0.915625 0.246065 0.916927 0.245139 0.918229 0.245139 0.919792 0.244213 0.921875 0.244213 0.922135 0.243750 0.923958 0.243750 0.926823 0.242361 0.929167 0.241898 0.930469 0.240972 0.931250 0.240972 0.932292 0.240046 0.935156 0.239120 0.936458 0.238194 0.937760 0.238194 0.938021 0.237731 0.939323 0.237731 0.939583 0.237269 0.941146 0.237269 0.941406 0.236806 0.945312 0.236806 0.947396 0.238194 0.948698 0.238194 0.950260 0.239583 0.951302 0.239583 0.951693 0.238889 0.952474 0.235648 0.952474 0.234259 0.953776 0.230556 0.955339 0.224537 0.955990 0.223843 0.956901 0.221759 0.957682 0.218056 0.958854 0.215972 0.960677 0.214583 0.961328 0.213426 0.961589 0.212037 0.962760 0.209954 0.964583 0.208565 0.965234 0.207407 0.965495 0.205556 0.966927 0.203472 0.968229 0.203009 0.970833 0.200231 0.972656 0.199769 0.974479 0.198380 0.977083 0.198380 0.977344 0.197917 0.980990 0.197917 0.981250 0.197454 0.986458 0.197454 0.986719 0.197917 0.989323 0.197917 0.989583 0.198380 0.991146 0.198380 0.992708 0.199769 0.995313 0.200694 0.998177 0.203472 0.999740 0.203472
0 0.170573 0.465972 0.166406 0.465972 0.164062 0.464583 0.161719 0.462269 0.157031 0.453935 0.155729 0.452083 0.153646 0.449769 0.152344 0.447454 0.152083 0.447454 0.150260 0.444213 0.148958 0.442824 0.147135 0.440046 0.144792 0.437731 0.142708 0.434028 0.141406 0.432639 0.140104 0.431713 0.138411 0.428704 0.137370 0.425000 0.137109 0.423148 0.137109 0.417130 0.137891 0.412963 0.138411 0.412037 0.139453 0.407870 0.139974 0.406481 0.145052 0.397454 0.146615 0.395602 0.148698 0.393750 0.150521 0.392824 0.151302 0.391898 0.152865 0.391435 0.153125 0.390972 0.154427 0.390972 0.154688 0.390509 0.155990 0.390509 0.156250 0.390046 0.161458 0.390046 0.163802 0.391435 0.165104 0.392824 0.166146 0.394676 0.168229 0.397454 0.169271 0.398380 0.172135 0.402546 0.172396 0.402546 0.174479 0.405324 0.176563 0.409028 0.176823 0.409028 0.178125 0.411343 0.178385 0.411343 0.179688 0.413657 0.184115 0.419213 0.184896 0.419676 0.186719 0.421991 0.188932 0.425926 0.189974 0.429630 0.190234 0.431481 0.190234 0.436111 0.189974 0.436574 0.189453 0.440278 0.188672 0.443519 0.187630 0.445833 0.187109 0.447685 0.181771 0.457176 0.180469 0.459028 0.177865 0.461806 0.177344 0.461806 0.176042 0.463194 0.175521 0.463194 0.173177 0.465046 0.170573 0.465972
0 0.124219 0.477083 0.119531 0.477083 0.118490 0.476620 0.114583 0.473843 0.113021 0.471991 0.111719 0.469676 0.111458 0.469676 0.109115 0.465509 0.107813 0.463657 0.106771 0.462731 0.105990 0.461343 0.101302 0.456713 0.100000 0.454861 0.099219 0.454398 0.097917 0.452546 0.096615 0.450231 0.095312 0.448843 0.092708 0.444213 0.091406 0.443287 0.088672 0.438426 0.087630 0.435185 0.087630 0.431019 0.087891 0.430556 0.088151 0.426852 0.089974 0.422685 0.090495 0.420833 0.092708 0.416898 0.093750 0.415972 0.095312 0.413194 0.097917 0.409954 0.102083 0.406250 0.103385 0.405324 0.103906 0.404398 0.106771 0.403009 0.108594 0.403009 0.108854 0.402546 0.112760 0.402546 0.114583 0.403472 0.116406 0.405324 0.117188 0.406713 0.119010 0.408565 0.120573 0.411343 0.120833 0.411343 0.122917 0.414120 0.123177 0.414120 0.125781 0.417824 0.126562 0.418287 0.128385 0.420602 0.130469 0.423843 0.132292 0.425231 0.133854 0.427546 0.136719 0.429861 0.138802 0.433102 0.140625 0.434954 0.141797 0.437037 0.142578 0.438889 0.143359 0.441667 0.143359 0.448148 0.143099 0.450000 0.141797 0.456019 0.139714 0.460648 0.139714 0.461111 0.136458 0.466898 0.133594 0.470602 0.132292 0.471528 0.129427 0.474306 0.127083 0.476157 0.126042 0.476620 0.124479 0.476620 0.124219 0.477083
0 0.104948 0.548843 0.101562 0.548843 0.101302 0.548380 0.099740 0.548380 0.096354 0.545602 0.094010 0.542361 0.090104 0.538657 0.087240 0.536806 0.086458 0.535417 0.085156 0.534028 0.080208 0.530787 0.078906 0.529398 0.077604 0.528472 0.077083 0.527546 0.075781 0.526620 0.074479 0.525231 0.072656 0.522454 0.070833 0.521065 0.069010 0.519213 0.068490 0.519213 0.066406 0.517361 0.065755 0.516204 0.065234 0.513889 0.065234 0.511574 0.064974 0.511111 0.064974 0.507407 0.065234 0.506944 0.065234 0.501852 0.066016 0.498148 0.066797 0.496296 0.069141 0.492130 0.069141 0.491667 0.074740 0.481713 0.075781 0.480324 0.076563 0.479861 0.078385 0.477546 0.080469 0.475694 0.081771 0.475231 0.083854 0.473843 0.085156 0.473843 0.085417 0.473380 0.091406 0.473380 0.092448 0.473843 0.095312 0.476620 0.097135 0.478935 0.100521 0.481713 0.101042 0.482639 0.102604 0.484028 0.104167 0.484954 0.107552 0.488194 0.108854 0.489120 0.109375 0.490046 0.111198 0.491435 0.111719 0.492361 0.116406 0.496065 0.117188 0.496991 0.118490 0.497454 0.120573 0.499306 0.122396 0.502083 0.122656 0.502083 0.124609 0.505556 0.125911 0.509259 0.125911 0.518056 0.125391 0.520370 0.124609 0.522685 0.124089 0.525000 0.122526 0.529167 0.119922 0.533796 0.119922 0.534259 0.117969 0.537731 0.116406 0.539583 0.114844 0.541898 0.113542 0.542824 0.113021 0.543750 0.110937 0.545602 0.110417 0.545602 0.109115 0.546991 0.107813 0.547454 0.106771 0.548380 0.105208 0.548380 0.104948 0.548843
0 0.067708 0.493750 0.064583 0.493750 0.063802 0.492824 0.061979 0.489583 0.060677 0.488194 0.057813 0.485880 0.056250 0.484028 0.054167 0.482639 0.050260 0.478935 0.048177 0.476157 0.045312 0.473380 0.044792 0.473380 0.042708 0.471528 0.040885 0.468750 0.038281 0.466435 0.038021 0.466435 0.036589 0.463889 0.035807 0.460185 0.035807 0.456944 0.035547 0.456481 0.035547 0.453704 0.035807 0.453241 0.036328 0.449537 0.037109 0.446759 0.037891 0.444907 0.039193 0.442593 0.039193 0.442130 0.040625 0.439583 0.040885 0.439583 0.042969 0.435880 0.043229 0.435880 0.044792 0.433102 0.045833 0.431713 0.047656 0.429861 0.048177 0.428935 0.050000 0.427546 0.052865 0.426620 0.054688 0.425231 0.055729 0.424769 0.059896 0.424769 0.060156 0.425231 0.061719 0.425694 0.063021 0.427083 0.067708 0.431250 0.069531 0.433565 0.070833 0.434491 0.072135 0.436343 0.075521 0.439583 0.077604 0.442361 0.078385 0.442824 0.079687 0.444676 0.080990 0.446065 0.083594 0.448380 0.085677 0.449306 0.087240 0.450694 0.088281 0.452083 0.088802 0.452083 0.091667 0.454861 0.093620 0.458333 0.094401 0.460648 0.094661 0.462500 0.094661 0.469444 0.093880 0.472222 0.092708 0.473380 0.090104 0.473380 0.089844 0.472917 0.086458 0.472917 0.083073 0.474769 0.080990 0.475231 0.079427 0.476157 0.078385 0.477546 0.075260 0.480324 0.070833 0.488194 0.070573 0.488194 0.069401 0.490278 0.069401 0.490741 0.067708 0.493750
0 0.056510 0.565046 0.051562 0.565046 0.051302 0.564583 0.048438 0.563657 0.044010 0.558102 0.038802 0.553472 0.038281 0.553472 0.036458 0.551620 0.034375 0.550694 0.031771 0.548843 0.029948 0.546991 0.029167 0.546528 0.027604 0.544676 0.025260 0.542824 0.023698 0.540972 0.021354 0.539120 0.020833 0.538194 0.017969 0.535417 0.016276 0.532407 0.015755 0.530093 0.016016 0.529167 0.016016 0.522685 0.016797 0.519907 0.017318 0.517130 0.019141 0.512963 0.019141 0.512500 0.020833 0.509491 0.021094 0.509491 0.022917 0.506250 0.023177 0.506250 0.025521 0.502546 0.027083 0.500694 0.029167 0.498843 0.029687 0.498843 0.032031 0.496991 0.033854 0.496065 0.035937 0.496065 0.036719 0.495602 0.038021 0.496065 0.039062 0.496991 0.039844 0.496991 0.044531 0.501157 0.045833 0.502083 0.046354 0.503009 0.047917 0.504398 0.048698 0.504398 0.052865 0.508102 0.054688 0.510417 0.056771 0.512269 0.057292 0.512269 0.058854 0.513657 0.060417 0.515509 0.062500 0.516435 0.064583 0.518750 0.069010 0.520602 0.069792 0.521528 0.072396 0.523380 0.073568 0.525463 0.074349 0.529167 0.074349 0.536111 0.074089 0.536574 0.074089 0.538889 0.073307 0.543519 0.072526 0.545833 0.071484 0.547685 0.070703 0.550000 0.069010 0.553009 0.067448 0.554861 0.065365 0.558102 0.064062 0.559028 0.063542 0.559954 0.061719 0.561343 0.059896 0.563194 0.058594 0.563657 0.056510 0.565046
4 0.139063 0.756713 0.134635 0.756713 0.132812 0.755324 0.132031 0.753935 0.130729 0.753009 0.130208 0.752083 0.127865 0.750231 0.127344 0.749306 0.125781 0.748380 0.124479 0.748380 0.124219 0.747917 0.122656 0.747454 0.121354 0.746065 0.119271 0.745139 0.117188 0.743287 0.116667 0.742361 0.114323 0.740972 0.113021 0.739583 0.111719 0.738657 0.110156 0.738194 0.108594 0.737269 0.107292 0.737269 0.107031 0.736806 0.105729 0.736806 0.104427 0.735880 0.102865 0.735417 0.101562 0.734491 0.100000 0.732639 0.098698 0.731713 0.098177 0.730787 0.096354 0.729861 0.093229 0.727546 0.091927 0.727083 0.090625 0.725694 0.087760 0.723843 0.084115 0.722454 0.082812 0.722454 0.080469 0.721065 0.078646 0.720602 0.078385 0.720139 0.076563 0.719676 0.074219 0.717824 0.073698 0.716898 0.072396 0.715972 0.071094 0.714583 0.070573 0.714583 0.068229 0.713194 0.067187 0.712269 0.065885 0.711806 0.064844 0.710880 0.060677 0.710880 0.060417 0.710417 0.058854 0.710417 0.058594 0.709954 0.057292 0.709954 0.055990 0.709028 0.055208 0.709028 0.053646 0.707639 0.051823 0.706713 0.049219 0.703935 0.046875 0.702083 0.044792 0.699306 0.042969 0.697917 0.041146 0.697454 0.040885 0.696991 0.038542 0.696991 0.038281 0.696528 0.035937 0.696528 0.035677 0.696065 0.031510 0.694676 0.026302 0.691435 0.022656 0.688657 0.021354 0.687269 0.019271 0.686343 0.017969 0.684954 0.012500 0.681250 0.010156 0.680324 0.008854 0.678935 0.007682 0.676852 0.007161 0.674537 0.005599 0.670370 0.005599 0.668519 0.006380 0.665278 0.006380 0.656944 0.006641 0.654630 0.007161 0.653241 0.007422 0.650926 0.007943 0.649537 0.008203 0.647222 0.008724 0.644907 0.010286 0.640741 0.012240 0.637731 0.012500 0.637731 0.013672 0.635648 0.013932 0.634722 0.013932 0.628704 0.014974 0.623148 0.015234 0.618981 0.015755 0.616204 0.016276 0.614815 0.017057 0.611574 0.018359 0.609259 0.019401 0.606019 0.019661 0.603704 0.020703 0.600463 0.022005 0.597685 0.022526 0.594907 0.022526 0.593056 0.023047 0.590741 0.023568 0.586574 0.024349 0.583796 0.026693 0.579630 0.027214 0.576852 0.028255 0.572685 0.029297 0.570370 0.029818 0.568056 0.030078 0.565741 0.030078 0.563426 0.030859 0.558333 0.031380 0.556944 0.032552 0.554861 0.034115 0.553935 0.035677 0.553935 0.035937 0.553472 0.037240 0.553472 0.039062 0.554861 0.040234 0.556944 0.040234 0.557407 0.041406 0.559491 0.043490 0.560880 0.044792 0.562731 0.045573 0.563194 0.046875 0.565046 0.048438 0.566435 0.050000 0.566435 0.051562 0.565509 0.053906 0.565509 0.054167 0.565972 0.057552 0.565972 0.059115 0.565046 0.060677 0.563657 0.062240 0.561806 0.063021 0.560417 0.064062 0.559491 0.066146 0.556713 0.066927 0.556250 0.068750 0.554398 0.069922 0.552315 0.070703 0.550000 0.071224 0.546296 0.072135 0.544213 0.073958 0.542824 0.075260 0.541435 0.076302 0.539583 0.077083 0.539120 0.078906 0.537269 0.079687 0.537269 0.081510 0.535880 0.082552 0.535417 0.083854 0.535417 0.085156 0.537269 0.088021 0.539583 0.092188 0.542361 0.092708 0.542361 0.094271 0.543750 0.095833 0.546065 0.097396 0.546065 0.097656 0.546528 0.099219 0.546528 0.101302 0.547917 0.102604 0.548380 0.103906 0.548380 0.105208 0.547454 0.107552 0.546991 0.108854 0.546065 0.109896 0.546065 0.112240 0.544213 0.113021 0.542824 0.114323 0.541898 0.117969 0.538194 0.118490 0.538194 0.119922 0.536111 0.122526 0.530093 0.123047 0.527778 0.124349 0.523148 0.124349 0.520370 0.124609 0.519907 0.124609 0.509259 0.124089 0.507870 0.123568 0.504167 0.122396 0.502546 0.120573 0.502083 0.118750 0.500694 0.117578 0.498611 0.116797 0.496296 0.115625 0.494213 0.114323 0.492361 0.113021 0.490972 0.111458 0.488657 0.109635 0.487731 0.107813 0.485880 0.106250 0.484954 0.105469 0.484954 0.102344 0.483102 0.100000 0.481250 0.098828 0.479167 0.098047 0.477315 0.097005 0.474074 0.096745 0.470833 0.096484 0.470370 0.096484 0.462037 0.096745 0.460185 0.097917 0.457639 0.098698 0.456713 0.100000 0.457176 0.101302 0.459028 0.102865 0.460417 0.103385 0.460417 0.105469 0.462269 0.106641 0.464815 0.107422 0.467593 0.108594 0.469213 0.110156 0.470139 0.115625 0.474306 0.117448 0.477083 0.119271 0.478472 0.122396 0.478472 0.124740 0.477083 0.125781 0.475694 0.128125 0.473843 0.129948 0.473380 0.131510 0.471991 0.132292 0.470602 0.135417 0.467361 0.136198 0.465972 0.137240 0.465046 0.138932 0.462037 0.139714 0.458333 0.142318 0.453704 0.142318 0.450926 0.142578 0.450463 0.142578 0.448148 0.143099 0.445833 0.144271 0.443287 0.145313 0.442361 0.147135 0.442361 0.148828 0.444907 0.149349 0.446759 0.150781 0.449306 0.152604 0.450694 0.153906 0.452546 0.156771 0.455787 0.159896 0.458565 0.161198 0.459491 0.163542 0.463657 0.165625 0.465509 0.166927 0.465509 0.167187 0.465972 0.171354 0.465972 0.171615 0.465509 0.173177 0.465509 0.176042 0.463657 0.177865 0.461806 0.178516 0.460185 0.179688 0.458102 0.183333 0.454861 0.184115 0.454398 0.186068 0.449537 0.186328 0.448148 0.187891 0.443981 0.188932 0.441667 0.189453 0.439352 0.189453 0.437037 0.189714 0.436574 0.189714 0.432407 0.188932 0.430093 0.187240 0.428472 0.186068 0.426389 0.185547 0.425000 0.185026 0.422222 0.184375 0.420602 0.183854 0.420602 0.182292 0.419213 0.180859 0.417593 0.180078 0.415278 0.179557 0.412037 0.178776 0.409722 0.178255 0.406944 0.178516 0.405556 0.180469 0.402546 0.181510 0.401620 0.184896 0.401620 0.185938 0.401157 0.187240 0.399306 0.189583 0.397454 0.190885 0.397454 0.191146 0.396991 0.192708 0.396991 0.194010 0.396528 0.195312 0.395602 0.197135 0.395139 0.197396 0.394676 0.198698 0.394676 0.198958 0.394213 0.200521 0.394213 0.200781 0.393750 0.202604 0.393287 0.204427 0.391898 0.205990 0.391898 0.206250 0.391435 0.209115 0.391435 0.210417 0.390509 0.211198 0.390509 0.213281 0.389120 0.216927 0.389120 0.217188 0.388657 0.219010 0.388657 0.220312 0.387731 0.224740 0.387731 0.226302 0.385880 0.228385 0.384028 0.229687 0.384028 0.229948 0.383565 0.231250 0.383565 0.231510 0.383102 0.232813 0.383102 0.233073 0.382639 0.234635 0.382639 0.236198 0.381713 0.237500 0.381713 0.237760 0.381250 0.239063 0.381250 0.239323 0.380787 0.240625 0.380787 0.242188 0.379861 0.243229 0.379861 0.244531 0.378935 0.247135 0.378935 0.247396 0.378472 0.248698 0.378472 0.250000 0.377546 0.251302 0.377083 0.252604 0.377083 0.252865 0.377546 0.254167 0.377546 0.255469 0.378009 0.256510 0.378935 0.258203 0.381944 0.259245 0.384259 0.259766 0.387037 0.261328 0.392130 0.262109 0.393981 0.263672 0.396759 0.264714 0.400000 0.265495 0.401389 0.266016 0.403241 0.267318 0.405556 0.267318 0.406019 0.270573 0.411806 0.270833 0.411806 0.273698 0.416898 0.274740 0.418287 0.276302 0.419676 0.277604 0.420139 0.279687 0.421991 0.280859 0.424537 0.281380 0.426389 0.282552 0.428472 0.283333 0.429398 0.287240 0.432639 0.288151 0.434722 0.288932 0.437963 0.292708 0.444676 0.294531 0.446065 0.295964 0.448611 0.296745 0.451389 0.300000 0.457176 0.301302 0.459028 0.302865 0.459954 0.304297 0.462963 0.304818 0.465278 0.306120 0.467593 0.306901 0.469907 0.308333 0.472454 0.308594 0.472454 0.311328 0.475926 0.311328 0.476389 0.312891 0.481481 0.315104 0.485417 0.317708 0.488194 0.319010 0.489120 0.320182 0.491204 0.321484 0.495370 0.322396 0.496528 0.325521 0.496528 0.326432 0.498148 0.326693 0.500000 0.327995 0.503241 0.328776 0.507407 0.328776 0.515278 0.328516 0.515741 0.328516 0.519907 0.328255 0.520370 0.328255 0.525926 0.327995 0.526389 0.327995 0.541204 0.327734 0.541667 0.327734 0.543981 0.327474 0.544444 0.327474 0.553241 0.327214 0.553704 0.327214 0.557407 0.326953 0.557870 0.326953 0.565278 0.326172 0.569444 0.325911 0.571759 0.325911 0.578704 0.325651 0.581019 0.324609 0.586574 0.324609 0.589815 0.324349 0.590278 0.324349 0.593981 0.324089 0.596296 0.323307 0.600000 0.323307 0.602315 0.323047 0.602778 0.323047 0.606481 0.321745 0.612500 0.321484 0.614815 0.321484 0.620370 0.321224 0.620833 0.321224 0.626389 0.320964 0.626852 0.320964 0.633796 0.320703 0.634259 0.320703 0.637037 0.320443 0.637500 0.320443 0.639815 0.320182 0.640278 0.320182 0.643056 0.319922 0.643519 0.319922 0.647222 0.319661 0.647685 0.319661 0.650463 0.319401 0.650926 0.319401 0.653704 0.319141 0.654167 0.319141 0.657407 0.318880 0.657870 0.318880 0.660648 0.318620 0.661111 0.318620 0.663889 0.318359 0.664352 0.318359 0.668056 0.318099 0.668519 0.318099 0.670833 0.317578 0.672222 0.317318 0.675463 0.316797 0.677778 0.316797 0.679167 0.316016 0.682870 0.316016 0.685185 0.315755 0.685648 0.315755 0.697222 0.314974 0.700463 0.313932 0.702778 0.313411 0.705093 0.311458 0.708565 0.309896 0.709954 0.308594 0.710417 0.307292 0.710417 0.307031 0.710880 0.305729 0.710880 0.304688 0.711806 0.303906 0.711806 0.302083 0.713194 0.298698 0.713194 0.297135 0.714120 0.294792 0.716435 0.289844 0.716435 0.287500 0.717824 0.284635 0.717824 0.283333 0.717361 0.281771 0.718287 0.280990 0.719213 0.279427 0.720139 0.278125 0.720139 0.277865 0.720602 0.275260 0.720602 0.275000 0.721065 0.272917 0.721065 0.272656 0.721528 0.267969 0.721528 0.267708 0.721991 0.265625 0.721991 0.265365 0.722454 0.264062 0.722454 0.263802 0.722917 0.259896 0.722917 0.257031 0.724306 0.256771 0.724769 0.253125 0.726157 0.252865 0.726620 0.251302 0.726620 0.251042 0.727083 0.248698 0.727546 0.248438 0.728009 0.246615 0.728009 0.246354 0.728472 0.243229 0.728472 0.242969 0.728935 0.241146 0.728935 0.240885 0.729398 0.238021 0.729398 0.237760 0.729861 0.235677 0.729861 0.234375 0.730324 0.233073 0.731250 0.232031 0.731250 0.229167 0.732639 0.227865 0.732639 0.227604 0.733102 0.225000 0.733102 0.224740 0.733565 0.221354 0.733565 0.221094 0.734028 0.219792 0.734028 0.217448 0.735417 0.216146 0.735880 0.213542 0.735880 0.213281 0.736343 0.210156 0.736343 0.209896 0.736806 0.205208 0.736806 0.203125 0.737731 0.201823 0.739120 0.200000 0.739583 0.199740 0.740046 0.196875 0.740046 0.196615 0.740509 0.194271 0.740972 0.194010 0.741435 0.189323 0.741435 0.188542 0.741898 0.186719 0.743750 0.185156 0.744676 0.183333 0.744676 0.183073 0.745139 0.180990 0.745139 0.179427 0.746065 0.178125 0.746065 0.177865 0.746528 0.176042 0.746528 0.175781 0.746991 0.173958 0.746991 0.173698 0.747454 0.172396 0.747454 0.172135 0.747917 0.170833 0.747917 0.170573 0.748380 0.169010 0.748380 0.168750 0.748843 0.166667 0.748843 0.166406 0.749306 0.164583 0.749306 0.164323 0.749769 0.162240 0.749769 0.161979 0.750231 0.157812 0.750231 0.155729 0.751620 0.153385 0.752546 0.151823 0.752546 0.149479 0.753472 0.146615 0.755324 0.144010 0.755324 0.143750 0.755787 0.141146 0.755787 0.140885 0.756250 0.139323 0.756250 0.139063 0.756713
12 0.158854 0.785417 0.153385 0.785417 0.153125 0.784954 0.151823 0.784954 0.150521 0.784491 0.149479 0.783565 0.147656 0.783102 0.146354 0.782176 0.144531 0.781713 0.143229 0.780787 0.142187 0.780787 0.139583 0.778935 0.136979 0.777546 0.136198 0.777546 0.133594 0.775694 0.131771 0.775231 0.130469 0.774306 0.129688 0.774306 0.126823 0.772917 0.125260 0.771528 0.123307 0.768056 0.121224 0.761111 0.121224 0.757870 0.121484 0.757407 0.122005 0.751389 0.122656 0.749769 0.123177 0.749306 0.125260 0.749306 0.126562 0.749769 0.127865 0.751157 0.130729 0.756250 0.131250 0.756713 0.132552 0.756713 0.132812 0.757176 0.136719 0.757176 0.136979 0.757639 0.139323 0.757639 0.139583 0.757176 0.142969 0.757176 0.144531 0.756250 0.146094 0.756250 0.146354 0.755787 0.148438 0.755787 0.148698 0.755324 0.150521 0.755324 0.150781 0.754861 0.152344 0.754861 0.152604 0.754398 0.153906 0.754398 0.154167 0.753935 0.155469 0.753935 0.157031 0.753009 0.158333 0.753009 0.159896 0.752083 0.161198 0.752083 0.161458 0.751620 0.162760 0.751620 0.163021 0.751157 0.165104 0.751157 0.165365 0.750694 0.166667 0.750694 0.169010 0.749306 0.170313 0.748843 0.172396 0.748843 0.172656 0.748380 0.174479 0.748380 0.174740 0.747917 0.176302 0.747917 0.176563 0.747454 0.178385 0.747454 0.178646 0.746991 0.180208 0.746991 0.180469 0.746528 0.182812 0.746528 0.183073 0.746065 0.184635 0.746065 0.187500 0.744676 0.188802 0.744676 0.189062 0.744213 0.190365 0.744213 0.190625 0.743750 0.191927 0.743750 0.192188 0.743287 0.193750 0.743287 0.194010 0.742824 0.195833 0.742824 0.196094 0.742361 0.197656 0.742361 0.197917 0.741898 0.199219 0.741898 0.200781 0.740972 0.202083 0.740972 0.202344 0.740509 0.203906 0.740509 0.205469 0.739583 0.206771 0.739583 0.208333 0.738657 0.209635 0.738657 0.209896 0.738194 0.211979 0.738194 0.212240 0.737731 0.213542 0.737731 0.216406 0.736343 0.217969 0.736343 0.218229 0.735880 0.220052 0.735880 0.221615 0.734954 0.222917 0.734954 0.223177 0.734491 0.224479 0.734491 0.224740 0.734028 0.227604 0.734028 0.227865 0.733565 0.229948 0.733565 0.230208 0.733102 0.231771 0.733102 0.236979 0.731250 0.238542 0.730324 0.239844 0.730324 0.240104 0.729861 0.241667 0.729861 0.241927 0.729398 0.243490 0.729398 0.243750 0.728935 0.245052 0.728935 0.245312 0.728472 0.246875 0.728472 0.247135 0.728009 0.248958 0.728009 0.249219 0.727546 0.250781 0.727546 0.251042 0.727083 0.252344 0.727083 0.252604 0.726620 0.254167 0.726620 0.255729 0.725694 0.257292 0.725694 0.257552 0.725231 0.259115 0.725231 0.260417 0.724769 0.261719 0.723843 0.263021 0.723380 0.264323 0.723380 0.264583 0.722917 0.265885 0.722917 0.266146 0.722454 0.267708 0.722454 0.270573 0.721065 0.272135 0.721065 0.272396 0.720602 0.275000 0.720602 0.275260 0.720139 0.277083 0.720139 0.277344 0.719676 0.278906 0.719676 0.279167 0.719213 0.280469 0.719213 0.280729 0.718750 0.282292 0.718750 0.282552 0.718287 0.283854 0.718287 0.286458 0.717361 0.286719 0.716898 0.288281 0.716898 0.288542 0.716435 0.290104 0.716435 0.290365 0.715972 0.291667 0.715972 0.293229 0.715046 0.294531 0.715046 0.294792 0.714583 0.296094 0.714583 0.296354 0.714120 0.297917 0.714120 0.298177 0.713657 0.299479 0.713657 0.299740 0.713194 0.301302 0.713194 0.301563 0.712731 0.303125 0.712731 0.303385 0.712269 0.305469 0.712269 0.305729 0.711806 0.307031 0.711806 0.310156 0.709954 0.310937 0.709028 0.314453 0.702778 0.315495 0.699537 0.316016 0.696759 0.316016 0.693981 0.316536 0.691204 0.316536 0.688426 0.316797 0.687963 0.316797 0.684722 0.317057 0.684259 0.317318 0.680093 0.317839 0.677778 0.318099 0.675463 0.318099 0.671296 0.318359 0.670833 0.318359 0.668056 0.318620 0.667593 0.318620 0.665278 0.318880 0.664815 0.318880 0.661111 0.319141 0.660648 0.319141 0.656481 0.319401 0.656019 0.319401 0.651389 0.319661 0.650926 0.319661 0.645833 0.319922 0.645370 0.319922 0.641204 0.320182 0.638889 0.320703 0.636574 0.320703 0.633333 0.320964 0.632870 0.320964 0.627315 0.321224 0.626852 0.321224 0.624074 0.321484 0.623611 0.321484 0.620833 0.321745 0.620370 0.321745 0.617593 0.322005 0.617130 0.322005 0.613889 0.322266 0.613426 0.322266 0.608796 0.322526 0.608333 0.322526 0.606019 0.323307 0.600926 0.323307 0.596759 0.323568 0.596296 0.323568 0.592593 0.323828 0.592130 0.323828 0.589815 0.324089 0.589352 0.324089 0.587037 0.324609 0.584722 0.324609 0.582407 0.325130 0.579630 0.325130 0.576852 0.325391 0.576389 0.325391 0.573611 0.325651 0.573148 0.325651 0.570833 0.326172 0.568056 0.326172 0.565278 0.326432 0.564815 0.326432 0.559259 0.326693 0.558796 0.326693 0.551852 0.326953 0.551389 0.326953 0.548148 0.327214 0.547685 0.327214 0.544444 0.327474 0.543981 0.327474 0.540278 0.327734 0.539815 0.327734 0.536574 0.327995 0.536111 0.327995 0.532870 0.328255 0.532407 0.328255 0.529167 0.328516 0.528704 0.328516 0.525463 0.328776 0.525000 0.328776 0.522222 0.329036 0.521759 0.329036 0.518981 0.329297 0.518519 0.329297 0.514815 0.329557 0.514352 0.329557 0.512037 0.329818 0.511574 0.329818 0.509259 0.329557 0.506944 0.328776 0.504167 0.328516 0.502315 0.328516 0.496759 0.329427 0.495139 0.330729 0.495139 0.330990 0.495602 0.332552 0.495602 0.333854 0.496065 0.335938 0.498380 0.337891 0.502778 0.337891 0.503241 0.340885 0.508565 0.341146 0.508565 0.343880 0.513426 0.343880 0.513889 0.345182 0.516204 0.345964 0.518519 0.347266 0.520833 0.347266 0.521296 0.348828 0.524074 0.349089 0.525000 0.349089 0.527778 0.349349 0.528241 0.349349 0.534259 0.349089 0.534722 0.349089 0.540741 0.348828 0.541204 0.348828 0.545370 0.348568 0.545833 0.348568 0.550463 0.348307 0.550926 0.348307 0.554630 0.348047 0.555093 0.348047 0.558333 0.347786 0.558796 0.347786 0.561574 0.347526 0.562037 0.347526 0.565741 0.347266 0.566204 0.347266 0.570833 0.347005 0.571296 0.347005 0.574537 0.346745 0.575000 0.346745 0.579167 0.346484 0.579630 0.346484 0.583333 0.346224 0.583796 0.346224 0.587500 0.345964 0.587963 0.345964 0.591204 0.345703 0.591667 0.345703 0.595833 0.345443 0.596296 0.345443 0.600463 0.345182 0.600926 0.345182 0.606019 0.344922 0.606481 0.344922 0.611111 0.344661 0.611574 0.344661 0.615741 0.344401 0.616204 0.344401 0.618981 0.344141 0.619444 0.344141 0.623148 0.343880 0.623611 0.343880 0.627315 0.343620 0.627778 0.343620 0.631019 0.343359 0.631481 0.343359 0.634722 0.343099 0.635185 0.343099 0.639815 0.342839 0.640278 0.342839 0.643981 0.342578 0.644444 0.342578 0.648148 0.342318 0.648611 0.342318 0.652778 0.342057 0.653241 0.342057 0.656019 0.341797 0.656481 0.341797 0.660648 0.341536 0.661111 0.341536 0.666204 0.341276 0.666667 0.341276 0.672222 0.341016 0.672685 0.341016 0.677315 0.340755 0.677778 0.340755 0.681019 0.340495 0.681481 0.340495 0.685648 0.340234 0.686111 0.340234 0.690741 0.339974 0.691204 0.339974 0.694907 0.339714 0.695370 0.339714 0.698611 0.339453 0.699074 0.339453 0.702778 0.339193 0.703241 0.339193 0.706481 0.338932 0.706944 0.338932 0.711111 0.338672 0.711574 0.338672 0.714815 0.338411 0.715278 0.338411 0.718056 0.337630 0.722685 0.337109 0.724537 0.333854 0.730324 0.332292 0.732176 0.330469 0.735417 0.329688 0.736343 0.328646 0.736806 0.327865 0.737731 0.326302 0.738657 0.325000 0.738657 0.324740 0.739120 0.323177 0.739120 0.322917 0.739583 0.321615 0.739583 0.320312 0.740509 0.319010 0.740509 0.317448 0.741435 0.316146 0.741435 0.314583 0.742361 0.313281 0.742361 0.313021 0.742824 0.311458 0.742824 0.311198 0.743287 0.309635 0.743287 0.309375 0.743750 0.308073 0.743750 0.307812 0.744213 0.306510 0.744213 0.306250 0.744676 0.304688 0.744676 0.304427 0.745139 0.303125 0.745139 0.302865 0.745602 0.301042 0.745602 0.300781 0.746065 0.298958 0.746065 0.298698 0.746528 0.297135 0.746528 0.296875 0.746991 0.295573 0.746991 0.295312 0.747454 0.293750 0.747454 0.293490 0.747917 0.292187 0.747917 0.291927 0.748380 0.290625 0.748380 0.289062 0.749306 0.287760 0.749306 0.287500 0.749769 0.286198 0.749769 0.285938 0.750231 0.284635 0.750231 0.283073 0.751157 0.281250 0.751157 0.280990 0.751620 0.279427 0.751620 0.279167 0.752083 0.277865 0.752083 0.277604 0.752546 0.275781 0.752546 0.275521 0.753009 0.273958 0.753009 0.273698 0.753472 0.272396 0.753472 0.270833 0.754398 0.269271 0.754398 0.269010 0.754861 0.267448 0.754861 0.267188 0.755324 0.265625 0.755324 0.265365 0.755787 0.264062 0.755787 0.263802 0.756250 0.262240 0.756250 0.261979 0.756713 0.260677 0.756713 0.260417 0.757176 0.259115 0.757176 0.258854 0.757639 0.257552 0.757639 0.255990 0.758565 0.254427 0.758565 0.254167 0.759028 0.252604 0.759028 0.252344 0.759491 0.250521 0.759491 0.250260 0.759954 0.248698 0.759954 0.248438 0.760417 0.247135 0.760417 0.245573 0.761343 0.244010 0.761343 0.243750 0.761806 0.242188 0.761806 0.241927 0.762269 0.240625 0.762269 0.240365 0.762731 0.239063 0.762731 0.238802 0.763194 0.237500 0.763194 0.237240 0.763657 0.235937 0.763657 0.235677 0.764120 0.234115 0.764120 0.233854 0.764583 0.232031 0.764583 0.231771 0.765046 0.229948 0.765046 0.229687 0.765509 0.227865 0.765509 0.227604 0.765972 0.225000 0.766898 0.223438 0.766898 0.223177 0.767361 0.221875 0.767361 0.221615 0.767824 0.220312 0.767824 0.220052 0.768287 0.218750 0.768287 0.217188 0.769213 0.215885 0.769213 0.215625 0.769676 0.214062 0.769676 0.213802 0.770139 0.212240 0.770139 0.211979 0.770602 0.210677 0.770602 0.210417 0.771065 0.209115 0.771065 0.206250 0.772454 0.204948 0.772454 0.204687 0.772917 0.202604 0.772917 0.202344 0.773380 0.200521 0.773380 0.200260 0.773843 0.198958 0.773843 0.198698 0.774306 0.197396 0.774306 0.196094 0.775231 0.194531 0.775231 0.194271 0.775694 0.192969 0.775694 0.192708 0.776157 0.191406 0.776157 0.191146 0.776620 0.189844 0.776620 0.189583 0.777083 0.188281 0.777083 0.188021 0.777546 0.186719 0.777546 0.186458 0.778009 0.184896 0.778009 0.184635 0.778472 0.183333 0.778472 0.183073 0.778935 0.181771 0.778935 0.181510 0.779398 0.179948 0.779398 0.179688 0.779861 0.178385 0.779861 0.178125 0.780324 0.176042 0.780324 0.175781 0.780787 0.173698 0.780787 0.173437 0.781250 0.171875 0.781250 0.171615 0.781713 0.170313 0.781713 0.170052 0.782176 0.168229 0.782176 0.167969 0.782639 0.166667 0.782639 0.166406 0.783102 0.164844 0.783102 0.164583 0.783565 0.163281 0.783565 0.163021 0.784028 0.161719 0.784028 0.161458 0.784491 0.159115 0.784954 0.158854 0.785417
12 0.075391 0.999537 0.073307 0.997222 0.073047 0.994907 0.073568 0.993056 0.073568 0.991204 0.074870 0.984722 0.074870 0.983333 0.075391 0.981481 0.076172 0.976389 0.076693 0.974537 0.076693 0.973148 0.077214 0.971296 0.077214 0.969907 0.078255 0.964815 0.079297 0.961111 0.080339 0.956019 0.080599 0.953704 0.081120 0.952315 0.081641 0.948611 0.082161 0.947222 0.082422 0.944907 0.084505 0.935648 0.085547 0.932407 0.090104 0.924306 0.090365 0.924306 0.091667 0.921991 0.094792 0.918287 0.096354 0.916898 0.098177 0.916435 0.099479 0.915509 0.101302 0.915509 0.101562 0.915046 0.103646 0.915046 0.103906 0.914583 0.105469 0.914583 0.105729 0.914120 0.107292 0.914120 0.107552 0.913657 0.109635 0.913657 0.109896 0.913194 0.112240 0.913194 0.112500 0.912731 0.114062 0.912731 0.114323 0.912269 0.115885 0.912269 0.116146 0.911806 0.117708 0.911806 0.117969 0.911343 0.119531 0.911343 0.119792 0.910880 0.121354 0.910880 0.121615 0.910417 0.123177 0.910417 0.123438 0.909954 0.125781 0.909954 0.126042 0.909491 0.127865 0.909491 0.128125 0.909028 0.129688 0.909028 0.129948 0.908565 0.131510 0.908565 0.131771 0.908102 0.133333 0.908102 0.133594 0.907639 0.135417 0.907639 0.135677 0.907176 0.137240 0.907176 0.137500 0.906713 0.139323 0.906713 0.139583 0.906250 0.141667 0.906250 0.141927 0.905787 0.143490 0.905787 0.145052 0.904861 0.146615 0.904861 0.146875 0.904398 0.148698 0.904398 0.148958 0.903935 0.150781 0.903935 0.151042 0.903472 0.152604 0.903472 0.152865 0.903009 0.154688 0.903009 0.154948 0.902546 0.156771 0.902546 0.157031 0.902083 0.158854 0.902083 0.159115 0.901620 0.160677 0.901620 0.160938 0.901157 0.162500 0.901157 0.162760 0.900694 0.164583 0.900694 0.164844 0.900231 0.166406 0.900231 0.166667 0.899769 0.168750 0.899769 0.169010 0.899306 0.170833 0.899306 0.171094 0.898843 0.172396 0.898843 0.172656 0.898380 0.173958 0.898380 0.174219 0.897917 0.176042 0.897917 0.176302 0.897454 0.177865 0.897454 0.178125 0.896991 0.179948 0.896991 0.180208 0.896528 0.181771 0.896528 0.182031 0.896065 0.183854 0.896065 0.184115 0.895602 0.185677 0.895602 0.185938 0.895139 0.188281 0.895139 0.188542 0.894676 0.190104 0.894676 0.190365 0.894213 0.191927 0.894213 0.192188 0.893750 0.193750 0.893750 0.194010 0.893287 0.196094 0.893287 0.196354 0.892824 0.198437 0.892824 0.198698 0.892361 0.200521 0.892361 0.200781 0.891898 0.202344 0.891898 0.202604 0.891435 0.204167 0.891435 0.204427 0.890972 0.206250 0.890972 0.206510 0.890509 0.208333 0.890509 0.208594 0.890046 0.210417 0.890046 0.210677 0.889583 0.212500 0.889583 0.212760 0.889120 0.214323 0.889120 0.214583 0.888657 0.215885 0.888657 0.216146 0.888194 0.217708 0.888194 0.217969 0.887731 0.219531 0.887731 0.219792 0.887269 0.221354 0.887269 0.221615 0.886806 0.223438 0.886806 0.223698 0.886343 0.225781 0.886343 0.226042 0.885880 0.228646 0.885880 0.228906 0.885417 0.230729 0.885417 0.230990 0.884954 0.232552 0.884954 0.232813 0.884491 0.234635 0.884491 0.234896 0.884028 0.237240 0.884028 0.237500 0.883565 0.239583 0.883565 0.239844 0.883102 0.241406 0.883102 0.241667 0.882639 0.242969 0.882639 0.243229 0.882176 0.244792 0.882176 0.245052 0.881713 0.246615 0.881713 0.246875 0.881250 0.248438 0.881250 0.248698 0.880787 0.250000 0.880787 0.250260 0.880324 0.252083 0.880324 0.252344 0.879861 0.254167 0.879861 0.254427 0.879398 0.255729 0.879398 0.255990 0.878935 0.258073 0.878935 0.258333 0.878472 0.260417 0.878472 0.260677 0.878009 0.261979 0.878009 0.262240 0.877546 0.263542 0.877546 0.263802 0.877083 0.265885 0.877083 0.266146 0.876620 0.267969 0.876620 0.268229 0.876157 0.269792 0.876157 0.270052 0.875694 0.271354 0.875694 0.271615 0.875231 0.273438 0.875231 0.273698 0.874769 0.275260 0.874769 0.275521 0.874306 0.277083 0.874306 0.277344 0.873843 0.278906 0.873843 0.279167 0.873380 0.280990 0.873380 0.281250 0.872917 0.282813 0.872917 0.283073 0.872454 0.285417 0.872454 0.285677 0.871991 0.287760 0.871991 0.288021 0.871528 0.289844 0.871528 0.290104 0.871065 0.292448 0.871065 0.292708 0.870602 0.298958 0.870602 0.300521 0.871528 0.301823 0.871528 0.303125 0.871991 0.304427 0.872917 0.305469 0.872917 0.306771 0.873843 0.308594 0.874306 0.313021 0.877083 0.316927 0.880787 0.317708 0.881250 0.321224 0.887500 0.322266 0.890278 0.323828 0.896759 0.323828 0.899074 0.324089 0.900926 0.323828 0.901389 0.323828 0.907407 0.323568 0.907870 0.323568 0.912500 0.323307 0.912963 0.323307 0.916667 0.323047 0.917130 0.323047 0.920833 0.322786 0.921296 0.322786 0.926852 0.322526 0.927315 0.322526 0.930093 0.322266 0.930556 0.322266 0.933796 0.322005 0.934259 0.322005 0.941667 0.321745 0.942130 0.321745 0.944907 0.321484 0.945370 0.321484 0.949074 0.321224 0.949537 0.321224 0.954630 0.320964 0.955093 0.320964 0.957870 0.320703 0.958333 0.320703 0.961111 0.320443 0.961574 0.320443 0.963889 0.319922 0.966667 0.319922 0.969444 0.319661 0.969907 0.319661 0.974537 0.319401 0.975000 0.319401 0.977778 0.319141 0.978241 0.319141 0.981481 0.318880 0.981944 0.318880 0.984722 0.318620 0.985185 0.318620 0.987500 0.318359 0.987963 0.318359 0.990278 0.317318 0.996759 0.315755 0.999537
4 0.000000 0.490046 0.002344 0.490046 0.004427 0.488194 0.006510 0.487269 0.007292 0.486343 0.008854 0.485417 0.014063 0.485417 0.016406 0.484028 0.017708 0.483565 0.019271 0.483565 0.019531 0.483102 0.020833 0.483102 0.022135 0.482639 0.023177 0.481713 0.025260 0.481250 0.026823 0.480324 0.028385 0.480324 0.028646 0.479861 0.029948 0.479861 0.030208 0.479398 0.031771 0.479398 0.032031 0.478935 0.035417 0.478935 0.035677 0.478472 0.037760 0.478935 0.039062 0.479861 0.040365 0.481250 0.042188 0.484028 0.043490 0.484954 0.044010 0.485880 0.045052 0.486343 0.046484 0.488426 0.046745 0.489352 0.046745 0.491667 0.046224 0.493519 0.045312 0.495139 0.043490 0.496528 0.042448 0.496991 0.037760 0.496991 0.036458 0.496528 0.036198 0.496991 0.034635 0.496991 0.034375 0.497454 0.032031 0.497454 0.030729 0.497917 0.028646 0.499306 0.026823 0.499769 0.026562 0.500231 0.024479 0.500694 0.022656 0.502083 0.021354 0.503935 0.020573 0.504398 0.019141 0.506481 0.018099 0.509259 0.017839 0.510648 0.016797 0.512963 0.016016 0.516667 0.015755 0.518981 0.015755 0.524537 0.015495 0.525000 0.015495 0.530556 0.015755 0.532407 0.016797 0.536111 0.016797 0.537037 0.017578 0.538889 0.017839 0.540278 0.020052 0.541898 0.020833 0.541898 0.022396 0.543287 0.024740 0.546528 0.026562 0.547917 0.027604 0.549306 0.028776 0.551389 0.029297 0.552778 0.029297 0.555093 0.029557 0.555556 0.029557 0.560185 0.029036 0.562500 0.029036 0.564352 0.028516 0.566667 0.027083 0.569213 0.026042 0.570602 0.025260 0.571065 0.024609 0.572222 0.023828 0.575926 0.023568 0.578241 0.023568 0.580556 0.023307 0.581019 0.022786 0.585185 0.022266 0.586574 0.020964 0.588889 0.020443 0.590278 0.019401 0.595370 0.018620 0.597685 0.017839 0.599074 0.016797 0.603241 0.016797 0.605556 0.016276 0.608333 0.015495 0.610648 0.014193 0.616667 0.014193 0.618519 0.013151 0.623148 0.010807 0.627315 0.010026 0.630093 0.009505 0.633333 0.009505 0.635185 0.008724 0.637963 0.008724 0.638889 0.005078 0.649537 0.004557 0.653241 0.004557 0.655556 0.004297 0.657407 0.002995 0.662963 0.002995 0.666667 0.002734 0.667130 0.002734 0.670370 0.002995 0.670833 0.003516 0.675926 0.004687 0.678009 0.006771 0.678935 0.010937 0.682639 0.011719 0.683102 0.013281 0.684954 0.014063 0.684954 0.016146 0.685880 0.017188 0.686806 0.018490 0.687269 0.021615 0.690046 0.023698 0.690972 0.024479 0.691898 0.025260 0.691898 0.026042 0.692824 0.027865 0.694213 0.029687 0.696528 0.031771 0.696991 0.034375 0.698380 0.035417 0.699306 0.037760 0.699769 0.039844 0.701157 0.040625 0.701157 0.041406 0.702083 0.044531 0.704398 0.046615 0.704861 0.047917 0.705787 0.050521 0.706713 0.050781 0.707176 0.054948 0.709491 0.055469 0.709491 0.058333 0.712269 0.059896 0.713194 0.062240 0.713657 0.063281 0.714583 0.066146 0.715972 0.069271 0.718287 0.070052 0.718287 0.071094 0.719213 0.074479 0.720602 0.075260 0.721528 0.077083 0.722454 0.078125 0.723380 0.078906 0.723380 0.079687 0.724306 0.080990 0.724769 0.081771 0.725694 0.083333 0.726620 0.085417 0.727083 0.087240 0.728472 0.088802 0.728935 0.090104 0.729861 0.091927 0.731713 0.092969 0.732176 0.094271 0.732176 0.095573 0.733102 0.098437 0.734028 0.099479 0.734954 0.100260 0.734954 0.102083 0.735880 0.104427 0.738194 0.107813 0.740972 0.108854 0.740972 0.111458 0.742361 0.112760 0.743287 0.114062 0.744676 0.114583 0.744676 0.115885 0.746065 0.117448 0.746991 0.119141 0.749537 0.119922 0.752315 0.119922 0.755556 0.119661 0.756019 0.119661 0.761574 0.120703 0.766204 0.120703 0.771759 0.120443 0.772222 0.120182 0.775463 0.119141 0.778704 0.118359 0.783333 0.118359 0.785185 0.117839 0.788426 0.115234 0.797222 0.114714 0.799537 0.114714 0.800926 0.114193 0.802778 0.114193 0.804167 0.113672 0.806481 0.113672 0.807870 0.113151 0.810648 0.112630 0.812037 0.111849 0.817130 0.110807 0.820370 0.110807 0.821296 0.109766 0.825926 0.109766 0.827315 0.108984 0.830093 0.108464 0.833333 0.107682 0.835648 0.107682 0.836574 0.106901 0.839352 0.106901 0.840741 0.106380 0.843056 0.106380 0.844444 0.105339 0.849537 0.104818 0.850926 0.104297 0.853704 0.104297 0.855093 0.103516 0.859259 0.102734 0.862500 0.102214 0.867593 0.101432 0.871759 0.099870 0.876852 0.099089 0.880093 0.098568 0.881019 0.097786 0.883796 0.095052 0.888657 0.093490 0.890046 0.092969 0.890972 0.090365 0.892824 0.089323 0.892824 0.088281 0.893750 0.077865 0.893750 0.076563 0.892824 0.075260 0.892824 0.075000 0.893287 0.073438 0.893287 0.073177 0.893750 0.067708 0.893750 0.065625 0.895602 0.064062 0.896528 0.062240 0.896528 0.060937 0.896991 0.059635 0.898380 0.057813 0.898843 0.056510 0.899769 0.055208 0.899769 0.054948 0.900231 0.053125 0.900231 0.052865 0.900694 0.050781 0.900694 0.050521 0.901157 0.048438 0.901157 0.048177 0.901620 0.046615 0.901620 0.046354 0.902083 0.044792 0.902083 0.044531 0.902546 0.041146 0.902546 0.040885 0.903009 0.038542 0.903009 0.038281 0.903472 0.036719 0.903472 0.036458 0.903935 0.033333 0.903935 0.031250 0.905324 0.029427 0.905787 0.027344 0.907176 0.025781 0.907176 0.025521 0.907639 0.023698 0.907639 0.023438 0.908102 0.022135 0.908102 0.021875 0.908565 0.017448 0.908565 0.017188 0.909028 0.015625 0.909028 0.015365 0.909491 0.014063 0.909491 0.013802 0.909954 0.011198 0.909954 0.010937 0.910417 0.006510 0.910417 0.006250 0.910880 0.000000 0.910880
