8 0.847526 0.000000 0.847526 0.003241 0.848047 0.006019 0.848047 0.008333 0.848307 0.008796 0.848047 0.010648 0.848047 0.012963 0.847526 0.015278 0.847266 0.018519 0.846745 0.020833 0.846745 0.022685 0.846224 0.025000 0.846224 0.026852 0.845443 0.031019 0.845443 0.035648 0.845182 0.036111 0.845182 0.038426 0.844661 0.040278 0.844661 0.041667 0.844141 0.043519 0.844141 0.044907 0.843359 0.049074 0.843359 0.050463 0.842839 0.052778 0.842839 0.054630 0.841797 0.061111 0.841536 0.063426 0.841536 0.065741 0.840755 0.069444 0.840495 0.072685 0.840234 0.073148 0.839193 0.080556 0.838151 0.085648 0.837891 0.087500 0.837891 0.090741 0.837630 0.091204 0.837630 0.094444 0.837109 0.096296 0.837109 0.098148 0.836589 0.100463 0.836589 0.102315 0.835286 0.110185 0.835026 0.113426 0.834766 0.113889 0.834505 0.117130 0.834245 0.117593 0.832943 0.125463 0.831901 0.131019 0.831901 0.132407 0.831380 0.134722 0.831120 0.138889 0.830599 0.141204 0.830599 0.143056 0.830078 0.145370 0.829557 0.150926 0.829297 0.151389 0.828255 0.157870 0.827995 0.162037 0.827734 0.162500 0.827734 0.165278 0.827474 0.165741 0.827474 0.169444 0.827214 0.169907 0.827214 0.172222 0.826693 0.174537 0.826693 0.176389 0.825911 0.179167 0.825651 0.181481 0.825130 0.182870 0.824609 0.186574 0.824609 0.188889 0.823828 0.192593 0.823568 0.194907 0.823047 0.196759 0.822005 0.204167 0.822005 0.205556 0.821484 0.206944 0.820964 0.210648 0.820703 0.211111 0.820443 0.214352 0.819922 0.216204 0.819661 0.219444 0.819401 0.219907 0.818880 0.225463 0.818099 0.229630 0.818099 0.231481 0.817318 0.236574 0.817057 0.237037 0.816536 0.240741 0.816016 0.243056 0.816016 0.244907 0.815495 0.247222 0.815495 0.249074 0.814974 0.251852 0.814974 0.254167 0.814193 0.258333 0.814193 0.260185 0.813672 0.263889 0.813151 0.265741 0.813151 0.267130 0.812630 0.268981 0.812109 0.275463 0.811589 0.277778 0.811328 0.280093 0.811328 0.282407 0.811068 0.282870 0.811068 0.285648 0.810807 0.287963 0.810286 0.290278 0.809245 0.296296 0.808984 0.298611 0.808984 0.300926 0.808464 0.303241 0.808464 0.305093 0.807943 0.307407 0.807943 0.309259 0.807422 0.312037 0.807422 0.313889 0.806380 0.319907 0.806120 0.320370 0.805599 0.324074 0.805339 0.327315 0.802995 0.337500 0.801953 0.339815 0.801432 0.342130 0.800651 0.344444 0.798177 0.348843 0.797917 0.348843 0.796615 0.351157 0.795312 0.352546 0.794010 0.354398 0.793229 0.354861 0.791927 0.357176 0.790885 0.358565 0.786979 0.362269 0.785677 0.362731 0.784896 0.363657 0.781771 0.365509 0.779427 0.365972 0.779167 0.366435 0.777865 0.366435 0.777604 0.366898 0.775781 0.366898 0.775521 0.367361 0.769531 0.367361 0.769271 0.367824 0.754427 0.367824 0.754167 0.368287 0.740365 0.368287 0.740104 0.368750 0.721354 0.368750 0.720052 0.369213 0.719792 0.368750 0.716146 0.368750 0.715885 0.369213 0.713281 0.369213 0.713021 0.369676 0.711719 0.369213 0.702344 0.369213 0.702083 0.369676 0.699219 0.369676 0.698958 0.370139 0.685677 0.370139 0.685417 0.370602 0.682552 0.370602 0.682292 0.371065 0.661458 0.371065 0.661198 0.371528 0.652865 0.371528 0.652604 0.371991 0.644792 0.371991 0.644531 0.372454 0.642188 0.372454 0.641927 0.371991 0.640365 0.371991 0.640104 0.371528 0.638802 0.371528 0.637500 0.370602 0.634635 0.369676 0.632812 0.367824 0.630339 0.363426 0.629557 0.361574 0.628255 0.356944 0.627734 0.354630 0.627214 0.350926 0.627214 0.332870 0.627474 0.332407 0.627474 0.322222 0.627734 0.321759 0.627734 0.310648 0.627995 0.310185 0.627995 0.302778 0.628255 0.302315 0.628255 0.288426 0.628516 0.287963 0.628516 0.280093 0.628776 0.279630 0.628776 0.271759 0.629036 0.271296 0.629036 0.258796 0.629297 0.258333 0.629297 0.251389 0.629557 0.250926 0.629557 0.238426 0.629818 0.237963 0.629818 0.224537 0.630078 0.224074 0.630078 0.211111 0.630339 0.210648 0.630339 0.203241 0.630599 0.202778 0.630599 0.187500 0.631120 0.184722 0.631120 0.182407 0.631380 0.181944 0.631380 0.175463 0.631641 0.175000 0.631641 0.171296 0.631901 0.170833 0.631901 0.165741 0.632161 0.165278 0.632161 0.146296 0.632422 0.145833 0.632422 0.139352 0.632161 0.138889 0.632161 0.132870 0.632422 0.132407 0.632422 0.129167 0.632943 0.126389 0.632943 0.124074 0.633203 0.123611 0.633203 0.119907 0.633464 0.119444 0.633464 0.114352 0.633724 0.113889 0.633724 0.107407 0.633984 0.106944 0.633984 0.097685 0.634245 0.097222 0.634245 0.090741 0.634505 0.090278 0.634505 0.084259 0.634766 0.083796 0.634766 0.075926 0.635026 0.075463 0.635026 0.061574 0.635286 0.061111 0.635286 0.055556 0.635547 0.055093 0.635547 0.048148 0.635807 0.047685 0.635807 0.029167 0.636068 0.028704 0.636068 0.023148 0.636328 0.022685 0.636328 0.018981 0.636589 0.018519 0.636589 0.010648 0.636849 0.010185 0.636849 0.007870 0.637891 0.003241 0.637891 0.000000
6 0.174219 0.478935 0.165885 0.478935 0.165104 0.478472 0.164062 0.477083 0.161328 0.472222 0.160547 0.470370 0.159766 0.467593 0.159245 0.464815 0.157812 0.462269 0.155469 0.461343 0.154167 0.461343 0.153906 0.460880 0.151302 0.460880 0.151042 0.460417 0.149740 0.460880 0.148438 0.460880 0.144792 0.463194 0.142969 0.465046 0.141667 0.465046 0.139583 0.463194 0.138411 0.461111 0.136589 0.455556 0.136328 0.454167 0.133984 0.450000 0.133984 0.449537 0.132682 0.447222 0.131901 0.445370 0.130599 0.440278 0.128776 0.436574 0.127474 0.432407 0.124870 0.427778 0.124089 0.425463 0.123307 0.422222 0.122786 0.420833 0.120313 0.417361 0.118750 0.415972 0.117839 0.414352 0.116797 0.410648 0.116536 0.408333 0.116016 0.406481 0.116016 0.405093 0.115234 0.402315 0.114974 0.400000 0.114193 0.397685 0.113411 0.396296 0.113151 0.394907 0.112370 0.393056 0.111849 0.390741 0.111068 0.385648 0.110026 0.381944 0.109766 0.379630 0.108464 0.374537 0.107943 0.373611 0.107161 0.368981 0.106641 0.367593 0.105859 0.362037 0.105339 0.360648 0.104036 0.354630 0.103516 0.350926 0.102734 0.349074 0.101953 0.345833 0.101432 0.344907 0.100651 0.341204 0.100130 0.337037 0.099349 0.333796 0.099349 0.332870 0.098307 0.329630 0.098307 0.328704 0.097526 0.326389 0.096484 0.319907 0.095964 0.318519 0.095182 0.312963 0.094922 0.312500 0.094922 0.309722 0.094661 0.309259 0.094922 0.306944 0.094922 0.302778 0.095703 0.300000 0.096484 0.298611 0.097266 0.296296 0.097786 0.293981 0.102604 0.285417 0.104427 0.283565 0.106771 0.279398 0.108073 0.278009 0.109375 0.277083 0.112500 0.273380 0.113802 0.271528 0.116406 0.269213 0.118750 0.265972 0.120573 0.264583 0.123438 0.261806 0.125521 0.259028 0.128125 0.257176 0.129427 0.255787 0.132031 0.253472 0.133854 0.251620 0.134375 0.251620 0.138281 0.247917 0.138802 0.247917 0.140104 0.246528 0.140625 0.246528 0.141927 0.245139 0.143229 0.244676 0.144531 0.243750 0.145833 0.242361 0.147917 0.241435 0.151302 0.238194 0.153385 0.237269 0.154167 0.236343 0.155729 0.235880 0.158073 0.234028 0.158854 0.234028 0.159896 0.233102 0.161198 0.232639 0.161979 0.231713 0.163542 0.230787 0.164323 0.230787 0.165365 0.229861 0.166406 0.229861 0.167708 0.228935 0.170052 0.228472 0.170313 0.228009 0.171615 0.228009 0.172656 0.227083 0.173958 0.226620 0.175260 0.225694 0.176563 0.225694 0.177865 0.225231 0.179167 0.224306 0.180729 0.224306 0.180990 0.223843 0.183073 0.223843 0.183333 0.223380 0.186458 0.223380 0.186719 0.222917 0.189323 0.222917 0.189583 0.222454 0.193490 0.222454 0.193750 0.221991 0.196615 0.221991 0.196875 0.221528 0.201042 0.221528 0.201302 0.221065 0.203385 0.221065 0.203646 0.220602 0.210677 0.220602 0.210938 0.220139 0.217708 0.220139 0.217969 0.219676 0.221875 0.219676 0.222135 0.220139 0.227083 0.220139 0.227344 0.220602 0.230208 0.220602 0.230469 0.221065 0.232292 0.221065 0.232552 0.221528 0.233854 0.221528 0.234115 0.221991 0.235417 0.221991 0.236719 0.222454 0.238021 0.223380 0.241146 0.224306 0.241406 0.224769 0.244531 0.226157 0.245833 0.227546 0.246354 0.227546 0.249740 0.230787 0.252474 0.235648 0.253516 0.238426 0.254557 0.243056 0.255599 0.245370 0.257161 0.251389 0.259375 0.255324 0.259635 0.255324 0.261328 0.258796 0.262891 0.265741 0.263672 0.268519 0.264714 0.270833 0.266016 0.275926 0.267057 0.278704 0.267839 0.281944 0.269401 0.286574 0.269922 0.289352 0.271224 0.293519 0.274089 0.298611 0.274609 0.300000 0.275130 0.302778 0.275651 0.304167 0.275911 0.306944 0.276432 0.309722 0.279036 0.318981 0.279036 0.319907 0.280078 0.323148 0.280599 0.325463 0.283203 0.332870 0.283724 0.335185 0.283724 0.336574 0.284505 0.339352 0.285547 0.344444 0.285547 0.345833 0.286068 0.348611 0.287891 0.354630 0.288932 0.358796 0.289453 0.362500 0.289453 0.368519 0.289193 0.368981 0.289193 0.371296 0.288932 0.371759 0.289193 0.373611 0.289193 0.376852 0.290755 0.380093 0.290755 0.381019 0.291536 0.383796 0.291536 0.386111 0.290495 0.389352 0.289974 0.392130 0.289974 0.393519 0.289193 0.397685 0.288672 0.399537 0.285677 0.404861 0.285417 0.404861 0.283073 0.409028 0.282813 0.409028 0.281641 0.411111 0.281641 0.411574 0.280208 0.414120 0.278906 0.415509 0.277604 0.415972 0.276302 0.417361 0.275000 0.418287 0.273177 0.421065 0.272396 0.421528 0.270833 0.423380 0.268490 0.425231 0.267969 0.426157 0.265104 0.428472 0.263281 0.430324 0.261979 0.430787 0.259896 0.432639 0.257031 0.434028 0.256250 0.434954 0.254688 0.435417 0.253646 0.436343 0.252865 0.436343 0.250000 0.438657 0.249219 0.440046 0.247396 0.441435 0.246094 0.441898 0.244531 0.441898 0.243229 0.442361 0.241927 0.443287 0.240104 0.443750 0.238802 0.444676 0.237760 0.444676 0.234115 0.446528 0.230990 0.448843 0.229167 0.449306 0.228125 0.450231 0.226042 0.451157 0.224219 0.452546 0.223177 0.452546 0.221094 0.453935 0.218750 0.454861 0.217969 0.455787 0.215365 0.457176 0.214583 0.457176 0.213542 0.458102 0.212760 0.458102 0.211719 0.459028 0.210938 0.459028 0.210156 0.459954 0.207292 0.461343 0.206250 0.461343 0.203646 0.462731 0.202083 0.464120 0.201563 0.465046 0.199740 0.466435 0.196615 0.467824 0.195312 0.468750 0.194531 0.468750 0.193490 0.469676 0.191667 0.469676 0.191406 0.470139 0.189844 0.470139 0.186719 0.471528 0.184375 0.473380 0.183333 0.473380 0.179167 0.475694 0.178385 0.476620 0.177604 0.476620 0.175260 0.478009 0.174219 0.478935
4 0.245052 0.889120 0.242969 0.889120 0.242448 0.888657 0.240755 0.885648 0.239974 0.880556 0.239974 0.873611 0.240234 0.873148 0.240234 0.866667 0.239974 0.866204 0.239974 0.858333 0.239453 0.856019 0.238281 0.854398 0.236458 0.853009 0.232031 0.853009 0.231771 0.853472 0.228646 0.853472 0.228385 0.853935 0.226562 0.853935 0.226302 0.854398 0.224479 0.854398 0.224219 0.854861 0.220573 0.854861 0.220312 0.855324 0.216667 0.855324 0.215104 0.856713 0.213281 0.857639 0.211719 0.857639 0.211458 0.858102 0.209375 0.858102 0.209115 0.858565 0.207031 0.858565 0.206771 0.859028 0.202083 0.859028 0.201823 0.858565 0.199479 0.858565 0.199219 0.859028 0.196094 0.859028 0.195833 0.858565 0.194271 0.858565 0.193359 0.857407 0.192578 0.854630 0.192057 0.850926 0.191536 0.849074 0.189583 0.845602 0.188021 0.843750 0.186719 0.841435 0.185677 0.840046 0.183854 0.838194 0.183333 0.837269 0.181771 0.835880 0.180208 0.834954 0.179427 0.834954 0.178385 0.834028 0.177604 0.834028 0.175781 0.832639 0.175000 0.832639 0.172917 0.831250 0.170833 0.828009 0.169271 0.826620 0.167969 0.824769 0.166927 0.823843 0.165625 0.821991 0.164323 0.819676 0.161198 0.815972 0.159375 0.814583 0.158854 0.813657 0.156510 0.812269 0.155208 0.812269 0.154948 0.811806 0.152604 0.811806 0.152344 0.811343 0.139844 0.811343 0.139583 0.811806 0.130729 0.811806 0.130469 0.811343 0.127865 0.811343 0.127604 0.810880 0.125781 0.810880 0.125521 0.810417 0.124219 0.810417 0.122917 0.809954 0.121094 0.808102 0.120573 0.808102 0.119010 0.806713 0.116667 0.806713 0.116406 0.806250 0.114583 0.806250 0.114323 0.806713 0.111719 0.806713 0.109635 0.808102 0.107292 0.809028 0.105990 0.809028 0.104427 0.809954 0.103125 0.809954 0.100521 0.810880 0.100260 0.811343 0.098958 0.811343 0.098698 0.811806 0.096615 0.811806 0.096354 0.812269 0.094792 0.812269 0.094531 0.812731 0.093229 0.812731 0.092969 0.813194 0.091146 0.813194 0.089974 0.811111 0.089453 0.809722 0.089714 0.807870 0.091536 0.803704 0.092578 0.800000 0.094401 0.795833 0.095182 0.793056 0.095703 0.792130 0.096745 0.788426 0.097266 0.787500 0.097526 0.785648 0.098828 0.781019 0.099870 0.778241 0.101172 0.775926 0.102214 0.773611 0.102734 0.770833 0.104036 0.766667 0.105599 0.763889 0.107422 0.757870 0.108464 0.755093 0.111328 0.748611 0.111849 0.746759 0.112891 0.744907 0.113672 0.742593 0.114974 0.740278 0.115755 0.738426 0.116016 0.737037 0.116797 0.735185 0.118359 0.732407 0.119661 0.727315 0.120182 0.725926 0.123307 0.720370 0.124089 0.716667 0.124870 0.714352 0.126432 0.711111 0.127995 0.706481 0.129557 0.703704 0.131120 0.699537 0.131901 0.696759 0.133203 0.694444 0.134766 0.689815 0.136328 0.686111 0.137109 0.682870 0.138151 0.680093 0.139453 0.677778 0.139453 0.677315 0.142448 0.671991 0.143229 0.671065 0.146094 0.668750 0.146875 0.668750 0.149219 0.667361 0.150521 0.666898 0.152083 0.666898 0.152344 0.666435 0.153646 0.666435 0.153906 0.665972 0.155729 0.665972 0.155990 0.665509 0.157552 0.665509 0.157812 0.665046 0.159115 0.665046 0.161458 0.663657 0.162760 0.663657 0.163021 0.663194 0.164323 0.663194 0.164583 0.662731 0.166927 0.662269 0.169792 0.660880 0.171094 0.660880 0.171354 0.660417 0.172656 0.660417 0.172917 0.659954 0.174479 0.659954 0.174740 0.659491 0.176823 0.659491 0.177083 0.659028 0.178385 0.659028 0.178646 0.658565 0.180469 0.658102 0.182031 0.656713 0.183333 0.656713 0.183594 0.656250 0.184896 0.656250 0.185156 0.655787 0.186458 0.655787 0.186719 0.655324 0.188281 0.655324 0.188542 0.654861 0.190104 0.654861 0.190365 0.654398 0.192708 0.653935 0.192969 0.653472 0.194271 0.653472 0.196875 0.652546 0.198177 0.651620 0.199219 0.651620 0.200521 0.650694 0.204427 0.649306 0.206250 0.649306 0.206510 0.648843 0.208073 0.648843 0.209635 0.647917 0.210938 0.647917 0.212500 0.646991 0.216146 0.646065 0.218750 0.645139 0.220573 0.643750 0.221615 0.643287 0.222917 0.643287 0.223177 0.642824 0.224479 0.642824 0.224740 0.642361 0.226042 0.642361 0.227344 0.641435 0.228385 0.641435 0.231250 0.640046 0.232552 0.640046 0.232813 0.639583 0.234635 0.639583 0.234896 0.639120 0.236719 0.639120 0.236979 0.638657 0.238281 0.638657 0.239844 0.637731 0.241146 0.637731 0.242448 0.637269 0.243750 0.636343 0.245052 0.636343 0.245312 0.635880 0.246875 0.635880 0.247135 0.635417 0.248438 0.635417 0.249740 0.634954 0.250781 0.634028 0.253385 0.633102 0.254688 0.633102 0.254948 0.632639 0.256250 0.632639 0.256510 0.632176 0.257812 0.632176 0.259375 0.631250 0.261198 0.631250 0.261458 0.630787 0.263021 0.630787 0.267188 0.628472 0.269531 0.628009 0.270833 0.627083 0.272656 0.627083 0.272917 0.626620 0.274479 0.626620 0.274740 0.626157 0.276042 0.626157 0.277604 0.625231 0.278906 0.625231 0.279167 0.624769 0.280469 0.624769 0.280729 0.624306 0.282292 0.624306 0.283333 0.623843 0.285677 0.625231 0.287109 0.627778 0.287630 0.630093 0.288411 0.632407 0.289453 0.637500 0.290755 0.641204 0.294401 0.654167 0.295443 0.656481 0.295964 0.658796 0.297266 0.662500 0.298307 0.666667 0.299089 0.668981 0.299870 0.672685 0.300911 0.675463 0.301172 0.676852 0.302214 0.679167 0.302995 0.681481 0.304297 0.687037 0.305859 0.691204 0.306380 0.693519 0.306901 0.694444 0.310547 0.707407 0.311068 0.708796 0.311849 0.712037 0.313411 0.716204 0.314844 0.718287 0.315625 0.718750 0.316536 0.720370 0.317318 0.723611 0.317318 0.728704 0.317057 0.729167 0.317057 0.733333 0.316797 0.733796 0.316797 0.736111 0.316536 0.736574 0.316536 0.738889 0.315755 0.742593 0.315755 0.743981 0.315234 0.745833 0.314974 0.749074 0.314453 0.751389 0.313411 0.757407 0.313151 0.760648 0.312630 0.762500 0.312630 0.763889 0.312109 0.765741 0.311849 0.768981 0.311328 0.770833 0.311328 0.772222 0.310547 0.775000 0.310547 0.776852 0.309505 0.784722 0.308984 0.786574 0.308724 0.789815 0.308464 0.790278 0.308203 0.793981 0.307682 0.795833 0.307161 0.800926 0.306901 0.801389 0.306641 0.804630 0.305859 0.807870 0.305859 0.809259 0.304818 0.813889 0.304557 0.817593 0.304036 0.819907 0.304036 0.821759 0.303255 0.825000 0.303255 0.826389 0.302474 0.829167 0.302214 0.831019 0.302214 0.834259 0.301953 0.834722 0.301953 0.837037 0.301172 0.840278 0.300911 0.843519 0.300391 0.845833 0.300391 0.847685 0.299870 0.850000 0.299349 0.854167 0.298828 0.856019 0.298828 0.857407 0.297526 0.863426 0.295573 0.866898 0.294792 0.867824 0.293750 0.868287 0.291927 0.869676 0.287500 0.871528 0.286458 0.872454 0.285417 0.872454 0.284115 0.873380 0.282552 0.873380 0.282292 0.873843 0.279948 0.873843 0.279687 0.874306 0.278385 0.874306 0.276302 0.875694 0.275000 0.876157 0.272135 0.876157 0.271875 0.876620 0.270313 0.876620 0.266927 0.878009 0.265885 0.878935 0.265104 0.878935 0.263281 0.880324 0.261979 0.880787 0.260677 0.880787 0.259375 0.881250 0.258073 0.882176 0.256250 0.882639 0.255990 0.883102 0.254167 0.883565 0.253125 0.884491 0.250000 0.885417 0.248958 0.886343 0.247656 0.886806 0.246354 0.887731 0.245052 0.889120
3 0.000000 0.732639 0.001302 0.732639 0.002474 0.730093 0.002995 0.727778 0.007552 0.719676 0.009505 0.717130 0.010807 0.713426 0.012240 0.710880 0.012500 0.710880 0.017188 0.702546 0.020052 0.700231 0.022917 0.699306 0.023958 0.698380 0.025260 0.697917 0.028125 0.697917 0.028385 0.697454 0.030469 0.697454 0.030729 0.696991 0.032031 0.696991 0.032292 0.696528 0.034896 0.696528 0.035156 0.696065 0.038542 0.696065 0.038802 0.695602 0.041406 0.695602 0.041667 0.695139 0.044792 0.695139 0.045052 0.694676 0.047396 0.694676 0.047656 0.694213 0.050521 0.694213 0.050781 0.693750 0.053646 0.693750 0.053906 0.693287 0.055208 0.693287 0.055469 0.692824 0.056771 0.692824 0.057031 0.692361 0.060677 0.692361 0.061979 0.691435 0.063281 0.690972 0.064583 0.690972 0.064844 0.690509 0.067448 0.690509 0.067708 0.690046 0.069010 0.690046 0.069271 0.689583 0.070573 0.689583 0.070833 0.689120 0.072396 0.689120 0.072656 0.688657 0.074740 0.688657 0.075000 0.688194 0.076823 0.688194 0.077083 0.687731 0.078385 0.687731 0.078646 0.687269 0.079948 0.687269 0.080208 0.686806 0.082031 0.686806 0.082292 0.686343 0.084375 0.686343 0.084635 0.685880 0.085938 0.685880 0.087500 0.684954 0.092969 0.684954 0.094271 0.685417 0.095312 0.686343 0.096094 0.686343 0.097917 0.684954 0.098698 0.684028 0.099740 0.683565 0.101302 0.683565 0.101562 0.683102 0.103385 0.683102 0.103646 0.682639 0.105729 0.682639 0.105990 0.682176 0.107813 0.682176 0.109115 0.682639 0.110417 0.683565 0.111068 0.684722 0.111328 0.687500 0.111849 0.689815 0.112370 0.693519 0.112891 0.694907 0.115495 0.699537 0.116016 0.700926 0.116797 0.704167 0.117318 0.705556 0.117318 0.706944 0.117839 0.709259 0.117839 0.713426 0.117057 0.716204 0.117057 0.717130 0.116276 0.719444 0.115495 0.722685 0.114323 0.724769 0.113281 0.725694 0.112109 0.727778 0.111589 0.729630 0.111589 0.731019 0.108464 0.742130 0.107422 0.744907 0.106641 0.747685 0.106380 0.749537 0.104688 0.752546 0.104427 0.752546 0.103255 0.754630 0.102214 0.758796 0.101693 0.759722 0.100391 0.765741 0.100130 0.768056 0.099349 0.770370 0.098568 0.771759 0.097266 0.776389 0.095964 0.779167 0.095182 0.781944 0.094661 0.787500 0.093880 0.790278 0.093359 0.791204 0.092318 0.795370 0.090234 0.799537 0.089453 0.802315 0.086589 0.807407 0.085807 0.809722 0.084115 0.812269 0.082552 0.812731 0.082292 0.813194 0.080729 0.813657 0.079427 0.815046 0.077344 0.815972 0.076302 0.816898 0.075260 0.816898 0.073958 0.817824 0.071615 0.818287 0.070573 0.819213 0.068229 0.820139 0.066146 0.820139 0.065885 0.820602 0.064323 0.820602 0.063281 0.821065 0.061719 0.822454 0.060156 0.823380 0.058854 0.823380 0.058594 0.823843 0.057031 0.823843 0.056771 0.824306 0.055469 0.824306 0.054167 0.825231 0.052865 0.825694 0.050260 0.825694 0.050000 0.826157 0.048438 0.826157 0.046615 0.827546 0.043229 0.828472 0.040885 0.829861 0.040104 0.829861 0.036719 0.831250 0.036458 0.831713 0.034115 0.831713 0.033854 0.832176 0.028906 0.832176 0.028646 0.832639 0.021354 0.832639 0.021094 0.833102 0.019792 0.833102 0.019531 0.832639 0.017969 0.832639 0.017708 0.833102 0.016146 0.833102 0.013802 0.834028 0.012760 0.834954 0.010417 0.835417 0.006510 0.838657 0.005208 0.839583 0.003906 0.840972 0.003385 0.840972 0.001823 0.842361 0.000000 0.842361
2 0.432812 0.723843 0.430469 0.723380 0.427604 0.721065 0.426302 0.719213 0.424870 0.716667 0.424870 0.716204 0.423568 0.712963 0.422526 0.708333 0.422266 0.706019 0.421745 0.704167 0.421745 0.702778 0.420964 0.699074 0.420964 0.690278 0.421745 0.687500 0.421745 0.686574 0.422786 0.683333 0.423307 0.681019 0.424089 0.679167 0.426042 0.675694 0.426302 0.675694 0.428906 0.671991 0.429688 0.671528 0.431250 0.669676 0.433333 0.668750 0.433594 0.668287 0.435937 0.666898 0.437760 0.666898 0.438021 0.666435 0.440104 0.666435 0.440365 0.666898 0.441667 0.666898 0.441927 0.667361 0.443750 0.667824 0.445833 0.670139 0.447786 0.673611 0.448568 0.675926 0.449089 0.679167 0.450130 0.683796 0.450130 0.685648 0.450651 0.687963 0.450911 0.690278 0.450911 0.700463 0.450651 0.702778 0.449349 0.707870 0.448307 0.710185 0.445052 0.715972 0.442708 0.718750 0.440365 0.720602 0.438281 0.721528 0.437500 0.722454 0.435937 0.723380 0.433073 0.723380 0.432812 0.723843
2 0.348958 0.549769 0.348698 0.549306 0.345573 0.549306 0.343750 0.547454 0.341406 0.546065 0.340885 0.545139 0.339583 0.544213 0.337891 0.541204 0.337109 0.538889 0.337109 0.537963 0.336328 0.535648 0.336068 0.532870 0.335807 0.532407 0.335807 0.528241 0.336068 0.527778 0.336068 0.525463 0.337370 0.521296 0.339844 0.516898 0.340885 0.515509 0.344271 0.512269 0.345833 0.511806 0.346094 0.511343 0.347396 0.511343 0.347656 0.510880 0.349479 0.510880 0.349740 0.510417 0.351042 0.510880 0.353646 0.510880 0.354687 0.511806 0.356641 0.515278 0.357161 0.518519 0.358464 0.523148 0.358984 0.524537 0.359505 0.529167 0.359766 0.529630 0.359766 0.531944 0.359245 0.534259 0.357943 0.538889 0.357422 0.540278 0.356250 0.542361 0.355990 0.542361 0.353646 0.546528 0.351823 0.548380 0.350521 0.549306 0.349219 0.549306 0.348958 0.549769
1 0.387240 0.543287 0.383854 0.543287 0.381250 0.541435 0.379818 0.538889 0.379036 0.536574 0.378516 0.534259 0.377734 0.529167 0.377734 0.525926 0.377474 0.523611 0.378776 0.518056 0.380469 0.515046 0.382031 0.513194 0.383594 0.511806 0.385156 0.510880 0.386458 0.510880 0.386719 0.510417 0.388021 0.510417 0.388281 0.509954 0.391927 0.509954 0.393229 0.510417 0.395964 0.513889 0.397005 0.518056 0.397005 0.521296 0.397266 0.521759 0.397266 0.527315 0.397526 0.527778 0.397526 0.530556 0.397266 0.532407 0.396224 0.535648 0.394271 0.539120 0.391927 0.541435 0.389323 0.542824 0.387500 0.542824 0.387240 0.543287
2 0.477865 0.636806 0.474219 0.636806 0.473958 0.636343 0.472396 0.635880 0.471615 0.634954 0.470573 0.634491 0.468880 0.631481 0.467318 0.626852 0.467057 0.624537 0.466536 0.622685 0.466536 0.621296 0.466016 0.619444 0.466016 0.617593 0.465495 0.615278 0.465495 0.612037 0.465234 0.611574 0.465234 0.605556 0.466016 0.602778 0.467318 0.600000 0.467318 0.599537 0.470833 0.593287 0.473177 0.590509 0.476302 0.588657 0.477604 0.588194 0.482552 0.588194 0.485156 0.589583 0.486719 0.590972 0.488802 0.593750 0.489063 0.593750 0.490495 0.596296 0.491536 0.599537 0.491797 0.600926 0.491797 0.603704 0.492057 0.604167 0.492057 0.608333 0.492318 0.608796 0.492318 0.616667 0.492057 0.617130 0.492057 0.619444 0.491536 0.622222 0.490234 0.625926 0.489063 0.627546 0.487240 0.630787 0.486979 0.630787 0.485417 0.633102 0.483333 0.634954 0.481771 0.635880 0.480208 0.635880 0.479948 0.636343 0.478125 0.636343 0.477865 0.636806
1 0.443750 0.645139 0.443490 0.644676 0.441927 0.644676 0.440885 0.644213 0.437760 0.641435 0.436068 0.637500 0.434766 0.631019 0.433984 0.628241 0.433984 0.622222 0.434245 0.620370 0.435547 0.616667 0.436068 0.614352 0.437630 0.610185 0.438802 0.608102 0.440885 0.606250 0.442188 0.605787 0.443229 0.604861 0.444531 0.604861 0.444792 0.604398 0.446615 0.604398 0.446875 0.603935 0.451823 0.603935 0.452083 0.604398 0.453646 0.604398 0.454948 0.604861 0.456250 0.605787 0.457422 0.607870 0.457943 0.610648 0.457943 0.612963 0.458203 0.613426 0.458203 0.617593 0.458464 0.618056 0.458464 0.624074 0.458203 0.624537 0.458203 0.627315 0.457943 0.629167 0.456380 0.634259 0.454167 0.638194 0.452344 0.640046 0.451823 0.640972 0.449479 0.642361 0.448698 0.643287 0.445833 0.644676 0.444010 0.644676 0.443750 0.645139
1 0.412760 0.648843 0.408594 0.648843 0.407552 0.648380 0.405990 0.646991 0.404948 0.645602 0.403255 0.642130 0.401432 0.636111 0.401172 0.633333 0.400651 0.630556 0.400651 0.626852 0.400911 0.626389 0.401693 0.622222 0.402734 0.618519 0.406250 0.612269 0.410417 0.609028 0.411979 0.607639 0.413021 0.607176 0.414323 0.607176 0.414583 0.606713 0.418229 0.606713 0.418490 0.607176 0.420052 0.607176 0.422917 0.609028 0.424349 0.611111 0.425130 0.614815 0.425130 0.617130 0.425391 0.617593 0.425391 0.619907 0.425651 0.620370 0.425651 0.629167 0.425391 0.629630 0.424870 0.634259 0.424089 0.636574 0.420833 0.642361 0.418229 0.645139 0.417448 0.645602 0.415625 0.647454 0.414062 0.647917 0.412760 0.648843
1 0.510156 0.715972 0.508854 0.715972 0.508594 0.715509 0.506250 0.715509 0.505990 0.715046 0.503646 0.714120 0.502865 0.713194 0.501823 0.712731 0.500781 0.711343 0.499870 0.709259 0.498047 0.706019 0.497005 0.702315 0.496484 0.699537 0.495964 0.694444 0.495182 0.690741 0.495182 0.688426 0.494922 0.687963 0.494922 0.682407 0.495443 0.680093 0.495703 0.677778 0.496484 0.675463 0.497786 0.670370 0.501172 0.664352 0.501172 0.661574 0.499870 0.657407 0.499349 0.654167 0.499349 0.647685 0.500911 0.641667 0.501693 0.639815 0.503385 0.636806 0.506250 0.633565 0.507031 0.633102 0.508854 0.631250 0.511979 0.630324 0.513281 0.629398 0.518229 0.629398 0.518490 0.629861 0.520833 0.630787 0.522396 0.632176 0.524349 0.635648 0.525130 0.638889 0.525391 0.640741 0.525391 0.643519 0.525651 0.643981 0.525651 0.652315 0.525391 0.652778 0.525391 0.655556 0.524870 0.657870 0.523568 0.666204 0.523047 0.668056 0.523047 0.671296 0.523568 0.672685 0.524089 0.675926 0.524609 0.677778 0.525651 0.684259 0.525651 0.693056 0.525391 0.693519 0.525391 0.695833 0.525130 0.697685 0.524349 0.700926 0.522786 0.705093 0.520833 0.708102 0.519271 0.709491 0.518490 0.710880 0.516146 0.713194 0.514844 0.713657 0.514062 0.714583 0.511719 0.715509 0.510417 0.715509 0.510156 0.715972
2 0.701562 0.566898 0.700260 0.566898 0.700000 0.566435 0.697396 0.566435 0.696094 0.565972 0.695052 0.565046 0.694271 0.565046 0.691927 0.563194 0.689323 0.559954 0.687891 0.557407 0.687370 0.556019 0.686589 0.551852 0.686328 0.551389 0.686328 0.549074 0.686068 0.548611 0.686068 0.537037 0.686589 0.534722 0.686589 0.533333 0.687370 0.530556 0.688542 0.528472 0.689583 0.527083 0.691927 0.524769 0.693229 0.523843 0.694531 0.523380 0.696875 0.521991 0.700000 0.521991 0.700260 0.521528 0.701562 0.521528 0.701823 0.521991 0.703906 0.521991 0.704167 0.522454 0.705729 0.522454 0.705990 0.522917 0.707292 0.522917 0.708594 0.523843 0.709375 0.523843 0.711458 0.525694 0.713672 0.529630 0.714453 0.532407 0.714714 0.535648 0.714974 0.536111 0.714974 0.540278 0.714453 0.542593 0.714193 0.544907 0.713151 0.548148 0.712370 0.554167 0.712109 0.554630 0.711849 0.557407 0.711068 0.560185 0.709375 0.563194 0.707031 0.564583 0.705208 0.565972 0.703906 0.565972 0.703646 0.566435 0.701823 0.566435 0.701562 0.566898
2 0.630208 0.663657 0.626042 0.663657 0.625781 0.663194 0.622396 0.662269 0.620313 0.660417 0.618229 0.657639 0.617969 0.657639 0.616536 0.655093 0.615755 0.653241 0.614974 0.650463 0.614714 0.647685 0.614453 0.647222 0.614453 0.644444 0.614193 0.643981 0.614193 0.628241 0.614453 0.626852 0.615755 0.622685 0.615755 0.622222 0.618490 0.617361 0.619271 0.616435 0.621615 0.615046 0.622917 0.614583 0.633854 0.614583 0.636198 0.615972 0.636979 0.616898 0.639453 0.621296 0.640495 0.624537 0.640495 0.625463 0.641276 0.629167 0.641276 0.631944 0.641536 0.632407 0.641536 0.640741 0.641276 0.641204 0.641276 0.649074 0.641016 0.649537 0.640755 0.652315 0.640234 0.653704 0.639974 0.655556 0.639193 0.657407 0.637500 0.659954 0.635417 0.661806 0.632552 0.662731 0.632292 0.663194 0.630469 0.663194 0.630208 0.663657
1 0.729427 0.631713 0.727344 0.631713 0.727083 0.631250 0.725521 0.631250 0.725260 0.630787 0.723177 0.630324 0.721354 0.628935 0.720052 0.628472 0.716406 0.625231 0.714063 0.622917 0.712109 0.619444 0.710547 0.613889 0.710547 0.611574 0.710286 0.611111 0.710286 0.606481 0.710807 0.604167 0.711068 0.601852 0.711068 0.598611 0.711328 0.598148 0.711328 0.594907 0.711589 0.594444 0.712370 0.589815 0.712891 0.588426 0.714323 0.585880 0.715104 0.585417 0.717708 0.583102 0.718490 0.582176 0.720833 0.580324 0.725260 0.580324 0.725521 0.580787 0.726823 0.580787 0.728906 0.582176 0.729427 0.582176 0.731771 0.584491 0.734375 0.586806 0.736198 0.588657 0.737500 0.590509 0.738932 0.593519 0.739974 0.596759 0.740495 0.599537 0.740495 0.608796 0.739714 0.613889 0.739714 0.615741 0.739193 0.618056 0.739193 0.619907 0.738151 0.623611 0.735677 0.628009 0.733333 0.630324 0.731771 0.631250 0.729688 0.631250 0.729427 0.631713
1 0.884896 0.511343 0.883594 0.511343 0.883333 0.510880 0.880990 0.510880 0.880729 0.510417 0.878906 0.510417 0.878646 0.509954 0.877344 0.509954 0.876042 0.509028 0.874219 0.508565 0.873958 0.508102 0.872396 0.507639 0.867708 0.503009 0.866016 0.500000 0.864974 0.496759 0.864714 0.493519 0.864193 0.491667 0.863932 0.489352 0.864193 0.487500 0.864193 0.481944 0.865234 0.478241 0.865495 0.476389 0.865885 0.476157 0.867448 0.473380 0.868750 0.471991 0.872917 0.468287 0.873698 0.468287 0.874740 0.467361 0.876042 0.466898 0.877604 0.466898 0.877865 0.466435 0.885417 0.466435 0.885677 0.466898 0.887500 0.466898 0.887760 0.467361 0.889323 0.467361 0.890365 0.468287 0.893490 0.469213 0.894792 0.470139 0.896354 0.470602 0.898177 0.472454 0.899870 0.475926 0.899609 0.478241 0.898047 0.483333 0.897786 0.483796 0.897786 0.489352 0.897005 0.492130 0.896745 0.494444 0.894401 0.502778 0.893880 0.504167 0.892188 0.507176 0.890365 0.509028 0.889062 0.509491 0.887760 0.510417 0.886458 0.510417 0.884896 0.511343
3 0.422396 0.871065 0.407813 0.871065 0.406771 0.870139 0.404818 0.866667 0.404297 0.864352 0.403776 0.863426 0.403255 0.861111 0.401953 0.856481 0.401172 0.854167 0.399609 0.847685 0.398307 0.843519 0.397786 0.840278 0.397005 0.837963 0.396484 0.834722 0.395703 0.832407 0.395703 0.831481 0.394922 0.829167 0.394922 0.828241 0.393880 0.825000 0.393880 0.824074 0.393099 0.821759 0.392839 0.819444 0.392318 0.817130 0.391536 0.814815 0.391536 0.813889 0.390755 0.811574 0.390755 0.810648 0.389974 0.808333 0.389714 0.806019 0.388932 0.804167 0.387891 0.800463 0.387370 0.796759 0.386849 0.795370 0.385807 0.790741 0.385286 0.789815 0.384766 0.787500 0.384766 0.785185 0.384505 0.784722 0.384505 0.781944 0.384245 0.781481 0.384245 0.778704 0.383984 0.778241 0.383984 0.775463 0.383724 0.775000 0.383464 0.772222 0.382943 0.769907 0.382161 0.767593 0.381641 0.764352 0.380599 0.761111 0.380599 0.760185 0.379818 0.757870 0.377865 0.754398 0.377604 0.754398 0.376172 0.751852 0.375391 0.747685 0.375391 0.744907 0.375911 0.742593 0.376172 0.739352 0.376693 0.737500 0.376693 0.736111 0.377214 0.734259 0.377214 0.732870 0.378255 0.728241 0.378255 0.726852 0.380078 0.717593 0.380078 0.715278 0.380859 0.710185 0.382422 0.705093 0.382422 0.704167 0.383203 0.701852 0.383203 0.700926 0.383984 0.698611 0.385026 0.693056 0.385026 0.691667 0.385807 0.688889 0.386068 0.686574 0.387109 0.681944 0.387370 0.679630 0.387891 0.677778 0.387891 0.676389 0.388672 0.673148 0.388672 0.672222 0.389453 0.668981 0.389453 0.667593 0.390234 0.661574 0.390755 0.659259 0.390755 0.657870 0.391276 0.655093 0.392057 0.652778 0.392057 0.651852 0.393099 0.648148 0.393359 0.645833 0.394401 0.641667 0.394661 0.639352 0.395443 0.637037 0.396615 0.634491 0.397396 0.634028 0.399479 0.634028 0.400651 0.635648 0.401172 0.637500 0.401953 0.638889 0.402474 0.640741 0.403516 0.643056 0.404687 0.645139 0.404948 0.645139 0.407292 0.648843 0.408333 0.649769 0.409635 0.649769 0.409896 0.650231 0.411719 0.650231 0.411979 0.649769 0.414583 0.648380 0.415365 0.648380 0.417708 0.646528 0.419271 0.645602 0.420833 0.642824 0.421094 0.642824 0.422786 0.639815 0.423828 0.637037 0.425130 0.634722 0.425651 0.632870 0.425651 0.631481 0.426172 0.629167 0.426172 0.625926 0.425911 0.625463 0.425911 0.622222 0.425651 0.621759 0.425651 0.618981 0.425391 0.618519 0.425391 0.615741 0.425130 0.614815 0.425651 0.612500 0.426563 0.610880 0.428646 0.609491 0.429948 0.609028 0.432552 0.609028 0.433854 0.609954 0.435286 0.612500 0.435547 0.613426 0.435286 0.616204 0.434505 0.618519 0.433984 0.620833 0.433984 0.628241 0.434505 0.630556 0.435286 0.632870 0.435807 0.636574 0.436589 0.639352 0.437500 0.641435 0.439844 0.643750 0.441927 0.644676 0.447656 0.644676 0.449219 0.643750 0.451042 0.641898 0.451823 0.641435 0.453646 0.639120 0.454948 0.636806 0.455208 0.636806 0.456641 0.634259 0.457682 0.631019 0.458203 0.628704 0.458464 0.626389 0.458464 0.624074 0.458724 0.623611 0.458724 0.613426 0.459245 0.611111 0.460156 0.609954 0.461979 0.609028 0.462240 0.608565 0.463672 0.611111 0.464193 0.613889 0.464714 0.615278 0.464714 0.616667 0.465495 0.619907 0.465755 0.622685 0.466536 0.625000 0.466536 0.625926 0.467318 0.628241 0.467578 0.630093 0.468620 0.632870 0.470573 0.636806 0.471354 0.637731 0.473438 0.638657 0.473698 0.639120 0.475000 0.639120 0.475260 0.639583 0.477604 0.639583 0.477865 0.640046 0.479167 0.640046 0.479427 0.639583 0.481250 0.639583 0.483333 0.638194 0.485417 0.634954 0.486719 0.633565 0.489193 0.629167 0.489714 0.627315 0.490755 0.625463 0.491797 0.622685 0.492318 0.619907 0.492318 0.617593 0.492578 0.617130 0.492578 0.604630 0.492839 0.604167 0.492839 0.601389 0.493359 0.600000 0.494010 0.599306 0.496354 0.599306 0.496615 0.598843 0.498958 0.598843 0.499219 0.598380 0.501563 0.598380 0.501823 0.597917 0.507812 0.597917 0.508073 0.597454 0.511458 0.597454 0.511719 0.597917 0.515365 0.597917 0.515625 0.597454 0.526823 0.597454 0.527083 0.596991 0.533073 0.596991 0.533594 0.597454 0.534766 0.599537 0.535286 0.600926 0.535547 0.603241 0.536068 0.604630 0.536328 0.606944 0.536849 0.609259 0.536849 0.613426 0.537109 0.613889 0.537109 0.617593 0.537370 0.618056 0.537370 0.629630 0.537630 0.630093 0.537630 0.632870 0.537891 0.633333 0.537891 0.637037 0.537630 0.637500 0.537630 0.644907 0.537891 0.645370 0.537891 0.648148 0.538151 0.648611 0.538151 0.654167 0.538411 0.654630 0.538411 0.659722 0.538672 0.660185 0.538672 0.670833 0.538932 0.673148 0.539453 0.675463 0.540234 0.682407 0.541016 0.684722 0.541016 0.686111 0.541536 0.687963 0.541536 0.690278 0.541797 0.690741 0.541797 0.696296 0.542057 0.696759 0.542057 0.699074 0.542578 0.701389 0.542839 0.703704 0.542839 0.715278 0.543099 0.715741 0.543099 0.722685 0.543359 0.723148 0.543359 0.728241 0.543620 0.728704 0.543620 0.735185 0.543880 0.735648 0.543880 0.754167 0.544141 0.754630 0.544141 0.782407 0.544401 0.782870 0.544401 0.798148 0.544661 0.798611 0.544661 0.813426 0.544922 0.813889 0.544922 0.831944 0.545182 0.832407 0.545182 0.838426 0.545443 0.838889 0.545443 0.853241 0.545182 0.853704 0.544661 0.857870 0.543750 0.859491 0.542708 0.860417 0.539844 0.861343 0.538542 0.862269 0.537240 0.862731 0.535156 0.862731 0.534896 0.863194 0.526302 0.863194 0.526042 0.863657 0.522396 0.863657 0.522135 0.864120 0.518490 0.864120 0.518229 0.864583 0.516667 0.864583 0.516406 0.865046 0.515104 0.865046 0.514844 0.865509 0.512500 0.865509 0.512240 0.865972 0.510417 0.865972 0.509375 0.866435 0.509115 0.865972 0.507812 0.865972 0.507552 0.865509 0.504687 0.865509 0.504427 0.865046 0.492708 0.865046 0.492448 0.865509 0.487500 0.865509 0.487240 0.865972 0.481510 0.865972 0.481250 0.866435 0.476562 0.866435 0.476302 0.866898 0.470573 0.866898 0.470313 0.867361 0.466667 0.867361 0.466406 0.867824 0.459635 0.867824 0.459375 0.868287 0.450781 0.868287 0.450521 0.868750 0.444010 0.868750 0.443750 0.869213 0.439583 0.869213 0.439323 0.869676 0.435156 0.869676 0.434896 0.870139 0.429948 0.870139 0.429688 0.870602 0.422656 0.870602 0.422396 0.871065
11 0.353906 0.715509 0.352865 0.715509 0.350260 0.713657 0.349609 0.712037 0.349349 0.709722 0.348828 0.708333 0.347526 0.701389 0.345703 0.696296 0.345703 0.695370 0.344661 0.692130 0.343620 0.687037 0.342057 0.682407 0.340755 0.676389 0.339453 0.672222 0.338672 0.668981 0.336589 0.662500 0.335547 0.658333 0.334766 0.656019 0.334766 0.655093 0.333984 0.653241 0.333203 0.650463 0.333203 0.649537 0.331641 0.643981 0.330599 0.640741 0.330599 0.639815 0.329297 0.635648 0.329297 0.634722 0.328516 0.631944 0.326953 0.628241 0.326172 0.624537 0.325651 0.623148 0.324479 0.621528 0.323177 0.620602 0.321615 0.620139 0.320312 0.618287 0.318750 0.616898 0.317578 0.614815 0.317057 0.612500 0.317057 0.610185 0.316797 0.609722 0.316797 0.606944 0.317578 0.603704 0.317578 0.602315 0.318099 0.600463 0.318099 0.599074 0.318620 0.597222 0.319661 0.589815 0.320182 0.587037 0.320703 0.585648 0.321484 0.581019 0.321484 0.579630 0.322005 0.578241 0.322786 0.573148 0.323568 0.569907 0.324089 0.565741 0.324609 0.562963 0.325391 0.560648 0.326432 0.556019 0.327734 0.553704 0.327734 0.553241 0.328906 0.551157 0.332813 0.547454 0.334115 0.545602 0.335938 0.544213 0.337500 0.541435 0.338281 0.540972 0.338672 0.542130 0.339844 0.544213 0.340885 0.545602 0.342448 0.546991 0.342969 0.546991 0.344792 0.548843 0.345573 0.549306 0.351302 0.549306 0.352865 0.548380 0.354818 0.544907 0.354818 0.544444 0.356641 0.541204 0.358724 0.535648 0.360026 0.533333 0.360677 0.531713 0.361719 0.530787 0.364063 0.529861 0.365885 0.529861 0.366146 0.529398 0.367448 0.529398 0.368750 0.528935 0.370052 0.528009 0.371354 0.527546 0.372656 0.527546 0.372917 0.527083 0.376563 0.527083 0.377083 0.527546 0.377995 0.529630 0.378776 0.533796 0.379557 0.536111 0.379557 0.537037 0.380990 0.540046 0.383594 0.541898 0.386979 0.541898 0.387240 0.541435 0.388802 0.541435 0.390104 0.540509 0.392188 0.540046 0.394531 0.538194 0.395964 0.535648 0.396745 0.533796 0.397526 0.531019 0.397526 0.524074 0.398177 0.522454 0.399479 0.521528 0.400781 0.521528 0.401823 0.521065 0.403646 0.519676 0.404427 0.518287 0.405729 0.517361 0.406510 0.517361 0.407813 0.516435 0.409115 0.515972 0.410417 0.515972 0.410677 0.515509 0.412500 0.515509 0.412760 0.515046 0.415885 0.515046 0.416146 0.514583 0.420312 0.514583 0.421615 0.513657 0.422396 0.513657 0.423177 0.512731 0.426042 0.511806 0.427083 0.510880 0.427865 0.510880 0.430469 0.509028 0.431771 0.509028 0.432031 0.508565 0.433333 0.508565 0.433594 0.508102 0.434896 0.508102 0.435156 0.507639 0.436458 0.507639 0.436719 0.507176 0.438021 0.507176 0.438281 0.506713 0.440625 0.506713 0.440885 0.507176 0.442188 0.507176 0.444010 0.508565 0.446094 0.512269 0.447656 0.513194 0.449219 0.513657 0.451302 0.515509 0.452734 0.518519 0.452734 0.519444 0.453516 0.523148 0.453516 0.525463 0.453776 0.525926 0.453776 0.528704 0.454036 0.529167 0.454036 0.534259 0.454297 0.534722 0.454297 0.543981 0.454557 0.544444 0.454557 0.566667 0.453516 0.572222 0.453516 0.576389 0.453776 0.576852 0.453776 0.580093 0.454557 0.582870 0.454557 0.583796 0.455339 0.586574 0.455339 0.588889 0.455599 0.589352 0.455599 0.596296 0.454818 0.599537 0.454167 0.600694 0.452083 0.602083 0.449219 0.602083 0.448958 0.602546 0.445312 0.602546 0.445052 0.603009 0.443750 0.603009 0.442448 0.603935 0.440104 0.604861 0.439844 0.605324 0.438281 0.605324 0.437500 0.604861 0.435156 0.602546 0.433333 0.602083 0.432292 0.601157 0.428646 0.601157 0.428385 0.601620 0.426563 0.601620 0.426302 0.602083 0.424219 0.602083 0.423958 0.602546 0.421875 0.602546 0.421615 0.603009 0.419010 0.603009 0.418750 0.603472 0.415625 0.603472 0.415365 0.603935 0.412760 0.603935 0.412500 0.604398 0.410677 0.604398 0.410417 0.604861 0.408854 0.604861 0.408594 0.605324 0.406771 0.605787 0.405729 0.606713 0.404948 0.606713 0.403385 0.608102 0.401823 0.609954 0.401042 0.611343 0.400000 0.612269 0.398307 0.615278 0.397266 0.618519 0.396484 0.622685 0.396484 0.625463 0.396224 0.625926 0.396224 0.628241 0.394661 0.634259 0.394401 0.636574 0.393880 0.637963 0.393099 0.643056 0.392318 0.646296 0.392318 0.647685 0.391536 0.650926 0.391016 0.651852 0.390495 0.654167 0.389974 0.655093 0.389453 0.657407 0.389193 0.660648 0.388672 0.662500 0.388672 0.664352 0.388151 0.667130 0.388151 0.668981 0.387630 0.670370 0.387109 0.673611 0.387109 0.675926 0.386849 0.677778 0.386328 0.679167 0.385807 0.682870 0.385547 0.683333 0.384505 0.689815 0.384245 0.692130 0.383724 0.693519 0.382943 0.698611 0.381641 0.703241 0.380208 0.706250 0.378385 0.707176 0.377083 0.707176 0.376823 0.707639 0.374740 0.707639 0.373437 0.708565 0.369271 0.708565 0.368490 0.709028 0.367448 0.710880 0.365885 0.711343 0.363802 0.712731 0.362500 0.712731 0.360938 0.713657 0.358073 0.713657 0.357812 0.714120 0.356510 0.714120 0.355208 0.715046 0.353906 0.715509
11 0.999740 0.994213 0.997396 0.994213 0.995313 0.995602 0.992188 0.995602 0.991927 0.996065 0.973698 0.996065 0.973437 0.995602 0.969531 0.995602 0.968750 0.994676 0.967187 0.991898 0.966146 0.990972 0.965885 0.991435 0.964063 0.991898 0.962240 0.993287 0.961719 0.994213 0.959896 0.995602 0.958333 0.995602 0.958073 0.996065 0.956510 0.996065 0.956250 0.996528 0.952344 0.996528 0.952083 0.996065 0.945052 0.996065 0.944792 0.995602 0.941667 0.995602 0.939583 0.993750 0.933854 0.993750 0.933594 0.993287 0.931510 0.993287 0.929688 0.991898 0.928385 0.991435 0.927083 0.990509 0.925260 0.987269 0.924219 0.986343 0.923047 0.984259 0.922005 0.981019 0.920573 0.978472 0.920312 0.978472 0.918880 0.975926 0.918099 0.973148 0.916927 0.970602 0.916667 0.970602 0.914974 0.967593 0.913672 0.962500 0.913151 0.961574 0.912370 0.958796 0.910547 0.955556 0.909766 0.953241 0.908464 0.950926 0.907422 0.948148 0.906380 0.942593 0.905859 0.938889 0.904687 0.935417 0.903646 0.935880 0.901823 0.939120 0.900391 0.940741 0.898047 0.948611 0.897005 0.950926 0.895703 0.953241 0.894401 0.956481 0.893359 0.961111 0.891797 0.964815 0.891016 0.968056 0.890495 0.968981 0.889714 0.971759 0.887891 0.975926 0.887630 0.977315 0.886589 0.979630 0.885807 0.982407 0.884245 0.985648 0.883203 0.988889 0.881771 0.991898 0.880729 0.993287 0.878125 0.995602 0.877344 0.996065 0.855469 0.996065 0.854167 0.995602 0.852865 0.994676 0.850521 0.994213 0.850260 0.993750 0.848698 0.993750 0.847396 0.994676 0.846094 0.994676 0.844531 0.995602 0.835677 0.995602 0.833594 0.994213 0.832292 0.993750 0.831510 0.992824 0.829688 0.991898 0.828906 0.990972 0.825391 0.984722 0.824609 0.981944 0.823568 0.979167 0.821745 0.976389 0.819922 0.971296 0.819661 0.969907 0.818620 0.967593 0.818359 0.966204 0.817578 0.964815 0.816797 0.962500 0.816276 0.960185 0.814714 0.956944 0.813672 0.954167 0.811589 0.946296 0.809505 0.941667 0.808724 0.938889 0.807682 0.936111 0.805859 0.931944 0.805339 0.929630 0.804818 0.928704 0.802734 0.922685 0.800911 0.918519 0.799089 0.913889 0.798047 0.909722 0.797135 0.908102 0.795573 0.907176 0.792448 0.907176 0.792188 0.907639 0.790104 0.907639 0.789844 0.908102 0.788542 0.908102 0.788281 0.908565 0.786719 0.908565 0.786458 0.909028 0.785156 0.909028 0.782292 0.910417 0.780729 0.910417 0.780469 0.910880 0.779167 0.910880 0.778906 0.911343 0.777344 0.911343 0.777083 0.911806 0.775260 0.911806 0.773958 0.912269 0.772656 0.913194 0.771354 0.913657 0.769271 0.913657 0.769010 0.914120 0.766927 0.914120 0.766667 0.914583 0.764844 0.915046 0.763542 0.915972 0.762240 0.915972 0.761979 0.916435 0.760417 0.916435 0.760156 0.916898 0.758854 0.916898 0.758594 0.917361 0.757292 0.917361 0.757031 0.917824 0.755729 0.917824 0.755469 0.918287 0.753646 0.918287 0.753385 0.918750 0.752083 0.918750 0.751823 0.919213 0.750521 0.919213 0.748958 0.920139 0.746354 0.921065 0.744792 0.921065 0.744531 0.921528 0.742969 0.921528 0.742708 0.921991 0.741406 0.921991 0.741146 0.922454 0.739844 0.922454 0.739583 0.922917 0.738281 0.922917 0.738021 0.923380 0.736458 0.923380 0.736198 0.923843 0.733854 0.924306 0.732552 0.925231 0.730469 0.925231 0.730208 0.925694 0.728125 0.925694 0.727865 0.926157 0.726042 0.926620 0.723958 0.928009 0.722135 0.928009 0.721875 0.927546 0.720833 0.928009 0.719531 0.928009 0.717969 0.928935 0.717187 0.929861 0.714844 0.930787 0.713281 0.931713 0.708594 0.931713 0.707031 0.932639 0.705729 0.932639 0.704427 0.933102 0.703125 0.934028 0.701823 0.934491 0.700521 0.934491 0.700260 0.934954 0.698958 0.934954 0.698698 0.935417 0.697135 0.935417 0.694271 0.936806 0.692969 0.936806 0.691406 0.937731 0.690104 0.937731 0.689844 0.938194 0.688542 0.938194 0.688281 0.938657 0.686979 0.938657 0.685677 0.939583 0.680208 0.941435 0.679167 0.942361 0.677344 0.942824 0.674219 0.944676 0.673047 0.946759 0.672786 0.950000 0.672526 0.950463 0.672526 0.953704 0.672266 0.954167 0.672266 0.957407 0.672005 0.957870 0.672005 0.960648 0.671745 0.961111 0.671745 0.964815 0.671484 0.965278 0.671484 0.968981 0.671224 0.969444 0.671224 0.972222 0.670964 0.972685 0.670964 0.975000 0.670703 0.975463 0.670703 0.977778 0.670443 0.978241 0.670443 0.980556 0.669661 0.985648 0.669401 0.989352 0.668359 0.992593 0.666927 0.995139 0.665625 0.996065 0.662760 0.996065 0.662500 0.996528 0.650260 0.996528 0.648177 0.995602 0.646484 0.992593 0.646484 0.992130 0.644661 0.989352 0.644401 0.988426 0.644922 0.987037 0.645182 0.984722 0.645703 0.983333 0.645964 0.981481 0.645964 0.975926 0.646224 0.975463 0.646224 0.971296 0.646484 0.970833 0.646484 0.965741 0.646745 0.965278 0.646745 0.960648 0.647005 0.958333 0.647526 0.956019 0.647526 0.946759 0.647786 0.944907 0.648568 0.941667 0.648568 0.939352 0.648828 0.938889 0.648828 0.933333 0.649089 0.932870 0.649089 0.928704 0.649349 0.926389 0.649089 0.925926 0.649089 0.922222 0.648307 0.917130 0.647786 0.915741 0.647266 0.912963 0.647005 0.909722 0.646484 0.906944 0.645573 0.904398 0.643750 0.903009 0.642969 0.902083 0.641927 0.902083 0.640365 0.903472 0.639062 0.903935 0.637760 0.904861 0.635417 0.904861 0.634375 0.905324 0.633594 0.906250 0.632552 0.906713 0.632031 0.907639 0.629948 0.909491 0.628516 0.912037 0.628516 0.913889 0.629297 0.915278 0.630078 0.918519 0.630339 0.921296 0.630859 0.922685 0.630859 0.924074 0.631641 0.927315 0.632943 0.937037 0.633464 0.939352 0.633724 0.942593 0.635547 0.948611 0.635547 0.950000 0.636068 0.952315 0.636328 0.955093 0.637370 0.958333 0.637630 0.961111 0.638151 0.962963 0.639453 0.969907 0.640234 0.972222 0.640755 0.974537 0.641016 0.978241 0.641276 0.978704 0.641276 0.981019 0.641536 0.981481 0.641536 0.985185 0.641797 0.985648 0.641797 0.990278 0.641536 0.990741 0.640104 0.995602 0.638542 0.996528 0.635417 0.996528 0.634115 0.996991 0.633854 0.996528 0.630208 0.996528 0.629948 0.996065 0.627344 0.996065 0.626563 0.995602 0.624870 0.991667 0.623828 0.986574 0.622526 0.981944 0.622266 0.979630 0.621745 0.977778 0.620964 0.972222 0.620443 0.970833 0.620182 0.968519 0.619401 0.965278 0.618880 0.961111 0.618359 0.959259 0.618099 0.956944 0.617578 0.955556 0.617318 0.952315 0.616797 0.950000 0.616797 0.948148 0.616276 0.945833 0.615755 0.942130 0.615234 0.940741 0.615234 0.939352 0.614714 0.937500 0.614714 0.936111 0.614193 0.934259 0.613672 0.930093 0.613151 0.927778 0.612370 0.923148 0.611849 0.921759 0.611068 0.917593 0.610807 0.915278 0.610286 0.913889 0.610026 0.912037 0.610026 0.908333 0.609766 0.907870 0.609766 0.905556 0.609505 0.905093 0.609245 0.900926 0.608724 0.899074 0.608203 0.895370 0.608203 0.893981 0.607682 0.892130 0.607422 0.888426 0.606641 0.885185 0.606641 0.882870 0.606380 0.882407 0.606380 0.879630 0.605859 0.875926 0.605078 0.873148 0.603776 0.870370 0.603516 0.867593 0.602734 0.864352 0.602474 0.860648 0.601693 0.857407 0.601432 0.855093 0.601432 0.852315 0.601172 0.850463 0.600391 0.847685 0.599870 0.846759 0.598828 0.842593 0.598828 0.840278 0.598307 0.837963 0.598307 0.836574 0.596745 0.831481 0.595964 0.830093 0.595964 0.828704 0.595443 0.826389 0.595443 0.824537 0.594922 0.822685 0.594661 0.818981 0.594141 0.817130 0.594141 0.815741 0.593620 0.813426 0.593359 0.810185 0.592839 0.808333 0.592839 0.806944 0.592318 0.805556 0.592057 0.803241 0.591276 0.800000 0.591276 0.798611 0.590755 0.796296 0.590234 0.791667 0.588932 0.786574 0.588932 0.785185 0.588151 0.782870 0.588151 0.781481 0.587109 0.777315 0.587109 0.775926 0.586589 0.774074 0.586589 0.771759 0.586328 0.771296 0.586328 0.768981 0.586068 0.766667 0.585547 0.764352 0.585286 0.762037 0.584766 0.760648 0.584245 0.757407 0.584245 0.755556 0.583724 0.752778 0.581641 0.745833 0.580859 0.740278 0.580339 0.739352 0.580078 0.737037 0.579297 0.734722 0.579036 0.731944 0.578776 0.731481 0.578516 0.727315 0.577995 0.725000 0.577995 0.723148 0.576953 0.718519 0.576953 0.716667 0.576432 0.714352 0.576432 0.712500 0.575911 0.709722 0.574870 0.706019 0.574089 0.699074 0.573568 0.696759 0.573568 0.694444 0.573307 0.692593 0.572526 0.689815 0.572266 0.687500 0.572266 0.685185 0.572005 0.684722 0.571745 0.680556 0.571484 0.680093 0.571484 0.675926 0.572656 0.674306 0.575000 0.673380 0.575521 0.672917 0.576823 0.670602 0.580469 0.668750 0.582812 0.668750 0.583073 0.668287 0.584896 0.668287 0.586979 0.666898 0.587630 0.665741 0.588151 0.663889 0.588151 0.660648 0.587891 0.660185 0.587891 0.657407 0.587630 0.655556 0.587109 0.654167 0.586328 0.649537 0.586328 0.648148 0.585807 0.645833 0.585807 0.643981 0.585286 0.641204 0.585286 0.639352 0.584766 0.637500 0.583724 0.631481 0.583203 0.630093 0.583203 0.628704 0.582682 0.626389 0.580339 0.618981 0.579297 0.612500 0.579036 0.610185 0.579036 0.607870 0.578776 0.606019 0.579036 0.605556 0.579036 0.600463 0.579297 0.598611 0.580469 0.594676 0.582812 0.591898 0.583854 0.590046 0.586198 0.587269 0.588021 0.584028 0.589323 0.583102 0.590885 0.582639 0.591667 0.581713 0.592969 0.581250 0.594010 0.580324 0.595833 0.579861 0.597396 0.578935 0.598698 0.578935 0.600260 0.577546 0.600781 0.576620 0.603125 0.574769 0.604427 0.574306 0.605208 0.573380 0.605990 0.573380 0.607552 0.572454 0.608854 0.571065 0.611458 0.570139 0.611719 0.569676 0.613281 0.569676 0.613542 0.569213 0.615365 0.569213 0.615625 0.568750 0.617969 0.568750 0.618229 0.568287 0.619792 0.568287 0.620052 0.567824 0.621354 0.567824 0.622656 0.566898 0.624479 0.566435 0.626823 0.564583 0.628906 0.564583 0.629167 0.564120 0.630729 0.564120 0.632031 0.563194 0.633073 0.563194 0.634375 0.562269 0.636198 0.562269 0.636458 0.561806 0.637760 0.561806 0.640625 0.559491 0.642969 0.558565 0.644792 0.558565 0.645052 0.558102 0.646354 0.558102 0.646615 0.557639 0.648177 0.557639 0.648438 0.557176 0.650000 0.557176 0.650260 0.556713 0.652083 0.556713 0.652344 0.556250 0.654167 0.556250 0.654427 0.555787 0.655990 0.555787 0.656250 0.555324 0.657552 0.555324 0.657813 0.554861 0.661458 0.553472 0.662240 0.552546 0.663281 0.552546 0.666667 0.550694 0.668229 0.550694 0.668490 0.550231 0.669792 0.550231 0.670052 0.549769 0.672135 0.549769 0.673698 0.548843 0.675000 0.548843 0.675260 0.548380 0.676562 0.548380 0.676823 0.547917 0.681250 0.547917 0.681510 0.548380 0.683073 0.548380 0.684896 0.549769 0.685286 0.550463 0.686068 0.553241 0.686589 0.557407 0.687891 0.561111 0.690104 0.565046 0.691146 0.565509 0.692448 0.566898 0.693490 0.567361 0.695312 0.567361 0.695573 0.567824 0.698438 0.567824 0.698698 0.568287 0.700260 0.568287 0.701562 0.568750 0.703385 0.570602 0.704297 0.572685 0.704557 0.576389 0.704818 0.576852 0.704818 0.581481 0.704557 0.581944 0.704557 0.588426 0.705078 0.590741 0.705339 0.593056 0.705339 0.600463 0.708333 0.603935 0.709375 0.603935 0.711198 0.600694 0.711458 0.600694 0.712630 0.598611 0.713411 0.595370 0.713411 0.593056 0.714193 0.589815 0.716146 0.586343 0.716276 0.587500 0.717318 0.590278 0.717578 0.592130 0.717578 0.595833 0.717318 0.596296 0.717318 0.599074 0.717057 0.599537 0.717057 0.604167 0.717318 0.604630 0.717318 0.606944 0.717057 0.608333 0.716146 0.610417 0.714583 0.609954 0.714323 0.609491 0.713021 0.609491 0.712760 0.609028 0.711198 0.609491 0.710156 0.610417 0.709505 0.612500 0.709505 0.615278 0.710807 0.620370 0.711068 0.622222 0.711849 0.624537 0.713542 0.627546 0.714583 0.628472 0.716276 0.630556 0.717318 0.632870 0.718750 0.635417 0.720052 0.636343 0.725260 0.636343 0.725521 0.635880 0.726823 0.635880 0.727083 0.635417 0.728385 0.635417 0.728646 0.634954 0.730208 0.634954 0.730469 0.634491 0.731771 0.634491 0.733854 0.632639 0.735156 0.630787 0.736198 0.629861 0.738151 0.626389 0.739193 0.623611 0.740495 0.619444 0.740495 0.618519 0.741536 0.615278 0.742057 0.614352 0.743359 0.610648 0.744531 0.608565 0.747135 0.607176 0.747786 0.606019 0.748828 0.602315 0.751302 0.598843 0.753906 0.602546 0.754167 0.602546 0.755339 0.604630 0.756380 0.609722 0.756380 0.611574 0.756901 0.613889 0.756901 0.618519 0.756641 0.618981 0.756641 0.621296 0.755859 0.623611 0.754557 0.628704 0.754557 0.634259 0.754036 0.636111 0.752734 0.638889 0.751953 0.642593 0.751432 0.643981 0.750651 0.650463 0.749870 0.654630 0.749609 0.656944 0.749609 0.659259 0.749089 0.662037 0.749349 0.664352 0.750000 0.665509 0.751042 0.666435 0.752604 0.666435 0.752865 0.665972 0.754427 0.665972 0.754687 0.665509 0.756250 0.665509 0.756510 0.665046 0.757812 0.665046 0.758073 0.664583 0.759635 0.664583 0.759896 0.664120 0.762500 0.664120 0.762760 0.663657 0.768490 0.663657 0.768750 0.663194 0.775781 0.663194 0.777604 0.662269 0.777734 0.661574 0.779948 0.657639 0.781120 0.656944 0.780729 0.655324 0.779687 0.654861 0.777344 0.654861 0.777083 0.654398 0.775521 0.654398 0.774479 0.653935 0.773698 0.653009 0.772656 0.652546 0.771875 0.651620 0.769922 0.648148 0.768880 0.645370 0.767057 0.642130 0.766016 0.638889 0.765755 0.636574 0.765234 0.634259 0.765234 0.632407 0.764714 0.629630 0.764714 0.627778 0.763932 0.622685 0.763932 0.619907 0.764193 0.619444 0.764193 0.616667 0.764974 0.613889 0.767448 0.611806 0.768750 0.611806 0.769010 0.611343 0.770312 0.611343 0.771875 0.610417 0.772917 0.610417 0.775260 0.609028 0.777083 0.608565 0.778385 0.607639 0.779167 0.607639 0.780208 0.606713 0.783073 0.605787 0.783333 0.605324 0.784896 0.605324 0.786198 0.604861 0.788021 0.603472 0.789193 0.601389 0.789714 0.599537 0.789974 0.597222 0.789974 0.594444 0.790234 0.593981 0.790234 0.591667 0.791016 0.587963 0.791276 0.584722 0.791797 0.582870 0.791797 0.581481 0.792318 0.579167 0.792318 0.577778 0.792839 0.575926 0.793359 0.570370 0.793880 0.568056 0.794141 0.563889 0.795443 0.556481 0.795443 0.554167 0.795703 0.553704 0.795703 0.551389 0.796484 0.547222 0.796745 0.544907 0.796745 0.541667 0.797005 0.541204 0.797005 0.537037 0.798047 0.529630 0.798828 0.527315 0.800911 0.523611 0.801693 0.520370 0.801953 0.517593 0.803125 0.515046 0.804688 0.513657 0.806510 0.510417 0.807292 0.509491 0.808333 0.509028 0.809115 0.508102 0.812500 0.506713 0.813542 0.505787 0.814844 0.505324 0.816406 0.505324 0.816667 0.504861 0.817969 0.504861 0.818229 0.504398 0.820312 0.503472 0.822656 0.503009 0.822917 0.502546 0.824219 0.502546 0.824479 0.502083 0.825781 0.502083 0.827083 0.501620 0.828385 0.500694 0.829688 0.500231 0.830990 0.500231 0.831250 0.499769 0.833333 0.499769 0.833594 0.499306 0.834896 0.499306 0.835156 0.498843 0.837500 0.498380 0.839063 0.497454 0.841406 0.496991 0.841667 0.496528 0.843229 0.496528 0.843490 0.496065 0.845052 0.496065 0.846615 0.495139 0.847917 0.495139 0.848177 0.494676 0.849740 0.494676 0.850000 0.494213 0.851302 0.494213 0.851562 0.493750 0.853906 0.493287 0.854167 0.492824 0.855729 0.492824 0.855990 0.492361 0.860417 0.492361 0.861979 0.493750 0.863542 0.496528 0.863802 0.496528 0.865755 0.500000 0.865755 0.500463 0.867708 0.503935 0.868490 0.504861 0.872135 0.507639 0.874219 0.509954 0.876823 0.512269 0.879427 0.512269 0.879687 0.512731 0.881510 0.512731 0.881771 0.512269 0.885677 0.512269 0.885938 0.511806 0.887500 0.511806 0.888542 0.511343 0.890104 0.509954 0.891146 0.508102 0.892448 0.506713 0.893750 0.504398 0.894010 0.504398 0.895443 0.501852 0.895443 0.501389 0.897005 0.498148 0.897786 0.494907 0.897786 0.493519 0.898568 0.488889 0.899089 0.486574 0.899089 0.484722 0.899609 0.482407 0.901042 0.479861 0.903906 0.477083 0.905208 0.476157 0.907552 0.475694 0.907813 0.475231 0.909115 0.475231 0.909375 0.474769 0.910677 0.474769 0.910937 0.474306 0.912500 0.474306 0.912760 0.473843 0.914062 0.473843 0.915625 0.472917 0.917188 0.472917 0.917448 0.472454 0.918750 0.472454 0.919010 0.471991 0.920312 0.471991 0.920573 0.471528 0.923438 0.470602 0.925000 0.469676 0.926302 0.469676 0.926562 0.469213 0.928125 0.469213 0.928385 0.468750 0.930729 0.468750 0.930990 0.468287 0.932813 0.468287 0.933073 0.467824 0.934635 0.467824 0.934896 0.467361 0.940104 0.467361 0.940885 0.468287 0.942969 0.469213 0.943490 0.470139 0.945052 0.471528 0.948438 0.472917 0.950000 0.473843 0.952083 0.473843 0.952344 0.474306 0.955208 0.474306 0.955469 0.474769 0.958333 0.475694 0.959635 0.477083 0.962760 0.481250 0.963021 0.481250 0.965625 0.484954 0.967448 0.486343 0.968229 0.487731 0.969271 0.488657 0.971094 0.491898 0.972656 0.493750 0.974479 0.495139 0.975521 0.496528 0.977083 0.499769 0.978646 0.501620 0.980339 0.504630 0.980599 0.506019 0.981771 0.508565 0.983073 0.508565 0.983854 0.507639 0.985286 0.505093 0.986328 0.502778 0.986589 0.501389 0.987630 0.499074 0.988672 0.494907 0.989714 0.491667 0.989714 0.490741 0.991276 0.487037 0.992578 0.482407 0.992839 0.481944 0.993620 0.477778 0.993620 0.476852 0.994922 0.472685 0.995703 0.467593 0.996484 0.464815 0.996745 0.461574 0.997266 0.459259 0.998437 0.456713 0.999740 0.456713
0 0.133073 0.950694 0.129688 0.950694 0.127344 0.948843 0.126432 0.947222 0.125391 0.943981 0.125391 0.943056 0.124609 0.940278 0.124349 0.937963 0.124349 0.935648 0.124089 0.935185 0.124089 0.928241 0.123828 0.927778 0.123828 0.919444 0.124089 0.918981 0.124089 0.916667 0.124349 0.914352 0.124870 0.912500 0.127083 0.908565 0.129167 0.906713 0.132031 0.904861 0.133594 0.903009 0.134896 0.902083 0.136458 0.900231 0.138281 0.896991 0.139583 0.895139 0.140625 0.894213 0.141406 0.892824 0.142969 0.891435 0.143490 0.890509 0.146615 0.888194 0.147396 0.887269 0.148958 0.886806 0.150000 0.885880 0.152083 0.885880 0.152344 0.885417 0.154427 0.885417 0.155469 0.885880 0.158073 0.887731 0.159766 0.890741 0.161068 0.895833 0.162109 0.898611 0.163411 0.904630 0.163411 0.907870 0.162630 0.913426 0.162109 0.914352 0.161589 0.916667 0.160807 0.918981 0.158984 0.922685 0.157422 0.927315 0.153906 0.932176 0.152344 0.934954 0.152083 0.934954 0.150781 0.937269 0.149219 0.938657 0.147656 0.940509 0.142187 0.945139 0.140885 0.946065 0.139583 0.947454 0.135677 0.949769 0.134635 0.950231 0.133333 0.950231 0.133073 0.950694
0 0.079427 0.974769 0.077344 0.972454 0.074479 0.970139 0.072917 0.967824 0.070573 0.965972 0.070052 0.965046 0.068750 0.964120 0.067578 0.961574 0.066797 0.958333 0.065234 0.954167 0.064453 0.949074 0.064453 0.941204 0.064714 0.939815 0.065495 0.937963 0.066016 0.935648 0.067969 0.932176 0.069271 0.930787 0.070312 0.928935 0.072396 0.926620 0.074479 0.923380 0.079948 0.916898 0.080729 0.916435 0.082812 0.913657 0.084115 0.912731 0.084635 0.911806 0.085938 0.910880 0.087760 0.908565 0.090104 0.906713 0.090885 0.905787 0.093490 0.904861 0.093750 0.904398 0.096354 0.904398 0.097786 0.906944 0.098568 0.909259 0.099609 0.913889 0.100651 0.916204 0.100911 0.917593 0.102214 0.920370 0.102734 0.922685 0.103776 0.925926 0.104036 0.929167 0.104557 0.931481 0.104557 0.935648 0.104036 0.938426 0.102995 0.941667 0.102214 0.943519 0.100911 0.945833 0.100911 0.946296 0.096615 0.953935 0.096354 0.953935 0.095052 0.956250 0.094010 0.957176 0.093229 0.958565 0.090365 0.961343 0.088542 0.964120 0.086979 0.965972 0.083073 0.969676 0.081771 0.970602 0.079427 0.974769
4 0.088151 0.999537 0.087500 0.998380 0.085938 0.997454 0.084766 0.995370 0.084505 0.993519 0.083984 0.992130 0.083464 0.988889 0.082943 0.987963 0.082682 0.986111 0.082161 0.984722 0.081901 0.982870 0.081901 0.976389 0.082161 0.974537 0.084115 0.970139 0.085156 0.968750 0.088542 0.965972 0.091146 0.962269 0.091406 0.962269 0.096094 0.955787 0.097396 0.953472 0.097656 0.953472 0.101953 0.945833 0.102734 0.943519 0.103906 0.941435 0.105208 0.940046 0.106120 0.937963 0.106641 0.936111 0.107422 0.934722 0.107813 0.933102 0.111979 0.933102 0.113542 0.932176 0.114844 0.932176 0.115104 0.931713 0.116406 0.931713 0.116667 0.931250 0.117969 0.931250 0.118750 0.930787 0.119271 0.931250 0.121354 0.934954 0.122526 0.936574 0.123568 0.940278 0.123828 0.942130 0.124870 0.944444 0.125391 0.946296 0.126823 0.948843 0.128125 0.950231 0.129427 0.951157 0.133333 0.951157 0.133594 0.950694 0.134896 0.950694 0.136979 0.949306 0.138281 0.948843 0.139063 0.947917 0.140365 0.947454 0.141406 0.946528 0.142187 0.946528 0.143750 0.945139 0.146615 0.941435 0.149740 0.938657 0.151042 0.937269 0.151823 0.935880 0.152865 0.934954 0.155469 0.930324 0.155729 0.930324 0.159245 0.924074 0.159245 0.923611 0.161328 0.919907 0.161849 0.918519 0.162891 0.914352 0.163411 0.911574 0.163932 0.906944 0.163932 0.904630 0.163672 0.904167 0.163672 0.901852 0.163151 0.899537 0.162630 0.895833 0.162109 0.894444 0.161589 0.889352 0.160807 0.886111 0.162240 0.884028 0.163542 0.883102 0.166406 0.882176 0.168229 0.880787 0.168750 0.880787 0.170573 0.878935 0.171094 0.878935 0.173177 0.877083 0.174479 0.876620 0.176563 0.874769 0.178125 0.873843 0.178906 0.873843 0.182292 0.871528 0.182812 0.871528 0.185677 0.868750 0.186979 0.867824 0.188281 0.867361 0.189323 0.866435 0.190625 0.865972 0.192448 0.865972 0.192708 0.865509 0.194792 0.865509 0.195052 0.865046 0.196615 0.865046 0.196875 0.864583 0.198437 0.864583 0.201302 0.863194 0.202604 0.863194 0.202865 0.862731 0.204427 0.862731 0.204687 0.862269 0.206250 0.862269 0.206510 0.861806 0.207813 0.861806 0.209375 0.860880 0.210677 0.860880 0.212240 0.859954 0.213802 0.859954 0.214062 0.859491 0.216146 0.859491 0.218229 0.858565 0.220052 0.857176 0.221354 0.857176 0.221615 0.856713 0.223698 0.856713 0.223958 0.856250 0.226042 0.856250 0.226302 0.855787 0.228646 0.855787 0.228906 0.855324 0.230990 0.855324 0.231250 0.854861 0.234896 0.854861 0.235156 0.855324 0.236458 0.855324 0.237891 0.856944 0.238411 0.858333 0.238411 0.864352 0.238151 0.864815 0.238151 0.868519 0.237891 0.868981 0.237891 0.872222 0.237109 0.877315 0.237109 0.879630 0.236849 0.880093 0.236849 0.882870 0.236589 0.883333 0.236589 0.886574 0.236849 0.887037 0.236849 0.889352 0.237109 0.891204 0.238672 0.895833 0.239453 0.897685 0.240625 0.899306 0.241927 0.901620 0.244401 0.905093 0.245964 0.909722 0.246224 0.911111 0.247005 0.912500 0.247526 0.914352 0.248568 0.916667 0.249609 0.920833 0.252995 0.926852 0.253776 0.930093 0.255078 0.933333 0.256901 0.939815 0.256901 0.940741 0.257682 0.943056 0.258464 0.946759 0.258984 0.948148 0.261068 0.955556 0.261068 0.956481 0.261849 0.959259 0.262630 0.961111 0.263151 0.964352 0.264193 0.968056 0.264714 0.971296 0.265495 0.973148 0.267578 0.979630 0.269661 0.988426 0.269661 0.994444 0.269922 0.995370 0.268750 0.997917 0.267578 0.999537
12 0.255469 0.921991 0.253646 0.921528 0.252083 0.920602 0.250391 0.917593 0.248828 0.912500 0.248047 0.909259 0.247005 0.906481 0.243750 0.900694 0.243490 0.900694 0.242318 0.898611 0.241797 0.895833 0.241536 0.892593 0.242188 0.891435 0.244792 0.889583 0.245312 0.888657 0.247396 0.886806 0.248958 0.885880 0.250521 0.885880 0.250781 0.885417 0.252344 0.885417 0.252604 0.884954 0.254688 0.884028 0.255729 0.884028 0.257812 0.883102 0.259115 0.882176 0.261458 0.881713 0.262760 0.880787 0.263802 0.880787 0.266667 0.879398 0.267969 0.879398 0.269531 0.878472 0.270833 0.878472 0.272135 0.878009 0.273438 0.877083 0.274740 0.877083 0.275000 0.876620 0.277344 0.876157 0.278646 0.875231 0.280990 0.874769 0.281250 0.874306 0.284896 0.873380 0.286198 0.872454 0.287500 0.871991 0.288802 0.871991 0.289062 0.871528 0.290365 0.871528 0.291667 0.871065 0.294792 0.868750 0.295573 0.867824 0.297526 0.864352 0.299089 0.859259 0.299349 0.856944 0.300130 0.853241 0.300130 0.851389 0.301172 0.845370 0.301432 0.841204 0.301693 0.840741 0.302474 0.833333 0.302995 0.831481 0.303255 0.827778 0.303776 0.825463 0.303776 0.823611 0.304297 0.821296 0.304557 0.818056 0.305078 0.816204 0.305078 0.814815 0.305599 0.812963 0.305859 0.809722 0.306380 0.807407 0.306641 0.803241 0.306901 0.802778 0.307422 0.796296 0.307943 0.793981 0.308203 0.790741 0.309245 0.786111 0.309245 0.784722 0.309766 0.782870 0.309766 0.781481 0.310547 0.775926 0.311068 0.774074 0.311068 0.772685 0.311589 0.770833 0.311589 0.768981 0.312109 0.766204 0.312370 0.762037 0.313151 0.758333 0.313151 0.756944 0.313672 0.755093 0.314714 0.749074 0.314714 0.747222 0.315495 0.743056 0.315495 0.741204 0.316016 0.737500 0.316536 0.735648 0.317057 0.731944 0.317057 0.719444 0.317969 0.718287 0.320052 0.718287 0.320312 0.718750 0.321615 0.718750 0.322005 0.720833 0.322786 0.723148 0.322786 0.724537 0.324089 0.729630 0.325911 0.733796 0.326693 0.736111 0.328516 0.742593 0.328516 0.743519 0.329297 0.746296 0.329036 0.748148 0.329036 0.750926 0.328776 0.751389 0.328776 0.753704 0.328255 0.755556 0.328255 0.756944 0.327734 0.759259 0.327214 0.764815 0.326693 0.767130 0.326693 0.769444 0.326432 0.769907 0.326172 0.773148 0.325911 0.773611 0.325651 0.777778 0.325130 0.780093 0.324609 0.786574 0.324089 0.788889 0.324089 0.790278 0.323568 0.792593 0.323307 0.794907 0.323307 0.797222 0.322786 0.800000 0.322526 0.803704 0.322005 0.805556 0.322005 0.807407 0.321484 0.809722 0.321224 0.812037 0.321224 0.814352 0.320964 0.816667 0.320443 0.818981 0.320443 0.820833 0.319922 0.823148 0.319661 0.826389 0.318880 0.830093 0.318880 0.831944 0.318359 0.834259 0.318359 0.836574 0.318099 0.837037 0.318099 0.839352 0.317839 0.839815 0.317839 0.842130 0.317578 0.844444 0.316276 0.850463 0.315234 0.858333 0.315234 0.860185 0.314193 0.867593 0.314193 0.870370 0.313932 0.870833 0.313411 0.877315 0.312630 0.880556 0.312630 0.881944 0.312109 0.883796 0.312109 0.885185 0.311589 0.888889 0.310807 0.892130 0.309766 0.894444 0.307552 0.898380 0.306250 0.900231 0.304427 0.902083 0.303125 0.903009 0.300781 0.903935 0.299740 0.903935 0.297396 0.905324 0.296615 0.905324 0.295573 0.906250 0.292448 0.907639 0.291406 0.907639 0.290104 0.908565 0.289062 0.908565 0.287760 0.909491 0.282292 0.911806 0.280990 0.911806 0.280729 0.912269 0.279427 0.912269 0.279167 0.912731 0.277865 0.912731 0.275000 0.914120 0.273438 0.914120 0.273177 0.914583 0.271875 0.914583 0.270573 0.915046 0.268229 0.916435 0.265365 0.917361 0.264062 0.918287 0.263281 0.918287 0.261979 0.919213 0.260937 0.919213 0.258594 0.920139 0.257552 0.921065 0.256771 0.921065 0.255469 0.921991
