2 0.035677 0.255787 0.032813 0.255787 0.032552 0.255324 0.028906 0.255324 0.028646 0.254861 0.023177 0.254861 0.022917 0.254398 0.021354 0.254398 0.019792 0.253009 0.019271 0.253009 0.017448 0.251157 0.016146 0.250231 0.014323 0.247917 0.011849 0.243519 0.009766 0.237500 0.008984 0.236111 0.007943 0.232407 0.007682 0.230093 0.006120 0.224074 0.006120 0.222222 0.005599 0.219907 0.005339 0.217593 0.005339 0.214352 0.005078 0.213889 0.005078 0.209259 0.005339 0.208796 0.005339 0.206481 0.005599 0.204630 0.007682 0.199537 0.008854 0.197454 0.010417 0.196065 0.012760 0.195602 0.013021 0.195139 0.014583 0.195139 0.014844 0.194676 0.016927 0.194676 0.017188 0.194213 0.019271 0.194213 0.019531 0.193750 0.022396 0.193750 0.022656 0.193287 0.029948 0.193287 0.030208 0.193750 0.032552 0.193750 0.034375 0.195139 0.035807 0.197685 0.037500 0.200231 0.039323 0.202083 0.040625 0.204398 0.041667 0.205324 0.042578 0.206944 0.043099 0.209259 0.043099 0.210648 0.044271 0.212731 0.045312 0.213194 0.050781 0.213194 0.051042 0.212731 0.053906 0.212731 0.055469 0.211806 0.057292 0.211806 0.058333 0.212731 0.061719 0.212731 0.063672 0.210648 0.063281 0.209954 0.060937 0.208102 0.059635 0.208102 0.057552 0.209491 0.055469 0.209491 0.054167 0.208565 0.052865 0.207176 0.051823 0.206713 0.049219 0.206713 0.047526 0.205556 0.047917 0.203472 0.048958 0.203009 0.050521 0.203009 0.050781 0.202546 0.052083 0.202546 0.052344 0.202083 0.054167 0.202083 0.054427 0.201620 0.062760 0.201620 0.063021 0.201157 0.067187 0.201157 0.067448 0.200694 0.068750 0.200694 0.069010 0.200231 0.070833 0.200231 0.071094 0.199769 0.080990 0.199769 0.081250 0.199306 0.083073 0.199306 0.083333 0.198843 0.088281 0.198843 0.088542 0.199306 0.092188 0.199306 0.092448 0.198843 0.094010 0.198843 0.094271 0.198380 0.098958 0.198380 0.100000 0.198843 0.102865 0.201620 0.103646 0.202083 0.105208 0.201620 0.106380 0.199537 0.106771 0.197917 0.107422 0.198611 0.107943 0.201852 0.108594 0.203009 0.109896 0.203472 0.114062 0.203472 0.114844 0.203935 0.116146 0.203472 0.117448 0.202546 0.118750 0.202083 0.120573 0.202083 0.120833 0.202546 0.123698 0.202546 0.123958 0.202083 0.127604 0.202083 0.127865 0.201620 0.133333 0.201620 0.133594 0.201157 0.138021 0.201157 0.138281 0.200694 0.140885 0.199769 0.142969 0.197917 0.143490 0.198843 0.145313 0.199769 0.147917 0.199769 0.149479 0.198843 0.150781 0.198843 0.153125 0.197454 0.153385 0.196528 0.150260 0.196528 0.149479 0.196065 0.147135 0.193750 0.145573 0.193287 0.145313 0.193750 0.143490 0.194676 0.142969 0.195602 0.141797 0.193981 0.141276 0.191204 0.141927 0.190046 0.143750 0.190046 0.144010 0.190509 0.147656 0.190509 0.149219 0.189583 0.152344 0.189583 0.152604 0.190046 0.159115 0.190046 0.159375 0.190509 0.161458 0.190509 0.161719 0.190972 0.163021 0.190972 0.164323 0.191435 0.165625 0.192361 0.167969 0.192824 0.168229 0.193287 0.169531 0.193287 0.169792 0.193750 0.171615 0.193750 0.171875 0.194213 0.173958 0.194213 0.174219 0.194676 0.175521 0.194676 0.175781 0.195139 0.177083 0.195139 0.177344 0.195602 0.179167 0.195602 0.179427 0.196065 0.181250 0.196065 0.181510 0.196528 0.182812 0.196528 0.184115 0.197454 0.184896 0.197454 0.186198 0.198380 0.187500 0.198380 0.187760 0.198843 0.189323 0.198843 0.192188 0.200231 0.193490 0.200231 0.196615 0.202083 0.197917 0.203472 0.199089 0.205556 0.199089 0.208796 0.199349 0.209259 0.199089 0.212037 0.197396 0.215046 0.196094 0.215972 0.194792 0.217824 0.193490 0.219213 0.190104 0.220602 0.188802 0.220602 0.185677 0.221991 0.184896 0.222917 0.182292 0.223843 0.181510 0.224769 0.180469 0.224769 0.178125 0.226157 0.176563 0.226157 0.175260 0.225694 0.174219 0.224769 0.173437 0.225231 0.172786 0.226389 0.172526 0.227778 0.170443 0.232870 0.170443 0.233333 0.169271 0.235880 0.167969 0.235880 0.167708 0.236343 0.166146 0.236343 0.165104 0.236806 0.164844 0.236343 0.157031 0.236343 0.156771 0.236806 0.155469 0.236806 0.155208 0.237269 0.152604 0.237269 0.152344 0.236806 0.141146 0.236806 0.140885 0.237269 0.139063 0.237269 0.138802 0.237731 0.133594 0.237731 0.133333 0.238194 0.130729 0.238194 0.130469 0.238657 0.119531 0.238657 0.117969 0.239583 0.116667 0.239583 0.116406 0.240046 0.113281 0.240046 0.113021 0.240509 0.105729 0.240509 0.105469 0.240972 0.098437 0.240972 0.098177 0.241435 0.090885 0.241435 0.090625 0.241898 0.084375 0.241898 0.084115 0.242361 0.080729 0.242361 0.080469 0.242824 0.076563 0.242824 0.076302 0.243287 0.075000 0.242824 0.070573 0.242824 0.070312 0.243287 0.066146 0.243287 0.065885 0.243750 0.063021 0.243750 0.062760 0.244213 0.061458 0.244213 0.061198 0.244676 0.059896 0.244676 0.059635 0.245139 0.058333 0.245139 0.058073 0.245602 0.055990 0.245602 0.055729 0.246065 0.053646 0.246065 0.053385 0.246528 0.052083 0.246528 0.051823 0.246991 0.050000 0.246991 0.049740 0.247454 0.048177 0.247454 0.046354 0.248843 0.045052 0.252546 0.043750 0.253472 0.040885 0.254861 0.038802 0.254861 0.038542 0.255324 0.035937 0.255324 0.035677 0.255787
1 0.112240 0.193750 0.109635 0.193750 0.109375 0.193287 0.107552 0.193287 0.106250 0.191898 0.104557 0.189352 0.103776 0.187500 0.103255 0.184722 0.103255 0.181944 0.103516 0.181481 0.103516 0.178704 0.103776 0.176852 0.105078 0.174537 0.105078 0.174074 0.106380 0.171759 0.107292 0.169676 0.110937 0.165972 0.113281 0.164583 0.114583 0.163194 0.116406 0.162731 0.117708 0.161806 0.119010 0.161806 0.119271 0.161343 0.127083 0.161343 0.127344 0.161806 0.128906 0.161806 0.130208 0.162731 0.130990 0.162731 0.132292 0.163657 0.133854 0.165509 0.136589 0.170370 0.136589 0.170833 0.138151 0.174537 0.138411 0.175926 0.139974 0.179630 0.140234 0.181019 0.141016 0.182870 0.141276 0.186111 0.141016 0.188426 0.139583 0.190509 0.138281 0.190972 0.134896 0.190972 0.134635 0.191435 0.129948 0.191435 0.129688 0.191898 0.126042 0.191898 0.125781 0.192361 0.123438 0.192361 0.123177 0.192824 0.116667 0.192824 0.116406 0.193287 0.112500 0.193287 0.112240 0.193750
1 0.158594 0.409491 0.153385 0.409491 0.150521 0.408102 0.148698 0.406250 0.145573 0.403472 0.144271 0.401620 0.142578 0.398611 0.141536 0.395833 0.137370 0.388426 0.136719 0.386806 0.135807 0.385648 0.135026 0.383796 0.135026 0.382407 0.133984 0.378241 0.133984 0.375463 0.133724 0.375000 0.133724 0.370370 0.134505 0.367593 0.134505 0.366667 0.135286 0.364352 0.135286 0.363426 0.136068 0.361111 0.137760 0.358102 0.138021 0.358102 0.139844 0.354861 0.140885 0.353935 0.142187 0.353472 0.145052 0.350694 0.146354 0.348843 0.148177 0.347454 0.148958 0.347454 0.151042 0.346528 0.152083 0.345602 0.153385 0.345139 0.161979 0.345139 0.163281 0.345602 0.164323 0.346528 0.165104 0.346528 0.167969 0.348843 0.169271 0.350694 0.170964 0.353704 0.170964 0.354167 0.173568 0.358796 0.174609 0.361574 0.177474 0.366667 0.177474 0.367130 0.178776 0.369907 0.179818 0.375000 0.180078 0.377315 0.180078 0.380093 0.179818 0.380556 0.179818 0.383796 0.178776 0.388426 0.177995 0.390278 0.172917 0.399306 0.171354 0.400694 0.170833 0.401620 0.166927 0.404861 0.166146 0.405787 0.163281 0.407176 0.161198 0.408565 0.158854 0.409028 0.158594 0.409491
1 0.213802 0.408102 0.211458 0.408102 0.211198 0.407639 0.209115 0.407639 0.207031 0.406713 0.205990 0.405787 0.204167 0.404861 0.202604 0.403009 0.200911 0.400000 0.200911 0.399537 0.198568 0.395370 0.197786 0.393519 0.196745 0.390278 0.195964 0.388889 0.193359 0.381481 0.192578 0.378241 0.192578 0.375463 0.192318 0.375000 0.192318 0.370370 0.192839 0.367130 0.193359 0.365741 0.193620 0.363426 0.195182 0.359259 0.196615 0.356713 0.198698 0.354398 0.202344 0.349769 0.203906 0.348380 0.204427 0.348380 0.206510 0.346528 0.209635 0.345139 0.211458 0.345139 0.211719 0.344676 0.217188 0.344676 0.217448 0.345139 0.219010 0.345139 0.220312 0.345602 0.224219 0.348380 0.225000 0.349306 0.228255 0.355093 0.229036 0.357407 0.230078 0.359722 0.231641 0.364815 0.232943 0.367130 0.234766 0.371759 0.234766 0.372685 0.235807 0.376852 0.235807 0.381944 0.235547 0.384259 0.234245 0.387963 0.232422 0.391667 0.232422 0.392130 0.230469 0.395602 0.230208 0.395602 0.228646 0.398380 0.226823 0.400694 0.223698 0.403472 0.223177 0.403472 0.219792 0.405787 0.215365 0.407639 0.214062 0.407639 0.213802 0.408102
1 0.325781 0.461343 0.322135 0.461343 0.320833 0.460417 0.317708 0.456713 0.316406 0.455787 0.313542 0.454398 0.312240 0.454398 0.311979 0.453935 0.310677 0.453935 0.310417 0.453472 0.306510 0.453472 0.306250 0.453009 0.304167 0.453009 0.303125 0.452546 0.301953 0.450926 0.300651 0.445833 0.299609 0.443519 0.297526 0.435648 0.297266 0.433333 0.297266 0.425926 0.297786 0.423611 0.298047 0.421296 0.299089 0.417593 0.300130 0.414815 0.302604 0.410417 0.304688 0.408102 0.305469 0.406713 0.307031 0.405324 0.310156 0.403472 0.311198 0.402546 0.312760 0.402546 0.313021 0.402083 0.316146 0.402083 0.316406 0.401620 0.319010 0.401620 0.319271 0.402083 0.321094 0.402083 0.323958 0.403472 0.328385 0.407176 0.329427 0.408565 0.330599 0.410648 0.331380 0.412500 0.332422 0.415741 0.333464 0.421296 0.335026 0.426389 0.335026 0.427315 0.336328 0.434259 0.336328 0.437963 0.336589 0.438426 0.336589 0.442130 0.336328 0.442593 0.336068 0.445833 0.334505 0.450463 0.331250 0.456250 0.329948 0.458102 0.328646 0.459491 0.326823 0.460417 0.325781 0.461343
2 0.269792 0.407176 0.264323 0.407176 0.262240 0.406250 0.261198 0.405324 0.260156 0.405324 0.259766 0.404167 0.257552 0.400231 0.256250 0.399306 0.251172 0.390278 0.250651 0.388426 0.249609 0.386111 0.249349 0.384722 0.248307 0.382407 0.248047 0.381019 0.247005 0.378704 0.246224 0.375926 0.245443 0.374537 0.244401 0.371759 0.243359 0.368056 0.243099 0.365741 0.242578 0.363889 0.242578 0.362037 0.242057 0.359259 0.242057 0.355093 0.242578 0.350926 0.243620 0.346296 0.244922 0.343519 0.244922 0.343056 0.246875 0.339583 0.247917 0.338657 0.249740 0.335880 0.252083 0.332639 0.254427 0.330787 0.255208 0.330787 0.257552 0.328935 0.259375 0.328472 0.259635 0.328009 0.267448 0.328009 0.269531 0.329398 0.270833 0.329398 0.274479 0.331713 0.276302 0.334028 0.279297 0.339352 0.281641 0.344907 0.283724 0.352315 0.285026 0.355556 0.286068 0.360648 0.286849 0.362963 0.287370 0.367130 0.287370 0.369907 0.287630 0.370370 0.287630 0.377778 0.288151 0.380093 0.288411 0.382407 0.288411 0.386574 0.287891 0.388426 0.287630 0.391204 0.286198 0.394213 0.285938 0.394213 0.282813 0.399769 0.278906 0.403009 0.277083 0.403472 0.276823 0.403935 0.274479 0.405787 0.273177 0.405787 0.272917 0.406250 0.271615 0.406250 0.271354 0.406713 0.270052 0.406713 0.269792 0.407176
2 0.310417 0.532639 0.308854 0.532639 0.308594 0.532176 0.306250 0.532176 0.305990 0.531713 0.304688 0.531713 0.304427 0.531250 0.303125 0.531250 0.301563 0.529861 0.301042 0.529861 0.299479 0.528472 0.297656 0.526157 0.296875 0.524769 0.295052 0.522917 0.292578 0.518519 0.291536 0.515741 0.291016 0.513426 0.289974 0.511111 0.289453 0.508796 0.288151 0.505556 0.287109 0.502315 0.286589 0.500000 0.286068 0.496296 0.285547 0.493981 0.285286 0.491667 0.285286 0.482407 0.286068 0.478241 0.286589 0.476852 0.287109 0.474074 0.288151 0.471759 0.289453 0.468056 0.291927 0.463657 0.293229 0.461806 0.294531 0.460417 0.295833 0.459491 0.297135 0.458102 0.298438 0.457176 0.300000 0.456713 0.300260 0.456250 0.301823 0.455787 0.302344 0.454861 0.303906 0.453935 0.305208 0.453935 0.305469 0.453472 0.309896 0.453472 0.310156 0.453935 0.311719 0.453935 0.311979 0.454398 0.314323 0.454861 0.318490 0.457639 0.319792 0.459491 0.323177 0.463194 0.324609 0.466204 0.325391 0.469444 0.326172 0.471759 0.327474 0.476389 0.328516 0.478704 0.328776 0.480093 0.330078 0.483796 0.330859 0.486574 0.330859 0.487500 0.331641 0.490278 0.331901 0.492130 0.331901 0.494444 0.332161 0.494907 0.332161 0.499537 0.331901 0.500000 0.331901 0.502778 0.331120 0.506019 0.330859 0.508796 0.330339 0.511111 0.329297 0.514352 0.325260 0.521528 0.322917 0.524306 0.321354 0.525694 0.320312 0.527546 0.319010 0.528935 0.317448 0.529861 0.316667 0.530787 0.314583 0.531713 0.312500 0.531713 0.312240 0.532176 0.310677 0.532176 0.310417 0.532639
3 0.190365 0.689583 0.188802 0.689583 0.188542 0.689120 0.186719 0.689120 0.185417 0.688657 0.184635 0.687731 0.180990 0.684954 0.179948 0.683102 0.177344 0.680324 0.175260 0.678472 0.174219 0.678009 0.171094 0.674306 0.168750 0.672454 0.168229 0.671528 0.166927 0.670602 0.165104 0.667824 0.163542 0.665972 0.161198 0.664120 0.160417 0.662731 0.158854 0.660880 0.158073 0.660417 0.155729 0.657176 0.154948 0.656713 0.154167 0.655324 0.152604 0.653472 0.151042 0.652546 0.148177 0.649306 0.146875 0.648380 0.145313 0.646065 0.143750 0.644213 0.142448 0.643287 0.141146 0.641435 0.139844 0.639120 0.139063 0.638657 0.137500 0.636806 0.135937 0.635417 0.133594 0.631250 0.132552 0.629861 0.131250 0.628935 0.128906 0.625694 0.127083 0.624769 0.125260 0.622454 0.123438 0.621065 0.120573 0.617361 0.119401 0.615278 0.118880 0.613426 0.118880 0.611574 0.118359 0.609259 0.118359 0.606944 0.118099 0.605093 0.117318 0.602315 0.116146 0.600231 0.114844 0.599306 0.112240 0.596065 0.110677 0.593287 0.109375 0.591898 0.108594 0.590509 0.107813 0.590046 0.106771 0.588657 0.103906 0.586806 0.102604 0.586806 0.102344 0.586343 0.097656 0.586343 0.097396 0.585880 0.094792 0.585880 0.092708 0.584491 0.091927 0.584491 0.090625 0.583565 0.090104 0.582639 0.088281 0.581250 0.086589 0.578241 0.085547 0.573611 0.085547 0.571296 0.085807 0.570833 0.085807 0.568519 0.086068 0.566204 0.087109 0.560648 0.089193 0.553704 0.089193 0.552778 0.090234 0.549074 0.090234 0.548148 0.091016 0.545833 0.092578 0.537037 0.093359 0.534722 0.095443 0.526389 0.095703 0.524074 0.096484 0.521759 0.097005 0.519444 0.097266 0.517130 0.100130 0.504630 0.101432 0.500000 0.101953 0.498611 0.102474 0.495370 0.103255 0.493056 0.103776 0.489815 0.105078 0.485648 0.105339 0.483333 0.105859 0.481019 0.107161 0.476852 0.107422 0.474537 0.107943 0.472685 0.107943 0.471296 0.109505 0.465278 0.110286 0.462963 0.110807 0.460648 0.110807 0.459259 0.112630 0.450463 0.113932 0.446759 0.114193 0.444444 0.114714 0.443056 0.115234 0.439352 0.116797 0.432870 0.117578 0.428704 0.119661 0.421759 0.120443 0.416667 0.122005 0.411574 0.122005 0.410648 0.122786 0.408333 0.123568 0.403241 0.124349 0.400000 0.124609 0.397222 0.125130 0.394907 0.125911 0.393056 0.127474 0.386111 0.128255 0.384722 0.129036 0.381481 0.130208 0.378472 0.131250 0.378009 0.131380 0.378704 0.138672 0.391667 0.138672 0.392130 0.140755 0.395833 0.141536 0.398148 0.144010 0.402546 0.148177 0.407639 0.149740 0.409028 0.151562 0.409954 0.152604 0.409954 0.154167 0.410880 0.156250 0.410880 0.156510 0.411343 0.159375 0.411343 0.159635 0.410880 0.161198 0.410880 0.162500 0.410417 0.163542 0.409491 0.164844 0.409028 0.169271 0.405324 0.170573 0.403472 0.171875 0.402083 0.173698 0.399306 0.175000 0.397917 0.177214 0.393981 0.177214 0.393519 0.179036 0.390278 0.180339 0.386111 0.180339 0.381481 0.180599 0.381019 0.180599 0.378704 0.180339 0.378241 0.180339 0.375463 0.179557 0.370833 0.177995 0.365741 0.176563 0.363194 0.174479 0.360880 0.173307 0.358796 0.172266 0.355093 0.171745 0.354167 0.170964 0.351389 0.170964 0.349074 0.171224 0.348148 0.172656 0.345602 0.173958 0.344676 0.176563 0.344676 0.176823 0.344213 0.178385 0.344213 0.179688 0.343287 0.180990 0.342824 0.184115 0.342824 0.184375 0.343287 0.187240 0.343287 0.187500 0.343750 0.195052 0.343750 0.195312 0.344213 0.198177 0.344213 0.200521 0.345602 0.201432 0.347222 0.201953 0.349537 0.201693 0.351852 0.201172 0.353241 0.199479 0.356250 0.198698 0.357176 0.195312 0.359954 0.193620 0.362963 0.192578 0.366667 0.192578 0.368056 0.192057 0.369907 0.192057 0.375000 0.192318 0.375463 0.192318 0.378241 0.192839 0.380556 0.193359 0.381481 0.194401 0.385648 0.195964 0.389352 0.196224 0.390741 0.197786 0.394907 0.199089 0.397222 0.199089 0.397685 0.201302 0.401620 0.201563 0.401620 0.202865 0.403935 0.204167 0.405787 0.205469 0.407176 0.206250 0.407176 0.208333 0.408565 0.209635 0.408565 0.209896 0.409028 0.216146 0.409028 0.217188 0.408565 0.218750 0.407176 0.219271 0.407176 0.220833 0.405787 0.224219 0.403935 0.226562 0.402083 0.228125 0.399769 0.229948 0.397917 0.230990 0.396528 0.232682 0.393056 0.233203 0.391204 0.233984 0.389815 0.234766 0.387500 0.235286 0.385185 0.235286 0.382870 0.235547 0.382407 0.235547 0.375463 0.235286 0.375000 0.235286 0.372222 0.235026 0.370370 0.234245 0.367593 0.234245 0.366667 0.233203 0.363426 0.231510 0.360417 0.229948 0.358565 0.228776 0.356481 0.228255 0.354167 0.226693 0.350926 0.226693 0.349074 0.228125 0.346528 0.229948 0.344676 0.230990 0.344213 0.233073 0.344213 0.233333 0.343750 0.234896 0.343750 0.235156 0.343287 0.237240 0.343287 0.237500 0.343750 0.241406 0.345139 0.242057 0.346296 0.242578 0.348611 0.242578 0.350463 0.241536 0.356481 0.241797 0.358796 0.241797 0.361111 0.242057 0.361574 0.242057 0.363889 0.242578 0.366667 0.245443 0.376389 0.247005 0.381019 0.247526 0.381944 0.248568 0.385648 0.249609 0.387963 0.250911 0.391667 0.253906 0.396991 0.255469 0.398843 0.258073 0.401157 0.260937 0.404861 0.263281 0.406713 0.264844 0.406713 0.265104 0.406250 0.266667 0.406250 0.266927 0.405787 0.271354 0.405787 0.272396 0.405324 0.274740 0.403009 0.276302 0.402083 0.278646 0.401620 0.280729 0.399306 0.281901 0.397222 0.281901 0.396759 0.284115 0.392824 0.285156 0.391898 0.286589 0.389352 0.287630 0.385185 0.287630 0.379167 0.287891 0.378704 0.287891 0.375463 0.288151 0.375000 0.288151 0.369444 0.287891 0.368981 0.287891 0.365741 0.287370 0.362963 0.286589 0.361111 0.284766 0.352778 0.283984 0.350000 0.283984 0.345833 0.283724 0.344444 0.285938 0.342824 0.286979 0.342361 0.292187 0.342361 0.292448 0.341898 0.304948 0.341898 0.305208 0.342361 0.307812 0.342361 0.308073 0.341898 0.314323 0.341898 0.314583 0.341435 0.320833 0.341435 0.321094 0.341898 0.323698 0.341898 0.323958 0.341435 0.328906 0.341435 0.329167 0.341898 0.338021 0.341898 0.338281 0.341435 0.340104 0.341435 0.340365 0.340972 0.346094 0.340972 0.346354 0.340509 0.347656 0.340509 0.347917 0.340046 0.350260 0.340046 0.350521 0.340509 0.354948 0.341898 0.356771 0.342824 0.358464 0.345833 0.358984 0.347222 0.360026 0.351852 0.360026 0.356944 0.360807 0.360648 0.361328 0.361574 0.362891 0.366667 0.364193 0.375000 0.365755 0.380556 0.365755 0.381481 0.366536 0.384722 0.366536 0.386111 0.367057 0.388426 0.367318 0.391667 0.367839 0.393519 0.368099 0.396759 0.368620 0.399074 0.368620 0.401389 0.369401 0.406481 0.369401 0.408796 0.369661 0.409259 0.369661 0.411574 0.370182 0.415278 0.370703 0.417130 0.371224 0.420833 0.372266 0.423611 0.373047 0.426389 0.373568 0.429167 0.373568 0.430556 0.374089 0.433333 0.374870 0.435648 0.374870 0.436574 0.375651 0.439815 0.375651 0.441204 0.376172 0.443056 0.377214 0.448611 0.377474 0.450926 0.379297 0.460648 0.379818 0.462500 0.380078 0.466667 0.380599 0.469444 0.381380 0.472222 0.381641 0.474074 0.381641 0.476389 0.381901 0.476852 0.381901 0.479630 0.382161 0.480093 0.382161 0.483333 0.382422 0.483796 0.382422 0.487963 0.382682 0.488426 0.382682 0.503704 0.382422 0.504167 0.382422 0.512500 0.382161 0.512963 0.382161 0.519907 0.381901 0.520370 0.381901 0.531481 0.381641 0.531944 0.381641 0.539352 0.381380 0.539815 0.381380 0.546296 0.381120 0.546759 0.381120 0.556019 0.380859 0.556481 0.380859 0.563426 0.380599 0.563889 0.380599 0.569444 0.380339 0.569907 0.380339 0.579630 0.380078 0.580093 0.380078 0.589352 0.379818 0.589815 0.379818 0.595833 0.379557 0.596296 0.379557 0.600926 0.379297 0.601389 0.379297 0.606481 0.379036 0.606944 0.379036 0.611574 0.378776 0.612037 0.378776 0.617130 0.378516 0.617593 0.378516 0.625000 0.378255 0.625463 0.378255 0.632870 0.377995 0.633333 0.377995 0.638889 0.377734 0.639352 0.377734 0.646759 0.377474 0.647222 0.377474 0.652315 0.377214 0.652778 0.377214 0.655556 0.376953 0.656019 0.376953 0.658333 0.376432 0.662500 0.374479 0.666898 0.373437 0.668287 0.372135 0.669213 0.370052 0.669213 0.368750 0.669676 0.366667 0.671065 0.364323 0.671065 0.364063 0.671528 0.360677 0.671528 0.360417 0.671991 0.357292 0.671991 0.357031 0.672454 0.352604 0.672454 0.352344 0.672917 0.350000 0.672917 0.349740 0.673380 0.346875 0.673380 0.346615 0.673843 0.344010 0.673843 0.343750 0.674306 0.342187 0.674306 0.341927 0.674769 0.336979 0.674769 0.336719 0.675231 0.334375 0.675231 0.334115 0.675694 0.332292 0.675694 0.332031 0.675231 0.329688 0.675231 0.329427 0.675694 0.327865 0.675694 0.327604 0.676157 0.325781 0.676157 0.325521 0.676620 0.318750 0.676620 0.318490 0.677083 0.312500 0.677083 0.312240 0.677546 0.308333 0.677546 0.308073 0.678009 0.304167 0.678009 0.303906 0.678472 0.299740 0.678472 0.299479 0.678935 0.295312 0.678935 0.295052 0.679398 0.289844 0.679398 0.289583 0.679861 0.286719 0.679861 0.286458 0.680324 0.281510 0.680324 0.281250 0.680787 0.273698 0.680787 0.273438 0.681250 0.269792 0.681250 0.269531 0.681713 0.266146 0.681713 0.265885 0.682176 0.260937 0.682176 0.260677 0.682639 0.255729 0.682639 0.255469 0.683102 0.251042 0.683102 0.250781 0.683565 0.245573 0.683565 0.245312 0.684028 0.240625 0.684028 0.240365 0.684491 0.237240 0.684491 0.236979 0.684954 0.233594 0.684954 0.233333 0.685417 0.228646 0.685417 0.228385 0.685880 0.224740 0.685880 0.224479 0.686343 0.219271 0.686343 0.219010 0.686806 0.214844 0.686806 0.214583 0.687269 0.211198 0.687269 0.210938 0.687731 0.206510 0.687731 0.206250 0.688194 0.200260 0.688194 0.200000 0.688657 0.195833 0.688657 0.195573 0.689120 0.190625 0.689120 0.190365 0.689583
11 0.000000 0.305787 0.001302 0.305787 0.001693 0.304167 0.002474 0.299074 0.002734 0.294907 0.002995 0.294444 0.003516 0.290741 0.003776 0.290278 0.004297 0.286574 0.004818 0.284722 0.005599 0.279630 0.006380 0.276389 0.006380 0.275000 0.007161 0.270833 0.007682 0.269444 0.007943 0.266667 0.008724 0.263426 0.008984 0.260185 0.010547 0.254167 0.011328 0.249537 0.012240 0.247917 0.013542 0.247454 0.014323 0.247917 0.015885 0.249769 0.017188 0.252083 0.020313 0.254398 0.021094 0.254398 0.022396 0.255324 0.023698 0.255787 0.025000 0.255787 0.025260 0.256250 0.030990 0.256250 0.031250 0.256713 0.038281 0.256713 0.038542 0.256250 0.040625 0.256250 0.042188 0.255324 0.044010 0.254861 0.045052 0.253935 0.046224 0.251852 0.047135 0.249769 0.048958 0.248380 0.050000 0.247917 0.051302 0.247917 0.051562 0.247454 0.053385 0.247454 0.053646 0.246991 0.055208 0.246991 0.055469 0.246528 0.058854 0.246528 0.059115 0.246065 0.065625 0.246065 0.065885 0.245602 0.072917 0.245602 0.074479 0.244676 0.078385 0.244676 0.078646 0.245139 0.080990 0.245139 0.081250 0.244676 0.082552 0.244676 0.082812 0.244213 0.085156 0.244213 0.085417 0.243750 0.089583 0.243750 0.089844 0.243287 0.092188 0.243287 0.094792 0.244676 0.095833 0.245602 0.097135 0.245602 0.097396 0.246065 0.098958 0.246065 0.099219 0.246528 0.100781 0.246528 0.101042 0.246991 0.102604 0.246991 0.102865 0.247454 0.104427 0.245139 0.106250 0.242824 0.108333 0.241435 0.109635 0.240972 0.112500 0.240972 0.112760 0.240509 0.116146 0.240509 0.116406 0.240972 0.118229 0.240972 0.119792 0.242361 0.120703 0.244444 0.121875 0.246065 0.124740 0.246065 0.126042 0.245602 0.128125 0.242361 0.130208 0.240509 0.131771 0.240046 0.133073 0.239120 0.134375 0.238657 0.136719 0.238657 0.136979 0.238194 0.141406 0.238194 0.142708 0.238657 0.144401 0.240278 0.144661 0.242593 0.144661 0.245370 0.146875 0.247454 0.150000 0.247454 0.151562 0.248380 0.157031 0.248380 0.157292 0.247917 0.158594 0.247917 0.158854 0.248380 0.162500 0.248380 0.163281 0.247454 0.166667 0.245602 0.168490 0.245602 0.169401 0.244907 0.169922 0.242130 0.170964 0.239352 0.171745 0.237963 0.173307 0.233333 0.173568 0.231944 0.174740 0.229398 0.176563 0.227546 0.177604 0.227083 0.181250 0.227083 0.181510 0.226620 0.182812 0.226620 0.183854 0.225694 0.186719 0.224769 0.187500 0.223843 0.191927 0.221065 0.194271 0.220139 0.194531 0.219676 0.196094 0.219213 0.196875 0.218287 0.198177 0.217824 0.198568 0.216667 0.198828 0.214352 0.198828 0.212037 0.199089 0.211574 0.199089 0.207870 0.199349 0.205556 0.199870 0.203704 0.200260 0.203472 0.201432 0.200926 0.202214 0.198611 0.201563 0.196528 0.198698 0.196528 0.198437 0.196065 0.195312 0.196065 0.195052 0.196528 0.189844 0.196528 0.189583 0.196065 0.184896 0.196065 0.184635 0.195602 0.182292 0.195602 0.182031 0.195139 0.180729 0.195139 0.180469 0.194676 0.179167 0.194676 0.178906 0.194213 0.177344 0.194213 0.177083 0.193750 0.175521 0.193750 0.175260 0.193287 0.173437 0.193287 0.173177 0.192824 0.171615 0.192824 0.171354 0.192361 0.170052 0.192361 0.169792 0.191898 0.168490 0.191898 0.166146 0.190509 0.161458 0.190509 0.161198 0.190046 0.159896 0.190046 0.159635 0.189583 0.157812 0.189583 0.157552 0.189120 0.147396 0.189120 0.147135 0.189583 0.145573 0.189120 0.144010 0.187731 0.142578 0.185185 0.142578 0.182870 0.143229 0.181250 0.144792 0.179398 0.146615 0.178009 0.149219 0.178009 0.149479 0.177546 0.153125 0.177546 0.153385 0.177083 0.154688 0.177083 0.156250 0.176157 0.158073 0.176157 0.158333 0.175694 0.163802 0.175694 0.164062 0.175231 0.167187 0.175231 0.167448 0.174769 0.169792 0.174769 0.170052 0.174306 0.173437 0.174306 0.173698 0.173843 0.175781 0.173843 0.176042 0.173380 0.178125 0.173380 0.178385 0.172917 0.180208 0.172917 0.180469 0.172454 0.191146 0.172454 0.191406 0.171991 0.194010 0.171991 0.194271 0.171528 0.195573 0.171528 0.196875 0.170602 0.200260 0.170602 0.200521 0.170139 0.202083 0.170139 0.202344 0.169676 0.203646 0.169676 0.203906 0.169213 0.205729 0.169213 0.205990 0.168750 0.209896 0.168750 0.210156 0.168287 0.214062 0.168287 0.214323 0.167824 0.217969 0.167824 0.218229 0.168287 0.220052 0.168287 0.221875 0.169213 0.223307 0.171296 0.224089 0.174074 0.225521 0.178472 0.227604 0.179861 0.229167 0.179861 0.229427 0.180324 0.230729 0.180324 0.232031 0.180787 0.233854 0.182176 0.235156 0.184028 0.236198 0.184954 0.237500 0.187269 0.237760 0.187269 0.239714 0.190741 0.241276 0.195833 0.242057 0.200926 0.242057 0.203241 0.242318 0.203704 0.242318 0.220833 0.242578 0.221296 0.242578 0.233333 0.242839 0.235648 0.243620 0.238426 0.243880 0.240741 0.245964 0.247685 0.246484 0.250463 0.247526 0.252778 0.248828 0.255093 0.249609 0.257870 0.250391 0.259722 0.250911 0.262963 0.252995 0.269907 0.252995 0.270833 0.254297 0.275926 0.255339 0.278241 0.255859 0.280556 0.256380 0.281481 0.257422 0.285648 0.257943 0.286574 0.258464 0.289352 0.258984 0.290278 0.260547 0.294907 0.260807 0.297222 0.261328 0.299537 0.262370 0.302778 0.262891 0.305556 0.264193 0.307870 0.265495 0.311574 0.265495 0.312500 0.266276 0.315278 0.266016 0.318519 0.264844 0.321528 0.263021 0.323380 0.260937 0.324306 0.259896 0.325231 0.256250 0.325231 0.253385 0.326620 0.251302 0.326620 0.248958 0.324769 0.247656 0.324306 0.245833 0.324306 0.245573 0.323843 0.241667 0.323843 0.240625 0.324306 0.239714 0.327778 0.239714 0.329630 0.240495 0.332407 0.241276 0.334259 0.241536 0.337500 0.240365 0.339583 0.239583 0.340509 0.236979 0.341898 0.235156 0.341898 0.234896 0.341435 0.233073 0.341435 0.232813 0.340972 0.229687 0.340972 0.229427 0.340509 0.227344 0.340509 0.226042 0.340046 0.224740 0.339120 0.223177 0.339120 0.222917 0.339583 0.220312 0.339583 0.219792 0.339120 0.218620 0.337037 0.218620 0.333796 0.219401 0.330556 0.219401 0.328241 0.218880 0.326389 0.218880 0.324074 0.218620 0.322222 0.217318 0.318056 0.217057 0.316667 0.215885 0.314583 0.213802 0.314120 0.213542 0.313657 0.204687 0.313657 0.204427 0.314120 0.202604 0.314120 0.202344 0.314583 0.198958 0.314583 0.198698 0.315046 0.196615 0.315046 0.196354 0.315509 0.195052 0.315509 0.194792 0.315972 0.193229 0.315972 0.192969 0.316435 0.191667 0.316435 0.188802 0.318287 0.187500 0.318750 0.184635 0.318750 0.184375 0.319213 0.180990 0.319213 0.179688 0.320139 0.177865 0.320602 0.176563 0.321528 0.175000 0.321991 0.173568 0.323611 0.174609 0.328704 0.176823 0.332639 0.178125 0.334491 0.179427 0.335417 0.179818 0.336111 0.179818 0.337500 0.177344 0.339120 0.176042 0.340509 0.174479 0.341435 0.165104 0.341435 0.163802 0.340509 0.163021 0.340509 0.160677 0.339120 0.159896 0.339120 0.158073 0.337731 0.156380 0.334259 0.156380 0.333796 0.155078 0.331481 0.154427 0.329861 0.153646 0.328935 0.145052 0.328935 0.143490 0.329861 0.142187 0.329861 0.141927 0.330324 0.134375 0.330324 0.132292 0.331713 0.130990 0.332176 0.129688 0.332176 0.129427 0.332639 0.127604 0.332639 0.127344 0.333102 0.124479 0.333102 0.124219 0.333565 0.122135 0.333565 0.120052 0.334491 0.118750 0.335417 0.117839 0.337037 0.117839 0.337963 0.118880 0.339815 0.119922 0.342593 0.119922 0.346759 0.119661 0.349074 0.118490 0.351157 0.117188 0.351620 0.115365 0.353009 0.111198 0.353009 0.108073 0.351157 0.106380 0.347222 0.104167 0.343287 0.103906 0.343287 0.103255 0.340741 0.101823 0.337731 0.100521 0.336806 0.099219 0.336343 0.096875 0.336343 0.096615 0.335880 0.095312 0.335880 0.095052 0.336343 0.093750 0.336343 0.093490 0.336806 0.092188 0.336806 0.091927 0.337269 0.090104 0.337269 0.089844 0.337731 0.087500 0.337731 0.087240 0.338194 0.084896 0.338194 0.084635 0.338657 0.082552 0.338657 0.082292 0.339120 0.080208 0.339120 0.079948 0.339583 0.078385 0.339583 0.078125 0.340046 0.076563 0.340046 0.076302 0.340509 0.074479 0.340509 0.074219 0.340972 0.072135 0.340972 0.071875 0.341435 0.070052 0.341435 0.069792 0.341898 0.068229 0.341898 0.067969 0.342361 0.066406 0.342361 0.066146 0.342824 0.063542 0.342824 0.063281 0.343287 0.059896 0.343287 0.059635 0.343750 0.058333 0.343750 0.058073 0.344213 0.056771 0.344213 0.056510 0.344676 0.055208 0.344676 0.053385 0.345602 0.051302 0.347454 0.049870 0.349537 0.049609 0.351389 0.051042 0.353935 0.052083 0.354861 0.055208 0.360417 0.058073 0.364120 0.061458 0.370139 0.061719 0.370139 0.063021 0.372454 0.064062 0.373380 0.065365 0.375231 0.069271 0.382176 0.069531 0.382176 0.072917 0.388194 0.074219 0.390046 0.075260 0.390972 0.077604 0.395139 0.078906 0.396991 0.079948 0.397917 0.081250 0.399769 0.083854 0.404398 0.084115 0.404398 0.085677 0.407176 0.085938 0.407176 0.087240 0.409491 0.088802 0.411343 0.090885 0.415046 0.091927 0.416435 0.092708 0.416898 0.094271 0.419213 0.094531 0.419213 0.095833 0.421528 0.097656 0.423380 0.100000 0.427083 0.101042 0.428009 0.102865 0.431250 0.103906 0.432639 0.104688 0.433102 0.105990 0.434954 0.107813 0.436806 0.109375 0.436806 0.111068 0.438426 0.111589 0.440741 0.111589 0.448148 0.111328 0.448611 0.110807 0.453704 0.110286 0.456481 0.109505 0.459259 0.109505 0.460648 0.108724 0.463426 0.107552 0.465509 0.106510 0.466435 0.102865 0.466435 0.101562 0.465046 0.100260 0.464120 0.098698 0.461806 0.098437 0.461806 0.097135 0.459491 0.096875 0.459491 0.095312 0.456713 0.095052 0.456713 0.093490 0.453935 0.091146 0.451157 0.090104 0.449306 0.088542 0.447454 0.085677 0.442361 0.084375 0.440972 0.082292 0.437269 0.082031 0.437269 0.080729 0.434954 0.080469 0.434954 0.078125 0.430787 0.077083 0.429398 0.075260 0.427546 0.072917 0.423843 0.071875 0.422917 0.070573 0.421065 0.067708 0.415972 0.066146 0.414120 0.063021 0.408565 0.062760 0.408565 0.061458 0.406250 0.059896 0.404398 0.058594 0.402083 0.057031 0.400694 0.055990 0.399306 0.053646 0.395139 0.052344 0.393750 0.050781 0.390972 0.050521 0.390972 0.049219 0.388657 0.048958 0.388657 0.046875 0.384954 0.045312 0.383102 0.042448 0.378935 0.042188 0.378935 0.039323 0.373843 0.037240 0.371528 0.034115 0.365972 0.033854 0.365972 0.030990 0.360880 0.028906 0.358565 0.026302 0.353935 0.024740 0.352546 0.023177 0.349769 0.021094 0.347454 0.019792 0.345139 0.019531 0.345139 0.015885 0.338657 0.014714 0.337037 0.014193 0.335185 0.013932 0.332870 0.012760 0.331250 0.011458 0.331250 0.011198 0.330787 0.009635 0.330787 0.008854 0.329861 0.007292 0.328935 0.006510 0.328935 0.004427 0.327083 0.002734 0.324074 0.002474 0.322685 0.001302 0.320139 0.000000 0.320139
12 0.000000 0.696065 0.001302 0.696065 0.002474 0.691667 0.002734 0.688426 0.004036 0.681944 0.004036 0.679630 0.004297 0.679167 0.004818 0.673611 0.005599 0.669907 0.005599 0.668056 0.006120 0.666204 0.006901 0.659722 0.006901 0.657870 0.007422 0.655556 0.007682 0.651389 0.008203 0.649074 0.008464 0.644907 0.009245 0.640741 0.009766 0.634722 0.010286 0.632870 0.010286 0.631481 0.010807 0.629167 0.010807 0.627315 0.011328 0.623611 0.011849 0.621759 0.011849 0.620370 0.012370 0.618519 0.012630 0.616204 0.013151 0.614352 0.013672 0.608796 0.014193 0.606481 0.014974 0.599074 0.015495 0.596759 0.015495 0.594907 0.016276 0.590278 0.016797 0.588426 0.017057 0.586111 0.018099 0.581481 0.018880 0.573611 0.019141 0.573148 0.020443 0.562963 0.021224 0.559722 0.021484 0.556019 0.022005 0.553704 0.022005 0.551852 0.022786 0.547685 0.022786 0.546296 0.023307 0.543981 0.024089 0.537037 0.025130 0.532870 0.025391 0.530093 0.025651 0.529630 0.025911 0.525463 0.027214 0.518981 0.027214 0.517593 0.027995 0.514352 0.028255 0.512037 0.028776 0.510648 0.029036 0.508333 0.029557 0.506481 0.029557 0.505093 0.030078 0.502778 0.030599 0.497222 0.030859 0.496759 0.030859 0.493519 0.031120 0.493056 0.031120 0.487963 0.030339 0.485185 0.028646 0.482176 0.027865 0.481713 0.027083 0.480324 0.025260 0.478472 0.023828 0.475926 0.024740 0.474306 0.026042 0.473843 0.027865 0.473843 0.028125 0.473380 0.029948 0.473380 0.030208 0.473843 0.032031 0.473843 0.036198 0.476620 0.037760 0.478009 0.039062 0.479861 0.040885 0.483102 0.041927 0.484028 0.042708 0.485417 0.043490 0.485880 0.045052 0.488194 0.045312 0.488194 0.047135 0.491435 0.048958 0.493287 0.050260 0.495139 0.052083 0.496528 0.053385 0.497917 0.055208 0.500694 0.055469 0.500694 0.056771 0.503009 0.058073 0.504398 0.058854 0.505787 0.060677 0.507639 0.062109 0.510185 0.062370 0.512963 0.062630 0.513426 0.062630 0.518981 0.062370 0.521296 0.061849 0.523611 0.061068 0.531019 0.060286 0.535185 0.060026 0.539352 0.059505 0.541667 0.059505 0.543056 0.058984 0.545370 0.058724 0.549537 0.058203 0.551852 0.057943 0.555093 0.057422 0.556944 0.057161 0.561111 0.056641 0.563426 0.056380 0.567130 0.055599 0.570833 0.055599 0.572685 0.055078 0.575000 0.054818 0.579167 0.054297 0.581481 0.054036 0.585648 0.053255 0.589815 0.053255 0.591667 0.052734 0.593519 0.052214 0.598611 0.051693 0.600463 0.051172 0.606019 0.050391 0.610185 0.050391 0.612037 0.049609 0.616204 0.049349 0.618519 0.049349 0.620833 0.048307 0.626852 0.048307 0.628704 0.047786 0.631019 0.047786 0.632407 0.047266 0.634722 0.047005 0.637037 0.047005 0.639352 0.046745 0.641667 0.046224 0.643981 0.045964 0.647222 0.045443 0.649537 0.045182 0.653241 0.044661 0.655093 0.044661 0.656944 0.044141 0.659259 0.044141 0.661111 0.043620 0.664815 0.043099 0.667130 0.043099 0.668981 0.042578 0.671296 0.042578 0.673148 0.042057 0.675463 0.042057 0.677315 0.041536 0.681019 0.041016 0.683333 0.041016 0.685185 0.040495 0.687500 0.039974 0.692130 0.039974 0.694444 0.039453 0.697222 0.039453 0.699074 0.038672 0.702778 0.038672 0.704630 0.037891 0.708333 0.037630 0.711574 0.036849 0.714815 0.036589 0.717130 0.035026 0.723148 0.032292 0.728009 0.032031 0.728009 0.028646 0.734028 0.025781 0.737269 0.024479 0.737731 0.021875 0.739583 0.019271 0.740509 0.017969 0.740509 0.017708 0.740972 0.014063 0.741898 0.012500 0.742824 0.011198 0.742824 0.010937 0.743287 0.009635 0.743287 0.008333 0.744213 0.007292 0.744213 0.005990 0.745139 0.004687 0.745602 0.003385 0.745602 0.001823 0.746528 0.000000 0.746528
4 0.000000 0.452546 0.001302 0.452546 0.002344 0.453472 0.003385 0.455324 0.005469 0.457176 0.007812 0.460417 0.008073 0.460417 0.009635 0.463194 0.009896 0.463194 0.011198 0.465509 0.014323 0.469213 0.015365 0.470139 0.016146 0.471528 0.020833 0.475694 0.021615 0.476620 0.022917 0.477083 0.025000 0.478935 0.026562 0.479398 0.028646 0.481250 0.030859 0.485185 0.031641 0.488426 0.031641 0.490278 0.031120 0.492593 0.031120 0.494907 0.030859 0.495370 0.030859 0.497685 0.030339 0.500000 0.030339 0.501852 0.029818 0.504630 0.028776 0.508796 0.028516 0.511574 0.027995 0.513426 0.026432 0.525463 0.025911 0.527315 0.025911 0.528704 0.025391 0.530556 0.025391 0.532407 0.024870 0.534722 0.024609 0.538889 0.024089 0.543056 0.023568 0.544907 0.023568 0.546296 0.023047 0.548148 0.023047 0.549537 0.022526 0.551389 0.022005 0.556481 0.021484 0.558333 0.021224 0.561574 0.020703 0.563426 0.020703 0.564815 0.020182 0.566667 0.019661 0.571759 0.019141 0.573611 0.019141 0.575000 0.018620 0.576852 0.018099 0.582407 0.017578 0.584259 0.017578 0.585648 0.017057 0.587500 0.017057 0.588889 0.016536 0.590741 0.016276 0.593981 0.015755 0.597685 0.015234 0.599537 0.014974 0.602778 0.014453 0.604630 0.013932 0.609722 0.013672 0.610185 0.013411 0.613426 0.012630 0.616667 0.012630 0.618056 0.012109 0.619907 0.011849 0.623148 0.011328 0.625000 0.011068 0.628241 0.010807 0.628704 0.010547 0.632870 0.010286 0.633333 0.009766 0.638889 0.009245 0.641204 0.009245 0.643056 0.008724 0.645370 0.008203 0.650000 0.007943 0.654167 0.007422 0.656481 0.007422 0.657870 0.006641 0.663426 0.006380 0.663889 0.006120 0.668056 0.005339 0.672222 0.005078 0.676389 0.004557 0.678704 0.004557 0.680093 0.003255 0.685648 0.002995 0.688426 0.002474 0.690278 0.002474 0.692130 0.001302 0.697454 0.000000 0.697454
2 0.479687 0.546528 0.474479 0.546528 0.474219 0.546065 0.471615 0.546065 0.470964 0.545370 0.470964 0.543519 0.471484 0.542593 0.472005 0.537963 0.471224 0.534259 0.471224 0.532870 0.470703 0.530556 0.470703 0.528704 0.469922 0.524537 0.469661 0.522222 0.469661 0.519444 0.469401 0.518981 0.469401 0.508796 0.469141 0.508333 0.469141 0.494907 0.468880 0.494444 0.468880 0.487500 0.469141 0.486111 0.470313 0.484028 0.471615 0.483102 0.472396 0.483102 0.473698 0.482176 0.474740 0.482176 0.476302 0.481250 0.477865 0.481250 0.478125 0.480787 0.479427 0.480787 0.479687 0.480324 0.483854 0.478935 0.485156 0.478009 0.485938 0.478009 0.487240 0.477083 0.488021 0.477083 0.489063 0.476157 0.490885 0.476157 0.492057 0.478241 0.492578 0.481019 0.492578 0.489815 0.492318 0.490278 0.492318 0.493056 0.492057 0.493519 0.492057 0.501852 0.491797 0.502315 0.491797 0.505556 0.491536 0.506019 0.491536 0.508796 0.491276 0.509259 0.491276 0.518981 0.491016 0.519444 0.491016 0.523148 0.490755 0.523611 0.490755 0.527315 0.490495 0.527778 0.490495 0.530556 0.489974 0.535185 0.489714 0.535648 0.489453 0.539352 0.488932 0.541204 0.487760 0.543287 0.486719 0.544213 0.485417 0.544676 0.484115 0.544676 0.481250 0.546065 0.479948 0.546065 0.479687 0.546528
2 0.525000 0.530787 0.523698 0.530787 0.523438 0.530324 0.521875 0.530324 0.521484 0.528704 0.521484 0.525463 0.521224 0.525000 0.521224 0.522685 0.520703 0.519907 0.520703 0.516667 0.520443 0.516204 0.520443 0.513426 0.520182 0.512963 0.520182 0.510648 0.519922 0.510185 0.519922 0.505093 0.520182 0.504630 0.520182 0.500000 0.520443 0.499537 0.520443 0.492593 0.520182 0.492130 0.520182 0.486111 0.520964 0.482407 0.520964 0.478241 0.521224 0.477778 0.521224 0.475000 0.521484 0.474537 0.521484 0.472222 0.522135 0.469213 0.523698 0.469213 0.524740 0.468750 0.526042 0.466898 0.528125 0.465046 0.529167 0.464583 0.531250 0.464583 0.531510 0.464120 0.533333 0.464120 0.534896 0.463194 0.536719 0.462731 0.536979 0.462269 0.538542 0.462269 0.538802 0.461806 0.540365 0.461806 0.541667 0.461343 0.542969 0.460417 0.544271 0.460417 0.544531 0.459954 0.546354 0.459954 0.547656 0.459028 0.549479 0.459028 0.550911 0.461111 0.550911 0.463889 0.550391 0.466204 0.550130 0.468519 0.548568 0.473611 0.548047 0.476389 0.548047 0.477778 0.545443 0.490741 0.544661 0.493056 0.544141 0.496759 0.543620 0.498148 0.542839 0.504630 0.542057 0.506944 0.541536 0.510185 0.541016 0.511574 0.540755 0.513889 0.540234 0.515741 0.539193 0.522685 0.538672 0.524074 0.537240 0.526620 0.535156 0.527546 0.533854 0.528472 0.532552 0.528935 0.530990 0.528935 0.530729 0.529398 0.529167 0.529398 0.527604 0.530324 0.525260 0.530324 0.525000 0.530787
2 0.580469 0.512269 0.576562 0.512269 0.576302 0.511806 0.575000 0.511806 0.574219 0.511343 0.573307 0.509722 0.573828 0.507407 0.574089 0.503241 0.574870 0.499537 0.574870 0.497222 0.575130 0.494907 0.575911 0.490741 0.575911 0.489352 0.576432 0.487037 0.576693 0.482870 0.577214 0.480093 0.577214 0.478241 0.577734 0.474074 0.579557 0.466667 0.580599 0.463426 0.581901 0.455556 0.582943 0.450926 0.584375 0.448843 0.585677 0.448380 0.587500 0.448380 0.588542 0.447917 0.589844 0.446528 0.590625 0.446528 0.592187 0.445139 0.595052 0.444213 0.595313 0.443750 0.597396 0.443750 0.597656 0.443287 0.600000 0.443287 0.600260 0.442824 0.602083 0.442824 0.602344 0.442361 0.604427 0.442361 0.605729 0.443287 0.606380 0.444907 0.606380 0.449537 0.605599 0.452315 0.604818 0.453704 0.604297 0.455556 0.603516 0.461111 0.602734 0.463426 0.602734 0.464352 0.601693 0.468056 0.601172 0.471759 0.599609 0.476852 0.598568 0.482407 0.597526 0.485185 0.597005 0.487500 0.596484 0.488426 0.596224 0.490278 0.595703 0.491667 0.595703 0.493056 0.594922 0.496296 0.594922 0.497685 0.593620 0.504167 0.591927 0.507176 0.589063 0.509954 0.587500 0.510417 0.585938 0.511343 0.584375 0.511343 0.584115 0.511806 0.580729 0.511806 0.580469 0.512269
2 0.587240 0.320602 0.582552 0.320602 0.580469 0.319213 0.578516 0.315741 0.578516 0.315278 0.576693 0.312037 0.575781 0.309954 0.572917 0.307639 0.572135 0.307639 0.569271 0.305324 0.568750 0.305324 0.567057 0.302778 0.566797 0.300926 0.566797 0.293981 0.567057 0.293519 0.567057 0.290741 0.567318 0.290278 0.567318 0.287963 0.567578 0.287500 0.567578 0.285185 0.567839 0.284722 0.568099 0.280556 0.568880 0.276389 0.568880 0.275000 0.569661 0.271296 0.570443 0.268981 0.571745 0.266667 0.572656 0.264583 0.575260 0.261343 0.576302 0.260417 0.577083 0.260417 0.578125 0.259491 0.578906 0.259491 0.579688 0.258565 0.587760 0.258565 0.588802 0.259491 0.589583 0.259491 0.592187 0.260880 0.595052 0.263657 0.597786 0.268519 0.598307 0.270370 0.599349 0.272685 0.600130 0.276389 0.600130 0.277778 0.600651 0.280093 0.600651 0.288889 0.599089 0.294907 0.598828 0.297222 0.598828 0.300000 0.598568 0.300463 0.598568 0.302778 0.597266 0.308796 0.596484 0.310185 0.595964 0.312037 0.594531 0.314583 0.592969 0.316435 0.589844 0.318750 0.589063 0.319676 0.587240 0.320602
2 0.799479 0.262731 0.793490 0.262731 0.793229 0.262269 0.791146 0.262269 0.789583 0.261343 0.787500 0.259491 0.786979 0.259491 0.786198 0.258102 0.784375 0.256250 0.783854 0.256250 0.782552 0.254861 0.781510 0.253009 0.780469 0.252083 0.779036 0.249537 0.777214 0.244444 0.776953 0.241667 0.776693 0.241204 0.776693 0.238426 0.776953 0.237963 0.777734 0.232407 0.778255 0.230093 0.779036 0.228241 0.779818 0.225463 0.783203 0.217593 0.783464 0.216204 0.784245 0.214815 0.784766 0.212963 0.786068 0.210648 0.786979 0.208565 0.788802 0.206250 0.791406 0.204398 0.792448 0.204398 0.794010 0.203472 0.800000 0.203472 0.801562 0.204398 0.802604 0.204398 0.805469 0.206713 0.806771 0.207176 0.809115 0.209028 0.809635 0.209954 0.811458 0.211806 0.814714 0.217593 0.815755 0.219907 0.816276 0.223611 0.816276 0.228241 0.816016 0.228704 0.816016 0.231944 0.815755 0.233333 0.813932 0.238426 0.813151 0.239815 0.810547 0.246759 0.810026 0.248611 0.808984 0.250926 0.807682 0.253241 0.807682 0.253704 0.804427 0.259491 0.801562 0.261806 0.799740 0.262269 0.799479 0.262731
0 0.528906 0.338194 0.523698 0.338194 0.523438 0.337731 0.521875 0.337731 0.520833 0.337269 0.519531 0.335880 0.518229 0.335417 0.516406 0.333565 0.514583 0.330787 0.514323 0.330787 0.512630 0.326389 0.512109 0.323611 0.512109 0.318519 0.512370 0.318056 0.512370 0.309722 0.512109 0.307870 0.511589 0.306481 0.511068 0.302315 0.511068 0.299074 0.510807 0.298611 0.510807 0.295370 0.510547 0.294907 0.510547 0.276389 0.510286 0.275926 0.510547 0.274074 0.510547 0.270833 0.511328 0.266667 0.511068 0.264815 0.511068 0.260648 0.511328 0.258796 0.512630 0.254630 0.514323 0.251620 0.516406 0.249306 0.519010 0.246991 0.519792 0.246991 0.520833 0.246065 0.522656 0.246065 0.522917 0.245602 0.526042 0.245602 0.526302 0.246065 0.527865 0.246065 0.528125 0.246528 0.529427 0.246528 0.530469 0.246991 0.531771 0.248380 0.533333 0.249306 0.535807 0.253704 0.536589 0.257870 0.536589 0.260185 0.536849 0.260648 0.536849 0.263889 0.537370 0.266667 0.537370 0.278241 0.537630 0.278704 0.537630 0.281944 0.537370 0.282407 0.537370 0.295370 0.537109 0.295833 0.537109 0.300926 0.536849 0.301389 0.536849 0.304630 0.536589 0.306481 0.535807 0.309722 0.536068 0.311574 0.536068 0.314815 0.536589 0.316204 0.537109 0.320370 0.537109 0.325000 0.536589 0.328704 0.536068 0.330093 0.534115 0.333565 0.533854 0.333565 0.532292 0.335880 0.531771 0.335880 0.529948 0.337731 0.528906 0.338194
0 0.462760 0.339120 0.461719 0.338657 0.460156 0.338657 0.459896 0.338194 0.458594 0.338194 0.458333 0.337731 0.454948 0.336343 0.454167 0.335417 0.453125 0.334954 0.451693 0.332407 0.449349 0.324537 0.449349 0.323611 0.448047 0.317593 0.447786 0.314815 0.446745 0.311574 0.446484 0.310185 0.446224 0.306019 0.445182 0.300926 0.445182 0.297685 0.444401 0.293519 0.444401 0.291204 0.444141 0.290741 0.444141 0.286111 0.444401 0.285648 0.444401 0.282870 0.444661 0.280556 0.445443 0.277778 0.447135 0.273843 0.449479 0.270602 0.451042 0.269213 0.451562 0.268287 0.454688 0.267361 0.454948 0.266898 0.456250 0.266898 0.456510 0.266435 0.457813 0.266435 0.458073 0.265972 0.461719 0.265972 0.463021 0.266435 0.464844 0.268287 0.466667 0.269676 0.467448 0.270602 0.470182 0.275463 0.470182 0.276389 0.470964 0.279630 0.470964 0.281019 0.471484 0.283333 0.471484 0.285185 0.472005 0.287500 0.473047 0.293981 0.473047 0.295370 0.474089 0.300463 0.474349 0.304167 0.474609 0.304630 0.474609 0.306944 0.474870 0.309259 0.475391 0.311574 0.475391 0.313889 0.475651 0.314352 0.475651 0.323148 0.475130 0.325463 0.474089 0.328241 0.472917 0.330324 0.471615 0.331713 0.470833 0.333102 0.469271 0.334954 0.467187 0.336806 0.464062 0.338194 0.462760 0.339120
0 0.745313 0.273843 0.742969 0.273843 0.741406 0.272917 0.739844 0.272917 0.739583 0.272454 0.738281 0.272454 0.737240 0.271991 0.736458 0.271065 0.734635 0.270139 0.732812 0.269676 0.732031 0.268750 0.730859 0.266204 0.730339 0.263426 0.730339 0.262037 0.729557 0.258796 0.729297 0.256944 0.729297 0.250926 0.729557 0.250463 0.729557 0.247685 0.729818 0.245370 0.730859 0.241204 0.731901 0.238889 0.732161 0.237500 0.733203 0.234722 0.733203 0.233796 0.734505 0.228704 0.735026 0.227778 0.735547 0.225463 0.736328 0.223148 0.737109 0.221759 0.737891 0.218056 0.738932 0.214815 0.739193 0.212963 0.739714 0.211574 0.740885 0.209491 0.742448 0.207639 0.743490 0.205787 0.747135 0.203472 0.753906 0.203472 0.754167 0.203935 0.755469 0.203935 0.757552 0.205324 0.759896 0.206250 0.762240 0.208565 0.763932 0.211574 0.764714 0.216204 0.764974 0.216667 0.764974 0.221296 0.764714 0.221759 0.764714 0.225463 0.764453 0.227778 0.763932 0.230093 0.762370 0.233796 0.761328 0.240278 0.760286 0.243519 0.760286 0.244444 0.759505 0.246296 0.758984 0.248611 0.757422 0.252315 0.756641 0.254630 0.756120 0.256944 0.755599 0.257870 0.755078 0.260185 0.753776 0.263889 0.753776 0.264352 0.752604 0.265972 0.749479 0.271528 0.747396 0.272917 0.747135 0.273380 0.745573 0.273380 0.745313 0.273843
11 0.478125 0.952546 0.476562 0.952546 0.476302 0.952083 0.474479 0.952083 0.473047 0.949537 0.472266 0.945833 0.472005 0.943519 0.472005 0.941204 0.471745 0.940741 0.471745 0.938426 0.471224 0.936111 0.470964 0.933796 0.470964 0.931019 0.470703 0.930556 0.470703 0.928241 0.470443 0.927778 0.470443 0.925463 0.469922 0.922685 0.469922 0.919907 0.469661 0.917593 0.469141 0.915278 0.469141 0.913426 0.468620 0.911111 0.468620 0.908796 0.468359 0.908333 0.468359 0.906019 0.468099 0.905556 0.468099 0.902778 0.467839 0.902315 0.467839 0.900000 0.467578 0.899537 0.467578 0.896759 0.467318 0.896296 0.467318 0.893981 0.467057 0.893519 0.467057 0.890741 0.466797 0.890278 0.466797 0.887963 0.466536 0.887500 0.466536 0.885185 0.466016 0.882870 0.466016 0.880556 0.465495 0.877778 0.465495 0.875463 0.465234 0.875000 0.464974 0.870833 0.464714 0.870370 0.464453 0.866204 0.464193 0.865741 0.464193 0.862963 0.463932 0.862500 0.463932 0.860185 0.463672 0.859722 0.463672 0.856944 0.463411 0.856481 0.463411 0.854167 0.463151 0.853704 0.463151 0.850926 0.462891 0.848611 0.462109 0.844444 0.462109 0.842130 0.461849 0.841667 0.461849 0.838889 0.461589 0.838426 0.461589 0.836111 0.461068 0.831481 0.460286 0.826389 0.460286 0.824074 0.460026 0.823611 0.460026 0.820833 0.459766 0.820370 0.459766 0.818056 0.459505 0.817593 0.459505 0.815278 0.459245 0.814815 0.459245 0.812500 0.458984 0.812037 0.458984 0.809722 0.458203 0.805556 0.458203 0.803241 0.457943 0.802778 0.457682 0.798611 0.457422 0.798148 0.457422 0.795833 0.456901 0.793056 0.456901 0.790741 0.456380 0.787963 0.456380 0.785648 0.456120 0.785185 0.456120 0.782870 0.455859 0.782407 0.455859 0.780093 0.455599 0.779630 0.455599 0.777315 0.455339 0.775000 0.454818 0.772685 0.454818 0.770370 0.454297 0.767593 0.454297 0.765278 0.454036 0.764815 0.454036 0.762500 0.453776 0.762037 0.453776 0.759722 0.453516 0.759259 0.453516 0.756944 0.452995 0.754167 0.452995 0.751852 0.452474 0.749537 0.452474 0.747685 0.451953 0.744907 0.451953 0.742130 0.451693 0.741667 0.451693 0.738426 0.451432 0.737963 0.451432 0.732407 0.451172 0.731944 0.450911 0.727778 0.450391 0.725463 0.450391 0.721759 0.450130 0.721296 0.450130 0.718056 0.449870 0.717593 0.449870 0.715278 0.449609 0.714815 0.449609 0.712500 0.449349 0.712037 0.449349 0.709259 0.449089 0.708796 0.449089 0.706481 0.448828 0.706019 0.448828 0.703704 0.448568 0.703241 0.448568 0.700000 0.448307 0.699537 0.448307 0.697222 0.447526 0.693519 0.447266 0.691204 0.447266 0.688426 0.447005 0.687963 0.447005 0.685648 0.446484 0.682870 0.446484 0.680093 0.445964 0.677315 0.445964 0.674537 0.445703 0.674074 0.445703 0.670370 0.445443 0.668056 0.444922 0.665741 0.444661 0.662500 0.444401 0.662037 0.444401 0.659259 0.444141 0.658796 0.444141 0.656481 0.443620 0.654167 0.443620 0.650926 0.443359 0.650463 0.443359 0.648148 0.442578 0.643056 0.442578 0.640741 0.441797 0.635648 0.441797 0.633333 0.441536 0.632870 0.441536 0.630093 0.441276 0.629630 0.441276 0.624537 0.441016 0.624074 0.441016 0.619907 0.440755 0.619444 0.440495 0.615741 0.439714 0.613426 0.439193 0.609259 0.438672 0.607407 0.438672 0.605093 0.438411 0.604630 0.438411 0.601852 0.438151 0.601389 0.438151 0.585648 0.437630 0.581944 0.436198 0.579398 0.435807 0.579167 0.435286 0.573148 0.434766 0.571296 0.434766 0.568981 0.434245 0.566204 0.434245 0.563889 0.433984 0.563426 0.433984 0.560648 0.433724 0.560185 0.433724 0.557407 0.433464 0.556944 0.433464 0.554167 0.433203 0.553704 0.433203 0.550926 0.432422 0.545370 0.431901 0.543981 0.431380 0.537500 0.430859 0.534722 0.430859 0.531019 0.430599 0.530556 0.430599 0.526852 0.430339 0.526389 0.430339 0.523611 0.429557 0.518519 0.429557 0.516204 0.429297 0.515741 0.429297 0.513426 0.428776 0.511111 0.428776 0.506944 0.428516 0.506481 0.428516 0.503241 0.427995 0.500926 0.427214 0.498611 0.426953 0.495833 0.426693 0.495370 0.426693 0.493056 0.426432 0.492593 0.426432 0.490278 0.426172 0.489815 0.425911 0.485648 0.425391 0.483333 0.425391 0.480556 0.425130 0.480093 0.425130 0.476852 0.424870 0.474537 0.424089 0.471759 0.423568 0.465278 0.423047 0.462500 0.423047 0.458333 0.422786 0.457870 0.422786 0.455093 0.422526 0.454630 0.422526 0.451852 0.422266 0.451389 0.422266 0.449074 0.422005 0.448611 0.422005 0.444444 0.421745 0.443981 0.421745 0.440741 0.421484 0.440278 0.421484 0.436574 0.421224 0.436111 0.421224 0.432870 0.422266 0.428704 0.423698 0.426620 0.425781 0.426620 0.426042 0.426157 0.427604 0.426157 0.428125 0.425694 0.429297 0.423611 0.429818 0.420370 0.428776 0.416204 0.428516 0.414352 0.428516 0.412037 0.428255 0.411574 0.428255 0.409259 0.427995 0.408796 0.427995 0.406481 0.427734 0.404167 0.426953 0.400000 0.426953 0.397685 0.426693 0.397222 0.426693 0.394907 0.426172 0.392130 0.425911 0.387963 0.425391 0.386111 0.425391 0.384722 0.424870 0.382407 0.424870 0.380556 0.424089 0.375463 0.424089 0.373148 0.423568 0.370370 0.423307 0.366204 0.423047 0.365741 0.423047 0.362500 0.422786 0.362037 0.422786 0.354630 0.423047 0.352315 0.424089 0.347685 0.424870 0.346296 0.425130 0.344907 0.427083 0.341435 0.428646 0.340046 0.429948 0.339583 0.430729 0.338657 0.433073 0.337731 0.434115 0.337731 0.435026 0.336111 0.434505 0.333796 0.434245 0.331481 0.434245 0.328241 0.434766 0.324074 0.435937 0.321528 0.437240 0.320602 0.439844 0.316898 0.441146 0.316435 0.444271 0.316435 0.446354 0.318287 0.447005 0.319444 0.447786 0.322222 0.448307 0.325926 0.449089 0.328704 0.450130 0.331019 0.451432 0.335648 0.451953 0.336574 0.452734 0.339815 0.452995 0.343056 0.453776 0.346296 0.455208 0.348843 0.459375 0.352546 0.459635 0.353009 0.461979 0.354398 0.470313 0.354398 0.471354 0.353935 0.474740 0.350694 0.477344 0.346065 0.477604 0.346065 0.478776 0.343981 0.480078 0.337963 0.480078 0.332870 0.479818 0.332407 0.479818 0.330093 0.479036 0.327315 0.479036 0.326389 0.478255 0.323611 0.477995 0.321296 0.477995 0.318056 0.477734 0.317593 0.477734 0.309722 0.479167 0.308565 0.480729 0.308565 0.482031 0.308102 0.485417 0.306250 0.486979 0.306250 0.487240 0.305787 0.489844 0.305787 0.490104 0.305324 0.492188 0.305324 0.492448 0.304861 0.494792 0.304861 0.495052 0.304398 0.497135 0.304398 0.497396 0.303935 0.498958 0.303935 0.499219 0.304398 0.501042 0.304398 0.501302 0.304861 0.503125 0.304861 0.503385 0.304398 0.507031 0.304398 0.508594 0.305324 0.510547 0.307870 0.511068 0.309722 0.511068 0.312963 0.511328 0.313426 0.511328 0.318056 0.511068 0.318519 0.511068 0.323611 0.511589 0.325463 0.512109 0.328704 0.513281 0.330787 0.513542 0.330787 0.515104 0.333565 0.517448 0.336343 0.521354 0.338657 0.522656 0.339120 0.523958 0.339120 0.524219 0.339583 0.526823 0.339583 0.527083 0.339120 0.529167 0.339120 0.530469 0.338657 0.531771 0.337731 0.532552 0.337731 0.533854 0.336343 0.535677 0.333102 0.535937 0.333102 0.537630 0.330093 0.538151 0.326852 0.538151 0.323611 0.538411 0.323148 0.538411 0.312963 0.538151 0.312500 0.538151 0.307870 0.538411 0.307407 0.538411 0.305093 0.538672 0.304630 0.538672 0.300926 0.539193 0.298611 0.539193 0.296759 0.539714 0.294907 0.540885 0.293287 0.541667 0.293287 0.542969 0.292361 0.544010 0.292361 0.545312 0.291435 0.546875 0.291435 0.547135 0.290972 0.548698 0.290972 0.548958 0.290509 0.550521 0.290509 0.550781 0.290046 0.552344 0.290046 0.552604 0.289583 0.554688 0.289583 0.554948 0.289120 0.556250 0.289120 0.556510 0.288657 0.558073 0.288657 0.558333 0.288194 0.559896 0.288194 0.561198 0.287731 0.561458 0.288194 0.563021 0.288194 0.564193 0.289815 0.565234 0.293981 0.565234 0.297222 0.564974 0.297685 0.564974 0.300926 0.563542 0.303472 0.563021 0.303472 0.561719 0.304861 0.560417 0.305787 0.559115 0.306250 0.556510 0.308102 0.554818 0.310648 0.553776 0.314352 0.552995 0.318981 0.552995 0.320370 0.552474 0.322222 0.552214 0.325463 0.551693 0.327315 0.551693 0.328704 0.551172 0.330556 0.550130 0.332870 0.548828 0.335185 0.548047 0.338889 0.548047 0.342593 0.547786 0.343056 0.547786 0.358333 0.547526 0.358796 0.547266 0.361574 0.546745 0.362963 0.545182 0.365741 0.544271 0.367824 0.542708 0.366435 0.541667 0.365046 0.540104 0.364583 0.538802 0.363194 0.537500 0.362731 0.536719 0.361806 0.534375 0.360880 0.534115 0.360417 0.532552 0.360417 0.531771 0.361343 0.530339 0.363889 0.530339 0.365741 0.531380 0.370833 0.532422 0.374537 0.532422 0.375926 0.532943 0.377315 0.532943 0.379630 0.532422 0.381481 0.532422 0.383333 0.531380 0.386574 0.530339 0.388426 0.529557 0.391204 0.529036 0.392130 0.527995 0.397685 0.527995 0.399074 0.527214 0.403241 0.526953 0.405556 0.526953 0.414815 0.527214 0.417130 0.527995 0.420833 0.529036 0.423611 0.529818 0.425000 0.530859 0.428704 0.532161 0.431944 0.533854 0.434954 0.535677 0.436343 0.537760 0.436806 0.538021 0.437269 0.539323 0.437269 0.539583 0.437731 0.542448 0.437731 0.542708 0.438194 0.545312 0.438194 0.545573 0.438657 0.546875 0.438657 0.547135 0.439120 0.550000 0.439120 0.552865 0.437731 0.553906 0.436343 0.554688 0.435880 0.556250 0.433565 0.557292 0.432639 0.558594 0.430787 0.559766 0.428704 0.561328 0.423611 0.562630 0.416667 0.562630 0.415741 0.563411 0.412500 0.563672 0.408333 0.564453 0.404167 0.564714 0.400926 0.564974 0.400463 0.564974 0.393056 0.564714 0.390741 0.564193 0.388426 0.563411 0.386111 0.563411 0.382870 0.563672 0.381481 0.565104 0.378935 0.565885 0.378935 0.567187 0.378009 0.569531 0.377083 0.571875 0.375694 0.573438 0.374306 0.575000 0.372454 0.575651 0.371296 0.576693 0.368056 0.577214 0.364352 0.577474 0.363889 0.577995 0.360185 0.578776 0.356481 0.578776 0.353241 0.579036 0.352778 0.579036 0.347222 0.579297 0.346759 0.579297 0.340278 0.579818 0.337963 0.579818 0.336574 0.580339 0.334259 0.581510 0.333102 0.582943 0.330093 0.582943 0.329630 0.584375 0.327546 0.585156 0.327083 0.587500 0.322917 0.588021 0.322917 0.589844 0.321528 0.590885 0.321528 0.592708 0.320139 0.594922 0.316204 0.594922 0.315741 0.597786 0.309722 0.598828 0.306019 0.599349 0.305093 0.600651 0.300463 0.600911 0.296759 0.601432 0.294444 0.602865 0.291898 0.603646 0.291435 0.606771 0.291435 0.607292 0.292361 0.609635 0.293750 0.612760 0.293750 0.613021 0.293287 0.615365 0.293287 0.616146 0.293750 0.619661 0.300000 0.619661 0.300463 0.621224 0.304167 0.621745 0.306019 0.623047 0.308796 0.623828 0.312500 0.624870 0.315741 0.625130 0.318056 0.625911 0.320833 0.626432 0.321759 0.626953 0.324074 0.628776 0.330093 0.629297 0.332407 0.630599 0.336574 0.631641 0.341667 0.632161 0.343056 0.632943 0.347685 0.634245 0.350926 0.634505 0.352778 0.635286 0.354630 0.635286 0.355556 0.636068 0.357870 0.636328 0.360185 0.636849 0.362037 0.638151 0.364352 0.638932 0.366667 0.640234 0.371296 0.640495 0.373148 0.640495 0.375926 0.641276 0.380556 0.641536 0.381019 0.642318 0.385648 0.642318 0.387963 0.642578 0.388426 0.642578 0.393056 0.641536 0.396296 0.640755 0.400000 0.639714 0.402315 0.639453 0.404167 0.638672 0.406944 0.638411 0.409259 0.638411 0.412037 0.637760 0.413657 0.636458 0.414583 0.635026 0.417130 0.634245 0.421296 0.633464 0.423611 0.633464 0.424537 0.632422 0.428241 0.631120 0.433796 0.630859 0.436111 0.627995 0.443981 0.626953 0.445833 0.625911 0.450000 0.625651 0.453241 0.625130 0.455556 0.624609 0.456481 0.623568 0.460648 0.623047 0.461574 0.622526 0.463889 0.622526 0.465278 0.622005 0.467593 0.619661 0.472685 0.619661 0.473611 0.618620 0.476852 0.618099 0.479167 0.617839 0.481944 0.617318 0.483796 0.617057 0.486574 0.616276 0.489352 0.616276 0.492593 0.616016 0.493056 0.616016 0.496296 0.615755 0.496759 0.615755 0.500926 0.614583 0.501157 0.613802 0.500231 0.607292 0.500231 0.607031 0.500694 0.602865 0.500694 0.601042 0.499306 0.599870 0.497222 0.599609 0.495833 0.600911 0.489352 0.601172 0.485648 0.601693 0.483333 0.602474 0.481481 0.602995 0.479167 0.602995 0.477778 0.604036 0.474074 0.607161 0.468519 0.607943 0.464815 0.607943 0.463426 0.608464 0.461574 0.608464 0.460185 0.608984 0.457870 0.609245 0.455556 0.609245 0.453241 0.609505 0.452778 0.609505 0.450463 0.610026 0.447685 0.610026 0.444444 0.610677 0.443750 0.611849 0.441667 0.611458 0.440509 0.610677 0.440509 0.609766 0.441667 0.609635 0.443287 0.604167 0.443287 0.603906 0.442824 0.596094 0.442824 0.595833 0.443287 0.594531 0.443287 0.593229 0.444213 0.592187 0.444213 0.589323 0.445602 0.588021 0.445602 0.587760 0.446065 0.586198 0.446065 0.585938 0.446528 0.584635 0.446528 0.583333 0.447454 0.580469 0.448380 0.579818 0.451389 0.579818 0.453704 0.578776 0.460185 0.578255 0.462037 0.577995 0.466204 0.577734 0.466667 0.577734 0.468981 0.577474 0.469444 0.576953 0.473148 0.576953 0.475463 0.576693 0.475926 0.576693 0.480556 0.576432 0.481019 0.576432 0.483333 0.575911 0.485648 0.575911 0.487500 0.575130 0.491204 0.575130 0.492593 0.574609 0.494907 0.574349 0.497222 0.574349 0.500000 0.574089 0.501389 0.572917 0.503472 0.572656 0.503472 0.571484 0.505556 0.571224 0.507407 0.570703 0.508796 0.570703 0.514352 0.570964 0.515741 0.572396 0.517824 0.573698 0.517361 0.575260 0.517361 0.576823 0.515972 0.577865 0.515509 0.579948 0.515509 0.581250 0.515046 0.582552 0.514120 0.585677 0.513194 0.585938 0.512731 0.587240 0.512731 0.587500 0.512269 0.590365 0.511343 0.591927 0.509954 0.593229 0.509491 0.594792 0.509491 0.596875 0.508102 0.598958 0.507176 0.600000 0.506250 0.601562 0.506250 0.601823 0.505787 0.607552 0.505787 0.607812 0.505324 0.609375 0.505324 0.609635 0.504861 0.611458 0.504861 0.612760 0.504398 0.614583 0.502546 0.620313 0.502546 0.620573 0.502083 0.622135 0.502083 0.625000 0.500231 0.626563 0.498843 0.628385 0.498380 0.629687 0.497454 0.631510 0.497454 0.631771 0.496991 0.637240 0.496991 0.637500 0.496528 0.639323 0.496528 0.639583 0.496065 0.641406 0.495602 0.643490 0.493750 0.644792 0.493287 0.646875 0.491898 0.648177 0.491435 0.649740 0.491435 0.650000 0.490972 0.652083 0.490972 0.652344 0.490509 0.653906 0.490509 0.655469 0.489583 0.656771 0.489583 0.657031 0.489120 0.658333 0.489120 0.659635 0.488194 0.660937 0.487731 0.662240 0.487731 0.662500 0.487269 0.663802 0.487269 0.665104 0.486343 0.666406 0.485880 0.667708 0.485880 0.669271 0.484954 0.670833 0.484954 0.671094 0.484491 0.672656 0.484491 0.672917 0.484028 0.674219 0.484028 0.674479 0.483565 0.676042 0.483565 0.676302 0.483102 0.677865 0.483102 0.678125 0.482639 0.680208 0.482639 0.680469 0.482176 0.682552 0.482176 0.682813 0.481713 0.684635 0.481713 0.685937 0.481250 0.686979 0.480324 0.687760 0.480324 0.689583 0.478935 0.692448 0.478009 0.694010 0.477083 0.695312 0.477083 0.695573 0.476620 0.697135 0.476620 0.697396 0.476157 0.699479 0.476157 0.699740 0.475694 0.701562 0.475694 0.702865 0.475231 0.706510 0.472917 0.707292 0.472917 0.708594 0.471991 0.710156 0.471991 0.710417 0.471528 0.713542 0.471528 0.713802 0.471065 0.717187 0.471065 0.717448 0.470602 0.719010 0.470602 0.719271 0.470139 0.723177 0.470139 0.723437 0.470602 0.724740 0.470602 0.726823 0.472454 0.727995 0.474537 0.731380 0.479167 0.731380 0.479630 0.732682 0.481944 0.732682 0.482407 0.733984 0.484722 0.734766 0.486574 0.736589 0.495833 0.736979 0.496065 0.739453 0.501389 0.739974 0.504167 0.742318 0.510185 0.743359 0.514352 0.743880 0.515278 0.744401 0.517593 0.745443 0.519907 0.746224 0.522222 0.746745 0.524537 0.747266 0.525463 0.748307 0.529630 0.750391 0.533796 0.751953 0.540741 0.752734 0.543056 0.753255 0.545370 0.754036 0.547685 0.757161 0.555093 0.758464 0.560185 0.758984 0.561574 0.759766 0.565278 0.762109 0.570370 0.762891 0.574074 0.763672 0.575926 0.764453 0.578704 0.765234 0.580093 0.766276 0.582870 0.767839 0.588889 0.768880 0.591204 0.770703 0.596759 0.770964 0.598148 0.772005 0.600463 0.772786 0.603704 0.773568 0.606019 0.774870 0.608796 0.775651 0.612037 0.776432 0.614352 0.776432 0.615278 0.778516 0.620370 0.778776 0.621759 0.779818 0.624074 0.780078 0.625463 0.781120 0.627778 0.781641 0.630093 0.782161 0.631019 0.783203 0.635185 0.784766 0.638889 0.786589 0.645370 0.787891 0.648611 0.789714 0.653704 0.790755 0.656944 0.792057 0.662037 0.794141 0.667593 0.794922 0.670833 0.795703 0.672222 0.796745 0.675000 0.797786 0.679167 0.798307 0.680093 0.799349 0.684259 0.799870 0.685185 0.800391 0.687500 0.801432 0.689815 0.802474 0.693519 0.803516 0.695833 0.803776 0.697222 0.804818 0.699537 0.806380 0.705556 0.806901 0.706481 0.807943 0.710185 0.808464 0.711111 0.809766 0.716204 0.810547 0.718519 0.811589 0.720833 0.812109 0.723148 0.812630 0.724074 0.813672 0.727778 0.814714 0.732407 0.815234 0.733796 0.815755 0.737037 0.816276 0.738426 0.816536 0.740278 0.816536 0.743056 0.816797 0.743519 0.816797 0.747222 0.816536 0.748148 0.813932 0.752778 0.813411 0.755556 0.812630 0.758333 0.810937 0.761343 0.810156 0.761806 0.808333 0.763657 0.807031 0.764583 0.804948 0.765509 0.802865 0.767361 0.800000 0.768750 0.798177 0.770602 0.793750 0.773380 0.791406 0.775694 0.790104 0.776157 0.787240 0.778472 0.785937 0.778935 0.784635 0.778935 0.784375 0.779398 0.782813 0.779861 0.781641 0.781944 0.781641 0.782407 0.779948 0.785417 0.778646 0.786806 0.778125 0.786806 0.775781 0.789120 0.774479 0.789583 0.772135 0.791898 0.770833 0.792824 0.770052 0.792824 0.768750 0.793750 0.764583 0.798380 0.763802 0.798843 0.760938 0.801620 0.760417 0.801620 0.758594 0.803009 0.756771 0.804861 0.754427 0.806250 0.753906 0.806250 0.752083 0.808102 0.750260 0.809028 0.748958 0.810417 0.748437 0.810417 0.745573 0.812731 0.743750 0.815046 0.742969 0.815046 0.739323 0.817824 0.738542 0.817824 0.736719 0.819676 0.733854 0.821991 0.732292 0.823843 0.731771 0.823843 0.730469 0.825231 0.729948 0.825231 0.728125 0.827083 0.726823 0.827546 0.725781 0.828935 0.725260 0.828935 0.723958 0.830324 0.721094 0.831713 0.718229 0.834028 0.717708 0.834954 0.713021 0.839120 0.711719 0.839583 0.709635 0.841435 0.708594 0.842824 0.707031 0.843287 0.706250 0.844213 0.704427 0.845602 0.702865 0.847454 0.701562 0.849769 0.700521 0.850231 0.699479 0.851620 0.698177 0.852083 0.697135 0.853009 0.693490 0.853935 0.691927 0.854861 0.690885 0.854861 0.687500 0.857176 0.686719 0.858102 0.685156 0.858565 0.683854 0.859491 0.682031 0.859954 0.681771 0.860417 0.680469 0.860417 0.680208 0.860880 0.678906 0.860880 0.678646 0.861343 0.676823 0.861806 0.673958 0.863657 0.672917 0.863657 0.670833 0.865046 0.670052 0.865046 0.669010 0.865972 0.668229 0.865972 0.667188 0.866898 0.664844 0.867824 0.662500 0.868287 0.661198 0.869213 0.656771 0.870602 0.656510 0.871065 0.653906 0.872454 0.649479 0.873843 0.647135 0.875231 0.644792 0.875694 0.643490 0.876620 0.642708 0.876620 0.641927 0.877546 0.640104 0.878009 0.638281 0.879398 0.636458 0.879861 0.636198 0.880324 0.633594 0.881250 0.632552 0.881250 0.630208 0.882639 0.629167 0.882639 0.626302 0.884491 0.625521 0.884491 0.623958 0.885880 0.622135 0.886806 0.621094 0.886806 0.618750 0.888194 0.616667 0.888657 0.615625 0.889583 0.612760 0.890509 0.611719 0.891435 0.609375 0.891898 0.609115 0.892361 0.607292 0.892824 0.607031 0.893287 0.605208 0.893750 0.601823 0.895602 0.601042 0.895602 0.600000 0.896528 0.598177 0.896991 0.597917 0.897454 0.596094 0.897917 0.593750 0.898843 0.591927 0.900231 0.590885 0.900231 0.588542 0.901620 0.587500 0.901620 0.586198 0.902546 0.585156 0.902546 0.582812 0.903935 0.581771 0.903935 0.579948 0.905324 0.578125 0.905787 0.575521 0.907639 0.574740 0.907639 0.573698 0.908565 0.571875 0.909028 0.571615 0.909491 0.567969 0.910417 0.565625 0.911806 0.563802 0.912269 0.560417 0.914583 0.557552 0.915509 0.555208 0.916898 0.553385 0.917361 0.552344 0.918287 0.551562 0.918287 0.550521 0.919213 0.546875 0.920139 0.544531 0.921528 0.543750 0.921528 0.542708 0.922454 0.541927 0.922454 0.540885 0.923380 0.538021 0.924306 0.537760 0.924769 0.534115 0.926157 0.532813 0.927083 0.532031 0.927083 0.530990 0.928009 0.530208 0.928009 0.528906 0.928935 0.527083 0.929398 0.526823 0.929861 0.523698 0.930787 0.521615 0.932176 0.520833 0.932176 0.519792 0.933102 0.517969 0.933565 0.516927 0.934491 0.514583 0.934954 0.513281 0.935880 0.511458 0.936343 0.510417 0.937269 0.509115 0.937731 0.507812 0.937731 0.507552 0.938194 0.506250 0.938194 0.503646 0.939583 0.503385 0.940046 0.500260 0.940972 0.499219 0.941898 0.496354 0.942824 0.496094 0.943287 0.491667 0.945602 0.490365 0.946991 0.489583 0.946991 0.486198 0.949306 0.484375 0.949769 0.483333 0.950694 0.481510 0.951157 0.481250 0.951620 0.479948 0.951620 0.479687 0.952083 0.478385 0.952083 0.478125 0.952546
11 0.999740 0.712731 0.998437 0.712731 0.997396 0.713194 0.995573 0.715046 0.994010 0.715972 0.992188 0.716435 0.990625 0.717824 0.989062 0.718750 0.988281 0.718750 0.987240 0.719676 0.986458 0.719676 0.983333 0.721991 0.981510 0.722917 0.978385 0.723843 0.977083 0.724769 0.976042 0.724769 0.974740 0.725694 0.971094 0.726620 0.969531 0.728009 0.968490 0.729398 0.967187 0.731713 0.965625 0.732176 0.965365 0.732639 0.963802 0.732639 0.962500 0.733565 0.960677 0.734028 0.958594 0.735417 0.957552 0.735417 0.955208 0.736343 0.953906 0.737731 0.952604 0.738657 0.951302 0.740046 0.949740 0.740509 0.949479 0.740972 0.947135 0.741435 0.946875 0.741898 0.944531 0.742361 0.942448 0.743750 0.939583 0.744676 0.938802 0.745602 0.937500 0.746065 0.935937 0.747454 0.934896 0.747917 0.933333 0.747917 0.933073 0.748380 0.931510 0.748380 0.931250 0.748843 0.929427 0.749306 0.927083 0.750694 0.925781 0.750694 0.924479 0.751157 0.922396 0.752546 0.920573 0.753009 0.918750 0.754398 0.917448 0.754861 0.916146 0.754861 0.915885 0.755324 0.914323 0.755324 0.912760 0.756250 0.911458 0.756250 0.911198 0.756713 0.909635 0.756713 0.907552 0.758102 0.906510 0.759491 0.904687 0.761343 0.903646 0.761806 0.902344 0.761806 0.902083 0.762269 0.900781 0.762269 0.900521 0.762731 0.898958 0.762731 0.897656 0.763194 0.896354 0.764120 0.894792 0.764120 0.894531 0.764583 0.893229 0.764583 0.890104 0.766898 0.888802 0.768287 0.887500 0.768750 0.885938 0.768750 0.885677 0.769213 0.884115 0.769213 0.882812 0.769676 0.881510 0.770602 0.880729 0.770602 0.879427 0.771528 0.877865 0.771991 0.876563 0.773380 0.875781 0.773380 0.873437 0.775231 0.872135 0.775694 0.870313 0.775694 0.870052 0.776157 0.868750 0.776157 0.868490 0.776620 0.866927 0.776620 0.865365 0.777546 0.864062 0.777546 0.863802 0.778009 0.862500 0.778009 0.860417 0.778935 0.859375 0.779861 0.857292 0.780787 0.857031 0.781250 0.855469 0.781250 0.855208 0.781713 0.853646 0.781713 0.853385 0.782176 0.851302 0.782176 0.849740 0.783102 0.848177 0.783102 0.845313 0.784491 0.843490 0.787731 0.841146 0.789583 0.839844 0.789583 0.838281 0.790509 0.836979 0.790509 0.835677 0.791435 0.833073 0.792361 0.831510 0.792361 0.828125 0.795139 0.827604 0.795139 0.826042 0.796528 0.823958 0.796991 0.822656 0.797917 0.821354 0.797917 0.817708 0.799769 0.815885 0.801157 0.813021 0.802083 0.812240 0.803009 0.810156 0.803472 0.809896 0.803935 0.808333 0.803935 0.808073 0.804398 0.806771 0.804398 0.806510 0.804861 0.801042 0.806713 0.800781 0.807176 0.796354 0.808565 0.794531 0.809954 0.792188 0.810880 0.790365 0.811343 0.789062 0.812269 0.788281 0.812269 0.784635 0.815046 0.783854 0.815046 0.782813 0.815972 0.782031 0.815972 0.780990 0.816898 0.779167 0.817361 0.778906 0.817824 0.777344 0.817824 0.775781 0.818750 0.771615 0.818750 0.770833 0.818287 0.769661 0.816204 0.768880 0.813426 0.768620 0.811574 0.768099 0.810648 0.767318 0.807407 0.767318 0.806019 0.766797 0.803704 0.766797 0.801852 0.767708 0.799769 0.769531 0.797917 0.770833 0.796065 0.771615 0.795602 0.772917 0.793750 0.776823 0.790509 0.779687 0.789120 0.781771 0.787269 0.784375 0.784028 0.786198 0.783102 0.790625 0.779861 0.794010 0.778472 0.795833 0.777083 0.797656 0.776157 0.798958 0.774769 0.800260 0.774306 0.801042 0.773380 0.802344 0.772917 0.803646 0.771991 0.805990 0.769676 0.806510 0.769676 0.808333 0.767824 0.809635 0.766898 0.810156 0.765972 0.811458 0.765046 0.812760 0.763194 0.814323 0.761806 0.815755 0.759259 0.817318 0.755556 0.818880 0.750926 0.821094 0.746991 0.822396 0.746065 0.825781 0.742361 0.827344 0.741435 0.827865 0.740509 0.829167 0.739583 0.829688 0.738657 0.831510 0.737269 0.833333 0.735417 0.833854 0.735417 0.835938 0.733565 0.837760 0.731250 0.839583 0.729861 0.840365 0.728935 0.843490 0.727083 0.848177 0.722917 0.850260 0.721991 0.851562 0.720602 0.852083 0.720602 0.854167 0.718750 0.855469 0.718287 0.858073 0.715509 0.860156 0.713657 0.860677 0.712731 0.863021 0.710880 0.864583 0.709954 0.866667 0.708102 0.869792 0.704861 0.872656 0.703009 0.876042 0.699769 0.876563 0.698843 0.877865 0.697917 0.880729 0.696528 0.882031 0.695139 0.883594 0.694213 0.884896 0.692824 0.888021 0.691435 0.889844 0.689583 0.890885 0.688194 0.892188 0.685880 0.892448 0.685880 0.893620 0.683333 0.893099 0.679630 0.893099 0.677315 0.891536 0.672222 0.891536 0.671296 0.890495 0.667593 0.889974 0.666667 0.888932 0.663426 0.888151 0.662037 0.887370 0.659722 0.886068 0.656944 0.885807 0.655556 0.884766 0.652778 0.882682 0.648611 0.882161 0.646759 0.880339 0.642130 0.879557 0.640741 0.877474 0.635648 0.877214 0.634259 0.875911 0.631481 0.875130 0.628241 0.874609 0.627315 0.873828 0.624537 0.873047 0.623148 0.871484 0.618519 0.870703 0.617130 0.870182 0.615278 0.868099 0.611111 0.867578 0.609259 0.866016 0.605556 0.865495 0.603704 0.864714 0.602315 0.862891 0.597685 0.859766 0.589352 0.859245 0.587037 0.858203 0.584259 0.855078 0.578704 0.854297 0.576389 0.852865 0.573843 0.851823 0.572917 0.851172 0.571759 0.850391 0.568981 0.850130 0.566667 0.849089 0.562963 0.847786 0.561111 0.847526 0.559722 0.846745 0.558333 0.846224 0.556481 0.845573 0.555787 0.844922 0.556019 0.844661 0.559722 0.844922 0.562037 0.845964 0.565741 0.845964 0.572222 0.844531 0.574769 0.844271 0.574769 0.842187 0.578472 0.840625 0.579398 0.838281 0.579861 0.836979 0.580787 0.835938 0.580787 0.834375 0.581713 0.833073 0.581713 0.832812 0.582176 0.831510 0.582176 0.829948 0.583102 0.828906 0.583102 0.826562 0.584491 0.825781 0.584491 0.824479 0.585417 0.821354 0.586343 0.819010 0.587731 0.817969 0.587731 0.816406 0.588657 0.815104 0.588657 0.814844 0.589120 0.813281 0.589120 0.813021 0.589583 0.811719 0.589583 0.810417 0.590509 0.805729 0.591898 0.804688 0.592824 0.803646 0.592824 0.801302 0.594213 0.800000 0.594676 0.798698 0.594676 0.797396 0.595602 0.796615 0.595602 0.795573 0.596528 0.794271 0.596991 0.792969 0.596991 0.792708 0.597454 0.791146 0.597454 0.790885 0.597917 0.789583 0.597917 0.788281 0.598380 0.786198 0.599769 0.782552 0.600694 0.782292 0.601157 0.780990 0.601157 0.780729 0.601620 0.779167 0.601620 0.778906 0.602083 0.777604 0.602083 0.777344 0.601620 0.775521 0.601620 0.774740 0.600694 0.773568 0.596759 0.772266 0.594444 0.772266 0.593981 0.770703 0.590741 0.769141 0.585648 0.769141 0.584259 0.768099 0.580093 0.766536 0.576852 0.765234 0.572685 0.763672 0.568981 0.762630 0.565741 0.762370 0.563426 0.761589 0.560648 0.760026 0.556944 0.758464 0.551852 0.758464 0.549537 0.759245 0.546296 0.759245 0.543519 0.758333 0.542361 0.756250 0.541898 0.755208 0.540972 0.754036 0.538426 0.753516 0.536111 0.751693 0.532870 0.751172 0.531481 0.749870 0.526852 0.748307 0.523148 0.747786 0.520833 0.747005 0.518981 0.746484 0.515741 0.745182 0.511574 0.743880 0.509259 0.741797 0.502778 0.741536 0.501389 0.740755 0.499537 0.739453 0.497222 0.738672 0.493981 0.738672 0.493056 0.737891 0.490278 0.736719 0.488194 0.735547 0.485648 0.733724 0.481019 0.733203 0.478241 0.732422 0.476389 0.731901 0.474074 0.730208 0.471065 0.728906 0.469676 0.727604 0.468750 0.725521 0.467824 0.724479 0.466898 0.723437 0.467361 0.721615 0.467361 0.721354 0.467824 0.714063 0.467824 0.713802 0.467361 0.711458 0.467361 0.711198 0.467824 0.708073 0.467824 0.707812 0.468287 0.705469 0.468287 0.705208 0.468750 0.700781 0.472454 0.699219 0.472454 0.698958 0.472917 0.696875 0.472917 0.696615 0.473380 0.693750 0.473380 0.692448 0.474769 0.687500 0.476620 0.687240 0.477083 0.684635 0.478009 0.683073 0.478009 0.682813 0.478472 0.678125 0.478472 0.677865 0.478009 0.675260 0.478009 0.674219 0.478472 0.673177 0.477546 0.672266 0.475926 0.671745 0.473148 0.669661 0.467593 0.668620 0.463426 0.668099 0.462500 0.667318 0.458796 0.665495 0.455556 0.664974 0.453704 0.664453 0.450000 0.663932 0.448611 0.663151 0.444444 0.662370 0.443056 0.662109 0.441667 0.661328 0.440278 0.659766 0.435185 0.658984 0.431944 0.657682 0.428704 0.656901 0.425926 0.656641 0.423611 0.655859 0.421296 0.655339 0.417130 0.654297 0.412037 0.652995 0.407407 0.652214 0.405093 0.652214 0.404167 0.651302 0.402083 0.649870 0.399537 0.648828 0.395370 0.648828 0.394444 0.648047 0.391667 0.647526 0.386574 0.646745 0.384259 0.646484 0.381944 0.645703 0.379630 0.645443 0.377315 0.645443 0.370370 0.646484 0.367130 0.646745 0.365741 0.649219 0.363194 0.650521 0.362731 0.653385 0.362731 0.653646 0.362269 0.654948 0.362269 0.656250 0.361806 0.657292 0.360880 0.658594 0.360880 0.658854 0.360417 0.663802 0.360417 0.664062 0.360880 0.667188 0.360880 0.668490 0.359954 0.671875 0.359954 0.673177 0.360880 0.673698 0.360417 0.675000 0.358102 0.676562 0.356250 0.677344 0.355787 0.678255 0.354167 0.678776 0.351852 0.680078 0.348611 0.680859 0.345370 0.681380 0.344444 0.681901 0.342130 0.682682 0.340278 0.683464 0.337500 0.684766 0.334259 0.685286 0.331944 0.686589 0.328241 0.687630 0.324537 0.687630 0.323611 0.689714 0.316204 0.690234 0.315278 0.691276 0.311574 0.692318 0.309259 0.692839 0.307407 0.694401 0.304167 0.695703 0.300000 0.695703 0.299074 0.697005 0.293981 0.698047 0.291667 0.698828 0.287963 0.699609 0.285648 0.700130 0.281944 0.701172 0.278704 0.702214 0.276389 0.703516 0.274074 0.704557 0.270370 0.705859 0.267593 0.706901 0.264352 0.707422 0.260185 0.708464 0.256944 0.709245 0.255093 0.710938 0.252083 0.713281 0.249769 0.716146 0.248843 0.716406 0.248380 0.717708 0.248843 0.719010 0.248843 0.720052 0.249769 0.721615 0.249769 0.722917 0.248843 0.725781 0.248843 0.727083 0.249769 0.728385 0.249769 0.729297 0.248611 0.729557 0.247222 0.731120 0.243519 0.731771 0.241435 0.732943 0.242593 0.733464 0.245370 0.733464 0.247685 0.733724 0.250000 0.735026 0.254167 0.734505 0.257870 0.734245 0.258333 0.733984 0.261574 0.734505 0.264352 0.734505 0.273148 0.735417 0.274769 0.736719 0.275694 0.737760 0.275694 0.739062 0.276620 0.740365 0.277083 0.745573 0.277083 0.745833 0.276620 0.747656 0.276620 0.749479 0.275231 0.750651 0.273148 0.750651 0.272222 0.751432 0.270833 0.752995 0.266667 0.755078 0.262500 0.755599 0.259722 0.756380 0.257407 0.756901 0.254630 0.757422 0.253704 0.758464 0.250000 0.759635 0.247917 0.759896 0.247917 0.761589 0.244907 0.762630 0.241204 0.763151 0.240278 0.763672 0.237037 0.764844 0.234491 0.766667 0.233102 0.767969 0.233102 0.768229 0.232639 0.770312 0.232639 0.770573 0.232176 0.772656 0.232176 0.772917 0.232639 0.774219 0.232639 0.774479 0.233102 0.775781 0.233102 0.776042 0.232639 0.778385 0.230787 0.779167 0.229861 0.780599 0.227315 0.780599 0.226852 0.782161 0.224074 0.783203 0.221296 0.787240 0.214120 0.788021 0.213657 0.789844 0.210880 0.790885 0.209954 0.792188 0.209954 0.792448 0.209491 0.794010 0.209491 0.795573 0.208102 0.796094 0.208102 0.797656 0.206713 0.799479 0.206713 0.800521 0.207639 0.802604 0.208102 0.803646 0.209028 0.804427 0.209028 0.805729 0.209954 0.806510 0.209954 0.808333 0.211806 0.811198 0.216898 0.812109 0.218056 0.813802 0.222454 0.814844 0.222454 0.816667 0.220602 0.817448 0.220602 0.818750 0.219676 0.820052 0.218287 0.821615 0.217361 0.823438 0.217361 0.823698 0.216898 0.826562 0.216898 0.826823 0.216435 0.828646 0.216435 0.828906 0.215972 0.830469 0.215972 0.830729 0.215509 0.832031 0.215509 0.834635 0.214583 0.834896 0.214120 0.836719 0.213657 0.838542 0.212269 0.839844 0.212269 0.841406 0.211343 0.842708 0.211343 0.844271 0.210417 0.845573 0.210417 0.845833 0.209954 0.850781 0.209954 0.851042 0.209491 0.853385 0.209491 0.854688 0.209954 0.856510 0.211343 0.857682 0.213426 0.857943 0.214815 0.858724 0.216667 0.860417 0.219213 0.862500 0.221065 0.863021 0.221065 0.865104 0.222454 0.869531 0.222454 0.870313 0.222917 0.872135 0.224769 0.873307 0.226852 0.874870 0.231019 0.875651 0.234259 0.876953 0.237037 0.876953 0.237500 0.879557 0.242130 0.879557 0.242593 0.883724 0.250000 0.883724 0.250463 0.885417 0.253472 0.885677 0.253472 0.888151 0.257870 0.888932 0.260648 0.891016 0.265741 0.894531 0.271991 0.894792 0.271991 0.896224 0.274537 0.896224 0.275000 0.897786 0.277778 0.897786 0.278241 0.899089 0.280556 0.899089 0.281019 0.905078 0.291667 0.905078 0.292130 0.906641 0.294907 0.907161 0.296759 0.908333 0.299306 0.909375 0.300231 0.911328 0.303241 0.911589 0.305556 0.912370 0.307870 0.912370 0.316667 0.913411 0.321759 0.913411 0.329167 0.912500 0.330787 0.911458 0.331713 0.910156 0.332176 0.908073 0.334028 0.906380 0.337037 0.906380 0.337500 0.905078 0.339815 0.905078 0.340278 0.903125 0.343750 0.898958 0.348380 0.895964 0.353704 0.894922 0.356481 0.893750 0.358565 0.892969 0.359028 0.890104 0.362269 0.888411 0.365278 0.888411 0.365741 0.886719 0.368750 0.885417 0.370602 0.884375 0.371528 0.883073 0.373380 0.881250 0.376620 0.880990 0.376620 0.877083 0.383565 0.876823 0.383565 0.873047 0.390278 0.873047 0.390741 0.871615 0.393287 0.871354 0.393287 0.870052 0.395602 0.869010 0.396528 0.867708 0.398380 0.865625 0.402083 0.864323 0.403472 0.862891 0.406019 0.862891 0.406481 0.861719 0.408565 0.859635 0.410880 0.857031 0.415509 0.855469 0.417361 0.854167 0.418287 0.852474 0.420833 0.851953 0.423611 0.851042 0.425231 0.849870 0.425926 0.851042 0.427546 0.852865 0.427546 0.853125 0.428009 0.854948 0.428009 0.855208 0.428472 0.857812 0.428472 0.860417 0.425694 0.861458 0.425231 0.863021 0.425231 0.863281 0.424769 0.864844 0.424769 0.865104 0.424306 0.866667 0.424306 0.866927 0.423843 0.868229 0.423843 0.868490 0.423380 0.871094 0.423380 0.871354 0.422917 0.872656 0.422917 0.875000 0.421065 0.875260 0.420602 0.877083 0.420139 0.878385 0.418750 0.878906 0.418750 0.880729 0.416898 0.884375 0.410417 0.885677 0.409028 0.887109 0.406481 0.887760 0.404861 0.890104 0.402546 0.891146 0.401157 0.892318 0.399074 0.892318 0.398611 0.894010 0.395602 0.895312 0.393750 0.896875 0.392361 0.897656 0.390972 0.898698 0.390046 0.903906 0.380787 0.905990 0.378935 0.907552 0.376157 0.908854 0.374306 0.910156 0.372917 0.913281 0.367361 0.913542 0.367361 0.915104 0.364583 0.916927 0.362731 0.920573 0.356250 0.922135 0.354861 0.923177 0.353009 0.925260 0.350694 0.926302 0.348843 0.927344 0.347917 0.929297 0.344907 0.929297 0.344444 0.932292 0.339120 0.935156 0.335417 0.936458 0.334491 0.938151 0.331944 0.938151 0.331481 0.940885 0.326620 0.942187 0.324769 0.943490 0.323380 0.944792 0.321528 0.946094 0.319213 0.946354 0.319213 0.949740 0.313194 0.953385 0.309491 0.956901 0.303241 0.956901 0.302778 0.958594 0.299769 0.960417 0.297917 0.961719 0.296065 0.964323 0.291435 0.964583 0.291435 0.966406 0.288194 0.967448 0.286806 0.968229 0.286343 0.970182 0.282870 0.970833 0.281250 0.971875 0.279861 0.972656 0.279398 0.974219 0.277083 0.974479 0.277083 0.977865 0.271065 0.979167 0.269676 0.981771 0.265046 0.982552 0.264583 0.984375 0.262731 0.985286 0.261111 0.986068 0.258796 0.988542 0.254398 0.988802 0.254398 0.991146 0.251620 0.993359 0.247685 0.993359 0.247222 0.994531 0.245139 0.994792 0.245139 0.997917 0.239583 0.998437 0.239120 0.999740 0.239120
