8 0.692969 0.496065 0.692448 0.495602 0.689063 0.495602 0.688802 0.495139 0.687240 0.495139 0.686979 0.494676 0.685417 0.494676 0.685156 0.494213 0.683594 0.494213 0.683333 0.493750 0.681771 0.493750 0.681510 0.493287 0.679427 0.492824 0.678385 0.491898 0.676562 0.491435 0.672917 0.490046 0.671875 0.489120 0.671094 0.489120 0.670052 0.488194 0.668750 0.487731 0.666927 0.487731 0.666667 0.487269 0.665365 0.487269 0.663802 0.486343 0.662240 0.486343 0.661979 0.485880 0.660677 0.485880 0.660417 0.485417 0.659115 0.485417 0.658854 0.484954 0.657552 0.484954 0.657292 0.484491 0.655990 0.484491 0.655729 0.484028 0.654427 0.484028 0.654167 0.483565 0.652604 0.483565 0.652344 0.483102 0.651042 0.483102 0.649479 0.482176 0.648177 0.482176 0.647917 0.481713 0.646615 0.481713 0.643229 0.479861 0.641927 0.479861 0.641667 0.479398 0.640104 0.479398 0.638802 0.478472 0.636979 0.478472 0.636719 0.478009 0.634635 0.478009 0.634375 0.477546 0.632812 0.477083 0.630729 0.475231 0.629167 0.475231 0.628906 0.474769 0.626302 0.474769 0.626042 0.474306 0.623437 0.474306 0.620573 0.472917 0.619271 0.472917 0.615365 0.471528 0.614062 0.470602 0.611719 0.470139 0.611458 0.469676 0.609896 0.469676 0.608333 0.468750 0.605990 0.468287 0.604688 0.467361 0.603385 0.467361 0.603125 0.466898 0.601823 0.466898 0.601562 0.466435 0.600260 0.466435 0.600000 0.465972 0.598698 0.465972 0.595052 0.464583 0.594271 0.463657 0.592969 0.463194 0.591406 0.461806 0.590104 0.461806 0.589844 0.461343 0.588542 0.461343 0.587240 0.460880 0.585938 0.459954 0.583333 0.459028 0.581771 0.457639 0.580208 0.455787 0.578776 0.453241 0.577995 0.450463 0.577474 0.449537 0.576693 0.446296 0.576693 0.442593 0.576432 0.442130 0.576432 0.439815 0.576693 0.439352 0.576693 0.436111 0.576953 0.435648 0.576953 0.432407 0.577214 0.431944 0.577214 0.427778 0.577474 0.427315 0.577474 0.425000 0.577995 0.422222 0.577995 0.419907 0.578255 0.419444 0.578255 0.416667 0.578516 0.416204 0.578516 0.412500 0.578776 0.412037 0.578776 0.409259 0.579036 0.408796 0.579036 0.406019 0.579297 0.405556 0.579297 0.402778 0.579557 0.402315 0.579557 0.400000 0.580339 0.393056 0.580859 0.390278 0.580859 0.387500 0.581120 0.387037 0.581120 0.382870 0.581380 0.382407 0.581380 0.378704 0.581641 0.378241 0.581641 0.375000 0.581901 0.374537 0.581901 0.371296 0.582161 0.370833 0.582161 0.368519 0.582422 0.368056 0.582422 0.365741 0.582682 0.365278 0.582682 0.362963 0.583203 0.360185 0.583203 0.357870 0.583464 0.357407 0.583464 0.353241 0.583724 0.352778 0.583724 0.349074 0.583984 0.348611 0.583984 0.345370 0.584245 0.344907 0.584245 0.341667 0.584505 0.341204 0.584505 0.338889 0.584766 0.338426 0.584766 0.336111 0.585026 0.335648 0.585026 0.331944 0.585286 0.331481 0.585286 0.328241 0.585807 0.325463 0.585807 0.323148 0.586068 0.322685 0.586068 0.319444 0.586328 0.318981 0.586328 0.315741 0.586589 0.313426 0.587109 0.311111 0.587370 0.308796 0.587370 0.300926 0.587630 0.300463 0.587630 0.297685 0.587891 0.297222 0.587891 0.294907 0.589453 0.286574 0.589453 0.278704 0.589714 0.278241 0.589714 0.275463 0.590234 0.272685 0.590234 0.268519 0.590495 0.268056 0.590495 0.264352 0.590755 0.263889 0.590755 0.259259 0.591016 0.258796 0.591276 0.254630 0.591536 0.254167 0.591536 0.250463 0.591797 0.250000 0.591797 0.245370 0.592318 0.242593 0.592318 0.240278 0.592578 0.239815 0.592578 0.236111 0.592839 0.235648 0.592839 0.231019 0.593099 0.230556 0.593099 0.227315 0.593359 0.226852 0.593359 0.223148 0.593620 0.222685 0.593620 0.220370 0.593880 0.219907 0.593880 0.217130 0.594141 0.216667 0.594141 0.212037 0.594401 0.211574 0.594401 0.208333 0.594661 0.207870 0.594661 0.205556 0.594922 0.205093 0.594922 0.202778 0.595182 0.202315 0.595182 0.200000 0.595703 0.195370 0.596224 0.192593 0.596224 0.189352 0.596484 0.188889 0.596484 0.183796 0.596745 0.183333 0.596745 0.180556 0.597005 0.180093 0.597005 0.176852 0.597266 0.176389 0.597266 0.173611 0.597526 0.173148 0.597526 0.170833 0.597786 0.168519 0.598828 0.162500 0.599089 0.160185 0.599089 0.157870 0.599609 0.154630 0.602474 0.145370 0.603255 0.143519 0.605339 0.139815 0.605339 0.139352 0.606771 0.136806 0.607031 0.136806 0.608724 0.133796 0.610286 0.127778 0.613672 0.121759 0.613672 0.121296 0.615495 0.118056 0.617057 0.113426 0.619141 0.109722 0.620443 0.106019 0.624740 0.098380 0.625000 0.098380 0.626302 0.096065 0.627344 0.095139 0.629297 0.091667 0.629297 0.091204 0.632812 0.084954 0.633073 0.084954 0.634635 0.082639 0.636458 0.081250 0.638542 0.078472 0.640104 0.077546 0.641667 0.076157 0.649740 0.076157 0.650000 0.076620 0.652083 0.076620 0.652344 0.077083 0.658073 0.077083 0.658333 0.077546 0.659896 0.077546 0.661458 0.078472 0.663542 0.078472 0.663802 0.078935 0.666146 0.078935 0.666406 0.079398 0.667708 0.079398 0.667969 0.079861 0.669271 0.079861 0.669531 0.080324 0.673177 0.080324 0.673438 0.080787 0.675000 0.080787 0.675260 0.081250 0.677083 0.081250 0.677344 0.081713 0.678646 0.081713 0.678906 0.082176 0.680208 0.082176 0.680469 0.082639 0.681771 0.082639 0.682031 0.083102 0.684115 0.083102 0.684375 0.083565 0.687760 0.083565 0.688021 0.083102 0.689583 0.083102 0.689844 0.083565 0.691667 0.083565 0.691927 0.084028 0.695573 0.084028 0.695833 0.084491 0.698698 0.084491 0.698958 0.084954 0.706510 0.084954 0.706771 0.084491 0.710156 0.084491 0.710417 0.084954 0.711719 0.084954 0.713021 0.085880 0.715365 0.085880 0.715625 0.086343 0.717187 0.086343 0.718490 0.087269 0.721094 0.087269 0.721354 0.087731 0.725781 0.087731 0.726042 0.088194 0.728906 0.088194 0.729167 0.088657 0.730729 0.088657 0.730990 0.089120 0.733333 0.089120 0.733594 0.089583 0.737240 0.089583 0.737500 0.090046 0.739062 0.090046 0.739323 0.090509 0.740885 0.090509 0.741146 0.090972 0.742448 0.090972 0.745313 0.092361 0.746354 0.093750 0.747135 0.094213 0.749219 0.096991 0.751302 0.098843 0.752995 0.101852 0.753776 0.104630 0.754557 0.108796 0.754818 0.109259 0.756380 0.114815 0.756641 0.118981 0.756901 0.119444 0.756901 0.121759 0.757422 0.123611 0.757422 0.125000 0.758203 0.128704 0.758203 0.136574 0.758464 0.137037 0.758464 0.141667 0.759245 0.144907 0.760547 0.148148 0.761068 0.150463 0.761589 0.154167 0.762109 0.156019 0.762109 0.161111 0.761849 0.163426 0.762109 0.163889 0.762109 0.168981 0.762370 0.169444 0.762370 0.175926 0.762630 0.176389 0.762630 0.180556 0.762370 0.181019 0.762370 0.184722 0.761589 0.188426 0.761068 0.193056 0.760547 0.195370 0.759505 0.198611 0.758984 0.204167 0.758203 0.207407 0.757943 0.210648 0.757422 0.213426 0.755599 0.219444 0.755599 0.221759 0.755339 0.222222 0.755339 0.224537 0.754036 0.230093 0.754036 0.231481 0.753516 0.233333 0.753255 0.235648 0.751693 0.240278 0.751172 0.245370 0.750651 0.247222 0.750130 0.251389 0.749349 0.256019 0.748307 0.259722 0.747526 0.265278 0.747005 0.268056 0.746484 0.269444 0.745703 0.275000 0.745182 0.277315 0.744141 0.280093 0.743620 0.282407 0.743359 0.284722 0.743359 0.287037 0.742839 0.289352 0.742839 0.290741 0.742318 0.293519 0.741797 0.294907 0.741536 0.297222 0.739714 0.303241 0.739714 0.304630 0.739193 0.306481 0.739193 0.307870 0.738672 0.309722 0.738672 0.311111 0.738151 0.312963 0.738151 0.314352 0.737630 0.316204 0.737370 0.318519 0.736068 0.322685 0.735547 0.326852 0.735026 0.329167 0.735026 0.331481 0.734766 0.331944 0.734766 0.334259 0.734505 0.334722 0.733724 0.339352 0.731901 0.345370 0.731380 0.348148 0.730599 0.353704 0.730599 0.355093 0.730078 0.356944 0.730078 0.358333 0.729297 0.361111 0.727995 0.364352 0.727734 0.365741 0.727734 0.369444 0.727474 0.371759 0.726432 0.377315 0.726172 0.377778 0.725391 0.381944 0.725130 0.384722 0.724349 0.387037 0.724349 0.387963 0.723307 0.391667 0.723047 0.393981 0.723047 0.397222 0.722786 0.399074 0.721745 0.403241 0.721224 0.404167 0.720443 0.406944 0.720182 0.409722 0.719661 0.411574 0.719401 0.413889 0.718620 0.416204 0.718099 0.418519 0.717318 0.423148 0.717057 0.426389 0.716276 0.431019 0.715755 0.432407 0.715234 0.436111 0.714714 0.438426 0.713932 0.440741 0.713932 0.441667 0.712891 0.445370 0.712630 0.447685 0.712109 0.449537 0.712109 0.452315 0.711849 0.452778 0.711068 0.459259 0.709245 0.468519 0.708724 0.474537 0.707161 0.478704 0.706380 0.480093 0.705339 0.483333 0.704557 0.485185 0.701823 0.490046 0.700781 0.490972 0.700000 0.492361 0.698698 0.493750 0.696615 0.495139 0.695052 0.495139 0.694792 0.495602 0.693229 0.495602 0.692969 0.496065
6 0.193490 0.427083 0.186198 0.427083 0.185938 0.426620 0.184375 0.426620 0.184115 0.426157 0.182812 0.426157 0.181510 0.425694 0.180208 0.424306 0.178516 0.420370 0.178255 0.418981 0.177604 0.417824 0.174740 0.416435 0.174479 0.415972 0.172917 0.415972 0.172656 0.415509 0.170573 0.415509 0.169792 0.415046 0.168359 0.412500 0.168359 0.412037 0.166146 0.408102 0.165885 0.408102 0.164714 0.406019 0.163672 0.403704 0.162891 0.401389 0.161328 0.393981 0.160026 0.389815 0.159245 0.386574 0.157812 0.384028 0.156510 0.383102 0.155208 0.382639 0.154167 0.381713 0.152344 0.381250 0.150260 0.379861 0.149089 0.377778 0.147786 0.367593 0.147266 0.365741 0.147005 0.362037 0.146745 0.361574 0.146745 0.358796 0.146484 0.358333 0.146484 0.356019 0.145443 0.350463 0.144922 0.343981 0.144401 0.341667 0.144141 0.339352 0.144141 0.337037 0.143620 0.334722 0.143620 0.333333 0.143099 0.331481 0.142318 0.326852 0.142318 0.324537 0.142057 0.322222 0.141536 0.320370 0.141536 0.318981 0.140755 0.315278 0.140755 0.312037 0.140495 0.311574 0.140495 0.308796 0.140234 0.306944 0.139453 0.304167 0.138932 0.301389 0.138932 0.298148 0.138672 0.297685 0.138672 0.294907 0.137891 0.291204 0.137891 0.289352 0.137370 0.286574 0.137370 0.283333 0.136849 0.280556 0.136589 0.277315 0.135807 0.273611 0.135807 0.271296 0.135547 0.270833 0.135547 0.262963 0.135807 0.262500 0.135807 0.260185 0.136068 0.258796 0.137109 0.255556 0.137109 0.254630 0.138542 0.251157 0.139844 0.249769 0.141016 0.247685 0.141016 0.247222 0.142187 0.245139 0.143490 0.244213 0.144792 0.242824 0.146094 0.240972 0.147396 0.240046 0.150521 0.236806 0.152344 0.235880 0.153125 0.234954 0.157812 0.230787 0.160677 0.229398 0.161458 0.228472 0.163802 0.227546 0.165625 0.225694 0.168750 0.223843 0.170573 0.223380 0.172396 0.221991 0.172917 0.221991 0.175521 0.220139 0.180729 0.217361 0.181771 0.217361 0.184115 0.215972 0.185807 0.212963 0.185938 0.212269 0.187760 0.211806 0.189583 0.210417 0.191927 0.209954 0.193229 0.209028 0.194531 0.209028 0.195833 0.208565 0.197135 0.207639 0.198437 0.207176 0.199740 0.207176 0.200000 0.206713 0.201823 0.206713 0.202083 0.206250 0.206250 0.206250 0.206510 0.206713 0.208333 0.206713 0.208594 0.207176 0.210938 0.207176 0.211198 0.207639 0.213802 0.207639 0.214062 0.208102 0.216667 0.208102 0.216927 0.208565 0.218229 0.208565 0.219792 0.209491 0.224219 0.209491 0.224479 0.209954 0.226302 0.209954 0.226562 0.210417 0.228385 0.210417 0.228646 0.210880 0.232813 0.210880 0.233073 0.211343 0.234375 0.211343 0.234635 0.211806 0.235937 0.211806 0.236198 0.212269 0.240625 0.212269 0.240885 0.212731 0.242188 0.212731 0.243750 0.213657 0.245573 0.213657 0.245833 0.214120 0.248438 0.214120 0.248698 0.214583 0.250781 0.214583 0.252083 0.215046 0.253385 0.215972 0.255729 0.216435 0.257552 0.217361 0.262240 0.221528 0.265104 0.223843 0.266406 0.225694 0.269792 0.229398 0.271224 0.231944 0.272266 0.234722 0.273047 0.237963 0.273828 0.239815 0.274089 0.241667 0.275911 0.246759 0.276172 0.250463 0.276693 0.253241 0.277474 0.255093 0.277995 0.257407 0.278776 0.259722 0.279818 0.262037 0.280339 0.264352 0.282161 0.270370 0.282943 0.272222 0.283984 0.275926 0.283984 0.278241 0.284245 0.278704 0.284245 0.281944 0.285026 0.285648 0.285026 0.287037 0.285547 0.288889 0.285807 0.291204 0.286589 0.293519 0.287109 0.296759 0.287630 0.298148 0.287891 0.300463 0.288411 0.302778 0.289453 0.306019 0.290495 0.311111 0.290495 0.312037 0.291276 0.314815 0.291276 0.316204 0.291797 0.318056 0.292318 0.323148 0.293099 0.326852 0.293099 0.328704 0.293620 0.331019 0.293880 0.334259 0.294661 0.338426 0.294661 0.339815 0.295182 0.341667 0.295443 0.343981 0.295443 0.346296 0.295964 0.349074 0.295964 0.356481 0.295703 0.356944 0.295703 0.374537 0.295443 0.375000 0.295443 0.378241 0.294401 0.383333 0.293490 0.384954 0.292187 0.386343 0.291667 0.386343 0.289323 0.388657 0.288542 0.389120 0.286979 0.391435 0.286719 0.391435 0.284896 0.394676 0.284635 0.394676 0.282031 0.397917 0.280990 0.398843 0.280208 0.400231 0.278125 0.401620 0.277865 0.402083 0.275521 0.403009 0.274479 0.403935 0.273177 0.404398 0.271875 0.405324 0.268229 0.406250 0.266146 0.407639 0.264844 0.408102 0.264062 0.409028 0.262500 0.409491 0.262240 0.409954 0.260677 0.409954 0.259375 0.410417 0.256771 0.412269 0.253906 0.412269 0.253646 0.412731 0.250260 0.412731 0.250000 0.413194 0.248698 0.413194 0.248438 0.413657 0.247135 0.413657 0.246875 0.414120 0.245052 0.414120 0.244792 0.414583 0.241667 0.414583 0.241406 0.415046 0.238281 0.415046 0.238021 0.415509 0.235937 0.415509 0.235677 0.415972 0.234115 0.415972 0.233854 0.416435 0.232292 0.416435 0.232031 0.416898 0.230469 0.416898 0.230208 0.417361 0.228646 0.417361 0.228385 0.417824 0.226302 0.418287 0.225260 0.419213 0.223958 0.419676 0.221354 0.419676 0.221094 0.420139 0.219010 0.420139 0.218750 0.420602 0.216667 0.420602 0.216406 0.421065 0.214844 0.421065 0.214583 0.421528 0.213021 0.421528 0.210417 0.422454 0.210156 0.422917 0.208854 0.422917 0.208594 0.423380 0.205729 0.423380 0.205469 0.423843 0.203646 0.423843 0.203385 0.424306 0.201823 0.424306 0.201563 0.424769 0.200000 0.424769 0.199740 0.425231 0.198177 0.425231 0.196615 0.426157 0.195312 0.426157 0.195052 0.426620 0.193750 0.426620 0.193490 0.427083
4 0.178385 0.788657 0.171875 0.788657 0.171615 0.788194 0.166927 0.788194 0.166667 0.788657 0.160417 0.788657 0.160156 0.788194 0.158594 0.788194 0.157943 0.787037 0.157422 0.785185 0.157422 0.783796 0.156901 0.781944 0.156641 0.778241 0.156380 0.776852 0.154948 0.774306 0.154297 0.773611 0.153255 0.769907 0.151953 0.766667 0.150781 0.764583 0.150391 0.762963 0.149609 0.761574 0.149349 0.759722 0.148307 0.756481 0.146745 0.754167 0.146224 0.752778 0.144401 0.746759 0.143880 0.744444 0.141797 0.740741 0.140755 0.737963 0.139193 0.731481 0.138411 0.725926 0.136719 0.723380 0.136458 0.723380 0.134505 0.719907 0.133984 0.718056 0.132943 0.715741 0.131380 0.712963 0.130859 0.711574 0.130339 0.708796 0.130339 0.707407 0.129818 0.705556 0.130078 0.703241 0.131380 0.698611 0.133203 0.694907 0.135286 0.689352 0.136589 0.687037 0.137630 0.684259 0.138151 0.681944 0.138672 0.681019 0.139193 0.678704 0.140495 0.676389 0.141797 0.672685 0.142578 0.671296 0.143620 0.668056 0.146484 0.662037 0.147005 0.660185 0.147786 0.658796 0.148568 0.656481 0.149349 0.655093 0.150651 0.651389 0.151953 0.649074 0.151953 0.648611 0.153776 0.644444 0.154297 0.642593 0.155078 0.641204 0.156380 0.637500 0.157422 0.635648 0.158203 0.633333 0.158984 0.631944 0.159766 0.629167 0.162109 0.625000 0.162630 0.622685 0.163672 0.619907 0.164714 0.618056 0.165495 0.615741 0.169792 0.608102 0.171354 0.607639 0.172917 0.606713 0.174740 0.606713 0.175000 0.606250 0.179427 0.606250 0.179688 0.605787 0.188542 0.605787 0.188802 0.605324 0.206510 0.605324 0.206771 0.604861 0.216406 0.604861 0.216667 0.604398 0.221615 0.604398 0.221875 0.604861 0.225260 0.604861 0.225521 0.604398 0.233594 0.604398 0.233854 0.603935 0.248177 0.603935 0.248438 0.603472 0.264844 0.603472 0.265104 0.603009 0.276562 0.603009 0.278906 0.604398 0.279818 0.606019 0.280599 0.608796 0.280859 0.611111 0.281641 0.613426 0.282161 0.616667 0.282682 0.618056 0.283203 0.621759 0.284505 0.627315 0.286068 0.637037 0.286589 0.638426 0.286849 0.640741 0.287370 0.642130 0.287891 0.646296 0.288672 0.650463 0.289714 0.655093 0.290495 0.657407 0.291016 0.661111 0.291536 0.662500 0.291797 0.665278 0.292578 0.668519 0.293099 0.669444 0.293620 0.672222 0.294141 0.673611 0.294922 0.676852 0.295182 0.679167 0.295964 0.681944 0.295964 0.685185 0.295182 0.687963 0.294661 0.691667 0.293880 0.694444 0.293359 0.695370 0.292318 0.699537 0.291797 0.700926 0.291016 0.706019 0.290234 0.708333 0.289193 0.713889 0.288672 0.715278 0.288151 0.718981 0.287630 0.720833 0.287370 0.723611 0.285807 0.729167 0.285807 0.730093 0.284766 0.733333 0.284766 0.734259 0.283203 0.738889 0.282943 0.741204 0.282422 0.742593 0.281380 0.749537 0.280859 0.750926 0.280339 0.753704 0.280339 0.755093 0.279557 0.757870 0.279557 0.758796 0.278516 0.762500 0.278516 0.763889 0.277995 0.765741 0.277474 0.768981 0.275911 0.774537 0.275391 0.775926 0.273698 0.778935 0.273438 0.778935 0.271615 0.782176 0.270313 0.783102 0.269010 0.783565 0.267448 0.783565 0.267188 0.784028 0.265104 0.784028 0.264844 0.784491 0.261458 0.784491 0.261198 0.784954 0.250260 0.784954 0.250000 0.785417 0.245052 0.785417 0.244792 0.785880 0.235156 0.785880 0.234896 0.786343 0.230990 0.786343 0.230729 0.786806 0.217188 0.786806 0.215885 0.786343 0.215625 0.786806 0.202083 0.786806 0.201823 0.787269 0.195312 0.787269 0.195052 0.787731 0.185938 0.787731 0.185677 0.788194 0.178646 0.788194 0.178385 0.788657
12 0.233594 0.813194 0.232292 0.813194 0.231510 0.812731 0.229948 0.810417 0.229687 0.810417 0.228776 0.808333 0.228516 0.806019 0.228516 0.802315 0.228255 0.801852 0.228255 0.799074 0.227734 0.796296 0.226953 0.794444 0.226693 0.793056 0.225781 0.791435 0.224479 0.790509 0.222396 0.790509 0.222135 0.790046 0.215365 0.790046 0.215104 0.789583 0.213542 0.789583 0.213281 0.789120 0.211719 0.789120 0.211458 0.789583 0.203906 0.789583 0.203646 0.789120 0.201823 0.789120 0.201823 0.788657 0.203906 0.788657 0.204167 0.788194 0.207292 0.788194 0.207552 0.787731 0.209635 0.787731 0.209896 0.788194 0.211458 0.788194 0.211719 0.788657 0.213281 0.788657 0.213542 0.788194 0.216146 0.787269 0.217708 0.787269 0.217969 0.787731 0.219531 0.787731 0.219792 0.788194 0.221094 0.788194 0.221354 0.787731 0.222917 0.787731 0.223177 0.787269 0.229948 0.787269 0.230208 0.786806 0.236198 0.786806 0.236458 0.786343 0.240104 0.786343 0.240365 0.785880 0.249219 0.785880 0.249479 0.785417 0.254948 0.785417 0.255208 0.784954 0.257031 0.784954 0.257292 0.785417 0.261458 0.785417 0.261719 0.784954 0.266667 0.784954 0.266927 0.784491 0.268229 0.784491 0.269531 0.783565 0.270313 0.783565 0.272135 0.782176 0.274349 0.778241 0.275651 0.775000 0.277214 0.769907 0.277995 0.764815 0.279036 0.761574 0.279036 0.760648 0.279818 0.757870 0.280599 0.750926 0.281120 0.749537 0.282161 0.743519 0.282943 0.741204 0.284245 0.735185 0.284766 0.733796 0.285026 0.731481 0.285807 0.729167 0.285807 0.728241 0.286849 0.725000 0.287891 0.719907 0.287891 0.718519 0.288932 0.713889 0.289453 0.712500 0.289714 0.710185 0.290234 0.708796 0.290755 0.706019 0.291797 0.702315 0.292318 0.699074 0.294922 0.689815 0.294922 0.687037 0.295182 0.686574 0.295182 0.683796 0.295443 0.681944 0.296354 0.679398 0.298177 0.678009 0.298568 0.679630 0.299349 0.681019 0.299609 0.683333 0.300651 0.688426 0.301693 0.691667 0.301693 0.693519 0.302214 0.695833 0.302214 0.704630 0.301693 0.707407 0.301172 0.708796 0.300911 0.711574 0.300651 0.712037 0.300130 0.715741 0.299089 0.719444 0.298568 0.722222 0.298568 0.723611 0.298047 0.725000 0.297786 0.727315 0.297266 0.729630 0.296484 0.731944 0.295964 0.735185 0.294922 0.738426 0.294401 0.741667 0.293880 0.743056 0.293620 0.745370 0.291797 0.752315 0.291016 0.758333 0.289714 0.763889 0.289193 0.767593 0.288151 0.770833 0.287109 0.775000 0.286589 0.779630 0.286068 0.781019 0.285807 0.783333 0.285286 0.784722 0.284766 0.788426 0.283984 0.790741 0.283724 0.793056 0.283203 0.794444 0.282943 0.796759 0.281641 0.801852 0.279427 0.805787 0.276302 0.808565 0.274740 0.809491 0.273177 0.809491 0.272917 0.809954 0.267708 0.809954 0.267448 0.810417 0.264062 0.810417 0.263802 0.810880 0.255990 0.810880 0.255729 0.811343 0.251042 0.811343 0.250781 0.811806 0.245312 0.811806 0.245052 0.812269 0.237240 0.812269 0.236979 0.812731 0.233854 0.812731 0.233594 0.813194
4 0.000000 0.691435 0.001563 0.691435 0.002083 0.690972 0.003385 0.688194 0.004427 0.686806 0.006250 0.685417 0.008073 0.682639 0.010417 0.679861 0.012240 0.678472 0.013021 0.677546 0.014844 0.676157 0.016927 0.673380 0.019792 0.671065 0.020573 0.669676 0.022135 0.667824 0.025260 0.665509 0.026823 0.664120 0.027604 0.662731 0.029427 0.660880 0.030208 0.659491 0.031510 0.658102 0.033333 0.656713 0.035156 0.653935 0.036719 0.652083 0.039062 0.650231 0.040365 0.648843 0.041667 0.646991 0.046615 0.643287 0.047135 0.643287 0.048958 0.640509 0.050781 0.639120 0.051823 0.637731 0.052344 0.637731 0.054167 0.635880 0.055208 0.634028 0.056250 0.633102 0.057552 0.631250 0.059635 0.629398 0.061458 0.628472 0.063281 0.626620 0.064062 0.626157 0.065365 0.626620 0.066667 0.626620 0.067969 0.627083 0.069531 0.628935 0.070833 0.629861 0.071875 0.631250 0.072396 0.631250 0.074479 0.633102 0.075000 0.634028 0.076563 0.635417 0.078125 0.636343 0.080469 0.637269 0.082031 0.638657 0.083594 0.640509 0.084375 0.641898 0.085677 0.643287 0.087760 0.644213 0.091927 0.647917 0.092708 0.648843 0.093750 0.649306 0.095052 0.650694 0.096354 0.651620 0.100521 0.655324 0.101042 0.656250 0.105469 0.659954 0.107813 0.662269 0.109115 0.663194 0.110417 0.664583 0.111979 0.665509 0.113672 0.668519 0.114193 0.670833 0.115755 0.674074 0.117057 0.678704 0.117578 0.679630 0.118359 0.682407 0.119922 0.685648 0.120443 0.687500 0.121224 0.688889 0.122786 0.693981 0.124349 0.696759 0.125651 0.700926 0.127474 0.704630 0.127474 0.705556 0.128255 0.707870 0.128255 0.708796 0.129557 0.713426 0.131901 0.717593 0.132422 0.718981 0.132943 0.721759 0.133464 0.722685 0.134245 0.725463 0.137109 0.731944 0.138672 0.736574 0.138932 0.737963 0.141016 0.743981 0.141276 0.746759 0.142057 0.750000 0.143620 0.752778 0.144141 0.754167 0.144401 0.756481 0.144922 0.758333 0.144922 0.761111 0.143620 0.764815 0.140104 0.771065 0.138542 0.772454 0.137240 0.774306 0.135677 0.777083 0.133854 0.778935 0.132552 0.781250 0.132292 0.781250 0.130729 0.784028 0.129167 0.785880 0.127865 0.786806 0.127344 0.787731 0.126042 0.788657 0.124740 0.790046 0.123698 0.790509 0.122135 0.790509 0.121875 0.790972 0.119531 0.790972 0.119271 0.791435 0.112760 0.791435 0.112500 0.791898 0.108594 0.791898 0.108333 0.791435 0.107031 0.791435 0.106771 0.791898 0.096354 0.791898 0.096094 0.792361 0.094271 0.792361 0.092969 0.792824 0.090625 0.794213 0.087760 0.797454 0.085807 0.800926 0.085807 0.801389 0.083854 0.804861 0.082682 0.806481 0.081641 0.808796 0.080078 0.813426 0.079557 0.814352 0.079036 0.816667 0.077734 0.819907 0.075651 0.823611 0.075651 0.824074 0.074349 0.826389 0.073307 0.828704 0.072526 0.831019 0.071224 0.833333 0.070443 0.835185 0.070182 0.836574 0.069141 0.839352 0.067057 0.843056 0.066536 0.844907 0.063672 0.850000 0.062630 0.853704 0.061849 0.855556 0.059505 0.859722 0.059505 0.860185 0.056901 0.864815 0.056120 0.867593 0.055599 0.868519 0.055078 0.870833 0.053776 0.873611 0.053776 0.874074 0.052214 0.876852 0.051172 0.879167 0.049609 0.883333 0.047526 0.887963 0.046484 0.889815 0.045703 0.892130 0.044401 0.894444 0.044401 0.894907 0.043099 0.897685 0.042318 0.900463 0.040234 0.904167 0.039193 0.908333 0.037240 0.911806 0.036979 0.911806 0.035156 0.915046 0.034375 0.915972 0.032552 0.917361 0.028385 0.917361 0.026562 0.915509 0.024479 0.911806 0.024219 0.911806 0.022396 0.908565 0.022135 0.908565 0.020573 0.905787 0.019271 0.903935 0.017708 0.902546 0.016146 0.900694 0.014714 0.898148 0.014714 0.897685 0.013281 0.895139 0.011979 0.893750 0.010937 0.891898 0.008594 0.889583 0.007812 0.889120 0.006250 0.886806 0.004687 0.884954 0.002995 0.881944 0.002995 0.881481 0.001823 0.879398 0.001302 0.878935 0.000000 0.878935
3 0.221354 0.997454 0.218229 0.997454 0.217969 0.996991 0.210938 0.996991 0.210677 0.996528 0.209375 0.996528 0.209115 0.996065 0.206771 0.996065 0.206510 0.996528 0.194010 0.996528 0.193750 0.996065 0.187500 0.996065 0.187240 0.996528 0.173177 0.996528 0.172917 0.996065 0.156510 0.996065 0.156250 0.995602 0.147917 0.995602 0.147656 0.995139 0.146094 0.995139 0.145833 0.994676 0.142708 0.994676 0.142448 0.995139 0.141146 0.995139 0.140885 0.995602 0.096354 0.995602 0.096094 0.995139 0.094792 0.995139 0.094531 0.995602 0.088281 0.995602 0.088021 0.995139 0.086719 0.995139 0.086458 0.994676 0.085156 0.994676 0.084896 0.994213 0.083333 0.994213 0.083073 0.993750 0.081771 0.993750 0.079167 0.992824 0.078906 0.992361 0.077604 0.992361 0.077344 0.991898 0.071615 0.991898 0.071354 0.992361 0.069531 0.992361 0.068229 0.992824 0.063021 0.995139 0.062760 0.995602 0.049219 0.995602 0.047656 0.992824 0.046875 0.991898 0.045573 0.991435 0.044531 0.990509 0.043880 0.988889 0.042188 0.985880 0.041667 0.985880 0.040365 0.984491 0.037500 0.979398 0.036458 0.978472 0.034245 0.974537 0.034245 0.974074 0.031771 0.969676 0.030729 0.968287 0.029948 0.967824 0.027734 0.962963 0.027474 0.961574 0.026302 0.959028 0.026042 0.959028 0.024609 0.955556 0.024609 0.950000 0.024870 0.949537 0.025130 0.946759 0.027214 0.943056 0.029297 0.936574 0.030078 0.934722 0.031380 0.932407 0.031901 0.931019 0.032682 0.925926 0.033203 0.924537 0.034766 0.921759 0.035026 0.920370 0.035937 0.918287 0.037240 0.916898 0.038411 0.914815 0.039193 0.912037 0.040755 0.908333 0.041016 0.906944 0.042318 0.904630 0.043359 0.902315 0.044141 0.899537 0.045312 0.897454 0.045573 0.897454 0.047266 0.894444 0.048047 0.891204 0.048828 0.889815 0.049089 0.888426 0.050651 0.883796 0.051693 0.881481 0.051953 0.880093 0.054818 0.875000 0.055859 0.870833 0.057031 0.868750 0.058203 0.867130 0.058724 0.864815 0.060156 0.862269 0.061458 0.861343 0.062630 0.859722 0.063672 0.855093 0.065234 0.850000 0.066536 0.847685 0.066536 0.847222 0.069922 0.841204 0.070964 0.837500 0.072396 0.834954 0.072656 0.834954 0.074609 0.831481 0.075521 0.828472 0.075781 0.828472 0.077734 0.825000 0.078516 0.821759 0.079297 0.819907 0.080339 0.815741 0.081901 0.812963 0.082682 0.809722 0.083594 0.808102 0.085417 0.806713 0.086849 0.804167 0.087109 0.802778 0.088021 0.800694 0.089583 0.799306 0.092188 0.795602 0.094010 0.795602 0.094271 0.795139 0.096094 0.795139 0.096354 0.794676 0.098437 0.794676 0.098698 0.794213 0.105208 0.794213 0.105469 0.793750 0.108854 0.793750 0.109115 0.794213 0.110417 0.794213 0.110677 0.794676 0.112500 0.794676 0.112760 0.794213 0.119792 0.794213 0.120052 0.793750 0.125521 0.793750 0.125781 0.794213 0.128385 0.794213 0.128646 0.793750 0.133073 0.793750 0.133333 0.794213 0.135156 0.794213 0.135417 0.793750 0.137500 0.793750 0.137760 0.793287 0.139063 0.793287 0.141927 0.794676 0.144792 0.794676 0.145052 0.795139 0.148958 0.795139 0.149219 0.795602 0.150521 0.795602 0.150781 0.795139 0.152083 0.795139 0.152344 0.794676 0.153646 0.794676 0.153906 0.794213 0.155469 0.794213 0.155729 0.793750 0.180469 0.793750 0.180729 0.794213 0.184375 0.794213 0.184635 0.793750 0.190625 0.793750 0.190885 0.793287 0.194531 0.793287 0.194792 0.793750 0.207552 0.793750 0.207813 0.793287 0.210417 0.793287 0.210677 0.793750 0.214844 0.793750 0.215104 0.793287 0.218750 0.793287 0.219010 0.793750 0.221875 0.793750 0.222917 0.794676 0.223698 0.794676 0.224740 0.795602 0.226172 0.800926 0.226432 0.804167 0.227474 0.809259 0.229297 0.812963 0.230859 0.818056 0.232031 0.819676 0.233464 0.822222 0.234245 0.824537 0.235417 0.826157 0.236849 0.828704 0.237370 0.831944 0.238932 0.837037 0.239714 0.838426 0.239974 0.839815 0.241016 0.842593 0.241536 0.846296 0.242578 0.849537 0.243620 0.851389 0.244141 0.853241 0.244922 0.854630 0.245703 0.856944 0.246224 0.860185 0.247005 0.862963 0.250000 0.868287 0.250260 0.868287 0.251693 0.870833 0.251953 0.872685 0.251693 0.873148 0.251432 0.877315 0.249870 0.881944 0.249349 0.884722 0.249349 0.886574 0.248568 0.891204 0.248047 0.893056 0.247005 0.895370 0.245703 0.901389 0.245443 0.903704 0.244401 0.907870 0.243359 0.910185 0.241797 0.914815 0.241016 0.921296 0.239714 0.925000 0.238932 0.927778 0.238672 0.930093 0.238151 0.931944 0.238151 0.933333 0.236849 0.937500 0.235286 0.941667 0.234505 0.944907 0.234505 0.946296 0.233724 0.950463 0.232943 0.956019 0.232161 0.958333 0.232161 0.959259 0.230078 0.966204 0.230078 0.967130 0.228516 0.972685 0.227214 0.977778 0.226172 0.983796 0.226172 0.985185 0.225651 0.987037 0.225651 0.988426 0.224870 0.991204 0.223307 0.993981 0.223307 0.994444 0.222135 0.996528 0.221354 0.997454
12 0.224089 0.999537 0.223568 0.997222 0.223828 0.994907 0.224609 0.992593 0.225130 0.988889 0.226432 0.984722 0.226432 0.983796 0.227214 0.981481 0.227474 0.979167 0.228255 0.976852 0.228776 0.974537 0.229036 0.972222 0.229557 0.969907 0.231380 0.963889 0.231901 0.960648 0.232682 0.958333 0.233464 0.953241 0.233984 0.950926 0.234766 0.948611 0.236068 0.942593 0.236589 0.941204 0.237109 0.937963 0.237630 0.936574 0.237891 0.934259 0.240234 0.926389 0.241276 0.920833 0.241536 0.918519 0.242578 0.915278 0.244141 0.909259 0.244401 0.906944 0.245182 0.904630 0.245703 0.902315 0.247266 0.897222 0.248568 0.891204 0.249089 0.889815 0.249609 0.886111 0.250130 0.884259 0.250391 0.881944 0.250911 0.880556 0.251172 0.878241 0.251693 0.876852 0.251953 0.874537 0.252474 0.872685 0.252474 0.870370 0.250000 0.865972 0.249349 0.865278 0.249089 0.862963 0.250781 0.860880 0.252604 0.860880 0.253646 0.862269 0.254427 0.862731 0.255599 0.864815 0.257161 0.868981 0.257682 0.871296 0.261068 0.883333 0.261849 0.885648 0.261849 0.893519 0.261068 0.896296 0.261068 0.897222 0.260286 0.899537 0.260286 0.900463 0.258984 0.906019 0.258724 0.908333 0.257682 0.912963 0.257161 0.914352 0.256901 0.916667 0.255859 0.920833 0.255599 0.924074 0.254557 0.929167 0.253516 0.932407 0.252995 0.933333 0.252474 0.935648 0.252214 0.937963 0.251693 0.939815 0.251693 0.941204 0.251172 0.943056 0.250651 0.946759 0.249609 0.950000 0.249609 0.950926 0.248828 0.953241 0.248307 0.956481 0.247266 0.959722 0.246745 0.963426 0.246224 0.964815 0.245964 0.967130 0.245182 0.969444 0.245182 0.970370 0.244401 0.972685 0.243880 0.975000 0.242839 0.981481 0.242318 0.982870 0.241536 0.986574 0.240755 0.988889 0.240755 0.989815 0.239974 0.993056 0.239714 0.995370 0.238672 0.999537
12 0.234896 0.813194 0.232031 0.813194 0.230990 0.812269 0.229297 0.809722 0.228776 0.807870 0.228776 0.805556 0.228516 0.805093 0.228516 0.801852 0.228255 0.801389 0.228255 0.799074 0.227734 0.796296 0.226693 0.793519 0.225260 0.790972 0.223438 0.790509 0.223177 0.790046 0.221875 0.790046 0.221615 0.789583 0.220312 0.789583 0.220052 0.789120 0.216146 0.789120 0.216146 0.788657 0.221875 0.788657 0.222135 0.788194 0.224219 0.788194 0.224479 0.787731 0.229167 0.787731 0.229427 0.787269 0.232813 0.787269 0.233073 0.786806 0.237240 0.786806 0.237500 0.786343 0.244531 0.786343 0.244792 0.785880 0.251563 0.785880 0.251823 0.785417 0.264583 0.785417 0.264844 0.784954 0.267188 0.784954 0.268750 0.784028 0.270573 0.783565 0.272135 0.782176 0.274609 0.777778 0.275391 0.775000 0.276953 0.770370 0.278516 0.762037 0.279036 0.759722 0.279297 0.757407 0.279818 0.756019 0.280078 0.753241 0.280859 0.750926 0.280859 0.750000 0.281641 0.747685 0.283464 0.738889 0.283464 0.737963 0.284245 0.735648 0.284505 0.733333 0.285547 0.729630 0.286589 0.724074 0.287370 0.721759 0.287891 0.718056 0.288672 0.715741 0.289193 0.713426 0.289453 0.711111 0.290495 0.707407 0.290495 0.706481 0.291536 0.702778 0.291797 0.700463 0.292839 0.696759 0.292839 0.695833 0.294141 0.691667 0.294661 0.688426 0.294661 0.686111 0.294922 0.685648 0.294922 0.680556 0.295182 0.680093 0.295312 0.677083 0.297917 0.677083 0.299089 0.679630 0.299609 0.682407 0.300391 0.684722 0.300911 0.688426 0.301693 0.691204 0.301693 0.693056 0.302214 0.695370 0.302214 0.704167 0.301432 0.706944 0.300391 0.713426 0.299870 0.714815 0.299349 0.718519 0.298828 0.720370 0.297786 0.727778 0.296484 0.731944 0.296484 0.732870 0.294922 0.739815 0.293880 0.743519 0.293620 0.745833 0.293099 0.747222 0.292839 0.749537 0.292318 0.750926 0.291536 0.756019 0.291016 0.757870 0.290234 0.762500 0.289714 0.763889 0.289453 0.766204 0.288932 0.768519 0.288151 0.770833 0.287630 0.774074 0.286849 0.776852 0.286849 0.778241 0.286068 0.782407 0.285547 0.783796 0.285026 0.787500 0.284245 0.790741 0.283724 0.792130 0.283464 0.794444 0.282943 0.795833 0.282682 0.798148 0.282161 0.799074 0.281641 0.801389 0.280859 0.803241 0.278906 0.806250 0.277083 0.807639 0.276302 0.808565 0.274740 0.809028 0.274479 0.809491 0.273177 0.809491 0.272917 0.809954 0.267969 0.809954 0.267708 0.810417 0.264583 0.810417 0.264323 0.810880 0.258854 0.810880 0.258594 0.811343 0.252604 0.811343 0.252344 0.811806 0.245573 0.811806 0.245312 0.812269 0.238542 0.812269 0.238281 0.812731 0.235156 0.812731 0.234896 0.813194
2 0.361719 0.572454 0.359635 0.572454 0.358594 0.571991 0.356771 0.570602 0.355729 0.570139 0.351823 0.570139 0.350260 0.571065 0.347396 0.571065 0.347135 0.570602 0.344531 0.570602 0.344271 0.571065 0.342969 0.571065 0.342708 0.571528 0.340885 0.571528 0.339062 0.570139 0.338281 0.569213 0.332813 0.569213 0.331250 0.570139 0.329948 0.570139 0.329688 0.570602 0.326562 0.570602 0.325000 0.571528 0.321094 0.571528 0.320833 0.571065 0.319010 0.570602 0.317708 0.569676 0.316276 0.567130 0.315755 0.564815 0.315755 0.555556 0.316016 0.555093 0.316016 0.552778 0.316536 0.550926 0.316797 0.548611 0.317318 0.546296 0.318750 0.544213 0.320833 0.543287 0.324219 0.543287 0.324479 0.543750 0.326042 0.543750 0.327604 0.545139 0.328125 0.545139 0.329427 0.546528 0.330469 0.546991 0.330729 0.546528 0.332552 0.546065 0.332813 0.545602 0.335938 0.545602 0.336198 0.545139 0.342448 0.545139 0.342708 0.545602 0.345052 0.545602 0.345313 0.546065 0.350521 0.546065 0.350781 0.546528 0.352865 0.546528 0.353125 0.546991 0.354687 0.546991 0.356771 0.548380 0.357292 0.549306 0.359115 0.550694 0.360677 0.550694 0.360938 0.551157 0.366406 0.551157 0.367448 0.550694 0.369271 0.549306 0.369792 0.548380 0.371615 0.546991 0.373437 0.546528 0.373698 0.546991 0.375521 0.546991 0.376823 0.547454 0.377865 0.548380 0.378646 0.548380 0.379688 0.549306 0.380990 0.549306 0.381250 0.549769 0.384635 0.549769 0.386198 0.548380 0.387760 0.545602 0.388281 0.545139 0.391146 0.545139 0.391406 0.545602 0.392969 0.545602 0.394010 0.547454 0.396094 0.549769 0.397005 0.551389 0.397005 0.553241 0.396484 0.555093 0.396484 0.556481 0.395833 0.559028 0.394792 0.559491 0.393490 0.559491 0.392448 0.560417 0.391797 0.561574 0.391276 0.564352 0.390625 0.565509 0.389062 0.566898 0.387500 0.566898 0.387240 0.567361 0.381250 0.567361 0.379427 0.569676 0.378385 0.570139 0.376563 0.570139 0.373437 0.571991 0.370312 0.571991 0.370052 0.571528 0.368750 0.571528 0.368490 0.571065 0.366667 0.570602 0.366406 0.570139 0.364583 0.570139 0.361719 0.572454
1 0.367969 0.552083 0.359375 0.552083 0.359115 0.551620 0.357552 0.551620 0.356510 0.550694 0.355859 0.549074 0.355339 0.544444 0.355599 0.542593 0.356380 0.539352 0.358073 0.536343 0.360938 0.534028 0.366667 0.534028 0.369010 0.535417 0.369661 0.536574 0.370182 0.538889 0.370703 0.543519 0.370703 0.545833 0.369922 0.550000 0.369271 0.551157 0.367969 0.552083
11 0.330990 0.680324 0.326302 0.680324 0.325260 0.679861 0.323698 0.678472 0.322526 0.676389 0.322266 0.673611 0.321484 0.669907 0.321224 0.665741 0.320703 0.663426 0.320703 0.662037 0.320182 0.659722 0.320182 0.658333 0.319401 0.654167 0.318620 0.652315 0.318359 0.650463 0.317057 0.644907 0.316797 0.642593 0.316276 0.640741 0.316276 0.639352 0.314714 0.631944 0.313932 0.629630 0.313411 0.624537 0.313151 0.624074 0.313151 0.621759 0.312891 0.621296 0.312370 0.615741 0.311849 0.613426 0.310547 0.609722 0.310026 0.608796 0.309505 0.606481 0.308333 0.604398 0.306250 0.603009 0.305078 0.601389 0.304818 0.600000 0.304818 0.593981 0.305078 0.591667 0.305599 0.589815 0.306120 0.585648 0.306901 0.583333 0.307161 0.581019 0.308724 0.575926 0.308984 0.573148 0.309766 0.569907 0.309766 0.568519 0.310547 0.566667 0.310807 0.565278 0.312240 0.565509 0.313542 0.566898 0.314844 0.569213 0.316406 0.570602 0.317969 0.571528 0.318750 0.571528 0.319531 0.572454 0.322396 0.574306 0.322917 0.573843 0.324219 0.573843 0.324479 0.573380 0.325781 0.573380 0.327083 0.571991 0.329036 0.568056 0.329818 0.565278 0.329818 0.557870 0.329297 0.555093 0.329297 0.550926 0.330469 0.548380 0.332552 0.547917 0.333854 0.546991 0.335156 0.546991 0.335417 0.546528 0.336979 0.546528 0.337240 0.546065 0.340625 0.546065 0.341146 0.545602 0.342187 0.546528 0.343229 0.548380 0.345052 0.550231 0.346094 0.550694 0.349740 0.550694 0.351432 0.552778 0.351432 0.555093 0.351172 0.556944 0.350521 0.558565 0.349740 0.559028 0.348438 0.559028 0.348177 0.558565 0.345052 0.558565 0.343750 0.559491 0.342969 0.559491 0.342187 0.560417 0.340625 0.560880 0.339323 0.561806 0.338672 0.562963 0.338411 0.564815 0.341406 0.567361 0.342969 0.567361 0.343229 0.567824 0.349479 0.567824 0.351302 0.565972 0.353125 0.565046 0.353776 0.562500 0.355729 0.560417 0.356510 0.560417 0.357292 0.559491 0.358854 0.559491 0.359115 0.559028 0.361458 0.559028 0.361719 0.558565 0.363021 0.558565 0.363281 0.558102 0.368490 0.558102 0.368750 0.557639 0.370312 0.557639 0.370833 0.557176 0.372005 0.554630 0.372266 0.551852 0.374870 0.547222 0.375260 0.545602 0.376823 0.543750 0.384115 0.543750 0.384375 0.543287 0.389062 0.543287 0.389323 0.542824 0.390885 0.542824 0.391146 0.542361 0.401562 0.542361 0.401823 0.541898 0.403906 0.541898 0.405469 0.543287 0.406380 0.545370 0.408073 0.548380 0.409896 0.550231 0.411458 0.551157 0.412370 0.552778 0.412891 0.556944 0.413151 0.557407 0.413151 0.562963 0.412891 0.563426 0.412891 0.568981 0.412630 0.569444 0.412630 0.576389 0.412370 0.576852 0.412370 0.581481 0.412109 0.581944 0.412109 0.584722 0.411849 0.585185 0.411849 0.596296 0.412109 0.596759 0.412109 0.600926 0.412370 0.601389 0.412370 0.614815 0.411849 0.616204 0.410547 0.618519 0.409635 0.621065 0.407552 0.622917 0.404948 0.624306 0.404167 0.625231 0.402865 0.627546 0.401562 0.629398 0.400260 0.630787 0.396875 0.630787 0.396615 0.630324 0.389323 0.630324 0.389062 0.629861 0.387760 0.630324 0.383854 0.630324 0.383594 0.630787 0.381771 0.630787 0.381510 0.631250 0.376563 0.631250 0.376302 0.630787 0.374479 0.630787 0.374219 0.630324 0.372656 0.630324 0.372396 0.630787 0.369792 0.631713 0.362760 0.631713 0.362500 0.632176 0.359896 0.632176 0.359635 0.632639 0.358333 0.632639 0.358073 0.633102 0.355469 0.633102 0.355208 0.633565 0.352865 0.633565 0.351823 0.634491 0.351042 0.634491 0.349479 0.635417 0.347917 0.636806 0.346224 0.639815 0.345182 0.643056 0.345182 0.644444 0.344401 0.646759 0.343620 0.650926 0.343359 0.653241 0.343359 0.656481 0.342578 0.660648 0.342318 0.662963 0.342318 0.669907 0.340755 0.675926 0.339323 0.678472 0.337760 0.679398 0.335156 0.679398 0.334896 0.679861 0.331250 0.679861 0.330990 0.680324
1 0.385156 0.661806 0.384896 0.661343 0.383333 0.661343 0.381250 0.659954 0.379557 0.656944 0.377995 0.650926 0.377734 0.648611 0.377995 0.646759 0.377995 0.642130 0.379036 0.637500 0.380990 0.634028 0.385156 0.631250 0.387760 0.631250 0.389062 0.630787 0.389323 0.631250 0.391406 0.631250 0.393490 0.632639 0.394661 0.635185 0.395443 0.640741 0.395703 0.641204 0.395703 0.649074 0.395443 0.650926 0.394401 0.654630 0.392969 0.657176 0.390625 0.659954 0.390104 0.659954 0.388542 0.661343 0.385417 0.661343 0.385156 0.661806
2 0.412240 0.657639 0.410156 0.657639 0.409896 0.657176 0.407813 0.657176 0.406771 0.656250 0.405469 0.654398 0.404687 0.653935 0.403516 0.651852 0.402734 0.648148 0.402734 0.645833 0.402474 0.645370 0.402474 0.643056 0.402214 0.642593 0.402214 0.640278 0.401953 0.639815 0.401953 0.637500 0.401693 0.637037 0.401693 0.634259 0.402995 0.629167 0.404687 0.626157 0.406510 0.624306 0.407813 0.623843 0.409115 0.622917 0.410156 0.622917 0.411458 0.621991 0.413021 0.621991 0.413281 0.622454 0.414583 0.622454 0.416146 0.623380 0.417708 0.626157 0.417969 0.626157 0.419401 0.629167 0.419922 0.631481 0.420443 0.635648 0.420443 0.639815 0.420703 0.640278 0.420703 0.643519 0.420443 0.643981 0.420443 0.646296 0.419661 0.650000 0.418229 0.652546 0.415365 0.656250 0.414583 0.656250 0.413542 0.657176 0.412240 0.657639
2 0.435156 0.715972 0.434115 0.715509 0.431771 0.715509 0.429688 0.714120 0.428125 0.712269 0.426953 0.710185 0.425391 0.705093 0.425130 0.703241 0.425130 0.697685 0.424870 0.697222 0.424870 0.691204 0.425130 0.688889 0.425651 0.686574 0.426432 0.684259 0.428125 0.680787 0.430729 0.678935 0.433333 0.678935 0.433594 0.678472 0.439063 0.678472 0.440104 0.678935 0.441927 0.680787 0.443099 0.682870 0.444141 0.687037 0.444401 0.689352 0.444401 0.692130 0.444661 0.692593 0.444661 0.701389 0.444401 0.701852 0.444401 0.704167 0.443880 0.706481 0.443099 0.708333 0.441927 0.710417 0.440365 0.711806 0.439844 0.712731 0.436458 0.715509 0.435156 0.715972
3 0.357292 0.827083 0.349740 0.827083 0.348438 0.826157 0.347266 0.824074 0.346745 0.821296 0.345964 0.818981 0.345964 0.818056 0.345182 0.815741 0.344661 0.812500 0.344401 0.809259 0.343880 0.807407 0.343880 0.806019 0.343099 0.803241 0.342578 0.800463 0.342578 0.799074 0.342057 0.796759 0.342057 0.794907 0.341016 0.789815 0.340755 0.786574 0.339714 0.780556 0.339714 0.777315 0.339453 0.776852 0.339453 0.774537 0.339193 0.774074 0.338932 0.771296 0.338151 0.768981 0.337109 0.763426 0.337109 0.761111 0.336849 0.760648 0.336849 0.757407 0.336589 0.756944 0.336589 0.754167 0.336328 0.752315 0.335026 0.746759 0.334766 0.744444 0.333984 0.741667 0.333203 0.739815 0.332943 0.737500 0.332943 0.730556 0.333724 0.726852 0.333724 0.725463 0.334245 0.723148 0.334505 0.719907 0.335026 0.718056 0.335026 0.716667 0.335547 0.714815 0.335547 0.713426 0.336068 0.711574 0.336068 0.710185 0.337370 0.702315 0.337891 0.700926 0.338151 0.698148 0.338672 0.696296 0.338672 0.694907 0.339193 0.693056 0.339453 0.689352 0.339714 0.688889 0.339974 0.684722 0.340234 0.684259 0.340495 0.681481 0.341536 0.678241 0.342057 0.675926 0.342318 0.673148 0.342839 0.671296 0.343099 0.668056 0.343359 0.667593 0.343620 0.664352 0.344141 0.662500 0.344401 0.660185 0.344922 0.658333 0.345182 0.655093 0.345703 0.653241 0.345703 0.651852 0.346224 0.650000 0.346224 0.648611 0.346745 0.646759 0.346745 0.645370 0.347526 0.642130 0.347786 0.639815 0.348307 0.637963 0.349479 0.635880 0.350260 0.634954 0.353385 0.633565 0.355990 0.633565 0.356250 0.633102 0.365625 0.633102 0.365885 0.632639 0.371615 0.632639 0.371875 0.632176 0.373437 0.632176 0.373698 0.632639 0.375781 0.633102 0.376823 0.634028 0.378385 0.634491 0.379297 0.636111 0.378516 0.637500 0.377995 0.641204 0.377995 0.650926 0.378516 0.654167 0.379297 0.656481 0.380469 0.658565 0.382812 0.660880 0.384115 0.661806 0.386198 0.661806 0.386458 0.661343 0.388281 0.661343 0.388542 0.660880 0.390104 0.660417 0.392969 0.657639 0.394401 0.655093 0.394922 0.653241 0.395182 0.650926 0.395703 0.649074 0.395703 0.646296 0.396224 0.643519 0.396224 0.637037 0.395964 0.636111 0.396615 0.634954 0.399740 0.634954 0.400130 0.635648 0.400911 0.639815 0.401172 0.643981 0.401693 0.646296 0.401693 0.647685 0.402734 0.650926 0.405208 0.655324 0.406250 0.656250 0.407031 0.657639 0.408854 0.659028 0.410938 0.659028 0.411198 0.659491 0.413021 0.659028 0.414323 0.658102 0.414844 0.657176 0.417708 0.653935 0.417969 0.653935 0.419401 0.651389 0.420443 0.648148 0.421224 0.643056 0.420964 0.639352 0.420703 0.638889 0.420703 0.636574 0.420443 0.634259 0.420964 0.631944 0.422656 0.630324 0.425260 0.630324 0.425521 0.629861 0.429427 0.629861 0.429688 0.629398 0.440104 0.629398 0.440365 0.628935 0.445312 0.628935 0.445573 0.628472 0.448958 0.628472 0.449219 0.628935 0.450781 0.628935 0.451823 0.629861 0.453776 0.634259 0.454036 0.635648 0.454036 0.642593 0.453776 0.643056 0.453776 0.654167 0.454036 0.654630 0.454036 0.667593 0.454297 0.668056 0.454297 0.679630 0.454557 0.680093 0.454557 0.690741 0.454818 0.691204 0.454818 0.694444 0.455078 0.696759 0.455599 0.698611 0.455599 0.701389 0.455859 0.701852 0.455859 0.706944 0.455599 0.707407 0.455599 0.735185 0.455339 0.735648 0.455339 0.749074 0.455599 0.749537 0.455599 0.756019 0.455339 0.756481 0.455339 0.765278 0.455078 0.765741 0.455078 0.780556 0.454818 0.781019 0.454818 0.787963 0.454557 0.788426 0.454557 0.808333 0.454297 0.808796 0.454297 0.811574 0.454036 0.812037 0.453516 0.815741 0.452604 0.817361 0.450781 0.819213 0.449479 0.819213 0.449219 0.819676 0.447396 0.819676 0.447135 0.820139 0.443750 0.820139 0.443490 0.820602 0.440104 0.820602 0.439844 0.821065 0.431771 0.821065 0.431510 0.821528 0.421615 0.821528 0.421354 0.821991 0.416927 0.821991 0.416667 0.822454 0.412240 0.822454 0.411979 0.822917 0.407292 0.822917 0.407031 0.823380 0.402604 0.823380 0.402344 0.823843 0.397135 0.823843 0.396875 0.824306 0.392969 0.824306 0.392708 0.824769 0.389844 0.824769 0.389583 0.825231 0.378385 0.825231 0.378125 0.825694 0.373958 0.825694 0.373698 0.826157 0.366146 0.826157 0.365885 0.826620 0.357552 0.826620 0.357292 0.827083
0 0.545573 0.629861 0.544271 0.629861 0.543229 0.628935 0.542057 0.626389 0.541797 0.624074 0.541797 0.620370 0.542057 0.618981 0.543490 0.615509 0.545312 0.614120 0.545833 0.613194 0.548438 0.610880 0.549479 0.610880 0.550521 0.611806 0.552344 0.612269 0.554167 0.614120 0.554818 0.615741 0.555859 0.619444 0.555859 0.623148 0.555078 0.626389 0.553385 0.628009 0.552083 0.628472 0.550781 0.628472 0.550521 0.628935 0.549219 0.628935 0.548958 0.629398 0.545833 0.629398 0.545573 0.629861
0 0.682292 0.652546 0.680208 0.652546 0.678646 0.651620 0.677083 0.651620 0.676823 0.651157 0.674479 0.650694 0.673438 0.649769 0.672005 0.646759 0.670964 0.643056 0.670964 0.640278 0.670703 0.639815 0.670703 0.634722 0.671484 0.629630 0.671484 0.626389 0.671745 0.625926 0.671745 0.621759 0.672266 0.619444 0.673958 0.616435 0.675781 0.615046 0.676823 0.614583 0.679167 0.614583 0.679427 0.615046 0.680990 0.615046 0.682031 0.615509 0.684115 0.617361 0.686068 0.620833 0.686849 0.624537 0.686849 0.626852 0.687109 0.627315 0.686589 0.632870 0.686068 0.634259 0.686068 0.644907 0.685807 0.646759 0.685026 0.650000 0.683594 0.651620 0.682292 0.652546
2 0.588281 0.651620 0.582812 0.651620 0.582552 0.651157 0.579427 0.651157 0.577604 0.649769 0.576432 0.647685 0.575130 0.642593 0.575130 0.634259 0.575391 0.633796 0.575651 0.630093 0.576172 0.627315 0.576953 0.625463 0.578385 0.622917 0.579948 0.621528 0.581250 0.621528 0.581510 0.621065 0.585677 0.621065 0.585938 0.621528 0.587500 0.621528 0.588281 0.621991 0.590885 0.624769 0.591797 0.626389 0.592578 0.628704 0.592578 0.629630 0.594141 0.635648 0.593880 0.637500 0.593880 0.640278 0.593359 0.642593 0.592318 0.649074 0.591406 0.650694 0.590365 0.651157 0.588542 0.651157 0.588281 0.651620
2 0.716927 0.653935 0.711458 0.653935 0.711198 0.653472 0.708594 0.652546 0.706771 0.650694 0.705990 0.650231 0.704948 0.648843 0.703516 0.646296 0.702214 0.642593 0.702214 0.636111 0.703516 0.629630 0.704557 0.625926 0.705729 0.623380 0.707552 0.621528 0.708333 0.621065 0.713802 0.621065 0.715104 0.621991 0.716406 0.622454 0.718490 0.624306 0.719531 0.625694 0.721484 0.629167 0.722526 0.633333 0.722526 0.637500 0.722005 0.639815 0.722005 0.641204 0.721484 0.643981 0.720443 0.647685 0.719922 0.650463 0.719010 0.652083 0.716927 0.653935
11 0.527604 0.997917 0.516667 0.997917 0.516406 0.997454 0.513542 0.997454 0.513281 0.996991 0.507031 0.996991 0.506771 0.996528 0.505469 0.996528 0.503906 0.997454 0.497656 0.997454 0.496875 0.996991 0.494922 0.994907 0.494401 0.992593 0.494401 0.990278 0.494141 0.989815 0.494141 0.986111 0.493880 0.985648 0.493880 0.975926 0.493620 0.975463 0.493620 0.960648 0.493359 0.960185 0.493359 0.929167 0.493099 0.928704 0.493099 0.900926 0.492839 0.900463 0.492839 0.844907 0.492578 0.844444 0.492578 0.834259 0.492839 0.833796 0.492839 0.818519 0.492578 0.818056 0.492578 0.800463 0.492839 0.800000 0.492839 0.790741 0.492578 0.790278 0.492578 0.784259 0.492839 0.783796 0.492839 0.780556 0.492578 0.780093 0.492578 0.776852 0.492318 0.776389 0.492318 0.755556 0.492578 0.755093 0.492578 0.751389 0.492318 0.750926 0.492318 0.747222 0.492057 0.746759 0.492057 0.742130 0.491797 0.741667 0.491797 0.725000 0.491536 0.724537 0.491536 0.704167 0.491797 0.702778 0.492839 0.699537 0.493490 0.698380 0.495052 0.697454 0.496224 0.695370 0.496484 0.693981 0.496484 0.691204 0.496745 0.690741 0.496745 0.680556 0.496484 0.680093 0.496484 0.670370 0.496224 0.669907 0.496224 0.654630 0.496484 0.654167 0.497266 0.649537 0.498437 0.647454 0.500260 0.646528 0.501302 0.645139 0.501823 0.645139 0.504687 0.642824 0.505208 0.641898 0.506771 0.640509 0.510156 0.638657 0.511979 0.638194 0.513021 0.637269 0.514323 0.637269 0.516146 0.639120 0.517969 0.641898 0.520573 0.641898 0.520833 0.641435 0.521615 0.642824 0.521094 0.644213 0.519792 0.644213 0.519531 0.643750 0.517969 0.643750 0.516797 0.647222 0.516797 0.648148 0.517708 0.649306 0.522135 0.649306 0.523438 0.648380 0.524740 0.647917 0.529687 0.647917 0.529948 0.647454 0.531250 0.647454 0.532813 0.646528 0.534375 0.646528 0.534635 0.646065 0.537500 0.646065 0.537760 0.645602 0.541927 0.645602 0.544271 0.646991 0.546094 0.650231 0.547396 0.651157 0.552865 0.651157 0.553125 0.650694 0.554427 0.650694 0.554688 0.650231 0.557292 0.649306 0.559375 0.649306 0.559635 0.648843 0.561458 0.648843 0.561719 0.648380 0.563802 0.648380 0.564583 0.647454 0.566406 0.647454 0.566667 0.646991 0.569531 0.646991 0.569792 0.646528 0.573177 0.646528 0.575521 0.648380 0.576823 0.650231 0.579167 0.651157 0.587760 0.651157 0.588021 0.650694 0.590365 0.650694 0.591927 0.649769 0.593099 0.647685 0.593620 0.645833 0.595052 0.643287 0.596354 0.642824 0.597396 0.643750 0.598958 0.644213 0.600521 0.645602 0.601562 0.646065 0.602865 0.646065 0.604167 0.646991 0.606771 0.650694 0.608073 0.651620 0.609896 0.651620 0.610156 0.652083 0.617188 0.652083 0.617448 0.652546 0.620052 0.652546 0.620313 0.653009 0.626302 0.653009 0.627344 0.653472 0.627604 0.653009 0.634115 0.653009 0.634375 0.652546 0.635938 0.652546 0.636198 0.653009 0.639323 0.653009 0.640625 0.653935 0.641406 0.653935 0.643229 0.655324 0.644271 0.656713 0.644661 0.658333 0.647396 0.663194 0.648177 0.664120 0.650521 0.665509 0.651563 0.665509 0.653125 0.666435 0.653906 0.667361 0.655208 0.666898 0.656120 0.665278 0.656641 0.662963 0.656641 0.660185 0.656380 0.659722 0.656380 0.649537 0.656901 0.647685 0.658073 0.645602 0.659115 0.644676 0.660156 0.644676 0.661979 0.643287 0.662500 0.642361 0.663281 0.642361 0.664453 0.641204 0.664453 0.637963 0.664714 0.636111 0.665885 0.634954 0.667188 0.634954 0.668880 0.636111 0.668880 0.637500 0.668099 0.640278 0.667578 0.641204 0.669010 0.642824 0.669661 0.643981 0.670703 0.647222 0.671745 0.653241 0.673047 0.656019 0.673828 0.658333 0.674740 0.659954 0.676562 0.661343 0.678125 0.661343 0.679948 0.659491 0.681250 0.658565 0.682552 0.658565 0.682813 0.659028 0.684896 0.659954 0.685807 0.658333 0.686068 0.656481 0.687630 0.649074 0.687891 0.646759 0.687891 0.644444 0.688151 0.642130 0.688932 0.638889 0.690625 0.637269 0.692448 0.637269 0.692708 0.636806 0.694010 0.637269 0.695833 0.637269 0.696094 0.637731 0.697396 0.637731 0.698177 0.638194 0.700000 0.640046 0.701432 0.642593 0.703516 0.649537 0.703516 0.650463 0.704948 0.653009 0.708333 0.654861 0.716927 0.654861 0.718229 0.653472 0.719922 0.650463 0.720703 0.646759 0.722266 0.641667 0.723698 0.639120 0.724740 0.638194 0.725391 0.636574 0.727344 0.634491 0.728125 0.634028 0.736719 0.634028 0.736979 0.633565 0.745573 0.633565 0.745833 0.634028 0.749740 0.634028 0.750000 0.634491 0.751563 0.634491 0.752604 0.635417 0.753516 0.638426 0.755469 0.641898 0.757292 0.643287 0.759375 0.643750 0.760677 0.644676 0.763021 0.645139 0.764714 0.648148 0.765234 0.649537 0.766016 0.652778 0.766536 0.653704 0.767318 0.656481 0.770964 0.662963 0.771484 0.665741 0.772005 0.667130 0.773307 0.673148 0.773828 0.674537 0.775391 0.677315 0.776432 0.681019 0.777474 0.683796 0.779557 0.687500 0.780859 0.691204 0.781120 0.694444 0.781901 0.697222 0.781901 0.699074 0.780599 0.704630 0.780599 0.706019 0.780078 0.708333 0.780078 0.711111 0.779818 0.713426 0.779036 0.717593 0.778385 0.718750 0.776042 0.720602 0.774740 0.722454 0.773698 0.722454 0.772656 0.723380 0.771875 0.723380 0.770833 0.724306 0.770052 0.724306 0.768099 0.726852 0.766797 0.729167 0.766276 0.731019 0.766536 0.733333 0.767448 0.734954 0.769792 0.736343 0.770573 0.736343 0.772396 0.737731 0.773698 0.737731 0.773958 0.738194 0.777604 0.738194 0.777865 0.738657 0.779687 0.738657 0.779948 0.738194 0.788021 0.738194 0.788281 0.737731 0.797656 0.737731 0.797917 0.737269 0.800260 0.737269 0.800521 0.737731 0.804948 0.737731 0.805208 0.737269 0.807552 0.737269 0.807813 0.737731 0.812240 0.737731 0.812500 0.737269 0.833333 0.737269 0.833594 0.737731 0.834896 0.737731 0.838542 0.740046 0.840365 0.743287 0.840625 0.743287 0.841797 0.745370 0.843099 0.749074 0.844141 0.751389 0.846745 0.756019 0.847786 0.758333 0.850130 0.765741 0.852734 0.770370 0.853776 0.774074 0.855859 0.777778 0.856380 0.780093 0.857161 0.782407 0.857943 0.783796 0.859245 0.787500 0.861849 0.792130 0.862630 0.793981 0.862891 0.795370 0.864193 0.798148 0.864193 0.798611 0.865755 0.801389 0.866536 0.804630 0.867839 0.807407 0.868880 0.810185 0.870182 0.812500 0.871745 0.816204 0.872266 0.818056 0.873307 0.820370 0.874609 0.822685 0.875911 0.826389 0.878516 0.831019 0.879818 0.834259 0.880339 0.836574 0.881901 0.839815 0.882943 0.843519 0.884245 0.846759 0.885547 0.849074 0.886589 0.852315 0.890234 0.860648 0.891276 0.863426 0.891536 0.864815 0.893359 0.870833 0.893359 0.874537 0.893099 0.875000 0.893099 0.877315 0.892578 0.878704 0.891276 0.881019 0.891276 0.881481 0.889974 0.883796 0.889974 0.884259 0.886589 0.890278 0.886589 0.890741 0.884896 0.893750 0.884635 0.893750 0.883464 0.895833 0.883464 0.896296 0.881901 0.900000 0.874349 0.913426 0.874349 0.913889 0.872526 0.917130 0.872526 0.917593 0.868099 0.925463 0.868099 0.925926 0.866536 0.928704 0.866536 0.929167 0.865234 0.931481 0.865234 0.931944 0.862370 0.937037 0.862370 0.937500 0.858464 0.944444 0.857682 0.946759 0.850391 0.959722 0.850391 0.960185 0.848828 0.962963 0.848828 0.963426 0.847005 0.966667 0.847005 0.967130 0.843099 0.974074 0.842057 0.976852 0.839453 0.981481 0.839453 0.981944 0.836979 0.986343 0.835677 0.987731 0.834115 0.990046 0.830990 0.991435 0.829688 0.992361 0.828385 0.992361 0.828125 0.992824 0.826562 0.992824 0.826302 0.993287 0.824740 0.993287 0.824479 0.993750 0.822656 0.993750 0.822396 0.994213 0.817969 0.994213 0.817708 0.994676 0.809375 0.994676 0.809115 0.995139 0.807552 0.995139 0.807292 0.995602 0.799219 0.995602 0.798958 0.995139 0.796094 0.995139 0.795833 0.994676 0.789583 0.994676 0.789323 0.995139 0.785937 0.995139 0.785677 0.995602 0.780208 0.995602 0.779948 0.995139 0.778646 0.995139 0.778385 0.995602 0.771875 0.995602 0.771615 0.996065 0.763281 0.996065 0.763021 0.996528 0.757812 0.996528 0.757552 0.996991 0.754167 0.996991 0.753906 0.996528 0.750781 0.996528 0.750521 0.996065 0.736979 0.996065 0.736719 0.996528 0.718750 0.996528 0.718490 0.996991 0.710417 0.996991 0.710156 0.996528 0.704427 0.996528 0.704167 0.996065 0.699479 0.996065 0.699219 0.996528 0.696354 0.996528 0.696094 0.996991 0.690885 0.996991 0.690625 0.996528 0.688802 0.996065 0.688151 0.994907 0.687370 0.991667 0.686849 0.990278 0.686068 0.984722 0.685547 0.981944 0.684505 0.978704 0.684505 0.977778 0.682943 0.970370 0.682682 0.968056 0.681120 0.962037 0.680339 0.956944 0.679818 0.955556 0.679297 0.952778 0.679297 0.951389 0.678776 0.949537 0.678776 0.948148 0.678255 0.945833 0.678255 0.944444 0.677734 0.942130 0.676693 0.938889 0.676172 0.935648 0.675651 0.934259 0.675651 0.932870 0.675130 0.931019 0.675130 0.929630 0.674609 0.926852 0.674089 0.925463 0.673828 0.922222 0.673307 0.920370 0.672786 0.914815 0.672266 0.912963 0.671745 0.907870 0.671224 0.905556 0.671224 0.903241 0.670964 0.902778 0.670703 0.899537 0.670182 0.896759 0.668880 0.893056 0.668359 0.887963 0.667839 0.885648 0.667318 0.884722 0.666406 0.881713 0.665234 0.884259 0.664714 0.887037 0.663932 0.889352 0.662370 0.893056 0.661849 0.895370 0.661068 0.897685 0.661068 0.898611 0.660286 0.900926 0.660026 0.903241 0.658724 0.908796 0.657422 0.912037 0.655599 0.919444 0.655599 0.920833 0.655078 0.922685 0.654818 0.926389 0.654297 0.928241 0.653255 0.933796 0.652995 0.936111 0.652474 0.938426 0.651693 0.940741 0.650651 0.943056 0.649870 0.945833 0.649349 0.949537 0.648828 0.951389 0.648828 0.952778 0.648307 0.954630 0.648047 0.956944 0.647526 0.958333 0.647266 0.961111 0.646224 0.966204 0.644401 0.972685 0.643880 0.976389 0.643359 0.977778 0.642057 0.983333 0.641536 0.984259 0.640755 0.987500 0.640234 0.988889 0.639974 0.992130 0.639453 0.994907 0.638802 0.996065 0.638021 0.996528 0.634896 0.996528 0.634635 0.996991 0.631771 0.996991 0.631510 0.997454 0.629687 0.997454 0.629427 0.996991 0.626302 0.996991 0.626042 0.996528 0.624479 0.996528 0.624219 0.996065 0.619010 0.996065 0.618750 0.996528 0.617188 0.996528 0.616927 0.996065 0.610417 0.996065 0.610156 0.996528 0.608854 0.996528 0.608594 0.996991 0.601823 0.996991 0.601562 0.996528 0.582292 0.996528 0.582031 0.996991 0.576562 0.996991 0.576302 0.997454 0.566146 0.997454 0.565885 0.996991 0.546094 0.996991 0.545833 0.996528 0.542708 0.996528 0.542448 0.996991 0.532292 0.996991 0.532031 0.997454 0.527865 0.997454 0.527604 0.997917
13 0.000000 0.441435 0.001302 0.441435 0.002214 0.443056 0.002734 0.444907 0.005339 0.450463 0.005859 0.452778 0.006380 0.453704 0.006901 0.456019 0.007161 0.458333 0.008203 0.462037 0.008203 0.462963 0.008984 0.465741 0.010026 0.468056 0.010547 0.470370 0.011719 0.472454 0.012760 0.472917 0.013932 0.475000 0.014193 0.475926 0.014193 0.480556 0.014063 0.481713 0.016927 0.481713 0.018099 0.484722 0.018099 0.486111 0.019141 0.488889 0.019661 0.491204 0.019922 0.494907 0.021224 0.498148 0.021745 0.500000 0.023177 0.502546 0.024479 0.503935 0.025130 0.505556 0.025130 0.506481 0.026953 0.512500 0.027604 0.513657 0.028646 0.514583 0.029818 0.516667 0.030078 0.518056 0.029557 0.521296 0.029557 0.523611 0.030208 0.524769 0.031250 0.525231 0.032682 0.527778 0.033464 0.531019 0.034505 0.533333 0.035026 0.536111 0.036328 0.539815 0.037109 0.542593 0.037370 0.544444 0.039193 0.548148 0.040234 0.552315 0.040755 0.553704 0.042057 0.556019 0.042839 0.558333 0.045182 0.563889 0.045703 0.565741 0.048568 0.571759 0.049609 0.575000 0.050391 0.576389 0.051432 0.579630 0.052474 0.581944 0.053776 0.584259 0.054297 0.586111 0.056641 0.592130 0.057682 0.594444 0.058984 0.596759 0.058984 0.597222 0.060547 0.600463 0.061068 0.602315 0.062240 0.604398 0.064062 0.606250 0.069010 0.606250 0.069271 0.606713 0.070573 0.606713 0.072656 0.608102 0.072786 0.608796 0.075651 0.613889 0.076953 0.618056 0.078516 0.624537 0.079818 0.626852 0.080078 0.629630 0.079427 0.631713 0.078125 0.632176 0.076302 0.632176 0.073698 0.630324 0.072135 0.628935 0.070312 0.626620 0.068750 0.625694 0.066146 0.625694 0.065885 0.625231 0.064323 0.625231 0.063021 0.625694 0.061719 0.626620 0.060156 0.627083 0.057813 0.629861 0.055990 0.631250 0.054427 0.633102 0.053646 0.634491 0.052865 0.634954 0.051823 0.636343 0.051302 0.636343 0.048698 0.638194 0.046615 0.640046 0.044271 0.643287 0.042969 0.644213 0.042448 0.645139 0.040625 0.646528 0.035417 0.653009 0.034115 0.654398 0.032813 0.655324 0.029687 0.659491 0.029427 0.659491 0.026042 0.662731 0.024219 0.664120 0.022917 0.665509 0.021615 0.665972 0.017448 0.669213 0.013802 0.675694 0.013021 0.676157 0.011719 0.678009 0.009896 0.679398 0.008073 0.681713 0.007292 0.682176 0.005990 0.684028 0.005208 0.684491 0.003646 0.686806 0.002083 0.688657 0.001302 0.689120 0.000000 0.689120
