6 0.413542 0.355324 0.411719 0.355324 0.410026 0.352315 0.409245 0.349074 0.409245 0.347222 0.408724 0.344907 0.408724 0.343519 0.407813 0.341898 0.406510 0.341898 0.406250 0.341435 0.404427 0.341435 0.403125 0.340972 0.402083 0.340046 0.400781 0.339583 0.399349 0.337037 0.399349 0.336574 0.397786 0.333333 0.397266 0.331481 0.397005 0.329167 0.395964 0.325463 0.395964 0.324537 0.394141 0.318519 0.392578 0.312037 0.391927 0.310880 0.387760 0.310880 0.387500 0.311343 0.385677 0.311343 0.385417 0.311806 0.382552 0.311806 0.382292 0.312269 0.379948 0.312269 0.379688 0.312731 0.378125 0.312731 0.377865 0.313194 0.375000 0.313194 0.373698 0.312731 0.372786 0.311111 0.372005 0.308333 0.370703 0.302315 0.370703 0.300463 0.370182 0.298611 0.369661 0.293519 0.369141 0.291667 0.368880 0.289352 0.367839 0.286111 0.367578 0.283796 0.366276 0.277778 0.366276 0.276389 0.365755 0.274537 0.365755 0.273148 0.365234 0.271296 0.365234 0.269907 0.364453 0.265741 0.363932 0.264352 0.363151 0.258796 0.362891 0.258333 0.362370 0.254167 0.361849 0.252315 0.361849 0.250926 0.361328 0.249537 0.361068 0.247222 0.360547 0.245370 0.360547 0.243519 0.360026 0.241204 0.360026 0.239815 0.359505 0.237963 0.359505 0.236574 0.358464 0.231481 0.358464 0.228704 0.358203 0.228241 0.358203 0.225926 0.357943 0.225463 0.357943 0.223148 0.357422 0.220370 0.357422 0.217130 0.358203 0.210648 0.359245 0.207870 0.361068 0.202315 0.362630 0.199537 0.362630 0.199074 0.365104 0.194676 0.365365 0.194676 0.368490 0.189120 0.370052 0.187269 0.371094 0.185417 0.372396 0.184028 0.373177 0.182639 0.375000 0.180787 0.377344 0.178009 0.377865 0.178009 0.379427 0.175694 0.381250 0.173843 0.381771 0.172917 0.383073 0.171991 0.384115 0.170602 0.386719 0.168750 0.388281 0.166435 0.389844 0.164583 0.392969 0.161806 0.395052 0.160880 0.396354 0.159491 0.398438 0.158102 0.398958 0.157176 0.402865 0.154398 0.403646 0.154398 0.404687 0.153472 0.405990 0.153009 0.409375 0.150694 0.411719 0.150231 0.413542 0.148843 0.414583 0.148843 0.416146 0.147917 0.417708 0.147917 0.417969 0.147454 0.419531 0.147454 0.421094 0.146528 0.422656 0.146528 0.422917 0.146065 0.425260 0.146065 0.425521 0.145602 0.427865 0.145602 0.428125 0.145139 0.430469 0.145139 0.430729 0.144676 0.436458 0.144676 0.436719 0.144213 0.448698 0.144213 0.448958 0.144676 0.451042 0.144676 0.451302 0.145139 0.453125 0.145139 0.453385 0.145602 0.454688 0.145602 0.457292 0.147917 0.460156 0.150694 0.461849 0.153704 0.462109 0.155093 0.464453 0.161574 0.466276 0.168981 0.466536 0.170833 0.467057 0.171759 0.468099 0.175926 0.469661 0.180556 0.469661 0.181481 0.470703 0.185185 0.470964 0.187500 0.471484 0.188889 0.472005 0.191667 0.473568 0.196296 0.473828 0.198611 0.475130 0.202778 0.475651 0.205556 0.475911 0.208796 0.476432 0.210648 0.476693 0.212963 0.477734 0.216667 0.477734 0.218056 0.479036 0.225000 0.479818 0.227315 0.481120 0.231944 0.481641 0.235185 0.481641 0.236574 0.482161 0.237963 0.482682 0.241667 0.483984 0.245833 0.484505 0.246759 0.485286 0.250000 0.485547 0.253241 0.486068 0.255093 0.486068 0.256481 0.486589 0.258796 0.486589 0.260648 0.487109 0.262500 0.487891 0.267593 0.487891 0.288889 0.487109 0.292593 0.486849 0.295833 0.486068 0.299074 0.485807 0.300926 0.484115 0.303935 0.483854 0.303935 0.482292 0.306713 0.482031 0.306713 0.480859 0.308796 0.480859 0.309259 0.478125 0.314120 0.476562 0.315509 0.474479 0.317824 0.473958 0.317824 0.472656 0.319213 0.470573 0.320602 0.469010 0.321991 0.467448 0.323843 0.465885 0.324769 0.465104 0.325694 0.462240 0.327083 0.460417 0.328935 0.459115 0.329398 0.456771 0.330787 0.455729 0.330787 0.453646 0.331713 0.450260 0.334028 0.446875 0.335417 0.446094 0.336343 0.442708 0.339120 0.440885 0.339583 0.439844 0.340509 0.439063 0.340509 0.436198 0.342824 0.433594 0.344676 0.431771 0.345139 0.430729 0.346065 0.429948 0.346065 0.427604 0.347454 0.426563 0.348380 0.425781 0.348380 0.423177 0.349769 0.421875 0.351157 0.420573 0.352083 0.419271 0.352546 0.418229 0.353472 0.415625 0.354861 0.413802 0.354861 0.413542 0.355324
4 0.515104 0.637731 0.513542 0.637731 0.513021 0.637269 0.511849 0.635185 0.510807 0.631481 0.509115 0.628472 0.505990 0.626620 0.503385 0.626620 0.503125 0.627083 0.494010 0.627083 0.493750 0.627546 0.490885 0.627546 0.490625 0.628009 0.487240 0.628009 0.486979 0.628472 0.482292 0.628472 0.482031 0.628935 0.479427 0.628935 0.479167 0.629398 0.469792 0.629398 0.469531 0.629861 0.466927 0.629861 0.466667 0.630324 0.451562 0.630324 0.451302 0.630787 0.449479 0.630787 0.449219 0.631250 0.447135 0.631250 0.446875 0.631713 0.441667 0.631713 0.441406 0.631250 0.437500 0.631250 0.437240 0.631713 0.435417 0.631713 0.434635 0.631250 0.433464 0.629167 0.432682 0.626389 0.432682 0.625463 0.431120 0.621759 0.430339 0.618056 0.429818 0.617130 0.429036 0.613889 0.428516 0.612963 0.427734 0.609722 0.426953 0.607870 0.426432 0.604630 0.424609 0.599074 0.423307 0.593519 0.422526 0.589352 0.421745 0.586111 0.419922 0.580093 0.419922 0.579167 0.419141 0.576389 0.417057 0.572685 0.416276 0.569907 0.416016 0.567593 0.416016 0.564352 0.416797 0.561111 0.417057 0.558796 0.417839 0.556019 0.417839 0.554630 0.418359 0.552778 0.418880 0.549074 0.419141 0.545833 0.419661 0.543981 0.419661 0.542593 0.420182 0.540741 0.420182 0.539352 0.420703 0.537500 0.422266 0.527778 0.423307 0.525463 0.423828 0.522685 0.424089 0.518519 0.424609 0.515278 0.425651 0.511574 0.427214 0.507407 0.427995 0.503704 0.428776 0.501389 0.429297 0.496759 0.430599 0.492130 0.430859 0.490278 0.432031 0.488194 0.435156 0.486343 0.437500 0.486343 0.437760 0.485880 0.440104 0.485880 0.440365 0.485417 0.442708 0.485417 0.442969 0.484954 0.444792 0.484954 0.445052 0.484491 0.446615 0.484491 0.448958 0.483102 0.450260 0.483102 0.450521 0.482639 0.453646 0.482639 0.453906 0.482176 0.455729 0.482176 0.455990 0.481713 0.457552 0.481713 0.457813 0.481250 0.463281 0.481250 0.463542 0.480787 0.465104 0.480787 0.466406 0.480324 0.467448 0.479398 0.469271 0.478935 0.469531 0.478472 0.471094 0.478472 0.471354 0.478009 0.473958 0.478009 0.474219 0.477546 0.475781 0.477546 0.476042 0.477083 0.477344 0.477083 0.477604 0.476620 0.479427 0.476620 0.479687 0.476157 0.482292 0.476157 0.482552 0.475694 0.484635 0.475694 0.484896 0.475231 0.486198 0.475231 0.486458 0.474769 0.488021 0.474769 0.488281 0.474306 0.490365 0.474306 0.490625 0.473843 0.492188 0.473843 0.492448 0.473380 0.494271 0.473380 0.494531 0.472917 0.496094 0.472917 0.496354 0.472454 0.497656 0.472454 0.497917 0.471991 0.500781 0.471991 0.501042 0.471528 0.503125 0.471528 0.503385 0.471065 0.504948 0.471065 0.505208 0.470602 0.507292 0.470602 0.507552 0.470139 0.509115 0.470139 0.510156 0.469213 0.511458 0.469213 0.511719 0.468750 0.513281 0.468750 0.513542 0.468287 0.515365 0.468287 0.515625 0.467824 0.517708 0.467824 0.517969 0.467361 0.522396 0.467361 0.523698 0.468750 0.524349 0.470370 0.524870 0.472685 0.525130 0.475926 0.525911 0.479167 0.526432 0.484259 0.527474 0.490278 0.527995 0.492130 0.528516 0.495833 0.529036 0.497222 0.529297 0.499537 0.530339 0.503241 0.530339 0.505556 0.530599 0.506019 0.530599 0.509259 0.530859 0.509722 0.530859 0.512500 0.531120 0.512963 0.531380 0.516667 0.532943 0.521759 0.532943 0.522685 0.533984 0.526389 0.534245 0.528704 0.534766 0.530556 0.536328 0.542130 0.537630 0.545833 0.537630 0.548148 0.537891 0.548611 0.537891 0.554167 0.537630 0.554630 0.537630 0.558333 0.537370 0.558796 0.537370 0.562500 0.537109 0.562963 0.537109 0.566667 0.536849 0.567130 0.536849 0.569907 0.536589 0.570370 0.536589 0.573611 0.536328 0.574074 0.536328 0.576852 0.536068 0.577315 0.536068 0.587500 0.535807 0.587963 0.535807 0.590741 0.535547 0.591204 0.535547 0.596296 0.535286 0.596759 0.535286 0.603704 0.535026 0.604167 0.535026 0.613426 0.534766 0.613889 0.534766 0.616667 0.534505 0.617130 0.534505 0.619907 0.534245 0.620370 0.534245 0.623148 0.533984 0.623611 0.533984 0.626389 0.533724 0.628241 0.532682 0.632407 0.531771 0.634028 0.529427 0.635880 0.527865 0.635880 0.527604 0.636343 0.523958 0.636343 0.523698 0.636806 0.517708 0.636806 0.517448 0.637269 0.515365 0.637269 0.515104 0.637731
0 0.310937 0.642361 0.308073 0.642361 0.306771 0.641898 0.305339 0.639352 0.304297 0.636111 0.304297 0.635185 0.303255 0.631944 0.301432 0.628704 0.300911 0.626389 0.300130 0.624074 0.299349 0.622685 0.298828 0.620370 0.299089 0.619444 0.299089 0.616204 0.299609 0.613889 0.301563 0.610417 0.302344 0.609491 0.305208 0.607176 0.305990 0.606250 0.307552 0.606250 0.309635 0.607639 0.311589 0.611111 0.311589 0.611574 0.313281 0.614583 0.313542 0.614583 0.314974 0.617130 0.314974 0.617593 0.316406 0.620139 0.316667 0.620139 0.318099 0.622685 0.318099 0.623148 0.319401 0.626852 0.319401 0.629167 0.318620 0.631944 0.317578 0.634259 0.315365 0.638194 0.314063 0.639583 0.312760 0.640509 0.310937 0.642361
4 0.357292 0.751157 0.356510 0.751157 0.355469 0.750231 0.353646 0.749769 0.352865 0.748843 0.349219 0.746991 0.347656 0.744676 0.345833 0.742361 0.345052 0.741898 0.342969 0.739120 0.341667 0.738194 0.340365 0.736343 0.336979 0.733565 0.334896 0.730324 0.333594 0.728935 0.330208 0.726157 0.329427 0.725231 0.329036 0.724074 0.327344 0.721528 0.322135 0.718287 0.321224 0.716204 0.320052 0.714120 0.318490 0.712731 0.317057 0.710185 0.317057 0.709722 0.315365 0.706713 0.315104 0.706713 0.313932 0.704630 0.313151 0.701852 0.311979 0.699769 0.310937 0.698843 0.310026 0.697222 0.309245 0.694444 0.307292 0.690972 0.306380 0.689815 0.305859 0.687500 0.305339 0.686574 0.304297 0.682407 0.301693 0.677778 0.301172 0.675926 0.299479 0.672917 0.299219 0.672917 0.297786 0.670370 0.297526 0.668981 0.296745 0.667130 0.294401 0.662963 0.293620 0.660185 0.290495 0.654630 0.289193 0.650926 0.288151 0.648611 0.286849 0.646296 0.286849 0.645833 0.285286 0.643056 0.284245 0.640278 0.282422 0.637037 0.282161 0.636111 0.282161 0.633796 0.283724 0.629167 0.287760 0.621991 0.288021 0.621991 0.289323 0.619676 0.290625 0.617824 0.291667 0.616898 0.293359 0.613889 0.294010 0.612269 0.295052 0.611343 0.295833 0.611343 0.297396 0.610417 0.299740 0.606250 0.300521 0.605787 0.301693 0.603241 0.301953 0.600926 0.303385 0.598380 0.304557 0.596759 0.305859 0.593056 0.308073 0.590972 0.309505 0.588426 0.309505 0.587963 0.310677 0.585880 0.312760 0.584491 0.316406 0.578009 0.316667 0.578009 0.320312 0.571528 0.320573 0.571528 0.322135 0.568750 0.322396 0.568750 0.325781 0.562731 0.327344 0.561343 0.329688 0.557176 0.330729 0.556250 0.332161 0.553704 0.332161 0.553241 0.334115 0.549769 0.335156 0.548843 0.336589 0.546296 0.336589 0.545833 0.337760 0.543750 0.338802 0.542824 0.342187 0.536806 0.343490 0.535880 0.344661 0.533796 0.345182 0.531481 0.346615 0.528935 0.347396 0.528472 0.348958 0.526620 0.351562 0.521991 0.353906 0.520602 0.358854 0.520602 0.360156 0.521065 0.361458 0.521991 0.362760 0.522454 0.364063 0.522454 0.364323 0.522917 0.365625 0.522917 0.367448 0.524306 0.369010 0.524769 0.371354 0.527083 0.372135 0.527083 0.374219 0.528935 0.376823 0.529861 0.378125 0.530787 0.380990 0.533565 0.381510 0.533565 0.383854 0.535417 0.386198 0.535880 0.389062 0.537731 0.389844 0.539120 0.391146 0.540046 0.392448 0.540509 0.395313 0.543287 0.395833 0.543287 0.397005 0.545833 0.397786 0.550926 0.399089 0.556019 0.400651 0.559722 0.401172 0.562037 0.402474 0.564815 0.402995 0.566667 0.404557 0.569907 0.405078 0.571759 0.405599 0.575463 0.407943 0.582870 0.408724 0.584259 0.409505 0.588426 0.410547 0.591667 0.411328 0.593056 0.411849 0.594907 0.412630 0.596296 0.414714 0.604167 0.416016 0.606944 0.417578 0.614352 0.418620 0.617593 0.420182 0.620833 0.420703 0.623611 0.420703 0.625000 0.421224 0.627315 0.421224 0.629167 0.420703 0.631019 0.420052 0.632176 0.418490 0.633102 0.416927 0.634491 0.415104 0.634954 0.414844 0.634491 0.410417 0.634491 0.408854 0.635417 0.407552 0.635417 0.407292 0.635880 0.404948 0.635880 0.404687 0.636343 0.403125 0.636343 0.400521 0.637731 0.399349 0.639815 0.398307 0.643981 0.398047 0.646296 0.397526 0.647685 0.397266 0.650000 0.395964 0.653704 0.394401 0.659722 0.393880 0.661111 0.393099 0.665278 0.391276 0.668981 0.390755 0.671296 0.390234 0.676852 0.389714 0.679167 0.389193 0.684722 0.388411 0.687037 0.388411 0.687963 0.387370 0.691204 0.387370 0.692130 0.386328 0.695370 0.386068 0.697685 0.385547 0.699537 0.383984 0.702778 0.382682 0.706481 0.378255 0.714352 0.378255 0.714815 0.375521 0.719676 0.375260 0.719676 0.374089 0.721759 0.373047 0.725000 0.370443 0.729630 0.369922 0.731481 0.366016 0.738426 0.366016 0.738889 0.364844 0.740972 0.362891 0.743519 0.362109 0.745833 0.360677 0.748380 0.360417 0.748380 0.357292 0.751157
3 0.506510 0.842361 0.503646 0.842361 0.503385 0.841898 0.500781 0.841898 0.500521 0.842361 0.491667 0.842361 0.491406 0.841898 0.487500 0.841898 0.487240 0.842361 0.484635 0.842361 0.484375 0.841898 0.480990 0.841898 0.480729 0.842361 0.477083 0.842361 0.476823 0.841898 0.451823 0.841898 0.451562 0.842361 0.443229 0.842361 0.442969 0.841898 0.422135 0.841898 0.421875 0.842361 0.404427 0.842361 0.403646 0.841435 0.402995 0.839352 0.402474 0.836574 0.402474 0.833333 0.402214 0.832870 0.402214 0.830556 0.401693 0.828241 0.400651 0.825926 0.400130 0.823148 0.399089 0.820833 0.398568 0.818981 0.396745 0.814352 0.395703 0.812037 0.394401 0.809722 0.394401 0.809259 0.392839 0.806481 0.391797 0.804167 0.391016 0.801852 0.390755 0.799074 0.390234 0.797222 0.389062 0.795602 0.385807 0.789815 0.385807 0.789352 0.384505 0.787037 0.384505 0.786574 0.382422 0.782407 0.382422 0.781944 0.380599 0.777778 0.380599 0.777315 0.378255 0.772222 0.378255 0.771759 0.376172 0.768056 0.374870 0.764352 0.374870 0.763426 0.374089 0.760648 0.374089 0.753241 0.374870 0.748611 0.376172 0.743981 0.376953 0.740741 0.377474 0.739352 0.377734 0.737037 0.378776 0.733333 0.379818 0.727778 0.380599 0.725463 0.380599 0.724537 0.381380 0.722222 0.381901 0.719907 0.382682 0.714815 0.383464 0.711574 0.383464 0.710648 0.384766 0.706019 0.385807 0.702778 0.385807 0.701852 0.386589 0.699537 0.387370 0.695370 0.388411 0.691204 0.388932 0.689815 0.389453 0.686111 0.390234 0.682870 0.390234 0.681944 0.391536 0.677778 0.391797 0.676389 0.392578 0.674537 0.392578 0.673611 0.393620 0.670370 0.394401 0.666204 0.394401 0.664815 0.395443 0.659722 0.398047 0.650463 0.398047 0.649537 0.399349 0.644444 0.400130 0.643056 0.400391 0.641667 0.401823 0.639120 0.403385 0.637731 0.404687 0.637269 0.406510 0.637269 0.406771 0.636806 0.408073 0.636806 0.408333 0.636343 0.409635 0.636343 0.409896 0.635880 0.418490 0.635880 0.418750 0.635417 0.422135 0.635417 0.422396 0.635880 0.427604 0.635880 0.427865 0.635417 0.429688 0.635417 0.429948 0.634954 0.431250 0.634954 0.431510 0.634491 0.434115 0.634491 0.434375 0.634028 0.436979 0.634028 0.437240 0.633565 0.443229 0.633565 0.443490 0.633102 0.448437 0.633102 0.448698 0.632639 0.453646 0.632639 0.453906 0.632176 0.464844 0.632176 0.465104 0.631713 0.469792 0.631713 0.470052 0.631250 0.474740 0.631250 0.475000 0.630787 0.483073 0.630787 0.483333 0.630324 0.485156 0.630324 0.485417 0.629861 0.489844 0.629861 0.490104 0.629398 0.497917 0.629398 0.498177 0.628935 0.504167 0.628935 0.504427 0.628472 0.505990 0.628472 0.509115 0.630324 0.509766 0.631481 0.510807 0.634259 0.511068 0.637500 0.511328 0.637963 0.511328 0.640741 0.512370 0.644444 0.512370 0.645370 0.513411 0.650463 0.513932 0.651852 0.514453 0.655556 0.516016 0.661574 0.516536 0.662500 0.517057 0.664815 0.518099 0.667593 0.518880 0.672222 0.518880 0.673148 0.519661 0.675926 0.520964 0.682407 0.522005 0.685185 0.522526 0.688426 0.523568 0.691667 0.523568 0.693056 0.524089 0.694907 0.524609 0.699074 0.525651 0.702778 0.527214 0.705556 0.527995 0.708796 0.528255 0.711111 0.528255 0.722685 0.527995 0.723148 0.527995 0.726389 0.527734 0.726852 0.527734 0.729630 0.527474 0.730093 0.527474 0.735648 0.527214 0.736111 0.527214 0.741667 0.526953 0.742130 0.526953 0.744444 0.526693 0.746759 0.525911 0.750926 0.525130 0.752315 0.524870 0.753704 0.524870 0.756019 0.524609 0.756481 0.524609 0.766667 0.524349 0.767130 0.524349 0.775463 0.523828 0.777778 0.523568 0.780093 0.523568 0.783796 0.523307 0.784259 0.523307 0.793981 0.523047 0.794444 0.523047 0.799537 0.522786 0.800000 0.522786 0.803704 0.522526 0.804167 0.522526 0.808796 0.522266 0.809259 0.522266 0.815278 0.522005 0.815741 0.522005 0.818981 0.521745 0.819444 0.521745 0.821759 0.521484 0.823611 0.520964 0.825000 0.520182 0.830093 0.520182 0.832407 0.519922 0.834722 0.519401 0.837037 0.517969 0.839583 0.516667 0.840046 0.515365 0.840972 0.514062 0.841435 0.511198 0.841435 0.510938 0.841898 0.506771 0.841898 0.506510 0.842361
12 0.520312 0.870139 0.502344 0.870139 0.502083 0.869676 0.458854 0.869676 0.458594 0.869213 0.448437 0.869213 0.448177 0.868750 0.445833 0.868750 0.445573 0.869213 0.438542 0.869213 0.438281 0.868750 0.427865 0.868750 0.427604 0.869213 0.416667 0.869213 0.416406 0.868750 0.415104 0.868750 0.414844 0.869213 0.411719 0.869213 0.410938 0.868750 0.408073 0.865972 0.406641 0.862963 0.405599 0.859722 0.402734 0.853241 0.401432 0.850926 0.400391 0.847222 0.399609 0.845370 0.399089 0.842593 0.399349 0.840278 0.399349 0.835648 0.399609 0.834259 0.400781 0.831713 0.402214 0.834722 0.402734 0.838426 0.403516 0.841204 0.404427 0.842824 0.405729 0.843287 0.432812 0.843287 0.433073 0.842824 0.436719 0.842824 0.436979 0.843287 0.473438 0.843287 0.473698 0.842824 0.475260 0.842824 0.475521 0.843287 0.506771 0.843287 0.507031 0.843750 0.514062 0.843750 0.515625 0.842824 0.516667 0.842824 0.518490 0.841435 0.520443 0.837963 0.521224 0.834722 0.521224 0.833333 0.521745 0.831019 0.522005 0.828704 0.522005 0.824537 0.522266 0.824074 0.522266 0.814815 0.522526 0.814352 0.522526 0.804630 0.522786 0.804167 0.522786 0.796296 0.523047 0.795833 0.523047 0.791667 0.523307 0.791204 0.523307 0.788426 0.523568 0.787963 0.523568 0.784259 0.523828 0.783796 0.523828 0.780556 0.524089 0.780093 0.524089 0.777315 0.524349 0.776852 0.524349 0.773611 0.524609 0.773148 0.524609 0.769444 0.524870 0.768981 0.524870 0.765278 0.525130 0.764815 0.525130 0.760648 0.525391 0.760185 0.525391 0.755093 0.525651 0.754630 0.525651 0.752315 0.525911 0.751852 0.525911 0.749074 0.526172 0.748611 0.526172 0.745833 0.526432 0.745370 0.526432 0.738426 0.526693 0.737963 0.526693 0.735648 0.526953 0.735185 0.526953 0.732870 0.527214 0.732407 0.527214 0.728241 0.527474 0.727778 0.527474 0.724537 0.527995 0.721759 0.528255 0.717593 0.527995 0.717130 0.527995 0.714352 0.527734 0.713889 0.527734 0.711111 0.527474 0.710648 0.526953 0.706944 0.526172 0.705556 0.525911 0.703704 0.527344 0.702546 0.528906 0.702546 0.529427 0.703009 0.530859 0.705556 0.530859 0.706481 0.532682 0.712963 0.534766 0.722222 0.534766 0.723611 0.535286 0.725463 0.535547 0.727778 0.535547 0.731019 0.535807 0.731481 0.535807 0.734259 0.535547 0.734722 0.535547 0.740741 0.535286 0.741204 0.535286 0.745370 0.535026 0.745833 0.535026 0.752315 0.534766 0.752778 0.534766 0.757407 0.534505 0.757870 0.534505 0.762500 0.534245 0.762963 0.534245 0.767593 0.533984 0.768056 0.533984 0.781019 0.533724 0.781481 0.533724 0.789352 0.533464 0.789815 0.533464 0.793519 0.533203 0.793981 0.533203 0.798611 0.532943 0.799074 0.532943 0.804167 0.532682 0.804630 0.532682 0.808796 0.532422 0.809259 0.532422 0.814352 0.532161 0.814815 0.532161 0.818056 0.531901 0.818519 0.531901 0.821296 0.531641 0.821759 0.531641 0.824537 0.531380 0.825000 0.531380 0.827778 0.531120 0.828241 0.531120 0.837963 0.530859 0.838426 0.530859 0.841204 0.530599 0.841667 0.530599 0.844907 0.530339 0.845370 0.530339 0.849074 0.530078 0.849537 0.530078 0.852778 0.529818 0.853241 0.529818 0.856019 0.529297 0.859259 0.527995 0.863426 0.527083 0.864583 0.525781 0.866898 0.524479 0.868287 0.522135 0.869676 0.520573 0.869676 0.520312 0.870139
12 0.523958 0.662731 0.518750 0.662731 0.517708 0.662269 0.516276 0.659722 0.514974 0.656019 0.514453 0.652315 0.513932 0.650926 0.513672 0.648611 0.512370 0.643519 0.512109 0.641204 0.513021 0.638194 0.514062 0.637269 0.519010 0.637269 0.519271 0.636806 0.525000 0.636806 0.525260 0.636343 0.527604 0.636343 0.527865 0.635880 0.529427 0.635880 0.531771 0.634491 0.533203 0.631944 0.533984 0.628241 0.533984 0.625926 0.534245 0.625463 0.534245 0.621759 0.534505 0.621296 0.534505 0.613426 0.534766 0.612963 0.534766 0.607870 0.535026 0.607407 0.535026 0.599074 0.535286 0.598611 0.535286 0.592593 0.535547 0.592130 0.535547 0.588426 0.535807 0.587963 0.535807 0.584259 0.536068 0.583796 0.536068 0.578704 0.536328 0.578241 0.536328 0.573148 0.536589 0.572685 0.536589 0.569907 0.536849 0.569444 0.536849 0.566667 0.537109 0.566204 0.537109 0.560185 0.537370 0.559722 0.537370 0.546759 0.537109 0.546296 0.537500 0.543287 0.538802 0.542824 0.540365 0.542824 0.541016 0.544444 0.541536 0.547685 0.541797 0.551852 0.542057 0.552315 0.542057 0.555093 0.542318 0.555556 0.542318 0.559722 0.542578 0.562037 0.543099 0.564352 0.543359 0.566667 0.543359 0.579167 0.543099 0.579630 0.543099 0.583333 0.542839 0.583796 0.542839 0.587500 0.542578 0.587963 0.542578 0.592130 0.542318 0.592593 0.542318 0.602315 0.542057 0.602778 0.542057 0.608333 0.541797 0.608796 0.541797 0.612500 0.541536 0.612963 0.541536 0.618981 0.541276 0.619444 0.541276 0.624537 0.541016 0.625000 0.541016 0.632407 0.540755 0.632870 0.540755 0.637963 0.540495 0.638426 0.540495 0.643981 0.540234 0.644444 0.540234 0.649537 0.539714 0.651852 0.539714 0.653241 0.539193 0.655556 0.536719 0.659954 0.533594 0.661806 0.529427 0.661806 0.529167 0.662269 0.524219 0.662269 0.523958 0.662731
1 0.638021 0.501620 0.633333 0.501620 0.632292 0.501157 0.630469 0.499769 0.628516 0.496296 0.627734 0.493056 0.627474 0.491204 0.627474 0.488889 0.627214 0.488426 0.627214 0.482407 0.627474 0.480093 0.628255 0.477315 0.630469 0.474769 0.631771 0.474306 0.632552 0.473380 0.634115 0.472454 0.638802 0.472454 0.639062 0.472917 0.640365 0.472917 0.641406 0.473380 0.642708 0.474769 0.644401 0.478241 0.645443 0.482407 0.645443 0.491204 0.644661 0.495370 0.643229 0.497917 0.640625 0.499769 0.639844 0.500694 0.638021 0.501620
2 0.663021 0.494676 0.661719 0.494676 0.661458 0.494213 0.660156 0.494213 0.658333 0.493287 0.657552 0.492361 0.654557 0.487037 0.653516 0.482870 0.653516 0.480556 0.653255 0.480093 0.653255 0.468056 0.653516 0.467593 0.654557 0.462963 0.655469 0.461343 0.657031 0.459954 0.657552 0.459028 0.660677 0.457176 0.661979 0.456713 0.666406 0.456713 0.666667 0.457176 0.667969 0.457176 0.670052 0.458102 0.671354 0.459491 0.672526 0.461574 0.673568 0.465278 0.673828 0.468056 0.674089 0.468519 0.674089 0.481944 0.673307 0.485648 0.671094 0.489583 0.670833 0.489583 0.668750 0.492361 0.668229 0.492361 0.665885 0.494213 0.663281 0.494213 0.663021 0.494676
1 0.690104 0.514120 0.689063 0.513657 0.688151 0.512037 0.687370 0.509259 0.686849 0.505093 0.686849 0.499537 0.687109 0.499074 0.687109 0.495833 0.687891 0.491667 0.690365 0.488194 0.692187 0.486343 0.694792 0.485417 0.695052 0.484954 0.696354 0.484954 0.697656 0.484491 0.697917 0.484954 0.699479 0.484954 0.699740 0.485417 0.701042 0.485417 0.702083 0.486343 0.703906 0.487269 0.705208 0.488657 0.706380 0.490741 0.706901 0.492130 0.707682 0.495370 0.707682 0.500463 0.707422 0.502315 0.706510 0.503935 0.705208 0.504861 0.699740 0.504861 0.699479 0.505324 0.697917 0.505324 0.696875 0.505787 0.694010 0.508565 0.691667 0.512731 0.690104 0.514120
2 0.704427 0.545139 0.700000 0.545139 0.699740 0.544676 0.698438 0.544676 0.697396 0.544213 0.696094 0.542824 0.694792 0.540972 0.693490 0.540046 0.692578 0.538426 0.692318 0.537037 0.691536 0.535185 0.691536 0.534259 0.690755 0.531481 0.690755 0.527315 0.690495 0.526852 0.690495 0.522685 0.690755 0.522222 0.690755 0.518519 0.691016 0.518056 0.691016 0.515741 0.691797 0.511574 0.693490 0.508565 0.695052 0.507176 0.695573 0.506250 0.697396 0.504861 0.698698 0.504861 0.698958 0.504398 0.700521 0.504398 0.700781 0.503935 0.703646 0.503935 0.704948 0.503472 0.705990 0.504398 0.707812 0.504861 0.709635 0.506250 0.711979 0.509028 0.713151 0.511111 0.713151 0.512037 0.713932 0.515278 0.714193 0.517593 0.714193 0.521296 0.714453 0.521759 0.714453 0.525926 0.714193 0.526389 0.714193 0.529167 0.713932 0.531481 0.713151 0.534722 0.711719 0.537731 0.711458 0.537731 0.710156 0.540046 0.708073 0.542361 0.707552 0.542361 0.706510 0.543750 0.704427 0.545139
3 0.615104 0.672454 0.609115 0.672454 0.608073 0.671991 0.606380 0.668981 0.605078 0.664815 0.604557 0.662037 0.604557 0.659722 0.604036 0.657407 0.603776 0.653241 0.603516 0.652778 0.602995 0.648148 0.602995 0.645833 0.602734 0.645370 0.602734 0.642593 0.602214 0.638426 0.601693 0.636574 0.601432 0.633333 0.600911 0.631481 0.600911 0.630093 0.600391 0.627778 0.600391 0.625463 0.600130 0.625000 0.600130 0.622222 0.599870 0.621759 0.599870 0.618981 0.599609 0.618519 0.599609 0.615741 0.599349 0.615278 0.599349 0.612037 0.599089 0.611574 0.599089 0.608796 0.598568 0.606481 0.597526 0.598611 0.597526 0.596296 0.597266 0.595833 0.597266 0.593519 0.597005 0.593056 0.597005 0.590278 0.596484 0.587500 0.596484 0.584722 0.595964 0.582407 0.595964 0.580556 0.595443 0.578241 0.595443 0.575926 0.595182 0.575463 0.595182 0.573148 0.594922 0.572685 0.594922 0.567130 0.594661 0.566667 0.594661 0.556019 0.594401 0.555556 0.594401 0.552315 0.594141 0.551852 0.594141 0.530093 0.593880 0.529630 0.593880 0.520370 0.593620 0.519907 0.593620 0.510185 0.593359 0.509722 0.593359 0.500926 0.593099 0.500463 0.593099 0.489352 0.593880 0.485648 0.594531 0.484491 0.596615 0.483102 0.597917 0.483102 0.598177 0.482639 0.599479 0.482639 0.601042 0.481713 0.602344 0.481713 0.602604 0.481250 0.604948 0.481250 0.605208 0.480787 0.608073 0.480787 0.608333 0.480324 0.610938 0.480324 0.611198 0.479861 0.612760 0.479861 0.613021 0.479398 0.614583 0.479398 0.614844 0.478935 0.616146 0.478935 0.616406 0.478472 0.617708 0.478472 0.617969 0.478009 0.619792 0.478009 0.620052 0.477546 0.621875 0.477546 0.622135 0.477083 0.623698 0.477083 0.625781 0.478472 0.626693 0.481481 0.626693 0.488426 0.626953 0.490741 0.628255 0.496759 0.628776 0.498148 0.629948 0.500231 0.630990 0.501157 0.633333 0.501620 0.633594 0.502083 0.638021 0.502083 0.642448 0.499306 0.644141 0.496759 0.644922 0.494444 0.645443 0.490741 0.645703 0.490278 0.645703 0.482870 0.645443 0.482407 0.645443 0.480093 0.644661 0.475926 0.645573 0.474306 0.647396 0.473843 0.648698 0.472917 0.651042 0.472917 0.652214 0.475000 0.652474 0.476389 0.652474 0.478704 0.652734 0.479167 0.652734 0.481944 0.653516 0.485185 0.654818 0.489815 0.657031 0.493750 0.659896 0.496528 0.660417 0.496528 0.661979 0.497917 0.663281 0.497917 0.663542 0.498380 0.666667 0.498380 0.666927 0.497917 0.669271 0.496528 0.670443 0.494907 0.671484 0.492130 0.672005 0.489815 0.673307 0.486574 0.674349 0.481944 0.674870 0.477315 0.674870 0.470833 0.674609 0.469444 0.675130 0.468056 0.676562 0.466898 0.677604 0.466435 0.678906 0.466435 0.680469 0.465509 0.682031 0.465509 0.682292 0.465046 0.684375 0.465046 0.684635 0.464583 0.686719 0.464583 0.686979 0.464120 0.688542 0.464120 0.688802 0.463657 0.691406 0.463657 0.691667 0.463194 0.693229 0.463194 0.694531 0.462269 0.695833 0.461806 0.697135 0.461806 0.697396 0.461343 0.698698 0.461343 0.698958 0.460880 0.705208 0.460880 0.705469 0.461343 0.707031 0.461806 0.708594 0.463194 0.710026 0.466204 0.710807 0.470370 0.711068 0.474537 0.712109 0.478241 0.713932 0.488426 0.713932 0.489815 0.714974 0.495833 0.714714 0.499537 0.714193 0.501389 0.713021 0.503009 0.711979 0.503009 0.710938 0.502083 0.710156 0.502083 0.708464 0.499537 0.708203 0.497222 0.707682 0.494907 0.706641 0.492130 0.705599 0.488426 0.703125 0.484954 0.702865 0.484954 0.700651 0.481019 0.700651 0.480556 0.698828 0.477315 0.698828 0.476852 0.697656 0.475231 0.696615 0.474306 0.694531 0.473843 0.694271 0.473380 0.692187 0.473380 0.690625 0.474306 0.689583 0.474306 0.687500 0.476157 0.685286 0.481019 0.685286 0.483333 0.687109 0.487963 0.687109 0.491667 0.686849 0.492130 0.686849 0.496759 0.686589 0.497222 0.686589 0.499537 0.686328 0.500000 0.686328 0.505556 0.686849 0.509259 0.687630 0.512500 0.688411 0.514815 0.689193 0.516204 0.689714 0.518519 0.689714 0.521296 0.689974 0.521759 0.689974 0.525463 0.690234 0.525926 0.690234 0.528241 0.691016 0.532407 0.692057 0.535648 0.692578 0.537963 0.693750 0.540046 0.694792 0.540509 0.697917 0.543287 0.700260 0.544213 0.702083 0.544213 0.702344 0.543750 0.704688 0.543750 0.705990 0.543287 0.708854 0.541435 0.713151 0.533796 0.714193 0.530093 0.714714 0.525463 0.714714 0.514352 0.714974 0.512037 0.715885 0.510417 0.717318 0.512037 0.718359 0.515741 0.718880 0.519444 0.719661 0.522222 0.721224 0.525463 0.721484 0.526852 0.721484 0.529167 0.721745 0.531481 0.722266 0.532870 0.723307 0.537963 0.723307 0.539815 0.723828 0.543056 0.724870 0.546759 0.725651 0.550926 0.725651 0.557407 0.725911 0.557870 0.725651 0.559722 0.725651 0.563889 0.725391 0.564352 0.725391 0.568981 0.725130 0.569444 0.725130 0.582870 0.724870 0.583333 0.724870 0.590278 0.724609 0.590741 0.724609 0.597685 0.724349 0.598148 0.724349 0.618519 0.724089 0.618981 0.724089 0.625000 0.723828 0.625463 0.723828 0.630556 0.723568 0.631019 0.723568 0.637500 0.723307 0.637963 0.723307 0.646296 0.723047 0.646759 0.723047 0.650926 0.722786 0.651389 0.722786 0.653704 0.722526 0.654167 0.722266 0.656944 0.720833 0.659954 0.719792 0.660880 0.716667 0.661806 0.716406 0.662269 0.711979 0.662269 0.711719 0.662731 0.708333 0.662731 0.708073 0.663194 0.705469 0.663194 0.705208 0.663657 0.701823 0.663657 0.701562 0.664120 0.698698 0.664120 0.698438 0.664583 0.695833 0.664583 0.695573 0.665046 0.689583 0.665046 0.689323 0.665509 0.683594 0.665509 0.683333 0.665972 0.680208 0.665972 0.679948 0.666435 0.677865 0.666435 0.677604 0.666898 0.673698 0.666898 0.672396 0.667361 0.672135 0.666898 0.669010 0.666898 0.668750 0.667361 0.664062 0.667361 0.663802 0.667824 0.660417 0.667824 0.660156 0.668287 0.656771 0.668287 0.656510 0.668750 0.650521 0.668750 0.650260 0.669213 0.648438 0.669213 0.648177 0.669676 0.639323 0.669676 0.639062 0.670139 0.633073 0.670139 0.632812 0.670602 0.629948 0.670602 0.629687 0.671065 0.624740 0.671065 0.624479 0.671528 0.619010 0.671528 0.618750 0.671991 0.615365 0.671991 0.615104 0.672454
2 0.576823 0.439120 0.574479 0.439120 0.574219 0.438657 0.572656 0.438657 0.571094 0.437269 0.569531 0.434954 0.569271 0.434954 0.567708 0.432639 0.566406 0.432639 0.564844 0.431713 0.563281 0.431713 0.561979 0.432176 0.560156 0.433565 0.559635 0.434491 0.557813 0.435880 0.556510 0.436343 0.552083 0.436343 0.550391 0.434722 0.549609 0.432870 0.549609 0.431481 0.549089 0.429630 0.549089 0.417130 0.548828 0.416667 0.548828 0.412963 0.549479 0.411343 0.552083 0.409028 0.553646 0.409028 0.553906 0.409491 0.555729 0.409954 0.556510 0.410880 0.557552 0.411343 0.558854 0.411343 0.559115 0.411806 0.560417 0.411806 0.560677 0.411343 0.563281 0.409954 0.565104 0.409954 0.565365 0.409491 0.568229 0.409491 0.569531 0.409028 0.570833 0.408102 0.573177 0.407639 0.574479 0.406713 0.576042 0.406713 0.578906 0.405324 0.583333 0.405324 0.584896 0.406713 0.586719 0.407639 0.589063 0.407639 0.592448 0.406250 0.593229 0.405324 0.595573 0.403472 0.597917 0.403472 0.598177 0.403935 0.600260 0.403472 0.602344 0.401620 0.605208 0.400694 0.606510 0.399769 0.610677 0.399769 0.610938 0.399306 0.612500 0.399306 0.613802 0.398380 0.615104 0.398380 0.615365 0.397917 0.618750 0.397917 0.619010 0.397454 0.620573 0.397454 0.620833 0.396991 0.622396 0.396991 0.622656 0.396528 0.624740 0.396528 0.625000 0.396065 0.626823 0.396065 0.627083 0.395602 0.629427 0.395602 0.629687 0.395139 0.631250 0.395139 0.632292 0.396065 0.633464 0.398148 0.633464 0.400463 0.632682 0.403241 0.632682 0.406944 0.633464 0.408796 0.633724 0.410185 0.634505 0.411574 0.634505 0.413889 0.633333 0.415509 0.631250 0.416898 0.628646 0.416898 0.628385 0.416435 0.626563 0.416435 0.624740 0.417824 0.623568 0.419907 0.622656 0.421991 0.621875 0.422454 0.618229 0.422454 0.616927 0.421528 0.615625 0.421065 0.614453 0.423611 0.614453 0.425000 0.613672 0.428241 0.612500 0.429861 0.609896 0.431713 0.609115 0.431713 0.608073 0.432639 0.602865 0.432639 0.600260 0.431250 0.599219 0.430324 0.594792 0.430324 0.593490 0.431250 0.592187 0.431713 0.589323 0.431713 0.589063 0.431250 0.587240 0.431250 0.584896 0.432176 0.583073 0.434028 0.582031 0.435880 0.580469 0.437269 0.578906 0.438194 0.577083 0.438657 0.576823 0.439120
1 0.588802 0.409954 0.586198 0.409954 0.585938 0.409491 0.584375 0.409028 0.583464 0.406019 0.583464 0.400000 0.583984 0.398148 0.584896 0.396528 0.586458 0.394676 0.588021 0.393287 0.589063 0.392824 0.590365 0.392824 0.590625 0.392361 0.595833 0.392361 0.597135 0.393750 0.598047 0.395833 0.598568 0.398611 0.598568 0.401389 0.598307 0.401852 0.598307 0.404167 0.597786 0.406019 0.596354 0.407639 0.595573 0.408102 0.594010 0.408102 0.593750 0.408565 0.591927 0.408565 0.591667 0.409028 0.590365 0.409028 0.588802 0.409954
11 0.563281 0.546991 0.560417 0.546991 0.558594 0.545602 0.558203 0.544907 0.557422 0.541667 0.557161 0.538426 0.556901 0.537963 0.556901 0.535648 0.556641 0.533333 0.555859 0.529630 0.555859 0.527778 0.555078 0.523611 0.554818 0.520370 0.554036 0.516667 0.553776 0.512963 0.552995 0.509722 0.552734 0.506019 0.551953 0.502778 0.550651 0.495370 0.550130 0.490278 0.549609 0.487500 0.549609 0.485648 0.549089 0.483333 0.549089 0.481481 0.548568 0.478704 0.548047 0.477315 0.547526 0.474074 0.546354 0.471991 0.543229 0.469676 0.542188 0.469213 0.540755 0.467593 0.540234 0.463426 0.540234 0.450463 0.540495 0.450000 0.540495 0.439815 0.540755 0.439352 0.540755 0.436574 0.541016 0.436111 0.541016 0.433796 0.541536 0.431944 0.542057 0.425926 0.542839 0.423611 0.544010 0.421528 0.544531 0.421065 0.546875 0.421065 0.548307 0.423148 0.548828 0.425463 0.548828 0.427778 0.549089 0.428241 0.549089 0.432407 0.550000 0.434491 0.551562 0.435880 0.552604 0.436343 0.554688 0.436343 0.554948 0.435880 0.556510 0.435880 0.557292 0.435417 0.558724 0.432870 0.558724 0.430093 0.558984 0.429630 0.558984 0.420833 0.559245 0.418519 0.559896 0.416435 0.560937 0.415509 0.561458 0.415972 0.562109 0.418056 0.562370 0.420370 0.563542 0.422917 0.564844 0.423843 0.566146 0.423843 0.566927 0.424306 0.567839 0.425926 0.568880 0.428704 0.569922 0.432870 0.571094 0.435417 0.572656 0.437269 0.573958 0.437731 0.576823 0.437731 0.577604 0.437269 0.579036 0.434722 0.579818 0.431019 0.580990 0.428935 0.582292 0.428009 0.583854 0.426157 0.584896 0.425694 0.586328 0.423611 0.587109 0.420833 0.586589 0.418981 0.585677 0.417824 0.583594 0.416898 0.583333 0.416435 0.579948 0.416435 0.578125 0.414583 0.577474 0.413426 0.577214 0.412037 0.578646 0.409491 0.579427 0.408565 0.580469 0.408102 0.581510 0.409028 0.583333 0.409491 0.585156 0.410880 0.586458 0.411343 0.591927 0.411343 0.592448 0.411806 0.593620 0.413889 0.593880 0.415741 0.594531 0.416898 0.595313 0.417361 0.598177 0.417361 0.598437 0.416898 0.600000 0.417361 0.601042 0.418287 0.601953 0.420370 0.601693 0.423148 0.601432 0.423611 0.601562 0.426157 0.602865 0.428009 0.607552 0.428009 0.608464 0.425926 0.607943 0.422685 0.607943 0.418519 0.608724 0.415278 0.608724 0.409259 0.608464 0.408796 0.608464 0.406481 0.608203 0.406019 0.608203 0.400000 0.609375 0.397917 0.611198 0.397454 0.611458 0.396991 0.613281 0.396991 0.613542 0.396528 0.615365 0.396528 0.615625 0.396065 0.618229 0.396065 0.618490 0.395602 0.620052 0.395602 0.620313 0.395139 0.621615 0.395139 0.623177 0.394213 0.625781 0.394213 0.626042 0.393750 0.628385 0.393750 0.629948 0.392824 0.632812 0.392824 0.633073 0.392361 0.634896 0.392824 0.636198 0.395602 0.638281 0.397454 0.639583 0.397917 0.641146 0.397917 0.642188 0.398380 0.643620 0.401389 0.645182 0.407870 0.645182 0.409722 0.645964 0.413889 0.646224 0.418056 0.646745 0.420370 0.647005 0.422685 0.647005 0.425463 0.647266 0.425926 0.647266 0.428241 0.647526 0.428704 0.647526 0.431019 0.647786 0.431481 0.647786 0.433796 0.648047 0.434259 0.648047 0.441667 0.647786 0.443519 0.647005 0.446759 0.645833 0.448843 0.642969 0.451157 0.642188 0.452083 0.641276 0.455093 0.641276 0.459259 0.641016 0.459722 0.641016 0.468056 0.640104 0.470139 0.639062 0.471065 0.630208 0.471065 0.629948 0.471528 0.627344 0.472917 0.626042 0.472917 0.623698 0.471528 0.621875 0.471528 0.621615 0.471991 0.620313 0.471991 0.620052 0.472454 0.616667 0.472454 0.616406 0.471991 0.613542 0.471991 0.612240 0.472917 0.610677 0.472917 0.609115 0.471065 0.608333 0.469676 0.607292 0.469213 0.605208 0.471528 0.602865 0.471991 0.601823 0.472917 0.600391 0.475926 0.599609 0.479167 0.598177 0.481713 0.596615 0.482639 0.594531 0.483102 0.593359 0.484722 0.592839 0.487037 0.592839 0.491667 0.592578 0.492130 0.592578 0.501852 0.592839 0.502315 0.592839 0.504630 0.592578 0.505093 0.592578 0.515278 0.592839 0.515741 0.592839 0.520370 0.593099 0.520833 0.593099 0.528704 0.593359 0.529167 0.593359 0.538889 0.592448 0.540509 0.591406 0.541435 0.589844 0.541435 0.589583 0.541898 0.587500 0.541898 0.587240 0.542361 0.585677 0.542361 0.585417 0.542824 0.583854 0.542824 0.583594 0.543287 0.581510 0.543287 0.581250 0.543750 0.577865 0.543750 0.577604 0.544213 0.572396 0.544213 0.572135 0.544676 0.570833 0.544676 0.567969 0.546065 0.566146 0.546065 0.565885 0.546528 0.563542 0.546528 0.563281 0.546991
13 0.000000 0.259954 0.001302 0.259954 0.002865 0.258565 0.004687 0.256250 0.007031 0.254398 0.008854 0.251620 0.009896 0.250694 0.011198 0.250231 0.012500 0.249306 0.014844 0.246991 0.016406 0.244676 0.017708 0.243750 0.019531 0.241898 0.020833 0.240972 0.022917 0.238194 0.024479 0.236806 0.026302 0.235880 0.028906 0.234954 0.030078 0.232870 0.030078 0.232407 0.031250 0.230324 0.033073 0.228472 0.035156 0.227083 0.040104 0.221991 0.041667 0.221065 0.043750 0.219213 0.044271 0.218287 0.045573 0.217361 0.047396 0.216898 0.050260 0.214583 0.051562 0.212269 0.051823 0.212269 0.055208 0.209491 0.058073 0.205324 0.060156 0.203009 0.060677 0.203009 0.061719 0.201620 0.063281 0.200231 0.064062 0.198843 0.066406 0.196528 0.067708 0.196065 0.068750 0.195139 0.069531 0.195139 0.070833 0.194213 0.071354 0.193287 0.074219 0.190972 0.075260 0.189583 0.076302 0.189120 0.077865 0.189120 0.078125 0.189583 0.080208 0.189583 0.082552 0.188194 0.083333 0.187269 0.084375 0.186806 0.085938 0.186806 0.087240 0.185880 0.088021 0.184491 0.090104 0.183565 0.091146 0.182639 0.092448 0.182639 0.093750 0.182176 0.096094 0.180787 0.098698 0.180787 0.098958 0.180324 0.100521 0.179861 0.101823 0.177546 0.103646 0.175694 0.107552 0.173843 0.109635 0.173380 0.111458 0.171991 0.113542 0.171528 0.114583 0.170602 0.115365 0.170602 0.116927 0.169213 0.118490 0.168287 0.119531 0.168287 0.122396 0.166898 0.124219 0.166898 0.124479 0.166435 0.126302 0.166435 0.126562 0.165972 0.128385 0.165972 0.128646 0.165509 0.129948 0.165509 0.131250 0.164583 0.132552 0.164120 0.133594 0.163194 0.134896 0.162731 0.135677 0.161806 0.139063 0.160417 0.140885 0.160417 0.142448 0.159491 0.143490 0.159491 0.147656 0.156250 0.148438 0.156250 0.149479 0.155324 0.150781 0.154861 0.153125 0.153472 0.154427 0.153009 0.156250 0.153009 0.156510 0.152546 0.158073 0.152546 0.158333 0.152083 0.160677 0.152083 0.160938 0.151620 0.162760 0.151620 0.163802 0.151157 0.167448 0.147917 0.170833 0.146991 0.171875 0.146065 0.173698 0.145602 0.173958 0.145139 0.175521 0.145139 0.175781 0.144676 0.177344 0.144676 0.177604 0.144213 0.179167 0.144213 0.180208 0.143750 0.180990 0.142824 0.182812 0.141898 0.183594 0.141898 0.184896 0.140972 0.185938 0.140972 0.189323 0.139120 0.193750 0.139120 0.194010 0.138657 0.195833 0.138194 0.197656 0.136806 0.199740 0.136343 0.200000 0.135880 0.204687 0.135880 0.205859 0.137963 0.205859 0.138426 0.207422 0.141204 0.207422 0.141667 0.209245 0.144907 0.210286 0.148611 0.210547 0.151389 0.211068 0.154167 0.212370 0.156944 0.212891 0.158796 0.213672 0.160185 0.214453 0.162500 0.215625 0.164583 0.215885 0.164583 0.217318 0.167130 0.217839 0.168519 0.219401 0.175000 0.220182 0.176389 0.220443 0.177778 0.221224 0.179167 0.221484 0.180556 0.223047 0.184259 0.223828 0.187037 0.224609 0.188426 0.225391 0.190741 0.225391 0.191667 0.226172 0.194444 0.226693 0.195370 0.227474 0.198611 0.229297 0.201852 0.230078 0.203704 0.230859 0.206944 0.232943 0.211111 0.233724 0.213889 0.235807 0.218981 0.236328 0.221296 0.237370 0.223611 0.237891 0.225926 0.239714 0.231481 0.240495 0.232870 0.242578 0.240278 0.242839 0.241667 0.244661 0.244907 0.245703 0.248611 0.246745 0.251389 0.248568 0.255093 0.248828 0.256481 0.249609 0.258333 0.250130 0.261574 0.251172 0.264815 0.252474 0.267130 0.253255 0.270370 0.254036 0.272685 0.255859 0.275926 0.255859 0.276389 0.257161 0.279167 0.257943 0.282870 0.258984 0.286111 0.260547 0.288889 0.261068 0.290741 0.262109 0.293056 0.262630 0.295370 0.263932 0.298148 0.265495 0.303704 0.266536 0.306481 0.268359 0.310185 0.268880 0.312037 0.269922 0.314352 0.270443 0.316667 0.272005 0.320370 0.272266 0.321759 0.273307 0.325000 0.275130 0.329167 0.276172 0.331944 0.278255 0.338889 0.279818 0.341667 0.280078 0.343056 0.281641 0.347685 0.283203 0.350926 0.283203 0.351389 0.285026 0.355556 0.286589 0.360648 0.287891 0.363426 0.288672 0.366667 0.290234 0.372222 0.292318 0.376852 0.293880 0.382870 0.295182 0.386111 0.296224 0.390278 0.297266 0.393056 0.299349 0.397222 0.300391 0.401852 0.301172 0.404167 0.302474 0.406944 0.302474 0.407407 0.303776 0.410185 0.304557 0.412500 0.305599 0.416667 0.306901 0.419444 0.307161 0.420833 0.308724 0.424537 0.309766 0.427778 0.311328 0.430556 0.311849 0.431944 0.312891 0.436111 0.312891 0.437037 0.313932 0.440741 0.314974 0.442593 0.315755 0.444907 0.318880 0.451852 0.320182 0.457407 0.321745 0.462500 0.323828 0.467593 0.324609 0.470370 0.326693 0.474074 0.327734 0.476852 0.328255 0.479630 0.329036 0.481944 0.329557 0.484259 0.331641 0.487963 0.332422 0.491204 0.333203 0.493519 0.334245 0.495833 0.334505 0.497222 0.336068 0.501389 0.336328 0.503241 0.337370 0.506481 0.338672 0.508796 0.339453 0.511574 0.339453 0.512500 0.340755 0.516667 0.341797 0.518519 0.343359 0.522685 0.343359 0.525000 0.341276 0.530093 0.341276 0.530556 0.339714 0.533333 0.339714 0.533796 0.338411 0.536111 0.338411 0.536574 0.335938 0.540972 0.332031 0.544676 0.330469 0.547917 0.330208 0.547917 0.329036 0.550000 0.329036 0.550463 0.326562 0.554861 0.323698 0.557176 0.321615 0.560417 0.320703 0.561574 0.320182 0.563426 0.318750 0.566898 0.317708 0.567824 0.315625 0.568750 0.314323 0.570139 0.313151 0.572685 0.312370 0.575000 0.311068 0.579630 0.310417 0.581250 0.309375 0.582176 0.308073 0.582639 0.307031 0.583565 0.305208 0.584028 0.303906 0.584954 0.303125 0.586343 0.302083 0.587269 0.299219 0.587269 0.299089 0.587500 0.299089 0.592593 0.297526 0.596296 0.294922 0.606019 0.294010 0.607639 0.292448 0.609491 0.289583 0.611806 0.288802 0.612731 0.287240 0.615972 0.286198 0.616898 0.285156 0.616898 0.284245 0.618519 0.283984 0.620833 0.282422 0.623611 0.281380 0.626852 0.281120 0.629630 0.280599 0.631944 0.280599 0.637500 0.281380 0.641667 0.282682 0.646296 0.284245 0.650926 0.285938 0.653935 0.286979 0.654861 0.288151 0.656944 0.289193 0.659722 0.289714 0.662500 0.290234 0.663889 0.290755 0.666667 0.294661 0.673611 0.295443 0.675926 0.295443 0.679167 0.294661 0.682407 0.294661 0.683333 0.293880 0.686574 0.293620 0.688426 0.293620 0.690741 0.293359 0.691204 0.293359 0.694444 0.292708 0.696528 0.291406 0.697454 0.290495 0.699074 0.290234 0.700463 0.290234 0.702778 0.289974 0.703241 0.289974 0.705556 0.289714 0.706019 0.289453 0.709722 0.288411 0.713426 0.287370 0.715278 0.286328 0.718519 0.286068 0.721759 0.285547 0.723611 0.284635 0.724769 0.283464 0.726852 0.283464 0.731019 0.283203 0.731481 0.283464 0.735648 0.283984 0.737963 0.283984 0.740278 0.283724 0.741204 0.282552 0.743287 0.279687 0.743287 0.278516 0.745833 0.278516 0.747222 0.279818 0.749537 0.280339 0.750926 0.280339 0.754630 0.279818 0.756481 0.278646 0.758565 0.277865 0.758565 0.277214 0.759722 0.276432 0.763426 0.273958 0.767824 0.272917 0.769213 0.272135 0.769676 0.270703 0.773148 0.270703 0.775926 0.271875 0.778472 0.273177 0.779398 0.274479 0.781250 0.275260 0.780787 0.275911 0.779630 0.276693 0.774074 0.277214 0.771759 0.278646 0.769676 0.279818 0.772222 0.279818 0.781944 0.279036 0.786111 0.279036 0.788426 0.278776 0.790741 0.277734 0.792593 0.276172 0.798611 0.276172 0.800000 0.275521 0.801620 0.274219 0.802083 0.272526 0.800926 0.272526 0.786574 0.271875 0.784491 0.270833 0.784954 0.270182 0.787037 0.270182 0.795833 0.269922 0.796296 0.269661 0.799074 0.268490 0.801157 0.267188 0.801620 0.266146 0.800694 0.264323 0.797917 0.264062 0.797917 0.262891 0.800000 0.262630 0.802778 0.264583 0.804398 0.265495 0.806481 0.265495 0.809722 0.264193 0.813889 0.263151 0.815741 0.262891 0.818519 0.261979 0.820602 0.261198 0.821065 0.258854 0.821065 0.257292 0.820139 0.256250 0.820139 0.255078 0.821759 0.254557 0.823611 0.254297 0.825926 0.253516 0.827778 0.252734 0.830556 0.252734 0.833796 0.252995 0.835648 0.254818 0.837500 0.254557 0.838889 0.254557 0.845370 0.254297 0.845833 0.254036 0.849074 0.252995 0.853704 0.251823 0.855324 0.250911 0.857407 0.250911 0.866667 0.250651 0.867130 0.250651 0.869907 0.250391 0.870370 0.250391 0.879630 0.249870 0.882407 0.249870 0.884259 0.248828 0.887037 0.248568 0.888889 0.248568 0.891204 0.247786 0.895370 0.247526 0.898611 0.245443 0.901389 0.244922 0.903241 0.244401 0.906944 0.243490 0.909491 0.241146 0.909491 0.240495 0.910185 0.240495 0.912037 0.239974 0.913889 0.239974 0.918981 0.239714 0.920833 0.238672 0.918981 0.238672 0.917593 0.238021 0.915972 0.236458 0.915509 0.235547 0.917130 0.235026 0.918981 0.235026 0.923611 0.234766 0.924074 0.234766 0.926389 0.235026 0.928241 0.236068 0.931481 0.236068 0.935185 0.235026 0.938889 0.235026 0.939815 0.234245 0.940741 0.233203 0.943519 0.232943 0.945370 0.232943 0.947685 0.232161 0.951389 0.232161 0.953704 0.231901 0.955093 0.231250 0.955787 0.229818 0.958333 0.229036 0.962500 0.228255 0.964352 0.227995 0.965741 0.226823 0.967824 0.226562 0.967824 0.224609 0.971296 0.223958 0.973380 0.222917 0.972454 0.219531 0.971528 0.218229 0.970602 0.217188 0.969213 0.216146 0.969676 0.215234 0.972222 0.214974 0.973611 0.213932 0.975926 0.213411 0.978241 0.212760 0.979398 0.210938 0.980787 0.210156 0.980787 0.208333 0.981713 0.207161 0.983333 0.206380 0.986574 0.206380 0.988426 0.205469 0.990046 0.204427 0.990046 0.203776 0.988426 0.203776 0.986111 0.204036 0.985648 0.204036 0.981019 0.202995 0.977315 0.202083 0.975694 0.201042 0.974769 0.199740 0.974769 0.198437 0.975694 0.196875 0.975694 0.195312 0.973843 0.194010 0.972917 0.193229 0.972917 0.191667 0.971528 0.191146 0.971528 0.189844 0.970139 0.188802 0.969676 0.187500 0.970139 0.185677 0.970139 0.185417 0.969676 0.183594 0.969676 0.183333 0.969213 0.181771 0.968750 0.180859 0.967593 0.182161 0.964815 0.182422 0.962963 0.182161 0.960185 0.180990 0.958565 0.179297 0.955556 0.179297 0.953704 0.179688 0.953009 0.181250 0.951620 0.182292 0.951620 0.184115 0.950231 0.184766 0.949074 0.183073 0.947454 0.181510 0.946528 0.179167 0.946528 0.177865 0.946065 0.176042 0.944213 0.175391 0.942593 0.173698 0.939583 0.172917 0.939583 0.171745 0.941667 0.171224 0.943519 0.170313 0.945139 0.169010 0.945139 0.168750 0.944676 0.166406 0.942824 0.165365 0.942824 0.163021 0.944213 0.161198 0.944213 0.160938 0.943750 0.158854 0.942824 0.157292 0.942824 0.155208 0.944676 0.153125 0.944676 0.152344 0.943750 0.150781 0.942824 0.144010 0.942824 0.143750 0.942361 0.141927 0.942361 0.139583 0.944213 0.137500 0.944213 0.135677 0.942824 0.134375 0.942361 0.130469 0.942361 0.130208 0.941898 0.127865 0.941898 0.127604 0.941435 0.122917 0.941435 0.122005 0.939815 0.123177 0.938657 0.127083 0.938657 0.128906 0.937269 0.130208 0.935417 0.130990 0.935417 0.131771 0.936806 0.132812 0.937731 0.134635 0.938194 0.136198 0.936806 0.137370 0.934722 0.136458 0.933102 0.135156 0.932176 0.133854 0.932176 0.130990 0.934491 0.129948 0.934491 0.127865 0.932639 0.125000 0.932639 0.124740 0.933102 0.122396 0.933102 0.121094 0.932176 0.119792 0.931713 0.118490 0.931713 0.116146 0.933102 0.115625 0.934028 0.114583 0.934491 0.112240 0.932639 0.110937 0.932639 0.110026 0.934259 0.110026 0.937037 0.110286 0.937500 0.110286 0.940741 0.110026 0.941667 0.107813 0.945139 0.106510 0.945139 0.105208 0.943750 0.104427 0.942361 0.102865 0.940972 0.102083 0.941898 0.100781 0.942361 0.099479 0.942361 0.098047 0.940278 0.097266 0.936574 0.097266 0.935648 0.096615 0.934028 0.095573 0.933565 0.094661 0.934722 0.094401 0.937037 0.093880 0.938426 0.093620 0.940278 0.091927 0.944213 0.091146 0.944676 0.090625 0.943750 0.088542 0.941898 0.087240 0.940046 0.085677 0.940046 0.085417 0.939583 0.083073 0.939583 0.081510 0.938657 0.077344 0.938657 0.077083 0.939120 0.073958 0.939120 0.073698 0.938657 0.071354 0.938657 0.071094 0.939120 0.069531 0.939120 0.069271 0.939583 0.067448 0.939583 0.067187 0.939120 0.065625 0.939120 0.065365 0.938657 0.063802 0.938657 0.062500 0.939583 0.061198 0.940046 0.056510 0.940046 0.054948 0.940972 0.053646 0.940972 0.053385 0.941435 0.048698 0.941435 0.047135 0.943287 0.045312 0.946528 0.044010 0.946528 0.042188 0.945139 0.039583 0.945139 0.039323 0.945602 0.035677 0.945602 0.035417 0.946065 0.033594 0.946065 0.030729 0.943750 0.028385 0.942824 0.027083 0.941898 0.024219 0.937731 0.022917 0.936343 0.021094 0.934954 0.020052 0.933102 0.017708 0.930787 0.017188 0.930787 0.015625 0.928935 0.013672 0.925463 0.013021 0.923843 0.011198 0.922454 0.010156 0.922454 0.008854 0.921528 0.007292 0.918750 0.005208 0.916898 0.003125 0.915972 0.002344 0.915046 0.001302 0.914583 0.000000 0.914583
7 0.999740 0.193287 0.998437 0.193287 0.997786 0.195370 0.997266 0.198148 0.996484 0.200463 0.994792 0.203472 0.993229 0.205324 0.989844 0.208102 0.988542 0.208102 0.988281 0.208565 0.986458 0.208565 0.986198 0.209028 0.984635 0.209028 0.984375 0.209491 0.982552 0.209491 0.982292 0.209954 0.953385 0.209954 0.953125 0.210417 0.936719 0.210417 0.936458 0.210880 0.929427 0.210880 0.929167 0.211343 0.919792 0.211343 0.919531 0.211806 0.911979 0.211806 0.910937 0.212269 0.910677 0.211806 0.901302 0.211806 0.901042 0.212269 0.889062 0.212269 0.888802 0.212731 0.883073 0.212731 0.882812 0.213194 0.874479 0.213194 0.874219 0.213657 0.869271 0.213657 0.869010 0.214120 0.852344 0.214120 0.852083 0.214583 0.848177 0.214583 0.847917 0.214120 0.846094 0.214120 0.845052 0.213657 0.843229 0.212269 0.841797 0.209722 0.840755 0.205556 0.840755 0.203241 0.841276 0.200926 0.841276 0.198611 0.841797 0.196296 0.842057 0.192130 0.842318 0.191667 0.842318 0.187963 0.842578 0.187500 0.842578 0.183333 0.842839 0.181019 0.843359 0.178704 0.843880 0.172222 0.844141 0.171759 0.844661 0.167593 0.845443 0.163889 0.845443 0.162037 0.845964 0.159722 0.846224 0.157407 0.846224 0.155093 0.846745 0.151389 0.847266 0.149074 0.847266 0.146759 0.847526 0.146296 0.847526 0.143981 0.847786 0.143519 0.848568 0.137500 0.849089 0.136111 0.849349 0.134259 0.849349 0.130556 0.849609 0.130093 0.849609 0.127315 0.850130 0.124537 0.850130 0.121296 0.850391 0.120833 0.850391 0.118519 0.850651 0.118056 0.850651 0.115741 0.851172 0.113426 0.851172 0.111574 0.851693 0.109259 0.852214 0.104167 0.852734 0.101852 0.852734 0.100463 0.853255 0.098611 0.853255 0.097222 0.854036 0.093981 0.854297 0.091667 0.854297 0.088889 0.854557 0.088426 0.854557 0.086111 0.854818 0.085648 0.856380 0.077778 0.856380 0.075463 0.856641 0.075000 0.856641 0.072685 0.857682 0.068056 0.858203 0.067130 0.858724 0.064815 0.858984 0.060648 0.859245 0.060185 0.859245 0.044907 0.859505 0.042593 0.860026 0.040741 0.860026 0.039352 0.860547 0.037500 0.860547 0.035185 0.861068 0.032870 0.861068 0.031481 0.862109 0.027778 0.862370 0.025000 0.862891 0.022685 0.863151 0.018519 0.863672 0.015741 0.864714 0.012037 0.864974 0.009259 0.865495 0.006481 0.866536 0.002778 0.866536 0.000000
1 0.797135 0.472454 0.793750 0.472454 0.793490 0.471991 0.791667 0.471528 0.791406 0.471065 0.789323 0.470139 0.787500 0.468287 0.785807 0.465278 0.785026 0.462037 0.785026 0.455093 0.785286 0.454630 0.785286 0.452315 0.785547 0.451852 0.785807 0.448611 0.786849 0.445370 0.788542 0.442361 0.790365 0.440046 0.791406 0.439120 0.792188 0.439120 0.794271 0.437731 0.798438 0.437731 0.798698 0.438194 0.800000 0.438194 0.800260 0.438657 0.802344 0.439120 0.804688 0.441898 0.806250 0.444676 0.806510 0.444676 0.808203 0.447685 0.808203 0.450000 0.807943 0.450463 0.807943 0.455556 0.807682 0.456019 0.807682 0.459259 0.807422 0.461574 0.806901 0.463889 0.806120 0.466204 0.804688 0.468750 0.803906 0.469676 0.801823 0.471065 0.799740 0.471528 0.799479 0.471991 0.797396 0.471991 0.797135 0.472454
0 0.827083 0.495139 0.825521 0.495139 0.823177 0.493287 0.822396 0.492361 0.820833 0.489583 0.819531 0.487731 0.818490 0.487269 0.816927 0.485880 0.815755 0.483796 0.815755 0.480556 0.816276 0.479167 0.816536 0.476852 0.817578 0.472222 0.818099 0.471296 0.818880 0.467593 0.819141 0.467130 0.819661 0.463426 0.821745 0.456944 0.822656 0.455324 0.823177 0.455324 0.825000 0.453935 0.825521 0.453009 0.825911 0.454630 0.825911 0.456019 0.826693 0.459259 0.826953 0.462500 0.827214 0.462963 0.827474 0.465741 0.828255 0.468056 0.829557 0.470370 0.829557 0.470833 0.831120 0.475000 0.831120 0.477778 0.830859 0.478241 0.830859 0.481019 0.830599 0.481481 0.830599 0.483796 0.830078 0.486111 0.830078 0.488426 0.829557 0.492593 0.828906 0.493750 0.827083 0.495139
11 0.999740 0.849769 0.992969 0.849769 0.992708 0.850231 0.979688 0.850231 0.979427 0.850694 0.946875 0.850694 0.946615 0.851157 0.936979 0.851157 0.936719 0.850694 0.933333 0.850694 0.933073 0.851157 0.927865 0.851157 0.927604 0.850694 0.907031 0.850694 0.906771 0.850231 0.891927 0.850231 0.891667 0.849769 0.873698 0.849769 0.873437 0.849306 0.855208 0.849306 0.854948 0.848843 0.841146 0.848843 0.840885 0.848380 0.834115 0.848380 0.833854 0.847917 0.823698 0.847917 0.823438 0.847454 0.814844 0.847454 0.814583 0.846991 0.811719 0.846991 0.810417 0.846528 0.808724 0.844444 0.808203 0.841667 0.806901 0.837963 0.806120 0.835185 0.805859 0.832407 0.805339 0.829630 0.804557 0.824074 0.804036 0.822222 0.804036 0.820833 0.803516 0.819444 0.802995 0.816667 0.801172 0.810185 0.800651 0.807407 0.800130 0.803241 0.799089 0.799537 0.798828 0.797222 0.797786 0.792593 0.797786 0.791204 0.796484 0.784722 0.795182 0.780556 0.794661 0.778241 0.794401 0.775926 0.793620 0.772685 0.793359 0.769907 0.792839 0.768519 0.791797 0.762963 0.791276 0.762037 0.789974 0.756019 0.789193 0.751852 0.788672 0.747685 0.787891 0.744907 0.787891 0.743519 0.787370 0.742130 0.787109 0.739815 0.786589 0.738426 0.786328 0.736111 0.785807 0.734722 0.785026 0.729630 0.783203 0.723611 0.783203 0.722685 0.782161 0.718981 0.782161 0.716667 0.781901 0.716204 0.781901 0.711111 0.781641 0.710648 0.781641 0.707870 0.780859 0.704167 0.779557 0.702315 0.778516 0.698611 0.777995 0.693519 0.777214 0.690741 0.776953 0.688426 0.775911 0.685648 0.774870 0.681481 0.774609 0.679167 0.774089 0.677315 0.773047 0.669444 0.772266 0.666204 0.771745 0.665278 0.770703 0.661574 0.770182 0.658796 0.770182 0.657407 0.769401 0.653241 0.768359 0.650000 0.767839 0.649074 0.767578 0.645370 0.766797 0.642130 0.766797 0.640278 0.766276 0.637500 0.765495 0.634722 0.765234 0.631481 0.764193 0.627315 0.763672 0.625926 0.762891 0.621759 0.762370 0.619907 0.762370 0.618519 0.761589 0.615741 0.761589 0.614352 0.761068 0.612500 0.760807 0.609722 0.760026 0.607870 0.759505 0.604630 0.758984 0.603241 0.758724 0.600000 0.757682 0.593519 0.757161 0.591667 0.757161 0.589815 0.756380 0.585648 0.756120 0.585185 0.754297 0.578704 0.754297 0.577315 0.752995 0.571296 0.752474 0.570370 0.751693 0.565741 0.751172 0.563426 0.751172 0.561574 0.750651 0.559259 0.750130 0.553704 0.749609 0.551852 0.748568 0.546296 0.748568 0.543056 0.749609 0.538889 0.751563 0.537269 0.752865 0.537269 0.753125 0.536806 0.755729 0.536806 0.755990 0.536343 0.759635 0.536343 0.759896 0.535880 0.765104 0.535880 0.766146 0.535417 0.767318 0.533333 0.767839 0.531019 0.767839 0.524074 0.768099 0.523611 0.768099 0.521296 0.768359 0.520833 0.768359 0.518519 0.768620 0.518056 0.768620 0.515278 0.769401 0.510185 0.769922 0.504630 0.770182 0.504167 0.770182 0.501389 0.769922 0.500926 0.769922 0.498148 0.769661 0.496296 0.768880 0.493519 0.767839 0.491667 0.767318 0.487963 0.766797 0.486111 0.766016 0.480556 0.765234 0.476389 0.766016 0.471759 0.766276 0.469444 0.767708 0.466435 0.769010 0.465972 0.770573 0.464583 0.773438 0.463657 0.775521 0.462269 0.776302 0.462731 0.779167 0.463657 0.780990 0.465509 0.781641 0.467130 0.783073 0.469213 0.784375 0.469213 0.784635 0.469676 0.787240 0.469676 0.788802 0.471065 0.791406 0.472454 0.793750 0.472917 0.795833 0.474306 0.796484 0.475926 0.796484 0.477778 0.795443 0.482407 0.794271 0.484028 0.793490 0.483565 0.792188 0.483565 0.791406 0.483102 0.791016 0.484259 0.790755 0.486574 0.790755 0.491204 0.791016 0.491667 0.791016 0.495370 0.792188 0.497917 0.794010 0.499306 0.795833 0.499769 0.796354 0.500231 0.797526 0.502315 0.797526 0.512500 0.797786 0.514815 0.798568 0.518519 0.800260 0.521528 0.801042 0.521991 0.802865 0.523843 0.804167 0.524769 0.805729 0.525231 0.805990 0.525694 0.807552 0.525694 0.807813 0.526157 0.809115 0.526157 0.809375 0.526620 0.811458 0.526620 0.811719 0.526157 0.813281 0.526157 0.813542 0.525694 0.816406 0.525694 0.816667 0.525231 0.818229 0.525231 0.820312 0.523380 0.821094 0.521991 0.823438 0.519676 0.824870 0.517130 0.825651 0.514815 0.826432 0.508333 0.826432 0.506019 0.826693 0.505556 0.826693 0.500926 0.826953 0.500463 0.826953 0.498148 0.827214 0.497222 0.829557 0.493056 0.830339 0.489352 0.830599 0.487037 0.830599 0.484722 0.830859 0.484259 0.830859 0.481944 0.831641 0.477778 0.831641 0.474537 0.830599 0.471759 0.830078 0.469444 0.828776 0.466667 0.827995 0.463889 0.827474 0.460185 0.826693 0.456481 0.826693 0.448148 0.827214 0.446296 0.829167 0.443287 0.830469 0.442361 0.832031 0.440509 0.833333 0.439583 0.834896 0.439120 0.836458 0.438194 0.838281 0.436343 0.839714 0.434259 0.840234 0.432407 0.840495 0.428241 0.841276 0.425926 0.842708 0.422917 0.843490 0.421991 0.845313 0.421065 0.847396 0.421065 0.847656 0.420602 0.849479 0.420602 0.849740 0.420139 0.852083 0.420139 0.852344 0.419676 0.855469 0.419676 0.855729 0.419213 0.857552 0.419213 0.857812 0.418750 0.859115 0.418750 0.860677 0.417824 0.862760 0.417824 0.863021 0.417361 0.867708 0.417361 0.867969 0.416898 0.871354 0.416898 0.871615 0.416435 0.873958 0.416435 0.874219 0.415972 0.876563 0.415972 0.876823 0.415509 0.878906 0.415509 0.879167 0.415046 0.880469 0.415046 0.881771 0.414583 0.883073 0.413657 0.884896 0.413657 0.885156 0.413194 0.886979 0.413194 0.887240 0.412731 0.889323 0.412731 0.889583 0.412269 0.892969 0.412269 0.893229 0.411806 0.896615 0.411806 0.896875 0.411343 0.899479 0.411343 0.899740 0.410880 0.901563 0.410880 0.901823 0.410417 0.903646 0.410417 0.903906 0.409954 0.906250 0.409954 0.906510 0.409491 0.908333 0.409491 0.908594 0.409028 0.910417 0.409028 0.910677 0.408565 0.912500 0.408565 0.912760 0.408102 0.914844 0.408102 0.915104 0.407639 0.917708 0.407639 0.917969 0.407176 0.919792 0.407176 0.920052 0.406713 0.921615 0.406713 0.921875 0.406250 0.923698 0.406250 0.923958 0.405787 0.926042 0.405787 0.926302 0.405324 0.928385 0.405324 0.928646 0.404861 0.932292 0.404861 0.932552 0.404398 0.935937 0.404398 0.936198 0.403935 0.938281 0.403935 0.938542 0.403472 0.941146 0.403472 0.941406 0.403009 0.945052 0.403009 0.945312 0.402546 0.947656 0.402546 0.947917 0.402083 0.950260 0.402083 0.950521 0.401620 0.951823 0.401620 0.955208 0.399769 0.957031 0.399769 0.957292 0.399306 0.959115 0.399306 0.959375 0.398843 0.960677 0.398843 0.960938 0.398380 0.962240 0.398380 0.962500 0.397917 0.964583 0.397917 0.964844 0.397454 0.966927 0.397454 0.967187 0.396991 0.969010 0.396991 0.969271 0.396528 0.971094 0.396528 0.971354 0.396065 0.973437 0.396065 0.973698 0.395602 0.976302 0.395602 0.976562 0.395139 0.979427 0.395139 0.979688 0.394676 0.982031 0.394676 0.982292 0.394213 0.984635 0.394213 0.984896 0.393750 0.987240 0.393750 0.987500 0.393287 0.989583 0.393287 0.989844 0.392824 0.991667 0.392824 0.991927 0.392361 0.994010 0.392361 0.994271 0.391898 0.996875 0.391898 0.997135 0.391435 0.999740 0.391435
