4 0.240625 0.751620 0.238281 0.751157 0.237240 0.750694 0.234896 0.748843 0.232943 0.745370 0.232943 0.744907 0.231771 0.742824 0.230469 0.741898 0.229687 0.740509 0.228906 0.740046 0.227344 0.737269 0.224740 0.734954 0.221875 0.732639 0.218750 0.727083 0.218490 0.727083 0.216536 0.724537 0.216016 0.722222 0.215104 0.720602 0.213281 0.719676 0.211589 0.717130 0.210677 0.715046 0.208594 0.713194 0.207292 0.712731 0.206510 0.711806 0.205729 0.711806 0.204687 0.710880 0.203255 0.708333 0.202474 0.706481 0.201432 0.703241 0.200651 0.699537 0.198958 0.696528 0.197135 0.694676 0.195833 0.693750 0.195312 0.692824 0.194010 0.691898 0.192708 0.690509 0.191927 0.689120 0.190104 0.687731 0.188802 0.687731 0.188542 0.687269 0.185677 0.687269 0.185417 0.686806 0.183073 0.685880 0.182031 0.684954 0.181380 0.683333 0.181380 0.675463 0.182161 0.672222 0.182161 0.671296 0.183724 0.666204 0.183724 0.665278 0.184505 0.662963 0.185286 0.658796 0.185807 0.654630 0.186849 0.651389 0.187370 0.648611 0.188151 0.641667 0.190234 0.633333 0.191016 0.631019 0.191536 0.627315 0.192057 0.625926 0.192318 0.623611 0.192839 0.622222 0.193620 0.617130 0.195182 0.610648 0.195703 0.607870 0.195703 0.606481 0.196224 0.605093 0.196745 0.601389 0.197526 0.599074 0.197526 0.598148 0.198568 0.594907 0.198568 0.593981 0.199349 0.591667 0.199870 0.588426 0.200651 0.585648 0.201432 0.583796 0.202734 0.581481 0.203776 0.577315 0.203776 0.575926 0.204297 0.574074 0.204297 0.572685 0.204818 0.571296 0.206120 0.564815 0.206120 0.563889 0.206901 0.561111 0.206901 0.559722 0.207682 0.557407 0.207682 0.556481 0.208724 0.553241 0.208724 0.552315 0.211068 0.546296 0.211068 0.545833 0.212240 0.543750 0.213802 0.542361 0.214323 0.542361 0.216146 0.540972 0.217188 0.540972 0.218490 0.540046 0.219792 0.539583 0.220573 0.538657 0.222135 0.538657 0.222396 0.538194 0.223958 0.538194 0.224219 0.537731 0.225521 0.537731 0.227083 0.536806 0.228385 0.536806 0.228646 0.536343 0.230208 0.536343 0.230469 0.535880 0.231771 0.535880 0.232031 0.535417 0.233594 0.535417 0.233854 0.534954 0.235156 0.534954 0.235417 0.534491 0.236719 0.534491 0.236979 0.534028 0.238281 0.534028 0.239583 0.533102 0.241927 0.532639 0.243229 0.531713 0.244531 0.531250 0.245833 0.531250 0.246094 0.530787 0.248438 0.530324 0.248698 0.529861 0.250260 0.529861 0.250521 0.529398 0.251823 0.529398 0.252083 0.528935 0.253906 0.528935 0.254167 0.528472 0.255469 0.528472 0.257031 0.527546 0.259375 0.527083 0.259635 0.526620 0.260937 0.526620 0.261198 0.526157 0.262500 0.526157 0.263802 0.525694 0.266146 0.524306 0.267448 0.524306 0.267708 0.523843 0.269010 0.523843 0.269271 0.523380 0.270573 0.523380 0.270833 0.522917 0.272396 0.522917 0.272656 0.522454 0.273958 0.522454 0.274219 0.521991 0.275521 0.521991 0.275781 0.521528 0.277083 0.521528 0.277344 0.521065 0.278906 0.521065 0.279167 0.520602 0.280990 0.520602 0.281250 0.520139 0.282552 0.520139 0.282813 0.519676 0.284115 0.519676 0.286458 0.518750 0.287500 0.517824 0.288802 0.517361 0.290104 0.517361 0.291406 0.516435 0.293750 0.515972 0.294010 0.515509 0.295573 0.515509 0.295833 0.515046 0.297396 0.515046 0.297656 0.514583 0.298958 0.514583 0.301823 0.513194 0.303125 0.513194 0.305469 0.511806 0.307552 0.510880 0.308854 0.510880 0.310156 0.510417 0.311198 0.509491 0.311979 0.509491 0.314323 0.508102 0.315625 0.507639 0.316927 0.507639 0.317188 0.507176 0.318490 0.507176 0.320052 0.506250 0.321354 0.506250 0.321615 0.505787 0.322917 0.505787 0.323177 0.505324 0.325521 0.504861 0.325781 0.504398 0.327604 0.504398 0.327865 0.503935 0.329688 0.503935 0.329948 0.503472 0.333854 0.503472 0.335417 0.504861 0.337370 0.508333 0.338151 0.511111 0.339714 0.515278 0.341276 0.518981 0.342578 0.521296 0.344661 0.526389 0.345703 0.528241 0.346745 0.531019 0.347526 0.533796 0.348828 0.536111 0.348828 0.536574 0.350130 0.538889 0.351432 0.542593 0.352995 0.545370 0.354036 0.548611 0.355599 0.552315 0.356380 0.555093 0.359505 0.560648 0.359505 0.561111 0.361589 0.564815 0.361589 0.565278 0.363411 0.568981 0.364453 0.572222 0.366797 0.576389 0.367578 0.580093 0.368880 0.584259 0.369141 0.585648 0.369141 0.598148 0.368880 0.598611 0.368880 0.600926 0.368359 0.603241 0.368359 0.605556 0.368099 0.606019 0.368099 0.608796 0.367839 0.609259 0.367839 0.612963 0.367578 0.613426 0.367578 0.615741 0.367318 0.616204 0.367318 0.618519 0.367057 0.618981 0.367057 0.621296 0.366797 0.621759 0.366797 0.626852 0.366536 0.627315 0.366536 0.630093 0.366276 0.630556 0.366276 0.632870 0.366016 0.633333 0.366016 0.637037 0.365755 0.637500 0.365755 0.643981 0.364974 0.648148 0.364974 0.650463 0.364714 0.650926 0.364714 0.655556 0.364193 0.657870 0.364193 0.659259 0.363672 0.661111 0.363411 0.663426 0.363411 0.666667 0.363151 0.667130 0.363151 0.669907 0.362891 0.670370 0.362891 0.674074 0.362630 0.674537 0.362630 0.685185 0.362370 0.685648 0.362370 0.688889 0.362109 0.689352 0.362109 0.692130 0.361849 0.692593 0.361849 0.695833 0.361589 0.696296 0.361589 0.698611 0.361328 0.699074 0.361328 0.702315 0.361068 0.702778 0.361068 0.705556 0.360547 0.707407 0.360026 0.711574 0.359245 0.713889 0.357812 0.716435 0.355990 0.717824 0.354687 0.718287 0.353385 0.718287 0.351823 0.719213 0.350521 0.719213 0.350260 0.719676 0.348438 0.719676 0.348177 0.720139 0.345573 0.720139 0.345313 0.720602 0.342969 0.720602 0.342708 0.721065 0.339844 0.721065 0.339583 0.721528 0.336979 0.721528 0.336719 0.721991 0.335417 0.721991 0.335156 0.722454 0.333854 0.722454 0.333594 0.722917 0.331510 0.722917 0.331250 0.723380 0.329427 0.723380 0.328125 0.723843 0.326823 0.724769 0.325521 0.725231 0.323958 0.725231 0.323698 0.725694 0.322135 0.725694 0.320833 0.726620 0.319531 0.727083 0.318229 0.727083 0.317969 0.727546 0.316406 0.727546 0.316146 0.728009 0.314583 0.728009 0.314323 0.728472 0.312500 0.728935 0.310156 0.730324 0.308594 0.730324 0.308333 0.730787 0.307031 0.730787 0.304167 0.732639 0.302083 0.733565 0.300260 0.733565 0.300000 0.734028 0.298177 0.734028 0.297917 0.734491 0.296615 0.734491 0.296354 0.734954 0.294792 0.734954 0.294531 0.735417 0.291406 0.735417 0.291146 0.735880 0.289583 0.735880 0.286719 0.737269 0.285417 0.737269 0.284115 0.738194 0.282292 0.738657 0.281250 0.739583 0.278385 0.740972 0.277083 0.740972 0.276823 0.741435 0.275260 0.741435 0.272396 0.742824 0.271094 0.742824 0.270833 0.743287 0.268490 0.743750 0.267188 0.744676 0.266146 0.744676 0.264062 0.745602 0.263802 0.746065 0.262500 0.746065 0.262240 0.746528 0.260417 0.746528 0.260156 0.746991 0.258073 0.746991 0.257812 0.747454 0.255208 0.747454 0.254948 0.747917 0.252865 0.747917 0.252604 0.748380 0.251042 0.748380 0.250781 0.748843 0.249479 0.748843 0.249219 0.749306 0.247656 0.749306 0.247396 0.749769 0.244531 0.749769 0.244271 0.750231 0.242969 0.750231 0.242708 0.750694 0.240885 0.751157 0.240625 0.751620
12 0.249740 0.775694 0.243490 0.775694 0.241927 0.774306 0.241406 0.773380 0.239323 0.771528 0.238281 0.769676 0.235417 0.766898 0.232813 0.763194 0.232552 0.763194 0.230339 0.759259 0.230078 0.756481 0.229297 0.753704 0.229297 0.751852 0.229818 0.749537 0.230990 0.747454 0.231771 0.746528 0.232552 0.746991 0.235417 0.751157 0.236979 0.752546 0.238281 0.752546 0.238542 0.753009 0.240885 0.753009 0.245052 0.751157 0.246354 0.751157 0.247656 0.750694 0.248958 0.749769 0.250000 0.749769 0.251302 0.748843 0.252604 0.748380 0.253906 0.748380 0.254167 0.747917 0.255990 0.747917 0.256250 0.747454 0.257812 0.747454 0.258073 0.746991 0.259635 0.746991 0.259896 0.746528 0.261719 0.746528 0.261979 0.746065 0.263542 0.746065 0.265885 0.744676 0.268229 0.744213 0.269792 0.743287 0.271094 0.743287 0.271354 0.742824 0.272656 0.742824 0.272917 0.742361 0.274219 0.742361 0.274479 0.741898 0.275781 0.741898 0.276042 0.741435 0.277344 0.741435 0.277604 0.740972 0.278906 0.740972 0.279167 0.740509 0.280469 0.740509 0.280729 0.740046 0.282031 0.740046 0.282292 0.739583 0.283594 0.739583 0.283854 0.739120 0.286198 0.738657 0.287760 0.737731 0.290104 0.737269 0.290365 0.736806 0.291667 0.736806 0.291927 0.736343 0.293229 0.736343 0.293490 0.735880 0.294792 0.735880 0.295052 0.735417 0.296354 0.735417 0.296615 0.734954 0.297917 0.734954 0.298177 0.734491 0.299479 0.734491 0.299740 0.734028 0.301042 0.734028 0.301302 0.733565 0.302604 0.733565 0.302865 0.733102 0.304427 0.733102 0.304688 0.732639 0.306510 0.732639 0.306771 0.732176 0.308333 0.732176 0.309896 0.731250 0.311198 0.731250 0.312760 0.730324 0.315104 0.729861 0.315365 0.729398 0.316667 0.729398 0.316927 0.728935 0.318229 0.728935 0.318490 0.728472 0.319792 0.728472 0.320052 0.728009 0.321354 0.728009 0.321615 0.727546 0.323177 0.727546 0.323437 0.727083 0.325000 0.727083 0.325260 0.726620 0.326823 0.726620 0.328385 0.725694 0.329688 0.725694 0.332552 0.724306 0.336198 0.723380 0.340365 0.721528 0.341667 0.721528 0.341927 0.721065 0.343490 0.721065 0.343750 0.720602 0.345313 0.720602 0.345573 0.720139 0.347135 0.720139 0.347396 0.719676 0.348958 0.719676 0.349219 0.719213 0.350781 0.719213 0.351042 0.718750 0.353125 0.718750 0.353385 0.718287 0.354687 0.718287 0.354948 0.717824 0.356771 0.717361 0.358333 0.715972 0.360286 0.712500 0.361068 0.709722 0.362109 0.703241 0.362370 0.699074 0.362630 0.698611 0.362630 0.695370 0.362891 0.694907 0.362891 0.690741 0.363151 0.690278 0.363151 0.682870 0.363411 0.682407 0.363411 0.676389 0.363672 0.675926 0.363672 0.672685 0.363932 0.672222 0.363932 0.669444 0.364193 0.668981 0.364193 0.664352 0.364453 0.663889 0.364453 0.660185 0.364714 0.659722 0.364714 0.656944 0.364974 0.656481 0.364974 0.652315 0.365234 0.651852 0.365234 0.648148 0.365495 0.647685 0.365495 0.644907 0.365755 0.644444 0.365755 0.639352 0.366016 0.638889 0.366016 0.634259 0.366276 0.633796 0.366276 0.631019 0.366536 0.630556 0.366536 0.626852 0.366797 0.626389 0.366797 0.621759 0.367057 0.621296 0.367057 0.618519 0.367318 0.618056 0.367318 0.615741 0.367578 0.615278 0.367578 0.612500 0.367839 0.612037 0.367839 0.608796 0.368099 0.608333 0.368099 0.605093 0.368359 0.604630 0.368359 0.601389 0.368620 0.600926 0.368620 0.598148 0.368880 0.597685 0.368880 0.594907 0.369141 0.594444 0.369141 0.589352 0.369401 0.588889 0.369401 0.581019 0.370312 0.579398 0.372656 0.578935 0.373437 0.579398 0.375000 0.581250 0.376172 0.583333 0.376172 0.583796 0.377995 0.588426 0.377995 0.588889 0.379557 0.592130 0.380599 0.595833 0.380599 0.596759 0.381641 0.600463 0.381641 0.603704 0.381901 0.604167 0.381901 0.610185 0.381641 0.610648 0.381641 0.616204 0.381380 0.616667 0.381380 0.623148 0.381120 0.623611 0.381120 0.626389 0.380859 0.626852 0.380859 0.631944 0.380599 0.632407 0.380599 0.637963 0.380339 0.638426 0.380339 0.644907 0.380078 0.645370 0.380078 0.651852 0.379818 0.652315 0.379818 0.656019 0.379557 0.656481 0.379557 0.663889 0.379297 0.664352 0.379297 0.669444 0.379036 0.669907 0.379036 0.674074 0.378776 0.674537 0.378776 0.678704 0.378516 0.679167 0.378516 0.681944 0.378255 0.682407 0.378255 0.685648 0.377995 0.686111 0.377995 0.690741 0.377734 0.691204 0.377734 0.696759 0.377474 0.697222 0.377474 0.704167 0.377214 0.704630 0.377214 0.707407 0.376953 0.707870 0.376953 0.710648 0.376693 0.711111 0.376693 0.714815 0.376432 0.715278 0.376432 0.719444 0.376172 0.719907 0.376172 0.723611 0.375911 0.724074 0.375911 0.726389 0.375391 0.729167 0.374349 0.732407 0.373437 0.733565 0.372135 0.735880 0.370573 0.737731 0.367448 0.740046 0.364323 0.741898 0.362760 0.741898 0.362500 0.742361 0.361198 0.742361 0.359896 0.743287 0.358854 0.743287 0.357552 0.744213 0.356250 0.744213 0.355990 0.744676 0.354687 0.744676 0.354427 0.745139 0.353125 0.745139 0.352865 0.745602 0.351302 0.745602 0.351042 0.746065 0.349479 0.746065 0.349219 0.746528 0.347917 0.746528 0.346354 0.747454 0.345052 0.747454 0.343490 0.748380 0.342187 0.748380 0.338281 0.749769 0.336719 0.750694 0.334115 0.751620 0.332292 0.751620 0.332031 0.752083 0.330208 0.752083 0.329948 0.752546 0.328646 0.752546 0.327083 0.753472 0.325781 0.753472 0.325521 0.753935 0.324219 0.753935 0.323958 0.754398 0.322396 0.754398 0.322135 0.754861 0.320833 0.754861 0.319271 0.755787 0.317969 0.755787 0.317708 0.756250 0.316146 0.756250 0.315885 0.756713 0.314323 0.756713 0.313021 0.757639 0.311979 0.757639 0.310677 0.758565 0.309115 0.758565 0.308854 0.759028 0.307292 0.759028 0.307031 0.759491 0.305729 0.759491 0.304167 0.760417 0.302604 0.760417 0.302344 0.760880 0.300521 0.760880 0.300260 0.761343 0.297656 0.761343 0.297396 0.761806 0.295833 0.761806 0.295573 0.762269 0.294271 0.762269 0.291406 0.763657 0.289583 0.763657 0.289323 0.764120 0.287240 0.764120 0.286979 0.764583 0.285677 0.764583 0.285417 0.765046 0.283073 0.765509 0.282813 0.765972 0.281510 0.765972 0.279948 0.766898 0.278646 0.766898 0.278385 0.767361 0.276823 0.767361 0.276562 0.767824 0.275260 0.767824 0.273698 0.768750 0.272396 0.768750 0.272135 0.769213 0.270833 0.769213 0.270573 0.769676 0.269271 0.769676 0.269010 0.770139 0.267708 0.770139 0.267448 0.770602 0.265104 0.771065 0.264844 0.771528 0.263281 0.771528 0.263021 0.771991 0.261198 0.771991 0.260937 0.772454 0.259375 0.772454 0.258073 0.772917 0.256771 0.773843 0.255469 0.774306 0.253906 0.774306 0.253646 0.774769 0.252083 0.774769 0.251823 0.775231 0.250000 0.775231 0.249740 0.775694
0 0.260677 0.899769 0.258594 0.899769 0.257292 0.898843 0.256250 0.898843 0.255208 0.897917 0.254167 0.896065 0.252604 0.894213 0.251302 0.893287 0.250000 0.891898 0.249479 0.891898 0.247135 0.889583 0.245833 0.889583 0.245573 0.889120 0.244010 0.889120 0.238542 0.885417 0.237891 0.884259 0.236849 0.880093 0.236849 0.874537 0.237109 0.874074 0.237109 0.871759 0.238672 0.866667 0.241276 0.860648 0.241797 0.858796 0.242839 0.856481 0.244531 0.853472 0.246354 0.851157 0.247917 0.849769 0.249479 0.849306 0.249740 0.848843 0.251042 0.848843 0.251302 0.848380 0.252604 0.848380 0.252865 0.848843 0.254427 0.848843 0.255729 0.849306 0.257031 0.850694 0.259375 0.852083 0.260417 0.853009 0.263021 0.854398 0.264323 0.854398 0.264583 0.854861 0.266406 0.854861 0.266667 0.855324 0.268490 0.855324 0.268750 0.855787 0.270313 0.855787 0.272656 0.857176 0.273438 0.858102 0.274609 0.860185 0.275130 0.861574 0.276432 0.866667 0.276693 0.868981 0.276693 0.872685 0.276172 0.875000 0.275911 0.877315 0.274609 0.882870 0.273568 0.885648 0.272005 0.888426 0.272005 0.888889 0.270313 0.891898 0.270052 0.891898 0.268750 0.894213 0.268490 0.894213 0.266927 0.896528 0.266406 0.896528 0.265104 0.897917 0.262240 0.899306 0.260937 0.899306 0.260677 0.899769
4 0.328646 0.998843 0.323177 0.998843 0.322917 0.998380 0.320052 0.998380 0.319792 0.997917 0.317969 0.997917 0.317708 0.997454 0.313802 0.997454 0.313542 0.997917 0.312240 0.997917 0.311979 0.998380 0.294271 0.998380 0.294010 0.997917 0.287760 0.997917 0.287500 0.997454 0.285156 0.997454 0.284896 0.996991 0.283073 0.996991 0.282813 0.996528 0.278125 0.996528 0.277865 0.996065 0.276042 0.996065 0.275781 0.995602 0.274479 0.996065 0.272135 0.996065 0.271875 0.996528 0.259635 0.996528 0.259375 0.996991 0.257031 0.996991 0.256771 0.997454 0.240885 0.997454 0.240625 0.997917 0.226823 0.997917 0.226562 0.998380 0.214583 0.998380 0.214323 0.997917 0.189062 0.997917 0.188802 0.998380 0.174219 0.998380 0.173958 0.997917 0.172135 0.997917 0.170573 0.996991 0.167187 0.996991 0.166927 0.997454 0.164583 0.997454 0.164323 0.997917 0.161458 0.997917 0.161198 0.998380 0.154948 0.998380 0.154688 0.997917 0.148698 0.997917 0.148438 0.998380 0.141146 0.998380 0.139583 0.997454 0.139063 0.996528 0.136979 0.996528 0.135417 0.997454 0.133854 0.997454 0.133594 0.997917 0.130729 0.997917 0.130469 0.998380 0.124479 0.998380 0.124219 0.997917 0.119792 0.997917 0.119531 0.998380 0.107292 0.998380 0.105990 0.997917 0.104818 0.996759 0.104297 0.995370 0.104818 0.992593 0.104818 0.989815 0.105599 0.985648 0.106380 0.982870 0.106641 0.980093 0.107682 0.975463 0.108203 0.974074 0.108724 0.970370 0.109245 0.968056 0.110286 0.964815 0.111328 0.959722 0.111849 0.958333 0.112630 0.953241 0.113151 0.950926 0.113932 0.948611 0.113932 0.947685 0.114974 0.943981 0.115234 0.941667 0.116797 0.935648 0.117318 0.932407 0.118099 0.930093 0.118359 0.927778 0.118880 0.926389 0.119401 0.923148 0.120443 0.918519 0.121745 0.914352 0.122266 0.911111 0.122786 0.909722 0.123047 0.907407 0.123568 0.906019 0.124870 0.900463 0.124870 0.899537 0.125651 0.897222 0.126172 0.893981 0.127214 0.890741 0.127214 0.889815 0.127995 0.887500 0.127995 0.886111 0.129036 0.882407 0.129297 0.880093 0.129818 0.877778 0.131380 0.872222 0.132943 0.865741 0.133984 0.862500 0.133984 0.861574 0.134766 0.859259 0.135026 0.856944 0.135807 0.855093 0.136328 0.852778 0.136589 0.850463 0.137630 0.846759 0.137891 0.844444 0.138411 0.843056 0.139714 0.836574 0.140234 0.835185 0.140495 0.832870 0.141016 0.831481 0.141276 0.829167 0.141797 0.826852 0.142578 0.824537 0.142578 0.823611 0.143880 0.819907 0.145182 0.814815 0.145703 0.813426 0.148438 0.808565 0.150781 0.806250 0.152604 0.805324 0.153385 0.804398 0.155729 0.803472 0.157292 0.803472 0.157552 0.803009 0.158854 0.803009 0.159115 0.802546 0.160417 0.802546 0.160677 0.802083 0.161979 0.802083 0.162240 0.801620 0.163542 0.801620 0.165104 0.800694 0.166406 0.800694 0.166667 0.800231 0.167969 0.800231 0.169271 0.799306 0.170833 0.799306 0.171094 0.798843 0.172917 0.798843 0.173177 0.798380 0.174740 0.798380 0.175000 0.797917 0.176302 0.797917 0.176563 0.797454 0.177865 0.797454 0.178125 0.796991 0.179688 0.796991 0.179948 0.796528 0.181250 0.796528 0.182812 0.795602 0.184375 0.795602 0.184635 0.795139 0.188542 0.793750 0.190104 0.793750 0.190365 0.793287 0.191927 0.793287 0.192188 0.792824 0.193750 0.792824 0.194010 0.792361 0.195833 0.792361 0.196094 0.791898 0.197656 0.791898 0.197917 0.791435 0.199219 0.791435 0.200781 0.790509 0.202083 0.790509 0.203646 0.789583 0.204948 0.789583 0.205208 0.789120 0.206510 0.789120 0.206771 0.788657 0.208073 0.788657 0.208333 0.788194 0.209896 0.788194 0.210156 0.787731 0.211458 0.787731 0.211719 0.787269 0.213021 0.787269 0.213281 0.786806 0.214583 0.786806 0.214844 0.786343 0.216146 0.786343 0.216406 0.785880 0.217708 0.785880 0.217969 0.785417 0.219271 0.785417 0.219531 0.784954 0.220833 0.784954 0.223698 0.783565 0.225000 0.783565 0.225260 0.783102 0.226562 0.783102 0.226823 0.782639 0.228385 0.782639 0.228646 0.782176 0.230729 0.782176 0.230990 0.781713 0.232552 0.781713 0.232813 0.781250 0.234896 0.780787 0.236979 0.779398 0.238281 0.779398 0.238542 0.778935 0.240104 0.778935 0.240365 0.778472 0.242448 0.778472 0.242708 0.778009 0.245052 0.778009 0.245312 0.777546 0.247656 0.777546 0.247917 0.777083 0.249740 0.777083 0.250000 0.776620 0.252083 0.776620 0.252344 0.776157 0.253646 0.776157 0.255208 0.775231 0.256771 0.775231 0.257031 0.774769 0.258594 0.774769 0.258854 0.774306 0.260417 0.774306 0.260677 0.773843 0.261979 0.773843 0.263542 0.772917 0.265104 0.772917 0.265365 0.772454 0.266927 0.772454 0.267188 0.771991 0.268490 0.771991 0.269792 0.771528 0.271094 0.770602 0.272396 0.770602 0.272656 0.770139 0.273958 0.770139 0.275521 0.769213 0.276823 0.769213 0.279687 0.767824 0.280729 0.767824 0.282292 0.766898 0.283594 0.766898 0.285156 0.765972 0.286719 0.765972 0.286979 0.765509 0.288281 0.765509 0.288542 0.765046 0.289844 0.765046 0.290104 0.764583 0.291667 0.764583 0.291927 0.764120 0.293490 0.764120 0.293750 0.763657 0.295312 0.763657 0.295573 0.763194 0.297396 0.763194 0.297656 0.762731 0.300000 0.762731 0.300260 0.763194 0.301823 0.763194 0.303125 0.764120 0.306510 0.770139 0.307812 0.771528 0.309115 0.773380 0.311719 0.778009 0.313021 0.779861 0.314063 0.780787 0.314844 0.782176 0.316146 0.783565 0.316927 0.784954 0.317969 0.785880 0.321094 0.790509 0.322917 0.792361 0.323958 0.793750 0.325260 0.796065 0.325521 0.796065 0.328125 0.799769 0.331250 0.803009 0.332292 0.804861 0.333854 0.806713 0.336198 0.810417 0.337240 0.811343 0.338281 0.813194 0.339583 0.814583 0.341016 0.817130 0.345313 0.821528 0.346875 0.822454 0.347396 0.823380 0.349479 0.825231 0.350911 0.827778 0.351432 0.830093 0.351172 0.831944 0.351172 0.836574 0.350911 0.837037 0.350911 0.840741 0.350651 0.841204 0.350651 0.844444 0.350391 0.844907 0.350391 0.847685 0.350130 0.848148 0.350130 0.850463 0.349870 0.850926 0.349870 0.853241 0.349609 0.853704 0.349609 0.856019 0.349349 0.856481 0.349349 0.859259 0.349089 0.859722 0.349089 0.862500 0.348828 0.862963 0.348828 0.866204 0.348568 0.866667 0.348568 0.869444 0.348307 0.869907 0.348307 0.872685 0.348047 0.873148 0.348047 0.875463 0.347786 0.875926 0.347786 0.878704 0.347526 0.879167 0.347526 0.881944 0.347266 0.882407 0.347266 0.885185 0.346745 0.887963 0.346745 0.889815 0.346224 0.892130 0.346224 0.894444 0.345964 0.894907 0.345964 0.898148 0.345703 0.898611 0.345703 0.901389 0.345182 0.904167 0.345182 0.906481 0.344922 0.906944 0.344922 0.909722 0.344661 0.910185 0.344661 0.913426 0.344401 0.913889 0.344401 0.917130 0.344141 0.917593 0.344141 0.920833 0.343880 0.921296 0.343880 0.925000 0.343620 0.925463 0.343620 0.928241 0.343359 0.928704 0.343359 0.931019 0.342839 0.933796 0.342839 0.936574 0.342578 0.937037 0.342578 0.939815 0.342318 0.940278 0.342318 0.943981 0.342057 0.944444 0.342057 0.947685 0.341797 0.948148 0.341797 0.951389 0.341536 0.951852 0.341536 0.954630 0.341276 0.955093 0.341276 0.958333 0.341016 0.958796 0.341016 0.962963 0.340755 0.963426 0.340755 0.966204 0.340495 0.966667 0.340495 0.968981 0.340234 0.969444 0.340234 0.973611 0.339974 0.974074 0.339974 0.977778 0.339714 0.978241 0.339714 0.981481 0.339453 0.981944 0.339453 0.985648 0.339193 0.986111 0.339193 0.989352 0.338932 0.989815 0.338411 0.995370 0.337240 0.997454 0.335417 0.998380 0.328906 0.998380 0.328646 0.998843
12 0.339453 0.999537 0.338672 0.997222 0.338672 0.993056 0.338932 0.992593 0.338932 0.989352 0.339193 0.988889 0.339193 0.983333 0.339453 0.982870 0.339453 0.979167 0.339714 0.978704 0.339714 0.975463 0.339974 0.975000 0.339974 0.972222 0.340234 0.971759 0.340234 0.968519 0.340495 0.968056 0.340495 0.965278 0.340755 0.964815 0.340755 0.962037 0.341016 0.961574 0.341016 0.958796 0.341536 0.956481 0.341536 0.954167 0.341797 0.953704 0.341797 0.950000 0.342057 0.949537 0.342057 0.945370 0.342318 0.944907 0.342318 0.941204 0.342578 0.940741 0.342578 0.937500 0.342839 0.937037 0.342839 0.933333 0.343099 0.932870 0.343099 0.929167 0.343359 0.928704 0.343359 0.925926 0.343620 0.925463 0.343620 0.923148 0.343880 0.922685 0.343880 0.920370 0.344661 0.915278 0.344661 0.912500 0.344922 0.912037 0.344922 0.909259 0.345182 0.908796 0.345182 0.906481 0.345443 0.906019 0.345443 0.903704 0.345703 0.903241 0.345703 0.900926 0.345964 0.900463 0.345964 0.897685 0.346224 0.897222 0.346224 0.894444 0.346484 0.893981 0.346484 0.891204 0.346745 0.890741 0.346745 0.887037 0.347005 0.886574 0.347005 0.884259 0.347266 0.883796 0.347266 0.881481 0.347526 0.881019 0.347526 0.878241 0.347786 0.877778 0.347786 0.875463 0.348047 0.875000 0.348047 0.872222 0.348307 0.871759 0.348307 0.868981 0.348568 0.868519 0.348568 0.866204 0.348828 0.865741 0.348828 0.863426 0.349089 0.862963 0.349089 0.860648 0.349349 0.860185 0.349349 0.857870 0.349609 0.857407 0.349609 0.854167 0.349870 0.853704 0.349870 0.850926 0.350130 0.850463 0.350130 0.846759 0.350391 0.846296 0.350391 0.842593 0.350651 0.842130 0.350651 0.838889 0.350911 0.838426 0.350911 0.829167 0.350130 0.826389 0.348698 0.823843 0.348177 0.823843 0.346875 0.822454 0.346354 0.822454 0.345443 0.821296 0.344922 0.818519 0.344792 0.816435 0.346094 0.815972 0.347917 0.815972 0.348177 0.815509 0.352083 0.815509 0.353385 0.815972 0.355469 0.818287 0.358724 0.824074 0.358724 0.824537 0.365234 0.836111 0.365755 0.837500 0.366276 0.840278 0.366797 0.841667 0.367057 0.843519 0.367057 0.852778 0.366797 0.853241 0.366797 0.858796 0.366536 0.859259 0.366536 0.866204 0.366276 0.866667 0.366276 0.870370 0.366016 0.870833 0.366016 0.874537 0.365755 0.875000 0.365755 0.879167 0.365495 0.879630 0.365495 0.882407 0.365234 0.882870 0.365234 0.886111 0.364974 0.886574 0.364974 0.889815 0.364714 0.890278 0.364714 0.894444 0.364453 0.894907 0.364453 0.899074 0.364193 0.899537 0.364193 0.902778 0.363932 0.903241 0.363932 0.906481 0.363672 0.906944 0.363672 0.911111 0.363411 0.911574 0.363411 0.915278 0.363151 0.915741 0.363151 0.918056 0.362891 0.918519 0.362891 0.921759 0.362630 0.922222 0.362630 0.925463 0.362370 0.925926 0.362370 0.929167 0.362109 0.929630 0.362109 0.932870 0.361849 0.933333 0.361849 0.937037 0.361589 0.937500 0.361589 0.940741 0.361328 0.941204 0.361328 0.945370 0.361068 0.945833 0.361068 0.950000 0.360807 0.950463 0.360807 0.954630 0.360547 0.955093 0.360547 0.957407 0.360286 0.957870 0.360286 0.960648 0.360026 0.961111 0.360026 0.964352 0.359766 0.964815 0.359766 0.968056 0.359505 0.968519 0.359505 0.971759 0.359245 0.972222 0.359245 0.975000 0.358984 0.975463 0.358984 0.977778 0.358724 0.978241 0.358724 0.981019 0.358464 0.981481 0.358464 0.983796 0.357943 0.986574 0.357943 0.989352 0.357682 0.989815 0.357682 0.993519 0.357422 0.993981 0.357422 0.996296 0.357161 0.997685 0.356380 0.999537
3 0.464062 0.740972 0.458073 0.740972 0.456250 0.739583 0.454036 0.735648 0.452995 0.732870 0.451432 0.729630 0.450651 0.727315 0.449089 0.721296 0.447005 0.715741 0.445443 0.712037 0.444661 0.709259 0.442578 0.705556 0.441536 0.702315 0.439453 0.698611 0.438672 0.696759 0.438151 0.693981 0.436458 0.690972 0.435677 0.690509 0.434245 0.688426 0.433464 0.686574 0.432682 0.683796 0.432422 0.681019 0.431901 0.679167 0.431901 0.677778 0.430859 0.673611 0.430078 0.671296 0.428255 0.667130 0.426302 0.663657 0.425000 0.662269 0.423828 0.660185 0.422786 0.656481 0.422786 0.653704 0.422526 0.653241 0.422526 0.636574 0.422266 0.636111 0.422266 0.633333 0.422526 0.632870 0.422526 0.616667 0.422786 0.616204 0.422786 0.604167 0.423047 0.603704 0.423047 0.594907 0.422786 0.593056 0.423047 0.592593 0.423047 0.573611 0.423307 0.573148 0.423307 0.567130 0.423568 0.566667 0.423568 0.563889 0.423828 0.563426 0.423828 0.560185 0.424089 0.559722 0.424089 0.557407 0.423828 0.556944 0.423828 0.553241 0.423568 0.552778 0.423828 0.550463 0.423828 0.547222 0.424089 0.546759 0.424089 0.541667 0.424349 0.541204 0.424349 0.530093 0.424609 0.529630 0.424609 0.525000 0.424870 0.523148 0.425911 0.519444 0.427344 0.516898 0.428385 0.515972 0.429167 0.515972 0.430469 0.515046 0.431771 0.514583 0.433333 0.514583 0.433594 0.514120 0.435156 0.514120 0.435417 0.513657 0.437240 0.513657 0.437500 0.513194 0.438802 0.513194 0.439063 0.512731 0.440365 0.512731 0.440625 0.512269 0.441927 0.512269 0.442188 0.511806 0.443490 0.511806 0.443750 0.511343 0.445573 0.510880 0.446615 0.509954 0.448437 0.509491 0.448698 0.509028 0.450260 0.509028 0.450521 0.508565 0.454167 0.507639 0.455729 0.506713 0.457031 0.506713 0.457292 0.506250 0.458594 0.506250 0.459896 0.505787 0.460156 0.506250 0.461979 0.506250 0.464583 0.508102 0.465234 0.509259 0.464974 0.510648 0.463151 0.513426 0.462109 0.516667 0.462109 0.525463 0.463411 0.530093 0.464453 0.532870 0.467969 0.539120 0.468750 0.540046 0.470573 0.541435 0.472135 0.541435 0.472396 0.541898 0.475000 0.541898 0.476302 0.540972 0.477865 0.540509 0.478646 0.539583 0.479687 0.539120 0.481250 0.536806 0.481510 0.536806 0.482943 0.534259 0.484505 0.530093 0.484766 0.527315 0.485026 0.526852 0.485026 0.524537 0.485286 0.524074 0.485286 0.513889 0.485026 0.513426 0.484766 0.510185 0.483464 0.506944 0.483464 0.506481 0.481901 0.503704 0.481641 0.502315 0.483594 0.498843 0.485677 0.496528 0.488281 0.496528 0.489583 0.496991 0.490755 0.500463 0.491016 0.504167 0.491536 0.506019 0.491536 0.507407 0.492057 0.509259 0.492057 0.510648 0.492839 0.513889 0.493359 0.517593 0.494401 0.520370 0.495833 0.522917 0.497396 0.524306 0.498698 0.526157 0.500000 0.527083 0.501042 0.528472 0.501823 0.528935 0.503646 0.528935 0.503906 0.529398 0.508854 0.529398 0.510156 0.528935 0.513021 0.526620 0.514974 0.520833 0.516016 0.518519 0.517578 0.511111 0.517578 0.503241 0.517057 0.500926 0.516797 0.498611 0.516797 0.495370 0.516016 0.490278 0.516276 0.488426 0.517969 0.485880 0.521094 0.484028 0.523698 0.484028 0.523958 0.483565 0.526042 0.483565 0.527604 0.482639 0.529687 0.482176 0.530469 0.481250 0.531771 0.480787 0.532552 0.479861 0.533594 0.479398 0.536458 0.479398 0.536719 0.478935 0.541406 0.478935 0.542708 0.478009 0.543750 0.478009 0.545052 0.477083 0.546875 0.476620 0.547917 0.475694 0.549740 0.475231 0.551302 0.474306 0.555729 0.474306 0.556510 0.474769 0.557682 0.476852 0.557682 0.477778 0.559245 0.483796 0.559245 0.486574 0.559505 0.487037 0.559505 0.489815 0.560286 0.493981 0.560547 0.496296 0.560547 0.499074 0.560807 0.499537 0.560807 0.502315 0.561589 0.506019 0.561589 0.507407 0.562109 0.510185 0.563411 0.515741 0.563932 0.521296 0.564714 0.524537 0.564714 0.530556 0.564974 0.532870 0.566016 0.538889 0.566797 0.546759 0.567318 0.550463 0.567839 0.552315 0.567839 0.553704 0.568359 0.556019 0.568359 0.557870 0.568880 0.561574 0.569401 0.563889 0.569401 0.565741 0.569922 0.569444 0.570182 0.569907 0.570443 0.573148 0.570703 0.573611 0.571224 0.579167 0.571745 0.581019 0.572005 0.584259 0.572526 0.587963 0.572786 0.588426 0.573047 0.592593 0.573568 0.594907 0.573828 0.599074 0.574349 0.601852 0.574349 0.604167 0.574870 0.606944 0.574870 0.610185 0.575130 0.610648 0.575130 0.614815 0.575391 0.615278 0.575391 0.618519 0.575651 0.618981 0.575651 0.621759 0.575911 0.622222 0.575911 0.625463 0.576172 0.625926 0.576172 0.628241 0.576432 0.628704 0.576432 0.631481 0.576693 0.631944 0.576693 0.634722 0.576953 0.635185 0.576953 0.637963 0.577214 0.638426 0.577214 0.641204 0.577474 0.641667 0.577474 0.644444 0.577734 0.644907 0.577734 0.647222 0.577995 0.647685 0.577995 0.650463 0.578255 0.650926 0.578255 0.653704 0.578516 0.654167 0.578516 0.656481 0.578776 0.656944 0.578776 0.659722 0.579036 0.660185 0.579036 0.662500 0.579557 0.664815 0.579557 0.667130 0.579818 0.667593 0.579818 0.670370 0.580078 0.670833 0.580078 0.673148 0.580339 0.673611 0.580339 0.675926 0.580599 0.676389 0.580599 0.679167 0.580859 0.679630 0.580859 0.682407 0.581120 0.682870 0.581120 0.685648 0.581380 0.686111 0.581380 0.689352 0.581641 0.689815 0.581641 0.693519 0.581901 0.693981 0.581901 0.700463 0.581380 0.703704 0.580859 0.705093 0.579427 0.707176 0.578906 0.707176 0.577083 0.708565 0.574740 0.709491 0.573177 0.709491 0.572917 0.709954 0.571354 0.709954 0.571094 0.710417 0.565104 0.712731 0.563542 0.712731 0.563281 0.713194 0.561979 0.713194 0.561719 0.713657 0.560417 0.713657 0.560156 0.714120 0.558594 0.714120 0.558333 0.714583 0.556771 0.714583 0.556510 0.715046 0.554167 0.715509 0.552865 0.716435 0.551042 0.716435 0.550781 0.716898 0.548958 0.716898 0.548698 0.717361 0.547396 0.717361 0.545833 0.718287 0.544531 0.718287 0.544271 0.718750 0.542708 0.718750 0.542448 0.719213 0.541146 0.719213 0.540885 0.719676 0.539062 0.719676 0.538802 0.720139 0.536719 0.720139 0.536458 0.720602 0.535156 0.720602 0.534896 0.721065 0.533594 0.721065 0.533333 0.721528 0.531771 0.721528 0.531510 0.721991 0.529948 0.721991 0.529687 0.722454 0.528385 0.722454 0.528125 0.722917 0.526563 0.722917 0.526302 0.723380 0.523958 0.723843 0.522396 0.724769 0.521094 0.724769 0.520833 0.725231 0.519271 0.725231 0.519010 0.725694 0.517708 0.725694 0.516146 0.726620 0.514844 0.726620 0.514583 0.727083 0.513281 0.727083 0.513021 0.727546 0.511719 0.727546 0.511458 0.728009 0.510156 0.728009 0.509896 0.728472 0.508073 0.728472 0.507812 0.728935 0.506510 0.728935 0.506250 0.729398 0.504948 0.729398 0.504687 0.729861 0.503125 0.729861 0.502865 0.730324 0.501563 0.730324 0.499219 0.731250 0.498177 0.732176 0.496875 0.732639 0.495312 0.732639 0.495052 0.733102 0.493750 0.733102 0.493490 0.733565 0.491667 0.733565 0.491406 0.734028 0.489583 0.734028 0.489323 0.734491 0.487760 0.734491 0.487500 0.734954 0.485938 0.734954 0.485677 0.735417 0.483854 0.735417 0.483594 0.735880 0.482031 0.735880 0.481771 0.736343 0.480469 0.736343 0.480208 0.736806 0.478906 0.736806 0.478646 0.737269 0.477083 0.737269 0.474219 0.738657 0.472917 0.738657 0.472656 0.739120 0.471354 0.739120 0.471094 0.739583 0.468750 0.739583 0.468490 0.740046 0.466667 0.740046 0.466406 0.740509 0.464323 0.740509 0.464062 0.740972
1 0.475260 0.541435 0.470052 0.541435 0.468490 0.540509 0.466927 0.539120 0.464974 0.535648 0.463411 0.531944 0.462630 0.529167 0.462630 0.528241 0.461849 0.525926 0.461589 0.524074 0.461589 0.517130 0.461849 0.515741 0.463411 0.511574 0.464453 0.509722 0.464974 0.507870 0.465625 0.506713 0.468229 0.503935 0.469531 0.503472 0.470573 0.502546 0.471875 0.502083 0.473438 0.502083 0.473698 0.501620 0.477604 0.501620 0.478646 0.502083 0.480208 0.503472 0.481771 0.505324 0.482943 0.507407 0.484505 0.511574 0.484505 0.512500 0.485286 0.515741 0.485286 0.525926 0.484766 0.529630 0.483984 0.532407 0.483203 0.534259 0.481510 0.537269 0.480208 0.538657 0.477344 0.540509 0.475260 0.541435
2 0.505469 0.528472 0.504948 0.528009 0.501823 0.528009 0.499479 0.526157 0.498177 0.525694 0.496094 0.523380 0.494922 0.521296 0.494141 0.519444 0.493099 0.515741 0.493099 0.514815 0.491797 0.509259 0.491536 0.506019 0.491016 0.503704 0.491016 0.499074 0.491276 0.498611 0.491276 0.496296 0.492057 0.493519 0.492839 0.491667 0.494010 0.489583 0.494271 0.489583 0.496615 0.485417 0.498437 0.483102 0.499740 0.482176 0.500521 0.482176 0.501823 0.481250 0.503906 0.481250 0.504167 0.480787 0.507031 0.480787 0.507292 0.481250 0.509115 0.481250 0.511458 0.483102 0.512760 0.484954 0.513802 0.485880 0.515495 0.488889 0.516016 0.490741 0.516276 0.493056 0.516797 0.494907 0.517057 0.498148 0.517839 0.502315 0.517839 0.507407 0.518099 0.509722 0.516797 0.516204 0.514714 0.521296 0.513021 0.524306 0.511979 0.524769 0.509115 0.527546 0.507812 0.528009 0.505729 0.528009 0.505469 0.528472
2 0.549219 0.600694 0.544271 0.600694 0.543229 0.599769 0.542448 0.599769 0.540885 0.598843 0.538542 0.596528 0.536328 0.592593 0.535547 0.589815 0.534505 0.587037 0.533984 0.584259 0.533984 0.582870 0.533464 0.580556 0.533464 0.578241 0.533203 0.577778 0.533203 0.575463 0.532943 0.575000 0.532943 0.564815 0.533464 0.562500 0.535026 0.557870 0.535547 0.555556 0.536198 0.554398 0.540885 0.550694 0.541406 0.550694 0.542708 0.549306 0.544271 0.548380 0.545573 0.548380 0.545833 0.547917 0.547656 0.547917 0.547917 0.547454 0.549740 0.547454 0.550000 0.547917 0.551302 0.547917 0.553125 0.549306 0.553906 0.550694 0.556250 0.552546 0.558984 0.557407 0.560026 0.560648 0.560286 0.563426 0.561068 0.567130 0.561068 0.569444 0.561328 0.569907 0.561328 0.573148 0.561589 0.573611 0.561589 0.580556 0.560807 0.585185 0.560026 0.587963 0.558724 0.590741 0.558724 0.591204 0.556250 0.595602 0.552865 0.598843 0.551302 0.599306 0.549219 0.600694
1 0.536719 0.555324 0.535417 0.554861 0.534635 0.553935 0.533594 0.553472 0.532943 0.551852 0.532161 0.549074 0.532161 0.548148 0.530339 0.540278 0.530078 0.536574 0.530339 0.536111 0.530339 0.532407 0.530599 0.531019 0.532422 0.526389 0.533203 0.524074 0.534896 0.521065 0.535937 0.520139 0.538802 0.518750 0.540625 0.517361 0.541667 0.516898 0.543750 0.516898 0.544010 0.516435 0.545573 0.516435 0.545833 0.516898 0.547917 0.516898 0.549219 0.517824 0.552083 0.521065 0.554297 0.525000 0.555078 0.527778 0.555599 0.531019 0.555599 0.537963 0.555078 0.540741 0.554297 0.542593 0.553776 0.544907 0.552995 0.547222 0.551562 0.548380 0.548177 0.548380 0.547917 0.548843 0.545573 0.548843 0.545312 0.549306 0.544010 0.549306 0.542708 0.550231 0.541927 0.550231 0.540365 0.551157 0.537500 0.554861 0.536719 0.555324
3 0.425000 0.998380 0.423698 0.998380 0.423438 0.997917 0.420833 0.997917 0.420573 0.997454 0.419271 0.997454 0.417839 0.995370 0.417839 0.988426 0.417578 0.987963 0.417578 0.980556 0.418099 0.978241 0.418359 0.975926 0.418359 0.969907 0.418620 0.969444 0.418620 0.966204 0.418880 0.965741 0.418880 0.962037 0.419141 0.961574 0.419141 0.957407 0.419401 0.956944 0.419401 0.950000 0.419661 0.949537 0.419661 0.946296 0.420443 0.942130 0.420443 0.935185 0.420703 0.934722 0.420703 0.931944 0.420964 0.931481 0.420964 0.928704 0.421224 0.928241 0.421224 0.917593 0.421484 0.917130 0.421484 0.912963 0.421745 0.912500 0.421745 0.902778 0.422005 0.902315 0.422005 0.889815 0.422266 0.889352 0.422266 0.884722 0.422526 0.884259 0.422526 0.875000 0.422786 0.874537 0.422786 0.867130 0.423047 0.866667 0.423047 0.859259 0.423307 0.858796 0.423307 0.855556 0.423568 0.855093 0.423568 0.852778 0.423828 0.852315 0.423828 0.841204 0.424089 0.840741 0.424089 0.838426 0.424349 0.837963 0.424349 0.831944 0.424089 0.830093 0.424349 0.827778 0.425130 0.824074 0.425130 0.814352 0.425651 0.811574 0.425651 0.800000 0.426172 0.797222 0.426172 0.794907 0.426693 0.792130 0.426693 0.790278 0.427474 0.786111 0.427734 0.782870 0.428516 0.780093 0.429688 0.778009 0.431771 0.775694 0.433594 0.775694 0.433854 0.775231 0.437760 0.775231 0.438021 0.775694 0.440625 0.775694 0.440885 0.775231 0.444531 0.775231 0.445833 0.776157 0.447135 0.776620 0.448958 0.776620 0.449219 0.776157 0.451042 0.776157 0.452083 0.775231 0.453125 0.773380 0.455208 0.771528 0.458333 0.771528 0.458594 0.771065 0.460417 0.770602 0.461979 0.769213 0.463021 0.768750 0.466667 0.768750 0.469271 0.767824 0.469531 0.767361 0.470833 0.767361 0.471094 0.766898 0.473698 0.766898 0.473958 0.766435 0.476042 0.766435 0.476302 0.765972 0.483333 0.765972 0.483594 0.765509 0.484896 0.765509 0.485156 0.765046 0.486458 0.765046 0.486719 0.764583 0.492708 0.764583 0.492969 0.764120 0.500260 0.764120 0.500521 0.763657 0.504427 0.763657 0.504687 0.763194 0.506771 0.763194 0.508333 0.762269 0.514062 0.762269 0.516927 0.759954 0.518229 0.759491 0.521094 0.759491 0.521354 0.759028 0.523958 0.758102 0.525521 0.758102 0.525781 0.757639 0.529167 0.757639 0.529427 0.757176 0.532552 0.757176 0.532813 0.756713 0.534635 0.756713 0.534896 0.756250 0.536719 0.756250 0.536979 0.755787 0.538542 0.755787 0.540104 0.754861 0.544531 0.754861 0.544792 0.754398 0.547917 0.754398 0.548177 0.753935 0.553646 0.753935 0.554948 0.753009 0.556250 0.752546 0.561719 0.752546 0.561979 0.752083 0.563281 0.752083 0.563542 0.751620 0.569531 0.751620 0.569792 0.751157 0.571094 0.751157 0.571354 0.750694 0.577344 0.750694 0.577604 0.750231 0.578906 0.750231 0.579167 0.749769 0.580990 0.749769 0.581250 0.750231 0.583073 0.750231 0.584375 0.750694 0.584635 0.750231 0.585938 0.750231 0.586198 0.749769 0.592708 0.749769 0.592969 0.750231 0.594271 0.750231 0.594531 0.750694 0.596354 0.751157 0.597917 0.752546 0.599089 0.754630 0.599349 0.756481 0.600130 0.759259 0.600130 0.761574 0.600391 0.762037 0.600391 0.765278 0.600651 0.765741 0.600651 0.768519 0.600911 0.768981 0.600911 0.771759 0.601172 0.772222 0.601172 0.776389 0.601432 0.776852 0.601432 0.781481 0.601953 0.783796 0.602214 0.787963 0.602474 0.788426 0.602474 0.792593 0.602214 0.793056 0.602474 0.795833 0.603255 0.798148 0.603255 0.799074 0.604036 0.801852 0.604036 0.805556 0.603776 0.806019 0.603776 0.808333 0.604036 0.810185 0.604557 0.811574 0.605078 0.814815 0.605078 0.817130 0.605339 0.817593 0.605339 0.820833 0.605599 0.823148 0.606380 0.827315 0.606380 0.829167 0.606901 0.831481 0.606901 0.832870 0.607422 0.835185 0.607682 0.837500 0.607682 0.839815 0.607943 0.840278 0.607943 0.843519 0.608203 0.843981 0.608203 0.846759 0.608464 0.847222 0.608464 0.849537 0.608724 0.850000 0.608724 0.852315 0.608984 0.852778 0.608984 0.855093 0.609245 0.855556 0.609245 0.863426 0.609505 0.863889 0.609505 0.866667 0.609766 0.867130 0.610286 0.871759 0.610286 0.875463 0.610547 0.875926 0.610547 0.878241 0.611068 0.881019 0.611849 0.883796 0.611849 0.886574 0.612109 0.887037 0.612109 0.891204 0.612370 0.893519 0.612891 0.895833 0.612891 0.898148 0.613151 0.898611 0.613151 0.901389 0.613411 0.901852 0.613932 0.906481 0.613932 0.908796 0.614193 0.909259 0.614193 0.912037 0.614714 0.914815 0.615234 0.916204 0.616016 0.921296 0.616016 0.924537 0.616276 0.925000 0.616276 0.930093 0.616536 0.930556 0.616536 0.935185 0.616797 0.935648 0.616797 0.939815 0.617057 0.940278 0.617057 0.942593 0.617318 0.943056 0.617318 0.945370 0.617839 0.948148 0.617839 0.950926 0.618359 0.953704 0.618359 0.957870 0.618620 0.958333 0.618620 0.961574 0.618880 0.963426 0.619661 0.966667 0.619661 0.969907 0.619922 0.970370 0.619922 0.975463 0.620964 0.981019 0.620964 0.983333 0.621224 0.983796 0.621224 0.987500 0.621484 0.989815 0.620703 0.994907 0.619531 0.996991 0.618490 0.997454 0.577083 0.997454 0.576823 0.997917 0.574740 0.997917 0.574479 0.997454 0.554948 0.997454 0.554688 0.997917 0.547656 0.997917 0.547396 0.997454 0.495312 0.997454 0.495052 0.996991 0.493229 0.996991 0.492969 0.997454 0.465625 0.997454 0.465365 0.996991 0.458854 0.996991 0.458594 0.997454 0.438802 0.997454 0.438542 0.997917 0.425260 0.997917 0.425000 0.998380
0 0.729948 0.493750 0.726823 0.493750 0.725781 0.493287 0.724609 0.491667 0.724089 0.489352 0.722786 0.485185 0.722526 0.483796 0.722526 0.479630 0.722786 0.479167 0.723047 0.476389 0.724089 0.473611 0.724609 0.471296 0.724609 0.469907 0.725911 0.465278 0.726953 0.459722 0.727474 0.454167 0.728516 0.450926 0.729948 0.448380 0.732031 0.446528 0.734635 0.445602 0.735417 0.444676 0.738021 0.444676 0.738281 0.445139 0.739844 0.445139 0.742969 0.446528 0.745313 0.448843 0.747266 0.452315 0.748307 0.456019 0.748307 0.458796 0.748568 0.459259 0.748568 0.462500 0.748307 0.462963 0.747786 0.467593 0.747005 0.470370 0.747005 0.472685 0.746745 0.473148 0.746745 0.476852 0.746484 0.477315 0.746484 0.481019 0.746224 0.481481 0.746224 0.484259 0.745703 0.487037 0.744792 0.488657 0.743490 0.489583 0.742708 0.489583 0.741406 0.490509 0.739844 0.490509 0.739583 0.490972 0.738281 0.490972 0.736719 0.491898 0.735417 0.491898 0.735156 0.492361 0.733594 0.492361 0.733333 0.492824 0.731771 0.492824 0.731510 0.493287 0.730208 0.493287 0.729948 0.493750
0 0.683854 0.512731 0.680729 0.512731 0.678385 0.510880 0.676953 0.508333 0.675911 0.506019 0.674870 0.500926 0.674349 0.499537 0.673828 0.495370 0.674349 0.492593 0.676172 0.486111 0.676693 0.483333 0.676693 0.481019 0.676953 0.480556 0.676953 0.475463 0.677214 0.473148 0.677734 0.470833 0.677734 0.469444 0.678516 0.466667 0.680208 0.463657 0.682292 0.461806 0.683073 0.461806 0.684375 0.460880 0.685677 0.460417 0.687500 0.460417 0.687760 0.459954 0.690365 0.459954 0.691406 0.460880 0.692708 0.461343 0.694271 0.462731 0.695964 0.465741 0.696484 0.468056 0.697005 0.468981 0.697526 0.473148 0.697786 0.473611 0.697786 0.477778 0.697526 0.478241 0.697526 0.481481 0.697266 0.481944 0.697266 0.497222 0.696484 0.499537 0.694531 0.503009 0.692708 0.504398 0.691406 0.504398 0.689844 0.505324 0.689063 0.506250 0.685937 0.511806 0.684115 0.512269 0.683854 0.512731
0 0.697656 0.462269 0.696615 0.461806 0.694792 0.461806 0.693490 0.461343 0.691146 0.459491 0.689714 0.456944 0.688672 0.452315 0.688151 0.448611 0.688151 0.445833 0.687891 0.445370 0.687891 0.442593 0.687370 0.439815 0.687370 0.436574 0.687109 0.436111 0.687109 0.432870 0.686849 0.432407 0.686849 0.425000 0.687109 0.424537 0.687370 0.421296 0.688411 0.418056 0.688672 0.416667 0.690365 0.413657 0.692448 0.411806 0.694271 0.410880 0.695573 0.410880 0.695833 0.410417 0.700000 0.410417 0.700260 0.410880 0.701562 0.410880 0.704167 0.412269 0.705208 0.413194 0.706380 0.415278 0.707422 0.418981 0.707682 0.421296 0.707682 0.424537 0.707943 0.425000 0.707943 0.430556 0.708203 0.431019 0.708203 0.434259 0.708464 0.434722 0.708464 0.441667 0.708724 0.442130 0.708724 0.444907 0.708984 0.445370 0.708984 0.449537 0.708203 0.453704 0.706510 0.457176 0.704948 0.458565 0.704427 0.459491 0.703125 0.460417 0.701302 0.460880 0.699740 0.461806 0.697917 0.461806 0.697656 0.462269
2 0.751302 0.453009 0.750781 0.452546 0.748177 0.452546 0.747135 0.451620 0.745573 0.449306 0.744010 0.447917 0.743490 0.447917 0.740625 0.446065 0.739583 0.446065 0.737500 0.444676 0.736328 0.442593 0.735807 0.439815 0.735807 0.437037 0.735547 0.436574 0.735547 0.427778 0.735807 0.427315 0.735807 0.424074 0.736068 0.423611 0.736068 0.419907 0.736328 0.419444 0.736589 0.416667 0.737370 0.413889 0.738542 0.411806 0.738802 0.411806 0.740625 0.408565 0.741146 0.408565 0.743229 0.406713 0.745313 0.406250 0.746875 0.405324 0.753125 0.405324 0.753385 0.405787 0.754948 0.405787 0.755208 0.406250 0.756510 0.406250 0.759896 0.408565 0.761458 0.410880 0.762500 0.411806 0.763932 0.414352 0.764193 0.415741 0.765495 0.419907 0.765495 0.424074 0.765234 0.424537 0.765234 0.426852 0.764453 0.429630 0.763932 0.433796 0.762630 0.442130 0.761589 0.444907 0.759375 0.448843 0.757031 0.451157 0.755469 0.451620 0.755208 0.452083 0.753646 0.452083 0.753385 0.452546 0.751563 0.452546 0.751302 0.453009
1 0.655469 0.484028 0.649740 0.484028 0.648698 0.483565 0.647135 0.482176 0.646615 0.482176 0.645052 0.480324 0.642318 0.475463 0.641536 0.470370 0.641276 0.469907 0.641276 0.455093 0.641797 0.452778 0.642318 0.451852 0.642839 0.449074 0.644271 0.446065 0.646354 0.444676 0.647135 0.443750 0.648438 0.443287 0.649479 0.442361 0.650781 0.442361 0.651042 0.441898 0.656771 0.441898 0.657031 0.442361 0.658333 0.442361 0.659896 0.443287 0.663281 0.446528 0.664453 0.448611 0.664974 0.450463 0.665495 0.454630 0.665495 0.459259 0.665755 0.459722 0.665755 0.462500 0.665495 0.462963 0.665495 0.465741 0.665234 0.466204 0.665234 0.468519 0.664974 0.470370 0.664193 0.473148 0.664193 0.474074 0.663411 0.476389 0.661198 0.480324 0.660417 0.481250 0.658073 0.483102 0.655469 0.484028
2 0.670312 0.560880 0.666927 0.560880 0.665625 0.560417 0.662760 0.558102 0.662240 0.558102 0.660417 0.556250 0.659375 0.554861 0.657422 0.551389 0.656641 0.549537 0.655339 0.545370 0.655078 0.543519 0.655078 0.540278 0.654818 0.539815 0.654818 0.536111 0.655078 0.535648 0.655078 0.532407 0.655339 0.531944 0.655339 0.528704 0.655599 0.528241 0.655599 0.525926 0.655859 0.525463 0.656120 0.522685 0.657161 0.519444 0.658594 0.516898 0.658854 0.516898 0.661198 0.513657 0.663021 0.511806 0.664323 0.511343 0.665625 0.510417 0.670833 0.510417 0.671094 0.510880 0.672396 0.510880 0.672656 0.511343 0.674219 0.511343 0.677083 0.512731 0.679167 0.515046 0.679818 0.516667 0.682682 0.521759 0.683464 0.525000 0.683724 0.526852 0.683724 0.529167 0.683984 0.529630 0.683724 0.531944 0.682813 0.533565 0.680990 0.534954 0.680208 0.534954 0.677344 0.536806 0.674870 0.541204 0.674089 0.543056 0.673047 0.547222 0.672526 0.548611 0.672005 0.551852 0.672005 0.556481 0.671745 0.558796 0.670312 0.560880
2 0.963281 0.390046 0.958333 0.390046 0.958073 0.389583 0.956510 0.389583 0.956250 0.389120 0.954948 0.389120 0.951042 0.386806 0.948958 0.384954 0.948438 0.384954 0.946094 0.382639 0.944010 0.379861 0.941797 0.375926 0.940755 0.372222 0.940755 0.364352 0.941016 0.363889 0.942578 0.357407 0.943620 0.354630 0.943620 0.353704 0.944922 0.349537 0.946875 0.345602 0.947917 0.344213 0.948698 0.343750 0.950260 0.341898 0.954948 0.339583 0.956510 0.339583 0.956771 0.339120 0.958594 0.339120 0.958854 0.338657 0.961198 0.338657 0.961458 0.339120 0.965365 0.339120 0.965625 0.339583 0.966927 0.339583 0.968229 0.340509 0.970052 0.340972 0.971354 0.341898 0.973698 0.344213 0.974219 0.344213 0.975781 0.346065 0.977734 0.349537 0.978776 0.354167 0.979557 0.356481 0.979557 0.361574 0.979297 0.362037 0.979297 0.364352 0.978516 0.366667 0.976953 0.372685 0.975391 0.376389 0.974870 0.378241 0.973828 0.380556 0.971615 0.384491 0.969010 0.387269 0.965885 0.389120 0.963542 0.389583 0.963281 0.390046
0 0.905990 0.403009 0.898698 0.403009 0.898438 0.402546 0.896875 0.402546 0.895312 0.401620 0.892448 0.398843 0.890495 0.395370 0.889453 0.391667 0.889453 0.389352 0.889193 0.388889 0.889193 0.382870 0.889714 0.380093 0.890495 0.377778 0.891016 0.373611 0.891016 0.371296 0.891536 0.368519 0.893099 0.363426 0.894141 0.361111 0.895443 0.358796 0.896745 0.355093 0.899479 0.350231 0.901563 0.348843 0.902865 0.348843 0.903125 0.348380 0.904687 0.348380 0.904948 0.347917 0.906771 0.347917 0.907031 0.347454 0.909375 0.347454 0.909635 0.347917 0.911979 0.347917 0.913281 0.348380 0.914583 0.349306 0.915365 0.349306 0.917188 0.351157 0.919401 0.355093 0.920443 0.358333 0.920443 0.359722 0.920964 0.362037 0.920964 0.365278 0.919401 0.370370 0.918620 0.372222 0.918620 0.373611 0.918099 0.375926 0.918099 0.377778 0.917578 0.379630 0.917318 0.381944 0.916016 0.387500 0.915234 0.389815 0.913932 0.394907 0.911979 0.399306 0.910156 0.401157 0.908854 0.401620 0.907552 0.402546 0.906250 0.402546 0.905990 0.403009
11 0.999740 0.890972 0.997917 0.890972 0.997656 0.891435 0.996354 0.891435 0.996094 0.891898 0.994792 0.891898 0.994531 0.892361 0.993229 0.892361 0.991667 0.893287 0.990365 0.893287 0.990104 0.893750 0.988542 0.893750 0.988281 0.894213 0.986458 0.894213 0.986198 0.894676 0.982292 0.894676 0.982031 0.895139 0.980208 0.895139 0.979948 0.895602 0.978385 0.895602 0.978125 0.896065 0.976823 0.896065 0.975521 0.896528 0.974479 0.897454 0.973698 0.897454 0.972656 0.898380 0.971354 0.898843 0.968229 0.898843 0.967969 0.899306 0.966667 0.898843 0.964844 0.898843 0.964583 0.898380 0.963281 0.898380 0.962500 0.897454 0.958464 0.890278 0.957422 0.887500 0.955599 0.884259 0.955078 0.881481 0.954297 0.879167 0.953776 0.875463 0.952734 0.872222 0.950911 0.868519 0.950911 0.868056 0.949609 0.865278 0.949089 0.862037 0.949089 0.859722 0.948047 0.855556 0.946745 0.852315 0.945964 0.848611 0.945964 0.847222 0.944922 0.842593 0.943750 0.840972 0.942708 0.840972 0.940885 0.842361 0.939844 0.842361 0.937760 0.846065 0.936979 0.846991 0.934375 0.849306 0.933073 0.851620 0.930208 0.854398 0.929167 0.855787 0.927865 0.858102 0.926302 0.859954 0.925521 0.860417 0.924740 0.861806 0.922396 0.864120 0.921094 0.865972 0.919271 0.869213 0.917708 0.870602 0.917188 0.871528 0.915625 0.872917 0.914844 0.874306 0.913802 0.875231 0.910156 0.879861 0.908333 0.881250 0.904948 0.887269 0.903646 0.888657 0.902344 0.889583 0.901563 0.890972 0.900521 0.891898 0.898177 0.895139 0.895833 0.899306 0.894531 0.900694 0.893229 0.902546 0.890234 0.907870 0.889193 0.911111 0.888281 0.912731 0.885938 0.914583 0.885156 0.914583 0.884115 0.915509 0.883073 0.915509 0.881771 0.916435 0.880469 0.916898 0.877083 0.916898 0.876823 0.917361 0.875000 0.917361 0.874740 0.917824 0.872917 0.917824 0.872656 0.918287 0.870833 0.918287 0.870573 0.918750 0.868750 0.918750 0.868490 0.919213 0.865625 0.919213 0.865365 0.919676 0.862500 0.919676 0.862240 0.920139 0.859896 0.920139 0.859635 0.920602 0.857812 0.920602 0.857552 0.921065 0.854948 0.921065 0.854688 0.921528 0.851302 0.921528 0.851042 0.921991 0.848177 0.921991 0.847917 0.922454 0.844531 0.922454 0.844271 0.922917 0.841406 0.922917 0.841146 0.923380 0.838542 0.923380 0.838281 0.923843 0.834115 0.923843 0.833854 0.924306 0.830469 0.924306 0.830208 0.924769 0.828385 0.924769 0.828125 0.925231 0.826823 0.925231 0.826562 0.925694 0.825260 0.925694 0.825000 0.926157 0.822135 0.926157 0.821875 0.926620 0.819531 0.926620 0.819271 0.927083 0.816667 0.927083 0.816406 0.927546 0.813802 0.927546 0.813542 0.928009 0.811458 0.928009 0.811198 0.928472 0.808594 0.928472 0.808333 0.928935 0.805469 0.928935 0.805208 0.929398 0.802344 0.929398 0.802083 0.929861 0.798698 0.929861 0.798438 0.930324 0.796094 0.930324 0.795833 0.930787 0.792969 0.930787 0.792708 0.931250 0.789583 0.931250 0.789323 0.931713 0.786719 0.931713 0.786458 0.932176 0.783333 0.932176 0.783073 0.932639 0.780469 0.932639 0.780208 0.933102 0.777344 0.933102 0.777083 0.933565 0.774479 0.933565 0.774219 0.934028 0.772135 0.934028 0.771875 0.934491 0.769271 0.934491 0.769010 0.934954 0.765885 0.934954 0.765625 0.935417 0.763542 0.935417 0.763281 0.935880 0.760417 0.935880 0.760156 0.936343 0.756510 0.936343 0.756250 0.936806 0.753385 0.936806 0.753125 0.937269 0.750781 0.937269 0.750521 0.937731 0.748958 0.937731 0.748698 0.938194 0.746875 0.938194 0.746615 0.938657 0.744271 0.938657 0.744010 0.939120 0.741927 0.939120 0.741667 0.939583 0.740104 0.939583 0.739844 0.940046 0.736198 0.940046 0.735938 0.940509 0.734635 0.940509 0.734375 0.940972 0.733073 0.940972 0.732812 0.941435 0.730990 0.941435 0.730729 0.941898 0.727344 0.941898 0.727083 0.942361 0.724479 0.942361 0.724219 0.942824 0.720573 0.942824 0.720313 0.943287 0.716927 0.943287 0.716667 0.943750 0.713802 0.943750 0.713542 0.944213 0.711198 0.944213 0.710938 0.944676 0.708594 0.944676 0.708333 0.945139 0.704167 0.945139 0.703906 0.945602 0.699219 0.945602 0.698958 0.946065 0.696354 0.946065 0.696094 0.946528 0.694271 0.946528 0.694010 0.946991 0.690885 0.946991 0.690625 0.947454 0.687500 0.947454 0.687240 0.947917 0.684375 0.947917 0.684115 0.948380 0.680729 0.948380 0.680469 0.948843 0.676562 0.948843 0.676302 0.948380 0.674219 0.947917 0.673438 0.946991 0.672266 0.943519 0.671484 0.940278 0.671484 0.937500 0.671224 0.937037 0.671224 0.933796 0.670964 0.933333 0.670964 0.930093 0.670182 0.925000 0.669141 0.921759 0.669141 0.920833 0.668359 0.917593 0.667578 0.913426 0.667318 0.910185 0.666536 0.907407 0.665755 0.902315 0.665234 0.900926 0.664974 0.897222 0.664453 0.894444 0.663932 0.888889 0.663411 0.887037 0.662891 0.881481 0.662370 0.877778 0.661328 0.873148 0.661328 0.871759 0.660807 0.869907 0.660026 0.864352 0.658724 0.857870 0.658203 0.854630 0.658203 0.852778 0.657682 0.850926 0.657682 0.849537 0.656901 0.844907 0.656641 0.844444 0.656120 0.840741 0.656120 0.838889 0.655599 0.836574 0.655599 0.835185 0.655078 0.833333 0.655078 0.831944 0.654557 0.830556 0.654036 0.826852 0.653516 0.825000 0.653255 0.821759 0.652734 0.819907 0.652734 0.818519 0.652214 0.816667 0.652214 0.815278 0.651693 0.812963 0.651693 0.811574 0.650391 0.805556 0.649349 0.799074 0.648828 0.793056 0.648047 0.789815 0.647526 0.785648 0.647526 0.782870 0.647266 0.780556 0.646484 0.777778 0.646224 0.775926 0.645703 0.775000 0.645443 0.773148 0.645443 0.765741 0.645182 0.765278 0.645182 0.762037 0.644922 0.761574 0.644922 0.759259 0.644661 0.758796 0.644661 0.756481 0.644141 0.753704 0.642839 0.751389 0.642578 0.750000 0.641536 0.747222 0.641016 0.744444 0.641016 0.742593 0.640495 0.738426 0.639714 0.735648 0.639714 0.734722 0.638932 0.732870 0.638411 0.728704 0.637891 0.726852 0.637630 0.724537 0.637630 0.722222 0.636849 0.718519 0.636849 0.716667 0.635807 0.710185 0.635026 0.708333 0.634766 0.706019 0.634245 0.704630 0.633984 0.700926 0.633724 0.700463 0.633724 0.698148 0.633464 0.696296 0.632161 0.691667 0.630339 0.679167 0.629818 0.676852 0.629818 0.675000 0.629297 0.670833 0.627995 0.665741 0.627474 0.664815 0.626953 0.662500 0.626953 0.660648 0.626432 0.658333 0.626172 0.654167 0.625651 0.651852 0.625130 0.646296 0.624870 0.645833 0.624089 0.638889 0.623307 0.636574 0.622786 0.631481 0.622266 0.629167 0.621745 0.623611 0.621224 0.621759 0.620703 0.615741 0.620182 0.612963 0.619401 0.610648 0.619141 0.608333 0.618620 0.606481 0.618359 0.604167 0.618359 0.601852 0.618099 0.601389 0.618099 0.599074 0.617578 0.596759 0.617578 0.595370 0.617057 0.593519 0.617057 0.590741 0.616797 0.590278 0.616797 0.587500 0.616536 0.585648 0.614714 0.578704 0.614453 0.576852 0.614453 0.574074 0.613151 0.566204 0.613151 0.563889 0.612891 0.563426 0.612891 0.561111 0.612630 0.559259 0.611589 0.556481 0.611589 0.555093 0.611068 0.553704 0.610547 0.550926 0.610547 0.547222 0.610286 0.545370 0.610547 0.543519 0.611719 0.541435 0.615365 0.540046 0.616667 0.538657 0.621354 0.536806 0.623698 0.536806 0.625130 0.538889 0.625391 0.540741 0.625911 0.542130 0.626172 0.544907 0.626432 0.545370 0.626953 0.551389 0.627604 0.552546 0.629948 0.554398 0.631510 0.554861 0.631771 0.555324 0.634375 0.556250 0.638021 0.556250 0.638542 0.556713 0.639714 0.559259 0.639714 0.565278 0.639974 0.565741 0.640234 0.569444 0.641016 0.573148 0.641016 0.587963 0.641276 0.588426 0.641276 0.597685 0.641536 0.598148 0.641536 0.601389 0.641797 0.603704 0.642839 0.608333 0.642839 0.610648 0.645312 0.610417 0.647005 0.608796 0.647526 0.606944 0.649479 0.603935 0.650521 0.603009 0.653906 0.603009 0.654818 0.604167 0.655339 0.606019 0.655078 0.608333 0.654297 0.609722 0.653646 0.611806 0.653125 0.611806 0.651693 0.613426 0.651953 0.615278 0.653385 0.616435 0.653776 0.617130 0.654297 0.620833 0.654818 0.622685 0.656250 0.624306 0.659635 0.624306 0.661198 0.623380 0.665365 0.623380 0.665625 0.622917 0.668750 0.622917 0.669010 0.622454 0.670573 0.622454 0.671615 0.621991 0.672396 0.621065 0.673828 0.620370 0.673047 0.618981 0.671745 0.612963 0.671745 0.612037 0.670964 0.609259 0.670443 0.608333 0.670443 0.606019 0.670703 0.605093 0.672135 0.602546 0.673177 0.601620 0.675260 0.601620 0.677083 0.602546 0.677734 0.601389 0.677734 0.599537 0.677083 0.596991 0.675521 0.597454 0.673958 0.598380 0.673177 0.597917 0.672005 0.593519 0.672005 0.588426 0.671745 0.587500 0.672005 0.586111 0.673177 0.584028 0.674089 0.582870 0.674609 0.580556 0.674349 0.578704 0.674349 0.575000 0.674089 0.572685 0.673307 0.569907 0.673307 0.568981 0.672526 0.567593 0.672005 0.565278 0.672005 0.559259 0.673047 0.554630 0.673047 0.552778 0.673568 0.550463 0.675651 0.545370 0.676432 0.542593 0.679948 0.536343 0.681771 0.534954 0.682552 0.534954 0.683594 0.534028 0.684896 0.533565 0.686068 0.531481 0.686328 0.530556 0.686328 0.523148 0.686589 0.522685 0.686589 0.517130 0.688151 0.512037 0.689583 0.509491 0.694531 0.506250 0.695573 0.506250 0.696875 0.505324 0.697917 0.505324 0.700521 0.503935 0.702344 0.502083 0.704688 0.501157 0.706510 0.501157 0.706771 0.500694 0.708854 0.500694 0.709115 0.500231 0.710677 0.500231 0.710938 0.499769 0.712240 0.499769 0.712500 0.499306 0.714063 0.499306 0.714323 0.498843 0.716406 0.498843 0.716667 0.498380 0.718490 0.498380 0.718750 0.497917 0.730469 0.497917 0.730729 0.497454 0.733073 0.497454 0.733333 0.496991 0.735156 0.496528 0.736458 0.495602 0.737500 0.495602 0.738802 0.494676 0.739844 0.494676 0.742188 0.493287 0.742969 0.493287 0.744271 0.492361 0.745573 0.492361 0.747135 0.491435 0.749219 0.491435 0.749479 0.490972 0.752865 0.490972 0.753125 0.490509 0.754427 0.490509 0.755469 0.490046 0.758073 0.488194 0.760938 0.487269 0.762760 0.485880 0.767969 0.485880 0.769271 0.484954 0.772917 0.484028 0.773177 0.483565 0.774740 0.483565 0.775000 0.483102 0.776563 0.483102 0.776823 0.482639 0.778646 0.482639 0.779948 0.481713 0.781510 0.481713 0.781771 0.481250 0.783073 0.481250 0.784115 0.480787 0.785937 0.479398 0.787760 0.478935 0.789323 0.478009 0.790625 0.478009 0.792188 0.477083 0.793229 0.477083 0.794531 0.476157 0.797917 0.476157 0.798177 0.475694 0.799740 0.475694 0.801302 0.474769 0.802604 0.474769 0.804167 0.473843 0.805469 0.473843 0.805729 0.473380 0.807031 0.473380 0.807292 0.472917 0.809115 0.472917 0.809375 0.472454 0.810677 0.472454 0.813021 0.471065 0.814323 0.470602 0.816146 0.470602 0.816406 0.470139 0.818229 0.470139 0.819792 0.469213 0.821094 0.469213 0.821354 0.468750 0.822656 0.468750 0.822917 0.468287 0.824740 0.468287 0.825000 0.467824 0.826302 0.467824 0.826562 0.467361 0.828385 0.467361 0.828646 0.466898 0.830208 0.466898 0.830469 0.466435 0.831771 0.466435 0.832031 0.465972 0.833333 0.465972 0.833594 0.465509 0.834896 0.465509 0.835156 0.465046 0.836458 0.465046 0.838021 0.464120 0.839583 0.464120 0.839844 0.463657 0.841406 0.463657 0.841667 0.463194 0.843490 0.463194 0.845052 0.462269 0.846094 0.462269 0.848177 0.461343 0.848958 0.460417 0.851042 0.459491 0.851823 0.458565 0.853125 0.458102 0.854427 0.457176 0.855729 0.457176 0.855990 0.456713 0.857812 0.456713 0.858073 0.456250 0.863802 0.456250 0.864062 0.455787 0.866146 0.455787 0.866406 0.455324 0.868490 0.454398 0.870573 0.454398 0.870833 0.453935 0.873177 0.453935 0.875260 0.451620 0.877344 0.450694 0.880078 0.448611 0.879167 0.446528 0.878125 0.446065 0.876823 0.446065 0.876563 0.445602 0.874219 0.445602 0.873958 0.445139 0.871354 0.445139 0.871094 0.444676 0.867708 0.444676 0.867448 0.445139 0.865885 0.445139 0.865625 0.445602 0.863281 0.445602 0.863021 0.446065 0.859896 0.446065 0.858594 0.445602 0.857292 0.444676 0.855859 0.442130 0.855859 0.439352 0.856380 0.437963 0.856641 0.434259 0.856901 0.433796 0.857422 0.430093 0.857422 0.428704 0.857943 0.426389 0.858984 0.424074 0.860286 0.418056 0.860547 0.415741 0.860547 0.413426 0.860807 0.412963 0.861589 0.409259 0.863672 0.405556 0.863672 0.405093 0.865625 0.401620 0.866406 0.401157 0.868099 0.398148 0.868880 0.393056 0.869531 0.391435 0.871615 0.390509 0.872786 0.388426 0.873437 0.385880 0.875260 0.385417 0.876302 0.384491 0.877604 0.384028 0.880208 0.384028 0.880469 0.383565 0.884635 0.383565 0.885677 0.384028 0.887109 0.386111 0.887370 0.388426 0.888411 0.392130 0.889453 0.394444 0.889714 0.396296 0.890755 0.400000 0.892188 0.402546 0.893490 0.403472 0.894792 0.403472 0.895052 0.403935 0.896354 0.403935 0.896615 0.404398 0.897917 0.404398 0.899479 0.405324 0.903125 0.405324 0.903385 0.404861 0.908073 0.404861 0.909375 0.404398 0.910417 0.403472 0.911198 0.403472 0.912760 0.402083 0.913802 0.400694 0.915234 0.398148 0.915234 0.397685 0.917578 0.392593 0.918359 0.389352 0.918880 0.388426 0.919401 0.386111 0.920443 0.382870 0.920703 0.380556 0.921224 0.378704 0.921224 0.376389 0.921484 0.375926 0.921484 0.372222 0.922005 0.370370 0.923177 0.368750 0.924479 0.367824 0.927604 0.366435 0.929167 0.366435 0.929427 0.365972 0.930729 0.365972 0.932292 0.365046 0.934115 0.365046 0.934375 0.364583 0.936198 0.364583 0.937240 0.365046 0.937891 0.366204 0.938672 0.368981 0.939714 0.374074 0.939714 0.375000 0.940365 0.376157 0.941927 0.378009 0.942708 0.378472 0.944141 0.381019 0.945573 0.384491 0.947135 0.385880 0.950000 0.387269 0.951042 0.387269 0.952344 0.388194 0.954427 0.389120 0.961458 0.389120 0.962500 0.389583 0.962760 0.389120 0.964063 0.389120 0.965625 0.388194 0.966927 0.388194 0.968229 0.387269 0.969271 0.387269 0.971615 0.385880 0.974349 0.381019 0.975391 0.378704 0.976693 0.373611 0.979297 0.367130 0.980078 0.364352 0.980078 0.361574 0.979818 0.361111 0.979818 0.356481 0.980599 0.353241 0.980859 0.351389 0.981510 0.350231 0.982812 0.348843 0.984115 0.348380 0.985417 0.347454 0.986719 0.347454 0.986979 0.346991 0.988281 0.346991 0.988542 0.346528 0.990104 0.346528 0.990365 0.346065 0.992708 0.346065 0.992969 0.345602 0.994271 0.345602 0.995573 0.345139 0.996875 0.344213 0.999740 0.344213
6 0.201563 0.315972 0.200521 0.315046 0.199609 0.312963 0.198307 0.310648 0.198307 0.310185 0.196875 0.307639 0.195052 0.306250 0.194010 0.305787 0.183594 0.305787 0.182292 0.305324 0.180469 0.303472 0.179688 0.302083 0.178125 0.300694 0.176042 0.297454 0.174479 0.295602 0.173177 0.295139 0.172135 0.293750 0.171354 0.293287 0.169661 0.289815 0.169401 0.288426 0.166536 0.283333 0.166536 0.282870 0.164714 0.279630 0.164714 0.279167 0.162891 0.274537 0.162630 0.273148 0.160547 0.268056 0.158724 0.262500 0.158724 0.261574 0.157943 0.259259 0.156120 0.256019 0.155599 0.254630 0.154818 0.251389 0.153776 0.248148 0.153255 0.245370 0.152734 0.244444 0.152214 0.242130 0.151693 0.241204 0.150911 0.238426 0.149870 0.236574 0.149089 0.234259 0.147786 0.231481 0.146224 0.225463 0.144661 0.222222 0.143099 0.216667 0.142057 0.214352 0.141536 0.212500 0.140755 0.211111 0.139714 0.208333 0.139193 0.206019 0.138411 0.203704 0.138411 0.202778 0.137109 0.198611 0.135547 0.194907 0.134505 0.191204 0.132682 0.187500 0.132161 0.185185 0.131380 0.182870 0.131120 0.181019 0.130599 0.180093 0.130078 0.177778 0.129036 0.175463 0.128255 0.173148 0.127474 0.169907 0.126953 0.168519 0.125651 0.166204 0.124609 0.162963 0.124349 0.160648 0.124349 0.157870 0.124089 0.156481 0.121484 0.151852 0.121484 0.151389 0.120182 0.148611 0.119661 0.146296 0.117839 0.140278 0.116536 0.135185 0.116536 0.132870 0.116276 0.132407 0.116276 0.123611 0.116536 0.123148 0.116536 0.120833 0.117057 0.119444 0.117578 0.116204 0.118620 0.112963 0.120443 0.109259 0.121484 0.106019 0.123307 0.102778 0.124609 0.099074 0.126823 0.095139 0.127083 0.095139 0.128516 0.092593 0.128516 0.092130 0.129688 0.090046 0.129948 0.090046 0.131250 0.087731 0.131510 0.087731 0.133594 0.084028 0.135677 0.081713 0.136979 0.079861 0.138542 0.077083 0.138802 0.077083 0.142187 0.071065 0.145052 0.067824 0.145833 0.067361 0.146875 0.065972 0.148438 0.063194 0.149479 0.061806 0.150260 0.061343 0.152083 0.059491 0.153385 0.057639 0.155729 0.055787 0.157812 0.053009 0.159115 0.052083 0.160677 0.049769 0.160938 0.049769 0.162370 0.047222 0.162370 0.046759 0.164062 0.043750 0.165365 0.042361 0.166927 0.041435 0.169271 0.040509 0.170833 0.038657 0.172396 0.036343 0.175260 0.033565 0.176823 0.032639 0.179688 0.029861 0.181250 0.028935 0.182031 0.028935 0.183073 0.028009 0.183854 0.028009 0.184896 0.027083 0.186458 0.027083 0.186719 0.026620 0.190625 0.026620 0.190885 0.026157 0.193490 0.026157 0.197656 0.024306 0.199479 0.024306 0.199740 0.023843 0.201302 0.023843 0.202344 0.023380 0.204167 0.021991 0.205469 0.021528 0.207031 0.021528 0.207292 0.021065 0.208854 0.021065 0.209115 0.020602 0.210677 0.020602 0.210938 0.020139 0.213021 0.020139 0.213281 0.019676 0.215885 0.019676 0.216146 0.019213 0.217969 0.019213 0.218229 0.018750 0.219792 0.018750 0.220052 0.018287 0.230990 0.018287 0.231250 0.017824 0.243229 0.017824 0.243490 0.018287 0.248438 0.018287 0.248698 0.018750 0.250781 0.018750 0.253646 0.020139 0.255208 0.021528 0.256510 0.023380 0.257552 0.023843 0.258854 0.025231 0.260156 0.025694 0.262240 0.027546 0.263151 0.029630 0.265234 0.033333 0.267057 0.039352 0.267839 0.041204 0.269401 0.043981 0.269922 0.045370 0.271484 0.050926 0.273307 0.055093 0.274609 0.057407 0.274609 0.057870 0.276693 0.061574 0.278255 0.066667 0.280599 0.070833 0.281901 0.074074 0.283203 0.079167 0.285547 0.083333 0.286068 0.085185 0.287500 0.087269 0.288802 0.088194 0.289974 0.090278 0.291797 0.097222 0.292318 0.099537 0.294922 0.109722 0.295443 0.112037 0.296745 0.114815 0.296745 0.115278 0.298047 0.118981 0.298828 0.122222 0.299870 0.124074 0.301953 0.131019 0.303776 0.134259 0.305078 0.138889 0.305599 0.140278 0.305859 0.142593 0.306641 0.144907 0.307161 0.148148 0.308984 0.154630 0.309766 0.158796 0.310026 0.161111 0.310807 0.163889 0.311849 0.166204 0.312109 0.167593 0.313151 0.170370 0.314714 0.177778 0.315495 0.179167 0.316276 0.181481 0.316797 0.183796 0.316797 0.186111 0.317578 0.191204 0.317578 0.197222 0.317839 0.197685 0.317839 0.200000 0.318099 0.202315 0.318620 0.204630 0.318880 0.206944 0.318880 0.209259 0.319141 0.209722 0.319141 0.212963 0.318880 0.213426 0.318880 0.215741 0.318620 0.217593 0.317578 0.220833 0.317057 0.221759 0.316797 0.223611 0.315755 0.227315 0.314193 0.231019 0.311068 0.236574 0.311068 0.237037 0.306771 0.244676 0.306510 0.244676 0.304948 0.247454 0.304688 0.247454 0.303125 0.249769 0.300781 0.251620 0.300260 0.252546 0.298438 0.254398 0.297656 0.255787 0.296615 0.256713 0.294792 0.259491 0.291146 0.262269 0.290365 0.263194 0.286198 0.265972 0.284635 0.266435 0.283333 0.267361 0.282031 0.268750 0.281510 0.268750 0.278646 0.271528 0.276562 0.272454 0.275781 0.273380 0.273958 0.274306 0.273177 0.275231 0.271094 0.276157 0.270833 0.276620 0.268490 0.277546 0.267448 0.278472 0.265885 0.278935 0.263281 0.281250 0.261979 0.282176 0.260677 0.283565 0.257031 0.285880 0.256250 0.286806 0.253906 0.287731 0.252344 0.289120 0.251563 0.289120 0.248698 0.291435 0.245052 0.293287 0.242708 0.295139 0.239583 0.298380 0.238281 0.298843 0.237240 0.299769 0.236458 0.299769 0.235417 0.300694 0.234635 0.300694 0.233333 0.301620 0.232031 0.303009 0.229948 0.303935 0.226823 0.306713 0.226302 0.306713 0.223958 0.309028 0.221875 0.309954 0.220312 0.311343 0.219010 0.311806 0.217448 0.311806 0.216146 0.312269 0.215104 0.313194 0.212760 0.314120 0.208333 0.314120 0.208073 0.314583 0.206510 0.314583 0.206250 0.315046 0.204427 0.315046 0.204167 0.315509 0.201823 0.315509 0.201563 0.315972
13 0.000000 0.413657 0.001563 0.413657 0.002083 0.414120 0.003516 0.416667 0.003516 0.417130 0.004948 0.419676 0.005208 0.419676 0.009375 0.427083 0.010937 0.428472 0.011458 0.429398 0.013281 0.430787 0.014583 0.432639 0.015625 0.433565 0.016927 0.435880 0.017188 0.435880 0.020833 0.441435 0.022135 0.442824 0.025000 0.447917 0.027083 0.450231 0.029167 0.453935 0.031771 0.456713 0.034896 0.461343 0.035937 0.462269 0.037240 0.464120 0.038281 0.465046 0.039714 0.467593 0.041146 0.469676 0.042969 0.471528 0.044792 0.474769 0.046094 0.476157 0.047396 0.478009 0.049479 0.480324 0.051302 0.483565 0.052865 0.484954 0.054427 0.486806 0.056510 0.490509 0.057292 0.490972 0.058854 0.492824 0.060156 0.495139 0.061198 0.496528 0.063021 0.498380 0.064062 0.499769 0.067448 0.505787 0.068750 0.506713 0.070312 0.508565 0.072135 0.511343 0.074219 0.513657 0.075781 0.516435 0.076042 0.516435 0.077604 0.518750 0.079167 0.520139 0.079687 0.520139 0.081771 0.522917 0.082812 0.523843 0.085156 0.528009 0.086719 0.529861 0.087500 0.530324 0.089844 0.533565 0.091927 0.535880 0.092448 0.535880 0.096094 0.539583 0.097917 0.542361 0.100000 0.543750 0.101562 0.546528 0.103125 0.548380 0.103906 0.548843 0.105208 0.550694 0.106771 0.552083 0.109115 0.556250 0.111198 0.558102 0.113281 0.559491 0.114323 0.561343 0.115625 0.562269 0.121354 0.562269 0.121615 0.561806 0.123438 0.561806 0.123698 0.562269 0.125521 0.562269 0.126562 0.562731 0.129167 0.565972 0.132292 0.571528 0.134115 0.573380 0.134505 0.575463 0.135807 0.578704 0.136328 0.580556 0.136328 0.586111 0.135807 0.588426 0.135547 0.592593 0.135286 0.593981 0.132422 0.599074 0.131380 0.604630 0.131380 0.606481 0.129036 0.612500 0.129036 0.613426 0.127995 0.617130 0.127995 0.618519 0.127214 0.622685 0.126042 0.625231 0.125781 0.625231 0.124349 0.627778 0.123568 0.631019 0.123307 0.634722 0.122526 0.637963 0.122526 0.638889 0.121484 0.640741 0.120703 0.643519 0.120182 0.647685 0.119661 0.650000 0.118490 0.652083 0.117318 0.653704 0.116536 0.656019 0.116016 0.658796 0.116016 0.660185 0.115495 0.662963 0.114062 0.665509 0.112891 0.669907 0.112891 0.670833 0.112109 0.673611 0.112109 0.675463 0.111589 0.677778 0.110677 0.679861 0.109635 0.680324 0.108464 0.682407 0.107943 0.684722 0.107943 0.686574 0.107422 0.688889 0.107422 0.690278 0.106510 0.692824 0.106250 0.692824 0.105078 0.694907 0.104557 0.698611 0.104036 0.700926 0.103776 0.703704 0.102865 0.706250 0.102604 0.706250 0.101432 0.708333 0.100651 0.711111 0.100130 0.713889 0.100130 0.715741 0.099349 0.718981 0.097786 0.721296 0.097266 0.723611 0.097266 0.725000 0.096484 0.727778 0.096224 0.731481 0.095052 0.734491 0.093750 0.735417 0.092578 0.737963 0.092318 0.740741 0.091797 0.742593 0.091536 0.746296 0.090885 0.747917 0.090104 0.748380 0.089453 0.749537 0.088932 0.751852 0.088932 0.753241 0.088411 0.756019 0.087370 0.760185 0.085547 0.763426 0.085026 0.765278 0.084766 0.767593 0.083724 0.773148 0.083073 0.774306 0.082031 0.775231 0.081380 0.776389 0.080859 0.778241 0.080599 0.781481 0.080339 0.781944 0.079297 0.787037 0.078906 0.787269 0.077474 0.790278 0.076693 0.795370 0.076172 0.797222 0.075651 0.802778 0.074740 0.803472 0.073828 0.805093 0.073307 0.806944 0.073307 0.808333 0.071745 0.815741 0.069922 0.818981 0.069401 0.820833 0.069401 0.822222 0.068880 0.824074 0.068359 0.828704 0.067839 0.830093 0.066927 0.830787 0.066276 0.831944 0.065234 0.836574 0.065234 0.837963 0.064193 0.843519 0.063802 0.844676 0.063281 0.844676 0.061849 0.846759 0.061068 0.850000 0.061068 0.851852 0.060547 0.854167 0.060547 0.856019 0.060026 0.858796 0.059115 0.859491 0.057943 0.862037 0.057422 0.864815 0.056901 0.869907 0.056380 0.871759 0.054818 0.874537 0.053776 0.878241 0.053776 0.879630 0.053255 0.881481 0.053255 0.883333 0.052214 0.886574 0.051172 0.888426 0.050651 0.891204 0.050130 0.892593 0.049609 0.895370 0.049349 0.899537 0.048568 0.901389 0.048307 0.902778 0.046745 0.905093 0.045703 0.908333 0.045443 0.909722 0.045443 0.912037 0.044661 0.914352 0.044401 0.916667 0.042578 0.921759 0.042057 0.925000 0.042057 0.926389 0.041276 0.929630 0.040495 0.931944 0.039453 0.933796 0.038672 0.936574 0.038672 0.937500 0.037891 0.940741 0.037630 0.943981 0.037109 0.945370 0.036849 0.947685 0.036198 0.949306 0.035286 0.950463 0.034505 0.953704 0.034245 0.956944 0.033984 0.957407 0.033724 0.961574 0.032943 0.964352 0.031901 0.966204 0.031380 0.968056 0.030078 0.971296 0.029818 0.974537 0.028776 0.979167 0.028776 0.981019 0.027214 0.984259 0.026432 0.986574 0.025911 0.989815 0.024870 0.991667 0.023438 0.993287 0.022135 0.995602 0.020052 0.995602 0.019792 0.996065 0.000000 0.996065
2 0.408333 0.445139 0.404427 0.445139 0.403646 0.444676 0.401953 0.441667 0.401172 0.438426 0.400260 0.436343 0.398177 0.434954 0.395573 0.434954 0.393229 0.436343 0.390365 0.437269 0.388542 0.438657 0.385677 0.442361 0.384375 0.442824 0.383594 0.443750 0.382812 0.443750 0.381771 0.444676 0.378125 0.444676 0.377865 0.444213 0.376302 0.444213 0.373958 0.442361 0.372526 0.439815 0.371484 0.436111 0.371224 0.433796 0.370703 0.431944 0.369922 0.427315 0.369401 0.422685 0.369401 0.418056 0.369661 0.417593 0.370182 0.413889 0.371094 0.412269 0.372656 0.410880 0.374740 0.409954 0.376563 0.408565 0.378906 0.408565 0.379167 0.408102 0.381250 0.408102 0.382812 0.406713 0.385156 0.406250 0.387240 0.405324 0.387500 0.404861 0.388802 0.404861 0.390104 0.404398 0.392448 0.403009 0.393750 0.403009 0.398958 0.401157 0.400781 0.399769 0.402083 0.399769 0.403385 0.399306 0.405729 0.397917 0.407292 0.397917 0.407552 0.397454 0.408854 0.397454 0.410417 0.396528 0.411719 0.396528 0.411979 0.396065 0.415365 0.396065 0.416797 0.398148 0.416797 0.398611 0.418750 0.401620 0.420052 0.402546 0.425000 0.402546 0.425260 0.402083 0.427344 0.402083 0.428646 0.401620 0.429688 0.400694 0.431771 0.400231 0.433333 0.398843 0.434896 0.396065 0.435677 0.395139 0.436719 0.394676 0.438281 0.393287 0.439583 0.393287 0.440625 0.394676 0.442188 0.395602 0.451562 0.395602 0.452865 0.394213 0.453255 0.393056 0.453255 0.391204 0.451302 0.389120 0.450260 0.388657 0.447917 0.388657 0.445573 0.387731 0.444010 0.385880 0.445833 0.385417 0.447656 0.384028 0.449479 0.384028 0.449740 0.383565 0.451302 0.383565 0.451562 0.383102 0.454167 0.383102 0.454427 0.382639 0.457031 0.382639 0.457292 0.382176 0.458854 0.382176 0.460417 0.381250 0.461979 0.379861 0.462500 0.378935 0.464844 0.378472 0.466146 0.377546 0.467448 0.377546 0.467708 0.377083 0.469792 0.377083 0.470052 0.376620 0.471354 0.376620 0.471615 0.376157 0.473177 0.376157 0.473438 0.375694 0.475260 0.375694 0.475521 0.375231 0.477083 0.375231 0.478385 0.374769 0.480729 0.376620 0.481641 0.378704 0.481901 0.380093 0.483594 0.383102 0.485026 0.384722 0.485286 0.386111 0.483594 0.387731 0.480469 0.387731 0.479167 0.386806 0.476562 0.386806 0.474479 0.388657 0.472656 0.391898 0.471094 0.393287 0.469922 0.395370 0.468880 0.399537 0.469141 0.400926 0.469141 0.406481 0.468099 0.410185 0.466927 0.412269 0.460677 0.414583 0.460417 0.415046 0.459115 0.415046 0.455729 0.416898 0.454688 0.417824 0.453516 0.419907 0.452734 0.425926 0.452214 0.427778 0.451042 0.429861 0.448958 0.431713 0.448177 0.433102 0.446094 0.434491 0.444792 0.434491 0.444531 0.434954 0.442708 0.434954 0.440625 0.433565 0.439844 0.433565 0.438802 0.432639 0.436979 0.429398 0.435417 0.427546 0.433594 0.427546 0.433333 0.428009 0.432031 0.428009 0.429948 0.430324 0.427604 0.432176 0.426042 0.432176 0.425781 0.431713 0.423698 0.431713 0.422135 0.430787 0.418750 0.430787 0.417708 0.431713 0.416536 0.433796 0.414974 0.438426 0.414714 0.439815 0.413802 0.440509 0.413021 0.441898 0.411458 0.443287 0.410417 0.443287 0.408333 0.445139
1 0.425000 0.405324 0.419531 0.405324 0.418490 0.404398 0.416797 0.401389 0.416276 0.400000 0.416016 0.398148 0.416016 0.395370 0.415755 0.394907 0.415755 0.391204 0.417318 0.386111 0.419010 0.383565 0.421615 0.381250 0.422917 0.380787 0.424219 0.379861 0.425521 0.379861 0.425781 0.379398 0.429688 0.379398 0.430990 0.379861 0.431771 0.380787 0.434245 0.385185 0.434766 0.387963 0.435547 0.390741 0.435547 0.398148 0.435026 0.400000 0.432292 0.403009 0.430208 0.403935 0.428385 0.403935 0.428125 0.404398 0.426823 0.404398 0.426563 0.404861 0.425260 0.404861 0.425000 0.405324
11 0.405729 0.570139 0.403125 0.570139 0.401823 0.569676 0.400521 0.568750 0.399609 0.567130 0.398307 0.562963 0.398047 0.561574 0.395964 0.556481 0.395964 0.556019 0.394401 0.552315 0.393620 0.549537 0.391536 0.544907 0.391276 0.543519 0.389974 0.540741 0.389974 0.540278 0.388411 0.537500 0.387630 0.534722 0.386068 0.530556 0.384245 0.526389 0.381641 0.519907 0.380859 0.517593 0.379297 0.514815 0.377214 0.509722 0.376953 0.508333 0.374609 0.501852 0.374609 0.501389 0.372005 0.496759 0.371224 0.494444 0.369792 0.492361 0.368490 0.491435 0.367188 0.489583 0.366146 0.488657 0.364453 0.485648 0.363411 0.481944 0.363411 0.477778 0.363151 0.477315 0.363151 0.475000 0.363411 0.474537 0.363411 0.472222 0.363672 0.471759 0.363672 0.468519 0.363932 0.468056 0.363932 0.464352 0.364193 0.463889 0.364193 0.460185 0.364453 0.459722 0.364453 0.456944 0.364714 0.456481 0.364714 0.454167 0.364974 0.453704 0.364974 0.450463 0.365234 0.450000 0.365234 0.442130 0.365495 0.441667 0.365495 0.437963 0.366016 0.436111 0.366016 0.434722 0.366797 0.431944 0.367318 0.431019 0.368490 0.427546 0.369531 0.427546 0.370703 0.431019 0.371224 0.434259 0.372526 0.438426 0.373307 0.440278 0.374479 0.442361 0.376823 0.444213 0.378125 0.444213 0.378385 0.444676 0.382292 0.444676 0.382552 0.444213 0.383854 0.444213 0.384115 0.443750 0.386979 0.441898 0.387630 0.440741 0.388411 0.437500 0.389062 0.436343 0.392969 0.436343 0.394531 0.435417 0.396354 0.435417 0.396615 0.434954 0.399740 0.434954 0.400521 0.435417 0.401953 0.437963 0.402214 0.439815 0.403646 0.442824 0.404687 0.443287 0.405599 0.441204 0.405859 0.439352 0.405859 0.434722 0.406380 0.432870 0.407552 0.430787 0.408594 0.429861 0.410417 0.429398 0.411719 0.428472 0.413021 0.428009 0.415365 0.428009 0.415625 0.427546 0.420573 0.427546 0.423958 0.428935 0.424219 0.429398 0.425781 0.429398 0.426042 0.429861 0.427865 0.429861 0.429948 0.428009 0.430469 0.428009 0.431771 0.426620 0.432552 0.426620 0.434375 0.425231 0.436719 0.424306 0.438281 0.422917 0.439063 0.421528 0.440104 0.420602 0.441927 0.420602 0.442188 0.420139 0.443750 0.420139 0.444010 0.419676 0.445833 0.419213 0.446094 0.418750 0.451302 0.418750 0.451562 0.418287 0.453906 0.416435 0.454427 0.415509 0.456771 0.414120 0.457813 0.414120 0.459375 0.413194 0.460286 0.412037 0.460807 0.409259 0.460807 0.407870 0.461589 0.404630 0.462500 0.403009 0.463542 0.402083 0.465625 0.401620 0.467187 0.400231 0.467578 0.399074 0.468359 0.394907 0.468620 0.394444 0.468620 0.391204 0.467187 0.388657 0.466406 0.388194 0.461198 0.388194 0.460938 0.387731 0.455208 0.387731 0.453516 0.386111 0.453906 0.384028 0.454688 0.383565 0.456250 0.383565 0.456510 0.383102 0.458333 0.383102 0.460677 0.381713 0.463021 0.378935 0.465885 0.378935 0.466146 0.378472 0.467969 0.378472 0.469531 0.377546 0.472135 0.377546 0.473698 0.378472 0.475000 0.378472 0.476562 0.377083 0.477865 0.376620 0.479427 0.377083 0.480729 0.378472 0.482292 0.380787 0.483594 0.381713 0.484115 0.382639 0.485417 0.383565 0.486719 0.384954 0.489583 0.386343 0.490755 0.388426 0.491276 0.391204 0.491276 0.393981 0.491536 0.394444 0.491536 0.398611 0.491797 0.399074 0.491797 0.401389 0.492318 0.403704 0.492578 0.406019 0.492578 0.408333 0.492839 0.408796 0.492839 0.411574 0.493099 0.412037 0.493099 0.421296 0.493620 0.424074 0.493620 0.427315 0.493880 0.427778 0.493880 0.430556 0.494661 0.434722 0.494661 0.437963 0.494922 0.438426 0.494922 0.449074 0.495182 0.449537 0.495182 0.453241 0.495443 0.453704 0.495443 0.456944 0.495703 0.457407 0.495703 0.460185 0.495964 0.460648 0.495964 0.463426 0.496224 0.463889 0.496224 0.466667 0.496484 0.467130 0.496484 0.469444 0.496745 0.469907 0.496745 0.472685 0.497005 0.473148 0.497005 0.481944 0.496484 0.483796 0.494271 0.487731 0.492969 0.489120 0.492188 0.490509 0.488281 0.493750 0.484375 0.495139 0.483333 0.496065 0.481771 0.496528 0.480990 0.497454 0.479167 0.497917 0.477604 0.498843 0.476302 0.498843 0.476042 0.499306 0.474479 0.499306 0.474219 0.499769 0.472656 0.499769 0.472396 0.500231 0.470833 0.500231 0.470573 0.500694 0.468750 0.500694 0.468490 0.501157 0.466927 0.501157 0.465365 0.502083 0.464062 0.502083 0.462760 0.503009 0.461719 0.503009 0.460156 0.503935 0.458594 0.503935 0.458333 0.504398 0.457031 0.504398 0.455729 0.504861 0.454427 0.505787 0.453385 0.505787 0.452083 0.506713 0.450781 0.507176 0.449219 0.507176 0.448958 0.507639 0.447656 0.507639 0.445312 0.509028 0.444271 0.509028 0.442969 0.509954 0.441146 0.510417 0.439844 0.511343 0.438542 0.511343 0.438281 0.511806 0.435156 0.511806 0.434896 0.512269 0.432812 0.512269 0.432552 0.512731 0.430990 0.512731 0.429948 0.513657 0.429167 0.513657 0.426302 0.515972 0.424870 0.518519 0.424349 0.520370 0.424349 0.521759 0.423828 0.523611 0.423828 0.526389 0.423568 0.526852 0.423568 0.533333 0.423307 0.533796 0.423307 0.542130 0.423047 0.542593 0.423047 0.544907 0.422526 0.546759 0.422266 0.550463 0.422005 0.550926 0.422005 0.553704 0.422266 0.554167 0.422266 0.559722 0.421745 0.562037 0.420573 0.565046 0.417448 0.566435 0.415885 0.567361 0.414583 0.567361 0.414323 0.567824 0.412760 0.567824 0.412500 0.568287 0.411198 0.568287 0.410938 0.568750 0.409375 0.568750 0.409115 0.569213 0.407813 0.569213 0.407552 0.569676 0.405990 0.569676 0.405729 0.570139
7 0.999740 0.199769 0.997917 0.199769 0.993490 0.196991 0.992708 0.196991 0.990885 0.195602 0.989844 0.195139 0.988542 0.195139 0.988281 0.194676 0.986458 0.194213 0.984896 0.192824 0.980729 0.190509 0.979688 0.190509 0.978125 0.189583 0.977083 0.189583 0.975781 0.188657 0.972396 0.187731 0.968750 0.185417 0.966927 0.184954 0.964844 0.183565 0.962500 0.183102 0.962240 0.182639 0.958854 0.181250 0.957812 0.181250 0.952083 0.178009 0.950781 0.177546 0.949740 0.176620 0.947396 0.176157 0.945573 0.174769 0.943750 0.174306 0.942448 0.173380 0.938802 0.172454 0.934635 0.170602 0.933594 0.169676 0.932552 0.169676 0.931250 0.168750 0.929427 0.168287 0.928125 0.167361 0.926823 0.167361 0.926562 0.166898 0.925260 0.166898 0.923958 0.166435 0.922656 0.165509 0.921615 0.165509 0.920312 0.164583 0.919010 0.164583 0.918750 0.164120 0.917448 0.164120 0.917188 0.163657 0.914844 0.163194 0.913281 0.162269 0.911979 0.162269 0.910417 0.161343 0.908854 0.161343 0.907552 0.160417 0.905729 0.159954 0.904427 0.159028 0.900781 0.158102 0.899219 0.157176 0.898177 0.157176 0.896875 0.156250 0.894792 0.155324 0.893750 0.155324 0.891667 0.153935 0.890365 0.153472 0.886198 0.150231 0.884896 0.148380 0.884115 0.147917 0.881901 0.143981 0.880859 0.139815 0.880339 0.138889 0.879557 0.136111 0.879557 0.125000 0.878906 0.123380 0.878385 0.122917 0.877083 0.122917 0.875911 0.124537 0.875911 0.125000 0.870573 0.134491 0.869271 0.135417 0.867448 0.137731 0.864844 0.140046 0.863281 0.140509 0.861719 0.141435 0.860938 0.142361 0.859115 0.143287 0.858333 0.144213 0.855469 0.145602 0.854167 0.145602 0.853906 0.146065 0.851562 0.146065 0.851302 0.146528 0.846615 0.146528 0.846354 0.146991 0.837500 0.146991 0.837240 0.147454 0.828125 0.147454 0.827865 0.147917 0.816667 0.147917 0.816406 0.148380 0.798438 0.148380 0.798177 0.148843 0.784375 0.148843 0.784115 0.149306 0.763802 0.149306 0.763542 0.149769 0.761719 0.149769 0.761458 0.149306 0.749219 0.149306 0.748958 0.149769 0.747135 0.149769 0.746875 0.150231 0.738802 0.150231 0.738542 0.150694 0.736979 0.150694 0.736719 0.151157 0.716927 0.151157 0.716667 0.151620 0.702865 0.151620 0.702604 0.152083 0.697656 0.152083 0.697396 0.151620 0.695573 0.151620 0.695312 0.151157 0.693750 0.151157 0.690625 0.149306 0.688542 0.147454 0.687500 0.146065 0.686068 0.143519 0.686068 0.143056 0.683464 0.138426 0.682682 0.136574 0.681901 0.132870 0.681641 0.130556 0.681641 0.127778 0.681380 0.127315 0.681380 0.119444 0.681641 0.118981 0.681641 0.115741 0.681901 0.115278 0.681901 0.110648 0.682161 0.110185 0.682161 0.106944 0.682422 0.106481 0.682422 0.104167 0.682682 0.103704 0.682682 0.100926 0.682943 0.100463 0.682943 0.093981 0.683203 0.093519 0.683203 0.089815 0.683464 0.089352 0.683464 0.086111 0.683724 0.085648 0.683724 0.082870 0.684245 0.080093 0.684245 0.077315 0.684505 0.076852 0.684505 0.072685 0.684766 0.072222 0.684766 0.069444 0.685286 0.067130 0.685286 0.052778 0.685547 0.052315 0.685547 0.047685 0.685807 0.047222 0.685807 0.043056 0.686068 0.042593 0.686068 0.039352 0.686328 0.038889 0.686328 0.035185 0.686589 0.034722 0.686589 0.030093 0.686849 0.029630 0.686849 0.023148 0.687109 0.022685 0.687370 0.018519 0.687630 0.018056 0.687630 0.013889 0.687891 0.013426 0.687891 0.009259 0.688672 0.005556 0.690495 0.002315 0.690495 0.000000
