8 0.6015625 0.6090277777777777 0.5955729166666667 0.6090277777777777 0.5953125 0.6085648148148148 0.5924479166666666 0.6085648148148148 0.5921875 0.6081018518518518 0.5856770833333333 0.6081018518518518 0.5854166666666667 0.6085648148148148 0.5817708333333333 0.6085648148148148 0.5815104166666667 0.6081018518518518 0.5770833333333333 0.6081018518518518 0.5768229166666666 0.6076388888888888 0.5700520833333333 0.6076388888888888 0.5697916666666667 0.6081018518518518 0.56640625 0.6081018518518518 0.5661458333333333 0.6076388888888888 0.5549479166666667 0.6076388888888888 0.5546875 0.6081018518518518 0.55 0.6081018518518518 0.5497395833333333 0.6076388888888888 0.5473958333333333 0.6076388888888888 0.5471354166666667 0.6081018518518518 0.5294270833333333 0.6081018518518518 0.5291666666666667 0.6085648148148148 0.5177083333333333 0.6085648148148148 0.5158854166666667 0.607175925925926 0.5153645833333333 0.60625 0.5130208333333334 0.6034722222222222 0.5119791666666667 0.6025462962962963 0.511328125 0.600925925925926 0.5095052083333333 0.5976851851851852 0.5084635416666666 0.5949074074074074 0.5079427083333333 0.5921296296296297 0.5079427083333333 0.5893518518518519 0.5076822916666667 0.5888888888888889 0.5076822916666667 0.5810185185185185 0.507421875 0.5805555555555556 0.507421875 0.562962962962963 0.5071614583333334 0.5625 0.5071614583333334 0.5560185185185185 0.507421875 0.5555555555555556 0.507421875 0.5462962962962963 0.5071614583333334 0.5458333333333333 0.507421875 0.5435185185185185 0.507421875 0.5342592592592592 0.5071614583333334 0.5337962962962963 0.5071614583333334 0.5203703703703704 0.5069010416666667 0.5199074074074074 0.5069010416666667 0.5097222222222222 0.506640625 0.5092592592592593 0.506640625 0.5055555555555555 0.5063802083333333 0.5050925925925925 0.5063802083333333 0.49953703703703706 0.506640625 0.49907407407407406 0.506640625 0.49444444444444446 0.5063802083333333 0.49398148148148147 0.5063802083333333 0.4837962962962963 0.5061197916666667 0.48333333333333334 0.5061197916666667 0.4777777777777778 0.505859375 0.4773148148148148 0.505859375 0.4736111111111111 0.5061197916666667 0.47314814814814815 0.5061197916666667 0.46435185185185185 0.505859375 0.4638888888888889 0.505859375 0.45740740740740743 0.5055989583333333 0.45694444444444443 0.5055989583333333 0.4166666666666667 0.5053385416666667 0.4162037037037037 0.5053385416666667 0.4064814814814815 0.505078125 0.4060185185185185 0.505078125 0.3824074074074074 0.5048177083333333 0.3819444444444444 0.5048177083333333 0.37546296296296294 0.5045572916666666 0.375 0.5045572916666666 0.35324074074074074 0.504296875 0.35138888888888886 0.5045572916666666 0.3509259259259259 0.5045572916666666 0.34814814814814815 0.5048177083333333 0.3476851851851852 0.5048177083333333 0.3449074074074074 0.505078125 0.34444444444444444 0.505078125 0.3365740740740741 0.505859375 0.3337962962962963 0.5063802083333333 0.33055555555555555 0.5063802083333333 0.3287037037037037 0.5069010416666667 0.3263888888888889 0.507421875 0.32175925925925924 0.5079427083333333 0.32083333333333336 0.5084635416666666 0.31805555555555554 0.509765625 0.3138888888888889 0.5102864583333333 0.3111111111111111 0.510546875 0.30787037037037035 0.5110677083333334 0.3060185185185185 0.511328125 0.30277777777777776 0.5118489583333333 0.3013888888888889 0.512109375 0.29907407407407405 0.5126302083333333 0.29768518518518516 0.5131510416666667 0.29398148148148145 0.514453125 0.2898148148148148 0.514453125 0.28888888888888886 0.5154947916666667 0.28564814814814815 0.51875 0.2798611111111111 0.5190104166666667 0.2798611111111111 0.5208333333333334 0.2775462962962963 0.521875 0.27708333333333335 0.5234375 0.27708333333333335 0.5236979166666667 0.27662037037037035 0.5276041666666667 0.27662037037037035 0.5278645833333333 0.2761574074074074 0.5611979166666666 0.2761574074074074 0.5614583333333333 0.27662037037037035 0.56328125 0.27662037037037035 0.5635416666666667 0.27708333333333335 0.5651041666666666 0.27708333333333335 0.5653645833333333 0.27662037037037035 0.5669270833333333 0.27662037037037035 0.5671875 0.2761574074074074 0.5697916666666667 0.2761574074074074 0.5700520833333333 0.27569444444444446 0.58046875 0.27569444444444446 0.5807291666666666 0.2761574074074074 0.5848958333333333 0.2761574074074074 0.58515625 0.27569444444444446 0.6013020833333333 0.27569444444444446 0.6015625 0.2761574074074074 0.60390625 0.2761574074074074 0.6065104166666667 0.2775462962962963 0.6078125 0.2789351851851852 0.6091145833333333 0.28078703703703706 0.6102864583333333 0.2828703703703704 0.611328125 0.2851851851851852 0.6118489583333333 0.28703703703703703 0.6134114583333333 0.2912037037037037 0.6149739583333333 0.2962962962962963 0.616796875 0.29953703703703705 0.6178385416666666 0.3023148148148148 0.6196614583333333 0.3055555555555556 0.6204427083333334 0.3074074074074074 0.6212239583333333 0.3101851851851852 0.6220052083333333 0.3138888888888889 0.6233072916666667 0.31666666666666665 0.6243489583333334 0.32037037037037036 0.6251302083333333 0.32222222222222224 0.6251302083333333 0.32314814814814813 0.6259114583333333 0.32685185185185184 0.6274739583333333 0.3300925925925926 0.6282552083333334 0.33287037037037037 0.630859375 0.3375 0.6313802083333333 0.3388888888888889 0.6321614583333334 0.34305555555555556 0.632421875 0.3453703703703704 0.632421875 0.3476851851851852 0.6326822916666667 0.34814814814814815 0.6326822916666667 0.3541666666666667 0.632421875 0.35462962962962963 0.632421875 0.3611111111111111 0.6321614583333334 0.36157407407407405 0.6321614583333334 0.36944444444444446 0.6319010416666667 0.3699074074074074 0.6319010416666667 0.375 0.631640625 0.37546296296296294 0.631640625 0.38055555555555554 0.6313802083333333 0.38101851851851853 0.6313802083333333 0.3861111111111111 0.6311197916666667 0.38657407407407407 0.6311197916666667 0.3888888888888889 0.630859375 0.38935185185185184 0.630859375 0.39305555555555555 0.6305989583333333 0.39351851851851855 0.6305989583333333 0.40185185185185185 0.6303385416666667 0.4023148148148148 0.6303385416666667 0.40555555555555556 0.630078125 0.4060185185185185 0.630078125 0.40879629629629627 0.6298177083333333 0.40925925925925927 0.6298177083333333 0.4125 0.6295572916666666 0.412962962962963 0.6295572916666666 0.4185185185185185 0.629296875 0.41898148148148145 0.629296875 0.4236111111111111 0.6290364583333333 0.42407407407407405 0.6290364583333333 0.42777777777777776 0.6287760416666667 0.42824074074074076 0.6287760416666667 0.43287037037037035 0.628515625 0.43333333333333335 0.628515625 0.43657407407407406 0.6282552083333334 0.43703703703703706 0.6282552083333334 0.4398148148148148 0.6279947916666667 0.44027777777777777 0.6279947916666667 0.4425925925925926 0.6274739583333333 0.44537037037037036 0.626953125 0.45 0.626953125 0.45231481481481484 0.6266927083333333 0.4527777777777778 0.6266927083333333 0.46805555555555556 0.6264322916666667 0.4685185185185185 0.6264322916666667 0.47638888888888886 0.626171875 0.47685185185185186 0.626171875 0.4791666666666667 0.6259114583333333 0.47962962962962963 0.6259114583333333 0.4935185185185185 0.6256510416666666 0.49398148148148147 0.6256510416666666 0.4986111111111111 0.625390625 0.49907407407407406 0.625390625 0.5032407407407408 0.6251302083333333 0.5037037037037037 0.6251302083333333 0.5064814814814815 0.6248697916666667 0.5069444444444444 0.6248697916666667 0.5101851851851852 0.624609375 0.5106481481481482 0.624609375 0.5199074074074074 0.6243489583333334 0.5203703703703704 0.6243489583333334 0.525 0.623828125 0.5273148148148148 0.6235677083333333 0.5296296296296297 0.6235677083333333 0.5356481481481481 0.6233072916666667 0.5361111111111111 0.6233072916666667 0.5398148148148149 0.623046875 0.5402777777777777 0.623046875 0.5425925925925926 0.6227864583333333 0.5430555555555555 0.6227864583333333 0.5467592592592593 0.6225260416666667 0.5472222222222223 0.6225260416666667 0.5523148148148148 0.622265625 0.5527777777777778 0.622265625 0.5550925925925926 0.6220052083333333 0.5555555555555556 0.6220052083333333 0.5578703703703703 0.6217447916666666 0.5583333333333333 0.6217447916666666 0.5666666666666667 0.621484375 0.5671296296296297 0.621484375 0.5699074074074074 0.6212239583333333 0.5703703703703704 0.6212239583333333 0.575 0.6209635416666667 0.575462962962963 0.6209635416666667 0.5800925925925926 0.620703125 0.5805555555555556 0.620703125 0.5842592592592593 0.6204427083333334 0.5847222222222223 0.6204427083333334 0.5879629629629629 0.619921875 0.5907407407407408 0.6196614583333333 0.5935185185185186 0.6180989583333333 0.5976851851851852 0.6178385416666666 0.5990740740740741 0.616796875 0.6018518518518519 0.6153645833333333 0.6039351851851852 0.6145833333333334 0.6043981481481482 0.61171875 0.6076388888888888 0.6106770833333334 0.6081018518518518 0.6083333333333333 0.6081018518518518 0.6080729166666666 0.6085648148148148 0.6018229166666667 0.6085648148148148 0.6015625 0.6090277777777777 
6 0.08046875 0.7127314814814815 0.0765625 0.7127314814814815 0.075390625 0.7111111111111111 0.074609375 0.7074074074074074 0.073828125 0.7046296296296296 0.073828125 0.7032407407407407 0.073046875 0.700925925925926 0.071875 0.6993055555555555 0.07109375 0.6988425925925926 0.06979166666666667 0.6969907407407407 0.06796875 0.6956018518518519 0.06458333333333334 0.6956018518518519 0.06354166666666666 0.6960648148148149 0.06276041666666667 0.6969907407407407 0.06041666666666667 0.6983796296296296 0.05911458333333333 0.6988425925925926 0.05703125 0.6988425925925926 0.05677083333333333 0.6993055555555555 0.05546875 0.6993055555555555 0.05520833333333333 0.6997685185185185 0.05390625 0.6997685185185185 0.05364583333333333 0.7002314814814815 0.052083333333333336 0.7002314814814815 0.05182291666666667 0.7006944444444444 0.05 0.7006944444444444 0.04973958333333333 0.7011574074074074 0.04739583333333333 0.7011574074074074 0.047135416666666666 0.7016203703703704 0.04479166666666667 0.7016203703703704 0.04348958333333333 0.7020833333333333 0.0421875 0.7030092592592593 0.037760416666666664 0.7043981481481482 0.036458333333333336 0.705324074074074 0.0359375 0.70625 0.03463541666666667 0.7071759259259259 0.03359375 0.7085648148148148 0.0328125 0.7085648148148148 0.0296875 0.7043981481481482 0.026822916666666665 0.7020833333333333 0.025 0.7002314814814815 0.023307291666666667 0.6967592592592593 0.022265625 0.6930555555555555 0.022005208333333335 0.6907407407407408 0.021223958333333334 0.6865740740740741 0.020703125 0.6851851851851852 0.020442708333333334 0.6814814814814815 0.019921875 0.6791666666666667 0.019921875 0.6773148148148148 0.019401041666666667 0.6736111111111112 0.018880208333333332 0.6712962962962963 0.018619791666666666 0.6671296296296296 0.018359375 0.6666666666666666 0.017578125 0.6606481481481481 0.017317708333333334 0.6564814814814814 0.016536458333333334 0.6523148148148148 0.015755208333333333 0.65 0.015234375 0.6458333333333334 0.015234375 0.6430555555555556 0.014973958333333334 0.6425925925925926 0.014192708333333333 0.6370370370370371 0.013671875 0.6356481481481482 0.013411458333333333 0.6337962962962963 0.013411458333333333 0.6291666666666667 0.012630208333333334 0.625462962962963 0.012369791666666666 0.6212962962962963 0.012109375 0.6208333333333333 0.012109375 0.6185185185185185 0.011848958333333333 0.6180555555555556 0.011848958333333333 0.6157407407407407 0.011588541666666667 0.6152777777777778 0.011328125 0.6111111111111112 0.010546875 0.6069444444444444 0.010546875 0.6037037037037037 0.010286458333333333 0.6032407407407407 0.010286458333333333 0.600462962962963 0.009765625 0.5976851851851852 0.008984375 0.5949074074074074 0.008723958333333334 0.5925925925925926 0.008723958333333334 0.587037037037037 0.008463541666666666 0.586574074074074 0.008463541666666666 0.5842592592592593 0.008203125 0.5837962962962963 0.007161458333333333 0.575462962962963 0.007161458333333333 0.5731481481481482 0.0069010416666666664 0.5726851851851852 0.0069010416666666664 0.5703703703703704 0.006640625 0.5699074074074074 0.006640625 0.5675925925925925 0.006380208333333333 0.5671296296296297 0.006380208333333333 0.562962962962963 0.006640625 0.5625 0.006640625 0.5592592592592592 0.0069010416666666664 0.5574074074074075 0.007682291666666666 0.5541666666666667 0.007682291666666666 0.5527777777777778 0.008723958333333334 0.549537037037037 0.010026041666666667 0.5472222222222223 0.011588541666666667 0.5430555555555555 0.013541666666666667 0.5395833333333333 0.013802083333333333 0.5395833333333333 0.015885416666666666 0.5358796296296297 0.01796875 0.5340277777777778 0.019010416666666665 0.5326388888888889 0.0203125 0.5303240740740741 0.021875 0.5284722222222222 0.02265625 0.5280092592592592 0.024479166666666666 0.5256944444444445 0.026822916666666665 0.5238425925925926 0.02734375 0.5229166666666667 0.030989583333333334 0.5196759259259259 0.031510416666666666 0.5196759259259259 0.03359375 0.517824074074074 0.034895833333333334 0.5159722222222223 0.036458333333333336 0.5145833333333333 0.038802083333333334 0.5131944444444444 0.04010416666666667 0.5118055555555555 0.040625 0.5118055555555555 0.04244791666666667 0.5099537037037037 0.043229166666666666 0.5094907407407407 0.04505208333333333 0.5076388888888889 0.04791666666666667 0.50625 0.04895833333333333 0.5053240740740741 0.05026041666666667 0.5048611111111111 0.05182291666666667 0.5030092592592592 0.053385416666666664 0.5016203703703703 0.0546875 0.5011574074074074 0.05546875 0.5002314814814814 0.05703125 0.4997685185185185 0.059375 0.4983796296296296 0.06015625 0.49745370370370373 0.06145833333333333 0.49699074074074073 0.06354166666666666 0.4951388888888889 0.065625 0.49421296296296297 0.06744791666666666 0.49375 0.06848958333333334 0.4928240740740741 0.06927083333333334 0.4928240740740741 0.07057291666666667 0.49189814814814814 0.07265625 0.48865740740740743 0.07473958333333333 0.48819444444444443 0.075 0.4877314814814815 0.07630208333333334 0.4877314814814815 0.07760416666666667 0.48726851851851855 0.07890625 0.4863425925925926 0.08020833333333334 0.4863425925925926 0.08046875 0.4858796296296296 0.08177083333333333 0.4858796296296296 0.08203125 0.48541666666666666 0.08385416666666666 0.48541666666666666 0.08411458333333334 0.4849537037037037 0.08697916666666666 0.4849537037037037 0.08723958333333333 0.4844907407407407 0.08958333333333333 0.4844907407407407 0.08984375 0.4840277777777778 0.09140625 0.4840277777777778 0.09348958333333333 0.4826388888888889 0.09661458333333334 0.48171296296296295 0.096875 0.48125 0.09817708333333333 0.48125 0.0984375 0.480787037037037 0.09973958333333334 0.480787037037037 0.1 0.48032407407407407 0.10130208333333333 0.48032407407407407 0.1015625 0.4798611111111111 0.103125 0.4798611111111111 0.10338541666666666 0.47939814814814813 0.10546875 0.47939814814814813 0.10572916666666667 0.4789351851851852 0.10807291666666667 0.4789351851851852 0.10833333333333334 0.47847222222222224 0.11119791666666666 0.47847222222222224 0.11145833333333334 0.47800925925925924 0.11354166666666667 0.47800925925925924 0.11380208333333333 0.4775462962962963 0.11692708333333333 0.4775462962962963 0.1171875 0.47708333333333336 0.12083333333333333 0.47708333333333336 0.12109375 0.47662037037037036 0.12395833333333334 0.47662037037037036 0.12421875 0.4761574074074074 0.12578125 0.4761574074074074 0.12604166666666666 0.4756944444444444 0.12760416666666666 0.4756944444444444 0.12786458333333334 0.4752314814814815 0.13072916666666667 0.4752314814814815 0.13098958333333333 0.47476851851851853 0.13359375 0.47476851851851853 0.13385416666666666 0.47430555555555554 0.14010416666666667 0.47430555555555554 0.14036458333333332 0.47476851851851853 0.14244791666666667 0.47476851851851853 0.14270833333333333 0.4752314814814815 0.14453125 0.4752314814814815 0.14479166666666668 0.4756944444444444 0.146875 0.4756944444444444 0.14713541666666666 0.4761574074074074 0.14921875 0.4761574074074074 0.14947916666666666 0.47662037037037036 0.15104166666666666 0.47662037037037036 0.15260416666666668 0.4775462962962963 0.15703125 0.4789351851851852 0.15729166666666666 0.47939814814814813 0.15989583333333332 0.48032407407407407 0.16119791666666666 0.48125 0.1640625 0.4849537037037037 0.16614583333333333 0.48680555555555555 0.168359375 0.49074074074074076 0.168359375 0.4912037037037037 0.17044270833333333 0.4949074074074074 0.17122395833333334 0.4976851851851852 0.171484375 0.5 0.17252604166666666 0.5037037037037037 0.17565104166666667 0.5092592592592593 0.17643229166666666 0.5120370370370371 0.17747395833333332 0.5148148148148148 0.17955729166666667 0.5185185185185185 0.18059895833333334 0.5208333333333334 0.18216145833333333 0.5254629629629629 0.18268229166666666 0.5263888888888889 0.18372395833333333 0.5305555555555556 0.18424479166666666 0.5319444444444444 0.186328125 0.5356481481481481 0.18736979166666667 0.538425925925926 0.187890625 0.5407407407407407 0.188671875 0.5425925925925926 0.18997395833333333 0.5449074074074074 0.19049479166666666 0.5472222222222223 0.192578125 0.5527777777777778 0.19283854166666667 0.5541666666666667 0.19466145833333334 0.5587962962962963 0.194921875 0.5611111111111111 0.19544270833333333 0.5625 0.19596354166666666 0.5652777777777778 0.19596354166666666 0.5680555555555555 0.19622395833333334 0.5685185185185185 0.19622395833333334 0.5726851851851852 0.196484375 0.5731481481481482 0.196484375 0.6069444444444444 0.19622395833333334 0.6074074074074074 0.195703125 0.6129629629629629 0.19544270833333333 0.6134259259259259 0.19544270833333333 0.6208333333333333 0.19518229166666667 0.6212962962962963 0.19518229166666667 0.6240740740740741 0.194921875 0.624537037037037 0.194921875 0.6277777777777778 0.19466145833333334 0.6282407407407408 0.194140625 0.6337962962962963 0.19388020833333333 0.6347222222222222 0.19270833333333334 0.6368055555555555 0.19166666666666668 0.6377314814814815 0.189453125 0.6416666666666667 0.189453125 0.6421296296296296 0.187890625 0.6449074074074074 0.187890625 0.6453703703703704 0.18567708333333333 0.6506944444444445 0.18463541666666666 0.6520833333333333 0.1828125 0.6534722222222222 0.18125 0.655787037037037 0.18098958333333334 0.655787037037037 0.180078125 0.6578703703703703 0.17825520833333333 0.6611111111111111 0.17786458333333333 0.6622685185185185 0.17578125 0.6636574074074074 0.17265625 0.6650462962962963 0.17135416666666667 0.6659722222222222 0.16953125 0.6678240740740741 0.16822916666666668 0.6682870370370371 0.16354166666666667 0.6724537037037037 0.16302083333333334 0.6733796296296296 0.16197916666666667 0.6738425925925926 0.15989583333333332 0.6756944444444445 0.15703125 0.6770833333333334 0.15598958333333332 0.6780092592592593 0.15364583333333334 0.6789351851851851 0.15234375 0.6798611111111111 0.1515625 0.6798611111111111 0.15026041666666667 0.680787037037037 0.1484375 0.68125 0.14817708333333332 0.6817129629629629 0.14583333333333334 0.6826388888888889 0.14557291666666666 0.6831018518518519 0.14427083333333332 0.6831018518518519 0.14401041666666667 0.6835648148148148 0.14270833333333333 0.6835648148148148 0.13880208333333333 0.6868055555555556 0.13697916666666668 0.6877314814814814 0.13567708333333334 0.6877314814814814 0.13463541666666667 0.6881944444444444 0.13307291666666668 0.6900462962962963 0.13151041666666666 0.6914351851851852 0.13046875 0.6918981481481481 0.12682291666666667 0.6918981481481481 0.1265625 0.6923611111111111 0.125 0.6923611111111111 0.12369791666666667 0.6932870370370371 0.12265625 0.6932870370370371 0.12135416666666667 0.694212962962963 0.1203125 0.694212962962963 0.11927083333333334 0.6951388888888889 0.11796875 0.6956018518518519 0.11614583333333334 0.6974537037037037 0.11484375 0.6979166666666666 0.11354166666666667 0.6988425925925926 0.11223958333333334 0.6988425925925926 0.11197916666666667 0.6993055555555555 0.11067708333333333 0.6993055555555555 0.11041666666666666 0.6997685185185185 0.10911458333333333 0.6997685185185185 0.1078125 0.7006944444444444 0.10703125 0.7006944444444444 0.10598958333333333 0.7016203703703704 0.10520833333333333 0.7016203703703704 0.10390625 0.7025462962962963 0.10260416666666666 0.7039351851851852 0.10182291666666667 0.7039351851851852 0.09895833333333333 0.705787037037037 0.096875 0.705787037037037 0.09661458333333334 0.70625 0.09505208333333333 0.70625 0.09322916666666667 0.7071759259259259 0.09166666666666666 0.7085648148148148 0.09088541666666666 0.7085648148148148 0.08958333333333333 0.7094907407407407 0.08854166666666667 0.7094907407407407 0.08723958333333333 0.7104166666666667 0.08645833333333333 0.7104166666666667 0.08463541666666667 0.7118055555555556 0.08359375 0.7122685185185185 0.08072916666666667 0.7122685185185185 0.08046875 0.7127314814814815 
12 0.26653645833333334 0.999537037037037 0.2657552083333333 0.9967592592592592 0.2657552083333333 0.9935185185185185 0.266015625 0.9930555555555556 0.266015625 0.9898148148148148 0.2662760416666667 0.9893518518518518 0.2662760416666667 0.9847222222222223 0.26653645833333334 0.9842592592592593 0.26653645833333334 0.9805555555555555 0.266796875 0.9800925925925926 0.266796875 0.9773148148148149 0.26705729166666664 0.9768518518518519 0.26705729166666664 0.9708333333333333 0.26731770833333335 0.9703703703703703 0.26731770833333335 0.9606481481481481 0.266796875 0.9583333333333334 0.266796875 0.9569444444444445 0.2654947916666667 0.9476851851851852 0.26614583333333336 0.9460648148148149 0.26666666666666666 0.9456018518518519 0.2682291666666667 0.9456018518518519 0.26927083333333335 0.9465277777777777 0.2703125 0.9465277777777777 0.2721354166666667 0.9479166666666666 0.2733072916666667 0.95 0.2740885416666667 0.9527777777777777 0.274609375 0.9537037037037037 0.27513020833333335 0.9564814814814815 0.275390625 0.9597222222222223 0.27591145833333336 0.961574074074074 0.276953125 0.9675925925925926 0.276953125 0.9712962962962963 0.2772135416666667 0.9717592592592592 0.2772135416666667 0.9819444444444444 0.276953125 0.9824074074074074 0.276953125 0.9884259259259259 0.2766927083333333 0.9888888888888889 0.2766927083333333 0.9958333333333333 0.27591145833333336 0.999537037037037 
4 0.10794270833333333 0.999537037037037 0.10638020833333334 0.9972222222222222 0.10638020833333334 0.9944444444444445 0.10716145833333333 0.9912037037037037 0.10716145833333333 0.9898148148148148 0.108203125 0.9861111111111112 0.10924479166666666 0.9796296296296296 0.109765625 0.9782407407407407 0.11106770833333333 0.9736111111111111 0.112109375 0.9671296296296297 0.11263020833333333 0.9657407407407408 0.11341145833333334 0.9606481481481481 0.114453125 0.9569444444444445 0.11471354166666667 0.9546296296296296 0.115234375 0.9532407407407407 0.116015625 0.9481481481481482 0.11783854166666667 0.9430555555555555 0.11783854166666667 0.9425925925925925 0.12109375 0.9368055555555556 0.12317708333333334 0.9344907407407408 0.1265625 0.9331018518518519 0.12838541666666667 0.93125 0.12890625 0.93125 0.13098958333333333 0.9293981481481481 0.13359375 0.9293981481481481 0.13385416666666666 0.9289351851851851 0.13515625 0.9289351851851851 0.13671875 0.9275462962962963 0.1390625 0.9266203703703704 0.140625 0.9252314814814815 0.14244791666666667 0.9247685185185185 0.14427083333333332 0.9233796296296296 0.14505208333333333 0.9233796296296296 0.14609375 0.9224537037037037 0.14739583333333334 0.9224537037037037 0.14869791666666668 0.9219907407407407 0.15 0.9210648148148148 0.153125 0.9201388888888888 0.15416666666666667 0.919212962962963 0.15546875 0.91875 0.15625 0.9178240740740741 0.15885416666666666 0.9159722222222222 0.15963541666666667 0.9159722222222222 0.16067708333333333 0.9150462962962963 0.16302083333333334 0.9141203703703704 0.16536458333333334 0.9136574074074074 0.16770833333333332 0.9122685185185185 0.16953125 0.9118055555555555 0.17135416666666667 0.9104166666666667 0.17447916666666666 0.9094907407407408 0.17552083333333332 0.9085648148148148 0.17630208333333333 0.9085648148148148 0.17864583333333334 0.906712962962963 0.18046875 0.90625 0.18151041666666667 0.9053240740740741 0.18359375 0.9043981481481481 0.184375 0.9034722222222222 0.18776041666666668 0.9020833333333333 0.18958333333333333 0.9006944444444445 0.19140625 0.9002314814814815 0.19244791666666666 0.8993055555555556 0.19765625 0.8974537037037037 0.19869791666666667 0.8965277777777778 0.19947916666666668 0.8965277777777778 0.20130208333333333 0.8951388888888889 0.20520833333333333 0.89375 0.2078125 0.8918981481481482 0.21015625 0.8909722222222223 0.21041666666666667 0.8905092592592593 0.21328125 0.8895833333333333 0.21432291666666667 0.8886574074074074 0.21510416666666668 0.8886574074074074 0.21822916666666667 0.8868055555555555 0.21927083333333333 0.8868055555555555 0.22057291666666667 0.8858796296296296 0.22239583333333332 0.8854166666666666 0.225 0.8835648148148149 0.228125 0.881712962962963 0.22916666666666666 0.881712962962963 0.23307291666666666 0.8803240740740741 0.2359375 0.8789351851851852 0.23932291666666666 0.8761574074074074 0.2421875 0.8752314814814814 0.24348958333333334 0.8743055555555556 0.24479166666666666 0.8743055555555556 0.24505208333333334 0.8738425925925926 0.24635416666666668 0.8738425925925926 0.24661458333333333 0.8733796296296297 0.24817708333333333 0.8733796296296297 0.24921875 0.8743055555555556 0.2501302083333333 0.8759259259259259 0.2506510416666667 0.8777777777777778 0.25091145833333334 0.8819444444444444 0.251171875 0.8824074074074074 0.25169270833333335 0.8861111111111111 0.25247395833333336 0.888425925925926 0.252734375 0.8907407407407407 0.2532552083333333 0.8921296296296296 0.253515625 0.8944444444444445 0.2545572916666667 0.8986111111111111 0.25638020833333336 0.9023148148148148 0.257421875 0.9064814814814814 0.257421875 0.9083333333333333 0.2579427083333333 0.9120370370370371 0.258203125 0.9125 0.25872395833333334 0.9185185185185185 0.25924479166666664 0.9199074074074074 0.25924479166666664 0.9212962962962963 0.26028645833333336 0.9263888888888889 0.261328125 0.9287037037037037 0.26315104166666664 0.9347222222222222 0.26315104166666664 0.937037037037037 0.26393229166666665 0.9421296296296297 0.264453125 0.9435185185185185 0.2669270833333333 0.9479166666666666 0.2682291666666667 0.9497685185185185 0.26979166666666665 0.9488425925925926 0.2708333333333333 0.9488425925925926 0.27200520833333336 0.9518518518518518 0.27252604166666666 0.9546296296296296 0.2727864583333333 0.9578703703703704 0.273828125 0.9611111111111111 0.27434895833333334 0.9652777777777778 0.27486979166666664 0.9666666666666667 0.27486979166666664 0.9726851851851852 0.274609375 0.9731481481481481 0.274609375 0.9768518518518519 0.27486979166666664 0.9773148148148149 0.27486979166666664 0.9796296296296296 0.27513020833333335 0.9800925925925926 0.27513020833333335 0.9847222222222223 0.27486979166666664 0.987037037037037 0.2740885416666667 0.9893518518518518 0.273828125 0.9916666666666667 0.273828125 0.9953703703703703 0.271875 0.9969907407407408 0.26796875 0.9969907407407408 0.26614583333333336 0.9983796296296297 0.2657552083333333 0.999537037037037 0.13580729166666666 0.999537037037037 0.13567708333333334 0.9988425925925926 0.134375 0.9979166666666667 0.13125 0.9979166666666667 0.13098958333333333 0.9983796296296297 0.12942708333333333 0.9983796296296297 0.128125 0.9988425925925926 0.12799479166666666 0.999537037037037 0.198828125 0.999537037037037 0.19791666666666666 0.9983796296296297 0.19583333333333333 0.9983796296296297 0.19557291666666668 0.9988425925925926 0.19427083333333334 0.9988425925925926 0.194140625 0.999537037037037 0.21783854166666666 0.999537037037037 0.21692708333333333 0.9983796296296297 0.21432291666666667 0.9983796296296297 0.2140625 0.9988425925925926 0.21197916666666666 0.9988425925925926 0.21184895833333334 0.999537037037037 0.15533854166666666 0.999537037037037 0.15520833333333334 0.9988425925925926 0.15364583333333334 0.9988425925925926 0.153515625 0.999537037037037 
1 0.5768229166666666 0.8141203703703703 0.5736979166666667 0.8141203703703703 0.5734375 0.8136574074074074 0.571875 0.8136574074074074 0.5690104166666666 0.8113425925925926 0.5674479166666667 0.8094907407407408 0.5654947916666667 0.8060185185185185 0.564453125 0.8023148148148148 0.564453125 0.7986111111111112 0.5641927083333333 0.7981481481481482 0.5641927083333333 0.7916666666666666 0.564453125 0.7912037037037037 0.564453125 0.788425925925926 0.5654947916666667 0.7819444444444444 0.5666666666666667 0.7793981481481481 0.5684895833333333 0.7775462962962963 0.5697916666666667 0.7766203703703703 0.571875 0.7756944444444445 0.5768229166666666 0.7756944444444445 0.5770833333333333 0.7761574074074075 0.5799479166666667 0.7780092592592592 0.5809895833333333 0.7793981481481481 0.5829427083333333 0.7828703703703703 0.5834635416666667 0.7842592592592592 0.5842447916666667 0.7875 0.5845052083333333 0.7893518518518519 0.5845052083333333 0.7921296296296296 0.584765625 0.7925925925925926 0.584765625 0.7976851851851852 0.5845052083333333 0.7981481481481482 0.5845052083333333 0.8023148148148148 0.583984375 0.8041666666666667 0.583984375 0.8055555555555556 0.5834635416666667 0.8078703703703703 0.5815104166666667 0.8113425925925926 0.5796875 0.8131944444444444 0.5786458333333333 0.8136574074074074 0.5770833333333333 0.8136574074074074 0.5768229166666666 0.8141203703703703 
1 0.5377604166666666 0.8335648148148148 0.53671875 0.8331018518518518 0.5354166666666667 0.8331018518518518 0.5341145833333333 0.8321759259259259 0.5333333333333333 0.8321759259259259 0.5309895833333333 0.8298611111111112 0.5287760416666667 0.825925925925926 0.5282552083333333 0.8245370370370371 0.5272135416666667 0.8189814814814815 0.5272135416666667 0.8166666666666667 0.526953125 0.8162037037037037 0.5272135416666667 0.8143518518518519 0.5272135416666667 0.8097222222222222 0.5274739583333333 0.8092592592592592 0.5274739583333333 0.8037037037037037 0.527734375 0.8023148148148148 0.5290364583333333 0.799537037037037 0.5290364583333333 0.799074074074074 0.5309895833333333 0.7956018518518518 0.53203125 0.7951388888888888 0.5328125 0.794212962962963 0.5338541666666666 0.79375 0.5356770833333333 0.79375 0.5359375 0.7932870370370371 0.5377604166666666 0.7932870370370371 0.5380208333333333 0.79375 0.5395833333333333 0.79375 0.5424479166666667 0.7951388888888888 0.5442708333333334 0.7969907407407407 0.5454427083333333 0.799074074074074 0.5470052083333333 0.8032407407407407 0.547265625 0.8060185185185185 0.5477864583333333 0.8087962962962963 0.5477864583333333 0.8185185185185185 0.5475260416666666 0.8189814814814815 0.5475260416666666 0.8217592592592593 0.5459635416666667 0.8273148148148148 0.5442708333333334 0.830324074074074 0.5421875 0.8321759259259259 0.540625 0.8326388888888889 0.5403645833333334 0.8331018518518518 0.5380208333333333 0.8331018518518518 0.5377604166666666 0.8335648148148148 
2 0.5559895833333334 0.7891203703703704 0.5557291666666667 0.7886574074074074 0.5536458333333333 0.7886574074074074 0.55234375 0.7881944444444444 0.55 0.7858796296296297 0.5485677083333333 0.7833333333333333 0.548046875 0.7814814814814814 0.547265625 0.7763888888888889 0.547265625 0.7666666666666667 0.5483072916666667 0.7611111111111111 0.54921875 0.7594907407407407 0.5502604166666667 0.7590277777777777 0.55234375 0.757175925925926 0.5549479166666667 0.757175925925926 0.5552083333333333 0.756712962962963 0.5572916666666666 0.757175925925926 0.55859375 0.7581018518518519 0.5598958333333334 0.7594907407407407 0.5615885416666667 0.7625 0.5623697916666667 0.7643518518518518 0.5631510416666666 0.7675925925925926 0.5631510416666666 0.7699074074074074 0.5634114583333333 0.7703703703703704 0.5634114583333333 0.7777777777777778 0.5631510416666666 0.7782407407407408 0.5631510416666666 0.7805555555555556 0.5623697916666667 0.7837962962962963 0.5606770833333333 0.7868055555555555 0.559375 0.7877314814814815 0.55859375 0.7877314814814815 0.5575520833333333 0.7886574074074074 0.55625 0.7886574074074074 0.5559895833333334 0.7891203703703704 
2 0.65859375 0.7409722222222223 0.6572916666666667 0.7409722222222223 0.65703125 0.7405092592592593 0.65546875 0.7405092592592593 0.6526041666666667 0.7391203703703704 0.6502604166666667 0.7372685185185185 0.648828125 0.7347222222222223 0.6477864583333334 0.7310185185185185 0.6477864583333334 0.7282407407407407 0.6475260416666667 0.7277777777777777 0.6475260416666667 0.7245370370370371 0.648046875 0.7217592592592592 0.6483072916666667 0.7185185185185186 0.6493489583333333 0.7148148148148148 0.6505208333333333 0.7127314814814815 0.6518229166666667 0.7122685185185185 0.653125 0.7113425925925926 0.6580729166666667 0.7113425925925926 0.6614583333333334 0.7141203703703703 0.6634114583333334 0.7175925925925926 0.6641927083333333 0.7203703703703703 0.664453125 0.7226851851851852 0.664453125 0.7291666666666666 0.6641927083333333 0.7296296296296296 0.6641927083333333 0.7328703703703704 0.663671875 0.7356481481481482 0.6626302083333333 0.7384259259259259 0.6598958333333333 0.7405092592592593 0.65859375 0.7409722222222223 
2 0.5010416666666667 0.8173611111111111 0.49635416666666665 0.8173611111111111 0.49505208333333334 0.8168981481481481 0.4934895833333333 0.8155092592592592 0.492578125 0.8138888888888889 0.49127604166666666 0.8097222222222222 0.491015625 0.8083333333333333 0.491015625 0.8055555555555556 0.49075520833333336 0.8050925925925926 0.49075520833333336 0.7962962962962963 0.491015625 0.7958333333333333 0.491015625 0.7930555555555555 0.4920572916666667 0.7888888888888889 0.4942708333333333 0.7854166666666667 0.49583333333333335 0.7840277777777778 0.496875 0.7835648148148148 0.5020833333333333 0.7835648148148148 0.5041666666666667 0.7854166666666667 0.506640625 0.7898148148148149 0.5071614583333334 0.7930555555555555 0.5071614583333334 0.7953703703703704 0.5076822916666667 0.7981481481481482 0.5076822916666667 0.8004629629629629 0.5079427083333333 0.8009259259259259 0.5079427083333333 0.8055555555555556 0.5076822916666667 0.8060185185185185 0.5076822916666667 0.8087962962962963 0.5069010416666667 0.8115740740740741 0.5052083333333334 0.8145833333333333 0.5049479166666667 0.8145833333333333 0.50234375 0.8168981481481481 0.5010416666666667 0.8173611111111111 
2 0.5130208333333334 0.868287037037037 0.5088541666666667 0.868287037037037 0.5080729166666667 0.867824074074074 0.5052083333333334 0.8650462962962963 0.5037760416666667 0.8625 0.502734375 0.8583333333333333 0.502734375 0.8541666666666666 0.5024739583333333 0.8537037037037037 0.5024739583333333 0.8462962962962963 0.502734375 0.8458333333333333 0.502734375 0.8430555555555556 0.5040364583333333 0.8384259259259259 0.5045572916666666 0.837037037037037 0.50625 0.8340277777777778 0.5080729166666667 0.8335648148148148 0.5091145833333334 0.8326388888888889 0.5102864583333333 0.8351851851851851 0.5102864583333333 0.8384259259259259 0.509765625 0.8412037037037037 0.509765625 0.8444444444444444 0.5102864583333333 0.8467592592592592 0.5108072916666667 0.850925925925926 0.511328125 0.8523148148148149 0.5123697916666666 0.8569444444444444 0.5131510416666667 0.8592592592592593 0.5141927083333333 0.8643518518518518 0.513671875 0.8671296296296296 0.5130208333333334 0.868287037037037 
11 0.6005208333333333 0.9988425925925926 0.5989583333333334 0.9988425925925926 0.5986979166666667 0.9983796296296297 0.5950520833333334 0.9983796296296297 0.5947916666666667 0.9979166666666667 0.5932291666666667 0.9979166666666667 0.59296875 0.9974537037037037 0.5908854166666667 0.9974537037037037 0.590625 0.9969907407407408 0.58828125 0.9969907407407408 0.5880208333333333 0.9974537037037037 0.5833333333333334 0.9974537037037037 0.5830729166666667 0.9979166666666667 0.5802083333333333 0.9979166666666667 0.5799479166666667 0.9983796296296297 0.56171875 0.9983796296296297 0.5614583333333333 0.9988425925925926 0.5541666666666667 0.9988425925925926 0.55390625 0.9983796296296297 0.5505208333333333 0.9983796296296297 0.5502604166666667 0.9979166666666667 0.5473958333333333 0.9979166666666667 0.5471354166666667 0.9983796296296297 0.5364583333333334 0.9983796296296297 0.5361979166666667 0.9979166666666667 0.5325520833333334 0.9979166666666667 0.5322916666666667 0.9983796296296297 0.5203125 0.9983796296296297 0.5190104166666667 0.9979166666666667 0.5169270833333334 0.9960648148148148 0.5143229166666666 0.9960648148148148 0.5140625 0.9956018518518519 0.5122395833333333 0.9974537037037037 0.5111979166666667 0.9979166666666667 0.5049479166666667 0.9979166666666667 0.50390625 0.9974537037037037 0.5024739583333333 0.9953703703703703 0.5024739583333333 0.9939814814814815 0.5015625 0.992824074074074 0.501171875 0.9935185185185185 0.501171875 0.9953703703703703 0.49921875 0.9974537037037037 0.496875 0.9974537037037037 0.49557291666666664 0.9960648148148148 0.49440104166666665 0.9939814814814815 0.493359375 0.9907407407407407 0.49309895833333334 0.9884259259259259 0.492578125 0.987037037037037 0.4915364583333333 0.9824074074074074 0.491015625 0.9773148148148149 0.490234375 0.9745370370370371 0.490234375 0.9736111111111111 0.48919270833333334 0.9703703703703703 0.488671875 0.9675925925925926 0.488671875 0.9662037037037037 0.4881510416666667 0.9643518518518519 0.4881510416666667 0.9629629629629629 0.4876302083333333 0.9611111111111111 0.48736979166666666 0.9583333333333334 0.48658854166666665 0.9560185185185185 0.486328125 0.9532407407407407 0.48606770833333335 0.9527777777777777 0.48528645833333334 0.9467592592592593 0.484765625 0.9439814814814815 0.483984375 0.9416666666666667 0.48346354166666666 0.937037037037037 0.48294270833333336 0.9342592592592592 0.481640625 0.9296296296296296 0.48138020833333334 0.9268518518518518 0.480859375 0.925 0.480859375 0.9236111111111112 0.4803385416666667 0.9217592592592593 0.479296875 0.9152777777777777 0.478515625 0.912962962962963 0.478515625 0.9120370370370371 0.47747395833333334 0.9055555555555556 0.4766927083333333 0.9027777777777778 0.4766927083333333 0.9018518518518519 0.4759114583333333 0.899074074074074 0.4759114583333333 0.8972222222222223 0.475390625 0.8930555555555556 0.474609375 0.8902777777777777 0.474609375 0.8893518518518518 0.473828125 0.8875 0.47356770833333334 0.8851851851851852 0.473046875 0.8833333333333333 0.4725260416666667 0.8791666666666667 0.4725260416666667 0.8768518518518519 0.4727864583333333 0.874537037037037 0.4733072916666667 0.8722222222222222 0.47421875 0.8706018518518519 0.47578125 0.8696759259259259 0.4765625 0.86875 0.478125 0.867824074074074 0.47890625 0.867824074074074 0.48203125 0.8659722222222223 0.48359375 0.8645833333333334 0.4842447916666667 0.8634259259259259 0.484765625 0.8611111111111112 0.484765625 0.8550925925925926 0.483984375 0.8513888888888889 0.48346354166666666 0.8476851851851852 0.48216145833333335 0.8435185185185186 0.481640625 0.8398148148148148 0.47903645833333336 0.8300925925925926 0.47877604166666665 0.8277777777777777 0.47877604166666665 0.8212962962962963 0.4798177083333333 0.8171296296296297 0.48151041666666666 0.8141203703703703 0.4817708333333333 0.8141203703703703 0.4830729166666667 0.8118055555555556 0.48333333333333334 0.8118055555555556 0.4845052083333333 0.8092592592592592 0.485546875 0.8041666666666667 0.48671875 0.8020833333333334 0.48723958333333334 0.8020833333333334 0.48932291666666666 0.8006944444444445 0.49075520833333336 0.7976851851851852 0.491015625 0.7953703703703704 0.4915364583333333 0.7930555555555555 0.492578125 0.7902777777777777 0.4942708333333333 0.7877314814814815 0.49713541666666666 0.7854166666666667 0.4986979166666667 0.7854166666666667 0.5002604166666667 0.7863425925925925 0.5018229166666667 0.7877314814814815 0.50234375 0.7886574074074074 0.5036458333333333 0.7895833333333333 0.5052083333333334 0.7914351851851852 0.5065104166666666 0.7914351851851852 0.5067708333333333 0.7909722222222222 0.5083333333333333 0.7909722222222222 0.50859375 0.7905092592592593 0.5098958333333333 0.7905092592592593 0.5140625 0.7886574074074074 0.5143229166666666 0.7881944444444444 0.5166666666666667 0.7872685185185185 0.51796875 0.7863425925925925 0.5192708333333333 0.7849537037037037 0.521875 0.7835648148148148 0.5231770833333333 0.7831018518518519 0.5244791666666667 0.7831018518518519 0.5247395833333334 0.7826388888888889 0.5268229166666667 0.7821759259259259 0.5278645833333333 0.78125 0.5286458333333334 0.78125 0.5307291666666667 0.7793981481481481 0.53125 0.7793981481481481 0.5325520833333334 0.7780092592592592 0.534375 0.7770833333333333 0.5354166666666667 0.7770833333333333 0.53671875 0.7761574074074075 0.5377604166666666 0.7761574074074075 0.5390625 0.7752314814814815 0.5403645833333334 0.7747685185185185 0.54296875 0.7747685185185185 0.5432291666666667 0.7743055555555556 0.5450520833333333 0.7743055555555556 0.5455729166666666 0.7738425925925926 0.5470052083333333 0.7712962962962963 0.5475260416666666 0.7685185185185185 0.5475260416666666 0.7671296296296296 0.5483072916666667 0.762962962962963 0.5494791666666666 0.7604166666666666 0.55234375 0.7581018518518519 0.5549479166666667 0.7581018518518519 0.5552083333333333 0.7576388888888889 0.5565104166666667 0.7576388888888889 0.5578125 0.7581018518518519 0.5598958333333334 0.7594907407407407 0.5608072916666667 0.7611111111111111 0.5618489583333334 0.7643518518518518 0.562890625 0.7662037037037037 0.5639322916666667 0.7699074074074074 0.56484375 0.7715277777777778 0.5677083333333334 0.7729166666666667 0.56796875 0.7733796296296296 0.56953125 0.7733796296296296 0.5697916666666667 0.7738425925925926 0.571875 0.7738425925925926 0.5739583333333333 0.7752314814814815 0.5747395833333333 0.7752314814814815 0.5778645833333333 0.7770833333333333 0.5799479166666667 0.7789351851851852 0.584375 0.7789351851851852 0.5864583333333333 0.7770833333333333 0.5893229166666667 0.7756944444444445 0.5903645833333333 0.7756944444444445 0.5924479166666666 0.7747685185185185 0.5934895833333333 0.7738425925925926 0.5973958333333333 0.7724537037037037 0.5984375 0.7715277777777778 0.60078125 0.7710648148148148 0.6028645833333334 0.7696759259259259 0.6036458333333333 0.7696759259259259 0.60546875 0.768287037037037 0.6083333333333333 0.7668981481481482 0.6109375 0.7645833333333333 0.61171875 0.7636574074074074 0.612890625 0.7615740740740741 0.6134114583333333 0.7597222222222222 0.6139322916666666 0.7541666666666667 0.614453125 0.7527777777777778 0.6157552083333333 0.7472222222222222 0.6170572916666667 0.7430555555555556 0.61875 0.7400462962962963 0.6203125 0.7386574074074074 0.62265625 0.7372685185185185 0.6239583333333333 0.7368055555555556 0.6247395833333333 0.7358796296296296 0.6263020833333334 0.7349537037037037 0.6270833333333333 0.7349537037037037 0.6283854166666667 0.7340277777777777 0.6294270833333333 0.7340277777777777 0.63046875 0.7331018518518518 0.6322916666666667 0.7326388888888888 0.6333333333333333 0.731712962962963 0.6361979166666667 0.7303240740740741 0.6375 0.7303240740740741 0.6403645833333333 0.7289351851851852 0.6411458333333333 0.7280092592592593 0.64296875 0.7270833333333333 0.6458333333333334 0.7270833333333333 0.646875 0.7261574074074074 0.6490885416666666 0.7222222222222222 0.6498697916666667 0.7189814814814814 0.65078125 0.7168981481481481 0.6515625 0.7164351851851852 0.6533854166666667 0.7145833333333333 0.6541666666666667 0.7141203703703703 0.65546875 0.7141203703703703 0.6557291666666667 0.7145833333333333 0.6572916666666667 0.7145833333333333 0.6588541666666666 0.7155092592592592 0.6606770833333333 0.7173611111111111 0.6614583333333334 0.71875 0.6635416666666667 0.71875 0.6638020833333333 0.718287037037037 0.6651041666666667 0.718287037037037 0.66640625 0.7178240740740741 0.66875 0.7164351851851852 0.6708333333333333 0.7155092592592592 0.6716145833333333 0.7155092592592592 0.6752604166666667 0.7122685185185185 0.6760416666666667 0.7122685185185185 0.6770833333333334 0.7113425925925926 0.6794270833333333 0.7108796296296296 0.6809895833333334 0.7099537037037037 0.6822916666666666 0.7099537037037037 0.6825520833333333 0.7094907407407407 0.6859375 0.7094907407407407 0.6869791666666667 0.7104166666666667 0.68984375 0.7141203703703703 0.6908854166666667 0.7145833333333333 0.6924479166666667 0.7145833333333333 0.6940104166666666 0.7155092592592592 0.6953125 0.7168981481481481 0.6979166666666666 0.7215277777777778 0.6997395833333333 0.7229166666666667 0.7018229166666666 0.7229166666666667 0.7041666666666667 0.7215277777777778 0.7057291666666666 0.7215277777777778 0.7059895833333333 0.7210648148148148 0.7078125 0.7210648148148148 0.7088541666666667 0.7206018518518519 0.7104166666666667 0.719212962962963 0.7122395833333334 0.718287037037037 0.7130208333333333 0.718287037037037 0.7140625 0.7173611111111111 0.71484375 0.7173611111111111 0.7161458333333334 0.7164351851851852 0.71953125 0.7150462962962963 0.7205729166666667 0.7141203703703703 0.7234375 0.7131944444444445 0.7244791666666667 0.7122685185185185 0.7268229166666667 0.7113425925925926 0.7276041666666667 0.7104166666666667 0.7286458333333333 0.7099537037037037 0.7299479166666667 0.7099537037037037 0.7302083333333333 0.7094907407407407 0.7325520833333333 0.7090277777777778 0.7341145833333333 0.7081018518518518 0.7364583333333333 0.705787037037037 0.7372395833333333 0.705787037037037 0.7393229166666667 0.7048611111111112 0.7401041666666667 0.7039351851851852 0.7473958333333334 0.7011574074074074 0.7502604166666667 0.6993055555555555 0.75234375 0.6974537037037037 0.7541666666666667 0.6969907407407407 0.7552083333333334 0.6960648148148149 0.7575520833333333 0.6951388888888889 0.7588541666666667 0.694212962962963 0.76015625 0.69375 0.7622395833333333 0.69375 0.7625 0.6932870370370371 0.7638020833333333 0.6932870370370371 0.765625 0.6918981481481481 0.7661458333333333 0.6918981481481481 0.7677083333333333 0.6905092592592592 0.7690104166666667 0.6900462962962963 0.7703125 0.6900462962962963 0.7705729166666667 0.6895833333333333 0.7723958333333333 0.6895833333333333 0.7736979166666667 0.6900462962962963 0.7768229166666667 0.6923611111111111 0.7807291666666667 0.694675925925926 0.78203125 0.6951388888888889 0.7830729166666667 0.6960648148148149 0.7861979166666667 0.6969907407407407 0.7872395833333333 0.6979166666666666 0.7885416666666667 0.7002314814814815 0.7901041666666667 0.7020833333333333 0.7919270833333333 0.7048611111111112 0.79296875 0.705787037037037 0.79375 0.7071759259259259 0.7958333333333333 0.7094907407407407 0.7971354166666667 0.7118055555555556 0.7984375 0.7131944444444445 0.8013020833333333 0.7168981481481481 0.8020833333333334 0.7173611111111111 0.8033854166666666 0.719212962962963 0.8046875 0.7215277777777778 0.80703125 0.7238425925925925 0.8096354166666667 0.7275462962962963 0.8125 0.7307870370370371 0.8138020833333334 0.7331018518518518 0.8140625 0.7331018518518518 0.8158854166666667 0.7358796296296296 0.8182291666666667 0.7381944444444445 0.8205729166666667 0.7418981481481481 0.8213541666666667 0.7423611111111111 0.8231770833333333 0.7442129629629629 0.824609375 0.7472222222222222 0.824609375 0.7513888888888889 0.8248697916666666 0.7532407407407408 0.8256510416666667 0.7555555555555555 0.8256510416666667 0.7574074074074074 0.826171875 0.7597222222222222 0.826171875 0.7662037037037037 0.8259114583333333 0.7666666666666667 0.8259114583333333 0.7689814814814815 0.8248697916666666 0.774537037037037 0.823828125 0.7768518518518519 0.8227864583333333 0.7819444444444444 0.822265625 0.7833333333333333 0.8217447916666667 0.7870370370370371 0.820703125 0.7907407407407407 0.8201822916666667 0.7944444444444444 0.8196614583333334 0.7962962962962963 0.8194010416666667 0.799537037037037 0.8188802083333333 0.8023148148148148 0.8178385416666667 0.8055555555555556 0.8165364583333333 0.8111111111111111 0.8165364583333333 0.8125 0.816015625 0.8138888888888889 0.8157552083333334 0.8162037037037037 0.815234375 0.8185185185185185 0.8141927083333333 0.8217592592592593 0.813671875 0.8240740740740741 0.813671875 0.825462962962963 0.8131510416666666 0.8273148148148148 0.8131510416666666 0.8287037037037037 0.812109375 0.8333333333333334 0.8115885416666667 0.8347222222222223 0.811328125 0.8384259259259259 0.812109375 0.8421296296296297 0.8127604166666667 0.843287037037037 0.8140625 0.844212962962963 0.8174479166666667 0.8502314814814815 0.8177083333333334 0.8502314814814815 0.8205729166666667 0.8553240740740741 0.821484375 0.8564814814814815 0.8220052083333333 0.8583333333333333 0.8220052083333333 0.8606481481481482 0.822265625 0.8611111111111112 0.822265625 0.8652777777777778 0.821484375 0.8689814814814815 0.8212239583333333 0.8717592592592592 0.8204427083333333 0.8740740740740741 0.8204427083333333 0.875 0.8196614583333334 0.8782407407407408 0.819140625 0.8796296296296297 0.8186197916666667 0.8833333333333333 0.8180989583333333 0.8856481481481482 0.8170572916666666 0.8888888888888888 0.8162760416666667 0.8939814814814815 0.8157552083333334 0.8953703703703704 0.8154947916666667 0.8976851851851851 0.8149739583333333 0.9 0.8141927083333333 0.9023148148148148 0.8141927083333333 0.9032407407407408 0.8134114583333333 0.9055555555555556 0.8118489583333334 0.913425925925926 0.8118489583333334 0.9143518518518519 0.8110677083333333 0.9166666666666666 0.8100260416666667 0.9217592592592593 0.8100260416666667 0.9231481481481482 0.8095052083333333 0.925 0.8092447916666666 0.9273148148148148 0.8076822916666667 0.9324074074074075 0.8071614583333333 0.9361111111111111 0.806640625 0.9375 0.8063802083333333 0.9398148148148148 0.805859375 0.9412037037037037 0.8053385416666666 0.9444444444444444 0.803515625 0.9523148148148148 0.803515625 0.9537037037037037 0.8029947916666667 0.9564814814814815 0.8024739583333333 0.9578703703703704 0.8022135416666667 0.9606481481481481 0.8014322916666666 0.9638888888888889 0.8006510416666667 0.9694444444444444 0.8001302083333334 0.9722222222222222 0.7985677083333333 0.9773148148148149 0.7977864583333333 0.9814814814814815 0.7977864583333333 0.9837962962962963 0.7975260416666666 0.9842592592592593 0.7975260416666666 0.9879629629629629 0.797265625 0.9898148148148148 0.796484375 0.9925925925925926 0.7947916666666667 0.9956018518518519 0.79296875 0.9965277777777778 0.790625 0.9969907407407408 0.7903645833333334 0.9974537037037037 0.7833333333333333 0.9974537037037037 0.7830729166666667 0.9979166666666667 0.77734375 0.9979166666666667 0.7763020833333333 0.9974537037037037 0.7751302083333333 0.9958333333333333 0.7755208333333333 0.9946759259259259 0.7765625 0.99375 0.77734375 0.9923611111111111 0.7791666666666667 0.9905092592592593 0.780078125 0.9888888888888889 0.780078125 0.986574074074074 0.7798177083333333 0.9861111111111112 0.7798177083333333 0.9833333333333333 0.7795572916666667 0.9824074074074074 0.777734375 0.9791666666666666 0.7756510416666667 0.9736111111111111 0.7740885416666666 0.9708333333333333 0.773046875 0.9680555555555556 0.7696614583333333 0.962037037037037 0.7696614583333333 0.961574074074074 0.766796875 0.9564814814814815 0.766796875 0.9560185185185185 0.7654947916666667 0.9537037037037037 0.7654947916666667 0.9532407407407407 0.762109375 0.9472222222222222 0.761328125 0.9449074074074074 0.7602864583333333 0.9425925925925925 0.7584635416666666 0.9393518518518519 0.7584635416666666 0.9388888888888889 0.753515625 0.9300925925925926 0.7524739583333333 0.9277777777777778 0.7514322916666667 0.924537037037037 0.7497395833333333 0.9219907407407407 0.7479166666666667 0.9206018518518518 0.7450520833333333 0.9219907407407407 0.7424479166666667 0.9238425925925926 0.7416666666666667 0.9247685185185185 0.7395833333333334 0.9256944444444445 0.7377604166666667 0.9270833333333334 0.7361979166666667 0.9275462962962963 0.7348958333333333 0.9289351851851851 0.7330729166666666 0.9293981481481481 0.7309895833333333 0.930324074074074 0.7299479166666667 0.93125 0.7265625 0.9326388888888889 0.7252604166666666 0.9340277777777778 0.7239583333333334 0.9349537037037037 0.72265625 0.9354166666666667 0.721875 0.9363425925925926 0.7197916666666667 0.9372685185185186 0.71875 0.9381944444444444 0.7173177083333333 0.9407407407407408 0.7162760416666667 0.9453703703703704 0.7154947916666666 0.950925925925926 0.715234375 0.9541666666666667 0.7147135416666667 0.9560185185185185 0.7147135416666667 0.9574074074074074 0.7141927083333334 0.9592592592592593 0.7134114583333333 0.9648148148148148 0.7134114583333333 0.9662037037037037 0.712890625 0.9685185185185186 0.7126302083333333 0.9708333333333333 0.712109375 0.9726851851851852 0.712109375 0.9740740740740741 0.7115885416666666 0.975925925925926 0.7110677083333333 0.9796296296296296 0.7110677083333333 0.9810185185185185 0.7102864583333334 0.9851851851851852 0.709765625 0.9902777777777778 0.7080729166666667 0.9960648148148148 0.7067708333333333 0.9974537037037037 0.7057291666666666 0.9979166666666667 0.6997395833333333 0.9979166666666667 0.6994791666666667 0.9974537037037037 0.6981770833333333 0.9974537037037037 0.6967447916666667 0.9953703703703703 0.6967447916666667 0.9893518518518518 0.6970052083333333 0.9888888888888889 0.6970052083333333 0.986574074074074 0.6975260416666667 0.9837962962962963 0.6975260416666667 0.9814814814814815 0.698046875 0.9791666666666666 0.698046875 0.9773148148148149 0.6985677083333334 0.975 0.698828125 0.9717592592592592 0.6993489583333333 0.9699074074074074 0.699609375 0.9666666666666667 0.7001302083333333 0.9648148148148148 0.7006510416666667 0.9611111111111111 0.7006510416666667 0.9592592592592593 0.701171875 0.9569444444444445 0.7016927083333333 0.9513888888888888 0.701953125 0.950925925925926 0.701953125 0.9486111111111111 0.7022135416666667 0.9462962962962963 0.7029947916666667 0.9421296296296297 0.7029947916666667 0.9398148148148148 0.7032552083333333 0.9393518518518519 0.7032552083333333 0.9319444444444445 0.7022135416666667 0.9282407407407407 0.7013020833333333 0.9261574074074074 0.7005208333333334 0.9252314814814815 0.700390625 0.9259259259259259 0.69921875 0.9280092592592593 0.6971354166666667 0.9293981481481481 0.6955729166666667 0.9293981481481481 0.6953125 0.9298611111111111 0.6940104166666666 0.9298611111111111 0.69375 0.930324074074074 0.6919270833333333 0.930787037037037 0.6890625 0.9331018518518519 0.6861979166666666 0.9363425925925926 0.6846354166666667 0.9377314814814814 0.6817708333333333 0.9391203703703703 0.6802083333333333 0.9405092592592592 0.6794270833333333 0.9405092592592592 0.6776041666666667 0.9418981481481481 0.6755208333333333 0.9423611111111111 0.6744791666666666 0.9432870370370371 0.6723958333333333 0.9432870370370371 0.6705729166666666 0.9418981481481481 0.6694010416666667 0.9398148148148148 0.6694010416666667 0.9347222222222222 0.669140625 0.9347222222222222 0.669140625 0.9398148148148148 0.6666666666666666 0.9409722222222222 0.66640625 0.9414351851851852 0.6649739583333333 0.9416666666666667 0.6649739583333333 0.9486111111111111 0.6657552083333333 0.9523148148148148 0.6657552083333333 0.9550925925925926 0.666015625 0.9555555555555556 0.666015625 0.9694444444444444 0.6662760416666667 0.9703703703703703 0.66796875 0.9733796296296297 0.6700520833333333 0.9756944444444444 0.6725260416666666 0.9800925925925926 0.6733072916666667 0.9824074074074074 0.6743489583333333 0.9842592592592593 0.6751302083333334 0.987037037037037 0.6756510416666667 0.9907407407407407 0.6766927083333333 0.9944444444444445 0.6772135416666667 0.9953703703703703 0.6765625 0.9969907407407408 0.6752604166666667 0.9979166666666667 0.6723958333333333 0.9979166666666667 0.6713541666666667 0.9974537037037037 0.6697916666666667 0.9960648148148148 0.6684895833333333 0.9956018518518519 0.66640625 0.9918981481481481 0.66484375 0.9914351851851851 0.6625 0.992824074074074 0.6618489583333333 0.9953703703703703 0.6604166666666667 0.9974537037037037 0.6588541666666666 0.9979166666666667 0.65859375 0.9983796296296297 0.6544270833333333 0.9983796296296297 0.6541666666666667 0.9979166666666667 0.65234375 0.9979166666666667 0.6510416666666666 0.9969907407407408 0.6501302083333333 0.9953703703703703 0.6501302083333333 0.9902777777777778 0.6498697916666667 0.9898148148148148 0.6498697916666667 0.9847222222222223 0.6486979166666667 0.9840277777777777 0.6466145833333333 0.9840277777777777 0.6450520833333333 0.9849537037037037 0.6427083333333333 0.9854166666666667 0.63984375 0.9877314814814815 0.6393229166666666 0.9877314814814815 0.6380208333333334 0.9891203703703704 0.6356770833333333 0.9900462962962963 0.6341145833333334 0.9909722222222223 0.6325520833333333 0.9923611111111111 0.6283854166666667 0.9946759259259259 0.6260416666666667 0.9956018518518519 0.6252604166666667 0.9965277777777778 0.6236979166666666 0.9974537037037037 0.6223958333333334 0.9974537037037037 0.6221354166666667 0.9979166666666667 0.6153645833333333 0.9979166666666667 0.6151041666666667 0.9983796296296297 0.60078125 0.9983796296296297 0.6005208333333333 0.9988425925925926 0.799609375 0.8166666666666667 0.8009114583333333 0.8143518518518519 0.8014322916666666 0.812037037037037 0.8022135416666667 0.8106481481481481 0.8024739583333333 0.8092592592592592 0.802734375 0.8050925925925926 0.8032552083333333 0.8027777777777778 0.8032552083333333 0.7967592592592593 0.803515625 0.7962962962962963 0.8029947916666667 0.7939814814814815 0.8018229166666667 0.7928240740740741 0.8005208333333333 0.7928240740740741 0.8002604166666667 0.7923611111111111 0.7984375 0.7923611111111111 0.7963541666666667 0.79375 0.79375 0.7951388888888888 0.79140625 0.7956018518518518 0.7895833333333333 0.7979166666666667 0.788671875 0.799537037037037 0.7881510416666667 0.8013888888888889 0.7899739583333333 0.8046296296296296 0.7907552083333333 0.8074074074074075 0.7924479166666667 0.8104166666666667 0.7927083333333333 0.8104166666666667 0.7942708333333334 0.8131944444444444 0.7953125 0.8145833333333333 0.7966145833333333 0.8150462962962963 0.7981770833333334 0.8168981481481481 0.799609375 0.8166666666666667 0.6537760416666667 0.812037037037037 0.654296875 0.8101851851851852 0.6541666666666667 0.8094907407407408 0.653125 0.8090277777777778 0.6528645833333333 0.8094907407407408 0.6515625 0.8094907407407408 0.6528645833333333 0.8104166666666667 0.6537760416666667 0.812037037037037 0.6694010416666667 0.8157407407407408 0.669921875 0.8148148148148148 0.6694010416666667 0.8115740740740741 0.6694010416666667 0.8097222222222222 0.6688802083333333 0.8111111111111111 0.6686197916666666 0.812962962962963 0.6686197916666666 0.8152777777777778 0.6694010416666667 0.8157407407407408 0.6587239583333333 0.8523148148148149 0.6587239583333333 0.8490740740740741 0.658984375 0.8486111111111111 0.6592447916666667 0.8453703703703703 0.6595052083333334 0.8449074074074074 0.6595052083333334 0.8425925925925926 0.65859375 0.8400462962962963 0.6579427083333333 0.8421296296296297 0.6576822916666667 0.8449074074074074 0.658203125 0.8472222222222222 0.6584635416666667 0.8495370370370371 0.6584635416666667 0.8523148148148149 0.6587239583333333 0.8523148148148149 0.6584635416666667 0.8856481481481482 0.6587239583333333 0.8851851851851852 0.6587239583333333 0.8694444444444445 0.658984375 0.8689814814814815 0.658984375 0.862037037037037 0.6587239583333333 0.861574074074074 0.6587239583333333 0.8592592592592593 0.658203125 0.8611111111111112 0.658203125 0.8680555555555556 0.6579427083333333 0.8685185185185185 0.6579427083333333 0.8726851851851852 0.658203125 0.8731481481481481 0.658203125 0.8810185185185185 0.6576822916666667 0.8828703703703704 0.6576822916666667 0.8847222222222222 0.6584635416666667 0.8856481481481482 0.6704427083333333 0.8861111111111111 0.6704427083333333 0.8787037037037037 0.6701822916666667 0.8787037037037037 0.6701822916666667 0.8814814814814815 0.669921875 0.8819444444444444 0.669921875 0.8861111111111111 0.6704427083333333 0.8861111111111111 0.7868489583333333 0.9597222222222223 0.7872395833333333 0.9594907407407407 0.7881510416666667 0.9574074074074074 0.7891927083333333 0.9523148148148148 0.7899739583333333 0.95 0.7912760416666667 0.9449074074074074 0.791796875 0.9435185185185185 0.7923177083333334 0.9398148148148148 0.7928385416666667 0.9384259259259259 0.7930989583333333 0.9361111111111111 0.7936197916666666 0.9347222222222222 0.7944010416666667 0.9296296296296296 0.794921875 0.9282407407407407 0.7954427083333333 0.9254629629629629 0.796484375 0.9180555555555555 0.7975260416666666 0.9143518518518519 0.798046875 0.9115740740740741 0.7983072916666667 0.9083333333333333 0.798828125 0.9064814814814814 0.798828125 0.9050925925925926 0.7998697916666667 0.9009259259259259 0.800390625 0.8981481481481481 0.800390625 0.8949074074074074 0.8006510416666667 0.8944444444444445 0.8006510416666667 0.8921296296296296 0.8 0.8905092592592593 0.7986979166666667 0.8895833333333333 0.7979166666666667 0.8900462962962963 0.7966145833333333 0.8900462962962963 0.79375 0.8914351851851852 0.7924479166666667 0.892824074074074 0.7903645833333334 0.89375 0.7848958333333333 0.8969907407407407 0.7828125 0.8988425925925926 0.78046875 0.9002314814814815 0.7796875 0.9011574074074075 0.778125 0.9016203703703703 0.7770833333333333 0.9025462962962963 0.7763020833333333 0.9025462962962963 0.7752604166666667 0.9034722222222222 0.7731770833333333 0.9043981481481481 0.771875 0.905787037037037 0.7713541666666667 0.905787037037037 0.76953125 0.9076388888888889 0.7690104166666667 0.9076388888888889 0.7671875 0.9090277777777778 0.7658854166666667 0.9094907407407408 0.7645833333333333 0.9108796296296297 0.7630208333333334 0.9118055555555555 0.762109375 0.9138888888888889 0.7631510416666667 0.9171296296296296 0.763671875 0.9199074074074074 0.7657552083333333 0.9236111111111112 0.7662760416666666 0.9254629629629629 0.7696614583333333 0.9314814814814815 0.7704427083333333 0.9337962962962963 0.7720052083333333 0.9365740740740741 0.7720052083333333 0.937037037037037 0.7735677083333333 0.9398148148148148 0.7735677083333333 0.9402777777777778 0.7760416666666666 0.944675925925926 0.7763020833333333 0.944675925925926 0.7787760416666667 0.9490740740740741 0.7787760416666667 0.9495370370370371 0.7819010416666666 0.9550925925925926 0.7822916666666667 0.95625 0.7830729166666667 0.9571759259259259 0.7861979166666667 0.9599537037037037 0.7868489583333333 0.9597222222222223 0.6548177083333333 0.9152777777777777 0.6553385416666667 0.9138888888888889 0.6553385416666667 0.9101851851851852 0.655078125 0.9097222222222222 0.655078125 0.9074074074074074 0.6548177083333333 0.9060185185185186 0.654296875 0.9069444444444444 0.653515625 0.9115740740740741 0.653515625 0.9143518518518519 0.6541666666666667 0.9155092592592593 0.6548177083333333 0.9152777777777777 0.6587239583333333 0.9351851851851852 0.6595052083333334 0.9347222222222222 0.6595052083333334 0.9328703703703703 0.6584635416666667 0.9305555555555556 0.658203125 0.9314814814814815 0.658203125 0.9342592592592592 0.6587239583333333 0.9351851851851852 0.6641927083333333 0.9407407407407408 0.6641927083333333 0.9398148148148148 0.6625 0.9372685185185186 0.6614583333333334 0.9372685185185186 0.6610677083333333 0.9384259259259259 0.6610677083333333 0.9398148148148148 0.6619791666666667 0.9409722222222222 0.6641927083333333 0.9407407407407408 
