 0 0.529818 0.000000 0.529818 0.004167 0.530599 0.008333 0.530599 0.012037 0.530339 0.014352 0.529818 0.016667 0.529818 0.025926 0.529557 0.026389 0.529557 0.030093 0.529297 0.030556 0.529297 0.034259 0.529036 0.034722 0.529036 0.045833 0.528776 0.046296 0.528776 0.063889 0.528516 0.064352 0.528516 0.068981 0.528255 0.069444 0.528255 0.073148 0.527995 0.073611 0.527995 0.078704 0.526953 0.082407 0.525651 0.085648 0.525130 0.088426 0.524870 0.091667 0.524349 0.094444 0.522266 0.101852 0.521224 0.106481 0.520052 0.108565 0.518490 0.110417 0.516536 0.113889 0.514453 0.118981 0.514193 0.120370 0.513021 0.122454 0.509896 0.125231 0.509115 0.125694 0.507552 0.127546 0.506250 0.129861 0.504427 0.131713 0.500781 0.135880 0.498437 0.137731 0.497135 0.139120 0.494792 0.140509 0.494271 0.140509 0.491667 0.142824 0.491146 0.143750 0.489323 0.144676 0.488542 0.145602 0.485417 0.147454 0.484115 0.147917 0.480729 0.150231 0.473698 0.152546 0.473438 0.153009 0.471354 0.153009 0.471094 0.153472 0.469792 0.153472 0.468490 0.154398 0.467187 0.154398 0.465885 0.154861 0.464844 0.155787 0.464062 0.155787 0.463021 0.156713 0.461719 0.157176 0.459635 0.157176 0.459375 0.157639 0.458073 0.157639 0.457813 0.158102 0.455469 0.158565 0.452865 0.159954 0.451042 0.161806 0.450000 0.162269 0.447656 0.162269 0.447396 0.162731 0.445833 0.162731 0.444531 0.163194 0.443229 0.164120 0.440365 0.164120 0.440104 0.164583 0.438021 0.164583 0.435156 0.165972 0.433594 0.165972 0.433333 0.166435 0.431771 0.166435 0.430469 0.166898 0.429427 0.167824 0.427083 0.168750 0.426823 0.169213 0.424479 0.170139 0.424219 0.170602 0.422917 0.170602 0.422656 0.171065 0.419792 0.171065 0.418490 0.171991 0.416146 0.172917 0.414844 0.173843 0.413542 0.173843 0.413281 0.174306 0.411198 0.174306 0.408594 0.172454 0.407422 0.170370 0.404297 0.161111 0.403255 0.157407 0.402214 0.150000 0.401172 0.147222 0.400391 0.145833 0.398828 0.140741 0.398047 0.139352 0.397005 0.135648 0.395573 0.134028 0.394010 0.134028 0.393750 0.133565 0.385937 0.133565 0.385677 0.134028 0.383073 0.134028 0.382812 0.133565 0.380729 0.133565 0.379427 0.132639 0.378255 0.130556 0.377734 0.128704 0.377734 0.126389 0.377474 0.125926 0.377474 0.122222 0.376693 0.116204 0.376172 0.113889 0.375391 0.111574 0.375391 0.110648 0.374609 0.108333 0.373828 0.102778 0.373828 0.100463 0.372005 0.091667 0.372005 0.088889 0.371745 0.088426 0.371745 0.085648 0.371224 0.083333 0.370964 0.081019 0.370964 0.078704 0.370703 0.078241 0.369661 0.069444 0.368880 0.067130 0.368359 0.064815 0.368359 0.062963 0.367839 0.060648 0.367839 0.058796 0.366797 0.054167 0.366797 0.052778 0.366276 0.050463 0.366276 0.047685 0.366016 0.047222 0.366016 0.044907 0.365755 0.042593 0.365234 0.040741 0.365234 0.039352 0.364714 0.037500 0.364714 0.036111 0.363932 0.032407 0.363932 0.030556 0.363411 0.027778 0.363411 0.025000 0.362630 0.018981 0.362370 0.018519 0.362109 0.015278 0.361068 0.010648 0.361068 0.006019 0.361328 0.005556 0.361328 0.000000
 5 0.439844 0.488194 0.437500 0.488194 0.436198 0.487731 0.435026 0.486111 0.433724 0.481019 0.432943 0.479167 0.431510 0.476620 0.429167 0.474769 0.428255 0.473148 0.427474 0.470833 0.427474 0.469444 0.425391 0.463426 0.425130 0.461574 0.424089 0.457870 0.423568 0.453704 0.424089 0.451389 0.424089 0.449537 0.424870 0.446296 0.425651 0.444444 0.427344 0.441435 0.428906 0.439583 0.430990 0.437731 0.433073 0.437269 0.433333 0.436806 0.437240 0.436806 0.438542 0.437269 0.440885 0.439583 0.442057 0.441667 0.442318 0.443519 0.444141 0.448611 0.444141 0.449074 0.446224 0.453241 0.446745 0.455093 0.449089 0.459259 0.449870 0.461111 0.450651 0.464352 0.451172 0.468056 0.450911 0.469907 0.450911 0.472222 0.450651 0.474537 0.449609 0.477778 0.448307 0.480093 0.448307 0.480556 0.446094 0.484028 0.444792 0.485417 0.442969 0.486806 0.439844 0.488194
 5 0.432031 0.528935 0.427604 0.528935 0.427344 0.528472 0.423698 0.525231 0.422786 0.523611 0.422005 0.520370 0.421484 0.519444 0.420964 0.517130 0.420443 0.516204 0.419141 0.511111 0.419141 0.510185 0.417578 0.505093 0.416536 0.503241 0.415755 0.500926 0.415234 0.498148 0.415234 0.491667 0.415495 0.491204 0.415495 0.488889 0.416797 0.483796 0.420312 0.477546 0.423177 0.475694 0.424479 0.475231 0.425781 0.475231 0.426042 0.474769 0.428646 0.474769 0.429688 0.475231 0.431510 0.476620 0.434505 0.483333 0.435807 0.487500 0.437109 0.489815 0.439193 0.494907 0.439714 0.497222 0.440234 0.498148 0.442318 0.504167 0.442318 0.507407 0.442578 0.507870 0.442578 0.511111 0.442057 0.513426 0.440755 0.517593 0.439193 0.520833 0.439193 0.521296 0.437240 0.524769 0.435417 0.526157 0.434115 0.527546 0.432812 0.528009 0.432031 0.528935
 5 0.417708 0.573380 0.415104 0.573380 0.414062 0.572454 0.413281 0.572454 0.411458 0.571065 0.410026 0.568519 0.409245 0.566667 0.408203 0.562500 0.405859 0.557407 0.405599 0.556019 0.404557 0.553241 0.402214 0.549074 0.402214 0.548611 0.400911 0.544907 0.400911 0.537037 0.401432 0.535648 0.402214 0.532407 0.404687 0.528009 0.405469 0.527083 0.409635 0.523380 0.411198 0.522454 0.412500 0.522917 0.415104 0.524769 0.416276 0.526852 0.416276 0.527315 0.418099 0.530556 0.418099 0.531019 0.419401 0.533333 0.421875 0.539120 0.422135 0.539120 0.424479 0.543287 0.424740 0.543287 0.426432 0.545833 0.426953 0.548148 0.427734 0.550463 0.427995 0.552315 0.427995 0.557870 0.427734 0.559722 0.426432 0.563889 0.423177 0.569676 0.420573 0.572454 0.419531 0.572917 0.417969 0.572917 0.417708 0.573380
 5 0.732812 0.690509 0.731771 0.690509 0.729167 0.688657 0.727734 0.686574 0.726432 0.682870 0.725911 0.679167 0.724870 0.675926 0.724870 0.673611 0.724609 0.671296 0.723568 0.666667 0.723568 0.665278 0.723047 0.663426 0.723047 0.660648 0.722786 0.660185 0.722786 0.656481 0.724219 0.653935 0.726562 0.652546 0.728646 0.650694 0.730208 0.649769 0.730990 0.649769 0.732292 0.648843 0.733594 0.648843 0.734896 0.647917 0.736198 0.647454 0.737500 0.647454 0.738802 0.646991 0.740625 0.645602 0.742448 0.645139 0.743490 0.644213 0.745052 0.644213 0.745313 0.644676 0.747396 0.644676 0.748698 0.645139 0.751042 0.646528 0.752344 0.646065 0.753646 0.644676 0.755469 0.643750 0.757031 0.643750 0.759896 0.642361 0.760677 0.640972 0.763281 0.638657 0.769792 0.635880 0.771875 0.634491 0.773177 0.634028 0.774479 0.634028 0.776042 0.633102 0.777865 0.632639 0.778125 0.632176 0.779948 0.631713 0.780208 0.631250 0.783333 0.629861 0.785156 0.629398 0.787500 0.628472 0.789323 0.627083 0.792448 0.626157 0.794271 0.624769 0.797135 0.623843 0.799479 0.622454 0.800781 0.622454 0.801042 0.621991 0.803125 0.621528 0.804948 0.620139 0.807031 0.619676 0.810156 0.618287 0.810417 0.617824 0.813542 0.616898 0.814844 0.615972 0.817448 0.615046 0.818750 0.613657 0.820052 0.613194 0.821354 0.612269 0.822656 0.612269 0.824219 0.611343 0.825781 0.611343 0.826042 0.610880 0.830990 0.610880 0.833854 0.609491 0.835156 0.608102 0.838021 0.607176 0.839063 0.606250 0.840365 0.606250 0.842708 0.604861 0.843750 0.604861 0.846094 0.603472 0.849219 0.602546 0.850781 0.601620 0.852083 0.601620 0.852344 0.601157 0.853646 0.601157 0.853906 0.600694 0.855208 0.600694 0.855469 0.600231 0.857812 0.599769 0.859115 0.600694 0.860156 0.600694 0.861719 0.601620 0.864323 0.603935 0.866016 0.606481 0.866797 0.608333 0.868359 0.613426 0.868620 0.615278 0.868620 0.621296 0.867578 0.624537 0.865885 0.627546 0.864583 0.628935 0.863281 0.629398 0.862500 0.630324 0.860938 0.631250 0.856771 0.632639 0.856510 0.633102 0.854688 0.633565 0.852083 0.635417 0.851302 0.635417 0.850260 0.636343 0.849479 0.636343 0.848177 0.637269 0.846615 0.637269 0.846354 0.637731 0.844792 0.637731 0.843490 0.638657 0.840365 0.639583 0.840104 0.640046 0.837760 0.640972 0.834896 0.643750 0.833594 0.644676 0.831771 0.645139 0.830469 0.646065 0.829427 0.646065 0.828125 0.646991 0.825000 0.647917 0.823698 0.648843 0.822656 0.648843 0.821615 0.649769 0.818750 0.650694 0.817448 0.651620 0.812760 0.653472 0.810937 0.653935 0.809635 0.654861 0.808333 0.654861 0.807031 0.655324 0.805729 0.656250 0.804948 0.656250 0.803125 0.657639 0.802344 0.657639 0.800000 0.659028 0.798958 0.659028 0.797656 0.659954 0.796875 0.659954 0.795573 0.660880 0.793229 0.661343 0.790885 0.662731 0.788542 0.663657 0.788281 0.664120 0.786458 0.664583 0.786198 0.665046 0.784375 0.665509 0.783333 0.666435 0.782292 0.666435 0.780990 0.667361 0.779948 0.667361 0.778646 0.668287 0.777083 0.668287 0.776823 0.668750 0.774740 0.669213 0.772135 0.671065 0.770573 0.671065 0.770312 0.671528 0.767448 0.671528 0.766146 0.672454 0.764844 0.672917 0.763021 0.674306 0.760677 0.675231 0.759115 0.675231 0.758854 0.675694 0.757031 0.675694 0.756250 0.676157 0.754687 0.678935 0.752344 0.681250 0.751042 0.681713 0.749740 0.683102 0.747396 0.684954 0.745052 0.685880 0.741927 0.686806 0.739583 0.688194 0.738021 0.688194 0.737760 0.688657 0.735938 0.688657 0.734635 0.689120 0.732812 0.690509
 5 0.751432 0.656944 0.751432 0.656944
 5 0.673958 0.831713 0.672135 0.831713 0.671875 0.831250 0.670312 0.831250 0.669531 0.830787 0.668490 0.829398 0.667839 0.827778 0.667318 0.825463 0.665885 0.823380 0.663542 0.821528 0.661979 0.820602 0.660677 0.820602 0.660417 0.820139 0.658854 0.820139 0.658594 0.819676 0.653125 0.819676 0.652865 0.820139 0.650781 0.820139 0.650521 0.820602 0.648177 0.820602 0.646875 0.821528 0.646094 0.822917 0.644792 0.823843 0.638542 0.823843 0.638281 0.823380 0.635938 0.823380 0.635677 0.822917 0.633594 0.822917 0.633333 0.822454 0.631250 0.822454 0.630990 0.821991 0.627344 0.821991 0.627083 0.821528 0.625000 0.821528 0.624740 0.821065 0.623177 0.820602 0.622005 0.818519 0.621224 0.815278 0.621224 0.811574 0.620964 0.811111 0.620964 0.803704 0.620703 0.803241 0.620703 0.790278 0.620443 0.789815 0.620703 0.787500 0.620703 0.784722 0.620964 0.782870 0.621615 0.781250 0.623698 0.780324 0.623958 0.780787 0.633594 0.780787 0.633854 0.781250 0.641927 0.781250 0.642188 0.781713 0.643490 0.781713 0.645833 0.784491 0.646875 0.786343 0.648438 0.787269 0.650000 0.787269 0.650260 0.787731 0.652604 0.787731 0.652865 0.788194 0.654687 0.788194 0.654948 0.788657 0.656771 0.788657 0.657031 0.789120 0.660677 0.789120 0.660937 0.789583 0.663802 0.789583 0.664062 0.790046 0.686198 0.790046 0.686458 0.790509 0.694792 0.790509 0.695052 0.790972 0.702083 0.790972 0.702344 0.791435 0.714583 0.791435 0.714844 0.791898 0.719271 0.791898 0.719531 0.792361 0.722396 0.792361 0.722656 0.792824 0.726042 0.792824 0.726302 0.793287 0.729688 0.793287 0.729948 0.793750 0.733073 0.793750 0.733333 0.794213 0.737760 0.794213 0.738021 0.794676 0.740104 0.794676 0.740365 0.795139 0.745313 0.795139 0.745573 0.795602 0.750521 0.795602 0.750781 0.796065 0.756771 0.796065 0.757031 0.796528 0.762240 0.796528 0.762500 0.796991 0.764062 0.796991 0.765365 0.797917 0.766406 0.797917 0.768229 0.799306 0.770443 0.803241 0.772005 0.807870 0.772005 0.810185 0.771484 0.812500 0.770964 0.816204 0.770182 0.818981 0.769661 0.819907 0.769141 0.822222 0.768359 0.824074 0.766667 0.826620 0.764062 0.828935 0.761458 0.828935 0.761198 0.828472 0.754427 0.828472 0.754167 0.828009 0.750521 0.828009 0.750260 0.827546 0.747396 0.827546 0.747135 0.827083 0.744271 0.827083 0.744010 0.826620 0.742448 0.826620 0.741146 0.825694 0.739583 0.825694 0.737240 0.829398 0.736198 0.830324 0.734635 0.830324 0.734375 0.829861 0.729167 0.829861 0.728906 0.829398 0.722656 0.829398 0.722396 0.828935 0.719271 0.828935 0.719010 0.828472 0.715625 0.828472 0.715365 0.828009 0.711458 0.828009 0.711198 0.827546 0.706771 0.827546 0.706510 0.827083 0.701302 0.827083 0.701042 0.826620 0.697917 0.826620 0.697656 0.826157 0.692708 0.826157 0.692448 0.825694 0.690104 0.825694 0.689844 0.825231 0.687500 0.825231 0.687240 0.825694 0.685156 0.825694 0.684896 0.825231 0.683073 0.825231 0.682813 0.824769 0.679427 0.824769 0.679167 0.825231 0.677865 0.825231 0.675911 0.827315 0.675130 0.830093 0.673958 0.831713
 4 0.679167 0.625231 0.676562 0.625231 0.675521 0.624306 0.672917 0.622917 0.670833 0.622917 0.670573 0.622454 0.664062 0.622454 0.663802 0.621991 0.659896 0.621991 0.659635 0.621528 0.653385 0.621528 0.653125 0.621065 0.644792 0.621065 0.644531 0.620602 0.637500 0.620602 0.637240 0.620139 0.628385 0.620139 0.628125 0.619676 0.626302 0.619676 0.624740 0.620602 0.622656 0.622917 0.620052 0.623843 0.619792 0.624306 0.614583 0.624306 0.611979 0.622454 0.611328 0.621296 0.610547 0.618056 0.610286 0.616204 0.610286 0.587500 0.610547 0.585185 0.611719 0.582639 0.614323 0.581713 0.620313 0.581713 0.622396 0.583102 0.623958 0.585880 0.625521 0.587269 0.627865 0.587731 0.628125 0.587269 0.640365 0.587269 0.640625 0.587731 0.647396 0.587731 0.647656 0.588194 0.660156 0.588194 0.660417 0.588657 0.669010 0.588657 0.669271 0.589120 0.677604 0.589120 0.677865 0.589583 0.682031 0.589583 0.682292 0.590046 0.692969 0.590046 0.693229 0.590509 0.697656 0.590509 0.697917 0.590972 0.703125 0.590972 0.703385 0.591435 0.710417 0.591435 0.711719 0.591898 0.714583 0.594213 0.715104 0.594213 0.718750 0.596528 0.721094 0.596991 0.722135 0.597917 0.724219 0.598380 0.726302 0.599306 0.728125 0.600694 0.729948 0.601157 0.730990 0.602083 0.735156 0.603472 0.738281 0.605787 0.739193 0.607870 0.739193 0.611574 0.738932 0.613426 0.738281 0.614583 0.737240 0.615509 0.734635 0.616898 0.732031 0.617824 0.730208 0.617824 0.729948 0.618287 0.728385 0.618287 0.728125 0.618750 0.726562 0.618750 0.725000 0.619676 0.723698 0.619676 0.722135 0.620602 0.720833 0.620602 0.720573 0.621065 0.719271 0.621065 0.719010 0.621528 0.717708 0.621528 0.716406 0.622454 0.715104 0.622454 0.713542 0.623380 0.711979 0.623380 0.711719 0.623843 0.709896 0.623843 0.709635 0.624306 0.708073 0.624306 0.707812 0.624769 0.698698 0.624769 0.698438 0.624306 0.690365 0.624306 0.690104 0.623843 0.683333 0.623843 0.683073 0.624306 0.681250 0.624306 0.680990 0.624769 0.679427 0.624769 0.679167 0.625231
 3 0.739844 0.743287 0.735156 0.743287 0.734896 0.742824 0.731771 0.742824 0.731510 0.742361 0.729948 0.742361 0.729688 0.741898 0.727604 0.741898 0.727344 0.741435 0.725000 0.741435 0.724740 0.740972 0.722917 0.740972 0.722656 0.740509 0.720573 0.740509 0.720313 0.740046 0.717969 0.740046 0.717708 0.739583 0.715365 0.739583 0.715104 0.739120 0.712500 0.739120 0.712240 0.738657 0.709635 0.738657 0.709375 0.738194 0.706771 0.738194 0.706510 0.737731 0.703906 0.737731 0.703646 0.737269 0.697656 0.737269 0.697396 0.736806 0.692969 0.736806 0.691406 0.738194 0.689844 0.739120 0.685156 0.739120 0.684896 0.738657 0.682552 0.738657 0.680990 0.737731 0.679557 0.735185 0.679036 0.732870 0.679036 0.730556 0.678776 0.730093 0.678776 0.727778 0.678255 0.725000 0.678255 0.722685 0.677995 0.720833 0.677474 0.719444 0.677474 0.718056 0.677083 0.715972 0.676042 0.718287 0.674479 0.719676 0.672786 0.718056 0.672526 0.717130 0.672526 0.712963 0.672266 0.712500 0.673698 0.710417 0.675260 0.710417 0.677083 0.711343 0.677865 0.710417 0.678776 0.707870 0.679036 0.706481 0.679036 0.696296 0.680208 0.693750 0.681250 0.692824 0.686198 0.692824 0.686458 0.693287 0.688021 0.693287 0.690104 0.694213 0.692187 0.696065 0.693490 0.697917 0.694792 0.698843 0.696094 0.698843 0.696354 0.699306 0.698177 0.699306 0.698438 0.699769 0.700260 0.699769 0.700521 0.700231 0.702604 0.700231 0.702865 0.700694 0.704688 0.700694 0.704948 0.701157 0.707031 0.701157 0.707292 0.701620 0.709375 0.701620 0.709635 0.702083 0.711719 0.702083 0.711979 0.702546 0.715104 0.702546 0.715365 0.703009 0.717708 0.703009 0.717969 0.703472 0.720573 0.703472 0.720833 0.703935 0.722396 0.703935 0.722656 0.704398 0.724740 0.704398 0.725000 0.704861 0.727344 0.704861 0.727604 0.705324 0.729688 0.705324 0.729948 0.705787 0.732812 0.705787 0.733073 0.706250 0.735156 0.706250 0.736458 0.706713 0.740885 0.709491 0.741667 0.709491 0.742708 0.710417 0.743490 0.710417 0.746875 0.712269 0.748698 0.713657 0.751563 0.715046 0.752604 0.715972 0.753385 0.715972 0.754427 0.716898 0.756250 0.717361 0.757031 0.718287 0.758594 0.719213 0.759375 0.719213 0.761198 0.720602 0.763021 0.721065 0.764583 0.721991 0.765365 0.722917 0.768490 0.725231 0.769661 0.727315 0.770182 0.730093 0.770703 0.731481 0.770703 0.733333 0.769922 0.736111 0.768490 0.738194 0.766667 0.739583 0.765625 0.740046 0.764323 0.740046 0.764062 0.740509 0.762760 0.740046 0.758333 0.740046 0.758073 0.740509 0.756250 0.740509 0.755990 0.740972 0.752604 0.740972 0.752344 0.741435 0.747917 0.741435 0.747656 0.741898 0.745052 0.741898 0.744792 0.742361 0.742188 0.742361 0.741927 0.742824 0.740104 0.742824 0.739844 0.743287
 3 0.787760 0.782639 0.786198 0.782639 0.784896 0.782176 0.783073 0.780787 0.781771 0.780324 0.780469 0.778935 0.779948 0.778935 0.777604 0.776157 0.776302 0.773843 0.774740 0.772454 0.773177 0.770139 0.772917 0.770139 0.770833 0.766435 0.770573 0.766435 0.768880 0.763426 0.768880 0.762963 0.766536 0.757407 0.766276 0.756019 0.765495 0.754167 0.765234 0.752778 0.765234 0.748611 0.764974 0.746296 0.765755 0.743056 0.766406 0.741898 0.768229 0.740046 0.769401 0.737963 0.769401 0.737500 0.771094 0.734491 0.771354 0.734491 0.772656 0.732176 0.774479 0.730324 0.775521 0.729861 0.777344 0.729861 0.778906 0.728935 0.779818 0.726852 0.782292 0.722454 0.782552 0.722454 0.783984 0.719907 0.783984 0.719444 0.786719 0.714583 0.786979 0.714583 0.790625 0.708102 0.790885 0.708102 0.793099 0.704167 0.793099 0.703704 0.794271 0.701620 0.795573 0.700231 0.797917 0.696065 0.798177 0.696065 0.802344 0.688657 0.803906 0.687269 0.804427 0.686343 0.805729 0.685417 0.808073 0.683102 0.809375 0.682176 0.809896 0.681250 0.811458 0.679861 0.812500 0.679398 0.813021 0.678472 0.814323 0.677546 0.817708 0.673843 0.819271 0.672454 0.819792 0.672454 0.824479 0.667824 0.826042 0.665972 0.826823 0.665509 0.828906 0.665509 0.829167 0.665046 0.830990 0.665972 0.832812 0.668287 0.833724 0.671296 0.833724 0.676852 0.832943 0.679167 0.831641 0.684722 0.830599 0.688426 0.830078 0.689352 0.828516 0.694907 0.828516 0.695833 0.827734 0.698148 0.827214 0.700463 0.826693 0.701389 0.825651 0.706019 0.824609 0.708796 0.823828 0.712037 0.822786 0.714352 0.817187 0.724306 0.816927 0.724306 0.815234 0.727315 0.815234 0.727778 0.813411 0.731019 0.813411 0.731481 0.810937 0.735880 0.810677 0.735880 0.808464 0.739815 0.808464 0.740278 0.807031 0.742824 0.806771 0.742824 0.804818 0.746296 0.804818 0.746759 0.803255 0.749537 0.803255 0.750000 0.800391 0.755093 0.799609 0.757407 0.798828 0.758796 0.798047 0.762500 0.797786 0.766204 0.797266 0.768519 0.795573 0.771991 0.794531 0.772917 0.792057 0.777315 0.792057 0.777778 0.790104 0.781250 0.787760 0.782639
 3 0.905859 0.999537 0.905729 0.998843 0.903385 0.998843 0.903125 0.998380 0.900521 0.998380 0.900260 0.997917 0.898958 0.997917 0.897656 0.996991 0.896354 0.996528 0.894792 0.996528 0.894531 0.996065 0.893229 0.996065 0.891406 0.994676 0.888932 0.990278 0.889193 0.988426 0.889714 0.987500 0.890234 0.985185 0.890495 0.981481 0.892318 0.975463 0.892839 0.973148 0.893359 0.969444 0.895443 0.963426 0.896484 0.959722 0.897005 0.956019 0.897005 0.954630 0.898047 0.950000 0.899349 0.946759 0.899870 0.944444 0.900651 0.942130 0.902474 0.935648 0.902734 0.933333 0.903516 0.929630 0.903516 0.927315 0.904297 0.923148 0.905599 0.918981 0.906120 0.915741 0.906901 0.913426 0.906901 0.912500 0.908464 0.907870 0.908464 0.906944 0.910547 0.900000 0.910547 0.899074 0.911328 0.896759 0.911328 0.895833 0.912370 0.892130 0.912370 0.891204 0.913932 0.885185 0.914453 0.883796 0.914974 0.880556 0.916016 0.877315 0.916536 0.874074 0.917318 0.871759 0.918359 0.866667 0.919141 0.864352 0.920182 0.858796 0.921484 0.853704 0.922266 0.851389 0.923307 0.849074 0.924609 0.843519 0.925911 0.839815 0.927865 0.836343 0.929818 0.835648 0.929818 0.832407 0.930339 0.829167 0.932943 0.824537 0.932943 0.824074 0.935156 0.820139 0.935417 0.820139 0.937630 0.816204 0.938151 0.814352 0.942708 0.806250 0.944271 0.804398 0.945703 0.801852 0.945703 0.801389 0.947396 0.798380 0.947656 0.798380 0.950000 0.794213 0.951042 0.793287 0.954948 0.793287 0.956250 0.794676 0.957943 0.797685 0.958724 0.799537 0.959505 0.802315 0.959766 0.804630 0.959766 0.807870 0.960026 0.808333 0.960026 0.819444 0.960286 0.819907 0.960286 0.832407 0.960026 0.832870 0.960026 0.843056 0.959766 0.843519 0.959766 0.848611 0.959505 0.849074 0.959505 0.856944 0.958464 0.862037 0.958464 0.863426 0.956901 0.868981 0.956380 0.872222 0.955599 0.875000 0.955078 0.875926 0.954036 0.880093 0.953776 0.884259 0.953516 0.885648 0.952214 0.890278 0.951172 0.893519 0.950130 0.900000 0.949089 0.903704 0.949089 0.904630 0.947786 0.910185 0.947786 0.911574 0.947005 0.914352 0.945964 0.917130 0.945443 0.919907 0.945443 0.921296 0.944141 0.927315 0.943880 0.929630 0.942839 0.932870 0.941536 0.938889 0.941016 0.940278 0.940495 0.943056 0.938932 0.948611 0.938932 0.949537 0.937891 0.955093 0.936849 0.958796 0.936589 0.961111 0.936068 0.962500 0.935807 0.964815 0.935026 0.967130 0.934505 0.969444 0.933984 0.973148 0.933724 0.973611 0.932943 0.978704 0.932422 0.981019 0.930599 0.987037 0.930078 0.990741 0.929036 0.993981 0.928776 0.995370 0.927344 0.997917 0.925000 0.998843 0.924870 0.999537
 3 0.936068 0.913889 0.936068 0.913889
 2 0.544792 0.998843 0.542969 0.998843 0.542708 0.998380 0.538021 0.998380 0.537760 0.998843 0.535937 0.998843 0.535677 0.998380 0.520573 0.998380 0.520312 0.997917 0.514844 0.997917 0.514583 0.997454 0.511979 0.997454 0.511719 0.997917 0.432292 0.997917 0.432031 0.998380 0.430469 0.998380 0.430208 0.997917 0.419792 0.997917 0.419531 0.998380 0.401562 0.998380 0.401302 0.998843 0.400000 0.998380 0.384635 0.998380 0.384375 0.998843 0.380990 0.998843 0.380729 0.998380 0.375000 0.998380 0.374740 0.998843 0.365365 0.998843 0.365104 0.998380 0.359896 0.998380 0.359635 0.998843 0.357812 0.998843 0.356771 0.998380 0.355599 0.995833 0.355599 0.989352 0.356120 0.986574 0.356641 0.985185 0.356901 0.982870 0.357422 0.981481 0.357682 0.979167 0.359766 0.970833 0.360026 0.968056 0.360547 0.966667 0.360807 0.964352 0.361849 0.960648 0.361849 0.959722 0.363411 0.953704 0.363411 0.952778 0.364453 0.949074 0.364453 0.948148 0.365234 0.945833 0.365755 0.943056 0.365755 0.941667 0.367057 0.936574 0.367318 0.934259 0.368880 0.926389 0.369661 0.924074 0.370703 0.918519 0.371224 0.917130 0.372005 0.913889 0.372005 0.912963 0.373047 0.909722 0.373307 0.907407 0.374089 0.905093 0.374609 0.902778 0.374870 0.900000 0.375651 0.897222 0.376172 0.893981 0.376953 0.891667 0.377474 0.889352 0.377734 0.887037 0.378255 0.885648 0.378516 0.883333 0.379036 0.881944 0.379297 0.879630 0.380339 0.874537 0.380859 0.873148 0.380859 0.871759 0.382422 0.865741 0.382422 0.864815 0.383203 0.862500 0.383724 0.860185 0.383984 0.857870 0.384505 0.856481 0.385026 0.853704 0.385547 0.852315 0.388411 0.836574 0.389453 0.833333 0.389974 0.830093 0.390755 0.827778 0.391276 0.825463 0.391536 0.823148 0.393099 0.815278 0.394141 0.811574 0.394401 0.809259 0.395182 0.806944 0.395703 0.803704 0.396224 0.802778 0.396745 0.800463 0.397266 0.796759 0.397266 0.795370 0.398047 0.792130 0.398047 0.791204 0.399609 0.786111 0.401042 0.783565 0.403906 0.779861 0.406250 0.778009 0.407292 0.777546 0.409635 0.777546 0.409896 0.778009 0.411719 0.778009 0.411979 0.778472 0.414323 0.778935 0.414583 0.779398 0.415885 0.779398 0.416146 0.779861 0.417448 0.779861 0.420312 0.781250 0.422135 0.781250 0.422396 0.781713 0.423698 0.781713 0.426563 0.783102 0.427865 0.783102 0.428125 0.783565 0.429427 0.783565 0.430729 0.784028 0.432031 0.784954 0.433073 0.784954 0.435417 0.786343 0.436719 0.786806 0.438021 0.786806 0.438281 0.787269 0.440625 0.787731 0.440885 0.788194 0.442188 0.788194 0.442448 0.788657 0.443750 0.788657 0.445052 0.789583 0.446354 0.790046 0.447656 0.790046 0.448958 0.790972 0.450000 0.790972 0.451302 0.791898 0.452604 0.791898 0.452865 0.792361 0.454167 0.792361 0.455469 0.793287 0.456510 0.793287 0.459635 0.795139 0.460938 0.795139 0.462500 0.796065 0.463542 0.796065 0.464844 0.796991 0.468490 0.797917 0.468750 0.798380 0.473177 0.799769 0.474479 0.800694 0.475781 0.800694 0.476042 0.801157 0.477344 0.801157 0.477604 0.801620 0.479167 0.801620 0.479427 0.802083 0.480729 0.802083 0.480990 0.802546 0.482292 0.802546 0.482552 0.803009 0.484115 0.803009 0.484375 0.803472 0.485938 0.803472 0.487500 0.804398 0.489844 0.804861 0.490104 0.805324 0.491406 0.805324 0.491667 0.805787 0.492969 0.805787 0.494271 0.806250 0.495573 0.807176 0.496615 0.807176 0.497917 0.808102 0.499219 0.808102 0.499479 0.808565 0.500781 0.808565 0.501042 0.809028 0.502344 0.809028 0.503906 0.809954 0.505208 0.809954 0.505469 0.810417 0.506771 0.810417 0.508333 0.811343 0.510677 0.811806 0.511979 0.812731 0.514323 0.813194 0.515625 0.814120 0.516927 0.814120 0.521094 0.815972 0.522396 0.815972 0.523958 0.816898 0.525260 0.816898 0.526823 0.817824 0.528125 0.817824 0.528385 0.818287 0.529687 0.818287 0.529948 0.818750 0.531250 0.818750 0.531510 0.819213 0.532813 0.819213 0.534115 0.820139 0.538021 0.821528 0.539323 0.821528 0.539583 0.821991 0.541927 0.822454 0.542188 0.822917 0.544531 0.823380 0.544792 0.823843 0.546094 0.823843 0.546354 0.824306 0.547656 0.824306 0.548698 0.824769 0.551562 0.827083 0.552344 0.828009 0.554297 0.831481 0.554297 0.831944 0.555599 0.834722 0.556901 0.839815 0.557682 0.842130 0.558724 0.846296 0.560026 0.850000 0.561068 0.855093 0.561589 0.856481 0.561589 0.860648 0.561328 0.861111 0.561328 0.865278 0.561068 0.865741 0.561068 0.869907 0.560807 0.870370 0.560807 0.872685 0.560547 0.873148 0.560547 0.875463 0.560286 0.875926 0.560286 0.878241 0.560026 0.878704 0.560026 0.881944 0.559766 0.882407 0.559766 0.885185 0.559505 0.885648 0.559505 0.887963 0.558724 0.893056 0.558724 0.895370 0.558464 0.895833 0.558464 0.898148 0.558203 0.900463 0.557682 0.902778 0.557422 0.905093 0.557422 0.907407 0.557161 0.907870 0.557161 0.910648 0.556901 0.911111 0.556901 0.913426 0.556380 0.915741 0.556120 0.918056 0.556120 0.920370 0.555859 0.920833 0.555859 0.925463 0.555599 0.925926 0.555599 0.928241 0.555339 0.928704 0.555339 0.931019 0.554557 0.936111 0.554557 0.938426 0.554297 0.940741 0.553516 0.944907 0.553255 0.947222 0.553255 0.949537 0.552995 0.950000 0.552995 0.952315 0.552734 0.952778 0.552734 0.956019 0.552474 0.956481 0.552474 0.959722 0.552214 0.960185 0.552214 0.962500 0.551693 0.965278 0.551172 0.971759 0.550651 0.974074 0.550391 0.978241 0.550130 0.978704 0.550130 0.981019 0.549609 0.983796 0.549609 0.985648 0.548828 0.989352 0.548828 0.991204 0.548307 0.995370 0.547786 0.996759 0.546875 0.997917 0.544792 0.998843
 2 0.565625 0.736343 0.564323 0.735880 0.561979 0.735880 0.561719 0.735417 0.560156 0.735417 0.559896 0.734954 0.558333 0.734954 0.558073 0.734491 0.556510 0.734491 0.556250 0.734028 0.554427 0.734028 0.554167 0.733565 0.552604 0.733565 0.549740 0.732176 0.548438 0.732176 0.548177 0.731713 0.546615 0.731713 0.546354 0.731250 0.544792 0.731250 0.544531 0.730787 0.543229 0.730787 0.542969 0.730324 0.541406 0.730324 0.541146 0.729861 0.539583 0.729861 0.539323 0.729398 0.538021 0.729398 0.537760 0.728935 0.536198 0.728935 0.535937 0.728472 0.534375 0.728472 0.534115 0.728009 0.532813 0.728009 0.532552 0.727546 0.530990 0.727546 0.530729 0.727083 0.528906 0.727083 0.528646 0.726620 0.527083 0.726620 0.526823 0.726157 0.525521 0.726157 0.525260 0.725694 0.523958 0.725694 0.523698 0.725231 0.522135 0.725231 0.521875 0.724769 0.520052 0.724769 0.519792 0.724306 0.518229 0.724306 0.517969 0.723843 0.516667 0.723843 0.516406 0.723380 0.515104 0.723380 0.514844 0.722917 0.513542 0.722917 0.513281 0.722454 0.511979 0.722454 0.511719 0.721991 0.510417 0.721991 0.510156 0.721528 0.508594 0.721528 0.508333 0.721065 0.506510 0.721065 0.506250 0.720602 0.504427 0.720602 0.504167 0.720139 0.502604 0.720139 0.502344 0.719676 0.500260 0.719676 0.500000 0.719213 0.498698 0.719213 0.498437 0.718750 0.496615 0.718750 0.496354 0.718287 0.494531 0.718287 0.494271 0.717824 0.492448 0.717824 0.492188 0.717361 0.490885 0.717361 0.490625 0.716898 0.489323 0.716898 0.489063 0.716435 0.487240 0.716435 0.486979 0.715972 0.485417 0.715972 0.485156 0.715509 0.483594 0.715509 0.483333 0.715046 0.482031 0.715046 0.481771 0.714583 0.480469 0.714583 0.480208 0.714120 0.478646 0.714120 0.478385 0.713657 0.476562 0.713657 0.476302 0.713194 0.474740 0.713194 0.474479 0.712731 0.472396 0.712731 0.472135 0.712269 0.470573 0.712269 0.470313 0.711806 0.468490 0.711806 0.468229 0.711343 0.466667 0.711343 0.466406 0.710880 0.464323 0.710880 0.464062 0.710417 0.462240 0.710417 0.461979 0.709954 0.460156 0.709954 0.459896 0.709491 0.458073 0.709491 0.457813 0.709028 0.456250 0.709028 0.455990 0.708565 0.454427 0.708565 0.454167 0.708102 0.452083 0.708102 0.451823 0.707639 0.450260 0.707639 0.450000 0.707176 0.448698 0.707176 0.448437 0.706713 0.446875 0.706713 0.446615 0.706250 0.444531 0.706250 0.444271 0.705787 0.442448 0.705787 0.442188 0.705324 0.440885 0.705324 0.437760 0.703935 0.436979 0.703009 0.435417 0.702083 0.431901 0.695833 0.430859 0.693056 0.429036 0.689815 0.427995 0.687037 0.426693 0.684722 0.425391 0.679630 0.424089 0.676389 0.424089 0.673611 0.424349 0.673148 0.424349 0.670833 0.424609 0.669444 0.427083 0.665046 0.427995 0.667593 0.428255 0.671296 0.429297 0.675463 0.430729 0.678009 0.432292 0.678935 0.433594 0.678935 0.433854 0.679398 0.435417 0.679398 0.435677 0.679861 0.438802 0.679861 0.439063 0.680324 0.440885 0.680324 0.441146 0.680787 0.442448 0.680787 0.442708 0.681250 0.444531 0.681250 0.444792 0.681713 0.447135 0.681713 0.447396 0.682176 0.449219 0.682176 0.449479 0.682639 0.451042 0.682639 0.451302 0.683102 0.452865 0.683102 0.453125 0.683565 0.454948 0.683565 0.455208 0.684028 0.457292 0.684028 0.457552 0.684491 0.459375 0.684491 0.459635 0.684954 0.460938 0.684954 0.461198 0.685417 0.462500 0.685417 0.462760 0.685880 0.464323 0.685880 0.464583 0.686343 0.466146 0.686343 0.466406 0.686806 0.468229 0.686806 0.468490 0.687269 0.470052 0.687269 0.470313 0.687731 0.471875 0.687731 0.472135 0.688194 0.473698 0.688194 0.473958 0.688657 0.475260 0.688657 0.475521 0.689120 0.476823 0.689120 0.477083 0.689583 0.478906 0.689583 0.479167 0.690046 0.480729 0.690046 0.480990 0.690509 0.483333 0.690509 0.483594 0.690972 0.486198 0.690972 0.486458 0.691435 0.489583 0.691435 0.489844 0.691898 0.491667 0.691898 0.491927 0.692361 0.493750 0.692361 0.494010 0.692824 0.495833 0.692824 0.496094 0.693287 0.497917 0.693287 0.498177 0.693750 0.500260 0.693750 0.500521 0.694213 0.502344 0.694213 0.502604 0.694676 0.503906 0.694676 0.505469 0.695602 0.507292 0.695602 0.507552 0.696065 0.509375 0.696065 0.509635 0.696528 0.510938 0.696528 0.512500 0.697454 0.513802 0.697454 0.514062 0.697917 0.517708 0.697917 0.519271 0.698843 0.520833 0.698843 0.521094 0.699306 0.522917 0.699306 0.523177 0.699769 0.525000 0.699769 0.525260 0.700231 0.526823 0.700231 0.527083 0.700694 0.528646 0.700694 0.528906 0.701157 0.530469 0.701157 0.530729 0.701620 0.532552 0.701620 0.532813 0.702083 0.534375 0.702083 0.534635 0.702546 0.536198 0.702546 0.536458 0.703009 0.537760 0.703009 0.538021 0.703472 0.539323 0.703472 0.540625 0.704398 0.542188 0.704398 0.542448 0.704861 0.544271 0.704861 0.544531 0.705324 0.546354 0.705324 0.546615 0.705787 0.548698 0.705787 0.548958 0.706250 0.550521 0.706250 0.550781 0.706713 0.552604 0.706713 0.552865 0.707176 0.554167 0.707176 0.554427 0.707639 0.555729 0.707639 0.555990 0.708102 0.557813 0.708102 0.558073 0.708565 0.561979 0.708565 0.562240 0.708102 0.563542 0.708102 0.564844 0.707176 0.566536 0.704630 0.567578 0.700463 0.567578 0.699074 0.568099 0.697222 0.568099 0.695370 0.568620 0.693519 0.568880 0.690278 0.569141 0.689815 0.569141 0.687500 0.569401 0.687037 0.569401 0.684722 0.569661 0.684259 0.569661 0.681481 0.569922 0.681019 0.569922 0.678241 0.570182 0.677778 0.570182 0.674537 0.570443 0.674074 0.570443 0.670833 0.570703 0.670370 0.570703 0.668056 0.571224 0.665278 0.571224 0.662963 0.571484 0.662500 0.571484 0.659722 0.572005 0.656944 0.572005 0.654630 0.572266 0.654167 0.572266 0.651389 0.572526 0.650926 0.572526 0.648611 0.573047 0.645833 0.573047 0.643981 0.573568 0.641667 0.573568 0.639815 0.574089 0.636111 0.574609 0.634259 0.575130 0.630093 0.575130 0.627778 0.575391 0.627315 0.576172 0.621296 0.576172 0.618519 0.576432 0.618056 0.576432 0.613889 0.576693 0.613426 0.576693 0.610648 0.576953 0.610185 0.576953 0.607870 0.577995 0.601389 0.578255 0.599074 0.578255 0.596759 0.578516 0.596296 0.578516 0.593981 0.578776 0.593519 0.579297 0.587500 0.579818 0.585648 0.579818 0.583333 0.580078 0.582870 0.580078 0.580556 0.580339 0.578241 0.580859 0.576389 0.581641 0.570370 0.581901 0.566204 0.582161 0.565741 0.582161 0.562037 0.582422 0.561574 0.582422 0.556944 0.582682 0.556481 0.582682 0.550000 0.582422 0.548148 0.581641 0.545833 0.581641 0.544444 0.582031 0.543750 0.583594 0.543287 0.584115 0.543750 0.585547 0.546296 0.585547 0.547222 0.586589 0.550463 0.587370 0.551852 0.588411 0.559259 0.588411 0.561574 0.588672 0.563889 0.589193 0.566204 0.589453 0.570370 0.589714 0.570833 0.589714 0.580093 0.589453 0.580556 0.589453 0.583796 0.589193 0.584259 0.589193 0.587037 0.588932 0.587500 0.588932 0.589815 0.588411 0.592593 0.588411 0.594907 0.587630 0.600000 0.587630 0.602778 0.587370 0.603241 0.587370 0.606019 0.586849 0.608796 0.586849 0.611574 0.586589 0.612037 0.586589 0.614352 0.586328 0.614815 0.585547 0.620833 0.585547 0.623148 0.585286 0.623611 0.585286 0.626389 0.585026 0.626852 0.585026 0.629630 0.584766 0.630093 0.584766 0.632407 0.584505 0.632870 0.584505 0.635185 0.584245 0.635648 0.584245 0.638426 0.583984 0.638889 0.583984 0.641667 0.583724 0.642130 0.583724 0.644907 0.583464 0.645370 0.583464 0.648148 0.583203 0.648611 0.583203 0.650926 0.582943 0.651389 0.582943 0.654167 0.582682 0.654630 0.582682 0.656944 0.582422 0.657407 0.582422 0.659722 0.582161 0.660185 0.582161 0.662500 0.581901 0.662963 0.581901 0.665278 0.581641 0.665741 0.581641 0.668056 0.581380 0.668519 0.581380 0.670833 0.581120 0.671296 0.581120 0.674074 0.580859 0.674537 0.580859 0.677315 0.580599 0.677778 0.580599 0.680093 0.580078 0.682407 0.580078 0.684722 0.579557 0.687500 0.579557 0.690278 0.579297 0.690741 0.579297 0.693056 0.579036 0.693519 0.579036 0.696759 0.578776 0.699074 0.578255 0.701389 0.577995 0.705556 0.577734 0.706019 0.577734 0.708333 0.577474 0.708796 0.577474 0.711111 0.576953 0.713889 0.576953 0.716204 0.576693 0.716667 0.576693 0.718981 0.576432 0.719444 0.576432 0.722685 0.576172 0.723148 0.576172 0.725463 0.575391 0.728241 0.573438 0.731713 0.570833 0.734491 0.570312 0.734491 0.568750 0.735880 0.565885 0.735880 0.565625 0.736343
 6 0.000000 0.116898 0.002344 0.116898 0.004427 0.115509 0.005729 0.115509 0.007031 0.115046 0.008333 0.114120 0.009375 0.114120 0.010677 0.113194 0.013021 0.112731 0.013281 0.112269 0.015625 0.111806 0.017188 0.110880 0.018750 0.110880 0.019010 0.110417 0.020833 0.110417 0.021094 0.109954 0.022396 0.109954 0.023958 0.109028 0.025260 0.109028 0.025521 0.108565 0.027344 0.108565 0.027604 0.108102 0.029427 0.108102 0.029687 0.107639 0.030990 0.107639 0.031250 0.107176 0.032552 0.107176 0.032813 0.106713 0.034115 0.106713 0.034375 0.106250 0.035937 0.106250 0.036198 0.105787 0.038281 0.105787 0.038542 0.105324 0.040885 0.105324 0.041146 0.104861 0.043490 0.104861 0.043750 0.104398 0.045312 0.104398 0.045573 0.103935 0.046875 0.103935 0.047135 0.103472 0.048438 0.103472 0.048698 0.103009 0.050260 0.103009 0.050521 0.102546 0.051823 0.102546 0.053125 0.102083 0.054427 0.101157 0.055729 0.101157 0.055990 0.100694 0.057292 0.100694 0.057552 0.100231 0.059115 0.100231 0.059375 0.099769 0.060677 0.099769 0.060937 0.099306 0.063542 0.099306 0.063802 0.098843 0.065625 0.098843 0.065885 0.098380 0.067448 0.098380 0.067708 0.097917 0.069792 0.097917 0.070052 0.097454 0.072396 0.097454 0.072656 0.096991 0.077344 0.096991 0.079687 0.098380 0.081380 0.101389 0.082161 0.104167 0.082161 0.105093 0.082943 0.107407 0.082943 0.108333 0.084766 0.114352 0.087109 0.118519 0.087109 0.118981 0.088411 0.121296 0.088411 0.121759 0.089714 0.124074 0.089714 0.124537 0.091016 0.126852 0.091016 0.127315 0.094271 0.133102 0.095312 0.134028 0.097005 0.137037 0.097005 0.137500 0.098568 0.140278 0.098568 0.140741 0.099740 0.142824 0.100000 0.142824 0.102214 0.146759 0.102214 0.147222 0.103906 0.150231 0.104948 0.150694 0.105729 0.151620 0.107292 0.152083 0.107552 0.152546 0.110677 0.154398 0.111458 0.155324 0.113802 0.159491 0.115625 0.161343 0.117057 0.163889 0.117839 0.166204 0.118620 0.167593 0.119401 0.169907 0.121354 0.173380 0.122917 0.175231 0.126302 0.181250 0.126562 0.181250 0.130208 0.187731 0.131250 0.188657 0.132161 0.190741 0.135547 0.196759 0.135547 0.197222 0.138281 0.202083 0.138542 0.202083 0.143620 0.211111 0.144922 0.214815 0.145833 0.215972 0.148698 0.221065 0.148958 0.221065 0.150911 0.224537 0.151953 0.227315 0.154167 0.231250 0.154427 0.231250 0.155859 0.233796 0.155859 0.234259 0.157422 0.237037 0.157422 0.237500 0.158724 0.239815 0.158724 0.240278 0.161979 0.246065 0.163542 0.247917 0.164974 0.250926 0.165234 0.252315 0.169531 0.259954 0.169792 0.259954 0.172266 0.264352 0.173307 0.268056 0.174089 0.269444 0.175391 0.272685 0.175651 0.275000 0.175130 0.277778 0.174349 0.280556 0.172786 0.283333 0.172786 0.283796 0.169792 0.289120 0.169531 0.289120 0.152865 0.318750 0.151693 0.320370 0.151693 0.320833 0.145052 0.332639 0.144792 0.332639 0.142318 0.337037 0.142318 0.337500 0.138281 0.344676 0.138021 0.344676 0.134505 0.350926 0.134505 0.351389 0.132292 0.355324 0.132031 0.355324 0.128385 0.361806 0.128125 0.361806 0.125651 0.366204 0.125651 0.366667 0.123177 0.371065 0.122917 0.371065 0.118620 0.378704 0.118620 0.379167 0.113542 0.388194 0.113281 0.388194 0.111979 0.390509 0.109635 0.393750 0.107292 0.395602 0.105208 0.395602 0.104948 0.396065 0.100781 0.396065 0.100521 0.395602 0.097135 0.395602 0.096875 0.395139 0.091406 0.395139 0.091146 0.394676 0.089063 0.394676 0.088802 0.394213 0.084896 0.394213 0.084635 0.393750 0.081771 0.393750 0.081510 0.393287 0.075000 0.393287 0.074740 0.392824 0.072917 0.392824 0.072656 0.392361 0.070312 0.392361 0.070052 0.391898 0.067448 0.391898 0.067187 0.391435 0.063281 0.391435 0.063021 0.390972 0.060937 0.390972 0.060677 0.390509 0.057552 0.390509 0.057292 0.390046 0.055208 0.390046 0.054948 0.389583 0.052865 0.389583 0.052604 0.389120 0.048698 0.389120 0.048438 0.388657 0.046615 0.388657 0.046354 0.388194 0.044531 0.388194 0.044271 0.387731 0.039583 0.387731 0.039323 0.387269 0.032552 0.387269 0.032292 0.386806 0.027865 0.386806 0.027604 0.386343 0.024219 0.386343 0.022917 0.385880 0.020313 0.384491 0.018490 0.382639 0.017188 0.381713 0.015625 0.379861 0.014323 0.377546 0.013281 0.376620 0.011979 0.374769 0.009375 0.372454 0.007031 0.368287 0.005208 0.366435 0.004167 0.365046 0.002865 0.362731 0.001563 0.361343 0.000000 0.361343
 6 0.107943 0.253704 0.110417 0.252546 0.111719 0.252546 0.111979 0.252083 0.113542 0.252083 0.113802 0.251620 0.117969 0.251620 0.118229 0.251157 0.125781 0.251157 0.126042 0.251620 0.127083 0.251157 0.129688 0.251157 0.129948 0.250694 0.131510 0.250694 0.131771 0.251157 0.139063 0.251157 0.139323 0.250694 0.140625 0.250694 0.143490 0.249306 0.145052 0.247917 0.145443 0.247222 0.144922 0.245833 0.144271 0.245139 0.143099 0.243056 0.142578 0.240741 0.141146 0.238194 0.140365 0.237731 0.139193 0.235648 0.138021 0.232639 0.136979 0.232176 0.136198 0.231250 0.134505 0.228241 0.134245 0.226852 0.131641 0.222222 0.130859 0.219444 0.129167 0.217361 0.128385 0.216898 0.127734 0.215741 0.126693 0.212037 0.125521 0.210417 0.124479 0.209491 0.123568 0.207407 0.122135 0.204861 0.121094 0.203935 0.119141 0.200463 0.118880 0.199074 0.116536 0.194907 0.115755 0.192130 0.114323 0.189583 0.113542 0.189120 0.112370 0.187037 0.111849 0.184722 0.110677 0.182639 0.108854 0.182176 0.107813 0.181250 0.107031 0.181250 0.105729 0.182176 0.104427 0.182176 0.102865 0.183102 0.100781 0.186343 0.100000 0.186806 0.099219 0.188194 0.098177 0.189120 0.096875 0.190972 0.095312 0.193750 0.095052 0.193750 0.092318 0.198611 0.092318 0.199074 0.090365 0.202546 0.089323 0.203472 0.088542 0.204861 0.087500 0.205787 0.086458 0.207639 0.084896 0.209491 0.083333 0.210417 0.082161 0.212500 0.081380 0.215278 0.080859 0.218056 0.081120 0.219444 0.082422 0.221296 0.082422 0.221759 0.085417 0.227083 0.085677 0.227083 0.088802 0.232639 0.089844 0.233565 0.092839 0.238889 0.092839 0.239352 0.094271 0.241898 0.094531 0.241898 0.095833 0.244213 0.097396 0.246065 0.099219 0.248843 0.101042 0.250231 0.102865 0.253009 0.103906 0.253935 0.107813 0.253935 0.107943 0.253704
 6 0.045443 0.278704 0.046354 0.278009 0.047266 0.276389 0.047526 0.275000 0.046354 0.272917 0.045312 0.271991 0.044271 0.272454 0.043620 0.273611 0.043359 0.275000 0.043880 0.276852 0.044531 0.278009 0.045443 0.278704
 6 0.000000 0.338194 0.001563 0.338194 0.001823 0.338657 0.003385 0.339120 0.004948 0.340509 0.006510 0.342824 0.009375 0.345602 0.010417 0.346065 0.012240 0.346065 0.013281 0.346528 0.014063 0.346065 0.014844 0.344676 0.016146 0.343287 0.017839 0.340278 0.017839 0.339815 0.020052 0.336806 0.020833 0.336343 0.021745 0.334722 0.022526 0.332407 0.024219 0.329861 0.025781 0.328472 0.027083 0.326157 0.029167 0.323843 0.031250 0.320139 0.031510 0.320139 0.033073 0.317824 0.034375 0.316898 0.035286 0.314815 0.033984 0.312037 0.033333 0.309491 0.033073 0.309491 0.030729 0.306713 0.030078 0.305556 0.029557 0.303704 0.028385 0.301620 0.025521 0.298843 0.022656 0.293750 0.021094 0.291898 0.019792 0.290972 0.017708 0.288194 0.016927 0.287731 0.000000 0.287731
 4 0.146354 0.445602 0.145573 0.445139 0.144271 0.445139 0.144010 0.444676 0.142708 0.444676 0.141406 0.444213 0.139323 0.442824 0.137760 0.442824 0.136198 0.443750 0.135156 0.445139 0.133594 0.445602 0.132943 0.444907 0.132682 0.443519 0.132682 0.441204 0.133464 0.438889 0.134505 0.434722 0.135026 0.433333 0.136849 0.430093 0.136849 0.429630 0.141016 0.422222 0.142057 0.418981 0.143229 0.416898 0.143490 0.416898 0.144401 0.414815 0.145703 0.412500 0.145703 0.412037 0.147135 0.409491 0.147396 0.409491 0.148698 0.407176 0.150781 0.404861 0.153385 0.406250 0.153646 0.406713 0.154297 0.405556 0.155078 0.402315 0.155339 0.400000 0.156380 0.396759 0.159115 0.391898 0.160417 0.390046 0.161979 0.388657 0.164583 0.387269 0.166146 0.387269 0.166406 0.386806 0.168750 0.386806 0.169010 0.386343 0.173177 0.386343 0.174219 0.385417 0.175000 0.384028 0.176302 0.382639 0.179948 0.377546 0.181771 0.376157 0.184896 0.374769 0.187760 0.374769 0.188802 0.374306 0.189844 0.374769 0.193490 0.379398 0.194792 0.381713 0.195052 0.381713 0.196484 0.384259 0.196484 0.384722 0.197786 0.387037 0.198568 0.390741 0.198568 0.393519 0.198307 0.395370 0.197266 0.399537 0.194531 0.404398 0.194271 0.404398 0.191667 0.407639 0.190885 0.409028 0.188802 0.410880 0.187500 0.411343 0.186719 0.412269 0.185156 0.412731 0.184896 0.413194 0.180990 0.413194 0.178906 0.411806 0.178125 0.410417 0.176823 0.410417 0.175260 0.412731 0.174479 0.413194 0.171094 0.416898 0.169531 0.417824 0.168490 0.417824 0.167187 0.418750 0.165885 0.418750 0.165625 0.419213 0.161458 0.419213 0.160547 0.420833 0.161589 0.424074 0.161589 0.426852 0.160547 0.428704 0.158724 0.435185 0.157552 0.437269 0.157292 0.437269 0.155469 0.440509 0.153385 0.442361 0.152083 0.442824 0.151302 0.443750 0.149740 0.444676 0.148177 0.444676 0.147917 0.445139 0.146615 0.445139 0.146354 0.445602
 4 0.131250 0.447917 0.130599 0.446759 0.131771 0.446065 0.132161 0.446759 0.131250 0.447917
 6 0.251823 0.596528 0.245573 0.596528 0.245312 0.596065 0.242188 0.596065 0.241927 0.595602 0.239844 0.595602 0.239583 0.595139 0.235156 0.595139 0.234896 0.594676 0.231250 0.594676 0.230990 0.594213 0.227344 0.594213 0.227083 0.593750 0.224479 0.593750 0.224219 0.593287 0.220312 0.593287 0.220052 0.592824 0.216667 0.592824 0.216406 0.592361 0.213021 0.592361 0.212760 0.591898 0.207552 0.591898 0.207292 0.591435 0.203906 0.591435 0.203646 0.590972 0.200260 0.590972 0.200000 0.590509 0.197917 0.590509 0.197656 0.590046 0.192448 0.590046 0.192188 0.589583 0.189323 0.589583 0.189062 0.589120 0.184896 0.589120 0.184635 0.588657 0.182552 0.588657 0.182292 0.588194 0.178125 0.588194 0.177865 0.587731 0.175781 0.587731 0.175521 0.587269 0.174219 0.587269 0.170573 0.585417 0.169271 0.584491 0.167187 0.582176 0.165365 0.580787 0.163281 0.577083 0.161458 0.575694 0.158594 0.571991 0.157812 0.570602 0.157031 0.570139 0.155729 0.568287 0.153906 0.566898 0.152604 0.565046 0.150521 0.563194 0.148698 0.560880 0.146354 0.556713 0.143490 0.553472 0.142708 0.553009 0.140625 0.549769 0.138281 0.547917 0.136719 0.546065 0.135677 0.544213 0.133854 0.542361 0.133073 0.540972 0.131510 0.539583 0.129557 0.536111 0.127865 0.533565 0.126562 0.532639 0.126042 0.531713 0.124219 0.530324 0.123438 0.529398 0.121615 0.528009 0.119531 0.525231 0.117708 0.522454 0.116406 0.521065 0.115104 0.520139 0.113542 0.518287 0.111979 0.515972 0.110677 0.515046 0.108854 0.513194 0.106771 0.509954 0.105469 0.508565 0.102995 0.504167 0.102995 0.501852 0.104557 0.496296 0.105859 0.493981 0.105859 0.493519 0.107161 0.491204 0.107943 0.488889 0.111328 0.482870 0.111328 0.482407 0.112630 0.480093 0.112630 0.479630 0.113932 0.477315 0.113932 0.476852 0.116016 0.473148 0.117057 0.470833 0.117839 0.468519 0.120964 0.462963 0.120964 0.462500 0.125130 0.455093 0.125130 0.454630 0.127344 0.450694 0.127865 0.450694 0.129167 0.449306 0.132422 0.443519 0.132682 0.441667 0.133724 0.438889 0.136068 0.434722 0.137891 0.430093 0.137891 0.429167 0.139063 0.427083 0.140625 0.426620 0.142448 0.424769 0.143490 0.423380 0.145443 0.419907 0.145703 0.418519 0.145703 0.416204 0.145964 0.415741 0.145964 0.413426 0.146224 0.412500 0.147656 0.409954 0.148698 0.409028 0.149479 0.407639 0.150521 0.407176 0.151823 0.407176 0.152865 0.407639 0.153646 0.408565 0.155729 0.408565 0.157161 0.406481 0.157422 0.405093 0.157422 0.400926 0.157943 0.398611 0.158984 0.396296 0.160286 0.393981 0.160938 0.392361 0.162240 0.390972 0.163021 0.390972 0.165104 0.389583 0.166406 0.389583 0.166667 0.389120 0.168490 0.389120 0.168750 0.388657 0.171875 0.388657 0.172135 0.389120 0.173437 0.389120 0.174219 0.388657 0.174870 0.386574 0.176823 0.383102 0.178646 0.381713 0.179427 0.381713 0.180469 0.380787 0.182292 0.378472 0.183594 0.378009 0.184375 0.377083 0.188281 0.377083 0.188542 0.376620 0.189844 0.377083 0.192188 0.379398 0.195833 0.385880 0.196224 0.386111 0.196224 0.387500 0.196615 0.389120 0.197656 0.388657 0.198177 0.387731 0.199479 0.386806 0.200781 0.386806 0.202083 0.385880 0.203906 0.385880 0.204167 0.385417 0.214062 0.385417 0.214323 0.384954 0.225260 0.384954 0.225521 0.384491 0.230729 0.384491 0.230990 0.384028 0.233333 0.384028 0.233594 0.384491 0.235677 0.384491 0.238021 0.385880 0.239453 0.388426 0.241536 0.395833 0.243099 0.400463 0.244661 0.403241 0.244661 0.403704 0.245964 0.406019 0.246745 0.408333 0.248698 0.411806 0.250781 0.414120 0.252865 0.415046 0.255729 0.417824 0.257292 0.420602 0.257552 0.420602 0.262500 0.429398 0.262760 0.429398 0.264714 0.432870 0.265495 0.435185 0.269401 0.442130 0.269401 0.442593 0.270573 0.444676 0.270833 0.444676 0.272005 0.446759 0.272005 0.447222 0.273307 0.449537 0.274349 0.452315 0.275781 0.454861 0.277083 0.456713 0.278385 0.458102 0.280078 0.461111 0.280859 0.463426 0.281901 0.465741 0.287891 0.476389 0.288672 0.478704 0.290755 0.482407 0.291536 0.485648 0.291797 0.487963 0.291276 0.491667 0.290755 0.492593 0.289453 0.497685 0.288932 0.498611 0.288411 0.500926 0.287891 0.501852 0.287109 0.504630 0.285026 0.509722 0.283984 0.513426 0.282943 0.515278 0.280859 0.520833 0.280339 0.523148 0.278516 0.528241 0.277734 0.531481 0.274870 0.539352 0.273568 0.542130 0.273047 0.544444 0.272526 0.545370 0.272005 0.547685 0.270964 0.550000 0.268880 0.555556 0.267839 0.559722 0.266536 0.562500 0.266016 0.564815 0.265495 0.565741 0.264974 0.568056 0.263672 0.571296 0.263151 0.573611 0.262109 0.575926 0.260547 0.580093 0.260286 0.581481 0.258724 0.585185 0.257682 0.588889 0.255729 0.592361 0.255469 0.592361 0.254167 0.594676 0.251823 0.596528
 6 0.189974 0.406944 0.190495 0.405556 0.190104 0.403935 0.188802 0.403935 0.188021 0.404398 0.187630 0.406019 0.188021 0.407176 0.189974 0.406944
 6 0.161589 0.423148 0.162891 0.420833 0.163672 0.418056 0.163932 0.416204 0.165755 0.412037 0.164714 0.409259 0.162760 0.406713 0.161198 0.406713 0.159766 0.408796 0.159245 0.411111 0.159245 0.413889 0.160286 0.418519 0.160547 0.421296 0.161589 0.423148
 6 0.150391 0.440741 0.151823 0.440046 0.153646 0.440046 0.155208 0.436343 0.157552 0.434954 0.158464 0.432870 0.157552 0.430787 0.154948 0.429398 0.153646 0.429398 0.151042 0.431713 0.149870 0.433333 0.149349 0.435185 0.149349 0.436574 0.148568 0.439815 0.149740 0.440972 0.150391 0.440741
 6 0.244401 0.470833 0.245833 0.469676 0.246354 0.469676 0.247396 0.468287 0.248698 0.468287 0.250260 0.469213 0.256510 0.469213 0.258073 0.470139 0.261979 0.470139 0.262240 0.469676 0.263802 0.469676 0.264844 0.468750 0.265755 0.466667 0.265755 0.462500 0.263021 0.458565 0.262240 0.458565 0.261198 0.457639 0.260417 0.457639 0.259375 0.456713 0.258724 0.455556 0.258203 0.453241 0.258203 0.450926 0.257943 0.448611 0.257552 0.448380 0.255859 0.444907 0.255208 0.442824 0.252344 0.442824 0.251172 0.445833 0.248307 0.450926 0.246745 0.456019 0.246484 0.458333 0.245052 0.460880 0.244141 0.462037 0.243620 0.464352 0.242578 0.467593 0.242578 0.469444 0.243750 0.471065 0.244401 0.470833
 6 0.166536 0.552778 0.169922 0.546759 0.170703 0.544444 0.172917 0.540509 0.174349 0.538889 0.174609 0.537037 0.173177 0.534954 0.170313 0.533565 0.166927 0.533565 0.166667 0.533102 0.165104 0.533102 0.164844 0.532639 0.163281 0.532639 0.163021 0.532176 0.160417 0.532176 0.160156 0.531713 0.157031 0.531713 0.156771 0.531250 0.155469 0.531250 0.155208 0.530787 0.152604 0.530787 0.152344 0.531250 0.150781 0.531250 0.149479 0.531713 0.148568 0.533796 0.148307 0.535648 0.147786 0.537037 0.150000 0.540046 0.150781 0.540509 0.153385 0.543287 0.154688 0.544213 0.156250 0.546065 0.158203 0.550000 0.158594 0.551157 0.159375 0.550231 0.161979 0.549306 0.163802 0.551157 0.165104 0.553009 0.166536 0.552778
 7 0.561458 0.708565 0.558854 0.708565 0.558594 0.708102 0.557031 0.708102 0.556771 0.707639 0.555208 0.707639 0.554948 0.707176 0.553385 0.707176 0.552083 0.706713 0.550781 0.705787 0.549740 0.705787 0.548698 0.704861 0.546615 0.704398 0.545573 0.703472 0.544792 0.703472 0.543490 0.702546 0.542188 0.702546 0.541927 0.702083 0.540625 0.702083 0.540365 0.701620 0.536198 0.701620 0.535937 0.701157 0.534115 0.701157 0.533854 0.700694 0.532292 0.700694 0.530990 0.700231 0.529687 0.699306 0.527344 0.698843 0.526042 0.697917 0.524740 0.697454 0.523177 0.697454 0.522917 0.696991 0.520573 0.696991 0.520312 0.696528 0.515365 0.696528 0.515104 0.696065 0.511458 0.696065 0.511198 0.695602 0.508594 0.695602 0.508333 0.695139 0.505990 0.695139 0.505729 0.694676 0.503906 0.694676 0.503646 0.694213 0.502344 0.694213 0.502083 0.693750 0.499479 0.693750 0.499219 0.693287 0.497396 0.693287 0.497135 0.692824 0.495833 0.692824 0.494271 0.691898 0.492448 0.691898 0.492188 0.691435 0.490365 0.691435 0.490104 0.690972 0.488542 0.690972 0.488281 0.690509 0.486979 0.690509 0.486719 0.690046 0.484115 0.690046 0.483854 0.689583 0.479948 0.689583 0.479687 0.689120 0.477344 0.689120 0.477083 0.688657 0.474479 0.688657 0.473177 0.688194 0.470573 0.686343 0.469531 0.685880 0.467969 0.685880 0.467708 0.685417 0.465625 0.685417 0.465365 0.684954 0.463802 0.684954 0.462240 0.684028 0.460938 0.684028 0.460677 0.683565 0.459375 0.683565 0.459115 0.683102 0.456771 0.683102 0.456510 0.682639 0.453906 0.682639 0.453646 0.682176 0.452083 0.682176 0.451823 0.681713 0.448958 0.681713 0.448698 0.681250 0.446094 0.681250 0.445833 0.680787 0.443750 0.680787 0.443490 0.680324 0.441146 0.680324 0.440885 0.679861 0.438281 0.679861 0.438021 0.679398 0.435677 0.679398 0.435417 0.678935 0.433073 0.678009 0.430990 0.676157 0.430078 0.674537 0.428776 0.670370 0.428255 0.668056 0.427734 0.663889 0.427214 0.662037 0.424349 0.655556 0.421484 0.650463 0.420703 0.648148 0.420443 0.646296 0.419922 0.645370 0.419401 0.643056 0.417969 0.640046 0.416667 0.638657 0.415234 0.636111 0.414193 0.631944 0.408203 0.621296 0.408203 0.620833 0.406901 0.618519 0.405859 0.616204 0.405078 0.613889 0.402214 0.607870 0.401693 0.606019 0.399349 0.601852 0.398568 0.599537 0.397266 0.597222 0.397266 0.596759 0.395443 0.593519 0.393880 0.588426 0.393620 0.587037 0.393620 0.581481 0.393880 0.579630 0.394401 0.578241 0.395443 0.574074 0.396224 0.571759 0.397266 0.569907 0.398047 0.567130 0.398047 0.566204 0.399609 0.561111 0.400781 0.558102 0.401562 0.558102 0.404427 0.556713 0.405339 0.558333 0.406641 0.562500 0.406901 0.564815 0.407813 0.566898 0.411198 0.569676 0.412500 0.571065 0.414323 0.571065 0.415885 0.571991 0.419271 0.571991 0.420833 0.570602 0.422917 0.567361 0.423958 0.566435 0.425130 0.564352 0.426172 0.561574 0.427214 0.557870 0.427474 0.555556 0.427474 0.550926 0.426432 0.548611 0.425651 0.545833 0.424219 0.543287 0.422917 0.541898 0.421224 0.538889 0.420703 0.536111 0.419010 0.531713 0.417708 0.529398 0.415885 0.527546 0.411719 0.527546 0.410677 0.527083 0.408984 0.525000 0.408984 0.522685 0.409766 0.519907 0.409766 0.518519 0.410286 0.516667 0.411589 0.514352 0.411589 0.513889 0.413151 0.511111 0.413932 0.508333 0.415234 0.504630 0.416016 0.501852 0.416276 0.499537 0.417187 0.498380 0.418229 0.497917 0.420312 0.497917 0.421484 0.496296 0.421745 0.494907 0.423177 0.491435 0.424219 0.491435 0.424870 0.492593 0.425391 0.494444 0.425391 0.497222 0.425130 0.498148 0.423047 0.501389 0.422786 0.502778 0.422786 0.505556 0.422526 0.506019 0.422526 0.508333 0.422266 0.508796 0.422266 0.511574 0.422526 0.512037 0.423307 0.515741 0.424349 0.517593 0.425130 0.519907 0.426823 0.523843 0.427604 0.524306 0.432031 0.524306 0.432292 0.524769 0.433594 0.524769 0.433854 0.525231 0.435156 0.525231 0.436849 0.523148 0.437109 0.519907 0.437630 0.517593 0.438542 0.515972 0.439323 0.515509 0.441276 0.512037 0.441797 0.510185 0.441797 0.508333 0.441276 0.506019 0.441016 0.502778 0.439714 0.495833 0.439714 0.493519 0.439193 0.489815 0.440625 0.487269 0.441927 0.486343 0.442708 0.486343 0.444792 0.484491 0.445312 0.483565 0.446875 0.482176 0.448828 0.478241 0.450130 0.474537 0.450130 0.473611 0.450911 0.469907 0.450911 0.467593 0.450651 0.465741 0.449609 0.462963 0.449349 0.461574 0.447135 0.457639 0.446875 0.457639 0.445182 0.454630 0.444401 0.451852 0.443880 0.448148 0.444792 0.446065 0.446354 0.445139 0.448698 0.445139 0.448958 0.444676 0.453125 0.444676 0.453385 0.444213 0.455729 0.444213 0.455990 0.444676 0.459896 0.444676 0.460156 0.445139 0.465104 0.445139 0.465365 0.445602 0.476823 0.445602 0.477083 0.446065 0.483333 0.446065 0.483594 0.446528 0.486979 0.446528 0.487240 0.446991 0.491406 0.446991 0.491667 0.447454 0.493750 0.447454 0.494010 0.447917 0.500260 0.447917 0.500521 0.447454 0.503646 0.447454 0.503906 0.447917 0.514323 0.447917 0.514583 0.448380 0.516927 0.448380 0.517188 0.448843 0.519792 0.448843 0.520052 0.449306 0.523438 0.449306 0.523698 0.449769 0.536719 0.449769 0.536979 0.450231 0.542448 0.450231 0.542708 0.450694 0.547917 0.450694 0.548177 0.451157 0.554427 0.451157 0.554688 0.451620 0.559896 0.451620 0.560156 0.452083 0.561719 0.452083 0.563021 0.452546 0.565365 0.453935 0.566797 0.456481 0.567839 0.460648 0.567839 0.468981 0.568620 0.472222 0.569141 0.476389 0.569661 0.478241 0.570182 0.483796 0.570964 0.487037 0.570964 0.487963 0.571745 0.490278 0.571745 0.491204 0.573047 0.496296 0.573047 0.497685 0.573828 0.500926 0.574349 0.502315 0.574870 0.505093 0.574870 0.507407 0.575651 0.511574 0.576693 0.519907 0.576693 0.522222 0.577214 0.524074 0.577214 0.525463 0.577734 0.527315 0.577734 0.528704 0.578255 0.530556 0.579036 0.536574 0.579297 0.539815 0.580339 0.543519 0.581641 0.545833 0.582422 0.550000 0.582422 0.557870 0.582161 0.558333 0.582161 0.561574 0.581901 0.562037 0.581901 0.564352 0.581641 0.564815 0.581641 0.567130 0.581380 0.567593 0.581380 0.570833 0.581120 0.571296 0.581120 0.573611 0.580339 0.577778 0.580078 0.581944 0.579557 0.584259 0.579297 0.586574 0.579297 0.590741 0.579036 0.591204 0.579036 0.596296 0.578776 0.596759 0.578776 0.600926 0.578516 0.601389 0.578255 0.604167 0.577214 0.607870 0.577214 0.610648 0.576953 0.611111 0.576953 0.613426 0.576693 0.613889 0.576693 0.616204 0.576172 0.618519 0.576172 0.620370 0.575651 0.622685 0.575391 0.625000 0.575391 0.627778 0.575130 0.628241 0.575130 0.631481 0.574870 0.631944 0.574870 0.634259 0.574089 0.638426 0.572786 0.643519 0.572786 0.644907 0.572266 0.647222 0.572005 0.649537 0.572005 0.656019 0.571484 0.658796 0.571484 0.661574 0.571224 0.663889 0.570703 0.665741 0.570182 0.670833 0.569661 0.674537 0.568880 0.677315 0.568620 0.679630 0.568620 0.682407 0.568359 0.684722 0.567839 0.686574 0.567839 0.687963 0.567318 0.690278 0.567057 0.692593 0.567057 0.695833 0.566797 0.696296 0.566797 0.698611 0.565495 0.702778 0.564714 0.704630 0.563281 0.707176 0.561458 0.708565
 7 0.430990 0.500231 0.430339 0.497685 0.430339 0.496759 0.430990 0.495139 0.432031 0.495139 0.432422 0.496759 0.432161 0.499074 0.430990 0.500231
 8 0.000000 0.002546 0.001823 0.002546 0.001953 0.000000
 8 0.006641 0.000000 0.006771 0.002546 0.009375 0.002546 0.009635 0.003009 0.011719 0.003009 0.011979 0.002546 0.014063 0.002546 0.014323 0.003009 0.019531 0.003009 0.019792 0.002546 0.023698 0.002546 0.023958 0.003009 0.027865 0.003009 0.028125 0.002546 0.030469 0.002546 0.030729 0.003009 0.033854 0.003009 0.034115 0.002546 0.039323 0.002546 0.039583 0.003009 0.050000 0.003009 0.050260 0.002546 0.054688 0.002546 0.054948 0.003009 0.066146 0.003009 0.066406 0.002546 0.070312 0.002546 0.070573 0.003009 0.074219 0.003009 0.074479 0.002546 0.078385 0.002546 0.078646 0.003009 0.080469 0.003009 0.080729 0.002546 0.086458 0.002546 0.086719 0.003009 0.089063 0.003009 0.089323 0.003472 0.090885 0.003472 0.091146 0.003935 0.094271 0.003935 0.095573 0.004398 0.098698 0.002546 0.100781 0.002546 0.101042 0.003009 0.102344 0.003009 0.102604 0.003472 0.107552 0.003472 0.109115 0.002546 0.110417 0.002546 0.110547 0.000000
 8 0.117318 0.000000 0.117448 0.002546 0.119010 0.002546 0.119271 0.003009 0.124479 0.003009 0.124740 0.002546 0.127344 0.002546 0.127474 0.000000
 8 0.134766 0.000000 0.134766 0.002315 0.136198 0.002546 0.136458 0.003009 0.138281 0.003009 0.139844 0.004398 0.141146 0.004861 0.141927 0.005787 0.143229 0.008102 0.143490 0.008102 0.146354 0.013194 0.147656 0.014583 0.148568 0.016204 0.149089 0.018056 0.150651 0.021296 0.150651 0.021759 0.152734 0.025463 0.153516 0.027778 0.153776 0.030093 0.154948 0.032176 0.155469 0.032176 0.157161 0.034722 0.157943 0.037500 0.158854 0.039583 0.159115 0.039583 0.160286 0.041667 0.161328 0.044907 0.163411 0.048611 0.164193 0.051389 0.166276 0.056481 0.166276 0.057407 0.168880 0.062037 0.168880 0.062500 0.172786 0.069444 0.174219 0.074306 0.174479 0.074306 0.175911 0.076852 0.175911 0.077315 0.179036 0.082870 0.180078 0.086574 0.180859 0.088426 0.183724 0.093519 0.184766 0.096296 0.186198 0.098843 0.186328 0.099537 0.188151 0.102778 0.188151 0.103241 0.189714 0.108333 0.191276 0.110648 0.192057 0.113889 0.192578 0.115278 0.193229 0.115972 0.195703 0.120370 0.196745 0.123611 0.197526 0.125000 0.198047 0.127315 0.199870 0.131019 0.200651 0.133333 0.203516 0.138426 0.204297 0.141667 0.204818 0.143056 0.205990 0.145139 0.206250 0.145139 0.207422 0.147222 0.207422 0.147685 0.209115 0.150694 0.209375 0.150694 0.210547 0.152778 0.211589 0.156019 0.212109 0.158333 0.212891 0.160185 0.214714 0.163426 0.215755 0.165741 0.216797 0.169444 0.218229 0.171065 0.220443 0.175000 0.220443 0.175463 0.222135 0.178472 0.222396 0.178472 0.223828 0.181019 0.223828 0.181481 0.226432 0.186111 0.227995 0.191204 0.229297 0.194444 0.229818 0.197222 0.233073 0.203009 0.234245 0.204630 0.235286 0.207407 0.235286 0.208333 0.236328 0.211574 0.236589 0.212963 0.241276 0.221296 0.242057 0.224537 0.242578 0.225926 0.246484 0.232870 0.246484 0.233333 0.248047 0.236111 0.249089 0.238426 0.249870 0.241204 0.250911 0.243981 0.250911 0.244907 0.251693 0.247222 0.253516 0.250463 0.254036 0.252315 0.255990 0.255787 0.256250 0.255787 0.257943 0.258796 0.259505 0.262963 0.261068 0.265741 0.261589 0.267593 0.262630 0.269907 0.264583 0.273380 0.264844 0.273380 0.266276 0.275926 0.266797 0.280556 0.267578 0.282870 0.268490 0.284028 0.271875 0.290046 0.273047 0.291667 0.274089 0.294444 0.274609 0.296759 0.275651 0.299074 0.277474 0.302315 0.278255 0.304167 0.278255 0.305093 0.279036 0.307870 0.279948 0.309491 0.281250 0.310417 0.282682 0.312963 0.283594 0.315972 0.285807 0.319907 0.285807 0.320370 0.288411 0.325000 0.289453 0.328704 0.291016 0.331944 0.291797 0.336111 0.293620 0.339352 0.293620 0.339815 0.295573 0.343287 0.295833 0.343287 0.297005 0.345370 0.298047 0.348611 0.298307 0.350926 0.298828 0.352315 0.299349 0.356481 0.301693 0.360648 0.302995 0.364815 0.304297 0.367130 0.306380 0.372685 0.307943 0.375463 0.309245 0.379630 0.311068 0.383333 0.312109 0.386574 0.312891 0.388426 0.317839 0.397222 0.317839 0.397685 0.319922 0.401389 0.319922 0.401852 0.321224 0.404167 0.321224 0.404630 0.322786 0.407870 0.323307 0.409722 0.324349 0.412037 0.326042 0.415046 0.327083 0.416435 0.329427 0.418750 0.330469 0.419213 0.332031 0.419213 0.332292 0.419676 0.333594 0.419676 0.335156 0.420602 0.336719 0.422454 0.339193 0.426852 0.339193 0.427315 0.341276 0.431019 0.341276 0.431481 0.342578 0.433796 0.343099 0.435185 0.344401 0.440278 0.344661 0.442593 0.344661 0.450000 0.344141 0.451852 0.344141 0.453241 0.343620 0.454630 0.343359 0.456481 0.342839 0.457407 0.342318 0.459722 0.341276 0.462037 0.339714 0.467593 0.338672 0.470833 0.337630 0.473148 0.336328 0.477778 0.335026 0.481481 0.334505 0.483796 0.333724 0.485185 0.332943 0.487500 0.331380 0.493056 0.330339 0.495370 0.329818 0.497685 0.329297 0.498611 0.329036 0.500463 0.327214 0.507407 0.326432 0.509722 0.324609 0.513889 0.323307 0.518519 0.322526 0.521759 0.321745 0.524074 0.319141 0.530093 0.318359 0.532407 0.317839 0.534722 0.317057 0.537037 0.315495 0.540741 0.315495 0.541204 0.313411 0.548148 0.313151 0.550463 0.312109 0.553704 0.311849 0.555093 0.310286 0.557870 0.309505 0.559722 0.308984 0.562037 0.308724 0.564352 0.307943 0.566667 0.305599 0.571759 0.305078 0.574074 0.303776 0.578241 0.303255 0.581019 0.302214 0.583796 0.300391 0.587500 0.300130 0.588889 0.299089 0.591667 0.297266 0.598148 0.297266 0.599074 0.296484 0.601389 0.295443 0.605556 0.294661 0.607870 0.293359 0.610648 0.292318 0.613426 0.291536 0.616667 0.290755 0.618981 0.289453 0.624074 0.288672 0.625926 0.287370 0.628241 0.286068 0.631944 0.285807 0.634259 0.284766 0.637037 0.282682 0.641204 0.281901 0.643981 0.281120 0.648611 0.280599 0.650926 0.279818 0.653241 0.278255 0.656944 0.277214 0.661574 0.276432 0.663889 0.275130 0.666204 0.275130 0.666667 0.273828 0.669444 0.272005 0.676852 0.270964 0.679630 0.270182 0.681019 0.269661 0.683333 0.267057 0.690741 0.266536 0.693056 0.265755 0.695370 0.264714 0.697685 0.264193 0.700463 0.263672 0.701389 0.263151 0.704167 0.261589 0.707407 0.259766 0.713426 0.259245 0.715741 0.258724 0.716667 0.258203 0.719444 0.257682 0.720370 0.257161 0.722685 0.256641 0.723611 0.255859 0.726852 0.254557 0.730556 0.254036 0.732870 0.252734 0.735648 0.252474 0.737037 0.251693 0.738426 0.251432 0.739815 0.250391 0.742593 0.250130 0.744907 0.248828 0.749074 0.247786 0.751389 0.246484 0.753704 0.246224 0.755556 0.245443 0.758796 0.245443 0.759722 0.244141 0.762500 0.243099 0.765741 0.242578 0.766667 0.242057 0.768981 0.241536 0.769907 0.240495 0.774074 0.239193 0.777315 0.237630 0.782870 0.235807 0.787963 0.235026 0.791204 0.234505 0.792130 0.232943 0.798148 0.230339 0.805093 0.229557 0.807407 0.229036 0.809722 0.227474 0.814352 0.227474 0.815278 0.226172 0.818981 0.225130 0.821296 0.223568 0.825926 0.223047 0.828241 0.221745 0.831481 0.220703 0.835648 0.219141 0.839352 0.218880 0.840741 0.217057 0.847222 0.216016 0.850000 0.215234 0.851389 0.214453 0.854167 0.213411 0.856944 0.212630 0.858333 0.211328 0.863889 0.210286 0.867130 0.208854 0.869676 0.207682 0.872222 0.207161 0.875926 0.207161 0.877778 0.205859 0.881944 0.204818 0.884259 0.204297 0.886574 0.202995 0.890741 0.201953 0.894907 0.200911 0.898148 0.200651 0.899537 0.199349 0.901852 0.198307 0.904630 0.197526 0.907870 0.196484 0.910185 0.195703 0.913426 0.194661 0.915741 0.193880 0.918981 0.193359 0.919907 0.191797 0.924074 0.191276 0.926389 0.190234 0.928704 0.189453 0.931019 0.189453 0.931944 0.188672 0.934722 0.187630 0.937500 0.186589 0.941667 0.185547 0.944444 0.184245 0.946759 0.182943 0.951389 0.182422 0.952778 0.182161 0.954630 0.180339 0.958333 0.179297 0.962500 0.178776 0.963426 0.178255 0.965741 0.177214 0.967593 0.176432 0.970370 0.175911 0.974537 0.175391 0.976389 0.172526 0.981481 0.172266 0.982870 0.170703 0.987037 0.170443 0.988426 0.169271 0.990509 0.166927 0.991435 0.165625 0.992361 0.160677 0.992361 0.160417 0.991898 0.159115 0.991898 0.158854 0.991435 0.156250 0.991435 0.155990 0.991898 0.153906 0.991898 0.153125 0.990972 0.150000 0.989120 0.148177 0.990509 0.147135 0.990972 0.145573 0.992361 0.143490 0.994676 0.142708 0.995139 0.141406 0.995139 0.141146 0.995602 0.124479 0.995602 0.124219 0.996065 0.091927 0.996065 0.091667 0.995602 0.085938 0.995602 0.085677 0.996065 0.082031 0.996065 0.081771 0.995602 0.070312 0.995602 0.070052 0.996065 0.065625 0.996065 0.065365 0.995602 0.061458 0.995602 0.061198 0.996065 0.058594 0.996065 0.058333 0.995602 0.056510 0.995602 0.056250 0.996065 0.025000 0.996065 0.024740 0.995602 0.018490 0.995602 0.018229 0.995139 0.016146 0.995139 0.015885 0.995602 0.004167 0.995602 0.002604 0.994676 0.000000 0.994676
 8 0.000000 0.365509 0.002083 0.365509 0.004167 0.367824 0.005469 0.370139 0.006771 0.371991 0.009896 0.375694 0.011198 0.376620 0.011719 0.377546 0.013802 0.379861 0.015365 0.382639 0.016667 0.384491 0.019010 0.386343 0.022656 0.387269 0.024219 0.388194 0.026042 0.388194 0.026302 0.388657 0.029687 0.388657 0.029948 0.389120 0.032813 0.389120 0.033073 0.389583 0.035937 0.389583 0.036198 0.390046 0.039323 0.390046 0.039583 0.390509 0.042708 0.390509 0.042969 0.390972 0.046354 0.390972 0.046615 0.391435 0.048958 0.391435 0.049219 0.391898 0.052604 0.391898 0.052865 0.392361 0.055208 0.392361 0.055469 0.392824 0.058854 0.392824 0.059115 0.393287 0.062760 0.393287 0.063021 0.393750 0.067187 0.393750 0.067448 0.394213 0.069792 0.394213 0.070052 0.394676 0.072135 0.394676 0.072396 0.395139 0.075781 0.395139 0.076042 0.395602 0.079948 0.395602 0.080208 0.396065 0.083594 0.396065 0.083854 0.396528 0.086458 0.396528 0.086719 0.396991 0.089323 0.396991 0.089583 0.397454 0.093490 0.397454 0.093750 0.397917 0.097656 0.397917 0.097917 0.398380 0.106771 0.398380 0.108594 0.396991 0.109115 0.396065 0.111198 0.394213 0.113281 0.390972 0.114844 0.389120 0.117839 0.383796 0.117839 0.383333 0.122396 0.375231 0.122656 0.375231 0.123828 0.373148 0.124870 0.370833 0.125651 0.368519 0.128906 0.362731 0.131250 0.359954 0.141016 0.342593 0.142057 0.339815 0.145052 0.334491 0.146615 0.332639 0.153385 0.320602 0.153646 0.320602 0.155859 0.316667 0.155859 0.316204 0.157422 0.312963 0.157422 0.312500 0.160677 0.306713 0.163021 0.303935 0.168750 0.293750 0.169010 0.293750 0.170964 0.290278 0.170964 0.289815 0.172266 0.287500 0.173047 0.284722 0.174089 0.282407 0.175391 0.280093 0.176172 0.276852 0.176693 0.275463 0.176693 0.273148 0.175651 0.270833 0.175130 0.268519 0.174349 0.266667 0.171745 0.262037 0.170443 0.258796 0.169401 0.255093 0.167708 0.252083 0.166667 0.251157 0.165365 0.248843 0.165104 0.248843 0.162630 0.244444 0.161589 0.241204 0.158854 0.236343 0.158594 0.236343 0.156120 0.231944 0.154557 0.225926 0.153646 0.224306 0.152083 0.222917 0.149479 0.219676 0.147266 0.215741 0.146224 0.212963 0.142057 0.205556 0.142057 0.205093 0.140755 0.202778 0.139714 0.199074 0.138281 0.196528 0.135937 0.194676 0.134896 0.193287 0.132161 0.188426 0.132161 0.187963 0.128906 0.182176 0.128646 0.182176 0.127083 0.179398 0.126823 0.179398 0.124870 0.175926 0.124089 0.173611 0.123568 0.171296 0.122135 0.168750 0.120833 0.167824 0.119792 0.166435 0.118229 0.163657 0.117969 0.163657 0.113021 0.154861 0.111979 0.153935 0.111198 0.152546 0.107813 0.149306 0.106771 0.148843 0.104688 0.146528 0.101823 0.141435 0.101562 0.141435 0.098698 0.137269 0.097656 0.136343 0.095182 0.131944 0.093880 0.128241 0.092839 0.125926 0.091536 0.123611 0.091536 0.123148 0.089453 0.119444 0.088411 0.117130 0.087630 0.114815 0.086328 0.112500 0.086328 0.112037 0.085026 0.109722 0.083984 0.106944 0.083203 0.102778 0.083203 0.101389 0.082031 0.099306 0.080990 0.098380 0.079427 0.096065 0.077604 0.095139 0.071615 0.095139 0.071354 0.095602 0.070052 0.095602 0.069792 0.096065 0.067969 0.096065 0.067708 0.096528 0.066146 0.096528 0.065885 0.096991 0.064323 0.096991 0.064062 0.097454 0.061719 0.097454 0.061458 0.097917 0.058594 0.097917 0.058333 0.098380 0.055990 0.098380 0.055729 0.098843 0.054427 0.098843 0.054167 0.099306 0.052604 0.099306 0.052344 0.099769 0.050000 0.099769 0.049740 0.100231 0.047917 0.100231 0.046354 0.101157 0.045052 0.101157 0.044792 0.101620 0.042188 0.102546 0.040625 0.102546 0.039062 0.103472 0.037760 0.103472 0.037500 0.103935 0.036198 0.103935 0.035937 0.104398 0.034635 0.104398 0.034375 0.104861 0.032813 0.104861 0.031510 0.105787 0.030469 0.105787 0.028906 0.106713 0.027344 0.106713 0.027083 0.107176 0.025000 0.107176 0.024740 0.107639 0.022917 0.107639 0.022656 0.108102 0.021094 0.108102 0.020833 0.108565 0.018490 0.108565 0.018229 0.109028 0.016667 0.109028 0.016406 0.109491 0.015104 0.109491 0.013542 0.110417 0.012240 0.110417 0.011979 0.110880 0.010677 0.110880 0.010417 0.111343 0.008594 0.111343 0.008333 0.111806 0.006510 0.111806 0.006250 0.112269 0.004167 0.112269 0.003906 0.112731 0.001823 0.112731 0.001563 0.113194 0.000000 0.113194
 8 0.118490 0.247917 0.103646 0.247917 0.101823 0.246991 0.100521 0.245602 0.100000 0.245602 0.099609 0.244444 0.097786 0.241204 0.096875 0.239120 0.096615 0.239120 0.094922 0.236111 0.094922 0.235648 0.092839 0.231944 0.092057 0.228704 0.090495 0.225926 0.089974 0.224537 0.090234 0.223148 0.090234 0.220833 0.090495 0.220370 0.090495 0.216667 0.089974 0.214815 0.089714 0.212500 0.090365 0.211806 0.092057 0.208796 0.093099 0.204167 0.094661 0.200463 0.094922 0.199074 0.096354 0.196991 0.098177 0.196065 0.098958 0.195139 0.100781 0.194213 0.101562 0.194213 0.103646 0.192824 0.108073 0.192824 0.109375 0.193750 0.110677 0.193750 0.112760 0.195602 0.114844 0.196528 0.116276 0.198611 0.116797 0.200463 0.117969 0.202546 0.119010 0.203472 0.120443 0.206019 0.121094 0.207639 0.122135 0.208565 0.123047 0.210185 0.123828 0.212963 0.123828 0.214352 0.124349 0.216204 0.124609 0.218519 0.125391 0.221296 0.126823 0.223843 0.127865 0.224306 0.130729 0.226157 0.131641 0.229630 0.132422 0.231019 0.134245 0.237037 0.135286 0.238889 0.135547 0.240278 0.133594 0.245602 0.129948 0.245602 0.129688 0.246065 0.126302 0.246065 0.125260 0.246991 0.123958 0.247454 0.118750 0.247454 0.118490 0.247917
 8 0.283594 0.292361 0.282552 0.292361 0.281380 0.290278 0.281120 0.289352 0.281120 0.287037 0.281380 0.286111 0.282552 0.284491 0.283594 0.284954 0.284766 0.287963 0.284766 0.289352 0.284245 0.291204 0.283594 0.292361
 8 0.000000 0.293287 0.007292 0.293287 0.007552 0.292824 0.014063 0.292824 0.015625 0.293750 0.017578 0.295833 0.017839 0.297685 0.018490 0.298843 0.019792 0.299769 0.020833 0.299769 0.021875 0.300694 0.026042 0.306713 0.027083 0.307639 0.028776 0.310185 0.028776 0.311574 0.029297 0.313426 0.029297 0.316204 0.028646 0.317824 0.027083 0.319213 0.022786 0.326852 0.022135 0.328935 0.020313 0.329861 0.019531 0.330787 0.017188 0.332176 0.014844 0.332176 0.014583 0.331713 0.012500 0.331713 0.012240 0.332176 0.008594 0.332176 0.008333 0.332639 0.005990 0.332639 0.004687 0.332176 0.003385 0.331250 0.002083 0.331250 0.001823 0.330787 0.000000 0.330787
 8 0.252214 0.598611 0.255208 0.596528 0.256901 0.593519 0.257943 0.590278 0.259505 0.587500 0.260807 0.583796 0.263151 0.578704 0.264193 0.575000 0.264974 0.571296 0.265755 0.568981 0.266797 0.566667 0.267318 0.563889 0.268359 0.560185 0.269661 0.556944 0.271224 0.553704 0.273307 0.547222 0.273568 0.545833 0.276693 0.537963 0.277214 0.535648 0.277734 0.534722 0.278776 0.531481 0.280859 0.527315 0.281901 0.524537 0.283724 0.518056 0.283724 0.517130 0.286849 0.508796 0.287109 0.507407 0.288151 0.504167 0.289193 0.501852 0.289453 0.500463 0.291276 0.496296 0.291536 0.494444 0.292057 0.493056 0.292839 0.488889 0.292578 0.487500 0.292578 0.484722 0.292057 0.481944 0.289453 0.475926 0.289453 0.475463 0.287500 0.471991 0.287240 0.471991 0.284245 0.466667 0.283203 0.464352 0.282422 0.462037 0.279818 0.457407 0.279818 0.456944 0.278385 0.454861 0.274870 0.448611 0.274870 0.448148 0.272656 0.444213 0.272396 0.444213 0.269141 0.438426 0.268099 0.436111 0.266016 0.430556 0.262760 0.424769 0.262500 0.424769 0.261198 0.422454 0.260937 0.422454 0.259375 0.419676 0.258073 0.418287 0.255990 0.415509 0.253385 0.414120 0.251302 0.412269 0.249349 0.408796 0.248568 0.406481 0.244661 0.399537 0.243620 0.396759 0.241797 0.390278 0.241016 0.388889 0.240495 0.387037 0.239583 0.385417 0.235417 0.382639 0.233854 0.382639 0.233594 0.382176 0.229948 0.382176 0.229687 0.382639 0.213281 0.382639 0.213021 0.383102 0.205729 0.383102 0.205469 0.382639 0.201563 0.382639 0.198698 0.380324 0.197135 0.378009 0.192708 0.373843 0.192188 0.373843 0.189844 0.371991 0.183854 0.371991 0.183594 0.372454 0.181771 0.372454 0.180469 0.372917 0.179167 0.373843 0.176302 0.375231 0.175260 0.376157 0.174219 0.378009 0.173177 0.378472 0.172135 0.377546 0.170052 0.374306 0.169271 0.373843 0.168490 0.374306 0.166927 0.374306 0.166146 0.374769 0.164583 0.377083 0.163021 0.378472 0.161979 0.378935 0.159896 0.382176 0.158594 0.383102 0.157422 0.385648 0.155469 0.389120 0.152865 0.391898 0.150391 0.396296 0.149349 0.399074 0.145182 0.406481 0.144401 0.408796 0.142318 0.412963 0.141536 0.415278 0.140365 0.417361 0.138281 0.419676 0.137109 0.421759 0.137109 0.422222 0.135547 0.425000 0.134505 0.427315 0.132943 0.431481 0.131641 0.433796 0.130599 0.436574 0.129818 0.439352 0.128125 0.442361 0.127865 0.442361 0.126432 0.444907 0.125130 0.448148 0.124349 0.451389 0.122786 0.454630 0.122786 0.455093 0.118880 0.462037 0.117318 0.465278 0.117318 0.465741 0.112500 0.474306 0.112240 0.474306 0.111068 0.476389 0.111068 0.476852 0.108984 0.483333 0.105078 0.490278 0.102995 0.495370 0.102214 0.498148 0.100260 0.501620 0.099479 0.502083 0.098047 0.504167 0.098958 0.504861 0.102083 0.508565 0.103906 0.509954 0.104427 0.510880 0.106250 0.512269 0.107552 0.513657 0.108333 0.515046 0.109635 0.516435 0.110417 0.517824 0.112240 0.519676 0.113021 0.521065 0.116146 0.524769 0.118229 0.526620 0.120052 0.528935 0.120833 0.529398 0.123177 0.532176 0.123958 0.532639 0.125000 0.534028 0.127344 0.538194 0.131250 0.541898 0.134115 0.546065 0.135417 0.546991 0.138281 0.550231 0.140365 0.553935 0.142187 0.556250 0.144010 0.557639 0.145052 0.559028 0.148438 0.565046 0.149479 0.566435 0.150260 0.566898 0.152083 0.569213 0.153385 0.570139 0.153906 0.571065 0.156250 0.573380 0.157031 0.574769 0.159635 0.578009 0.162500 0.580787 0.163281 0.581250 0.164844 0.583102 0.165625 0.583565 0.169271 0.587269 0.172135 0.588657 0.173437 0.588657 0.173698 0.589120 0.175260 0.589120 0.175521 0.589583 0.177344 0.589583 0.177604 0.590046 0.179167 0.590046 0.179427 0.590509 0.180990 0.590509 0.181250 0.590972 0.184635 0.590972 0.184896 0.591435 0.189062 0.591435 0.189323 0.591898 0.193229 0.591898 0.193490 0.592361 0.196094 0.592361 0.196354 0.592824 0.199740 0.592824 0.200000 0.593287 0.203385 0.593287 0.203646 0.593750 0.206771 0.593750 0.207031 0.594213 0.210417 0.594213 0.210677 0.594676 0.214583 0.594676 0.214844 0.595139 0.220312 0.595139 0.220573 0.595602 0.223958 0.595602 0.224219 0.596065 0.228385 0.596065 0.228646 0.596528 0.230729 0.596528 0.230990 0.596991 0.236458 0.596991 0.236719 0.597454 0.239063 0.597454 0.239323 0.597917 0.244010 0.597917 0.244271 0.598380 0.246875 0.598380 0.247135 0.598843 0.252083 0.598843 0.252214 0.598611
 8 0.000000 0.546528 0.001302 0.546528 0.002474 0.544907 0.003776 0.540741 0.005859 0.537037 0.007161 0.533333 0.007943 0.531944 0.008203 0.529167 0.007682 0.525000 0.006901 0.523148 0.004687 0.519676 0.004427 0.519676 0.002604 0.516898 0.001302 0.515972 0.000000 0.515972
