 4 0.128125 0.601157 0.122656 0.601157 0.119531 0.599306 0.117839 0.596296 0.114974 0.586111 0.114453 0.583796 0.114193 0.581481 0.113411 0.578704 0.113411 0.575926 0.113151 0.575463 0.113151 0.572222 0.112891 0.571759 0.112891 0.568981 0.112630 0.568519 0.112630 0.563426 0.112891 0.562963 0.112891 0.560648 0.113411 0.557870 0.114583 0.555787 0.116927 0.553935 0.117708 0.552546 0.119010 0.551620 0.121615 0.550694 0.123177 0.550694 0.123438 0.550231 0.125260 0.549769 0.127344 0.548380 0.129167 0.548380 0.129427 0.547917 0.131771 0.547917 0.132031 0.548380 0.134115 0.548843 0.134896 0.549769 0.136719 0.550694 0.139323 0.550694 0.140885 0.549769 0.142448 0.549769 0.142708 0.549306 0.144010 0.549306 0.144271 0.548843 0.145573 0.548843 0.147135 0.547917 0.148438 0.547917 0.150000 0.546991 0.151562 0.546991 0.151823 0.546528 0.153125 0.546528 0.154427 0.545602 0.156771 0.545139 0.160156 0.543287 0.161198 0.543287 0.162500 0.542361 0.163802 0.542361 0.164062 0.541898 0.165365 0.541898 0.166927 0.540972 0.169271 0.540509 0.169531 0.540046 0.170833 0.540046 0.171094 0.539583 0.172396 0.539583 0.173698 0.538657 0.175260 0.538657 0.175521 0.538194 0.177344 0.538194 0.180990 0.536343 0.182292 0.536343 0.183854 0.535417 0.187760 0.534028 0.190104 0.533565 0.190365 0.533102 0.191667 0.533102 0.191927 0.532639 0.193229 0.532639 0.193490 0.532176 0.195833 0.531713 0.196094 0.531250 0.199479 0.529861 0.200521 0.529861 0.202083 0.528935 0.203385 0.528935 0.204687 0.528009 0.205729 0.528009 0.208594 0.526620 0.209896 0.526620 0.211458 0.525694 0.212500 0.525694 0.213802 0.524769 0.215625 0.524769 0.215885 0.524306 0.217188 0.524306 0.220052 0.522917 0.221615 0.522917 0.221875 0.522454 0.223177 0.522454 0.223438 0.521991 0.224740 0.521991 0.226042 0.521528 0.227344 0.520602 0.228646 0.520139 0.230208 0.520139 0.230469 0.519676 0.231771 0.519676 0.232031 0.519213 0.233594 0.519213 0.236458 0.517824 0.238021 0.517824 0.239583 0.516898 0.242188 0.516898 0.242448 0.516435 0.248438 0.516435 0.248698 0.515972 0.250781 0.515972 0.251042 0.515509 0.252604 0.515972 0.253385 0.516898 0.254948 0.517824 0.256771 0.517824 0.259635 0.516435 0.261719 0.516435 0.261979 0.515972 0.269531 0.515972 0.269792 0.516435 0.272656 0.516435 0.272917 0.516898 0.274479 0.516898 0.275521 0.517824 0.276172 0.519444 0.276693 0.523611 0.276432 0.525000 0.275000 0.527546 0.273177 0.528472 0.271615 0.530324 0.270052 0.530787 0.268229 0.531713 0.265625 0.534028 0.265104 0.534954 0.263281 0.536343 0.262760 0.536343 0.260417 0.538657 0.259115 0.539583 0.257552 0.540046 0.255469 0.541898 0.253125 0.542824 0.250000 0.546065 0.249219 0.546065 0.248438 0.546991 0.246094 0.547917 0.244792 0.549306 0.243750 0.551157 0.242969 0.551620 0.238021 0.553472 0.235417 0.555324 0.233594 0.555787 0.232552 0.556713 0.230208 0.557176 0.229948 0.557639 0.227604 0.558102 0.226302 0.559028 0.223958 0.559491 0.223698 0.559954 0.221354 0.560417 0.221094 0.560880 0.217708 0.561806 0.215625 0.563194 0.214323 0.563194 0.214062 0.563657 0.212240 0.563657 0.211979 0.564120 0.210677 0.564120 0.210417 0.564583 0.208854 0.564583 0.206510 0.565972 0.205469 0.565972 0.203125 0.567361 0.201823 0.567361 0.199740 0.568750 0.196615 0.569676 0.193750 0.571065 0.192448 0.571065 0.192188 0.571528 0.190365 0.571528 0.190104 0.571991 0.188542 0.571991 0.188281 0.572454 0.186719 0.572454 0.185417 0.572917 0.184375 0.573843 0.183073 0.573843 0.182812 0.574306 0.180469 0.574769 0.179427 0.575694 0.178646 0.575694 0.177604 0.576620 0.176302 0.576620 0.176042 0.577083 0.174740 0.577083 0.173177 0.578009 0.171875 0.578009 0.171615 0.578472 0.170313 0.578472 0.169010 0.578935 0.167708 0.579861 0.166927 0.579861 0.165625 0.580787 0.163802 0.580787 0.163542 0.581250 0.162240 0.581250 0.160677 0.582176 0.159896 0.583102 0.158073 0.584028 0.156510 0.584028 0.156250 0.584491 0.154688 0.584491 0.151302 0.585880 0.150000 0.586806 0.148958 0.586806 0.147656 0.587731 0.146354 0.587731 0.146094 0.588194 0.144792 0.588194 0.142969 0.589583 0.142318 0.590741 0.141797 0.592593 0.140365 0.595139 0.137240 0.597454 0.134115 0.598380 0.132031 0.599306 0.130990 0.600231 0.129688 0.600694 0.128385 0.600694 0.128125 0.601157
 4 0.244661 0.532870 0.244661 0.530556 0.244141 0.530556 0.244141 0.531944 0.244661 0.532870
 4 0.423438 0.821991 0.422656 0.821528 0.417187 0.821528 0.416927 0.821065 0.415365 0.821065 0.414323 0.820139 0.413542 0.820139 0.411719 0.818750 0.411198 0.818750 0.409115 0.816898 0.407813 0.816435 0.406771 0.815509 0.405469 0.815046 0.404427 0.814120 0.402995 0.811111 0.402214 0.807870 0.402214 0.804630 0.401953 0.804167 0.401953 0.800926 0.402474 0.798611 0.402734 0.794907 0.403255 0.793056 0.403516 0.789815 0.404036 0.788426 0.404557 0.783333 0.405339 0.780556 0.407552 0.776620 0.409115 0.775231 0.410286 0.773611 0.410807 0.771296 0.410807 0.768981 0.411068 0.768519 0.411068 0.765741 0.411328 0.763426 0.411849 0.761111 0.411849 0.759722 0.412370 0.758333 0.412630 0.756019 0.413151 0.754167 0.413411 0.750463 0.413672 0.750000 0.413672 0.746759 0.414193 0.743981 0.414453 0.740741 0.414974 0.738889 0.415234 0.735648 0.415755 0.733796 0.416276 0.729630 0.416797 0.727778 0.416797 0.725926 0.417578 0.722222 0.417578 0.720833 0.418359 0.718056 0.418620 0.715741 0.418620 0.711574 0.419401 0.706481 0.420182 0.703704 0.420182 0.702315 0.420703 0.700463 0.420703 0.699074 0.421484 0.694907 0.422266 0.687500 0.422786 0.685648 0.422786 0.684259 0.423568 0.681481 0.425130 0.674537 0.425130 0.673148 0.425651 0.671296 0.425911 0.668981 0.425911 0.666667 0.426172 0.666204 0.426172 0.662963 0.426953 0.659259 0.426953 0.657870 0.427474 0.656019 0.428255 0.650463 0.428776 0.645833 0.428776 0.643519 0.429036 0.643056 0.429297 0.640278 0.429818 0.638889 0.430339 0.635185 0.430859 0.632870 0.431641 0.630556 0.432552 0.629398 0.433724 0.627315 0.433724 0.622222 0.434245 0.620370 0.435286 0.618056 0.435807 0.615741 0.436589 0.614352 0.437630 0.610648 0.439974 0.605093 0.440755 0.602315 0.441276 0.599537 0.442057 0.597222 0.443620 0.593519 0.444141 0.591667 0.445052 0.590046 0.446354 0.588657 0.447917 0.588657 0.448698 0.589583 0.449870 0.592593 0.450130 0.594907 0.450130 0.597685 0.450391 0.598148 0.450391 0.601852 0.450651 0.602315 0.450651 0.612037 0.450391 0.614352 0.450651 0.614815 0.450651 0.635185 0.450391 0.635648 0.450391 0.637963 0.450130 0.638426 0.450130 0.641204 0.449870 0.641667 0.449870 0.643981 0.449349 0.646759 0.449349 0.648611 0.448307 0.654630 0.448307 0.656944 0.448047 0.657407 0.448047 0.660185 0.447786 0.660648 0.447786 0.662963 0.447526 0.663426 0.447005 0.667130 0.446745 0.670370 0.446224 0.672222 0.445703 0.678704 0.445182 0.681481 0.445182 0.683333 0.444661 0.685648 0.444661 0.687500 0.444141 0.689815 0.443880 0.692130 0.443880 0.694444 0.443099 0.698611 0.443099 0.700463 0.442318 0.706481 0.441797 0.708333 0.441797 0.709722 0.440755 0.715741 0.440755 0.718056 0.439974 0.722222 0.439974 0.724537 0.439193 0.728241 0.438932 0.732407 0.438151 0.736574 0.437630 0.738426 0.436328 0.747685 0.436068 0.750000 0.435286 0.753241 0.435026 0.755093 0.435026 0.757407 0.434766 0.759259 0.433724 0.763889 0.433724 0.765278 0.432422 0.771296 0.431641 0.774074 0.431641 0.777315 0.431380 0.777778 0.431380 0.780556 0.432682 0.783333 0.433464 0.785648 0.433984 0.787963 0.433984 0.794907 0.433724 0.797222 0.433203 0.799074 0.432943 0.802315 0.432682 0.802778 0.432682 0.805556 0.432422 0.806019 0.432422 0.809259 0.431901 0.812500 0.430859 0.816667 0.429688 0.818750 0.428125 0.820602 0.427344 0.821065 0.426042 0.821065 0.425781 0.821528 0.423698 0.821528 0.423438 0.821991
 3 0.326823 0.659954 0.325000 0.659954 0.323698 0.659491 0.322396 0.658565 0.320573 0.658102 0.318750 0.656713 0.315625 0.653935 0.313802 0.652546 0.312240 0.650231 0.311979 0.650231 0.310156 0.647454 0.309896 0.647454 0.308203 0.644444 0.307422 0.642593 0.306901 0.640278 0.306641 0.637963 0.306641 0.633796 0.308203 0.628704 0.309505 0.625463 0.311328 0.621759 0.311849 0.619907 0.313021 0.617824 0.313802 0.616898 0.314844 0.616435 0.317188 0.613657 0.319141 0.610185 0.319661 0.607407 0.321484 0.603704 0.321484 0.603241 0.322786 0.600926 0.323568 0.598611 0.325130 0.595370 0.325130 0.594907 0.326432 0.592593 0.326432 0.592130 0.328255 0.588426 0.328776 0.586574 0.330078 0.584259 0.330859 0.582407 0.331641 0.579167 0.332943 0.575926 0.333984 0.574074 0.335547 0.569907 0.336589 0.567593 0.337891 0.565278 0.337891 0.564815 0.340365 0.560417 0.340625 0.560417 0.341927 0.558102 0.343229 0.556713 0.344531 0.554861 0.345833 0.552546 0.346094 0.552546 0.349740 0.546991 0.351042 0.545602 0.352344 0.543287 0.352604 0.543287 0.354167 0.540509 0.354427 0.540509 0.356771 0.536343 0.357552 0.535417 0.358854 0.535417 0.359115 0.534954 0.360938 0.534954 0.361458 0.535417 0.362630 0.537500 0.362891 0.538426 0.362891 0.544444 0.361849 0.550463 0.361068 0.552778 0.361068 0.553704 0.360286 0.556019 0.359766 0.560185 0.359245 0.561574 0.358724 0.565278 0.358203 0.566667 0.357943 0.568981 0.356380 0.576389 0.355599 0.578704 0.355599 0.579630 0.354557 0.582407 0.354297 0.583796 0.353255 0.586574 0.352995 0.587963 0.352214 0.589352 0.351953 0.590741 0.350911 0.593056 0.350651 0.594444 0.349870 0.596296 0.348568 0.598611 0.348047 0.600000 0.347005 0.604167 0.345443 0.607407 0.345443 0.607870 0.343880 0.611574 0.342839 0.615278 0.340234 0.621759 0.339193 0.624074 0.337630 0.628704 0.337370 0.630556 0.336589 0.632870 0.335547 0.639352 0.335547 0.641667 0.334505 0.645833 0.332943 0.649537 0.332943 0.650000 0.330339 0.654630 0.330339 0.655093 0.328385 0.658565 0.326823 0.659954
 3 0.221094 0.681713 0.219792 0.681250 0.218490 0.681250 0.217708 0.680787 0.214714 0.675463 0.214714 0.674537 0.213672 0.670833 0.213411 0.668056 0.212891 0.665741 0.212630 0.663426 0.212630 0.653704 0.212370 0.653241 0.212370 0.646296 0.212109 0.645833 0.212109 0.641667 0.212370 0.641204 0.212891 0.636111 0.213802 0.635417 0.215625 0.634954 0.216667 0.634028 0.218229 0.634028 0.221094 0.632639 0.222917 0.632639 0.223177 0.632176 0.226302 0.632176 0.226562 0.632639 0.230729 0.632639 0.230990 0.633102 0.232292 0.632639 0.234115 0.632639 0.234375 0.632176 0.235937 0.632176 0.236198 0.631713 0.238542 0.631250 0.240104 0.630324 0.242448 0.629861 0.243750 0.628935 0.244792 0.628935 0.246094 0.628009 0.246875 0.628009 0.247917 0.627083 0.250260 0.626620 0.252865 0.625694 0.253125 0.625231 0.256250 0.624306 0.256510 0.623843 0.257812 0.623843 0.259375 0.622917 0.260677 0.622917 0.260937 0.622454 0.263281 0.621991 0.263542 0.621528 0.264844 0.621528 0.266146 0.621065 0.267448 0.620139 0.268490 0.620139 0.269792 0.619213 0.271094 0.618750 0.272396 0.618750 0.272656 0.618287 0.274219 0.618287 0.274479 0.617824 0.275781 0.617824 0.276042 0.617361 0.285938 0.617361 0.286198 0.616898 0.292708 0.616898 0.292969 0.616435 0.307552 0.616435 0.309115 0.617361 0.310807 0.620370 0.310807 0.622222 0.310026 0.624537 0.308073 0.628009 0.306901 0.629630 0.306380 0.631481 0.304948 0.634028 0.303906 0.634954 0.302083 0.635417 0.300000 0.637269 0.299479 0.638194 0.297917 0.639583 0.296615 0.640046 0.292448 0.643287 0.291927 0.644213 0.289844 0.646065 0.288021 0.646991 0.286719 0.648380 0.285677 0.648380 0.284115 0.649306 0.282292 0.651157 0.280990 0.652083 0.278385 0.653472 0.276562 0.653935 0.275260 0.654861 0.273958 0.655324 0.272656 0.655324 0.271094 0.656250 0.269792 0.656250 0.268490 0.657176 0.267448 0.657176 0.263021 0.659954 0.260937 0.660417 0.259635 0.661343 0.258594 0.661343 0.257292 0.662269 0.254948 0.662731 0.252865 0.664120 0.248698 0.665509 0.248438 0.665972 0.246615 0.666435 0.244792 0.667824 0.242708 0.668287 0.241406 0.669213 0.240104 0.669213 0.238542 0.670139 0.236719 0.670602 0.235156 0.672454 0.232552 0.677083 0.230990 0.677546 0.230729 0.678009 0.228646 0.678472 0.227865 0.679398 0.226302 0.679861 0.225000 0.680787 0.223177 0.680787 0.222917 0.681250 0.221354 0.681250 0.221094 0.681713
 5 0.275000 0.602083 0.272917 0.601620 0.272135 0.601157 0.270964 0.598611 0.270443 0.596296 0.269661 0.593981 0.269141 0.591667 0.268359 0.589352 0.267578 0.587963 0.266016 0.583796 0.264974 0.581481 0.263672 0.579167 0.261589 0.573611 0.261849 0.570833 0.263281 0.568287 0.265104 0.566898 0.267188 0.564583 0.268490 0.563657 0.269010 0.562731 0.273438 0.559028 0.274740 0.557639 0.277344 0.555324 0.278646 0.553472 0.280208 0.552083 0.281510 0.551620 0.282552 0.550694 0.286458 0.550694 0.288542 0.548843 0.291406 0.547454 0.293490 0.545602 0.294010 0.544676 0.296875 0.542361 0.297396 0.541435 0.298698 0.540509 0.300000 0.538657 0.300781 0.538194 0.301563 0.536806 0.303385 0.535417 0.305208 0.533565 0.306250 0.531713 0.310417 0.528009 0.311719 0.527083 0.313021 0.525694 0.313802 0.524306 0.316406 0.521991 0.316927 0.521991 0.318750 0.520139 0.320312 0.519213 0.323437 0.515509 0.323958 0.515509 0.326302 0.513194 0.326823 0.513194 0.329427 0.510880 0.331250 0.508565 0.334896 0.505787 0.336719 0.503935 0.337500 0.502546 0.338281 0.502083 0.341146 0.498843 0.341927 0.498380 0.344271 0.495139 0.345573 0.494676 0.346615 0.493750 0.349740 0.492361 0.351302 0.491435 0.353385 0.488657 0.355729 0.486806 0.357292 0.484954 0.359115 0.484028 0.359635 0.483102 0.360938 0.482176 0.361458 0.481250 0.364583 0.478472 0.366146 0.477546 0.368229 0.475694 0.369531 0.473843 0.372917 0.470602 0.375000 0.469213 0.376563 0.467824 0.379427 0.467824 0.379688 0.468287 0.380990 0.468287 0.383333 0.470602 0.385547 0.474537 0.385807 0.476389 0.386328 0.477778 0.386328 0.479167 0.386849 0.481019 0.386849 0.483333 0.385807 0.488426 0.384766 0.491204 0.382812 0.493750 0.382031 0.495139 0.379427 0.497917 0.375781 0.501157 0.374479 0.502546 0.373177 0.503472 0.371354 0.505787 0.366667 0.509954 0.364583 0.512731 0.363802 0.512731 0.361458 0.514583 0.360417 0.516435 0.358073 0.518287 0.355990 0.521065 0.354167 0.522454 0.351302 0.525231 0.350521 0.526620 0.348958 0.528472 0.348177 0.528935 0.346354 0.530787 0.345833 0.530787 0.343750 0.532639 0.343229 0.533565 0.340885 0.535417 0.339062 0.537731 0.335156 0.540972 0.334635 0.541898 0.331771 0.544213 0.330469 0.546065 0.327344 0.548843 0.326562 0.549769 0.323958 0.552083 0.323437 0.553009 0.321615 0.554398 0.318750 0.558102 0.314583 0.561806 0.311458 0.563657 0.310156 0.565046 0.309635 0.565046 0.305469 0.568750 0.304948 0.569676 0.303385 0.571065 0.302865 0.571065 0.301302 0.572454 0.299479 0.574769 0.297656 0.575694 0.296094 0.575694 0.295443 0.576852 0.295443 0.577778 0.294401 0.581944 0.292448 0.585417 0.289583 0.588194 0.288281 0.590046 0.285938 0.591898 0.285417 0.592824 0.283854 0.593750 0.281771 0.595602 0.281250 0.596528 0.279427 0.597917 0.276302 0.601157 0.275000 0.602083
 5 0.147656 0.823380 0.145573 0.823380 0.144010 0.821991 0.142839 0.819907 0.141797 0.817130 0.141797 0.816204 0.140234 0.810185 0.139714 0.806019 0.138932 0.802778 0.138672 0.799074 0.138151 0.796296 0.138151 0.789352 0.138411 0.788889 0.138411 0.786574 0.139193 0.782870 0.139844 0.781713 0.141406 0.780787 0.142187 0.779861 0.145052 0.778472 0.145833 0.777546 0.147135 0.777083 0.148698 0.775694 0.149219 0.774769 0.150521 0.774306 0.152344 0.772917 0.154688 0.771991 0.156771 0.770139 0.157292 0.770139 0.158594 0.768750 0.161458 0.767361 0.163281 0.765972 0.165625 0.765509 0.168229 0.764120 0.169010 0.763194 0.170052 0.762731 0.172396 0.762731 0.172656 0.762269 0.174479 0.762269 0.176042 0.763194 0.177344 0.763194 0.178385 0.762269 0.179167 0.760880 0.183333 0.758565 0.184115 0.758565 0.185156 0.757639 0.186979 0.757176 0.188021 0.756250 0.188802 0.756250 0.189844 0.755324 0.191667 0.754861 0.192448 0.753935 0.193750 0.753472 0.195052 0.752083 0.197917 0.750694 0.198958 0.749769 0.201563 0.748380 0.203646 0.747917 0.204687 0.746991 0.206510 0.746528 0.207552 0.745602 0.208854 0.745139 0.213021 0.742361 0.214062 0.742361 0.216667 0.740972 0.217448 0.740046 0.219531 0.739120 0.220312 0.738194 0.221615 0.737731 0.223438 0.736343 0.226562 0.734954 0.228385 0.733102 0.230469 0.732176 0.231771 0.730787 0.233333 0.730324 0.234375 0.729398 0.235156 0.729398 0.236979 0.728009 0.237760 0.728009 0.239844 0.726157 0.241927 0.725231 0.242708 0.724306 0.243490 0.724306 0.244531 0.723380 0.246615 0.722454 0.248177 0.721065 0.251823 0.719676 0.252865 0.718750 0.253646 0.718750 0.254427 0.717824 0.255729 0.717361 0.257812 0.715509 0.260937 0.713657 0.261719 0.713657 0.263021 0.712269 0.264323 0.711806 0.265625 0.710417 0.266406 0.710417 0.267448 0.709491 0.268229 0.709491 0.269271 0.708565 0.270573 0.708102 0.273698 0.706250 0.274219 0.705324 0.275521 0.704861 0.276562 0.703935 0.278646 0.703009 0.279687 0.702083 0.281771 0.701620 0.282552 0.700694 0.284115 0.700231 0.286979 0.698380 0.288802 0.696528 0.290625 0.696065 0.293490 0.694213 0.294271 0.693287 0.297135 0.692361 0.297917 0.691435 0.299219 0.690972 0.300521 0.689583 0.301823 0.689120 0.302604 0.688194 0.304688 0.687269 0.305990 0.685880 0.308073 0.684954 0.310417 0.684954 0.312240 0.686806 0.315234 0.692130 0.316797 0.696759 0.316797 0.700000 0.316536 0.701852 0.314974 0.706019 0.313672 0.708333 0.312630 0.712037 0.310937 0.715046 0.307292 0.718287 0.304167 0.719676 0.302604 0.719676 0.299740 0.721065 0.297917 0.721528 0.295573 0.723380 0.295052 0.723380 0.293750 0.724769 0.292187 0.725231 0.290365 0.726620 0.289323 0.727083 0.288021 0.727083 0.287760 0.727546 0.286458 0.727546 0.285677 0.728009 0.284505 0.730093 0.284245 0.732870 0.283464 0.735185 0.282552 0.736806 0.280990 0.738194 0.279167 0.738657 0.277344 0.740046 0.276823 0.740046 0.273958 0.741898 0.271615 0.744213 0.270313 0.744676 0.269271 0.745602 0.267188 0.746528 0.266406 0.747454 0.265625 0.747454 0.262760 0.749769 0.261979 0.749769 0.260937 0.750694 0.259635 0.751157 0.258854 0.752083 0.257552 0.752546 0.256250 0.753935 0.253385 0.755324 0.252604 0.756250 0.250000 0.757639 0.247917 0.759491 0.246094 0.760417 0.245312 0.761343 0.241406 0.763194 0.239844 0.764583 0.238802 0.764583 0.235417 0.766435 0.233073 0.768750 0.232552 0.768750 0.231250 0.770139 0.229687 0.771065 0.227865 0.771528 0.226823 0.772454 0.226042 0.772454 0.225260 0.773380 0.222656 0.775231 0.221094 0.777546 0.219271 0.779398 0.217969 0.779861 0.216406 0.781250 0.215104 0.781250 0.214844 0.781713 0.213542 0.781713 0.214844 0.783565 0.216276 0.786111 0.215885 0.787731 0.213802 0.788657 0.213542 0.789120 0.212240 0.789120 0.211719 0.788194 0.210156 0.786806 0.204948 0.786806 0.204687 0.787269 0.202344 0.787269 0.201302 0.787731 0.200260 0.789120 0.199479 0.789583 0.198437 0.790972 0.196875 0.791898 0.194792 0.792361 0.193490 0.793287 0.192188 0.793750 0.188802 0.796065 0.188021 0.796065 0.186458 0.796991 0.180729 0.802083 0.179688 0.803472 0.177474 0.807407 0.177344 0.808102 0.174479 0.809491 0.173177 0.810417 0.172396 0.810417 0.170313 0.812269 0.169010 0.812731 0.167969 0.813657 0.165885 0.814583 0.162760 0.816898 0.160417 0.817824 0.160156 0.818287 0.156771 0.820139 0.155990 0.820139 0.153906 0.821528 0.152604 0.821991 0.151042 0.821991 0.150781 0.822454 0.149219 0.822454 0.147656 0.823380
 4 0.588281 0.382639 0.586979 0.382176 0.585417 0.382176 0.585156 0.381713 0.583854 0.381713 0.582812 0.381250 0.580990 0.379861 0.580208 0.378935 0.577865 0.377083 0.576302 0.375231 0.574349 0.371759 0.573047 0.368056 0.572526 0.365741 0.572526 0.362500 0.572266 0.362037 0.572266 0.357407 0.572786 0.354630 0.573047 0.351389 0.573568 0.349074 0.574870 0.344907 0.575391 0.341667 0.576172 0.339815 0.576693 0.337500 0.578125 0.334954 0.579167 0.333565 0.581510 0.331250 0.582812 0.330787 0.583854 0.329861 0.589323 0.329861 0.590625 0.330324 0.594792 0.333102 0.598437 0.338194 0.600130 0.341204 0.601432 0.346296 0.601432 0.347685 0.601953 0.349537 0.601953 0.352315 0.601432 0.356019 0.600130 0.362037 0.600130 0.363426 0.599349 0.366667 0.599349 0.368056 0.598568 0.370833 0.598568 0.371759 0.597786 0.374074 0.595573 0.378009 0.592708 0.380787 0.589844 0.382176 0.588542 0.382176 0.588281 0.382639
 4 0.750521 0.340972 0.747656 0.340972 0.747396 0.340509 0.746094 0.340509 0.745833 0.340046 0.744010 0.339583 0.742188 0.337731 0.740365 0.336343 0.739062 0.334491 0.737760 0.333102 0.734505 0.327315 0.733203 0.323148 0.733203 0.316667 0.733984 0.313426 0.735286 0.310648 0.735286 0.310185 0.736849 0.307407 0.738411 0.303241 0.739453 0.301389 0.740234 0.299074 0.741406 0.296991 0.744531 0.294213 0.745573 0.294213 0.747135 0.293287 0.748958 0.293287 0.750000 0.294213 0.752344 0.295139 0.753385 0.296065 0.755990 0.296991 0.759375 0.301620 0.760417 0.302546 0.762109 0.305556 0.762891 0.308333 0.763411 0.312500 0.763411 0.317130 0.762891 0.318519 0.762109 0.322222 0.760286 0.326389 0.758984 0.330093 0.757682 0.332407 0.757682 0.332870 0.755208 0.337269 0.753125 0.339120 0.752604 0.340046 0.750521 0.340972
 4 0.612500 0.464583 0.610677 0.464583 0.606250 0.462731 0.604948 0.461343 0.602865 0.459954 0.601302 0.457639 0.600260 0.456713 0.599089 0.454630 0.598828 0.453704 0.598828 0.448611 0.599740 0.447454 0.600781 0.446991 0.603646 0.446991 0.603906 0.446528 0.605990 0.446528 0.606250 0.446065 0.608594 0.446065 0.608854 0.446528 0.610938 0.446528 0.612240 0.446991 0.613542 0.447917 0.615885 0.448843 0.617708 0.450694 0.618229 0.450694 0.620573 0.453472 0.621224 0.455556 0.620703 0.458796 0.619531 0.460880 0.617448 0.462731 0.615104 0.464120 0.612760 0.464120 0.612500 0.464583
 4 0.608594 0.413194 0.605208 0.413194 0.603906 0.412731 0.603255 0.412037 0.604167 0.410417 0.605469 0.409491 0.607552 0.406713 0.608594 0.406713 0.609896 0.405787 0.612500 0.405787 0.612760 0.406250 0.615104 0.406250 0.616406 0.406713 0.616276 0.409259 0.615625 0.410417 0.614323 0.411343 0.613021 0.411343 0.611458 0.412269 0.610156 0.412269 0.608594 0.413194
 2 0.000000 0.763194 0.001302 0.763194 0.004167 0.761806 0.005469 0.761806 0.005729 0.761343 0.007292 0.761343 0.009635 0.759954 0.010677 0.759954 0.013542 0.758565 0.014844 0.758565 0.016406 0.757639 0.019010 0.756713 0.021354 0.756250 0.022656 0.755324 0.025000 0.754861 0.027344 0.753935 0.028385 0.753009 0.029687 0.752546 0.031250 0.752546 0.031510 0.752083 0.032813 0.752083 0.033854 0.751620 0.034635 0.750694 0.036719 0.749769 0.039062 0.747454 0.040885 0.744676 0.041146 0.744676 0.042448 0.742361 0.042708 0.742361 0.043880 0.740278 0.045703 0.733796 0.045964 0.729630 0.046484 0.727315 0.046484 0.725463 0.047005 0.723148 0.047005 0.721759 0.047786 0.717593 0.047786 0.715741 0.048568 0.710648 0.048568 0.707870 0.048828 0.707407 0.048828 0.704167 0.049089 0.703704 0.049089 0.700463 0.049349 0.700000 0.049349 0.696759 0.049609 0.696296 0.049609 0.692593 0.049870 0.692130 0.049870 0.687963 0.050130 0.687500 0.050130 0.683796 0.050391 0.683333 0.050391 0.681019 0.050651 0.680556 0.050651 0.677778 0.050911 0.677315 0.050911 0.674537 0.051172 0.674074 0.051172 0.671759 0.051693 0.668981 0.051693 0.666667 0.051953 0.666204 0.051953 0.663426 0.052214 0.662963 0.052214 0.660648 0.052474 0.660185 0.052474 0.657870 0.052734 0.657407 0.052734 0.654630 0.053255 0.651852 0.053255 0.649074 0.053516 0.648611 0.053516 0.645833 0.054036 0.643056 0.054036 0.639815 0.054297 0.639352 0.054297 0.636111 0.055078 0.631019 0.055078 0.628704 0.055339 0.628241 0.055339 0.625463 0.055599 0.625000 0.055599 0.622685 0.055859 0.622222 0.055859 0.619907 0.056380 0.617593 0.056641 0.615278 0.056641 0.612037 0.056901 0.611574 0.056901 0.608333 0.057161 0.607870 0.057161 0.605556 0.057422 0.605093 0.057422 0.602778 0.057682 0.602315 0.057682 0.600000 0.057943 0.599537 0.057943 0.597222 0.058724 0.592130 0.058724 0.589815 0.058984 0.589352 0.058984 0.587037 0.060026 0.579630 0.060026 0.577315 0.060286 0.576852 0.060286 0.573148 0.060547 0.572685 0.060547 0.569907 0.061068 0.567130 0.061068 0.564815 0.061328 0.562500 0.061849 0.560185 0.061849 0.557407 0.062109 0.556944 0.062109 0.552315 0.062370 0.551852 0.062370 0.549537 0.063151 0.544444 0.063151 0.542130 0.063411 0.541667 0.063411 0.535648 0.062630 0.532870 0.062630 0.531944 0.061849 0.529167 0.060417 0.526620 0.058333 0.525231 0.057682 0.523611 0.057813 0.522917 0.059635 0.522454 0.059896 0.521991 0.061198 0.521991 0.061458 0.521528 0.063281 0.521528 0.064323 0.521065 0.064583 0.521528 0.067708 0.522917 0.069271 0.524306 0.069792 0.525231 0.071094 0.526157 0.073047 0.529630 0.073047 0.530093 0.075260 0.534028 0.075521 0.534028 0.083073 0.547454 0.083333 0.547454 0.086328 0.552778 0.087630 0.556944 0.087891 0.558796 0.087891 0.563889 0.087630 0.564352 0.087630 0.569907 0.087370 0.570370 0.087370 0.575000 0.087109 0.575463 0.087109 0.578704 0.086849 0.579167 0.086849 0.581944 0.086589 0.582407 0.086589 0.585648 0.086328 0.586111 0.086328 0.588889 0.086068 0.589352 0.086068 0.592130 0.085807 0.592593 0.085807 0.595833 0.085547 0.596296 0.085547 0.599074 0.085286 0.599537 0.085286 0.602315 0.085026 0.602778 0.085026 0.605556 0.084766 0.606019 0.084766 0.608796 0.084505 0.609259 0.084505 0.612500 0.084245 0.612963 0.084245 0.615278 0.083984 0.615741 0.083984 0.618519 0.083724 0.618981 0.083724 0.623148 0.083464 0.623611 0.083464 0.627315 0.083203 0.627778 0.083203 0.630556 0.082943 0.631019 0.082943 0.633796 0.082682 0.634259 0.082682 0.637500 0.082422 0.637963 0.082422 0.640741 0.082161 0.641204 0.082161 0.643981 0.081901 0.644444 0.081901 0.647685 0.081641 0.648148 0.081641 0.650463 0.081380 0.650926 0.081380 0.653241 0.081120 0.653704 0.081120 0.656019 0.080859 0.656481 0.080859 0.660185 0.080599 0.660648 0.080599 0.663889 0.080339 0.664352 0.080339 0.666667 0.080078 0.667130 0.080078 0.669907 0.079818 0.670370 0.079818 0.674537 0.079557 0.675000 0.079557 0.678704 0.079297 0.679167 0.079297 0.681481 0.079036 0.681944 0.079036 0.684722 0.078776 0.685185 0.078776 0.687963 0.078516 0.688426 0.078516 0.692130 0.078255 0.692593 0.078255 0.696759 0.077995 0.697222 0.077995 0.700463 0.077734 0.700926 0.077734 0.704167 0.077474 0.704630 0.077474 0.707407 0.077214 0.707870 0.077214 0.710185 0.076953 0.710648 0.076953 0.713426 0.076693 0.713889 0.076693 0.716667 0.076432 0.717130 0.076432 0.719444 0.076172 0.719907 0.076172 0.722685 0.075911 0.723148 0.075911 0.726852 0.075651 0.727315 0.075651 0.731019 0.075391 0.731481 0.075391 0.734259 0.075130 0.734722 0.075130 0.737500 0.074870 0.737963 0.074870 0.740278 0.074609 0.740741 0.074609 0.743519 0.074349 0.743981 0.074349 0.746296 0.074089 0.746759 0.074089 0.749074 0.073568 0.751852 0.073568 0.754167 0.073307 0.756481 0.072786 0.758796 0.072786 0.760185 0.072005 0.762963 0.071224 0.764815 0.067708 0.771065 0.066406 0.772454 0.064844 0.775231 0.063281 0.776620 0.062760 0.777546 0.059896 0.780324 0.057552 0.781250 0.054427 0.782176 0.054167 0.782639 0.048698 0.784954 0.046875 0.785417 0.045573 0.786343 0.044792 0.786343 0.043490 0.787269 0.042188 0.787269 0.041927 0.787731 0.036198 0.789583 0.032813 0.791435 0.031510 0.791435 0.031250 0.791898 0.027604 0.792824 0.026302 0.793750 0.025260 0.793750 0.023698 0.794676 0.022396 0.794676 0.017969 0.796991 0.014323 0.797917 0.011979 0.799306 0.010937 0.799306 0.009375 0.800231 0.008333 0.800231 0.006771 0.801157 0.005469 0.801157 0.005208 0.801620 0.003906 0.801620 0.001823 0.803009 0.000000 0.803009
 2 0.016927 0.537269 0.016667 0.536806 0.015104 0.536343 0.014453 0.535185 0.013672 0.531944 0.014323 0.531713 0.016146 0.529861 0.017188 0.529398 0.022917 0.529398 0.024219 0.528472 0.026302 0.528472 0.027865 0.529861 0.028255 0.530556 0.028255 0.531944 0.026562 0.534491 0.025260 0.535417 0.020573 0.535417 0.018490 0.536806 0.017188 0.536806 0.016927 0.537269
 2 0.011198 0.537269 0.009635 0.537269 0.009505 0.536574 0.010156 0.535417 0.011198 0.537269
 7 0.000000 0.443287 0.001302 0.443287 0.001823 0.443750 0.003125 0.446065 0.005990 0.448380 0.006771 0.448380 0.007552 0.449306 0.008854 0.449769 0.010677 0.451620 0.011719 0.453009 0.015625 0.459954 0.016667 0.460880 0.023958 0.473843 0.025260 0.475231 0.026432 0.477315 0.026432 0.477778 0.027865 0.480324 0.028125 0.480324 0.029557 0.482870 0.029557 0.483333 0.031771 0.487269 0.033333 0.488657 0.034505 0.490741 0.034505 0.491204 0.035937 0.493750 0.036198 0.493750 0.037630 0.496296 0.038411 0.498611 0.039583 0.500694 0.040885 0.502083 0.043229 0.506250 0.043490 0.506250 0.045443 0.509722 0.045964 0.511574 0.047135 0.513657 0.049219 0.515509 0.050651 0.518056 0.050651 0.518519 0.052344 0.521528 0.053646 0.522454 0.055729 0.526157 0.057813 0.528009 0.058333 0.528009 0.060417 0.529861 0.061328 0.531481 0.062109 0.536574 0.062109 0.538889 0.062370 0.539352 0.062630 0.543519 0.062630 0.548148 0.062370 0.548611 0.062370 0.552315 0.062109 0.552778 0.062109 0.557870 0.061849 0.558333 0.061849 0.560648 0.061589 0.561111 0.061328 0.564352 0.061068 0.564815 0.060547 0.570370 0.060286 0.570833 0.060286 0.573148 0.060026 0.573611 0.060026 0.575926 0.059766 0.576389 0.059766 0.580093 0.059505 0.580556 0.059505 0.583796 0.059245 0.584259 0.059245 0.586574 0.058984 0.587037 0.058984 0.589352 0.058464 0.592130 0.058464 0.593981 0.057943 0.596296 0.057943 0.598611 0.057682 0.599074 0.057682 0.601389 0.057422 0.601852 0.057422 0.604167 0.057161 0.606481 0.056641 0.608796 0.056380 0.612963 0.056120 0.613426 0.056120 0.615741 0.055859 0.616204 0.055859 0.620370 0.055599 0.620833 0.055599 0.623611 0.055339 0.624074 0.055339 0.626852 0.055078 0.627315 0.055078 0.630556 0.054818 0.631019 0.054818 0.633333 0.054557 0.633796 0.054557 0.636111 0.054297 0.636574 0.053255 0.645833 0.053255 0.648148 0.052734 0.650926 0.052734 0.653241 0.052474 0.653704 0.052474 0.656481 0.052214 0.656944 0.052214 0.659259 0.051953 0.659722 0.051953 0.662500 0.051693 0.662963 0.051693 0.666204 0.051172 0.668981 0.051172 0.671296 0.050911 0.671759 0.050911 0.674537 0.050651 0.675000 0.050651 0.677778 0.050130 0.680093 0.050130 0.681944 0.049609 0.684722 0.049609 0.687500 0.049349 0.687963 0.049349 0.690278 0.048828 0.693056 0.048828 0.695370 0.048568 0.695833 0.048568 0.698148 0.048307 0.698611 0.048307 0.701852 0.048047 0.702315 0.048047 0.707407 0.047786 0.707870 0.047786 0.712963 0.047526 0.713426 0.047526 0.717130 0.047266 0.717593 0.047266 0.720370 0.047005 0.720833 0.047005 0.723148 0.046224 0.728241 0.046224 0.730556 0.045964 0.732407 0.045182 0.735648 0.044401 0.737500 0.043099 0.739815 0.043099 0.740278 0.039583 0.746528 0.038542 0.747917 0.036458 0.749769 0.034115 0.751157 0.032813 0.751620 0.030990 0.751620 0.030729 0.752083 0.028385 0.752546 0.025781 0.753935 0.025521 0.754398 0.021615 0.754398 0.020573 0.754861 0.017969 0.756713 0.016667 0.757176 0.014583 0.757176 0.014323 0.757639 0.013021 0.757639 0.011979 0.758565 0.009375 0.759954 0.007812 0.759954 0.007552 0.760417 0.006250 0.760417 0.003906 0.761806 0.002604 0.762269 0.000000 0.762269
 7 0.013932 0.537500 0.015104 0.537269 0.016667 0.535880 0.020573 0.535880 0.020833 0.536343 0.023958 0.533565 0.025000 0.533102 0.026302 0.533102 0.026562 0.532639 0.028125 0.532639 0.029167 0.532176 0.029818 0.531019 0.029818 0.530093 0.029036 0.528241 0.028516 0.525000 0.027995 0.523611 0.024609 0.517593 0.024609 0.517130 0.023177 0.514583 0.021875 0.512731 0.017969 0.509028 0.016797 0.506944 0.016797 0.506481 0.015495 0.504167 0.014714 0.501389 0.013802 0.499306 0.013021 0.498380 0.010156 0.498380 0.009245 0.499537 0.008464 0.503704 0.008464 0.506019 0.008203 0.506481 0.008203 0.508796 0.007943 0.509259 0.007943 0.511574 0.007682 0.512037 0.007682 0.514352 0.007422 0.516667 0.006641 0.519907 0.005859 0.525926 0.004557 0.529630 0.004557 0.533333 0.005078 0.536111 0.005990 0.537269 0.007552 0.537269 0.007812 0.536806 0.010677 0.536806 0.010937 0.537269 0.013932 0.537500
 2 0.000000 0.920602 0.001302 0.920602 0.001563 0.920139 0.002865 0.920139 0.003906 0.919213 0.005729 0.918750 0.007031 0.917824 0.008854 0.917361 0.009896 0.916435 0.011719 0.915972 0.013802 0.914583 0.015104 0.914583 0.016406 0.913657 0.017708 0.913657 0.021615 0.912269 0.021875 0.911806 0.027083 0.911806 0.028385 0.912269 0.029427 0.913194 0.030208 0.913194 0.031771 0.914583 0.033333 0.915046 0.035156 0.916435 0.035677 0.916435 0.037240 0.917824 0.038021 0.917824 0.038802 0.918750 0.040104 0.919213 0.040885 0.920139 0.042969 0.921065 0.047917 0.925231 0.050260 0.927083 0.050781 0.928009 0.053125 0.930324 0.055208 0.933102 0.055469 0.933102 0.056901 0.935648 0.057422 0.938889 0.057682 0.939352 0.057682 0.951389 0.057422 0.951852 0.057422 0.956019 0.057161 0.956481 0.057161 0.959722 0.056901 0.960185 0.056901 0.964352 0.056641 0.964815 0.056641 0.970370 0.056380 0.970833 0.056380 0.975000 0.056120 0.975463 0.056120 0.979167 0.055859 0.979630 0.055859 0.983796 0.055599 0.984259 0.055599 0.987500 0.055339 0.987963 0.055339 0.991204 0.055078 0.991667 0.055078 0.995370 0.054818 0.997222 0.054036 0.999537
