 1 0.646745 0.000000 0.646745 0.003241 0.646484 0.003704 0.646484 0.012500 0.646224 0.012963 0.646224 0.016204 0.645964 0.016667 0.645964 0.019907 0.645703 0.020370 0.645703 0.022685 0.645443 0.023148 0.645443 0.028704 0.645182 0.029167 0.645182 0.032870 0.644922 0.033333 0.644922 0.036574 0.644661 0.038889 0.644141 0.040278 0.643620 0.043056 0.642057 0.047222 0.641276 0.048611 0.640234 0.051852 0.638542 0.054861 0.637500 0.055787 0.635417 0.058565 0.634635 0.059028 0.631510 0.063194 0.629687 0.064583 0.628385 0.065046 0.622396 0.065046 0.622135 0.065509 0.617708 0.065509 0.617448 0.065972 0.612500 0.065972 0.612240 0.066435 0.606250 0.066435 0.605990 0.066898 0.598437 0.066898 0.598177 0.067361 0.591406 0.067361 0.591146 0.067824 0.585156 0.067824 0.584896 0.068287 0.578385 0.068287 0.578125 0.068750 0.573438 0.068750 0.573177 0.069213 0.567448 0.069213 0.567187 0.069676 0.557813 0.069676 0.557552 0.070139 0.554688 0.070139 0.554427 0.070602 0.552083 0.070602 0.551823 0.071065 0.543490 0.071065 0.543229 0.071528 0.536458 0.071528 0.536198 0.071991 0.527604 0.071991 0.527344 0.072454 0.520573 0.072454 0.520312 0.072917 0.514323 0.072917 0.514062 0.073380 0.509896 0.073380 0.509635 0.073843 0.500000 0.073843 0.499740 0.073380 0.497917 0.072917 0.496354 0.071991 0.494792 0.071991 0.492708 0.070602 0.490104 0.067824 0.488672 0.065278 0.488672 0.064815 0.487500 0.062731 0.487240 0.062731 0.485026 0.058796 0.483724 0.053704 0.483203 0.052315 0.482682 0.049074 0.482161 0.044444 0.482161 0.040278 0.481901 0.039815 0.481901 0.036574 0.481380 0.033796 0.481380 0.022685 0.481120 0.020370 0.480599 0.018056 0.480339 0.015741 0.480339 0.012963 0.480078 0.012500 0.480078 0.010185 0.479818 0.009722 0.479818 0.002778 0.479557 0.002315 0.479557 0.000000
 0 0.089193 0.000000 0.089193 0.002315 0.091406 0.004398 0.092969 0.005324 0.094401 0.007870 0.095703 0.013889 0.095964 0.016204 0.096745 0.018519 0.097005 0.020370 0.099349 0.024537 0.100130 0.026852 0.100651 0.031019 0.101432 0.034259 0.101693 0.036574 0.101693 0.038889 0.101953 0.039352 0.101953 0.042130 0.102214 0.042593 0.102214 0.045833 0.102474 0.046296 0.102474 0.054167 0.102214 0.054630 0.102214 0.056944 0.101953 0.057407 0.101953 0.071296 0.101693 0.071759 0.101693 0.082407 0.101432 0.082870 0.101432 0.088889 0.101172 0.089352 0.101172 0.093519 0.100911 0.093981 0.100911 0.098148 0.100651 0.098611 0.100651 0.101852 0.100130 0.104630 0.099870 0.107407 0.098828 0.110648 0.098828 0.111574 0.097786 0.115741 0.095182 0.122685 0.092578 0.127315 0.092578 0.127778 0.087760 0.136343 0.087500 0.136343 0.086198 0.138657 0.085938 0.138657 0.084635 0.140972 0.084375 0.140972 0.082292 0.144676 0.081250 0.146065 0.077604 0.149306 0.073438 0.153472 0.070312 0.156250 0.069010 0.157176 0.066927 0.159954 0.065625 0.161343 0.063802 0.162731 0.061979 0.163194 0.060937 0.164120 0.059375 0.164583 0.056250 0.166898 0.052604 0.168750 0.049219 0.171528 0.048438 0.171528 0.046615 0.172917 0.046094 0.172917 0.044792 0.174306 0.043490 0.174769 0.040885 0.176620 0.039062 0.177083 0.038021 0.178009 0.036198 0.178472 0.035156 0.179398 0.034375 0.179398 0.030990 0.181250 0.030208 0.181250 0.029167 0.182176 0.028385 0.182176 0.027344 0.183102 0.026042 0.183565 0.025260 0.184491 0.023438 0.185417 0.021354 0.187269 0.016667 0.190046 0.010937 0.192361 0.009896 0.193287 0.009115 0.193287 0.006510 0.195139 0.005208 0.195602 0.003906 0.196991 0.003385 0.196991 0.002344 0.198380 0.001302 0.198843 0.000000 0.198843
 5 0.000000 0.424769 0.001563 0.424769 0.002344 0.425231 0.004427 0.427546 0.006250 0.428472 0.008073 0.430324 0.009375 0.432176 0.011458 0.434028 0.012760 0.435880 0.015625 0.438657 0.018229 0.440046 0.019010 0.440046 0.020052 0.440972 0.020833 0.440972 0.022005 0.442593 0.022266 0.444907 0.022786 0.446759 0.022526 0.449074 0.022005 0.450463 0.021484 0.453241 0.020703 0.456019 0.019661 0.458333 0.018490 0.460417 0.016927 0.462269 0.013802 0.466898 0.012760 0.467824 0.011458 0.468287 0.009115 0.470139 0.007812 0.470602 0.006510 0.470602 0.006250 0.471065 0.004948 0.471065 0.004687 0.470602 0.003385 0.470602 0.001302 0.469213 0.000000 0.469213
 7 0.000000 0.471065 0.004167 0.471065 0.004427 0.471528 0.006510 0.471528 0.006771 0.471065 0.009115 0.471065 0.010156 0.470602 0.011979 0.468750 0.012760 0.468287 0.014323 0.466435 0.019661 0.456944 0.020703 0.454630 0.021224 0.451852 0.022005 0.449537 0.022266 0.446759 0.021745 0.444444 0.020833 0.442824 0.019531 0.441898 0.017969 0.441898 0.016536 0.439815 0.016276 0.437037 0.015495 0.434722 0.016406 0.432639 0.017448 0.432176 0.018229 0.431250 0.021094 0.429861 0.023958 0.427083 0.025260 0.426620 0.026302 0.425694 0.027604 0.425694 0.028906 0.425231 0.031250 0.423843 0.032552 0.423843 0.032813 0.423380 0.035156 0.422917 0.037500 0.421528 0.038281 0.421528 0.040104 0.420139 0.040885 0.420139 0.042188 0.419213 0.043490 0.418750 0.045052 0.418750 0.045312 0.418287 0.046615 0.418287 0.048177 0.417361 0.049479 0.417361 0.051042 0.416435 0.052344 0.416435 0.053906 0.415509 0.054948 0.415509 0.057031 0.414120 0.058594 0.414120 0.058854 0.413657 0.060156 0.413657 0.061719 0.412269 0.063281 0.411343 0.064583 0.411343 0.064844 0.410880 0.066667 0.410880 0.066927 0.410417 0.068490 0.410417 0.068750 0.409954 0.070052 0.409954 0.070312 0.409491 0.071615 0.409491 0.071875 0.409028 0.073177 0.409028 0.075521 0.408102 0.077865 0.406250 0.078646 0.406250 0.080729 0.404861 0.082292 0.404861 0.082552 0.404398 0.084115 0.404398 0.084375 0.403935 0.085938 0.403935 0.086198 0.403472 0.087500 0.403472 0.087760 0.403009 0.089063 0.403009 0.090625 0.402083 0.091927 0.402083 0.094010 0.401157 0.096094 0.399306 0.099219 0.399306 0.100521 0.399769 0.103125 0.401157 0.105729 0.403935 0.106901 0.406019 0.107422 0.408333 0.108203 0.410648 0.110156 0.413657 0.110937 0.414120 0.112240 0.416435 0.112500 0.416435 0.114062 0.418750 0.114844 0.419213 0.115885 0.420602 0.117188 0.422917 0.119271 0.424769 0.122135 0.428472 0.124219 0.429861 0.127083 0.432639 0.128385 0.434491 0.129688 0.436806 0.131250 0.438194 0.133333 0.441898 0.134375 0.442824 0.135417 0.444676 0.136979 0.446528 0.137760 0.446991 0.139453 0.450000 0.139453 0.450463 0.140625 0.452083 0.142187 0.453009 0.143359 0.455093 0.143620 0.456481 0.144792 0.458565 0.147135 0.460417 0.149219 0.464120 0.150781 0.465509 0.152083 0.467361 0.153255 0.469444 0.153255 0.469907 0.154427 0.471991 0.156771 0.474306 0.157292 0.474306 0.158594 0.475694 0.160156 0.476620 0.161458 0.478009 0.162630 0.480093 0.163411 0.483333 0.163411 0.485648 0.163932 0.488426 0.163932 0.490278 0.163411 0.492593 0.163411 0.493981 0.162891 0.495833 0.162891 0.497222 0.162370 0.499074 0.162370 0.500463 0.161849 0.502315 0.161589 0.505093 0.161068 0.506481 0.160547 0.509259 0.160286 0.513426 0.160026 0.513889 0.160026 0.516204 0.159766 0.518519 0.159245 0.520833 0.158984 0.523148 0.158984 0.528241 0.158724 0.528704 0.158724 0.533333 0.158464 0.533796 0.158464 0.536111 0.157682 0.540278 0.156901 0.541667 0.156120 0.544444 0.155599 0.548611 0.155599 0.552315 0.155339 0.552778 0.155339 0.559722 0.155078 0.560185 0.155078 0.567130 0.154818 0.567593 0.154818 0.572222 0.154557 0.572685 0.154557 0.576389 0.154297 0.576852 0.154297 0.579630 0.153776 0.582870 0.153255 0.584259 0.152474 0.589352 0.152474 0.591667 0.151693 0.596759 0.151172 0.598148 0.148698 0.602546 0.147396 0.603935 0.144531 0.605324 0.143229 0.606713 0.140104 0.608565 0.138281 0.608565 0.138021 0.609028 0.133854 0.609028 0.133594 0.609491 0.132292 0.609491 0.130729 0.610417 0.128125 0.610417 0.127865 0.610880 0.126302 0.610880 0.125000 0.611806 0.123958 0.613657 0.120833 0.615509 0.119531 0.615509 0.119271 0.615972 0.117969 0.615972 0.116406 0.616898 0.115365 0.616898 0.112760 0.618287 0.110417 0.620602 0.109896 0.620602 0.107031 0.622917 0.105729 0.622917 0.105469 0.623380 0.103646 0.623380 0.103385 0.623843 0.101042 0.624306 0.100000 0.625231 0.096354 0.626157 0.091927 0.629861 0.090365 0.630787 0.088542 0.630787 0.088281 0.631250 0.086719 0.631250 0.085417 0.631713 0.083073 0.633102 0.081771 0.633565 0.080990 0.634491 0.079687 0.634954 0.076302 0.634954 0.076042 0.635417 0.073698 0.635417 0.073438 0.635880 0.071354 0.635880 0.071094 0.636343 0.069271 0.636343 0.069010 0.636806 0.066927 0.636806 0.066667 0.637269 0.065365 0.637269 0.064323 0.637731 0.062500 0.639120 0.061458 0.641435 0.058854 0.643287 0.057552 0.643287 0.057292 0.643750 0.055729 0.643750 0.055469 0.644213 0.053906 0.644213 0.053646 0.644676 0.052344 0.644676 0.049479 0.646065 0.048698 0.646991 0.047135 0.647454 0.044792 0.649306 0.042969 0.649769 0.042708 0.650231 0.041146 0.650231 0.040885 0.650694 0.039323 0.650694 0.036458 0.652083 0.034896 0.652083 0.034635 0.652546 0.032813 0.653009 0.030729 0.655324 0.029687 0.657176 0.026823 0.658102 0.026562 0.658565 0.025000 0.658565 0.024740 0.659028 0.023177 0.659028 0.022917 0.659491 0.021094 0.659491 0.020833 0.659954 0.016667 0.659954 0.014583 0.658102 0.012891 0.655093 0.010417 0.652546 0.009115 0.651620 0.007812 0.649769 0.006771 0.648843 0.005990 0.647454 0.004687 0.646528 0.002865 0.644676 0.001823 0.644213 0.000000 0.644213
 7 0.127995 0.488426 0.130990 0.487731 0.133333 0.486343 0.135677 0.485880 0.138021 0.484491 0.139193 0.482407 0.139714 0.479167 0.140495 0.476852 0.140234 0.475000 0.136198 0.467824 0.135156 0.466898 0.130990 0.459491 0.130729 0.459491 0.127344 0.456250 0.126302 0.456713 0.125391 0.458333 0.124609 0.460648 0.124349 0.462500 0.124349 0.467130 0.124089 0.467593 0.124089 0.470833 0.123828 0.471296 0.123828 0.473611 0.123568 0.474074 0.123568 0.482870 0.123828 0.483333 0.123828 0.485648 0.125000 0.488194 0.125781 0.488657 0.127995 0.488426
 7 0.000000 0.529861 0.001302 0.529861 0.001693 0.528241 0.002474 0.526389 0.002474 0.523148 0.001302 0.521991 0.000000 0.521991
 7 0.000000 0.624306 0.002604 0.624306 0.003906 0.624769 0.004948 0.625694 0.006250 0.626157 0.007292 0.627083 0.009375 0.629861 0.011458 0.630324 0.012760 0.631250 0.014844 0.631250 0.015755 0.629630 0.016797 0.626389 0.017839 0.624537 0.020182 0.614815 0.020703 0.613426 0.022005 0.611111 0.022786 0.609259 0.023828 0.605093 0.023828 0.603704 0.024349 0.602315 0.024089 0.600000 0.023177 0.598843 0.021615 0.598380 0.021354 0.597917 0.016927 0.597917 0.014583 0.599306 0.013021 0.600694 0.011719 0.600694 0.011458 0.601157 0.008333 0.602083 0.008073 0.602546 0.006771 0.602546 0.006510 0.603009 0.005208 0.603009 0.004948 0.603472 0.003646 0.603472 0.003385 0.603935 0.002083 0.603935 0.001823 0.604398 0.000000 0.604398
 2 0.036979 0.684954 0.035677 0.684491 0.033073 0.684491 0.032813 0.684028 0.030469 0.683102 0.029167 0.681713 0.028646 0.681713 0.027604 0.680324 0.026302 0.679398 0.025000 0.678935 0.022917 0.677083 0.021094 0.676157 0.019010 0.674306 0.017708 0.673843 0.014323 0.671065 0.012891 0.668981 0.012630 0.665741 0.011589 0.663889 0.011589 0.662037 0.013021 0.660880 0.014063 0.661343 0.015625 0.662731 0.020833 0.662731 0.022135 0.662269 0.024479 0.660880 0.025521 0.660880 0.028906 0.659028 0.032031 0.656713 0.033594 0.655787 0.034375 0.655787 0.035677 0.654861 0.036719 0.654861 0.039062 0.653472 0.040885 0.653009 0.042188 0.652083 0.042969 0.652083 0.045052 0.650694 0.047396 0.650231 0.048698 0.649306 0.050521 0.648843 0.052865 0.647454 0.053906 0.647454 0.056250 0.646065 0.058073 0.645602 0.059115 0.644676 0.062240 0.643750 0.064062 0.642361 0.064844 0.642361 0.065885 0.641435 0.068750 0.640509 0.069792 0.639583 0.071875 0.639120 0.072135 0.638657 0.075000 0.637731 0.076302 0.636806 0.077865 0.636806 0.078125 0.636343 0.079427 0.636343 0.080990 0.635417 0.082292 0.635417 0.083594 0.634954 0.084635 0.634028 0.088281 0.632176 0.089063 0.632176 0.090365 0.631250 0.091146 0.631250 0.092188 0.630324 0.094531 0.629398 0.095573 0.628472 0.098698 0.627546 0.100000 0.626620 0.101042 0.626620 0.103385 0.625231 0.105208 0.624769 0.106250 0.623843 0.109375 0.622917 0.110677 0.621991 0.113802 0.621065 0.115104 0.620139 0.116927 0.619676 0.119010 0.618287 0.120052 0.618287 0.122396 0.616898 0.124740 0.616435 0.125000 0.615972 0.126823 0.615509 0.127865 0.614583 0.128646 0.614583 0.130469 0.613194 0.134896 0.611806 0.138542 0.609491 0.139844 0.609491 0.140104 0.609028 0.141667 0.609028 0.143750 0.608102 0.145052 0.607176 0.145833 0.607176 0.146615 0.606250 0.147656 0.605787 0.148958 0.604398 0.150911 0.601389 0.152474 0.595833 0.153255 0.591204 0.153516 0.587037 0.154036 0.584722 0.154557 0.579167 0.154818 0.578704 0.154818 0.575000 0.155078 0.574537 0.155078 0.570370 0.155339 0.569907 0.155339 0.566667 0.155599 0.566204 0.155599 0.563889 0.156120 0.561574 0.156380 0.557407 0.156641 0.556944 0.156641 0.554630 0.157161 0.551852 0.157422 0.547685 0.158203 0.540741 0.158464 0.540278 0.158464 0.537963 0.158724 0.537500 0.158984 0.533333 0.159505 0.530556 0.159505 0.528241 0.160026 0.525463 0.160026 0.523148 0.160286 0.522685 0.160286 0.520370 0.160807 0.517593 0.161068 0.513426 0.161589 0.511111 0.161849 0.508796 0.161849 0.506481 0.162109 0.506019 0.162109 0.502778 0.162630 0.500000 0.162630 0.497222 0.162891 0.496759 0.163151 0.492593 0.163672 0.489815 0.163672 0.480556 0.163411 0.478704 0.162760 0.477083 0.161849 0.476389 0.162500 0.475231 0.163802 0.474769 0.165625 0.474769 0.167187 0.476157 0.167708 0.476157 0.169271 0.477546 0.171615 0.481713 0.173958 0.484028 0.176302 0.488194 0.177865 0.490046 0.178906 0.491898 0.180469 0.493750 0.181641 0.495833 0.181901 0.496759 0.181901 0.504167 0.181641 0.504630 0.181641 0.506944 0.181380 0.507407 0.181380 0.510185 0.181120 0.510648 0.181120 0.512963 0.180859 0.513426 0.180859 0.515741 0.180599 0.516204 0.180599 0.518519 0.180339 0.518981 0.180339 0.521759 0.180078 0.522222 0.180078 0.525000 0.179818 0.525463 0.179818 0.527778 0.179557 0.528241 0.179557 0.531019 0.178776 0.536111 0.178776 0.538426 0.178516 0.538889 0.178516 0.541667 0.178255 0.542130 0.178255 0.544444 0.177995 0.544907 0.177734 0.549074 0.177474 0.549537 0.177474 0.552315 0.177214 0.552778 0.177214 0.556019 0.176953 0.556481 0.176953 0.558796 0.176693 0.559259 0.176693 0.562037 0.176432 0.562500 0.176432 0.565741 0.176172 0.566204 0.176172 0.568519 0.175911 0.568981 0.175911 0.571296 0.175651 0.571759 0.175651 0.574074 0.175391 0.574537 0.175391 0.577315 0.175130 0.577778 0.175130 0.580556 0.174870 0.581019 0.174870 0.583333 0.174609 0.583796 0.174609 0.586574 0.174349 0.587037 0.174349 0.590278 0.174089 0.590741 0.174089 0.593056 0.173568 0.595833 0.173307 0.600000 0.172786 0.602778 0.172786 0.605093 0.172526 0.605556 0.172526 0.608796 0.172266 0.609259 0.172266 0.611574 0.172005 0.612037 0.171745 0.615278 0.170703 0.618981 0.168229 0.623380 0.166927 0.624769 0.166146 0.626157 0.164844 0.627083 0.162500 0.629398 0.159115 0.630324 0.157031 0.631713 0.156250 0.631713 0.154948 0.632639 0.154167 0.632639 0.152865 0.633565 0.151823 0.633565 0.150781 0.634491 0.147656 0.635417 0.146354 0.636343 0.144271 0.636806 0.143229 0.637731 0.140625 0.639120 0.136979 0.640509 0.135677 0.641435 0.134635 0.641435 0.133333 0.642361 0.132552 0.642361 0.131510 0.643287 0.130469 0.643287 0.128125 0.644676 0.127344 0.644676 0.126302 0.645602 0.124479 0.646065 0.123177 0.646991 0.122135 0.646991 0.120833 0.647917 0.120052 0.647917 0.118750 0.648843 0.117708 0.648843 0.116667 0.649769 0.114844 0.650231 0.114583 0.650694 0.112760 0.651157 0.111719 0.652083 0.109635 0.653009 0.108854 0.653009 0.106510 0.654398 0.105208 0.654398 0.103906 0.655324 0.101823 0.655787 0.100000 0.657176 0.097917 0.657639 0.095833 0.659028 0.095052 0.659028 0.093750 0.659954 0.092969 0.659954 0.090625 0.661343 0.089583 0.661343 0.087240 0.662731 0.084115 0.663657 0.083854 0.664120 0.080990 0.665046 0.079948 0.665972 0.078125 0.666435 0.076302 0.667824 0.074479 0.668287 0.073177 0.669213 0.071094 0.669676 0.070052 0.670602 0.068229 0.671065 0.067969 0.671528 0.064844 0.672454 0.063802 0.673380 0.063021 0.673380 0.061979 0.674306 0.060156 0.674769 0.059896 0.675231 0.058594 0.675231 0.057292 0.676157 0.055208 0.676620 0.054167 0.677546 0.052344 0.678009 0.052083 0.678472 0.050260 0.678935 0.050000 0.679398 0.046354 0.680787 0.045052 0.681713 0.043750 0.682176 0.042448 0.682176 0.042188 0.682639 0.039323 0.683565 0.038281 0.684491 0.036979 0.684954
 2 0.000000 0.755324 0.001302 0.755324 0.002865 0.753472 0.004167 0.753009 0.004948 0.752083 0.006510 0.752083 0.006771 0.751620 0.008333 0.751620 0.008594 0.751157 0.011458 0.750231 0.012760 0.749306 0.014583 0.748843 0.017448 0.746528 0.018229 0.746528 0.019271 0.745602 0.022135 0.744676 0.024740 0.742824 0.027865 0.741898 0.028125 0.741435 0.029427 0.741435 0.029687 0.740972 0.030990 0.740972 0.032031 0.740509 0.033854 0.739120 0.036979 0.737731 0.038281 0.737731 0.038542 0.737269 0.041667 0.736343 0.042969 0.735417 0.044010 0.735417 0.045312 0.734491 0.046094 0.734491 0.047135 0.733565 0.047917 0.733565 0.049219 0.732639 0.051562 0.732176 0.053385 0.731250 0.055469 0.729398 0.058333 0.728009 0.059635 0.728009 0.059896 0.727546 0.062240 0.727083 0.063542 0.726157 0.065885 0.725694 0.066146 0.725231 0.069271 0.724306 0.072396 0.722917 0.073698 0.721991 0.074740 0.721991 0.076042 0.721065 0.078385 0.720602 0.079427 0.719676 0.081510 0.719213 0.081771 0.718750 0.084115 0.718287 0.085156 0.717361 0.085938 0.717361 0.086979 0.716435 0.089323 0.715509 0.093750 0.714120 0.095833 0.712731 0.097917 0.712731 0.098177 0.712269 0.099479 0.712269 0.101042 0.710880 0.102865 0.709954 0.103906 0.709954 0.105208 0.709028 0.107031 0.708565 0.108073 0.707639 0.109375 0.707176 0.110156 0.706250 0.111719 0.705324 0.114062 0.704861 0.115365 0.703935 0.116667 0.703472 0.117708 0.702546 0.118490 0.702546 0.119531 0.701620 0.121354 0.701157 0.123698 0.699769 0.126823 0.698843 0.127083 0.698380 0.128385 0.698380 0.128646 0.697917 0.131771 0.696991 0.134115 0.695602 0.135417 0.695139 0.136719 0.695139 0.136979 0.694676 0.139583 0.694676 0.139844 0.695139 0.141927 0.696528 0.142448 0.697454 0.144792 0.699306 0.146615 0.699769 0.147917 0.701157 0.150781 0.703472 0.152083 0.704861 0.154427 0.706250 0.155990 0.707639 0.157031 0.709028 0.159766 0.713889 0.160547 0.717593 0.160547 0.720833 0.160286 0.721296 0.160286 0.724537 0.160026 0.725000 0.160026 0.727315 0.159766 0.727778 0.159245 0.734259 0.158464 0.738426 0.158203 0.740741 0.158203 0.744444 0.157943 0.744907 0.157943 0.747685 0.157422 0.750000 0.157422 0.752315 0.157161 0.752778 0.157161 0.757407 0.156901 0.757870 0.156901 0.761111 0.156380 0.763426 0.156380 0.765278 0.155859 0.767593 0.155859 0.769444 0.155339 0.771759 0.155339 0.773611 0.154297 0.779630 0.154036 0.781944 0.154036 0.784259 0.153776 0.784722 0.153776 0.787500 0.153516 0.787963 0.153516 0.790278 0.153255 0.790741 0.153255 0.793056 0.152995 0.795370 0.152474 0.797685 0.152474 0.799537 0.151953 0.802315 0.151953 0.804167 0.151172 0.808333 0.151172 0.810648 0.150911 0.811111 0.150911 0.813889 0.150651 0.816204 0.150130 0.818056 0.149870 0.821296 0.149609 0.821759 0.149609 0.824074 0.149349 0.824537 0.149349 0.828704 0.149089 0.829167 0.149089 0.831944 0.148828 0.832407 0.148828 0.835185 0.148568 0.835648 0.148568 0.837963 0.148307 0.838426 0.148307 0.840741 0.148047 0.843056 0.147266 0.847222 0.147005 0.850463 0.146224 0.854167 0.145964 0.856481 0.145964 0.858796 0.145703 0.859259 0.145703 0.862963 0.145443 0.865278 0.144922 0.867593 0.144922 0.869444 0.144141 0.874537 0.143099 0.878241 0.143099 0.879167 0.141797 0.884722 0.141797 0.885648 0.139974 0.890278 0.137760 0.894213 0.136979 0.894676 0.134635 0.896991 0.134115 0.896991 0.131510 0.899306 0.130990 0.900231 0.129427 0.900694 0.127344 0.902083 0.126042 0.902083 0.124479 0.903009 0.122656 0.903472 0.119531 0.904861 0.117969 0.905787 0.113802 0.909028 0.111719 0.909491 0.109896 0.910880 0.108073 0.911343 0.107813 0.911806 0.106510 0.911806 0.104948 0.912731 0.103646 0.912731 0.101562 0.914120 0.100781 0.914120 0.099479 0.915046 0.098698 0.915046 0.097396 0.915972 0.095052 0.916435 0.093750 0.917361 0.092969 0.917361 0.091927 0.918287 0.091146 0.918287 0.089844 0.919213 0.088802 0.919213 0.086458 0.920602 0.085677 0.921528 0.082292 0.922917 0.082031 0.923380 0.079687 0.923843 0.077344 0.925231 0.075521 0.925694 0.074479 0.926620 0.073698 0.926620 0.071615 0.928009 0.070312 0.928472 0.069010 0.928472 0.066667 0.929861 0.065885 0.929861 0.064583 0.930787 0.062240 0.931250 0.059896 0.932639 0.058854 0.932639 0.057552 0.933565 0.056771 0.933565 0.055208 0.934954 0.053906 0.935417 0.053125 0.936343 0.050781 0.937269 0.049479 0.937269 0.049219 0.937731 0.047396 0.938194 0.046354 0.939120 0.043229 0.940046 0.042969 0.940509 0.039844 0.941435 0.039583 0.941898 0.037240 0.942361 0.035937 0.943287 0.033854 0.944213 0.025781 0.946991 0.022656 0.948843 0.021875 0.949769 0.019531 0.950694 0.018229 0.950694 0.017969 0.951157 0.016406 0.951157 0.014844 0.952083 0.013542 0.952083 0.013281 0.952546 0.011979 0.952546 0.011719 0.953009 0.010417 0.953009 0.008333 0.954398 0.007552 0.954398 0.006510 0.955324 0.003646 0.956250 0.002344 0.957176 0.000000 0.957176
 4 0.404687 0.325231 0.400781 0.325231 0.400391 0.324074 0.400391 0.321759 0.400651 0.319907 0.401693 0.315741 0.403255 0.312963 0.403255 0.312500 0.404427 0.310417 0.407813 0.307639 0.409896 0.307176 0.411458 0.306250 0.412760 0.306250 0.413021 0.306713 0.415104 0.306713 0.415365 0.307176 0.416927 0.307639 0.419010 0.309491 0.419922 0.311111 0.420703 0.313889 0.421224 0.314815 0.421224 0.316204 0.420573 0.317824 0.418750 0.319213 0.416667 0.319676 0.416406 0.320139 0.414062 0.320602 0.411979 0.321991 0.409635 0.322454 0.408073 0.323380 0.405729 0.324306 0.404687 0.325231
 4 0.482552 0.292824 0.480990 0.292824 0.479427 0.291898 0.478776 0.289352 0.479036 0.286111 0.479818 0.281944 0.480599 0.279630 0.482552 0.276157 0.484635 0.274306 0.485156 0.274306 0.486458 0.272917 0.487760 0.272454 0.489063 0.272454 0.489323 0.271991 0.491406 0.271991 0.491667 0.272454 0.493750 0.272454 0.495833 0.274306 0.496875 0.274769 0.498568 0.277315 0.499609 0.279630 0.500130 0.281944 0.499609 0.283796 0.498698 0.285417 0.497396 0.286343 0.496094 0.286806 0.494792 0.286806 0.492448 0.287731 0.491406 0.288657 0.489323 0.289120 0.488281 0.290046 0.486458 0.290509 0.485417 0.291435 0.484635 0.291435 0.482552 0.292824
 4 0.642448 0.246528 0.640104 0.246065 0.636458 0.243750 0.633984 0.240278 0.633203 0.237037 0.632943 0.235185 0.632943 0.225463 0.633464 0.223611 0.633724 0.221296 0.633724 0.218981 0.633984 0.216667 0.634505 0.215278 0.635026 0.212037 0.636979 0.208565 0.638021 0.207176 0.639583 0.206250 0.640365 0.205324 0.642708 0.204398 0.647917 0.204398 0.648177 0.204861 0.649740 0.204861 0.650521 0.205324 0.652865 0.207639 0.653646 0.208102 0.655078 0.210648 0.655339 0.213426 0.654297 0.216667 0.653646 0.217361 0.651693 0.220833 0.651172 0.223611 0.651172 0.226389 0.650911 0.226852 0.650911 0.231481 0.650130 0.235185 0.648177 0.238657 0.647396 0.239120 0.645833 0.240972 0.642969 0.246065 0.642448 0.246528
 3 0.424219 0.409028 0.419010 0.409028 0.418750 0.408565 0.416927 0.408102 0.415365 0.407176 0.413021 0.404861 0.409505 0.398611 0.408724 0.396296 0.408203 0.393981 0.407422 0.391667 0.407161 0.388426 0.406641 0.386574 0.406641 0.385185 0.405859 0.382407 0.405078 0.378241 0.405078 0.375000 0.404818 0.374537 0.404818 0.370370 0.405859 0.364352 0.407422 0.360185 0.409896 0.355787 0.410156 0.355787 0.412500 0.352546 0.414583 0.350694 0.416927 0.349769 0.418490 0.348843 0.420052 0.348843 0.420312 0.348380 0.425000 0.348380 0.425260 0.348843 0.426563 0.348843 0.427865 0.349306 0.429427 0.350694 0.432031 0.352546 0.434245 0.356481 0.436068 0.362963 0.436589 0.367130 0.437109 0.368519 0.437370 0.371296 0.438932 0.379167 0.438932 0.388426 0.438672 0.388889 0.438672 0.391204 0.437630 0.394444 0.436849 0.396296 0.434635 0.400231 0.432812 0.402083 0.432031 0.403472 0.431250 0.403935 0.428125 0.407176 0.425521 0.408102 0.424219 0.409028
 3 0.393229 0.474306 0.391667 0.474306 0.391406 0.473843 0.389583 0.473843 0.387760 0.472917 0.383854 0.469213 0.383203 0.467593 0.380859 0.463426 0.379818 0.461111 0.377995 0.456019 0.376953 0.450463 0.376172 0.448148 0.375911 0.446296 0.375911 0.443981 0.375651 0.443519 0.375651 0.433333 0.376172 0.430556 0.377734 0.425463 0.379036 0.423148 0.379948 0.421065 0.383073 0.416898 0.385677 0.414583 0.386458 0.413657 0.387760 0.413194 0.388802 0.412269 0.391146 0.411343 0.397135 0.411343 0.397396 0.411806 0.398698 0.411806 0.398958 0.412269 0.400781 0.412731 0.402865 0.414583 0.404948 0.417361 0.406380 0.419907 0.407943 0.424074 0.407943 0.425000 0.408984 0.429167 0.409505 0.430556 0.411068 0.438426 0.411589 0.439815 0.411589 0.442130 0.411849 0.442593 0.411849 0.450463 0.411068 0.455556 0.410026 0.458333 0.407943 0.462037 0.407031 0.464120 0.406771 0.464120 0.405469 0.466435 0.404427 0.467824 0.401302 0.470139 0.400000 0.471528 0.398438 0.471991 0.397396 0.472917 0.395313 0.473380 0.395052 0.473843 0.393490 0.473843 0.393229 0.474306
