 6 0.000000 0.465972 0.001302 0.465972 0.002083 0.466435 0.003646 0.468750 0.005208 0.470602 0.006510 0.471528 0.007812 0.472917 0.009115 0.473843 0.010677 0.474306 0.011458 0.475231 0.013021 0.475694 0.014844 0.477546 0.015365 0.477546 0.017188 0.479398 0.019792 0.481713 0.020573 0.483102 0.021615 0.484028 0.023438 0.486806 0.024479 0.487731 0.025260 0.489120 0.026302 0.490046 0.027083 0.491435 0.029948 0.494213 0.031771 0.496528 0.033333 0.497917 0.038802 0.505787 0.040365 0.507639 0.041146 0.508102 0.044010 0.511806 0.045312 0.512731 0.046615 0.514583 0.047396 0.515046 0.048958 0.517361 0.051823 0.521065 0.052604 0.521528 0.056250 0.526157 0.057031 0.526620 0.060417 0.531250 0.061849 0.533796 0.062630 0.537037 0.062370 0.539352 0.061589 0.541667 0.060026 0.544907 0.057682 0.551852 0.056120 0.555556 0.054557 0.560185 0.053776 0.561574 0.053255 0.563426 0.052474 0.564815 0.051693 0.567130 0.050651 0.568981 0.049089 0.573611 0.048047 0.575463 0.046745 0.578704 0.046484 0.580093 0.045443 0.582870 0.044401 0.584722 0.043620 0.587500 0.042578 0.589352 0.041016 0.593056 0.039453 0.598148 0.038932 0.599074 0.037630 0.603241 0.036589 0.605093 0.036068 0.606944 0.033984 0.612037 0.033724 0.613426 0.032682 0.615741 0.031380 0.618056 0.029818 0.623148 0.027995 0.626852 0.027214 0.629630 0.023438 0.636343 0.022656 0.637269 0.020833 0.638657 0.019010 0.639120 0.018750 0.639583 0.017448 0.639583 0.017188 0.640046 0.013281 0.640046 0.013021 0.640509 0.011458 0.640509 0.011198 0.640972 0.009896 0.640972 0.009635 0.641435 0.008073 0.641435 0.007812 0.641898 0.006250 0.641898 0.005990 0.642361 0.003646 0.642361 0.003385 0.642824 0.000000 0.642824
 6 0.000000 0.535880 0.002865 0.535880 0.003125 0.536343 0.005208 0.536343 0.006771 0.534954 0.008984 0.531019 0.009896 0.528935 0.010417 0.528935 0.011198 0.530324 0.012500 0.530324 0.012760 0.530787 0.014063 0.530787 0.015365 0.530324 0.016016 0.527778 0.016276 0.524537 0.016797 0.522685 0.017969 0.521528 0.019271 0.522917 0.020052 0.524306 0.020833 0.524769 0.022656 0.527546 0.024479 0.528935 0.026302 0.528935 0.026562 0.528472 0.028385 0.528472 0.029427 0.528009 0.031250 0.526157 0.032161 0.524074 0.032422 0.522222 0.032422 0.519907 0.032682 0.518056 0.031510 0.517361 0.030469 0.517361 0.029167 0.516435 0.028385 0.516435 0.026823 0.515509 0.023438 0.512269 0.022656 0.510880 0.021094 0.509028 0.018229 0.506250 0.017188 0.504398 0.016406 0.503935 0.014583 0.503935 0.014323 0.503472 0.012760 0.503472 0.012500 0.503935 0.009635 0.504861 0.007943 0.507870 0.006380 0.512500 0.004427 0.515509 0.003385 0.515972 0.002604 0.516898 0.001563 0.517361 0.000000 0.517361
 8 0.000000 0.333102 0.001302 0.333102 0.002083 0.333565 0.003385 0.335880 0.004687 0.336806 0.005208 0.337731 0.007292 0.339583 0.010156 0.344676 0.011458 0.345602 0.012630 0.347685 0.012891 0.349074 0.013802 0.350694 0.015625 0.352083 0.016797 0.354167 0.017318 0.356481 0.019531 0.358565 0.020313 0.359028 0.022917 0.363657 0.023177 0.363657 0.024740 0.366435 0.025000 0.366435 0.026562 0.369213 0.026823 0.369213 0.028646 0.372454 0.030990 0.374306 0.031901 0.375926 0.032161 0.377315 0.033333 0.378935 0.035417 0.380324 0.038021 0.384954 0.039323 0.386343 0.041016 0.389815 0.041406 0.391435 0.042708 0.392361 0.044271 0.394213 0.046615 0.398380 0.046875 0.398380 0.048438 0.400694 0.050521 0.402083 0.052604 0.405787 0.054167 0.407176 0.055599 0.409259 0.057031 0.412731 0.057552 0.412731 0.058594 0.414120 0.059375 0.414583 0.060937 0.417361 0.061198 0.417361 0.062500 0.419676 0.062760 0.419676 0.064062 0.421991 0.065104 0.422917 0.067187 0.426620 0.068750 0.428009 0.070052 0.428472 0.071224 0.430093 0.072005 0.432870 0.073177 0.434491 0.074479 0.435417 0.075521 0.436806 0.076823 0.439583 0.077083 0.439583 0.078646 0.441898 0.080729 0.443750 0.082031 0.445602 0.083333 0.447917 0.086198 0.450231 0.090104 0.455787 0.091927 0.457639 0.092969 0.459028 0.094792 0.462269 0.096615 0.464120 0.097656 0.465509 0.099479 0.468750 0.099740 0.468750 0.102344 0.471065 0.103385 0.472454 0.109115 0.472454 0.109375 0.471991 0.111198 0.471991 0.112500 0.472917 0.113802 0.474306 0.116406 0.478009 0.118229 0.481250 0.119531 0.483102 0.120833 0.484491 0.122526 0.487500 0.123307 0.490278 0.123047 0.491204 0.123047 0.496296 0.122786 0.497685 0.120182 0.504167 0.118099 0.511574 0.116276 0.515741 0.116016 0.517130 0.114453 0.521759 0.113411 0.524074 0.113151 0.525463 0.111589 0.529167 0.111589 0.529630 0.110026 0.533333 0.108724 0.537963 0.107682 0.540741 0.106120 0.543981 0.105339 0.546759 0.104297 0.549074 0.103776 0.550926 0.101953 0.555093 0.100130 0.562037 0.098568 0.566667 0.095443 0.573148 0.094661 0.575000 0.093359 0.579167 0.092839 0.581481 0.091276 0.585185 0.089193 0.592593 0.087370 0.595833 0.086068 0.599074 0.085807 0.600463 0.084505 0.604630 0.084505 0.605556 0.083724 0.607407 0.082943 0.610185 0.082161 0.611574 0.081120 0.615278 0.079297 0.618981 0.079297 0.619444 0.076693 0.625926 0.075911 0.628241 0.075391 0.630556 0.073307 0.636111 0.072266 0.638426 0.071484 0.640741 0.071484 0.641667 0.070443 0.644907 0.069922 0.647222 0.068359 0.651852 0.067318 0.653704 0.065755 0.658333 0.064193 0.661574 0.063672 0.663426 0.061849 0.667593 0.061068 0.669907 0.059766 0.675000 0.058724 0.677778 0.057422 0.680093 0.056120 0.683333 0.055859 0.684722 0.053776 0.690741 0.053255 0.693056 0.052474 0.694444 0.051432 0.697222 0.050911 0.699537 0.050130 0.701852 0.049089 0.704167 0.048568 0.706019 0.047786 0.707407 0.047005 0.710185 0.046484 0.711111 0.044922 0.717130 0.043620 0.720370 0.042839 0.721759 0.042318 0.723611 0.041276 0.725926 0.041016 0.727315 0.039714 0.731019 0.039453 0.732870 0.038932 0.733796 0.037891 0.737500 0.036849 0.739815 0.036589 0.741204 0.035547 0.743519 0.034505 0.747222 0.032422 0.752315 0.030599 0.757407 0.030339 0.759259 0.029297 0.762500 0.027474 0.766667 0.026693 0.769907 0.025651 0.772222 0.023568 0.778704 0.022526 0.783796 0.021745 0.786574 0.021224 0.787500 0.020703 0.789815 0.019922 0.792130 0.018359 0.795833 0.018359 0.796296 0.017057 0.798611 0.016536 0.800000 0.015495 0.804167 0.014974 0.805093 0.013411 0.809722 0.011589 0.816204 0.010547 0.818519 0.008464 0.825463 0.007943 0.827778 0.006641 0.831019 0.004036 0.840278 0.002734 0.843981 0.002474 0.845370 0.001302 0.847454 0.000000 0.847454
 8 0.017057 0.504167 0.017057 0.504167
 8 0.000000 0.537731 0.002865 0.537731 0.003125 0.538194 0.005990 0.538194 0.007161 0.537037 0.007422 0.535648 0.008594 0.533565 0.008854 0.533565 0.010286 0.531019 0.011068 0.526389 0.011589 0.525000 0.011589 0.519907 0.011328 0.519444 0.011328 0.515278 0.011979 0.513657 0.013281 0.512731 0.014193 0.511574 0.014453 0.509722 0.013802 0.507639 0.012500 0.507639 0.011719 0.508565 0.010156 0.509491 0.007552 0.514120 0.006510 0.514583 0.006120 0.515741 0.004297 0.519444 0.003255 0.523148 0.002995 0.525000 0.002995 0.528241 0.002474 0.530556 0.001302 0.531713 0.000000 0.531713
 8 0.032943 0.521759 0.033203 0.520833 0.033203 0.518056 0.032552 0.517361 0.031901 0.518056 0.032422 0.521759 0.032943 0.521759
 8 0.025911 0.531481 0.026432 0.530556 0.026432 0.528241 0.025781 0.525694 0.024609 0.527315 0.024089 0.530093 0.025000 0.531713 0.025911 0.531481
 8 0.034245 0.563426 0.035417 0.562731 0.036458 0.562731 0.037240 0.561806 0.038411 0.559722 0.038151 0.557870 0.037500 0.557176 0.033073 0.557176 0.032161 0.558796 0.032161 0.560185 0.032682 0.562500 0.033333 0.563657 0.034245 0.563426
 8 0.024870 0.592130 0.024870 0.591204 0.025911 0.587037 0.025260 0.585880 0.024479 0.585880 0.023047 0.587500 0.023568 0.591204 0.024870 0.592130
 8 0.020964 0.621296 0.022005 0.619444 0.022526 0.617130 0.022786 0.614352 0.022526 0.613426 0.021615 0.612269 0.019792 0.610880 0.018359 0.608333 0.018359 0.606481 0.022005 0.600000 0.022005 0.595833 0.020833 0.596065 0.019792 0.596991 0.017448 0.596991 0.017188 0.597454 0.015885 0.597454 0.014844 0.598380 0.014193 0.600000 0.014714 0.604630 0.015234 0.605556 0.015755 0.608333 0.014714 0.612037 0.014714 0.614815 0.016016 0.618056 0.016016 0.618519 0.017708 0.621528 0.020833 0.621528 0.020964 0.621296
 8 0.022005 0.634722 0.022656 0.634491 0.021875 0.633102 0.020833 0.633102 0.020182 0.634259 0.020833 0.634954 0.022005 0.634722
 5 0.205469 0.473843 0.203906 0.473380 0.202344 0.471991 0.199609 0.467130 0.199609 0.466667 0.196875 0.461806 0.195833 0.460880 0.194141 0.457870 0.194141 0.457407 0.192318 0.453241 0.191276 0.450000 0.191276 0.446296 0.192318 0.442593 0.192318 0.441667 0.194010 0.438194 0.194271 0.438194 0.195573 0.435880 0.196615 0.434491 0.198177 0.433565 0.198958 0.432639 0.200000 0.432176 0.203646 0.432176 0.203906 0.432639 0.205208 0.432639 0.207292 0.434491 0.207813 0.434491 0.210286 0.438889 0.210286 0.439352 0.214583 0.446991 0.216667 0.449306 0.218099 0.451852 0.218620 0.453241 0.218880 0.456019 0.217839 0.461574 0.214844 0.466898 0.214583 0.466898 0.213021 0.469213 0.209375 0.472454 0.208594 0.472917 0.207292 0.472917 0.207031 0.473380 0.205729 0.473380 0.205469 0.473843
 5 0.187500 0.538194 0.185156 0.538194 0.183333 0.536343 0.179557 0.529630 0.179557 0.529167 0.177604 0.526157 0.176563 0.525231 0.174219 0.521065 0.172917 0.519676 0.172005 0.518056 0.171224 0.515741 0.170964 0.512500 0.170703 0.512037 0.170703 0.509259 0.171484 0.506944 0.176563 0.497917 0.180729 0.495139 0.182292 0.495139 0.182552 0.494676 0.185417 0.494676 0.186979 0.496991 0.187240 0.496991 0.190365 0.500694 0.191667 0.503009 0.194531 0.506250 0.197656 0.511806 0.197917 0.511806 0.200130 0.516667 0.200130 0.520833 0.199870 0.523148 0.198828 0.526389 0.196094 0.531250 0.194792 0.532639 0.193229 0.534954 0.191667 0.535880 0.190885 0.536806 0.189323 0.537731 0.187760 0.537731 0.187500 0.538194
 5 0.182292 0.478472 0.180729 0.478472 0.177604 0.475694 0.176823 0.475231 0.175781 0.473843 0.174219 0.471065 0.173958 0.471065 0.172656 0.468750 0.172396 0.468750 0.170313 0.465046 0.169141 0.463426 0.168099 0.460185 0.166927 0.458102 0.166667 0.458102 0.165234 0.454630 0.165755 0.450926 0.165755 0.449537 0.166276 0.447685 0.169531 0.441898 0.172135 0.439583 0.173698 0.438657 0.175000 0.438657 0.175260 0.438194 0.178906 0.438194 0.180469 0.439583 0.180990 0.439583 0.184635 0.446065 0.186719 0.448380 0.189844 0.453009 0.191146 0.453935 0.192578 0.456481 0.192839 0.458796 0.193359 0.460648 0.193099 0.462963 0.192057 0.468056 0.189583 0.472454 0.187500 0.474769 0.186979 0.474769 0.185677 0.476157 0.184375 0.476620 0.182292 0.478472
 5 0.161979 0.543750 0.158333 0.543750 0.157031 0.543287 0.155729 0.542361 0.153776 0.538889 0.153125 0.537269 0.152083 0.535880 0.148438 0.532639 0.147396 0.531250 0.143620 0.524537 0.142839 0.521759 0.142578 0.519444 0.142578 0.517130 0.142839 0.515741 0.143620 0.513889 0.145573 0.510417 0.145833 0.510417 0.147396 0.507639 0.148698 0.506250 0.150260 0.505324 0.151562 0.505324 0.151823 0.504861 0.155990 0.504861 0.158333 0.506250 0.159375 0.507639 0.160677 0.509954 0.161719 0.511343 0.163542 0.512731 0.164062 0.513657 0.166406 0.515972 0.168490 0.517361 0.169271 0.518750 0.170573 0.520139 0.171745 0.522222 0.172266 0.524074 0.172266 0.530556 0.171745 0.532407 0.168750 0.537731 0.167187 0.539120 0.164583 0.542361 0.162240 0.543287 0.161979 0.543750
 5 0.170313 0.508102 0.169271 0.508102 0.166536 0.503241 0.165755 0.500463 0.163281 0.496065 0.161719 0.494676 0.159245 0.490278 0.159245 0.489815 0.157422 0.486111 0.156641 0.483333 0.156641 0.481019 0.157682 0.477315 0.158984 0.475000 0.158984 0.474537 0.161719 0.469676 0.166146 0.465972 0.169531 0.465972 0.170573 0.466898 0.171354 0.468287 0.172135 0.468750 0.173698 0.470602 0.175521 0.473843 0.176563 0.475231 0.177865 0.476157 0.179688 0.478009 0.182422 0.482870 0.182422 0.483333 0.183984 0.486111 0.185026 0.488889 0.185026 0.491667 0.184505 0.493519 0.183073 0.494676 0.181250 0.494676 0.180990 0.495139 0.178125 0.496065 0.176042 0.498380 0.173828 0.502315 0.173828 0.502778 0.172135 0.505787 0.171875 0.505787 0.170313 0.508102
 2 0.209115 0.659954 0.207813 0.659491 0.205469 0.659491 0.202604 0.657176 0.201042 0.655324 0.199740 0.653009 0.198698 0.651620 0.197135 0.650231 0.195052 0.647454 0.192969 0.645139 0.190755 0.641204 0.191016 0.637500 0.192188 0.635880 0.197917 0.635880 0.198177 0.636343 0.201563 0.636343 0.201823 0.635880 0.203646 0.635880 0.203906 0.635417 0.205729 0.635417 0.205990 0.634954 0.207552 0.634954 0.207813 0.634491 0.209115 0.634491 0.209375 0.634028 0.211198 0.634028 0.211458 0.633565 0.213021 0.633565 0.213281 0.633102 0.214583 0.633102 0.214844 0.632639 0.216146 0.632639 0.216406 0.632176 0.218490 0.632176 0.218750 0.631713 0.221094 0.631713 0.221354 0.631250 0.223177 0.631250 0.223438 0.630787 0.225000 0.630787 0.225260 0.630324 0.226562 0.630324 0.228125 0.629398 0.230208 0.629398 0.230469 0.628935 0.232813 0.628935 0.233073 0.628472 0.234635 0.628472 0.234896 0.628009 0.236719 0.628009 0.236979 0.627546 0.238542 0.627546 0.238802 0.627083 0.240625 0.627083 0.240885 0.626620 0.242708 0.626620 0.242969 0.626157 0.244792 0.626157 0.245052 0.625694 0.247396 0.625694 0.247656 0.625231 0.248958 0.625231 0.249219 0.624769 0.250781 0.624769 0.251042 0.624306 0.252604 0.624306 0.252865 0.623843 0.254688 0.623843 0.254948 0.623380 0.257812 0.623380 0.258073 0.622917 0.260937 0.622917 0.261198 0.622454 0.263281 0.622454 0.263542 0.621991 0.264844 0.621991 0.265104 0.621528 0.266667 0.621528 0.266927 0.621065 0.268750 0.621065 0.269010 0.620602 0.270573 0.620602 0.270833 0.620139 0.272656 0.620139 0.272917 0.619676 0.274740 0.619676 0.275000 0.619213 0.277083 0.619213 0.277344 0.618750 0.279687 0.618750 0.279948 0.618287 0.281771 0.618287 0.282031 0.617824 0.283594 0.617824 0.283854 0.617361 0.285677 0.617361 0.285938 0.616898 0.287760 0.616898 0.288021 0.616435 0.289323 0.616435 0.289583 0.615972 0.291146 0.615972 0.291406 0.615509 0.293750 0.615509 0.294010 0.615046 0.296094 0.615046 0.296354 0.614583 0.297656 0.614583 0.299740 0.612731 0.301432 0.609722 0.302734 0.606019 0.303255 0.602315 0.303776 0.600000 0.304297 0.595833 0.304818 0.593981 0.305078 0.590741 0.305599 0.588889 0.305599 0.587500 0.306120 0.585648 0.306380 0.582407 0.306901 0.580556 0.306901 0.579167 0.307682 0.575000 0.307682 0.573611 0.308203 0.571759 0.308464 0.569444 0.308984 0.567593 0.309505 0.562500 0.310026 0.560185 0.310026 0.558796 0.310547 0.556944 0.310807 0.553704 0.311849 0.549074 0.311849 0.547685 0.312370 0.545833 0.312370 0.544444 0.312891 0.542130 0.312891 0.540741 0.314193 0.534259 0.314974 0.531481 0.314974 0.530093 0.316276 0.523611 0.316536 0.520370 0.317057 0.518519 0.317318 0.515741 0.318359 0.512037 0.318620 0.509722 0.318620 0.504167 0.319531 0.502083 0.321094 0.501157 0.321875 0.501157 0.322786 0.502778 0.323568 0.505556 0.326432 0.510648 0.327474 0.513889 0.328776 0.516204 0.329557 0.518519 0.329818 0.521296 0.330339 0.523148 0.330339 0.525000 0.329818 0.527315 0.329557 0.531481 0.328776 0.535648 0.328776 0.537500 0.328255 0.539352 0.328255 0.540741 0.327734 0.542593 0.327734 0.543981 0.326953 0.547222 0.326693 0.550463 0.326172 0.552315 0.326172 0.553704 0.325651 0.556019 0.325391 0.559722 0.324870 0.561574 0.324349 0.567130 0.323828 0.568981 0.323828 0.570370 0.323307 0.572685 0.323307 0.574537 0.322786 0.576852 0.322786 0.578704 0.322005 0.581944 0.321745 0.585185 0.321224 0.587037 0.321224 0.588426 0.320703 0.590278 0.320443 0.593519 0.319922 0.595833 0.319661 0.599074 0.319141 0.601389 0.318880 0.604630 0.318099 0.607870 0.317839 0.612037 0.317057 0.616204 0.317057 0.618056 0.316276 0.623148 0.315755 0.624537 0.314714 0.629167 0.313932 0.631019 0.312240 0.633565 0.309635 0.636343 0.307292 0.637269 0.305729 0.638194 0.304427 0.638194 0.304167 0.638657 0.302604 0.638657 0.302344 0.639120 0.300521 0.639120 0.300260 0.639583 0.298698 0.639583 0.298438 0.640046 0.296875 0.640046 0.296615 0.640509 0.295052 0.640509 0.294792 0.640972 0.293229 0.640972 0.292969 0.641435 0.291146 0.641435 0.290885 0.641898 0.289062 0.641898 0.288802 0.642361 0.287500 0.642361 0.287240 0.642824 0.285677 0.642824 0.285417 0.643287 0.283073 0.643287 0.282813 0.643750 0.280469 0.643750 0.280208 0.644213 0.278125 0.644213 0.277865 0.644676 0.275521 0.644676 0.275260 0.645139 0.273958 0.645139 0.273698 0.645602 0.272396 0.645602 0.272135 0.646065 0.270573 0.646065 0.270313 0.646528 0.268229 0.646528 0.267969 0.646991 0.266146 0.646991 0.265885 0.647454 0.263802 0.647454 0.263542 0.647917 0.261458 0.647917 0.261198 0.648380 0.258854 0.648380 0.258594 0.648843 0.256510 0.648843 0.256250 0.649306 0.254688 0.649306 0.253125 0.650231 0.250781 0.650231 0.250521 0.650694 0.247656 0.650694 0.247396 0.651157 0.245573 0.651157 0.245312 0.651620 0.243750 0.651620 0.243490 0.652083 0.241667 0.652083 0.241406 0.652546 0.239583 0.652546 0.239323 0.653009 0.237500 0.653009 0.237240 0.653472 0.235417 0.653472 0.235156 0.653935 0.233854 0.653935 0.233594 0.654398 0.232031 0.654398 0.231771 0.654861 0.228906 0.654861 0.228646 0.655324 0.226562 0.655324 0.226302 0.655787 0.224479 0.655787 0.224219 0.656250 0.222135 0.656250 0.221875 0.656713 0.220312 0.656713 0.220052 0.657176 0.218490 0.657176 0.218229 0.657639 0.216927 0.657639 0.216667 0.658102 0.214583 0.658102 0.214323 0.658565 0.212240 0.658565 0.210677 0.659491 0.209375 0.659491 0.209115 0.659954
 7 0.197917 0.637269 0.196354 0.637269 0.194010 0.635417 0.192839 0.633333 0.192318 0.631481 0.192057 0.629167 0.191536 0.627778 0.190365 0.626157 0.189583 0.625694 0.188151 0.623611 0.186849 0.619907 0.185807 0.617593 0.184635 0.615509 0.183854 0.615046 0.182812 0.613657 0.180208 0.611806 0.179167 0.610417 0.176302 0.605324 0.175260 0.603935 0.172656 0.601157 0.171094 0.598843 0.169531 0.597454 0.168229 0.595602 0.166927 0.593287 0.165365 0.591898 0.163802 0.590046 0.163021 0.588657 0.161979 0.587731 0.161198 0.586343 0.159896 0.584954 0.159115 0.583565 0.157031 0.581250 0.155990 0.579398 0.152865 0.575231 0.152604 0.575231 0.150781 0.572454 0.146615 0.567824 0.145573 0.566435 0.143750 0.563194 0.143490 0.563194 0.142318 0.561111 0.141797 0.559722 0.141797 0.556944 0.142318 0.555093 0.142318 0.553704 0.143099 0.550463 0.143620 0.549074 0.144401 0.545833 0.144922 0.544444 0.145703 0.541204 0.149740 0.534028 0.151042 0.534028 0.152083 0.535417 0.152865 0.535880 0.153646 0.537269 0.155469 0.538657 0.156771 0.538657 0.157031 0.539120 0.158333 0.539120 0.161198 0.540972 0.162240 0.540972 0.164844 0.539120 0.166406 0.538657 0.168750 0.536806 0.169792 0.535417 0.171354 0.532639 0.171615 0.532639 0.172786 0.530093 0.173047 0.528241 0.174219 0.526157 0.175521 0.526157 0.175781 0.526620 0.178385 0.526620 0.179167 0.527083 0.179818 0.528241 0.180078 0.530093 0.183073 0.535417 0.184635 0.537269 0.186198 0.537731 0.186458 0.537269 0.188021 0.537269 0.189844 0.535880 0.190625 0.534954 0.191927 0.534491 0.193750 0.533102 0.195833 0.530324 0.196354 0.530324 0.197786 0.527778 0.197786 0.527315 0.199349 0.524537 0.199870 0.523148 0.199870 0.519444 0.200130 0.517593 0.199609 0.515741 0.198307 0.513426 0.198307 0.512963 0.197135 0.511343 0.193490 0.504861 0.192188 0.503009 0.190885 0.501620 0.188802 0.498843 0.187500 0.498843 0.185938 0.497917 0.184635 0.497917 0.184375 0.498380 0.182812 0.498380 0.181510 0.498843 0.179818 0.497222 0.180469 0.495139 0.181771 0.494676 0.184896 0.494676 0.185807 0.493056 0.186068 0.491667 0.186068 0.488426 0.185286 0.486574 0.185026 0.485185 0.183333 0.483565 0.182943 0.481481 0.184635 0.479861 0.185547 0.478241 0.186328 0.475926 0.188021 0.472917 0.191406 0.469676 0.193750 0.465509 0.195833 0.464583 0.197396 0.465046 0.198698 0.467824 0.201042 0.469676 0.201823 0.470602 0.203125 0.471065 0.204427 0.471991 0.205990 0.471991 0.206250 0.471528 0.208073 0.471528 0.210156 0.470139 0.211458 0.469676 0.212240 0.468750 0.213802 0.467824 0.214583 0.466898 0.217057 0.462500 0.217318 0.461574 0.217318 0.452778 0.217057 0.452315 0.216276 0.448611 0.214844 0.447454 0.214193 0.446296 0.213932 0.444907 0.213932 0.441667 0.216927 0.439583 0.218229 0.439583 0.218490 0.439120 0.219792 0.439120 0.220052 0.438657 0.222396 0.438657 0.222656 0.438194 0.225521 0.438194 0.225781 0.437731 0.228125 0.437731 0.228385 0.437269 0.229948 0.437269 0.231510 0.436343 0.234375 0.436343 0.234635 0.436806 0.236719 0.436806 0.238802 0.434491 0.240365 0.433565 0.242708 0.433565 0.242969 0.433102 0.245833 0.433102 0.246094 0.432639 0.250260 0.432639 0.250521 0.432176 0.252865 0.432176 0.253125 0.431713 0.254427 0.431713 0.254688 0.431250 0.260156 0.431250 0.260417 0.430787 0.261979 0.430787 0.262240 0.430324 0.263802 0.430324 0.266667 0.428935 0.268229 0.427546 0.269010 0.427546 0.270313 0.426620 0.271615 0.426157 0.272917 0.426157 0.274479 0.425231 0.277344 0.425231 0.277604 0.425694 0.279687 0.425694 0.281250 0.427083 0.282682 0.429630 0.282943 0.431481 0.283984 0.434722 0.285807 0.438426 0.285807 0.438889 0.287630 0.442130 0.290234 0.448611 0.290234 0.449074 0.291667 0.451620 0.293490 0.453472 0.294531 0.454861 0.296224 0.457870 0.297005 0.459722 0.297266 0.461111 0.301172 0.468056 0.302214 0.470833 0.303255 0.472685 0.304036 0.475000 0.305078 0.477315 0.305859 0.480093 0.310026 0.487500 0.312630 0.493981 0.314063 0.496991 0.314844 0.497917 0.316667 0.497917 0.316927 0.498380 0.318490 0.498843 0.320443 0.502315 0.320703 0.503704 0.320182 0.507870 0.319010 0.509954 0.318359 0.511574 0.318359 0.513889 0.317839 0.516204 0.317839 0.519907 0.317578 0.520370 0.317578 0.524537 0.317057 0.526852 0.315234 0.531944 0.315234 0.537500 0.314453 0.540278 0.314453 0.541204 0.313672 0.543519 0.313411 0.545833 0.313411 0.548148 0.312630 0.553704 0.312109 0.556019 0.310807 0.559722 0.310807 0.562500 0.310547 0.562963 0.310547 0.565278 0.309766 0.569907 0.308984 0.573611 0.308984 0.576852 0.308724 0.579167 0.307943 0.581944 0.306901 0.583796 0.306120 0.587500 0.306120 0.593519 0.305859 0.595370 0.304297 0.600926 0.304297 0.602315 0.303776 0.605093 0.302995 0.606944 0.301693 0.609259 0.301693 0.609722 0.300521 0.611343 0.298438 0.613194 0.295312 0.615046 0.293229 0.615046 0.292969 0.615509 0.291146 0.615509 0.288802 0.616898 0.287500 0.616898 0.287240 0.617361 0.285677 0.617361 0.285417 0.617824 0.283594 0.617824 0.283333 0.618287 0.282031 0.618287 0.281771 0.618750 0.279948 0.618750 0.279687 0.619213 0.277865 0.619213 0.277604 0.619676 0.276302 0.619676 0.276042 0.620139 0.272917 0.620139 0.272656 0.620602 0.270833 0.620602 0.268750 0.621528 0.268490 0.621991 0.267188 0.621991 0.266927 0.622454 0.262500 0.622454 0.262240 0.622917 0.260937 0.622917 0.260677 0.623380 0.259115 0.623380 0.258854 0.623843 0.255990 0.623843 0.255729 0.624306 0.253385 0.624306 0.253125 0.624769 0.251302 0.624769 0.251042 0.625231 0.249740 0.625231 0.248177 0.626157 0.244531 0.626157 0.244271 0.626620 0.241667 0.626620 0.241406 0.627083 0.238802 0.627083 0.238542 0.627546 0.236198 0.627546 0.232031 0.629398 0.229687 0.629398 0.229427 0.629861 0.228125 0.629861 0.225000 0.631713 0.221354 0.631713 0.221094 0.632176 0.219271 0.632176 0.219010 0.632639 0.217708 0.632639 0.217448 0.633102 0.214062 0.633102 0.213802 0.633565 0.211719 0.633565 0.211458 0.634028 0.210156 0.634028 0.208594 0.634954 0.203125 0.634954 0.202865 0.635417 0.200781 0.635417 0.199740 0.635880 0.198958 0.636806 0.197917 0.637269
 7 0.166667 0.512731 0.165365 0.512731 0.164323 0.511806 0.163021 0.511343 0.161719 0.511343 0.161198 0.510880 0.160026 0.508796 0.159766 0.506481 0.159766 0.503704 0.160026 0.502778 0.161458 0.500231 0.163021 0.500231 0.164453 0.502315 0.165234 0.506481 0.166406 0.508565 0.167187 0.509028 0.168099 0.511111 0.166667 0.512731
 7 0.326302 0.528472 0.325781 0.528472 0.324870 0.526852 0.324089 0.523611 0.323828 0.520833 0.322917 0.518750 0.322135 0.518287 0.321224 0.516204 0.322396 0.515046 0.323958 0.515046 0.324219 0.514583 0.325521 0.514583 0.326693 0.516667 0.327214 0.518519 0.327214 0.519907 0.327995 0.523148 0.327995 0.524537 0.327474 0.526389 0.326302 0.528472
 2 0.151042 0.900231 0.145833 0.900231 0.145573 0.899769 0.143750 0.899306 0.142448 0.898380 0.141406 0.898380 0.140365 0.897454 0.139323 0.897454 0.136979 0.896065 0.134896 0.894213 0.132552 0.893287 0.129427 0.890972 0.126562 0.889120 0.124870 0.886111 0.124609 0.884722 0.124609 0.877315 0.124870 0.876852 0.125391 0.873611 0.125911 0.872685 0.126693 0.868981 0.128255 0.863889 0.128255 0.862963 0.129036 0.860185 0.130339 0.857870 0.130859 0.854630 0.131120 0.851389 0.132422 0.848148 0.132943 0.844907 0.133984 0.840741 0.135807 0.836574 0.136328 0.833796 0.137109 0.831481 0.137109 0.830556 0.138672 0.825463 0.139193 0.822222 0.140755 0.817130 0.142057 0.812037 0.142578 0.811111 0.143620 0.807407 0.143620 0.806481 0.145443 0.800463 0.146484 0.795370 0.148307 0.789815 0.149870 0.783796 0.150391 0.782870 0.151172 0.779630 0.151432 0.776852 0.152474 0.773611 0.152734 0.772222 0.154036 0.767593 0.154818 0.764352 0.155339 0.762963 0.155599 0.760648 0.156641 0.757870 0.157682 0.754167 0.158203 0.753241 0.158724 0.750463 0.161328 0.741204 0.161328 0.740278 0.162370 0.736574 0.162630 0.734259 0.163151 0.731944 0.163932 0.730093 0.164193 0.728704 0.165495 0.725926 0.166276 0.722685 0.168490 0.718750 0.170052 0.716898 0.171875 0.715509 0.172656 0.714583 0.177083 0.712731 0.181771 0.712731 0.182031 0.712269 0.183333 0.712269 0.183594 0.711806 0.185156 0.711806 0.185417 0.711343 0.188021 0.711343 0.188281 0.710880 0.190104 0.710880 0.190365 0.710417 0.191667 0.710417 0.191927 0.709954 0.194010 0.709954 0.194271 0.709491 0.197656 0.709491 0.197917 0.709028 0.200000 0.709028 0.200260 0.708565 0.204948 0.708565 0.205208 0.708102 0.206771 0.708102 0.207031 0.707639 0.208854 0.707639 0.209115 0.707176 0.213802 0.707176 0.214062 0.706713 0.215885 0.706713 0.216146 0.706250 0.217448 0.706250 0.218750 0.705324 0.220052 0.704861 0.221615 0.704861 0.221875 0.704398 0.224219 0.704398 0.224479 0.703935 0.226042 0.703935 0.226302 0.703472 0.228385 0.703472 0.228646 0.703009 0.230990 0.703009 0.231250 0.702546 0.234115 0.702546 0.234375 0.702083 0.236979 0.702083 0.237240 0.701620 0.238802 0.701620 0.239063 0.701157 0.241146 0.701157 0.241406 0.700694 0.243490 0.700694 0.243750 0.700231 0.246875 0.700231 0.247135 0.699769 0.249479 0.699769 0.249740 0.699306 0.251563 0.699306 0.251823 0.698843 0.254688 0.698843 0.254948 0.698380 0.256771 0.698380 0.257031 0.697917 0.258854 0.697917 0.259115 0.697454 0.261719 0.697454 0.261979 0.696991 0.264062 0.696991 0.264323 0.696528 0.266406 0.696528 0.266667 0.696065 0.268490 0.696065 0.268750 0.695602 0.270573 0.695602 0.270833 0.695139 0.272917 0.695139 0.273177 0.694676 0.275260 0.694676 0.275521 0.694213 0.277083 0.694213 0.277344 0.693750 0.278906 0.693750 0.279167 0.693287 0.281250 0.693287 0.281510 0.692824 0.284115 0.692824 0.284375 0.693287 0.285938 0.693750 0.287760 0.695602 0.289844 0.698843 0.291406 0.700231 0.292969 0.703009 0.295833 0.706713 0.298307 0.711111 0.299349 0.713889 0.300130 0.717130 0.300130 0.721759 0.299870 0.722222 0.299870 0.724537 0.299609 0.726852 0.299089 0.729167 0.299089 0.731019 0.297786 0.738426 0.295964 0.747685 0.294661 0.755093 0.293880 0.762963 0.293359 0.764815 0.293359 0.766204 0.292839 0.768056 0.292839 0.769444 0.292318 0.771296 0.292318 0.772685 0.291797 0.774537 0.291536 0.777315 0.291016 0.778704 0.290755 0.781481 0.290234 0.783796 0.290234 0.786111 0.289974 0.788426 0.288932 0.793056 0.288932 0.794444 0.287630 0.800463 0.287109 0.804630 0.286849 0.805093 0.286589 0.809259 0.286068 0.811111 0.285547 0.816204 0.285026 0.818981 0.284505 0.820370 0.283984 0.823148 0.283724 0.826389 0.283203 0.828241 0.283203 0.829630 0.282682 0.831944 0.282682 0.833333 0.282161 0.837037 0.281641 0.838889 0.281120 0.844444 0.280599 0.847222 0.279818 0.850000 0.279818 0.851389 0.278776 0.856019 0.278776 0.857407 0.278255 0.859259 0.278255 0.860648 0.276953 0.867130 0.275391 0.872222 0.272917 0.876620 0.271875 0.878009 0.269531 0.879398 0.267188 0.881250 0.263542 0.882639 0.262240 0.882639 0.261979 0.883102 0.259896 0.883102 0.259635 0.883565 0.257812 0.883565 0.257552 0.884028 0.255208 0.884028 0.254948 0.884491 0.250260 0.884491 0.250000 0.884954 0.247396 0.884954 0.247135 0.885417 0.244010 0.885417 0.243750 0.885880 0.241927 0.885880 0.241667 0.886343 0.238542 0.886343 0.238281 0.886806 0.235156 0.886806 0.234896 0.887269 0.232292 0.887269 0.232031 0.887731 0.228385 0.887731 0.228125 0.888194 0.225521 0.888194 0.225260 0.888657 0.222656 0.888657 0.222396 0.889120 0.220052 0.889120 0.219792 0.889583 0.216927 0.889583 0.216667 0.890046 0.213542 0.890046 0.213281 0.890509 0.210938 0.890509 0.210677 0.890972 0.209115 0.890972 0.208854 0.891435 0.206510 0.891435 0.206250 0.891898 0.203646 0.891898 0.203385 0.892361 0.201563 0.892361 0.201302 0.892824 0.198698 0.892824 0.198437 0.893287 0.195052 0.893287 0.194792 0.893750 0.192448 0.893750 0.192188 0.894213 0.188021 0.894213 0.187760 0.894676 0.183594 0.894676 0.183333 0.895139 0.180208 0.895139 0.179948 0.895602 0.178385 0.895602 0.178125 0.896065 0.174740 0.896065 0.174479 0.896528 0.171875 0.896528 0.171615 0.896991 0.168750 0.896991 0.168490 0.897454 0.165365 0.897454 0.165104 0.897917 0.163021 0.897917 0.162760 0.898380 0.159375 0.898380 0.159115 0.898843 0.155729 0.898843 0.155469 0.899306 0.153125 0.899306 0.152865 0.899769 0.151302 0.899769 0.151042 0.900231
 3 0.582292 0.496991 0.575781 0.496991 0.574219 0.496065 0.573177 0.496065 0.571615 0.495139 0.569792 0.492824 0.568750 0.491898 0.566276 0.487500 0.566276 0.487037 0.564974 0.483333 0.564714 0.480556 0.564453 0.480093 0.564453 0.477778 0.563932 0.475000 0.563932 0.470833 0.563672 0.470370 0.563672 0.458333 0.563932 0.457870 0.563932 0.455556 0.564714 0.452315 0.565755 0.449537 0.567708 0.446065 0.567969 0.446065 0.570052 0.442824 0.571875 0.440972 0.575260 0.439120 0.576562 0.439120 0.576823 0.438657 0.583073 0.438657 0.583333 0.439120 0.584896 0.439120 0.587500 0.440509 0.589063 0.441898 0.590365 0.443750 0.591406 0.444676 0.592839 0.447222 0.594141 0.451389 0.594922 0.454630 0.595443 0.459259 0.595443 0.462500 0.595703 0.462963 0.595703 0.474537 0.595443 0.475000 0.595443 0.478241 0.595182 0.478704 0.595182 0.481481 0.593880 0.485648 0.593099 0.487500 0.591406 0.490509 0.591146 0.490509 0.589063 0.493287 0.587500 0.494676 0.585938 0.495602 0.585156 0.495602 0.584115 0.496528 0.582552 0.496528 0.582292 0.496991
 3 0.551042 0.556713 0.547656 0.556713 0.547396 0.556250 0.546094 0.556250 0.542969 0.554861 0.542188 0.553935 0.540365 0.553009 0.537370 0.547685 0.536589 0.545833 0.535807 0.542593 0.535286 0.541204 0.534505 0.537963 0.534245 0.536111 0.534245 0.533796 0.533724 0.531481 0.533724 0.528241 0.533464 0.527778 0.533464 0.516204 0.534245 0.511574 0.535286 0.508333 0.536068 0.506481 0.537760 0.503472 0.539062 0.501620 0.541927 0.498843 0.543229 0.497917 0.545833 0.496528 0.547135 0.496065 0.548958 0.496065 0.549219 0.495602 0.553125 0.495602 0.556510 0.496991 0.558333 0.498380 0.559896 0.500231 0.560677 0.500694 0.561719 0.502083 0.563151 0.504630 0.564193 0.507407 0.564974 0.510185 0.565495 0.512963 0.565495 0.514352 0.566016 0.516667 0.566016 0.518981 0.566276 0.519444 0.566276 0.522222 0.566536 0.522685 0.566536 0.527315 0.566797 0.527778 0.566797 0.532870 0.566536 0.533333 0.566536 0.537500 0.566276 0.539352 0.564974 0.543981 0.564453 0.545370 0.561719 0.550231 0.559896 0.552083 0.559375 0.552083 0.556250 0.554398 0.552865 0.556250 0.551302 0.556250 0.551042 0.556713
 4 0.623958 0.396528 0.621875 0.396528 0.620833 0.395602 0.620182 0.393519 0.620182 0.380556 0.620443 0.380093 0.620443 0.377315 0.621484 0.373148 0.623437 0.369676 0.623698 0.369676 0.625260 0.367361 0.627344 0.365509 0.628385 0.365046 0.629687 0.365046 0.629948 0.364583 0.634896 0.364583 0.636198 0.365046 0.638542 0.366435 0.640625 0.369213 0.642057 0.371759 0.642578 0.375000 0.642578 0.376389 0.643099 0.378704 0.643099 0.386574 0.642318 0.390278 0.641667 0.391435 0.640885 0.391898 0.639583 0.391898 0.639323 0.392361 0.637760 0.392361 0.637500 0.392824 0.635938 0.392824 0.635677 0.393287 0.633594 0.393287 0.633333 0.393750 0.631250 0.393750 0.630990 0.394213 0.629427 0.394213 0.629167 0.394676 0.627865 0.394676 0.626563 0.395139 0.625260 0.396065 0.623958 0.396528
 4 0.810156 0.361806 0.807031 0.361806 0.806771 0.361343 0.805469 0.361343 0.804167 0.360417 0.802083 0.359954 0.800521 0.358565 0.800000 0.358565 0.796615 0.355324 0.795443 0.353241 0.794661 0.350926 0.794401 0.349074 0.794401 0.345833 0.794141 0.345370 0.794141 0.343056 0.794401 0.342593 0.794922 0.338889 0.795443 0.337500 0.795964 0.333796 0.796484 0.332407 0.796745 0.330093 0.797786 0.326389 0.798568 0.324537 0.800521 0.321528 0.802604 0.319676 0.805208 0.318750 0.805469 0.318287 0.806771 0.318287 0.807031 0.317824 0.809375 0.317824 0.809635 0.317361 0.811198 0.317361 0.811458 0.317824 0.813542 0.317824 0.814844 0.318287 0.815885 0.319213 0.817969 0.320139 0.819271 0.321065 0.820312 0.322454 0.821094 0.322917 0.822526 0.325463 0.823828 0.329167 0.823828 0.337500 0.822526 0.343519 0.822266 0.345833 0.821484 0.348148 0.820964 0.351389 0.819922 0.354630 0.818229 0.357639 0.814844 0.359954 0.813021 0.360417 0.811719 0.361343 0.810417 0.361343 0.810156 0.361806
 4 0.545052 0.415972 0.543750 0.415972 0.543490 0.415509 0.541667 0.415509 0.540495 0.413889 0.539974 0.411574 0.539714 0.409259 0.539714 0.403241 0.539974 0.402778 0.539974 0.399537 0.540234 0.397685 0.541276 0.393981 0.542969 0.390972 0.544271 0.389120 0.545573 0.387731 0.546875 0.387269 0.547917 0.386343 0.550000 0.386343 0.550260 0.385880 0.552604 0.385880 0.552865 0.386343 0.554167 0.386343 0.555208 0.386806 0.557031 0.388194 0.558073 0.389583 0.560026 0.393056 0.560547 0.395370 0.561589 0.398611 0.561589 0.408333 0.560677 0.411343 0.559375 0.412269 0.557552 0.412269 0.557292 0.412731 0.555729 0.412731 0.555469 0.413194 0.553906 0.413194 0.553646 0.413657 0.552344 0.413657 0.552083 0.414120 0.550521 0.414120 0.550260 0.414583 0.548438 0.414583 0.548177 0.415046 0.546875 0.415046 0.546615 0.415509 0.545312 0.415509 0.545052 0.415972
 4 0.549219 0.456713 0.546615 0.456713 0.544401 0.455556 0.544401 0.453704 0.545833 0.452546 0.548698 0.447454 0.550781 0.445602 0.552604 0.443287 0.553906 0.443287 0.554167 0.443750 0.555729 0.444213 0.556641 0.446759 0.556380 0.449074 0.555208 0.450694 0.553385 0.453935 0.551823 0.454861 0.551042 0.455787 0.549479 0.456250 0.549219 0.456713
 1 0.830078 0.000000 0.830078 0.002778 0.829557 0.005556 0.829557 0.007870 0.829297 0.010185 0.827995 0.015278 0.827474 0.018981 0.826953 0.020833 0.826953 0.022222 0.825911 0.026852 0.825911 0.028241 0.825391 0.030093 0.825130 0.032407 0.824609 0.034259 0.824089 0.038426 0.823047 0.042130 0.822786 0.044907 0.822266 0.046296 0.822005 0.049074 0.821484 0.050926 0.821484 0.052778 0.820703 0.058333 0.820182 0.060648 0.820182 0.062037 0.819401 0.064815 0.819401 0.065741 0.817839 0.070833 0.817839 0.071759 0.816797 0.075000 0.816276 0.077778 0.816276 0.079167 0.815234 0.086574 0.814974 0.087037 0.814193 0.091204 0.813932 0.094444 0.813151 0.097685 0.813151 0.099537 0.812370 0.102778 0.812370 0.103704 0.811589 0.108333 0.811068 0.110185 0.811068 0.111574 0.810286 0.114815 0.810026 0.118519 0.809505 0.120833 0.809505 0.122222 0.807682 0.130093 0.807161 0.134259 0.806641 0.136574 0.805859 0.138889 0.805599 0.141204 0.804557 0.144907 0.803776 0.146759 0.802214 0.149537 0.802214 0.150000 0.798958 0.155787 0.797656 0.157176 0.795833 0.159954 0.793229 0.162269 0.792969 0.162731 0.790365 0.165046 0.789844 0.165046 0.786979 0.167824 0.785677 0.168287 0.761979 0.168287 0.761719 0.167824 0.757292 0.167824 0.757031 0.168287 0.748958 0.168287 0.748698 0.167824 0.737760 0.167824 0.737500 0.167361 0.734896 0.167361 0.734635 0.167824 0.696354 0.167824 0.696094 0.168287 0.691406 0.168287 0.691146 0.167824 0.687240 0.167824 0.686979 0.168287 0.682813 0.168287 0.682552 0.167824 0.677083 0.167824 0.676823 0.168287 0.670833 0.168287 0.670573 0.168750 0.656510 0.168750 0.656250 0.169213 0.645573 0.169213 0.645312 0.168750 0.641927 0.168750 0.640365 0.167824 0.639062 0.167824 0.637500 0.166435 0.634115 0.164120 0.632682 0.162037 0.632682 0.161574 0.630078 0.156944 0.629036 0.154167 0.628516 0.151852 0.627734 0.149537 0.627474 0.147222 0.627474 0.143981 0.627214 0.143519 0.627214 0.122222 0.627474 0.121759 0.627474 0.114815 0.627734 0.114352 0.627734 0.097222 0.627995 0.096759 0.627995 0.087037 0.628255 0.086574 0.628255 0.068519 0.628516 0.068056 0.628516 0.049074 0.628776 0.048611 0.628776 0.034259 0.629036 0.033796 0.629036 0.019907 0.629297 0.019444 0.629297 0.008333 0.629557 0.006019 0.630078 0.003704 0.630078 0.000000
 0 0.248568 0.000000 0.248568 0.002315 0.250911 0.006481 0.250911 0.006944 0.252214 0.011574 0.253646 0.013194 0.255469 0.015972 0.257552 0.018287 0.258984 0.021759 0.258984 0.022685 0.260937 0.026157 0.261198 0.026157 0.262109 0.028241 0.262891 0.031481 0.263802 0.033102 0.264844 0.034028 0.266016 0.036574 0.266276 0.037963 0.267318 0.040278 0.267839 0.042130 0.269661 0.045370 0.270443 0.047222 0.271484 0.050463 0.272135 0.051620 0.273698 0.053009 0.275130 0.056019 0.275651 0.058333 0.277734 0.062037 0.278516 0.064815 0.279687 0.067361 0.279948 0.067361 0.281120 0.069444 0.282422 0.073611 0.282422 0.074537 0.283464 0.078241 0.285677 0.080787 0.287109 0.083333 0.287630 0.085648 0.289453 0.089352 0.291016 0.094444 0.291016 0.095833 0.291536 0.098148 0.292057 0.099074 0.292578 0.101389 0.292578 0.106481 0.292839 0.106944 0.292839 0.110648 0.293099 0.112963 0.294401 0.116667 0.294401 0.119444 0.294661 0.119907 0.294661 0.123148 0.294401 0.123611 0.294401 0.136111 0.293880 0.138426 0.293880 0.140278 0.293359 0.143056 0.293359 0.147685 0.293099 0.148148 0.293099 0.150463 0.292318 0.154630 0.292057 0.156944 0.292057 0.159259 0.291797 0.161574 0.291016 0.164815 0.290495 0.168519 0.290234 0.168981 0.289974 0.172685 0.289453 0.174537 0.289193 0.176852 0.287891 0.181019 0.287630 0.182407 0.286328 0.186574 0.285547 0.188426 0.284115 0.190972 0.281771 0.193750 0.276562 0.203009 0.275000 0.204398 0.272135 0.208102 0.269271 0.210417 0.267969 0.210880 0.266667 0.211806 0.265625 0.213194 0.264844 0.213657 0.263542 0.215509 0.261979 0.216898 0.260156 0.217824 0.257552 0.220139 0.255990 0.221065 0.254167 0.221528 0.253125 0.222454 0.252344 0.222454 0.251042 0.223380 0.246615 0.225231 0.243750 0.227546 0.240885 0.228472 0.238802 0.229398 0.237760 0.230324 0.236458 0.230787 0.235156 0.230787 0.233594 0.231713 0.232552 0.231713 0.230469 0.233102 0.228646 0.233565 0.227344 0.234491 0.226562 0.234491 0.225521 0.235417 0.223177 0.235880 0.222917 0.236343 0.221615 0.236343 0.220052 0.237269 0.217188 0.238194 0.216146 0.239120 0.214844 0.239583 0.213542 0.239583 0.212500 0.240046 0.210677 0.241435 0.206510 0.243287 0.204167 0.244676 0.203125 0.244676 0.201563 0.245602 0.200260 0.245602 0.200000 0.246065 0.198437 0.246065 0.197135 0.246528 0.195833 0.247454 0.193750 0.248380 0.192188 0.248380 0.191927 0.248843 0.190365 0.248843 0.190104 0.249306 0.188802 0.249306 0.188542 0.249769 0.186198 0.250694 0.185938 0.251157 0.180729 0.251157 0.179688 0.250694 0.177865 0.249306 0.175521 0.248380 0.174219 0.246991 0.173698 0.246991 0.170313 0.244676 0.168490 0.244213 0.167448 0.243287 0.165625 0.242361 0.163802 0.240509 0.161328 0.235185 0.161328 0.234722 0.159896 0.232176 0.157031 0.229861 0.155339 0.226852 0.154557 0.224537 0.152995 0.221296 0.152734 0.219444 0.151953 0.217130 0.150911 0.214815 0.150130 0.212037 0.149089 0.210185 0.147266 0.204167 0.147266 0.203241 0.146484 0.200000 0.146484 0.198611 0.145964 0.196759 0.144661 0.194444 0.143620 0.189815 0.142057 0.184722 0.140755 0.182407 0.139974 0.180556 0.138932 0.176389 0.138932 0.175000 0.138411 0.173148 0.138411 0.171759 0.137630 0.169444 0.136589 0.167593 0.135547 0.163889 0.135286 0.161574 0.134766 0.160185 0.133984 0.156944 0.132682 0.154630 0.131380 0.150463 0.130859 0.147685 0.130859 0.146296 0.130339 0.143519 0.128776 0.140278 0.127734 0.137037 0.126693 0.131944 0.126172 0.131019 0.125651 0.128704 0.124609 0.126389 0.123828 0.124074 0.122526 0.117593 0.122526 0.116204 0.121484 0.112500 0.121484 0.111574 0.120443 0.108333 0.119922 0.105093 0.119401 0.103704 0.119141 0.101852 0.117318 0.098148 0.116016 0.093981 0.115755 0.092593 0.115755 0.090278 0.115495 0.087963 0.113672 0.080556 0.113672 0.077315 0.113932 0.076852 0.113932 0.074537 0.114453 0.071759 0.115495 0.069444 0.117057 0.063889 0.117318 0.062500 0.118099 0.060648 0.124089 0.050000 0.124089 0.049537 0.128125 0.042361 0.128385 0.042361 0.130990 0.039120 0.131901 0.037037 0.133073 0.034954 0.138281 0.028472 0.139063 0.028009 0.141667 0.024306 0.141927 0.024306 0.143490 0.021528 0.144531 0.020602 0.145833 0.018750 0.147656 0.017361 0.148438 0.015972 0.149219 0.015509 0.150781 0.013657 0.151302 0.013657 0.152604 0.012269 0.153906 0.011343 0.155208 0.010880 0.156510 0.009491 0.157812 0.007176 0.159896 0.005324 0.161198 0.004861 0.162500 0.003935 0.163411 0.002315 0.163411 0.000000
 0 0.178125 0.366435 0.177344 0.366435 0.176693 0.365278 0.177083 0.363194 0.178125 0.363194 0.178516 0.365278 0.178125 0.366435
 0 0.178385 0.411806 0.177083 0.411343 0.175000 0.409028 0.173568 0.406481 0.173568 0.404167 0.174089 0.401389 0.175911 0.395833 0.176432 0.393519 0.177604 0.390972 0.178385 0.390046 0.179427 0.389583 0.180339 0.387500 0.180339 0.386111 0.180990 0.384491 0.182031 0.384028 0.182682 0.385648 0.182943 0.387500 0.183854 0.389120 0.185938 0.390046 0.187109 0.392130 0.187370 0.393056 0.187370 0.396759 0.187630 0.398611 0.188542 0.400231 0.189844 0.400231 0.190755 0.398148 0.191276 0.395833 0.192448 0.393750 0.193229 0.393287 0.195052 0.390509 0.196615 0.389120 0.197656 0.388657 0.198958 0.388657 0.200521 0.387731 0.201693 0.389815 0.201693 0.393056 0.200651 0.396296 0.200391 0.398148 0.198307 0.403241 0.196875 0.405787 0.195573 0.406250 0.194792 0.407176 0.193750 0.407639 0.190885 0.407639 0.190625 0.408102 0.188542 0.408102 0.185156 0.410417 0.180990 0.410417 0.179688 0.410880 0.178385 0.411806
