 0 0.264323 0.422917 0.262240 0.422917 0.261979 0.422454 0.258333 0.422454 0.258073 0.421991 0.256771 0.421991 0.256510 0.421528 0.254948 0.421065 0.253255 0.418056 0.252734 0.416667 0.250911 0.410185 0.250130 0.405556 0.250130 0.400463 0.249349 0.396759 0.248177 0.394676 0.246615 0.394213 0.246354 0.393750 0.244271 0.393750 0.244010 0.393287 0.241667 0.393287 0.241406 0.392824 0.239323 0.392824 0.239063 0.392361 0.236198 0.392361 0.234115 0.393750 0.232813 0.394213 0.227865 0.394213 0.226302 0.395602 0.225260 0.396991 0.223698 0.399769 0.221354 0.402083 0.220052 0.402083 0.217057 0.397685 0.216536 0.395370 0.216016 0.394444 0.215234 0.389815 0.214974 0.385648 0.214714 0.385185 0.214714 0.382407 0.214453 0.381944 0.214453 0.378704 0.214193 0.378241 0.214193 0.374537 0.213932 0.374074 0.213932 0.371296 0.213672 0.370833 0.213672 0.368056 0.213411 0.367593 0.213411 0.365278 0.213151 0.364815 0.213151 0.358796 0.212891 0.358333 0.212891 0.354630 0.212630 0.354167 0.212630 0.351852 0.212109 0.349537 0.212109 0.347685 0.211589 0.345370 0.211328 0.343056 0.211328 0.340741 0.211068 0.340278 0.211068 0.337037 0.210807 0.336574 0.210807 0.334259 0.210286 0.331481 0.210286 0.325926 0.210026 0.325463 0.210026 0.319444 0.209766 0.318981 0.209766 0.314352 0.209505 0.313889 0.209505 0.307407 0.209245 0.306944 0.209245 0.303241 0.208984 0.302778 0.208984 0.298611 0.208724 0.298148 0.208724 0.293981 0.208464 0.293519 0.208464 0.286111 0.208984 0.283796 0.208984 0.282407 0.209505 0.280093 0.210807 0.277315 0.211328 0.275463 0.213281 0.271991 0.215365 0.269676 0.216406 0.267824 0.220052 0.265046 0.222917 0.262269 0.223438 0.262269 0.227344 0.258565 0.230208 0.257176 0.232292 0.255324 0.233073 0.255324 0.234896 0.253935 0.236979 0.253009 0.237760 0.252083 0.239323 0.251157 0.244010 0.248843 0.245312 0.248380 0.246875 0.248380 0.247135 0.247917 0.248438 0.247917 0.249740 0.247454 0.253646 0.245139 0.255729 0.245139 0.255990 0.244676 0.259635 0.244676 0.259896 0.244213 0.263281 0.244213 0.263542 0.243750 0.265885 0.243750 0.266146 0.243287 0.268750 0.243287 0.269010 0.242824 0.282292 0.242824 0.282552 0.243287 0.288281 0.243287 0.288542 0.243750 0.292969 0.243750 0.293229 0.244213 0.295833 0.244213 0.296094 0.244676 0.297656 0.244676 0.298958 0.245139 0.301563 0.246991 0.303385 0.247454 0.304427 0.248380 0.307552 0.249306 0.308854 0.250231 0.309635 0.250231 0.311198 0.251620 0.311719 0.251620 0.312760 0.253009 0.314583 0.254398 0.317448 0.257639 0.318880 0.260648 0.319401 0.262500 0.320443 0.264815 0.321484 0.268056 0.321745 0.269444 0.323047 0.272685 0.323307 0.276389 0.323568 0.276852 0.323828 0.280556 0.324349 0.282870 0.325651 0.287037 0.325911 0.288426 0.327214 0.291204 0.327995 0.293519 0.328776 0.297222 0.329557 0.299074 0.330599 0.302315 0.330859 0.304167 0.330859 0.306944 0.331120 0.309259 0.331901 0.313426 0.332943 0.316204 0.333464 0.318519 0.335286 0.323611 0.335807 0.326389 0.335807 0.327778 0.336589 0.331019 0.336589 0.332407 0.337370 0.335185 0.337630 0.337037 0.337630 0.347222 0.337370 0.347685 0.337370 0.355556 0.337109 0.356019 0.337109 0.358796 0.336589 0.361574 0.336589 0.363889 0.336328 0.364352 0.336328 0.368056 0.336068 0.368519 0.336068 0.371296 0.335547 0.373611 0.335547 0.375000 0.335026 0.376852 0.335026 0.381944 0.335286 0.382407 0.335286 0.384722 0.335026 0.386111 0.333724 0.388889 0.332161 0.393981 0.328906 0.399769 0.328646 0.399769 0.326042 0.403472 0.324219 0.404861 0.322917 0.406713 0.321094 0.408565 0.320312 0.409028 0.317708 0.411806 0.315885 0.412731 0.314063 0.413194 0.312760 0.414120 0.311719 0.414120 0.310156 0.415046 0.307552 0.415046 0.307292 0.415509 0.304167 0.415509 0.303906 0.415972 0.301042 0.415972 0.300781 0.416435 0.298438 0.416435 0.298177 0.416898 0.296615 0.416898 0.296354 0.417361 0.294792 0.417361 0.294531 0.417824 0.291667 0.417824 0.291406 0.418287 0.290104 0.418287 0.289844 0.418750 0.287500 0.419213 0.287240 0.419676 0.285156 0.419676 0.284896 0.419213 0.282552 0.419213 0.282292 0.419676 0.280469 0.419676 0.280208 0.420139 0.277865 0.420139 0.277604 0.420602 0.275521 0.420602 0.275260 0.421065 0.273958 0.421065 0.273698 0.421528 0.272396 0.421528 0.272135 0.421991 0.269792 0.421991 0.269531 0.422454 0.264583 0.422454 0.264323 0.422917
 1 0.701562 0.486343 0.699740 0.486343 0.699479 0.485880 0.696875 0.485880 0.695312 0.484954 0.693750 0.484954 0.693490 0.484491 0.691667 0.484491 0.691406 0.484028 0.689844 0.484028 0.689583 0.483565 0.688281 0.483565 0.685417 0.482176 0.684115 0.482176 0.683854 0.481713 0.682292 0.481713 0.680729 0.480787 0.679427 0.480787 0.679167 0.480324 0.677604 0.480324 0.677344 0.479861 0.676042 0.479861 0.675781 0.479398 0.674219 0.479398 0.673958 0.478935 0.672656 0.478935 0.672396 0.478472 0.670833 0.478472 0.670573 0.478009 0.669271 0.478009 0.669010 0.477546 0.667708 0.477546 0.667448 0.477083 0.665885 0.477083 0.665625 0.476620 0.663802 0.476620 0.663542 0.476157 0.662240 0.476157 0.661979 0.475694 0.660417 0.475694 0.660156 0.475231 0.658594 0.475231 0.658333 0.474769 0.657031 0.474769 0.654167 0.473380 0.652344 0.473380 0.652083 0.472917 0.650521 0.472917 0.648958 0.471991 0.647656 0.471991 0.647396 0.471528 0.646094 0.471528 0.645833 0.471065 0.644531 0.471065 0.644271 0.470602 0.642969 0.470602 0.640104 0.469213 0.639062 0.469213 0.637500 0.468287 0.636458 0.468287 0.634896 0.467361 0.633594 0.467361 0.633333 0.466898 0.631510 0.466898 0.631250 0.466435 0.629948 0.466435 0.629687 0.465972 0.628385 0.465972 0.628125 0.465509 0.626823 0.465509 0.626563 0.465046 0.625260 0.465046 0.625000 0.464583 0.623698 0.464583 0.622135 0.463657 0.620833 0.463657 0.620573 0.463194 0.619010 0.463194 0.618750 0.462731 0.617188 0.462731 0.615625 0.461806 0.614062 0.461806 0.613802 0.461343 0.611719 0.461343 0.611458 0.460880 0.610156 0.460880 0.606510 0.459028 0.605469 0.459028 0.602604 0.457176 0.601302 0.455787 0.599609 0.453241 0.598047 0.447685 0.597266 0.444444 0.597005 0.442593 0.597005 0.436574 0.597266 0.436111 0.597266 0.432870 0.597786 0.430093 0.597786 0.427778 0.598047 0.427315 0.598047 0.424074 0.598307 0.423611 0.598307 0.421296 0.598568 0.420833 0.598568 0.418056 0.598828 0.417593 0.598828 0.414815 0.599089 0.414352 0.599089 0.411111 0.599349 0.410648 0.599349 0.406944 0.599609 0.406481 0.599609 0.404167 0.599870 0.403704 0.599870 0.400926 0.600130 0.400463 0.600130 0.397685 0.600391 0.397222 0.600391 0.394444 0.600651 0.393981 0.600651 0.390741 0.600911 0.390278 0.600911 0.387500 0.601172 0.387037 0.601172 0.384722 0.601693 0.381944 0.601693 0.379630 0.601953 0.379167 0.601953 0.376389 0.602214 0.375926 0.602214 0.373148 0.602474 0.372685 0.602474 0.370370 0.602734 0.369907 0.602734 0.367593 0.603255 0.365278 0.603516 0.362963 0.603516 0.359722 0.603776 0.359259 0.603776 0.356944 0.604036 0.356481 0.604297 0.352315 0.604557 0.351852 0.604818 0.347685 0.605078 0.347222 0.605078 0.344907 0.605339 0.344444 0.605339 0.341667 0.605599 0.341204 0.605599 0.338889 0.605859 0.338426 0.605859 0.333796 0.606120 0.333333 0.606120 0.329167 0.606380 0.328704 0.606380 0.326389 0.606641 0.325926 0.606641 0.322222 0.606901 0.321759 0.606901 0.318981 0.607422 0.316204 0.607422 0.310648 0.607682 0.310185 0.607682 0.307407 0.608203 0.304630 0.608203 0.301852 0.608464 0.301389 0.608464 0.298148 0.608724 0.297685 0.608724 0.294907 0.608984 0.294444 0.608984 0.291204 0.609245 0.290741 0.609245 0.287037 0.610026 0.281944 0.610026 0.279167 0.610286 0.278704 0.610286 0.275000 0.610547 0.274537 0.610547 0.271759 0.610807 0.271296 0.611068 0.267130 0.611589 0.264815 0.611589 0.262500 0.611849 0.262037 0.611849 0.259722 0.612109 0.259259 0.612109 0.256019 0.612370 0.255556 0.612370 0.252315 0.612630 0.251852 0.612630 0.248148 0.612891 0.247685 0.612891 0.245370 0.613151 0.244907 0.613151 0.242130 0.613411 0.241667 0.613411 0.239352 0.613672 0.238889 0.613672 0.236574 0.613932 0.236111 0.613932 0.233796 0.614193 0.233333 0.614193 0.230556 0.614714 0.227778 0.614714 0.225926 0.615234 0.223148 0.615234 0.220833 0.615495 0.220370 0.615495 0.218056 0.616016 0.215278 0.616016 0.212963 0.616276 0.212500 0.616276 0.210185 0.616536 0.209722 0.616536 0.206481 0.616797 0.206019 0.616797 0.203241 0.617057 0.202778 0.617057 0.200463 0.617318 0.198148 0.619401 0.190741 0.621745 0.185648 0.622786 0.181944 0.623568 0.177315 0.625651 0.172222 0.626172 0.169444 0.627344 0.167361 0.627604 0.167361 0.628776 0.164815 0.629557 0.162037 0.631380 0.158796 0.632422 0.155556 0.635547 0.150000 0.636589 0.146759 0.638411 0.143056 0.640495 0.137500 0.642448 0.134028 0.644271 0.131250 0.646094 0.128935 0.647135 0.128472 0.649219 0.126620 0.650521 0.126157 0.656771 0.126157 0.657031 0.126620 0.659896 0.126620 0.660156 0.127083 0.663542 0.127083 0.663802 0.127546 0.666146 0.127546 0.666406 0.128009 0.667969 0.128009 0.668229 0.128472 0.670312 0.128472 0.670573 0.128935 0.673698 0.128935 0.673958 0.129398 0.675260 0.129398 0.675521 0.129861 0.676823 0.129861 0.677083 0.130324 0.678906 0.130324 0.679167 0.130787 0.686198 0.130787 0.686458 0.131250 0.691146 0.131250 0.691406 0.131713 0.694010 0.131713 0.694271 0.132176 0.698177 0.132176 0.698438 0.132639 0.702344 0.132639 0.702604 0.133102 0.703906 0.133102 0.704167 0.133565 0.712500 0.133565 0.714063 0.134491 0.715365 0.134491 0.715625 0.134954 0.717708 0.134954 0.717969 0.135417 0.720052 0.135417 0.720313 0.135880 0.722656 0.135880 0.722917 0.136343 0.725260 0.136343 0.725521 0.136806 0.728385 0.136806 0.728646 0.137269 0.731250 0.137269 0.731510 0.137731 0.733594 0.137731 0.733854 0.138194 0.735677 0.138194 0.735938 0.138657 0.738281 0.139120 0.739323 0.139583 0.741927 0.141435 0.742448 0.142361 0.744531 0.144213 0.745964 0.146759 0.748047 0.152315 0.749349 0.158333 0.750130 0.162500 0.750391 0.164815 0.750391 0.168056 0.750651 0.168519 0.750651 0.171296 0.751693 0.176852 0.751953 0.181019 0.752734 0.187037 0.753516 0.190741 0.753776 0.193056 0.753776 0.195370 0.755339 0.202778 0.755339 0.205556 0.755599 0.206019 0.755599 0.209722 0.755859 0.210185 0.755859 0.212963 0.755599 0.213426 0.755599 0.217130 0.755339 0.217593 0.755339 0.219907 0.755078 0.220370 0.754297 0.225000 0.754297 0.226389 0.752995 0.234722 0.751953 0.238426 0.751693 0.240741 0.751172 0.243056 0.751172 0.244444 0.750651 0.246296 0.750651 0.247685 0.750130 0.249537 0.749609 0.255093 0.748828 0.258333 0.748828 0.259259 0.747786 0.264815 0.746745 0.268981 0.746745 0.270370 0.746224 0.272222 0.746224 0.273611 0.745703 0.275463 0.745182 0.279167 0.744661 0.280556 0.744401 0.282870 0.743880 0.284722 0.743620 0.287963 0.743099 0.289815 0.743099 0.291204 0.742318 0.296759 0.741536 0.300000 0.741276 0.303241 0.741016 0.303704 0.740755 0.306481 0.740234 0.307870 0.739714 0.311111 0.739193 0.312500 0.739193 0.313889 0.738672 0.315741 0.738411 0.318981 0.737891 0.320833 0.737370 0.325926 0.737109 0.326389 0.736849 0.329630 0.736068 0.332870 0.735286 0.338889 0.734766 0.340741 0.734766 0.342130 0.734245 0.344444 0.733724 0.349074 0.732943 0.351389 0.731641 0.356481 0.731120 0.362037 0.730599 0.364352 0.730599 0.365741 0.729557 0.369444 0.729557 0.370370 0.728776 0.372685 0.728776 0.373611 0.727474 0.378704 0.727474 0.380556 0.726693 0.384722 0.726693 0.386111 0.725911 0.389352 0.725911 0.390278 0.725130 0.393519 0.724870 0.395833 0.724349 0.397222 0.724089 0.400000 0.723568 0.401389 0.723047 0.404167 0.723047 0.405556 0.722526 0.407407 0.722005 0.411111 0.721745 0.415278 0.721224 0.417130 0.721224 0.418519 0.720703 0.420370 0.720443 0.422685 0.719922 0.424537 0.719401 0.429630 0.718620 0.432870 0.718620 0.434259 0.718099 0.436111 0.717578 0.440278 0.717057 0.442130 0.716797 0.444444 0.715755 0.448148 0.715495 0.451389 0.714714 0.456481 0.714193 0.457870 0.713411 0.462963 0.712370 0.466667 0.712109 0.468519 0.712109 0.470833 0.711849 0.471296 0.711849 0.473611 0.711068 0.476389 0.710156 0.478009 0.708594 0.479861 0.707812 0.480324 0.705208 0.484028 0.703385 0.485417 0.702604 0.485417 0.701562 0.486343
 2 0.229167 0.920139 0.228385 0.919676 0.227083 0.919676 0.225781 0.918750 0.224349 0.916204 0.223307 0.912963 0.221745 0.908796 0.220443 0.903704 0.219141 0.900926 0.218359 0.898611 0.218099 0.895833 0.217578 0.893056 0.218099 0.887963 0.219141 0.883796 0.220182 0.881481 0.222266 0.873611 0.222786 0.872685 0.223568 0.869444 0.224609 0.866204 0.225130 0.862963 0.225911 0.860648 0.226432 0.856944 0.226953 0.855556 0.227734 0.852315 0.228255 0.851389 0.229036 0.848611 0.229818 0.844907 0.231380 0.839815 0.231380 0.838889 0.233724 0.831944 0.234245 0.829630 0.235026 0.827315 0.235026 0.826389 0.235807 0.824074 0.236328 0.821759 0.237109 0.819444 0.237109 0.818519 0.239193 0.811574 0.241016 0.804167 0.241276 0.801852 0.242318 0.798611 0.242578 0.797222 0.244141 0.791667 0.244661 0.789352 0.245964 0.785185 0.246484 0.782870 0.247266 0.780556 0.248958 0.777546 0.250781 0.775694 0.251302 0.774769 0.255469 0.772917 0.261719 0.772917 0.261979 0.772454 0.273698 0.772454 0.273958 0.771991 0.279687 0.771991 0.279948 0.771528 0.285938 0.771528 0.286198 0.771065 0.291406 0.771065 0.291667 0.770602 0.300260 0.770602 0.300521 0.770139 0.307812 0.770139 0.308073 0.769676 0.309375 0.769676 0.309635 0.769213 0.316406 0.769213 0.316667 0.769676 0.318490 0.769676 0.318750 0.769213 0.320833 0.769213 0.321094 0.768750 0.330469 0.768750 0.330729 0.768287 0.337760 0.768287 0.338021 0.767824 0.342448 0.767824 0.342708 0.767361 0.345573 0.767361 0.345833 0.766898 0.350260 0.766898 0.352865 0.768287 0.353776 0.769907 0.355339 0.775926 0.355339 0.776852 0.356120 0.780093 0.356120 0.781481 0.356901 0.784722 0.357161 0.786574 0.357161 0.795833 0.356901 0.796296 0.356901 0.798611 0.356641 0.799074 0.356641 0.801389 0.356380 0.801852 0.356120 0.805556 0.355599 0.807407 0.355339 0.810648 0.355078 0.811111 0.354818 0.814352 0.354297 0.816204 0.354297 0.817593 0.353776 0.819444 0.353255 0.824537 0.352734 0.827315 0.352734 0.829630 0.351953 0.833796 0.351432 0.838889 0.350911 0.840741 0.350651 0.843981 0.350391 0.844444 0.350130 0.848148 0.349609 0.849537 0.349089 0.855556 0.348568 0.858333 0.348568 0.860648 0.348307 0.861111 0.348307 0.863426 0.348047 0.863889 0.347526 0.870370 0.347005 0.872685 0.346224 0.877778 0.345703 0.879167 0.345443 0.881019 0.345443 0.883333 0.345182 0.885648 0.344401 0.889352 0.344401 0.891667 0.343359 0.896296 0.343099 0.898611 0.342578 0.900000 0.342318 0.901852 0.341536 0.903704 0.339844 0.906713 0.338802 0.908102 0.336979 0.909954 0.335677 0.910417 0.334375 0.911343 0.329427 0.911343 0.329167 0.911806 0.324219 0.911806 0.323958 0.912269 0.319792 0.912269 0.319531 0.912731 0.309635 0.912731 0.309375 0.913194 0.304167 0.913194 0.303906 0.913657 0.299740 0.913657 0.299479 0.914120 0.291406 0.914120 0.291146 0.914583 0.287240 0.914583 0.286979 0.915046 0.283594 0.915046 0.283333 0.915509 0.276562 0.915509 0.276302 0.915972 0.271875 0.915972 0.271615 0.916435 0.267448 0.916435 0.267188 0.916898 0.262760 0.916898 0.262500 0.917361 0.256771 0.917361 0.256510 0.917824 0.251823 0.917824 0.251563 0.918287 0.243229 0.918287 0.242969 0.918750 0.240104 0.918750 0.239844 0.919213 0.233854 0.919213 0.233594 0.919676 0.229427 0.919676 0.229167 0.920139
 3 0.595313 0.653935 0.592187 0.653935 0.591927 0.653472 0.590625 0.653472 0.588021 0.652083 0.586198 0.650231 0.584245 0.646759 0.583203 0.643519 0.583203 0.634259 0.583984 0.631019 0.583984 0.629630 0.584505 0.627315 0.585807 0.624074 0.586719 0.622454 0.588021 0.621065 0.590365 0.620139 0.592708 0.620139 0.595052 0.621991 0.596875 0.621991 0.597786 0.620833 0.597526 0.618981 0.597526 0.610648 0.597266 0.610185 0.597266 0.607407 0.597786 0.604167 0.598307 0.602778 0.598568 0.600926 0.600000 0.597917 0.602344 0.595602 0.603125 0.595139 0.604948 0.595139 0.605208 0.594676 0.609375 0.594676 0.609635 0.595139 0.610938 0.595139 0.611719 0.595602 0.613542 0.597454 0.616016 0.601852 0.616536 0.604630 0.616536 0.612037 0.616276 0.612500 0.616276 0.615278 0.616016 0.617130 0.614974 0.621759 0.613281 0.624769 0.611198 0.626620 0.608854 0.626620 0.608594 0.627083 0.606771 0.627083 0.606510 0.626620 0.605208 0.626620 0.604948 0.626157 0.602344 0.626157 0.601693 0.627315 0.601432 0.628704 0.602214 0.631944 0.602474 0.633796 0.602474 0.637963 0.602214 0.638426 0.602214 0.641667 0.601953 0.643519 0.600911 0.646759 0.600651 0.648148 0.599479 0.650694 0.597135 0.653009 0.595573 0.653472 0.595313 0.653935
 4 0.721875 0.603009 0.719792 0.603009 0.719531 0.602546 0.716927 0.601620 0.713542 0.598843 0.712109 0.596759 0.711328 0.593981 0.711328 0.586574 0.712370 0.582870 0.712630 0.580556 0.713151 0.578704 0.714323 0.576620 0.715885 0.575694 0.721094 0.575694 0.722917 0.576620 0.725000 0.578472 0.725521 0.579398 0.726823 0.580324 0.727474 0.581944 0.728516 0.586111 0.727734 0.594444 0.726693 0.598148 0.725911 0.600000 0.724219 0.602083 0.723437 0.602546 0.722135 0.602546 0.721875 0.603009
 4 0.557031 0.605324 0.555990 0.604861 0.554036 0.601389 0.553516 0.599537 0.553516 0.595833 0.553255 0.595370 0.553255 0.592593 0.553516 0.592130 0.553516 0.587963 0.553776 0.586111 0.554818 0.582870 0.556250 0.580324 0.558594 0.578935 0.559375 0.578935 0.560417 0.578009 0.563542 0.578009 0.563802 0.578472 0.565365 0.578472 0.566146 0.578935 0.566797 0.580556 0.566536 0.581019 0.566536 0.586574 0.566276 0.588889 0.565365 0.590972 0.564323 0.591898 0.563542 0.591898 0.560937 0.593750 0.559766 0.596296 0.558984 0.599074 0.558464 0.602778 0.557031 0.605324
 4 0.560937 0.643750 0.559896 0.643750 0.558854 0.642824 0.557943 0.640278 0.557422 0.637037 0.557422 0.632870 0.557161 0.632407 0.557161 0.626852 0.557682 0.625000 0.558854 0.622917 0.559896 0.622454 0.560807 0.624074 0.561328 0.626389 0.561589 0.628704 0.561589 0.631019 0.562109 0.633796 0.562109 0.636574 0.562370 0.637037 0.562370 0.640741 0.562630 0.641204 0.561719 0.643287 0.560937 0.643750
 5 0.287500 0.588194 0.286198 0.588194 0.285156 0.587269 0.283984 0.585648 0.282943 0.581944 0.282943 0.580556 0.281771 0.578935 0.279427 0.577546 0.277344 0.576620 0.276172 0.574537 0.275911 0.573611 0.275911 0.569907 0.276172 0.569444 0.276172 0.566667 0.276953 0.563426 0.278646 0.560417 0.281771 0.558565 0.282031 0.558102 0.284375 0.558102 0.284635 0.558565 0.286979 0.559491 0.287891 0.561111 0.289453 0.566204 0.289453 0.567130 0.290495 0.570370 0.290495 0.571296 0.291276 0.573611 0.291536 0.576389 0.291797 0.576852 0.291797 0.581481 0.290755 0.584722 0.288021 0.587269 0.287500 0.588194
 5 0.271875 0.632176 0.267188 0.632176 0.265365 0.630324 0.264714 0.629167 0.263932 0.626389 0.263932 0.625463 0.263151 0.623148 0.262630 0.620833 0.261849 0.616204 0.261849 0.612963 0.262630 0.609722 0.262630 0.608333 0.263151 0.606481 0.264323 0.604398 0.264844 0.604398 0.266667 0.602546 0.268229 0.602083 0.268490 0.602546 0.270833 0.603009 0.273177 0.606250 0.275000 0.608102 0.275651 0.609259 0.276432 0.612500 0.276953 0.616667 0.278255 0.620370 0.278255 0.623611 0.277474 0.626852 0.276042 0.628935 0.275260 0.629398 0.273438 0.631250 0.271875 0.632176
 5 0.279948 0.609028 0.275781 0.609028 0.274479 0.608102 0.272786 0.605556 0.272005 0.601852 0.271745 0.597685 0.271224 0.595833 0.270964 0.591667 0.270703 0.591204 0.270703 0.585648 0.271484 0.582870 0.271745 0.580556 0.272266 0.579167 0.274740 0.574769 0.275521 0.574306 0.277865 0.575694 0.278646 0.576620 0.279948 0.577083 0.282292 0.578935 0.282943 0.580556 0.284245 0.585185 0.285547 0.587500 0.286328 0.593519 0.286328 0.596296 0.286589 0.596759 0.286589 0.601389 0.285807 0.603704 0.284115 0.606713 0.282813 0.608102 0.281771 0.608565 0.280208 0.608565 0.279948 0.609028
 6 0.000000 0.338194 0.010156 0.338194 0.010417 0.338657 0.023438 0.338657 0.023698 0.339120 0.042448 0.339120 0.042708 0.339583 0.048438 0.339583 0.050521 0.340972 0.051693 0.343056 0.051953 0.345370 0.052474 0.347222 0.052995 0.350926 0.054036 0.354630 0.055599 0.358796 0.056120 0.361111 0.056641 0.362037 0.057161 0.364352 0.058724 0.368056 0.059505 0.371296 0.063151 0.377778 0.064714 0.383333 0.066536 0.389352 0.069141 0.395370 0.069661 0.397685 0.071224 0.402778 0.073047 0.406944 0.073307 0.408333 0.074870 0.412037 0.075651 0.415278 0.076953 0.418519 0.078516 0.424074 0.080078 0.429167 0.082422 0.434722 0.083203 0.437963 0.084245 0.440278 0.086589 0.448611 0.086849 0.450926 0.087370 0.452315 0.087630 0.454167 0.087109 0.456481 0.084896 0.460417 0.083854 0.461343 0.082552 0.463194 0.081250 0.465509 0.078646 0.468287 0.077865 0.469676 0.076302 0.471528 0.074740 0.472917 0.072396 0.477083 0.069010 0.480787 0.068229 0.482176 0.066927 0.483565 0.065104 0.486343 0.064062 0.487269 0.061198 0.492361 0.060156 0.493750 0.059375 0.494213 0.057552 0.496528 0.054427 0.499769 0.053646 0.501157 0.050260 0.505787 0.050000 0.505787 0.048438 0.508102 0.047656 0.508565 0.045573 0.511806 0.043490 0.514120 0.041406 0.517824 0.040625 0.518750 0.036979 0.521991 0.035677 0.522454 0.033073 0.522454 0.032813 0.522917 0.026823 0.522917 0.026562 0.522454 0.011719 0.522454 0.011458 0.521991 0.002865 0.521991 0.002604 0.521528 0.000000 0.521528
 6 0.064974 0.436574 0.066667 0.436343 0.066927 0.435880 0.068490 0.435417 0.069141 0.433333 0.068880 0.431019 0.068359 0.429167 0.068359 0.427778 0.067839 0.425926 0.066797 0.424074 0.064453 0.416667 0.063932 0.415741 0.062891 0.411574 0.062370 0.410648 0.061068 0.405093 0.059245 0.400926 0.057682 0.395833 0.056771 0.394213 0.055469 0.394213 0.054167 0.395139 0.053125 0.395139 0.049219 0.398843 0.048438 0.399306 0.047135 0.401620 0.044271 0.403935 0.041667 0.406713 0.039844 0.409954 0.038281 0.411806 0.037760 0.411806 0.036458 0.413194 0.034896 0.415972 0.034635 0.415972 0.033333 0.418287 0.032422 0.419444 0.032422 0.422222 0.032682 0.422685 0.033203 0.425926 0.033724 0.427315 0.035286 0.430093 0.036328 0.432870 0.037500 0.434491 0.039323 0.435417 0.040885 0.435417 0.041146 0.435880 0.045312 0.435880 0.045573 0.436343 0.048177 0.436343 0.048438 0.436806 0.050000 0.436806 0.050260 0.436343 0.054948 0.436343 0.055208 0.436806 0.064844 0.436806 0.064974 0.436574
 4 0.064844 0.555787 0.064323 0.555324 0.063021 0.555324 0.061458 0.554398 0.060677 0.553472 0.059375 0.553009 0.058203 0.550926 0.059245 0.547685 0.059505 0.545833 0.061719 0.541898 0.061979 0.541898 0.064844 0.536806 0.066406 0.534954 0.068490 0.531250 0.069531 0.529861 0.070312 0.529398 0.071354 0.528009 0.072917 0.528009 0.075000 0.529861 0.076172 0.531944 0.076953 0.534259 0.079036 0.538889 0.079036 0.544444 0.078776 0.545833 0.077604 0.547917 0.076302 0.549769 0.073177 0.552083 0.072396 0.553009 0.070833 0.553935 0.068490 0.554861 0.067187 0.554861 0.066927 0.555324 0.065104 0.555324 0.064844 0.555787
 6 0.072656 0.538657 0.071354 0.538657 0.070312 0.538194 0.069661 0.537037 0.070964 0.534722 0.071224 0.532407 0.071615 0.531713 0.072656 0.531250 0.073568 0.532870 0.073828 0.536111 0.074089 0.537037 0.072656 0.538657
 6 0.000000 0.642824 0.001302 0.642824 0.003776 0.638426 0.004557 0.636111 0.008073 0.629861 0.008333 0.629861 0.013281 0.621065 0.013542 0.621065 0.016406 0.615972 0.016667 0.615972 0.023698 0.603472 0.023958 0.603472 0.028385 0.595602 0.028646 0.595602 0.031250 0.590972 0.032813 0.589120 0.035937 0.583565 0.036198 0.583565 0.040104 0.576620 0.041667 0.574769 0.045573 0.567824 0.045833 0.567824 0.048177 0.563657 0.049479 0.561806 0.050781 0.560417 0.054688 0.553472 0.056250 0.551620 0.057031 0.551157 0.060156 0.551157 0.060937 0.551620 0.061979 0.553009 0.064323 0.553935 0.065365 0.553472 0.068229 0.553472 0.068490 0.553009 0.071615 0.552083 0.073177 0.551157 0.076563 0.546991 0.079948 0.540972 0.081250 0.539583 0.082292 0.539120 0.084375 0.539120 0.084635 0.538657 0.090104 0.538657 0.090365 0.538194 0.097135 0.538194 0.097396 0.537731 0.105729 0.537731 0.105990 0.537269 0.114583 0.537269 0.115885 0.538194 0.116536 0.539352 0.117578 0.542130 0.118099 0.544444 0.118359 0.546759 0.121224 0.556944 0.122005 0.559259 0.123307 0.561574 0.123307 0.562037 0.125391 0.565741 0.127734 0.571296 0.129818 0.578241 0.130599 0.580556 0.131641 0.582870 0.132422 0.585185 0.134505 0.593056 0.134766 0.594444 0.135807 0.597222 0.137109 0.600000 0.137370 0.601389 0.139193 0.607407 0.139193 0.607870 0.140495 0.612500 0.141797 0.616667 0.142578 0.618056 0.143359 0.620370 0.143359 0.624074 0.143099 0.625463 0.142057 0.628704 0.140234 0.631944 0.139193 0.634259 0.138672 0.636111 0.136849 0.639815 0.135286 0.643981 0.133464 0.647222 0.132682 0.649537 0.131641 0.651852 0.129818 0.655093 0.129297 0.656944 0.127474 0.660648 0.127474 0.661111 0.124870 0.665741 0.124089 0.667593 0.123307 0.670370 0.121224 0.674074 0.121224 0.674537 0.119922 0.676852 0.119922 0.677315 0.118620 0.679630 0.117578 0.681944 0.116797 0.684259 0.113932 0.689352 0.113932 0.689815 0.111458 0.694213 0.109896 0.695602 0.109375 0.696528 0.107292 0.698380 0.105729 0.698380 0.105469 0.698843 0.101302 0.698843 0.101042 0.699306 0.095052 0.699306 0.094792 0.699769 0.092448 0.699769 0.092188 0.700231 0.086198 0.700231 0.085938 0.700694 0.083333 0.700694 0.083073 0.701157 0.078125 0.701157 0.077865 0.701620 0.070833 0.701620 0.070573 0.702083 0.068229 0.702083 0.067969 0.702546 0.062500 0.702546 0.062240 0.703009 0.056250 0.703009 0.055990 0.703472 0.053125 0.703472 0.052865 0.703935 0.044792 0.703935 0.044531 0.704398 0.038281 0.704398 0.038021 0.704861 0.033333 0.704861 0.033073 0.705324 0.028125 0.705324 0.027865 0.705787 0.021354 0.705787 0.021094 0.706250 0.018750 0.706250 0.018490 0.706713 0.016146 0.706713 0.015885 0.706250 0.014063 0.706250 0.013021 0.705787 0.011719 0.704398 0.009245 0.700000 0.009245 0.699537 0.006901 0.693519 0.004036 0.688426 0.002995 0.686111 0.002214 0.683333 0.001302 0.681713 0.000000 0.681713
 6 0.111849 0.612500 0.113021 0.612269 0.114062 0.611343 0.117969 0.611343 0.118229 0.611806 0.119531 0.611806 0.119792 0.611343 0.121875 0.611343 0.122135 0.610880 0.124479 0.610880 0.124740 0.610417 0.126302 0.610417 0.127604 0.609491 0.128255 0.608333 0.128255 0.606481 0.127734 0.605556 0.127214 0.602315 0.126432 0.599537 0.124609 0.596296 0.124349 0.594444 0.123047 0.590741 0.122786 0.589352 0.120573 0.585417 0.119271 0.584491 0.118750 0.584954 0.116406 0.590046 0.115625 0.590509 0.114193 0.592593 0.113411 0.595370 0.111719 0.598380 0.111458 0.598380 0.108854 0.603009 0.106380 0.606481 0.105859 0.608333 0.106120 0.610185 0.107031 0.612269 0.107813 0.612731 0.111719 0.612731 0.111849 0.612500
 6 0.000000 0.657639 0.001823 0.657639 0.002344 0.658102 0.005469 0.663657 0.005729 0.663657 0.007422 0.666667 0.008984 0.671759 0.010417 0.674306 0.011719 0.675231 0.013021 0.677083 0.013932 0.675463 0.014453 0.673148 0.015625 0.671065 0.017448 0.669676 0.019271 0.666435 0.020833 0.665509 0.021615 0.664583 0.022786 0.662500 0.023568 0.659722 0.024740 0.657639 0.026302 0.656250 0.026823 0.655324 0.029687 0.652546 0.030990 0.650231 0.031380 0.650000 0.031641 0.648148 0.030208 0.646065 0.028646 0.645139 0.026562 0.645139 0.026302 0.644676 0.024479 0.644676 0.024219 0.645139 0.022135 0.645139 0.021875 0.645602 0.014583 0.645602 0.014323 0.646065 0.004167 0.646065 0.002865 0.645139 0.001563 0.643287 0.000000 0.643287
 8 0.000000 0.201620 0.002344 0.201620 0.002604 0.201157 0.011198 0.201157 0.011458 0.200694 0.036979 0.200694 0.037240 0.200231 0.044010 0.200231 0.044271 0.200694 0.058854 0.200694 0.059115 0.201157 0.062760 0.201157 0.063021 0.201620 0.064323 0.201620 0.065625 0.203009 0.066536 0.205093 0.068099 0.207870 0.068880 0.209722 0.069401 0.212037 0.070703 0.215741 0.071745 0.221759 0.072526 0.224537 0.073568 0.226852 0.075130 0.231944 0.075130 0.232870 0.076953 0.238889 0.078516 0.242593 0.079297 0.245370 0.079557 0.247685 0.080078 0.250000 0.081641 0.255093 0.081901 0.256481 0.083203 0.260185 0.083464 0.261574 0.084505 0.264815 0.086589 0.272222 0.087109 0.275926 0.087891 0.277778 0.088151 0.279167 0.090495 0.285648 0.091016 0.287963 0.091536 0.288889 0.093620 0.295370 0.094661 0.300000 0.095182 0.301389 0.095443 0.303704 0.096745 0.307870 0.097786 0.312037 0.098568 0.314352 0.099609 0.316667 0.102214 0.326389 0.102734 0.330093 0.103516 0.332407 0.104557 0.334722 0.105599 0.338889 0.106380 0.341204 0.107943 0.344907 0.109766 0.350926 0.110286 0.354167 0.111328 0.358333 0.111849 0.359259 0.112891 0.362963 0.113411 0.365741 0.113932 0.366667 0.114714 0.369444 0.115495 0.370833 0.117318 0.377315 0.117839 0.379630 0.118880 0.385648 0.120443 0.388889 0.121224 0.391204 0.122266 0.395370 0.123828 0.399537 0.124349 0.401852 0.125911 0.406481 0.126693 0.411574 0.127214 0.413889 0.128255 0.416204 0.130078 0.423148 0.131120 0.425463 0.131380 0.426852 0.132682 0.431481 0.133203 0.432870 0.133464 0.435648 0.133724 0.436111 0.133724 0.438426 0.134245 0.441204 0.135807 0.443981 0.136589 0.445833 0.137370 0.448611 0.137370 0.449537 0.139453 0.455093 0.139974 0.458333 0.141016 0.462037 0.141276 0.464815 0.142057 0.468519 0.143359 0.470833 0.144141 0.472685 0.145703 0.478704 0.147005 0.481481 0.148047 0.485648 0.149609 0.490278 0.149609 0.491667 0.150130 0.493519 0.150130 0.494907 0.150911 0.497222 0.152214 0.499537 0.152995 0.501852 0.154036 0.506481 0.154557 0.507407 0.156380 0.514352 0.156901 0.515278 0.158464 0.522222 0.158724 0.524074 0.159245 0.525000 0.159766 0.527315 0.160807 0.530556 0.161589 0.534259 0.162630 0.536574 0.163672 0.540278 0.164714 0.545370 0.165234 0.546759 0.166276 0.552315 0.166667 0.552546 0.168099 0.555093 0.169141 0.560185 0.170703 0.563889 0.170964 0.565278 0.172005 0.567593 0.173307 0.572685 0.173307 0.579630 0.174219 0.581713 0.176823 0.583565 0.178906 0.584028 0.181250 0.585417 0.182422 0.587500 0.184245 0.593519 0.184505 0.596759 0.185026 0.599074 0.185026 0.603241 0.184766 0.603704 0.184766 0.606481 0.184245 0.608333 0.181120 0.613889 0.179818 0.618981 0.179297 0.621759 0.177604 0.624769 0.177344 0.624769 0.175130 0.628704 0.174609 0.630556 0.172786 0.635185 0.172786 0.636111 0.172005 0.638426 0.171484 0.640741 0.170964 0.641667 0.169922 0.645833 0.169141 0.648148 0.167969 0.650231 0.164844 0.653935 0.163672 0.656481 0.163411 0.658333 0.161849 0.663426 0.160938 0.664583 0.159245 0.667593 0.158464 0.669444 0.157422 0.672685 0.156380 0.677778 0.155599 0.679630 0.153255 0.683796 0.151693 0.687963 0.147786 0.694907 0.146484 0.700000 0.144661 0.705093 0.143750 0.706713 0.142448 0.708102 0.141016 0.710648 0.140495 0.712500 0.139714 0.717593 0.139193 0.719444 0.137760 0.721528 0.136719 0.722454 0.135286 0.725463 0.134766 0.727315 0.133984 0.728704 0.132943 0.732870 0.131380 0.736111 0.131380 0.736574 0.129557 0.739815 0.128516 0.742130 0.127734 0.744444 0.125130 0.749074 0.123568 0.753241 0.122526 0.758796 0.120313 0.762731 0.119010 0.764120 0.117578 0.766667 0.116536 0.770370 0.116536 0.771296 0.115755 0.774074 0.114974 0.775926 0.113672 0.778241 0.113411 0.779630 0.112370 0.782407 0.110286 0.786574 0.109505 0.789352 0.108464 0.791667 0.106901 0.794444 0.105339 0.798148 0.104557 0.800463 0.102604 0.803935 0.101302 0.805787 0.100000 0.807176 0.098307 0.810185 0.097786 0.812500 0.097526 0.814815 0.097005 0.816667 0.095964 0.818519 0.094661 0.822222 0.093620 0.828704 0.092188 0.831713 0.090625 0.833102 0.089714 0.834722 0.088672 0.837500 0.088411 0.838889 0.087630 0.840278 0.086328 0.844444 0.085026 0.846759 0.085026 0.847222 0.083724 0.849537 0.083724 0.850000 0.082422 0.852315 0.081641 0.854167 0.080859 0.856944 0.078255 0.861574 0.077214 0.865278 0.076432 0.870370 0.075521 0.872454 0.074219 0.873843 0.071224 0.879167 0.070703 0.881481 0.070182 0.882407 0.069141 0.886574 0.068620 0.887963 0.067057 0.890741 0.066797 0.892130 0.064974 0.897222 0.064193 0.898611 0.063672 0.900463 0.062891 0.901852 0.062370 0.903704 0.061589 0.905093 0.061328 0.906481 0.060286 0.908796 0.059245 0.912037 0.057031 0.915972 0.056771 0.915972 0.055599 0.918056 0.055078 0.919444 0.053776 0.925926 0.052344 0.928935 0.052083 0.928935 0.050651 0.931481 0.049089 0.936111 0.047526 0.939352 0.047005 0.941667 0.046224 0.943519 0.044401 0.946759 0.041797 0.956019 0.039714 0.959722 0.038932 0.962500 0.038672 0.964815 0.038151 0.967130 0.037370 0.969444 0.035547 0.972222 0.034245 0.975926 0.033464 0.977315 0.032422 0.980093 0.031641 0.983796 0.030599 0.986574 0.026302 0.994213 0.025000 0.995602 0.023958 0.996065 0.022656 0.996065 0.022396 0.996528 0.011198 0.996528 0.010937 0.996065 0.007812 0.996065 0.007552 0.996528 0.003646 0.996528 0.003385 0.996065 0.000000 0.996065
 8 0.000000 0.520139 0.001823 0.520139 0.002083 0.519676 0.003906 0.519676 0.004167 0.519213 0.006250 0.519213 0.008854 0.521065 0.010677 0.521065 0.011458 0.520139 0.013021 0.519213 0.014323 0.519213 0.016667 0.520602 0.017969 0.520602 0.020313 0.519213 0.021875 0.519213 0.023438 0.520139 0.024740 0.521528 0.025781 0.521528 0.026823 0.520602 0.028646 0.518287 0.029687 0.518287 0.030729 0.520139 0.032552 0.521991 0.033333 0.521991 0.036198 0.519676 0.036719 0.519676 0.038802 0.517824 0.039323 0.516898 0.040625 0.515972 0.043229 0.513657 0.044010 0.513657 0.046615 0.511343 0.048307 0.509259 0.048307 0.506019 0.048568 0.504630 0.049219 0.503472 0.050260 0.503009 0.052083 0.503009 0.054427 0.498843 0.055469 0.497917 0.056771 0.497454 0.058333 0.495602 0.058984 0.493056 0.062240 0.487269 0.063802 0.486343 0.065625 0.484491 0.067448 0.483565 0.068620 0.481481 0.068880 0.479630 0.068880 0.476389 0.069531 0.475231 0.070573 0.474306 0.071354 0.474306 0.072396 0.473380 0.075521 0.472454 0.076563 0.471528 0.077865 0.469676 0.078385 0.469676 0.079557 0.467593 0.079557 0.465741 0.079036 0.463426 0.079036 0.461574 0.079948 0.459954 0.080990 0.459491 0.083333 0.459491 0.084505 0.456944 0.085286 0.454630 0.085286 0.447685 0.084505 0.444444 0.084505 0.443519 0.083724 0.441204 0.083724 0.440278 0.082161 0.435185 0.081120 0.433333 0.079557 0.428704 0.077734 0.425463 0.077214 0.423611 0.077214 0.421759 0.076693 0.418981 0.075260 0.417361 0.074089 0.415278 0.073828 0.412963 0.073307 0.411574 0.072786 0.408333 0.072005 0.406019 0.071094 0.404861 0.069922 0.402778 0.069141 0.400463 0.068099 0.394444 0.068099 0.393056 0.066016 0.389352 0.065234 0.385185 0.063932 0.381481 0.063151 0.378704 0.059896 0.372917 0.059245 0.372222 0.058203 0.369444 0.058203 0.368519 0.057422 0.366204 0.057422 0.365278 0.056120 0.361111 0.054557 0.358333 0.053516 0.355093 0.053255 0.351389 0.052474 0.348611 0.052083 0.347917 0.050521 0.346528 0.049219 0.343750 0.048177 0.342824 0.046615 0.342824 0.046354 0.342361 0.037500 0.342361 0.037240 0.341898 0.019010 0.341898 0.018750 0.341435 0.015625 0.341435 0.015365 0.340972 0.011458 0.340972 0.011198 0.340509 0.009115 0.340509 0.008854 0.340972 0.007292 0.340972 0.007031 0.341435 0.000000 0.341435
 8 0.063542 0.436343 0.058854 0.436343 0.058594 0.435880 0.057031 0.435880 0.056771 0.435417 0.054167 0.435417 0.053906 0.434954 0.052604 0.434954 0.052344 0.434491 0.051042 0.434491 0.050781 0.434028 0.047917 0.434028 0.045573 0.435880 0.045312 0.436343 0.043750 0.436343 0.042708 0.435417 0.041927 0.435417 0.040625 0.434491 0.038932 0.431481 0.037370 0.427778 0.037109 0.426389 0.034766 0.420833 0.034505 0.418981 0.035807 0.415741 0.036068 0.414352 0.037500 0.411806 0.037760 0.411806 0.039193 0.409259 0.039714 0.406944 0.040625 0.404861 0.042188 0.403935 0.044271 0.403935 0.047656 0.401620 0.049479 0.400694 0.050521 0.400694 0.052083 0.399306 0.052604 0.399306 0.053906 0.400694 0.055469 0.401620 0.058333 0.401620 0.060156 0.400694 0.060937 0.401620 0.062370 0.406481 0.062630 0.409259 0.062891 0.409722 0.062891 0.412037 0.063411 0.414815 0.064583 0.416898 0.066016 0.418519 0.066797 0.421296 0.066797 0.422222 0.068099 0.426389 0.068099 0.432870 0.067448 0.434954 0.065625 0.435880 0.063802 0.435880 0.063542 0.436343
 8 0.000000 0.684491 0.001302 0.684491 0.002474 0.688426 0.002474 0.689352 0.003906 0.692361 0.004167 0.692361 0.005599 0.694907 0.005599 0.695370 0.007161 0.698148 0.008203 0.701389 0.008464 0.703704 0.008984 0.705556 0.010417 0.707176 0.011198 0.707176 0.013281 0.708565 0.016667 0.707639 0.016927 0.707176 0.019010 0.707176 0.019271 0.707639 0.023177 0.707639 0.023438 0.707176 0.030469 0.707176 0.030729 0.706713 0.041667 0.706713 0.041927 0.706250 0.043490 0.706250 0.043750 0.705787 0.050260 0.705787 0.052083 0.704398 0.053125 0.704398 0.054948 0.705787 0.057552 0.705787 0.059115 0.704861 0.059896 0.703935 0.061458 0.703935 0.063021 0.704861 0.064844 0.704861 0.065885 0.703935 0.067448 0.701620 0.068750 0.701620 0.070312 0.703935 0.071354 0.704861 0.072656 0.704861 0.073958 0.703935 0.075521 0.701620 0.077865 0.701620 0.078906 0.702546 0.080208 0.702546 0.081250 0.701157 0.083333 0.699769 0.085417 0.700231 0.086979 0.701620 0.088281 0.701620 0.090104 0.699769 0.091927 0.698843 0.093750 0.698843 0.094010 0.698380 0.095312 0.698380 0.095573 0.697917 0.097135 0.697917 0.097396 0.697454 0.100000 0.697454 0.100260 0.696991 0.102344 0.696991 0.102604 0.696528 0.106771 0.696528 0.108073 0.695602 0.108594 0.694676 0.109635 0.694213 0.110937 0.692824 0.112500 0.691898 0.114714 0.687500 0.115234 0.685185 0.116276 0.682407 0.117448 0.680324 0.118490 0.678935 0.119792 0.678009 0.120964 0.675926 0.120703 0.672685 0.119401 0.670833 0.120313 0.669676 0.122396 0.669213 0.122526 0.668519 0.124219 0.665046 0.126302 0.663657 0.126953 0.662500 0.126953 0.661111 0.125651 0.657407 0.125651 0.654630 0.126823 0.652546 0.127344 0.652083 0.129167 0.652083 0.130469 0.651620 0.131641 0.650000 0.132161 0.647685 0.131380 0.643981 0.131641 0.641204 0.134115 0.638657 0.135417 0.638194 0.136198 0.637269 0.138021 0.636343 0.138932 0.634259 0.138932 0.631944 0.139193 0.631481 0.139193 0.627778 0.140234 0.624074 0.140755 0.623148 0.141276 0.620370 0.140755 0.618519 0.140755 0.615741 0.140495 0.613426 0.138672 0.606944 0.138151 0.604630 0.138151 0.602315 0.137891 0.600926 0.134245 0.594444 0.133203 0.590741 0.132943 0.587037 0.132161 0.584259 0.130859 0.581019 0.129297 0.574537 0.128516 0.572222 0.127344 0.570139 0.125260 0.567824 0.123828 0.564352 0.123307 0.560648 0.122526 0.558333 0.120443 0.554630 0.119401 0.550926 0.118359 0.548611 0.116797 0.543056 0.115625 0.540972 0.114583 0.540046 0.112240 0.540046 0.111979 0.539583 0.110677 0.539583 0.110417 0.539120 0.109115 0.539120 0.108854 0.538657 0.104688 0.538657 0.104427 0.539120 0.099740 0.539120 0.099479 0.539583 0.093750 0.539583 0.093490 0.539120 0.085417 0.539120 0.085156 0.538657 0.083854 0.538657 0.082292 0.537731 0.081510 0.536806 0.079687 0.535880 0.078255 0.533333 0.077474 0.530556 0.076302 0.528472 0.075781 0.528009 0.074479 0.528472 0.072656 0.528472 0.070573 0.529861 0.069792 0.529861 0.067708 0.531713 0.067578 0.532407 0.065885 0.535417 0.065104 0.535880 0.063411 0.538889 0.063411 0.539352 0.061979 0.541898 0.060156 0.543287 0.056901 0.549074 0.056120 0.550926 0.055339 0.553704 0.053646 0.556713 0.052083 0.557639 0.048047 0.564815 0.048047 0.565278 0.046875 0.567361 0.044792 0.569213 0.043490 0.571065 0.041927 0.572454 0.041016 0.574074 0.039974 0.578241 0.038932 0.581019 0.037760 0.583102 0.036719 0.584491 0.034896 0.585880 0.033594 0.587269 0.032422 0.591667 0.030729 0.594676 0.029427 0.595602 0.028125 0.597454 0.026042 0.599306 0.025521 0.599306 0.024349 0.601389 0.024089 0.603704 0.022786 0.607407 0.021875 0.608565 0.020313 0.611343 0.018229 0.613194 0.017708 0.613194 0.016536 0.615278 0.015755 0.618981 0.014323 0.621528 0.013021 0.622454 0.012500 0.623380 0.009375 0.626157 0.007422 0.629630 0.007161 0.631019 0.006120 0.633333 0.004557 0.636111 0.004557 0.636574 0.002344 0.640509 0.001823 0.640972 0.000000 0.640972
 8 0.123438 0.607639 0.122396 0.607639 0.121484 0.606481 0.122396 0.604398 0.123438 0.604398 0.124089 0.606019 0.124089 0.606944 0.123438 0.607639
 8 0.014323 0.664120 0.013672 0.663426 0.014063 0.661806 0.016927 0.661806 0.016927 0.663194 0.015885 0.663657 0.014583 0.663657 0.014323 0.664120
 7 0.272656 0.717824 0.271354 0.717824 0.270052 0.716898 0.268880 0.714815 0.268099 0.712037 0.268099 0.710648 0.267318 0.708333 0.267057 0.705556 0.266797 0.705093 0.266536 0.701852 0.266016 0.700000 0.266016 0.698611 0.265234 0.695370 0.264974 0.693056 0.263932 0.689352 0.263672 0.687037 0.262891 0.684722 0.262370 0.679630 0.261589 0.676389 0.261589 0.675000 0.260807 0.671759 0.260026 0.670370 0.259766 0.668981 0.258724 0.666204 0.258724 0.665278 0.257682 0.661574 0.257422 0.659259 0.256380 0.655093 0.256380 0.653704 0.255859 0.651852 0.255859 0.650463 0.255339 0.648611 0.254297 0.643056 0.254297 0.636111 0.254818 0.634259 0.255859 0.631944 0.256901 0.627778 0.257682 0.626389 0.259245 0.621296 0.260156 0.619676 0.261458 0.620139 0.262500 0.621065 0.263151 0.622222 0.263932 0.627778 0.265365 0.630324 0.267448 0.632176 0.269531 0.632176 0.269792 0.631713 0.271875 0.631713 0.273438 0.630324 0.275521 0.628935 0.276562 0.627546 0.277474 0.625463 0.277734 0.623611 0.278255 0.622222 0.278255 0.620370 0.277214 0.615741 0.277214 0.612963 0.278385 0.610880 0.278906 0.610417 0.283333 0.610417 0.284115 0.610880 0.285026 0.612500 0.286328 0.617130 0.286589 0.620370 0.286849 0.620833 0.287370 0.627315 0.288281 0.629398 0.290365 0.631250 0.292708 0.631250 0.292969 0.630787 0.294792 0.630787 0.296094 0.629861 0.297396 0.629398 0.298698 0.628472 0.300391 0.625926 0.301172 0.624074 0.301953 0.621296 0.301953 0.618519 0.301693 0.618056 0.301693 0.615278 0.301432 0.613426 0.300651 0.610185 0.298828 0.606944 0.298307 0.603704 0.297786 0.601852 0.296615 0.600231 0.293620 0.594907 0.293620 0.594444 0.291797 0.591204 0.290755 0.587500 0.291276 0.585648 0.293750 0.582176 0.295052 0.581250 0.296615 0.582176 0.297526 0.583796 0.298047 0.586574 0.298958 0.588194 0.299740 0.588657 0.301042 0.588657 0.301302 0.589120 0.304688 0.589120 0.304948 0.589583 0.306250 0.589583 0.307812 0.588657 0.310156 0.586343 0.310677 0.586343 0.312370 0.583796 0.313411 0.580556 0.313411 0.575926 0.313151 0.575463 0.313151 0.571759 0.314583 0.569676 0.315885 0.568287 0.317188 0.567361 0.320052 0.567361 0.321354 0.568287 0.326302 0.568287 0.326562 0.568750 0.336979 0.568750 0.337240 0.568287 0.351302 0.568287 0.352865 0.567361 0.356771 0.567361 0.357031 0.566898 0.358594 0.566898 0.358854 0.566435 0.362240 0.566435 0.362760 0.566898 0.363932 0.568981 0.364714 0.572685 0.364714 0.578241 0.364974 0.578704 0.364974 0.581481 0.365234 0.583796 0.365755 0.585648 0.365755 0.588426 0.366016 0.588889 0.366016 0.591204 0.366536 0.593519 0.366536 0.594907 0.367839 0.599537 0.368099 0.600926 0.368099 0.606944 0.368880 0.610648 0.368880 0.612037 0.369661 0.615278 0.369922 0.619444 0.370443 0.621759 0.370703 0.625000 0.371484 0.627778 0.371745 0.631481 0.372005 0.631944 0.372005 0.634259 0.372266 0.634722 0.372266 0.637963 0.372005 0.638426 0.372005 0.643981 0.371745 0.644444 0.371745 0.646759 0.370964 0.650926 0.370964 0.652315 0.370182 0.656019 0.369922 0.658333 0.369922 0.661574 0.367578 0.670833 0.367578 0.673148 0.367057 0.675463 0.367057 0.677315 0.366536 0.679630 0.366536 0.681481 0.366016 0.685648 0.365495 0.687963 0.364714 0.690278 0.364453 0.692130 0.364453 0.694444 0.363672 0.700000 0.363151 0.701389 0.362630 0.704630 0.361328 0.708333 0.360417 0.709954 0.358333 0.711806 0.351042 0.711806 0.350781 0.711343 0.345052 0.711343 0.344792 0.711806 0.342969 0.711806 0.342708 0.712269 0.338021 0.712269 0.337760 0.712731 0.329167 0.712731 0.327865 0.713657 0.326562 0.714120 0.321875 0.714120 0.321615 0.714583 0.319792 0.714583 0.319531 0.715046 0.312760 0.715046 0.312500 0.714583 0.308333 0.714583 0.308073 0.715046 0.305729 0.715046 0.305469 0.715509 0.303906 0.715509 0.303646 0.715972 0.292187 0.715972 0.291927 0.716435 0.289583 0.716435 0.289323 0.716898 0.287760 0.716898 0.287500 0.717361 0.281771 0.717361 0.281510 0.716898 0.274740 0.716898 0.274479 0.717361 0.272917 0.717361 0.272656 0.717824
 7 0.326172 0.586574 0.326562 0.585417 0.325000 0.585417 0.325521 0.586806 0.326172 0.586574
 2 0.276823 0.741435 0.275000 0.741435 0.274740 0.740972 0.272396 0.740972 0.270833 0.740046 0.269661 0.737963 0.267839 0.731944 0.267839 0.731019 0.267057 0.727778 0.266536 0.726852 0.266016 0.724537 0.265234 0.718519 0.264974 0.718056 0.265495 0.714815 0.266016 0.712963 0.266927 0.711343 0.267318 0.712037 0.268099 0.714815 0.269271 0.716898 0.271354 0.718287 0.272396 0.717824 0.274479 0.717824 0.274740 0.717361 0.284375 0.717361 0.284635 0.716898 0.291667 0.716898 0.291927 0.716435 0.304427 0.716435 0.304688 0.715972 0.308073 0.715972 0.308333 0.715509 0.317708 0.715509 0.317969 0.715046 0.325260 0.715046 0.325521 0.714583 0.332552 0.714583 0.332813 0.714120 0.336198 0.714120 0.336458 0.713657 0.340365 0.713657 0.340625 0.713194 0.345052 0.713194 0.345313 0.712731 0.350260 0.712731 0.350521 0.712269 0.358073 0.712269 0.358333 0.711806 0.359635 0.711806 0.360677 0.711343 0.361849 0.708796 0.363932 0.700000 0.364453 0.697222 0.364453 0.694907 0.364974 0.692593 0.365234 0.688426 0.365495 0.687963 0.365495 0.685648 0.365755 0.685185 0.365755 0.682870 0.366276 0.680556 0.366276 0.678704 0.367057 0.675000 0.367057 0.673611 0.367578 0.671759 0.368099 0.668056 0.368099 0.666667 0.368620 0.664815 0.369401 0.659259 0.369922 0.657407 0.369922 0.655556 0.370443 0.653241 0.370964 0.648611 0.371484 0.647222 0.371745 0.643519 0.372005 0.643056 0.372005 0.637500 0.372266 0.637037 0.372266 0.634259 0.373437 0.633102 0.374870 0.636111 0.375130 0.638889 0.375651 0.641204 0.375911 0.643519 0.376432 0.644907 0.376693 0.647222 0.376693 0.655556 0.376432 0.656019 0.376432 0.659259 0.375911 0.662037 0.375651 0.665278 0.375130 0.667593 0.375130 0.669444 0.374349 0.674074 0.374089 0.674537 0.373568 0.678241 0.373568 0.680093 0.372786 0.684259 0.372786 0.686574 0.372526 0.687037 0.372526 0.689352 0.371745 0.696296 0.371224 0.698611 0.371224 0.700000 0.370703 0.701852 0.369661 0.710185 0.369661 0.712500 0.369141 0.714815 0.368880 0.718981 0.368099 0.722685 0.368099 0.724537 0.367578 0.726852 0.366536 0.729630 0.365104 0.732176 0.362500 0.734491 0.361198 0.735417 0.357292 0.735417 0.357031 0.735880 0.349219 0.735880 0.348958 0.736343 0.339062 0.736343 0.338802 0.736806 0.334375 0.736806 0.334115 0.737269 0.328906 0.737269 0.328646 0.737731 0.323177 0.737731 0.322917 0.738194 0.318229 0.738194 0.317969 0.738657 0.310937 0.738657 0.310677 0.739120 0.303646 0.739120 0.303385 0.739583 0.296354 0.739583 0.296094 0.740046 0.290885 0.740046 0.290625 0.740509 0.286719 0.740509 0.286458 0.740972 0.277083 0.740972 0.276823 0.741435
