 5 0.287240 0.292824 0.282292 0.292824 0.280729 0.291898 0.278385 0.289583 0.277344 0.288194 0.274609 0.283333 0.273047 0.279167 0.271745 0.274537 0.268620 0.268981 0.268620 0.268519 0.263932 0.260185 0.262891 0.256944 0.261328 0.254167 0.261328 0.253704 0.260026 0.250926 0.259505 0.248148 0.259505 0.242130 0.259766 0.241667 0.259766 0.239352 0.261589 0.232870 0.263802 0.228935 0.265365 0.227083 0.268750 0.224306 0.271094 0.221991 0.271875 0.221528 0.274219 0.221528 0.274479 0.221065 0.275781 0.221065 0.276562 0.220602 0.277214 0.219444 0.277214 0.217130 0.274609 0.212500 0.273307 0.208796 0.271745 0.206019 0.269141 0.200000 0.268099 0.196759 0.267839 0.194444 0.267839 0.189352 0.268099 0.188889 0.269401 0.182407 0.270703 0.179630 0.270703 0.179167 0.271875 0.177083 0.272135 0.177083 0.274740 0.173380 0.276042 0.172454 0.276823 0.172454 0.277865 0.171528 0.279687 0.171065 0.279948 0.170602 0.285156 0.170602 0.286458 0.171065 0.287760 0.171991 0.290104 0.175231 0.291536 0.177778 0.291536 0.178241 0.295443 0.185185 0.295443 0.185648 0.297786 0.189815 0.297786 0.190278 0.299349 0.193056 0.299349 0.193519 0.301042 0.196528 0.301302 0.196528 0.303906 0.200231 0.305859 0.203704 0.306641 0.205556 0.306901 0.206944 0.307943 0.210185 0.307943 0.218981 0.307422 0.220833 0.306380 0.225926 0.302865 0.232176 0.301302 0.234028 0.300521 0.234491 0.298698 0.236806 0.293490 0.236806 0.292708 0.237269 0.291797 0.238889 0.291797 0.240741 0.292318 0.242130 0.292578 0.245370 0.293099 0.247222 0.293750 0.247917 0.295833 0.251620 0.297135 0.253009 0.298568 0.255556 0.300391 0.262037 0.300391 0.264352 0.300651 0.264815 0.300651 0.268519 0.300391 0.268981 0.299609 0.275000 0.297786 0.279630 0.297786 0.280093 0.294792 0.285417 0.294531 0.285417 0.292448 0.288194 0.291667 0.289583 0.290365 0.290972 0.289062 0.291435 0.287240 0.292824
 5 0.272396 0.351620 0.270833 0.351620 0.270573 0.351157 0.268750 0.350694 0.268490 0.350231 0.265625 0.348843 0.264844 0.347917 0.262891 0.344444 0.262109 0.342130 0.260677 0.339583 0.259375 0.338194 0.256771 0.333565 0.256510 0.333565 0.254167 0.329861 0.251823 0.327083 0.248047 0.320370 0.248047 0.319907 0.245964 0.316204 0.245182 0.313426 0.244661 0.310185 0.244661 0.307407 0.245182 0.304630 0.245182 0.302778 0.245964 0.299537 0.247005 0.296759 0.249479 0.292361 0.250521 0.290972 0.251302 0.290509 0.253125 0.288657 0.254427 0.288194 0.255208 0.287269 0.256250 0.286806 0.260417 0.286806 0.261979 0.288194 0.262500 0.288194 0.263802 0.289583 0.264583 0.290972 0.266927 0.293750 0.267188 0.293750 0.269010 0.296991 0.269271 0.296991 0.270833 0.299769 0.273177 0.302546 0.274479 0.304861 0.274740 0.304861 0.277083 0.308102 0.277344 0.308102 0.280990 0.311343 0.283724 0.316204 0.284505 0.318056 0.285286 0.320833 0.285547 0.322685 0.285547 0.325926 0.285807 0.326389 0.285807 0.330556 0.285547 0.331019 0.285286 0.333796 0.283464 0.339352 0.282161 0.341667 0.282161 0.342130 0.280208 0.345602 0.279948 0.345602 0.278125 0.348380 0.276042 0.350231 0.274219 0.350694 0.273958 0.351157 0.272656 0.351157 0.272396 0.351620
 5 0.643229 0.415046 0.640625 0.415046 0.638802 0.414120 0.637370 0.411574 0.635547 0.405556 0.635547 0.404167 0.635026 0.402315 0.634766 0.398611 0.634505 0.398148 0.634505 0.395833 0.633984 0.393056 0.633984 0.389815 0.633724 0.389352 0.633724 0.387037 0.633464 0.386574 0.633464 0.384259 0.634245 0.380556 0.634766 0.379167 0.636719 0.375694 0.639062 0.373380 0.640365 0.372917 0.641667 0.371991 0.643490 0.370139 0.644792 0.369676 0.646875 0.367824 0.649479 0.365972 0.651302 0.364120 0.652083 0.363657 0.653646 0.361806 0.654687 0.361343 0.659115 0.361343 0.660677 0.362269 0.661458 0.363194 0.662500 0.362731 0.664062 0.360417 0.665365 0.359491 0.669271 0.355787 0.670833 0.355324 0.672396 0.354398 0.673828 0.352315 0.673828 0.351852 0.677083 0.347917 0.678125 0.347454 0.679427 0.346065 0.681250 0.345139 0.682552 0.343750 0.686979 0.340509 0.688281 0.339120 0.690365 0.338194 0.691667 0.337269 0.694010 0.334954 0.695833 0.334028 0.696615 0.333102 0.699479 0.331713 0.700781 0.330787 0.703646 0.328009 0.706510 0.326620 0.707812 0.325231 0.709896 0.324306 0.710677 0.323380 0.712760 0.321991 0.715625 0.319213 0.716927 0.318287 0.718229 0.317824 0.721615 0.314583 0.723177 0.314120 0.724219 0.313194 0.726302 0.312269 0.727083 0.312269 0.728125 0.311343 0.729167 0.311343 0.732292 0.309954 0.733854 0.309028 0.735156 0.307639 0.736979 0.306713 0.738281 0.305324 0.738802 0.305324 0.740104 0.303935 0.742188 0.303009 0.742969 0.302083 0.744271 0.301620 0.745052 0.300694 0.747917 0.299306 0.749219 0.297917 0.749740 0.297917 0.751042 0.296528 0.753646 0.294676 0.755729 0.292824 0.757031 0.292361 0.759115 0.290509 0.761198 0.289583 0.762500 0.288194 0.763802 0.287731 0.764583 0.286806 0.766406 0.286343 0.766667 0.285880 0.771354 0.285880 0.773177 0.287269 0.774219 0.288657 0.776432 0.292593 0.777214 0.295370 0.777734 0.300463 0.777995 0.300926 0.777995 0.303241 0.777734 0.303704 0.777474 0.307870 0.775911 0.312500 0.775130 0.314352 0.773438 0.317361 0.773177 0.317361 0.771615 0.319676 0.770312 0.320602 0.769531 0.320602 0.767969 0.321991 0.766146 0.322917 0.765365 0.322917 0.763802 0.324306 0.763281 0.324306 0.761198 0.326620 0.760417 0.327083 0.759115 0.328935 0.757812 0.330324 0.755208 0.332176 0.753906 0.332176 0.752604 0.333102 0.750260 0.333565 0.747917 0.334954 0.746745 0.336574 0.745052 0.339583 0.741667 0.342824 0.739844 0.343750 0.739062 0.344676 0.737760 0.345139 0.733854 0.347917 0.732552 0.348380 0.731250 0.349306 0.729427 0.351157 0.726562 0.353009 0.724740 0.354861 0.722917 0.355787 0.721615 0.357176 0.719792 0.358102 0.719010 0.359028 0.717187 0.359954 0.714063 0.362269 0.712760 0.363657 0.708854 0.366435 0.707552 0.366898 0.706250 0.367824 0.704948 0.369213 0.703906 0.369676 0.700781 0.372917 0.698958 0.373843 0.696615 0.375694 0.695312 0.376157 0.693229 0.378009 0.690885 0.379398 0.690104 0.380324 0.687760 0.381250 0.686198 0.382176 0.684896 0.383565 0.682292 0.385417 0.681510 0.385417 0.679688 0.386806 0.677604 0.387731 0.676042 0.389120 0.675260 0.389120 0.674219 0.390046 0.672396 0.390046 0.672135 0.390509 0.669531 0.390509 0.668229 0.391435 0.667188 0.392824 0.665495 0.395833 0.664974 0.398148 0.663021 0.401620 0.661979 0.403009 0.659896 0.404861 0.659375 0.404861 0.657552 0.406713 0.657031 0.406713 0.654167 0.409491 0.652865 0.409954 0.651823 0.410880 0.648698 0.411806 0.646615 0.413194 0.645833 0.413194 0.643229 0.415046
 5 0.545312 0.577546 0.540104 0.577546 0.539844 0.577083 0.536458 0.577083 0.535417 0.576157 0.533724 0.573148 0.533203 0.569907 0.533203 0.567593 0.532943 0.567130 0.532943 0.564352 0.532682 0.563889 0.532682 0.561574 0.532422 0.561111 0.532422 0.554167 0.532161 0.553704 0.532161 0.541667 0.532682 0.538889 0.533594 0.537731 0.535156 0.537269 0.536458 0.536343 0.538802 0.535880 0.540104 0.534954 0.544531 0.534954 0.544792 0.534491 0.546094 0.534491 0.548958 0.533102 0.550521 0.533102 0.550781 0.532639 0.554167 0.532639 0.555208 0.533102 0.555990 0.534028 0.557552 0.534954 0.561979 0.534954 0.562240 0.534491 0.565625 0.534491 0.565885 0.534028 0.569792 0.534028 0.570052 0.533565 0.575521 0.533565 0.575781 0.533102 0.577344 0.533102 0.577604 0.532639 0.579688 0.532639 0.579948 0.532176 0.581250 0.532176 0.581510 0.531713 0.583073 0.531713 0.583333 0.531250 0.584635 0.531250 0.585938 0.530324 0.587240 0.529861 0.589323 0.529861 0.589583 0.529398 0.591146 0.529398 0.591406 0.528935 0.593490 0.528935 0.593750 0.528472 0.595573 0.528472 0.595833 0.528009 0.597135 0.528009 0.597396 0.527546 0.598698 0.527546 0.598958 0.527083 0.600781 0.527083 0.601042 0.526620 0.602604 0.526620 0.602865 0.526157 0.604427 0.526157 0.604688 0.525694 0.606510 0.525694 0.606771 0.525231 0.609375 0.525231 0.609635 0.524769 0.613021 0.524769 0.613281 0.524306 0.615885 0.524306 0.616146 0.523843 0.617708 0.523843 0.617969 0.523380 0.619531 0.523380 0.619792 0.522917 0.621875 0.522917 0.622135 0.522454 0.625260 0.522454 0.625521 0.521991 0.628125 0.521991 0.628385 0.521528 0.630208 0.521528 0.630469 0.521065 0.633594 0.521065 0.633854 0.520602 0.638281 0.520602 0.638542 0.520139 0.640104 0.520139 0.640365 0.520602 0.643750 0.520602 0.644010 0.520139 0.651563 0.520139 0.651823 0.519676 0.654427 0.519676 0.655729 0.519213 0.658073 0.517824 0.659375 0.517824 0.659635 0.517361 0.660937 0.517361 0.662240 0.516898 0.663281 0.515972 0.664583 0.515972 0.664844 0.515509 0.667188 0.515046 0.668750 0.514120 0.670312 0.514120 0.670573 0.513657 0.671875 0.513657 0.673958 0.512269 0.677604 0.512269 0.680208 0.515046 0.681380 0.517130 0.682161 0.519907 0.682422 0.521759 0.682422 0.525000 0.681641 0.527778 0.680859 0.532870 0.679557 0.538426 0.678255 0.541204 0.678255 0.541667 0.677083 0.543750 0.676302 0.544213 0.674219 0.546528 0.673438 0.546991 0.671094 0.546991 0.670833 0.547454 0.663542 0.547454 0.663281 0.547917 0.659115 0.547917 0.658594 0.547454 0.656510 0.548843 0.655208 0.549306 0.653385 0.549306 0.652344 0.549769 0.650781 0.551157 0.649479 0.553472 0.648177 0.554861 0.646875 0.555787 0.645573 0.555787 0.645312 0.556250 0.643229 0.556250 0.642969 0.556713 0.641146 0.556713 0.640885 0.557176 0.638802 0.557176 0.638542 0.557639 0.635417 0.557639 0.635156 0.558102 0.632812 0.558102 0.632552 0.558565 0.629687 0.558565 0.629427 0.559028 0.626823 0.559028 0.626563 0.559491 0.624479 0.559491 0.624219 0.559954 0.620833 0.559954 0.620573 0.560417 0.617969 0.560417 0.617708 0.560880 0.615885 0.560880 0.615625 0.561343 0.613281 0.561343 0.613021 0.561806 0.610677 0.561806 0.610417 0.562269 0.608333 0.562269 0.608073 0.562731 0.605729 0.562731 0.605469 0.563194 0.603385 0.563194 0.603125 0.563657 0.600260 0.563657 0.600000 0.564120 0.597656 0.564120 0.597396 0.564583 0.595052 0.564583 0.594792 0.565046 0.593490 0.565046 0.591927 0.565972 0.589583 0.565972 0.589323 0.566435 0.587240 0.566435 0.585677 0.567361 0.584375 0.567361 0.584115 0.567824 0.578906 0.567824 0.577604 0.566898 0.573958 0.566898 0.573698 0.567361 0.570833 0.567361 0.570573 0.567824 0.567708 0.567824 0.567448 0.568287 0.566146 0.568287 0.565885 0.568750 0.564323 0.568750 0.564063 0.569213 0.561979 0.569213 0.561198 0.569676 0.560026 0.571759 0.560026 0.572222 0.558854 0.573843 0.557552 0.574769 0.554427 0.575694 0.553125 0.576620 0.547396 0.576620 0.547135 0.577083 0.545573 0.577083 0.545312 0.577546
 3 0.598958 0.478472 0.593229 0.478472 0.592187 0.478009 0.591406 0.477083 0.590755 0.475000 0.589714 0.467593 0.589714 0.464815 0.589453 0.464352 0.589453 0.456019 0.589714 0.455556 0.589714 0.452778 0.589453 0.452315 0.589453 0.446296 0.589714 0.445833 0.589714 0.433796 0.590234 0.431481 0.591406 0.429861 0.594010 0.429861 0.594271 0.429398 0.597396 0.429398 0.597656 0.429861 0.603125 0.429861 0.605469 0.431713 0.609896 0.431713 0.610156 0.431250 0.613802 0.431250 0.614062 0.430787 0.619271 0.430787 0.619531 0.430324 0.628385 0.430324 0.628646 0.429861 0.634115 0.429861 0.634375 0.429398 0.642188 0.429398 0.642448 0.429861 0.648438 0.429861 0.648698 0.430324 0.651042 0.430324 0.651302 0.430787 0.652865 0.430787 0.653125 0.431250 0.654687 0.431250 0.654948 0.431713 0.657031 0.431713 0.657292 0.432176 0.659375 0.432176 0.659635 0.432639 0.661198 0.432639 0.661458 0.433102 0.662760 0.433102 0.664323 0.434028 0.665885 0.434028 0.667448 0.434954 0.669792 0.435417 0.673177 0.436806 0.673438 0.437269 0.674740 0.437269 0.675000 0.437731 0.677604 0.437731 0.679948 0.439583 0.681120 0.441667 0.681120 0.445370 0.681380 0.445833 0.681120 0.448611 0.680599 0.450000 0.678125 0.454398 0.677344 0.455324 0.675521 0.456713 0.673177 0.457176 0.672135 0.458102 0.670052 0.458565 0.669792 0.459028 0.666406 0.460880 0.663542 0.461806 0.662500 0.462731 0.661458 0.462731 0.659896 0.463657 0.658854 0.463657 0.656771 0.464583 0.654427 0.465972 0.653385 0.466898 0.652604 0.466898 0.650521 0.468287 0.648958 0.468287 0.648698 0.468750 0.647135 0.468750 0.646875 0.469213 0.643490 0.469213 0.643229 0.469676 0.635156 0.469676 0.634896 0.470139 0.631771 0.470139 0.631510 0.470602 0.626042 0.470602 0.625781 0.471065 0.620833 0.471065 0.620573 0.471528 0.617188 0.471528 0.616927 0.471991 0.614062 0.471991 0.613802 0.472454 0.612240 0.472454 0.611979 0.472917 0.605729 0.472917 0.603646 0.474306 0.602344 0.476157 0.600000 0.478009 0.598958 0.478472
 3 0.696875 0.494676 0.693490 0.494676 0.693229 0.494213 0.691927 0.494213 0.690625 0.493287 0.689063 0.492824 0.686458 0.490046 0.683594 0.487269 0.682552 0.485880 0.677214 0.476389 0.675911 0.470370 0.675911 0.462500 0.676172 0.462037 0.676432 0.459259 0.676953 0.457870 0.679818 0.452778 0.679818 0.452315 0.681901 0.448611 0.682422 0.446759 0.684115 0.443750 0.685677 0.442361 0.687500 0.441435 0.688281 0.441435 0.690104 0.440046 0.690885 0.439120 0.692057 0.437037 0.693359 0.432870 0.694401 0.431019 0.695964 0.426852 0.698828 0.421759 0.699870 0.418981 0.702995 0.413426 0.702995 0.412963 0.705859 0.407870 0.706641 0.405556 0.708203 0.402778 0.708203 0.402315 0.710286 0.398611 0.710286 0.398148 0.715365 0.389120 0.716406 0.387731 0.718229 0.385880 0.721094 0.382639 0.721615 0.381713 0.723698 0.379398 0.727344 0.374306 0.729167 0.372917 0.730729 0.371065 0.732812 0.367824 0.734115 0.366898 0.735677 0.364583 0.737240 0.362731 0.739583 0.360880 0.740885 0.360880 0.742188 0.362269 0.743359 0.364815 0.743359 0.371759 0.742578 0.374537 0.742057 0.378241 0.740755 0.382407 0.740755 0.383333 0.739193 0.388426 0.738672 0.391667 0.737630 0.394444 0.735286 0.402778 0.735026 0.405093 0.734505 0.406481 0.734245 0.408333 0.733464 0.410648 0.731120 0.416204 0.731120 0.416667 0.729557 0.419907 0.729557 0.420370 0.727474 0.424074 0.725391 0.429167 0.724089 0.431481 0.722526 0.435185 0.722526 0.435648 0.719922 0.440278 0.718620 0.443981 0.716797 0.447685 0.716797 0.448148 0.713411 0.454167 0.713411 0.454630 0.711328 0.458333 0.709766 0.462500 0.708724 0.466204 0.708464 0.468981 0.707422 0.473611 0.707422 0.475000 0.705859 0.479630 0.701953 0.486574 0.700911 0.488889 0.700391 0.490741 0.699479 0.492361 0.697917 0.494213 0.696875 0.494676
 4 0.524740 0.376157 0.520833 0.376157 0.520573 0.375694 0.518490 0.374306 0.517318 0.372222 0.516276 0.369444 0.515234 0.364815 0.515234 0.361111 0.514974 0.360648 0.514974 0.355556 0.514714 0.355093 0.514714 0.348148 0.514453 0.347685 0.514453 0.333796 0.514714 0.333333 0.514974 0.330093 0.516146 0.328009 0.517708 0.327546 0.517969 0.327083 0.520833 0.327083 0.521094 0.326620 0.522396 0.326620 0.522656 0.326157 0.523958 0.326157 0.524219 0.325694 0.526563 0.325694 0.527865 0.326620 0.529687 0.329861 0.530208 0.329398 0.532031 0.329398 0.532292 0.328935 0.534635 0.328935 0.534896 0.328472 0.537240 0.328472 0.537500 0.328009 0.539323 0.328009 0.539583 0.327546 0.541667 0.327546 0.541927 0.327083 0.543490 0.327083 0.543750 0.326620 0.545312 0.326620 0.545573 0.326157 0.547656 0.326157 0.547917 0.325694 0.549740 0.325694 0.550000 0.325231 0.551823 0.325231 0.552083 0.324769 0.554688 0.324769 0.554948 0.324306 0.557031 0.324306 0.557292 0.323843 0.558594 0.323843 0.558854 0.323380 0.560677 0.323380 0.560937 0.322917 0.563021 0.322917 0.563281 0.322454 0.565104 0.322454 0.565365 0.321991 0.566927 0.321991 0.567187 0.321528 0.569531 0.321528 0.569792 0.321065 0.572135 0.321065 0.572396 0.320602 0.574479 0.320602 0.574740 0.320139 0.577344 0.320139 0.577604 0.319676 0.580469 0.319676 0.580729 0.319213 0.583594 0.319213 0.583854 0.318750 0.586979 0.318750 0.587240 0.318287 0.589844 0.318287 0.590104 0.317824 0.592448 0.317824 0.592708 0.317361 0.595052 0.317361 0.595313 0.316898 0.597396 0.316898 0.597656 0.316435 0.600260 0.316435 0.600521 0.315972 0.603385 0.315972 0.603646 0.315509 0.605729 0.315509 0.605990 0.315046 0.608073 0.315046 0.608333 0.314583 0.611198 0.314583 0.611458 0.314120 0.613802 0.314120 0.614062 0.313657 0.619792 0.313657 0.621354 0.314583 0.623177 0.314583 0.623437 0.315046 0.626823 0.315046 0.627083 0.315509 0.628646 0.315509 0.628906 0.315972 0.630729 0.315972 0.630990 0.316435 0.632552 0.316435 0.632812 0.316898 0.634635 0.316898 0.634896 0.317361 0.636458 0.317361 0.636719 0.317824 0.638542 0.317824 0.638802 0.318287 0.641146 0.318287 0.641406 0.318750 0.643750 0.318750 0.644010 0.319213 0.646354 0.319213 0.648698 0.320602 0.649870 0.322222 0.650130 0.323611 0.650130 0.330556 0.649349 0.333333 0.648177 0.335880 0.646094 0.337731 0.644271 0.338194 0.643229 0.339120 0.640104 0.340972 0.638021 0.341898 0.637240 0.341898 0.636458 0.342824 0.634896 0.343287 0.634115 0.344213 0.631250 0.345602 0.630469 0.346528 0.627604 0.347917 0.626563 0.348843 0.625260 0.349306 0.623177 0.351157 0.621875 0.351620 0.617188 0.354398 0.615885 0.354398 0.615625 0.354861 0.613281 0.354861 0.613021 0.355324 0.610677 0.355324 0.609115 0.356250 0.607812 0.356250 0.607552 0.356713 0.604688 0.356713 0.604427 0.357176 0.602344 0.357176 0.602083 0.357639 0.600521 0.357639 0.600260 0.358102 0.597656 0.358102 0.597396 0.358565 0.594531 0.358565 0.593490 0.359028 0.591667 0.360417 0.585677 0.360417 0.585417 0.360880 0.582552 0.360880 0.582292 0.361343 0.579167 0.361343 0.578906 0.361806 0.577083 0.361806 0.576823 0.362269 0.573438 0.362269 0.573177 0.362731 0.570052 0.362731 0.569792 0.363194 0.567187 0.363194 0.566927 0.363657 0.564063 0.363657 0.563802 0.364120 0.559635 0.364120 0.559375 0.364583 0.556771 0.364583 0.556510 0.365046 0.554167 0.365046 0.553906 0.365509 0.551042 0.365509 0.550781 0.365972 0.547135 0.365972 0.546875 0.366435 0.540365 0.366435 0.540104 0.366898 0.536719 0.366898 0.536458 0.367361 0.533854 0.367361 0.532813 0.367824 0.531510 0.369213 0.528906 0.373843 0.526563 0.375231 0.526302 0.375694 0.525000 0.375694 0.524740 0.376157
 4 0.811198 0.725231 0.805208 0.725231 0.804948 0.724769 0.803646 0.724769 0.802604 0.724306 0.801042 0.722917 0.798958 0.721991 0.796875 0.720139 0.795573 0.719676 0.794531 0.718750 0.793750 0.718750 0.792708 0.717824 0.790885 0.716898 0.789844 0.715509 0.788021 0.714120 0.786719 0.712731 0.784896 0.709954 0.783594 0.709028 0.781250 0.706713 0.779687 0.704861 0.778516 0.702778 0.777474 0.698611 0.777474 0.694444 0.777214 0.693981 0.777214 0.691667 0.777474 0.689352 0.777995 0.687963 0.778516 0.684259 0.779297 0.682407 0.779557 0.681019 0.780339 0.679167 0.780859 0.675926 0.781901 0.672685 0.782682 0.669444 0.784115 0.666898 0.785156 0.665509 0.787500 0.663194 0.789323 0.661806 0.790495 0.659722 0.791536 0.655556 0.792318 0.651389 0.792578 0.649074 0.794922 0.640741 0.795703 0.635185 0.796745 0.631481 0.797005 0.629167 0.797526 0.626852 0.798568 0.623611 0.799089 0.621296 0.799870 0.619907 0.800651 0.617593 0.801172 0.614352 0.802474 0.609259 0.802474 0.607870 0.803255 0.604630 0.803255 0.603241 0.803776 0.601389 0.803776 0.600000 0.804818 0.595370 0.805078 0.593056 0.805599 0.591667 0.806641 0.587500 0.807161 0.586574 0.808724 0.579167 0.809245 0.577778 0.810547 0.572685 0.811328 0.570370 0.811849 0.568056 0.812370 0.564352 0.813151 0.562037 0.813151 0.561111 0.815755 0.552315 0.816797 0.547685 0.817318 0.546296 0.818880 0.539815 0.819401 0.536111 0.819922 0.533796 0.822266 0.525463 0.822266 0.524537 0.823828 0.519444 0.824349 0.516667 0.824870 0.515741 0.825391 0.513426 0.826172 0.512037 0.826432 0.510648 0.827474 0.508796 0.829297 0.502778 0.830469 0.500694 0.831120 0.500000 0.831901 0.496759 0.832422 0.495370 0.834766 0.491204 0.836068 0.487500 0.839193 0.481944 0.839193 0.481481 0.841016 0.478241 0.841016 0.477778 0.842839 0.474537 0.842839 0.474074 0.848828 0.463426 0.849740 0.461343 0.851302 0.459954 0.852865 0.458102 0.853906 0.458102 0.855599 0.460648 0.855859 0.463426 0.856120 0.463889 0.856120 0.467593 0.856641 0.471296 0.857161 0.473148 0.857422 0.475463 0.857422 0.512037 0.857161 0.512500 0.857161 0.515278 0.856901 0.517593 0.856380 0.519444 0.856120 0.523148 0.854036 0.531944 0.852995 0.535185 0.852474 0.537500 0.851693 0.542593 0.849870 0.550000 0.849349 0.550926 0.848828 0.555093 0.848307 0.556944 0.848047 0.559722 0.847005 0.563426 0.846484 0.566667 0.845182 0.570833 0.844661 0.574074 0.844141 0.575463 0.844141 0.576852 0.843620 0.578704 0.843620 0.580093 0.843099 0.582407 0.840755 0.590741 0.840755 0.592130 0.839974 0.594907 0.839974 0.595833 0.838411 0.601389 0.838151 0.603704 0.837630 0.605093 0.837370 0.607870 0.836849 0.609259 0.836328 0.612963 0.835807 0.615278 0.835286 0.616204 0.834505 0.619444 0.833724 0.621759 0.832943 0.626852 0.832422 0.629167 0.831641 0.631481 0.831641 0.632407 0.829557 0.641667 0.828776 0.643981 0.828255 0.646296 0.827734 0.650000 0.826693 0.653241 0.825130 0.659722 0.825130 0.661111 0.824609 0.662963 0.824609 0.664352 0.822005 0.674074 0.821224 0.675463 0.820703 0.677315 0.820703 0.682407 0.821224 0.684722 0.822786 0.689352 0.822786 0.694907 0.822526 0.695370 0.822266 0.698611 0.821484 0.700926 0.820964 0.704630 0.820443 0.706019 0.819922 0.709259 0.819401 0.710648 0.818620 0.714815 0.817057 0.719444 0.814844 0.722917 0.813802 0.723843 0.811458 0.724769 0.811198 0.725231
 2 0.332552 0.511343 0.329948 0.511343 0.327865 0.509954 0.326302 0.509491 0.324740 0.507176 0.322396 0.504398 0.321615 0.503935 0.320833 0.502546 0.319531 0.501157 0.318229 0.500231 0.316667 0.497917 0.315885 0.497454 0.313542 0.494676 0.311068 0.490278 0.311068 0.489815 0.308984 0.486111 0.308984 0.485648 0.307682 0.483333 0.307161 0.481481 0.307161 0.474074 0.307422 0.472222 0.308464 0.468519 0.309896 0.465509 0.311068 0.466667 0.312630 0.472685 0.312630 0.473611 0.313411 0.477315 0.314323 0.478935 0.316406 0.480324 0.317708 0.480787 0.319792 0.480787 0.320052 0.481250 0.343229 0.481250 0.343490 0.480787 0.376563 0.480787 0.376823 0.480324 0.409896 0.480324 0.410156 0.479861 0.436458 0.479861 0.436719 0.479398 0.456250 0.479398 0.456510 0.478935 0.464062 0.478935 0.464323 0.478472 0.466406 0.478472 0.467187 0.478009 0.469531 0.475694 0.470964 0.472685 0.471484 0.470370 0.472005 0.466667 0.472266 0.466204 0.472266 0.463889 0.473047 0.458796 0.473047 0.456481 0.473307 0.456019 0.473307 0.452778 0.473568 0.452315 0.473568 0.448148 0.473828 0.447685 0.473828 0.444444 0.474089 0.443981 0.474089 0.440278 0.474349 0.439815 0.474349 0.431481 0.474609 0.431019 0.474609 0.425463 0.474870 0.425000 0.474870 0.419907 0.475130 0.419444 0.475130 0.414815 0.475391 0.414352 0.475391 0.409722 0.475651 0.409259 0.475651 0.403704 0.475911 0.403241 0.475911 0.397685 0.476172 0.397222 0.476172 0.393056 0.476432 0.392593 0.476432 0.389815 0.476693 0.389352 0.476693 0.387037 0.476953 0.386574 0.476953 0.383796 0.477214 0.383333 0.477214 0.378704 0.477474 0.378241 0.477474 0.375000 0.477734 0.374537 0.477734 0.372222 0.477995 0.371759 0.477995 0.368981 0.478255 0.368519 0.478255 0.365278 0.478516 0.364815 0.478516 0.361111 0.478776 0.360648 0.478776 0.356944 0.479036 0.356481 0.479036 0.353241 0.479297 0.352778 0.479297 0.349074 0.479557 0.348611 0.479557 0.345833 0.479818 0.345370 0.479818 0.342593 0.480078 0.342130 0.480078 0.339352 0.480339 0.338889 0.480339 0.335648 0.480599 0.335185 0.480599 0.332870 0.480859 0.332407 0.480859 0.329167 0.481120 0.328704 0.481120 0.324537 0.481380 0.324074 0.481380 0.320833 0.481641 0.320370 0.481641 0.318056 0.481901 0.317593 0.481901 0.315278 0.482161 0.314815 0.482161 0.301852 0.481120 0.297685 0.480339 0.296296 0.479818 0.294444 0.479818 0.292593 0.480339 0.290741 0.481771 0.288657 0.482812 0.289583 0.483854 0.291435 0.485156 0.292824 0.485677 0.292824 0.486068 0.294444 0.486849 0.295833 0.488411 0.301852 0.490234 0.310648 0.491797 0.316667 0.492839 0.322685 0.492839 0.325926 0.493099 0.326389 0.493099 0.338426 0.492839 0.338889 0.492839 0.343056 0.492578 0.343519 0.492578 0.348148 0.492318 0.348611 0.492318 0.352778 0.492057 0.353241 0.492057 0.356019 0.491797 0.356481 0.491797 0.361111 0.491536 0.361574 0.491536 0.365278 0.491276 0.365741 0.491276 0.368981 0.491016 0.369444 0.491016 0.373148 0.490755 0.373611 0.490755 0.377315 0.490495 0.377778 0.490495 0.380556 0.490234 0.381019 0.490234 0.383796 0.489974 0.384259 0.489974 0.389815 0.489714 0.390278 0.489714 0.395370 0.489453 0.395833 0.489453 0.401389 0.489193 0.401852 0.489193 0.406019 0.488932 0.406481 0.488932 0.411574 0.488672 0.412037 0.488672 0.416667 0.488411 0.417130 0.488411 0.421296 0.488151 0.421759 0.488151 0.426389 0.487891 0.426852 0.487891 0.430093 0.487630 0.430556 0.487630 0.433796 0.487370 0.434259 0.487370 0.438426 0.487109 0.438889 0.487109 0.443519 0.486849 0.443981 0.486849 0.450000 0.486589 0.450463 0.486589 0.454630 0.486328 0.455093 0.486328 0.458333 0.486068 0.458796 0.486068 0.461574 0.485807 0.462037 0.485807 0.466667 0.485547 0.467130 0.485547 0.471296 0.485286 0.471759 0.485286 0.476389 0.485026 0.476852 0.485026 0.480093 0.484766 0.480556 0.484766 0.484259 0.484505 0.484722 0.484505 0.487963 0.484245 0.488426 0.484245 0.490741 0.483724 0.493056 0.483724 0.494907 0.482943 0.498611 0.482161 0.500463 0.480729 0.503009 0.480469 0.503009 0.479167 0.505324 0.478125 0.506713 0.476562 0.508102 0.473958 0.509491 0.463802 0.509491 0.463542 0.509954 0.461458 0.509954 0.461198 0.509491 0.436979 0.509491 0.436719 0.509028 0.409115 0.509028 0.408854 0.509491 0.395052 0.509491 0.394792 0.509954 0.367969 0.509954 0.367708 0.510417 0.351562 0.510417 0.351302 0.510880 0.342708 0.510880 0.342448 0.510417 0.338021 0.510417 0.337760 0.510880 0.332813 0.510880 0.332552 0.511343
 7 0.322917 0.481713 0.322396 0.481250 0.320833 0.481250 0.320573 0.480787 0.319271 0.480787 0.316406 0.479398 0.315625 0.478472 0.314583 0.478009 0.312891 0.475000 0.311849 0.471296 0.311068 0.466204 0.309896 0.464120 0.309635 0.464120 0.307812 0.460880 0.304688 0.458102 0.302865 0.455787 0.301302 0.453472 0.298438 0.450694 0.297005 0.448148 0.296094 0.446065 0.294531 0.444676 0.292708 0.441898 0.292448 0.441898 0.286719 0.431713 0.286458 0.431713 0.284896 0.429398 0.283073 0.428009 0.281901 0.425926 0.281901 0.425463 0.280469 0.422917 0.279167 0.421991 0.277865 0.420139 0.276302 0.418750 0.275781 0.418750 0.273958 0.416898 0.272917 0.415509 0.270052 0.410417 0.269792 0.410417 0.268490 0.408102 0.268229 0.408102 0.266146 0.405324 0.265885 0.405324 0.263542 0.402083 0.262240 0.400694 0.260677 0.397917 0.259115 0.396528 0.258594 0.395602 0.256771 0.393750 0.254427 0.390509 0.252604 0.387269 0.252344 0.387269 0.251042 0.384954 0.248958 0.382639 0.247656 0.380787 0.245703 0.377315 0.244401 0.372222 0.244401 0.369907 0.244922 0.367130 0.244922 0.364815 0.245182 0.362500 0.245703 0.360185 0.246224 0.355556 0.248568 0.343056 0.248828 0.341204 0.249609 0.337963 0.249609 0.336574 0.251302 0.330787 0.252344 0.329861 0.253906 0.331713 0.254688 0.332176 0.255729 0.333565 0.257031 0.335880 0.259375 0.338657 0.264323 0.347454 0.266146 0.348843 0.266667 0.349769 0.268229 0.350231 0.268490 0.350694 0.269792 0.350694 0.270052 0.351157 0.272135 0.351157 0.272396 0.350694 0.274479 0.349769 0.275781 0.348843 0.277083 0.347454 0.280208 0.344676 0.280990 0.343750 0.282943 0.340278 0.284505 0.335648 0.284766 0.333333 0.284766 0.321759 0.284245 0.318981 0.283464 0.316204 0.280990 0.311806 0.278646 0.309491 0.275781 0.307639 0.274349 0.304630 0.273828 0.302778 0.272135 0.300231 0.270833 0.298843 0.268750 0.295139 0.267708 0.293750 0.265885 0.292361 0.264193 0.289352 0.264193 0.288889 0.261849 0.284722 0.261068 0.282407 0.261068 0.279167 0.261589 0.277315 0.261589 0.275463 0.262370 0.270833 0.262891 0.268519 0.264062 0.265509 0.265104 0.266435 0.266927 0.266898 0.267708 0.267824 0.270703 0.273148 0.271484 0.275000 0.272266 0.277778 0.276693 0.285648 0.276693 0.286111 0.278646 0.289583 0.280469 0.290972 0.281771 0.290972 0.282031 0.291435 0.285156 0.291435 0.285417 0.291898 0.286719 0.291898 0.290365 0.289583 0.290885 0.289583 0.294271 0.285880 0.295833 0.283102 0.296094 0.283102 0.298047 0.279630 0.299349 0.275000 0.300130 0.270370 0.300651 0.268519 0.300651 0.264815 0.300391 0.264352 0.300391 0.262037 0.299349 0.257407 0.297917 0.253935 0.295833 0.251620 0.293880 0.248148 0.293359 0.245833 0.294401 0.240741 0.295052 0.239583 0.296875 0.238194 0.298438 0.237731 0.300521 0.235417 0.301302 0.234954 0.302865 0.233102 0.304167 0.230787 0.304427 0.230787 0.306641 0.226852 0.307682 0.223611 0.307682 0.222685 0.308984 0.218519 0.308984 0.210648 0.307943 0.206944 0.306641 0.204630 0.305859 0.202315 0.304167 0.198843 0.302604 0.196991 0.301042 0.195602 0.300130 0.193981 0.299089 0.190278 0.299089 0.189352 0.298307 0.186574 0.296745 0.184722 0.297396 0.184028 0.298177 0.184028 0.299740 0.182176 0.302083 0.180787 0.305208 0.180787 0.305469 0.181250 0.307292 0.181250 0.307552 0.180787 0.310937 0.180787 0.311198 0.180324 0.315365 0.180324 0.315625 0.179861 0.317448 0.179861 0.317708 0.179398 0.322917 0.179398 0.323177 0.178935 0.325521 0.178935 0.325781 0.178472 0.330208 0.178472 0.330469 0.178009 0.332031 0.178009 0.332292 0.177546 0.339583 0.177546 0.339844 0.177083 0.341927 0.177083 0.342187 0.176620 0.344792 0.176620 0.345052 0.176157 0.348438 0.176157 0.348698 0.175694 0.354427 0.175694 0.354687 0.175231 0.359115 0.175231 0.359375 0.174769 0.364323 0.174769 0.364583 0.174306 0.370052 0.174306 0.370312 0.173843 0.372135 0.173843 0.372396 0.173380 0.376302 0.173380 0.376563 0.172917 0.379688 0.172917 0.379948 0.172454 0.382812 0.172454 0.383073 0.171991 0.386458 0.171991 0.386719 0.171528 0.395833 0.171528 0.396094 0.171065 0.400000 0.171065 0.400260 0.170602 0.403906 0.170602 0.404167 0.170139 0.409896 0.170139 0.410156 0.169676 0.414844 0.169676 0.415104 0.169213 0.418229 0.169213 0.418490 0.168750 0.422656 0.168750 0.422917 0.168287 0.425521 0.168287 0.425781 0.167824 0.428125 0.167824 0.428385 0.167361 0.430990 0.167361 0.431250 0.166898 0.432812 0.166898 0.433073 0.166435 0.435156 0.166435 0.435417 0.165972 0.440104 0.165972 0.440365 0.165509 0.442708 0.165509 0.442969 0.165046 0.444792 0.165046 0.445052 0.165509 0.447656 0.165509 0.449740 0.167361 0.450781 0.168750 0.452734 0.172222 0.453255 0.175926 0.453255 0.178241 0.453516 0.178704 0.453516 0.181019 0.453776 0.181481 0.453776 0.184722 0.454036 0.185185 0.454036 0.187963 0.454557 0.191667 0.456120 0.197222 0.457161 0.201852 0.457161 0.202778 0.460026 0.212963 0.460026 0.213889 0.460807 0.216204 0.461328 0.218519 0.462630 0.221759 0.464193 0.226852 0.465234 0.232407 0.466276 0.236111 0.466797 0.238889 0.467318 0.243056 0.468620 0.249074 0.468620 0.250000 0.469401 0.252315 0.469661 0.254167 0.470182 0.255093 0.471224 0.258796 0.471745 0.261574 0.473568 0.266667 0.473828 0.269444 0.474349 0.271759 0.474349 0.273148 0.475651 0.278241 0.476693 0.281019 0.477474 0.284259 0.478906 0.287269 0.480339 0.288889 0.480859 0.293981 0.481641 0.296296 0.482161 0.299537 0.482161 0.302315 0.482422 0.302778 0.482422 0.315741 0.482161 0.316204 0.482161 0.319907 0.481901 0.320370 0.481901 0.324074 0.481641 0.324537 0.481641 0.328704 0.481380 0.329167 0.481380 0.331944 0.481120 0.332407 0.481120 0.334722 0.480859 0.335185 0.480859 0.342593 0.480599 0.343056 0.479818 0.349074 0.479557 0.349537 0.479557 0.352778 0.479297 0.353241 0.479297 0.356944 0.478776 0.359259 0.478255 0.363889 0.478255 0.373611 0.477995 0.374074 0.477995 0.377778 0.477734 0.378241 0.477734 0.381944 0.477474 0.382407 0.477474 0.385648 0.477214 0.386111 0.477214 0.388426 0.476953 0.390741 0.476432 0.393056 0.476432 0.397685 0.476172 0.398148 0.476172 0.405556 0.475911 0.407870 0.475391 0.410185 0.475130 0.412500 0.475130 0.415278 0.474870 0.415741 0.474870 0.419444 0.474349 0.424074 0.474089 0.424537 0.474089 0.426852 0.473828 0.427315 0.473828 0.436111 0.473568 0.436574 0.473568 0.439352 0.473307 0.439815 0.473307 0.444907 0.473047 0.445370 0.473047 0.449537 0.472786 0.450000 0.472786 0.452315 0.472526 0.452778 0.472526 0.455093 0.472266 0.457407 0.471484 0.461574 0.471224 0.463889 0.471224 0.466204 0.470964 0.468519 0.470182 0.471759 0.469661 0.473148 0.467708 0.476620 0.466667 0.477546 0.465365 0.477546 0.465104 0.478009 0.459375 0.478009 0.459115 0.478472 0.448958 0.478472 0.448698 0.478009 0.445573 0.478009 0.445312 0.478472 0.441667 0.478472 0.441406 0.478009 0.438542 0.478009 0.438281 0.478472 0.436979 0.478472 0.436719 0.478935 0.431510 0.478935 0.431250 0.478472 0.422656 0.478472 0.422396 0.478935 0.421094 0.478935 0.420833 0.479398 0.416927 0.479398 0.416667 0.478935 0.414062 0.478935 0.413802 0.479398 0.410417 0.479398 0.410156 0.478935 0.407813 0.478935 0.407552 0.479398 0.405729 0.479398 0.405469 0.479861 0.401042 0.479861 0.400781 0.479398 0.391927 0.479398 0.391667 0.479861 0.389583 0.479861 0.389323 0.480324 0.384375 0.480324 0.384115 0.479861 0.375521 0.479861 0.375260 0.480324 0.365104 0.480324 0.364844 0.479861 0.359375 0.479861 0.359115 0.480324 0.351562 0.480324 0.351302 0.479861 0.344531 0.479861 0.344271 0.480324 0.341927 0.480324 0.341667 0.480787 0.337500 0.480787 0.337240 0.480324 0.332292 0.480324 0.332031 0.479861 0.330208 0.479861 0.329948 0.480324 0.328646 0.480324 0.327083 0.481250 0.323177 0.481250 0.322917 0.481713
 7 0.307422 0.430556 0.308594 0.429861 0.310156 0.428472 0.313542 0.428472 0.313802 0.428935 0.314844 0.428009 0.315495 0.425926 0.315495 0.420833 0.315365 0.420602 0.311458 0.420602 0.310937 0.421528 0.309375 0.421528 0.308073 0.420602 0.305729 0.420602 0.302865 0.422917 0.301953 0.425000 0.301953 0.426389 0.303125 0.428009 0.303646 0.428009 0.306510 0.430787 0.307422 0.430556
 2 0.439323 0.880324 0.433333 0.880324 0.433073 0.879861 0.430729 0.879861 0.430469 0.879398 0.429167 0.879398 0.427604 0.878472 0.423177 0.878472 0.422917 0.878009 0.420833 0.878009 0.420573 0.877546 0.418750 0.877546 0.418490 0.877083 0.416927 0.877083 0.416667 0.876620 0.414583 0.876620 0.414323 0.876157 0.411979 0.876157 0.411719 0.875694 0.410417 0.875694 0.408854 0.874769 0.407031 0.874769 0.406771 0.874306 0.404427 0.874306 0.404167 0.873843 0.401042 0.873843 0.400781 0.873380 0.398438 0.873380 0.398177 0.872917 0.396354 0.872917 0.396094 0.872454 0.394531 0.872454 0.394271 0.871991 0.392969 0.871991 0.392708 0.871528 0.391406 0.871528 0.391146 0.871065 0.389844 0.871065 0.389583 0.870602 0.380208 0.870602 0.379948 0.870139 0.377604 0.870139 0.377344 0.869676 0.367188 0.869676 0.366927 0.869213 0.364844 0.869213 0.363281 0.868287 0.361979 0.868287 0.361719 0.867824 0.357812 0.866435 0.356510 0.866435 0.356250 0.865972 0.354427 0.865972 0.354167 0.865509 0.351302 0.865509 0.351042 0.865046 0.347396 0.865046 0.347135 0.864583 0.344792 0.864583 0.344531 0.864120 0.342969 0.864120 0.342708 0.863657 0.340885 0.863657 0.340625 0.863194 0.337760 0.863194 0.337500 0.862731 0.335938 0.862731 0.335677 0.862269 0.333594 0.862269 0.333333 0.861806 0.329167 0.861806 0.328906 0.861343 0.326302 0.861343 0.326042 0.860880 0.322135 0.860880 0.321875 0.860417 0.319531 0.860417 0.319271 0.859954 0.317188 0.859954 0.316927 0.859491 0.314844 0.859491 0.314583 0.859028 0.311979 0.859028 0.311719 0.858565 0.308854 0.858565 0.308594 0.858102 0.306250 0.858102 0.305990 0.857639 0.304427 0.857639 0.304167 0.857176 0.301823 0.857176 0.301563 0.856713 0.296354 0.856713 0.296094 0.856250 0.291667 0.856250 0.291406 0.855787 0.289323 0.855787 0.289062 0.855324 0.286979 0.855324 0.286719 0.854861 0.280990 0.854861 0.280729 0.854398 0.278125 0.854398 0.277865 0.853935 0.275260 0.853935 0.275000 0.853472 0.273438 0.853472 0.273177 0.853009 0.271615 0.853009 0.271354 0.852546 0.266406 0.852546 0.266146 0.852083 0.264062 0.852083 0.263802 0.851620 0.260937 0.851620 0.260677 0.851157 0.259115 0.851157 0.257031 0.850231 0.255208 0.848843 0.253255 0.845370 0.252214 0.841667 0.251953 0.839352 0.251172 0.836574 0.251172 0.834259 0.251432 0.833796 0.251432 0.830093 0.251953 0.827778 0.252474 0.824074 0.252734 0.820833 0.253255 0.818981 0.253255 0.817593 0.253776 0.815741 0.253776 0.814352 0.254557 0.810185 0.255339 0.805093 0.255859 0.803704 0.256380 0.800926 0.256380 0.798611 0.256641 0.798148 0.256641 0.795833 0.256901 0.793519 0.258203 0.785185 0.258724 0.782870 0.259505 0.780556 0.260026 0.776852 0.260026 0.775000 0.260807 0.771759 0.261068 0.768519 0.261589 0.766667 0.262370 0.762037 0.262370 0.760648 0.262891 0.758796 0.262891 0.757407 0.263932 0.752778 0.263932 0.751389 0.264453 0.749074 0.264714 0.745833 0.265755 0.742130 0.266276 0.737500 0.266536 0.737037 0.267057 0.733333 0.267057 0.731944 0.267578 0.730093 0.267839 0.726852 0.268359 0.725000 0.268359 0.723611 0.268880 0.721296 0.268880 0.719907 0.269661 0.716667 0.269661 0.715278 0.270182 0.713426 0.270443 0.710185 0.270964 0.708333 0.270964 0.706944 0.271484 0.705093 0.271484 0.703704 0.272005 0.701852 0.272786 0.696296 0.273307 0.694444 0.273568 0.691204 0.274089 0.689352 0.274609 0.685648 0.274870 0.682407 0.275130 0.681944 0.276172 0.673611 0.276693 0.671759 0.277214 0.668056 0.277214 0.666667 0.277734 0.664815 0.278255 0.661111 0.279036 0.657870 0.279036 0.656481 0.279557 0.654630 0.279818 0.650463 0.280599 0.646759 0.281380 0.641204 0.281901 0.639352 0.281901 0.637963 0.282422 0.634259 0.283464 0.629167 0.283464 0.627315 0.283984 0.625463 0.283984 0.624074 0.284505 0.620370 0.285286 0.617130 0.285807 0.613426 0.286849 0.609722 0.286849 0.608796 0.287891 0.605093 0.290365 0.600694 0.291667 0.599306 0.292448 0.597917 0.294792 0.595602 0.304688 0.595602 0.304948 0.596065 0.315365 0.596065 0.315625 0.596528 0.330469 0.596528 0.330729 0.596991 0.334896 0.596991 0.335156 0.597454 0.341146 0.597454 0.341406 0.597917 0.350781 0.597917 0.351042 0.598380 0.356510 0.598380 0.356771 0.598843 0.367188 0.598843 0.367448 0.599306 0.372656 0.599306 0.372917 0.599769 0.380729 0.599769 0.380990 0.600231 0.385156 0.600231 0.385417 0.600694 0.395833 0.600694 0.396094 0.601157 0.401042 0.601157 0.401302 0.601620 0.405729 0.601620 0.405990 0.602083 0.410677 0.602083 0.410938 0.602546 0.417187 0.602546 0.417448 0.603009 0.426823 0.603009 0.427083 0.603472 0.438021 0.603472 0.438281 0.603009 0.440365 0.603009 0.440625 0.603472 0.456771 0.603472 0.457031 0.603935 0.458594 0.603935 0.459375 0.604398 0.461198 0.606250 0.464714 0.612500 0.465755 0.615278 0.469661 0.622222 0.469661 0.622685 0.472266 0.627315 0.473047 0.629630 0.473307 0.631944 0.473828 0.634259 0.473828 0.640741 0.473568 0.641204 0.473568 0.646296 0.473307 0.646759 0.473307 0.650926 0.473047 0.651389 0.473047 0.655093 0.472786 0.655556 0.472786 0.657870 0.472526 0.658333 0.472526 0.661111 0.472266 0.661574 0.472266 0.665278 0.472005 0.665741 0.472005 0.670370 0.471745 0.670833 0.471745 0.676852 0.471484 0.677315 0.471484 0.680093 0.471224 0.680556 0.471224 0.682870 0.470964 0.683333 0.470964 0.686574 0.470703 0.687037 0.470703 0.691204 0.470443 0.691667 0.470443 0.694444 0.470182 0.694907 0.470182 0.698148 0.469922 0.698611 0.469922 0.704167 0.469661 0.704630 0.469661 0.707407 0.469401 0.707870 0.469401 0.710648 0.469141 0.711111 0.469141 0.713889 0.468880 0.714352 0.468880 0.717130 0.468620 0.717593 0.468620 0.720833 0.468359 0.721296 0.468359 0.724537 0.468099 0.725000 0.468099 0.727778 0.467839 0.728241 0.467839 0.731944 0.467578 0.732407 0.467578 0.735185 0.467318 0.735648 0.467318 0.738426 0.466797 0.741204 0.466797 0.744907 0.466536 0.745370 0.466536 0.750000 0.466276 0.750463 0.466276 0.755556 0.466016 0.756019 0.466016 0.760648 0.465755 0.761111 0.465755 0.763889 0.465495 0.764352 0.465495 0.767593 0.465234 0.768056 0.465234 0.771759 0.464974 0.772222 0.464974 0.775463 0.464714 0.775926 0.464714 0.778704 0.464453 0.779167 0.464453 0.784259 0.464193 0.784722 0.464193 0.789352 0.463932 0.789815 0.463932 0.792593 0.463672 0.793056 0.463672 0.796296 0.463411 0.796759 0.463411 0.800463 0.463151 0.800926 0.463151 0.803241 0.462630 0.806019 0.462630 0.810185 0.462370 0.810648 0.462370 0.817130 0.462109 0.817593 0.462109 0.820370 0.461849 0.820833 0.461849 0.824537 0.461589 0.825000 0.461589 0.829167 0.461328 0.829630 0.461328 0.833333 0.461068 0.833796 0.461068 0.837037 0.460807 0.837500 0.460807 0.840741 0.460547 0.841204 0.460547 0.844907 0.460286 0.845370 0.460286 0.848611 0.460026 0.849074 0.460026 0.851389 0.459766 0.851852 0.459766 0.854167 0.459505 0.854630 0.459505 0.856944 0.459245 0.857407 0.459245 0.859722 0.458984 0.860185 0.458984 0.862963 0.458724 0.863426 0.458464 0.866204 0.457422 0.868981 0.455208 0.872917 0.453385 0.874769 0.452083 0.876620 0.451042 0.877546 0.446354 0.877546 0.444792 0.878472 0.442188 0.879398 0.440885 0.879398 0.439323 0.880324
 6 0.000000 0.150231 0.003125 0.150231 0.003385 0.149769 0.006250 0.149769 0.007812 0.151157 0.009115 0.151620 0.010156 0.152546 0.011328 0.154630 0.012370 0.158333 0.013411 0.160185 0.014714 0.163426 0.015234 0.165741 0.016406 0.167824 0.017708 0.169213 0.020052 0.173380 0.022917 0.175694 0.024740 0.178472 0.026042 0.179398 0.028125 0.182176 0.028385 0.182176 0.030990 0.186806 0.033333 0.189120 0.034635 0.189583 0.035937 0.190972 0.036979 0.191435 0.038281 0.191435 0.039583 0.192361 0.040365 0.192361 0.041927 0.193750 0.042448 0.194676 0.045052 0.196528 0.045573 0.197454 0.048438 0.199769 0.051823 0.203472 0.053125 0.204398 0.054948 0.207639 0.057292 0.209491 0.059635 0.213657 0.059896 0.213657 0.061979 0.216898 0.062760 0.217361 0.064583 0.219213 0.064974 0.220370 0.066406 0.222917 0.067969 0.224306 0.068490 0.224306 0.069792 0.225694 0.072135 0.228935 0.072917 0.229398 0.075521 0.232176 0.077344 0.235417 0.078906 0.236806 0.080469 0.237731 0.080859 0.238889 0.082552 0.241898 0.084375 0.243287 0.085677 0.244676 0.086979 0.246528 0.088542 0.249306 0.090104 0.251157 0.092188 0.253009 0.093490 0.255324 0.095833 0.257176 0.096615 0.258102 0.099219 0.262731 0.102604 0.265972 0.104948 0.270139 0.107031 0.271991 0.109896 0.277083 0.112240 0.278935 0.114583 0.281250 0.115625 0.282639 0.118099 0.287037 0.118359 0.288426 0.118099 0.290741 0.118099 0.293056 0.117318 0.296296 0.116536 0.301389 0.115234 0.307870 0.113151 0.312963 0.111849 0.320833 0.110807 0.323148 0.109245 0.325926 0.108724 0.327778 0.107682 0.336111 0.106641 0.340741 0.105599 0.343519 0.105599 0.344444 0.104818 0.346759 0.104297 0.350926 0.103516 0.353241 0.102214 0.355556 0.101693 0.356944 0.100651 0.361574 0.100651 0.363426 0.100130 0.365741 0.098568 0.368981 0.097266 0.373611 0.096745 0.376852 0.096484 0.379630 0.095443 0.382870 0.093359 0.386574 0.092578 0.389815 0.092318 0.393981 0.091797 0.395370 0.091536 0.398148 0.091016 0.400000 0.090234 0.401389 0.089714 0.405093 0.088672 0.409259 0.088672 0.410185 0.087630 0.413426 0.086328 0.416204 0.085807 0.418519 0.085547 0.420833 0.083464 0.426852 0.080729 0.430787 0.078646 0.432176 0.077604 0.432176 0.075521 0.433565 0.073438 0.433565 0.073177 0.434028 0.067969 0.434028 0.067708 0.434491 0.065625 0.434491 0.065365 0.434954 0.057292 0.434954 0.057031 0.435417 0.051302 0.435417 0.051042 0.435880 0.042448 0.435880 0.042188 0.436343 0.033854 0.436343 0.033594 0.436806 0.030469 0.436806 0.029427 0.436343 0.029167 0.436806 0.021615 0.436806 0.021354 0.437269 0.015365 0.437269 0.015104 0.437731 0.010417 0.437731 0.009115 0.438194 0.008854 0.437731 0.002604 0.437731 0.002344 0.438194 0.000000 0.438194
 6 0.039453 0.280093 0.039583 0.279861 0.043490 0.279861 0.043750 0.279398 0.045312 0.279398 0.046875 0.278472 0.048958 0.278472 0.049219 0.278009 0.052344 0.278009 0.052604 0.277546 0.054948 0.277546 0.055208 0.277083 0.056771 0.277083 0.058073 0.276157 0.061458 0.275231 0.062500 0.274306 0.064583 0.273380 0.065885 0.273380 0.066146 0.272917 0.069531 0.272917 0.071094 0.273843 0.072917 0.273843 0.073958 0.272917 0.075260 0.272454 0.076823 0.272454 0.077604 0.273380 0.079427 0.276620 0.080469 0.276620 0.081641 0.275000 0.081901 0.273148 0.080599 0.268981 0.080599 0.268056 0.079427 0.265972 0.078385 0.265046 0.077604 0.263657 0.076042 0.261806 0.073177 0.259491 0.070312 0.255787 0.069010 0.253472 0.068750 0.253472 0.067448 0.251157 0.065885 0.249769 0.065365 0.248843 0.064062 0.247917 0.062891 0.245833 0.062109 0.243519 0.061589 0.241204 0.060677 0.239583 0.059635 0.238657 0.057292 0.237731 0.055990 0.236806 0.054948 0.236806 0.053646 0.235880 0.051953 0.232870 0.051042 0.230787 0.050781 0.230787 0.048698 0.228009 0.047396 0.227083 0.045312 0.223843 0.044271 0.224306 0.042708 0.227083 0.042448 0.227083 0.041016 0.229630 0.039974 0.233333 0.039974 0.234259 0.038411 0.239352 0.037630 0.241204 0.036328 0.243519 0.035547 0.246296 0.035286 0.250000 0.034505 0.252778 0.033464 0.254630 0.032943 0.256944 0.031380 0.262500 0.029036 0.266667 0.028516 0.268981 0.028516 0.270833 0.027995 0.273148 0.027995 0.275000 0.028516 0.277315 0.029687 0.278935 0.030729 0.279398 0.032031 0.279398 0.032292 0.279861 0.034896 0.279861 0.035156 0.280324 0.039323 0.280324 0.039453 0.280093
 6 0.014193 0.330556 0.014453 0.328704 0.014063 0.327083 0.013151 0.328704 0.013151 0.330093 0.013542 0.330787 0.014193 0.330556
 8 0.031120 0.000000 0.031120 0.002315 0.033333 0.003472 0.034375 0.004398 0.035156 0.004398 0.036198 0.005324 0.037760 0.007639 0.039844 0.009491 0.040885 0.011343 0.041276 0.012963 0.042057 0.014352 0.042318 0.016204 0.043229 0.016898 0.045573 0.019676 0.046094 0.019676 0.047005 0.021296 0.047266 0.023148 0.048438 0.025231 0.049219 0.026157 0.050260 0.026620 0.051432 0.028704 0.051693 0.030093 0.052865 0.032176 0.054688 0.033102 0.055599 0.035185 0.055859 0.037500 0.056510 0.038657 0.058333 0.039583 0.059766 0.042130 0.060026 0.043981 0.060937 0.045602 0.062760 0.046991 0.063932 0.049074 0.064844 0.051157 0.066146 0.052083 0.067578 0.054167 0.068620 0.057870 0.070833 0.059954 0.073177 0.065046 0.074479 0.065972 0.076432 0.069444 0.077214 0.071759 0.078125 0.072454 0.079167 0.074306 0.080990 0.075694 0.082552 0.076157 0.084115 0.078009 0.087240 0.078009 0.088151 0.078704 0.088151 0.080556 0.086849 0.082407 0.086589 0.085648 0.087109 0.087500 0.088802 0.089120 0.089844 0.089583 0.091016 0.091667 0.091406 0.092824 0.092969 0.093750 0.094792 0.093750 0.095443 0.094444 0.095703 0.095833 0.095703 0.099537 0.096094 0.100231 0.096875 0.100231 0.098177 0.101620 0.098698 0.101620 0.100260 0.103009 0.101693 0.105093 0.103516 0.110185 0.103776 0.113426 0.104948 0.114120 0.107031 0.116435 0.107813 0.117824 0.108854 0.118750 0.110417 0.121528 0.112760 0.123380 0.113932 0.125463 0.114193 0.127315 0.114714 0.128704 0.116667 0.131250 0.117839 0.133333 0.117839 0.133796 0.119792 0.136343 0.121354 0.137731 0.122786 0.141204 0.123698 0.142824 0.125000 0.144213 0.127344 0.148380 0.128906 0.150231 0.131250 0.152083 0.132552 0.153935 0.133854 0.156250 0.136458 0.159028 0.137500 0.160417 0.138802 0.162731 0.141406 0.165509 0.144792 0.171528 0.146875 0.173843 0.148177 0.176157 0.148438 0.176157 0.150000 0.178472 0.150781 0.178935 0.154688 0.185880 0.154948 0.185880 0.157812 0.190972 0.159896 0.192824 0.161458 0.195139 0.162500 0.196065 0.164583 0.196528 0.165625 0.197454 0.167187 0.197454 0.167448 0.196991 0.171354 0.196991 0.171615 0.197454 0.173177 0.197454 0.174219 0.198380 0.179167 0.207176 0.180469 0.208565 0.181771 0.210417 0.183073 0.211806 0.184375 0.213657 0.186849 0.218056 0.187630 0.220833 0.189974 0.225000 0.190755 0.226852 0.191016 0.230093 0.191276 0.230556 0.191276 0.233333 0.189974 0.237500 0.189453 0.238426 0.188411 0.243056 0.188411 0.244907 0.187891 0.246759 0.187370 0.250000 0.186849 0.251389 0.186849 0.252778 0.186328 0.254630 0.185547 0.261111 0.185026 0.263426 0.183724 0.267593 0.183464 0.269907 0.182682 0.273148 0.181380 0.276389 0.180599 0.279630 0.180599 0.281019 0.180078 0.284722 0.179557 0.286574 0.179297 0.288889 0.176432 0.299074 0.176172 0.301389 0.175651 0.302778 0.175130 0.306019 0.173828 0.310185 0.173047 0.315278 0.170964 0.322222 0.170443 0.325000 0.170443 0.326389 0.169922 0.327778 0.169922 0.329167 0.169401 0.331481 0.168359 0.334722 0.167839 0.338426 0.167318 0.339815 0.166797 0.343056 0.164714 0.349074 0.163672 0.355556 0.163151 0.357407 0.162630 0.361111 0.161328 0.365278 0.161068 0.368519 0.160286 0.372222 0.159505 0.374537 0.158464 0.376852 0.157422 0.380556 0.157161 0.383333 0.156641 0.386111 0.154818 0.393981 0.154036 0.400000 0.152474 0.404630 0.151432 0.410185 0.150391 0.413426 0.149349 0.417593 0.149089 0.419907 0.148568 0.421759 0.148307 0.424074 0.146484 0.430556 0.145964 0.433333 0.145182 0.435648 0.143099 0.444907 0.142318 0.446296 0.141536 0.449537 0.141536 0.451389 0.141016 0.455093 0.140495 0.456481 0.139714 0.460185 0.138932 0.462500 0.138672 0.464815 0.138151 0.466667 0.137891 0.468981 0.135286 0.478241 0.134766 0.481481 0.133464 0.485648 0.132943 0.487963 0.132682 0.490278 0.132161 0.491667 0.131901 0.493981 0.130339 0.500926 0.129297 0.504630 0.129036 0.506944 0.127734 0.512037 0.126172 0.515741 0.125651 0.518519 0.125130 0.519907 0.124609 0.522685 0.123828 0.528241 0.122526 0.532407 0.122526 0.533796 0.122005 0.535648 0.122005 0.537037 0.120182 0.542593 0.119661 0.543519 0.118880 0.546759 0.118359 0.548148 0.117839 0.551852 0.117318 0.553704 0.117057 0.556019 0.116536 0.557870 0.116276 0.560185 0.115755 0.562037 0.115495 0.564815 0.113932 0.570370 0.113151 0.572685 0.113151 0.573611 0.111589 0.578704 0.110547 0.582870 0.110026 0.585648 0.109505 0.587037 0.108984 0.590278 0.108464 0.591667 0.108203 0.593981 0.107161 0.597222 0.107161 0.598148 0.106380 0.600463 0.106380 0.601389 0.105339 0.605093 0.105339 0.606019 0.104036 0.609722 0.102734 0.614352 0.102474 0.616667 0.101953 0.618519 0.101953 0.619907 0.101432 0.621296 0.100651 0.625000 0.099349 0.629167 0.099089 0.631481 0.098568 0.632870 0.097786 0.637963 0.096745 0.641204 0.096224 0.642130 0.095182 0.646759 0.094661 0.650926 0.094141 0.652778 0.093620 0.656019 0.091276 0.663889 0.091276 0.664352 0.089974 0.668981 0.089714 0.671296 0.089193 0.673611 0.087891 0.677778 0.087630 0.679167 0.086849 0.681019 0.086328 0.683333 0.086068 0.685648 0.085547 0.687963 0.083464 0.695833 0.082943 0.697222 0.082422 0.700926 0.081901 0.702778 0.081380 0.706019 0.080599 0.708333 0.079557 0.710648 0.078516 0.715278 0.077995 0.716667 0.077734 0.718981 0.076693 0.722685 0.076693 0.723611 0.075911 0.725926 0.075651 0.728241 0.074349 0.734259 0.073307 0.737037 0.071224 0.744444 0.069922 0.750926 0.069401 0.752315 0.068880 0.756019 0.068620 0.756481 0.068099 0.760185 0.067057 0.763889 0.066536 0.767593 0.064714 0.775000 0.063672 0.777315 0.062370 0.783333 0.061849 0.785185 0.060807 0.790741 0.060286 0.791667 0.060026 0.793519 0.059245 0.795833 0.057682 0.802778 0.056120 0.807870 0.055859 0.810185 0.055339 0.812037 0.055339 0.813426 0.054557 0.816667 0.054557 0.817593 0.053516 0.820833 0.053516 0.821759 0.052214 0.825926 0.051693 0.828241 0.051172 0.831944 0.050651 0.833333 0.050130 0.837037 0.049609 0.839352 0.048568 0.842593 0.047266 0.847222 0.046745 0.849537 0.045964 0.854630 0.045443 0.856019 0.044922 0.859259 0.043880 0.862037 0.043359 0.864352 0.042839 0.868519 0.042318 0.871296 0.040495 0.877315 0.039974 0.879630 0.039714 0.881944 0.039193 0.883333 0.038672 0.887037 0.038151 0.888426 0.037630 0.892130 0.036589 0.896296 0.036589 0.897685 0.035026 0.905093 0.034766 0.907407 0.034245 0.909722 0.032943 0.913889 0.032943 0.914815 0.031901 0.918056 0.031641 0.920370 0.031120 0.922222 0.031120 0.923611 0.030599 0.925463 0.030599 0.926852 0.029818 0.929630 0.029818 0.930556 0.028776 0.933796 0.027734 0.940278 0.026693 0.943981 0.026432 0.946296 0.025911 0.947685 0.025651 0.950000 0.025130 0.951852 0.024609 0.956019 0.024089 0.957870 0.023828 0.961111 0.023307 0.962963 0.023307 0.964352 0.022526 0.967593 0.022526 0.968519 0.020182 0.976852 0.019661 0.981019 0.018880 0.984259 0.018359 0.987500 0.017057 0.991204 0.017057 0.991667 0.015625 0.994213 0.014063 0.996065 0.007812 0.996065 0.007552 0.996528 0.003646 0.996528 0.003385 0.996065 0.000000 0.996065
 8 0.096094 0.054398 0.095052 0.054398 0.094401 0.052778 0.094401 0.051852 0.095052 0.050231 0.096094 0.050231 0.096745 0.051852 0.096745 0.053241 0.096094 0.054398
 8 0.080469 0.068287 0.078906 0.068287 0.078255 0.066667 0.078516 0.064815 0.079427 0.063194 0.080208 0.063194 0.081380 0.064815 0.081380 0.066667 0.080469 0.068287
 8 0.111979 0.082639 0.110677 0.082639 0.109505 0.080556 0.109505 0.076852 0.110026 0.074074 0.110417 0.073380 0.111198 0.073380 0.111849 0.074537 0.112109 0.076389 0.113411 0.078704 0.113672 0.080556 0.113021 0.081713 0.111979 0.082639
 8 0.049870 0.284259 0.051562 0.283102 0.052083 0.283102 0.052995 0.281944 0.052995 0.280093 0.051823 0.278472 0.051042 0.278472 0.049740 0.277546 0.047917 0.277546 0.046875 0.278009 0.045052 0.279861 0.044271 0.279861 0.043229 0.278935 0.041927 0.278935 0.040885 0.278472 0.039583 0.278935 0.037891 0.280093 0.039062 0.282176 0.039844 0.282639 0.042708 0.282639 0.043750 0.282176 0.044271 0.281250 0.045312 0.281250 0.045443 0.281944 0.048177 0.284491 0.049870 0.284259
 8 0.029557 0.282407 0.030208 0.282176 0.031120 0.280093 0.030208 0.279861 0.029167 0.278935 0.025781 0.278935 0.024870 0.280093 0.024870 0.281481 0.025781 0.282639 0.029427 0.282639 0.029557 0.282407
 8 0.056120 0.296296 0.056771 0.296065 0.056901 0.294907 0.056250 0.293750 0.055859 0.293981 0.055859 0.296296 0.056120 0.296296
 8 0.021224 0.353241 0.022135 0.353009 0.023177 0.351620 0.023698 0.351620 0.024089 0.349537 0.023438 0.348380 0.022135 0.346991 0.020833 0.346991 0.020313 0.347454 0.018880 0.350000 0.018880 0.351389 0.019531 0.352546 0.021224 0.353241
 8 0.010026 0.381481 0.010677 0.381250 0.011849 0.379167 0.010677 0.377083 0.007031 0.377083 0.006641 0.377778 0.006641 0.379167 0.008073 0.380787 0.010026 0.381481
 8 0.068099 0.393981 0.068880 0.393056 0.067708 0.392824 0.067578 0.393981 0.068099 0.393981
 8 0.056120 0.420833 0.056120 0.420833
