 1 0.577344 0.401620 0.572396 0.401620 0.572135 0.401157 0.563542 0.401157 0.563281 0.400694 0.560417 0.400694 0.560156 0.400231 0.554167 0.400231 0.553906 0.399769 0.547917 0.399769 0.547656 0.399306 0.546094 0.399306 0.545833 0.398843 0.539062 0.398843 0.538802 0.398380 0.534635 0.398380 0.534375 0.397917 0.532031 0.397917 0.531771 0.398380 0.523698 0.398380 0.523438 0.397917 0.520052 0.397917 0.519792 0.397454 0.505990 0.397454 0.505729 0.396991 0.502865 0.396991 0.502604 0.396528 0.497396 0.396528 0.493750 0.395139 0.492188 0.393750 0.490495 0.390741 0.489714 0.387963 0.489453 0.385185 0.489193 0.384722 0.489193 0.382407 0.488932 0.381944 0.488932 0.379167 0.488672 0.378704 0.488672 0.330556 0.488411 0.330093 0.488411 0.295833 0.488151 0.295370 0.488151 0.252315 0.487891 0.251852 0.487891 0.224074 0.487630 0.223611 0.487630 0.173148 0.487370 0.172685 0.487370 0.155093 0.487630 0.154630 0.487630 0.151389 0.487891 0.150926 0.487891 0.148611 0.488672 0.143981 0.489193 0.142593 0.490234 0.137963 0.492057 0.134259 0.492839 0.131481 0.493099 0.129167 0.493620 0.127315 0.494401 0.125926 0.495182 0.121759 0.497005 0.115741 0.497526 0.112963 0.498047 0.112037 0.498568 0.109722 0.499089 0.108796 0.499609 0.106481 0.501432 0.102778 0.503516 0.096759 0.504557 0.094444 0.506510 0.090972 0.507292 0.090046 0.509635 0.088194 0.511719 0.088194 0.511979 0.087731 0.520573 0.087731 0.520833 0.087269 0.522917 0.087269 0.523177 0.087731 0.528125 0.087731 0.528385 0.088194 0.534115 0.088194 0.534375 0.088657 0.538281 0.088657 0.538542 0.089120 0.557552 0.089120 0.557813 0.089583 0.559375 0.089583 0.559635 0.090046 0.563281 0.090046 0.564063 0.089583 0.565625 0.090509 0.566927 0.090509 0.567187 0.090972 0.569531 0.090972 0.569792 0.090509 0.578906 0.090509 0.579167 0.090972 0.583594 0.090972 0.583854 0.091435 0.586458 0.091435 0.586719 0.091898 0.588021 0.091898 0.589844 0.093287 0.591536 0.096296 0.591536 0.096759 0.593099 0.100926 0.594401 0.106481 0.595443 0.109259 0.595443 0.110185 0.596224 0.112963 0.596484 0.115278 0.596484 0.118056 0.596745 0.118519 0.596745 0.120833 0.597526 0.125926 0.600130 0.133796 0.600651 0.136111 0.600651 0.137500 0.601172 0.139352 0.602214 0.145833 0.602474 0.148148 0.602474 0.152778 0.602734 0.153241 0.602734 0.157870 0.602474 0.158333 0.602474 0.162963 0.602214 0.163426 0.602214 0.167130 0.601953 0.167593 0.601953 0.173148 0.601693 0.173611 0.601693 0.178704 0.601432 0.179167 0.601432 0.182407 0.601172 0.182870 0.601172 0.185648 0.600911 0.186111 0.600911 0.188889 0.600651 0.189352 0.600651 0.192130 0.600391 0.192593 0.600391 0.195833 0.600130 0.196296 0.600130 0.200463 0.599870 0.200926 0.599870 0.203704 0.599609 0.204167 0.599609 0.206481 0.599349 0.206944 0.599349 0.209722 0.599089 0.210185 0.599089 0.212963 0.598828 0.213426 0.598828 0.215741 0.598568 0.216204 0.598568 0.219444 0.598307 0.219907 0.598307 0.225000 0.598047 0.225463 0.598047 0.228704 0.597786 0.229167 0.597786 0.232407 0.597526 0.232870 0.597526 0.236111 0.597266 0.236574 0.597266 0.241667 0.597005 0.242130 0.597005 0.247685 0.596745 0.248148 0.596745 0.251852 0.596484 0.252315 0.596484 0.256944 0.596224 0.257407 0.596224 0.261111 0.595703 0.263426 0.595443 0.265741 0.595443 0.268056 0.595182 0.268519 0.595182 0.271759 0.594922 0.272222 0.594922 0.274537 0.594661 0.275000 0.594661 0.278241 0.594401 0.278704 0.594401 0.282870 0.594141 0.283333 0.594141 0.287963 0.593880 0.288426 0.593880 0.292130 0.593620 0.292593 0.593620 0.295833 0.593359 0.296296 0.593359 0.298611 0.593099 0.299074 0.593099 0.301852 0.592839 0.302315 0.592839 0.306019 0.592578 0.306481 0.592578 0.309722 0.592057 0.312500 0.592057 0.314815 0.591797 0.315278 0.591797 0.319444 0.591536 0.319907 0.591536 0.322222 0.591276 0.322685 0.591276 0.325000 0.591016 0.325463 0.591016 0.328704 0.590755 0.329167 0.590755 0.333796 0.590495 0.334259 0.590495 0.337963 0.590234 0.338426 0.590234 0.341204 0.589974 0.341667 0.589974 0.344444 0.589714 0.344907 0.589714 0.347685 0.589453 0.348148 0.589453 0.350463 0.589193 0.350926 0.589193 0.357870 0.588932 0.358333 0.588932 0.364352 0.588672 0.364815 0.588672 0.368519 0.588411 0.368981 0.588411 0.372222 0.588151 0.372685 0.588151 0.375463 0.587891 0.375926 0.587891 0.378241 0.587630 0.378704 0.587630 0.381481 0.587370 0.381944 0.587370 0.384722 0.586849 0.387963 0.586328 0.389352 0.586068 0.391204 0.585026 0.393981 0.583073 0.397454 0.581510 0.398843 0.580469 0.400231 0.577344 0.401620
 3 0.501823 0.529861 0.497135 0.529861 0.496875 0.529398 0.495052 0.528935 0.493490 0.528009 0.491536 0.524537 0.491016 0.520833 0.491016 0.513889 0.491276 0.513426 0.491276 0.510648 0.492057 0.507407 0.492969 0.505324 0.495052 0.503472 0.496354 0.503009 0.497917 0.503009 0.498177 0.502546 0.500260 0.502546 0.500911 0.501389 0.501172 0.499537 0.501172 0.490278 0.501432 0.488426 0.502214 0.485648 0.503646 0.483102 0.505729 0.481250 0.507552 0.481250 0.507812 0.480787 0.510417 0.480787 0.511719 0.481250 0.514323 0.483102 0.515755 0.485648 0.516536 0.489352 0.516536 0.492130 0.516797 0.492593 0.516797 0.497685 0.516536 0.498148 0.515755 0.501852 0.514062 0.504861 0.512760 0.505787 0.510938 0.506250 0.509635 0.507176 0.508854 0.507176 0.507812 0.508102 0.507161 0.509259 0.507161 0.512500 0.507422 0.512963 0.507422 0.519444 0.506380 0.524074 0.504167 0.528009 0.501823 0.529861
 4 0.600260 0.482176 0.597656 0.482176 0.597396 0.481713 0.596094 0.481713 0.594792 0.480787 0.593359 0.478704 0.592318 0.475463 0.592318 0.467593 0.593359 0.463426 0.594271 0.461806 0.595833 0.460417 0.597135 0.460417 0.597396 0.459954 0.600781 0.459954 0.603906 0.462269 0.604818 0.463889 0.605599 0.467593 0.605078 0.472222 0.605078 0.474537 0.604297 0.478704 0.603385 0.480324 0.602344 0.481250 0.601562 0.481250 0.600260 0.482176
 4 0.471094 0.522917 0.467448 0.522917 0.467187 0.522454 0.465625 0.522454 0.464323 0.521528 0.462891 0.518981 0.462370 0.516204 0.462370 0.513889 0.462109 0.513426 0.462109 0.507407 0.462370 0.506944 0.462891 0.502315 0.463802 0.500694 0.465885 0.498843 0.466667 0.498843 0.467318 0.500000 0.468620 0.503704 0.469141 0.507407 0.470182 0.510648 0.470182 0.511574 0.471224 0.514815 0.471745 0.517130 0.471745 0.520370 0.471484 0.522222 0.471094 0.522917
 4 0.473958 0.550231 0.471094 0.550231 0.469922 0.548148 0.469922 0.545833 0.469661 0.545370 0.469661 0.542593 0.469401 0.540278 0.468880 0.538889 0.468880 0.534722 0.469922 0.528704 0.471094 0.526157 0.471615 0.526157 0.473438 0.527546 0.474089 0.528704 0.474089 0.550000 0.473958 0.550231
 5 0.213802 0.573843 0.211198 0.573843 0.208854 0.572454 0.207422 0.569907 0.206380 0.565278 0.206120 0.562963 0.205599 0.561574 0.205078 0.558796 0.204557 0.553704 0.204297 0.553241 0.204297 0.550926 0.205339 0.547685 0.206510 0.545602 0.208594 0.543750 0.210156 0.543287 0.211458 0.542361 0.214323 0.542361 0.216406 0.543750 0.217318 0.545370 0.217578 0.546759 0.218880 0.550000 0.219922 0.553704 0.219922 0.554630 0.220703 0.557407 0.221224 0.558333 0.221745 0.562037 0.221745 0.565278 0.221484 0.566667 0.220052 0.569213 0.219271 0.570139 0.217448 0.571528 0.216667 0.572454 0.213802 0.573843
 5 0.194010 0.577546 0.193229 0.577083 0.192578 0.575926 0.192057 0.573611 0.190755 0.570833 0.190755 0.570370 0.189583 0.568287 0.188542 0.567361 0.186198 0.567361 0.185938 0.566898 0.183854 0.566898 0.182552 0.566435 0.180990 0.565046 0.180078 0.562037 0.179818 0.559259 0.180078 0.557407 0.181120 0.553704 0.182031 0.552083 0.184896 0.549769 0.185938 0.549306 0.187240 0.549306 0.187500 0.548843 0.190365 0.548843 0.191667 0.549769 0.192969 0.550231 0.194401 0.552778 0.195182 0.556019 0.196745 0.559722 0.197266 0.562037 0.197786 0.562963 0.198828 0.566667 0.198568 0.568981 0.198568 0.572222 0.198307 0.573148 0.197135 0.575231 0.196094 0.576157 0.194792 0.576620 0.194010 0.577546
 5 0.186458 0.598843 0.184896 0.598380 0.181641 0.592593 0.180339 0.588889 0.179557 0.587500 0.178776 0.585185 0.178255 0.582870 0.177214 0.580556 0.177214 0.577778 0.177734 0.575463 0.177734 0.573148 0.178516 0.570370 0.180208 0.567361 0.181250 0.566435 0.183594 0.566435 0.183854 0.566898 0.188802 0.566898 0.189583 0.567824 0.190755 0.570833 0.191536 0.572222 0.192839 0.575926 0.193880 0.577778 0.194141 0.579630 0.195443 0.585185 0.195443 0.588426 0.194922 0.590278 0.194661 0.592593 0.193490 0.594676 0.190625 0.596528 0.189062 0.597917 0.188021 0.597917 0.186458 0.598843
 5 0.207031 0.614120 0.202604 0.614120 0.201563 0.613657 0.200651 0.612037 0.199349 0.606481 0.197786 0.599074 0.197786 0.597222 0.197005 0.594907 0.196745 0.592593 0.197786 0.589352 0.198047 0.587037 0.199479 0.584491 0.202083 0.582639 0.203906 0.582176 0.204167 0.581713 0.208333 0.581713 0.210417 0.583565 0.211328 0.585185 0.212109 0.587963 0.212630 0.588889 0.213411 0.591667 0.213411 0.592593 0.214453 0.596296 0.215495 0.599074 0.215755 0.600463 0.215755 0.602778 0.215495 0.605093 0.214714 0.607870 0.212500 0.610880 0.210417 0.612731 0.208854 0.613657 0.207292 0.613657 0.207031 0.614120
 5 0.180208 0.621991 0.177865 0.621991 0.176563 0.621065 0.174609 0.617593 0.172786 0.610648 0.171224 0.606944 0.170964 0.603704 0.170703 0.603241 0.170703 0.599537 0.170964 0.599074 0.172266 0.594444 0.173437 0.592361 0.175000 0.590972 0.176563 0.590972 0.177344 0.590509 0.178906 0.591435 0.179688 0.592361 0.180990 0.592824 0.181771 0.593750 0.184115 0.597917 0.184375 0.597917 0.187630 0.603704 0.188672 0.606019 0.189193 0.607870 0.189193 0.610185 0.189453 0.610648 0.189453 0.613889 0.188021 0.616898 0.186198 0.619213 0.184375 0.620602 0.182552 0.621065 0.182292 0.621528 0.180469 0.621528 0.180208 0.621991
 7 0.194010 0.734028 0.191667 0.733565 0.190885 0.732639 0.189844 0.732176 0.188672 0.730093 0.188672 0.729630 0.187109 0.726389 0.186589 0.724537 0.183984 0.718981 0.183724 0.717593 0.183724 0.706944 0.183984 0.706481 0.183984 0.697685 0.182682 0.694444 0.181641 0.690741 0.181380 0.688426 0.180599 0.685648 0.179557 0.683333 0.178255 0.678241 0.177214 0.675000 0.176693 0.672222 0.176432 0.668981 0.175391 0.665741 0.172526 0.660648 0.170703 0.655093 0.170703 0.654167 0.169922 0.651852 0.169922 0.650926 0.169141 0.649074 0.168359 0.645833 0.167057 0.641667 0.166536 0.638889 0.165495 0.635185 0.165495 0.630093 0.165755 0.627778 0.166276 0.625926 0.166276 0.624537 0.167839 0.616667 0.168620 0.614352 0.169141 0.611574 0.170573 0.609028 0.171224 0.608333 0.171484 0.606944 0.171484 0.599537 0.173047 0.593056 0.174219 0.590509 0.177604 0.590509 0.177865 0.590046 0.179167 0.590046 0.181250 0.588194 0.181901 0.589815 0.181901 0.592593 0.182422 0.594444 0.183594 0.596528 0.184896 0.597917 0.185417 0.597917 0.186979 0.599306 0.188542 0.601620 0.189323 0.601620 0.191927 0.596991 0.192969 0.596065 0.194141 0.593981 0.194661 0.590741 0.195573 0.589120 0.196615 0.588657 0.197786 0.586111 0.198047 0.584722 0.199219 0.582639 0.201302 0.580787 0.202344 0.580787 0.204687 0.578935 0.205729 0.578935 0.207813 0.577083 0.208333 0.576157 0.209375 0.576157 0.211458 0.577546 0.212760 0.577546 0.214844 0.575231 0.216797 0.571759 0.217057 0.570370 0.218099 0.568056 0.218620 0.566204 0.218620 0.564815 0.216927 0.561806 0.216146 0.561343 0.212240 0.561343 0.211719 0.561806 0.210026 0.564815 0.209505 0.567130 0.208333 0.568750 0.207292 0.567361 0.206380 0.565278 0.206380 0.557407 0.205599 0.553704 0.205599 0.552315 0.208203 0.547685 0.209115 0.545602 0.210417 0.545139 0.213542 0.545139 0.213802 0.545602 0.215885 0.546528 0.219661 0.553241 0.220312 0.555324 0.221615 0.556250 0.222266 0.558333 0.222266 0.563889 0.222917 0.565509 0.223698 0.565972 0.227083 0.565972 0.228516 0.564815 0.227604 0.564120 0.226693 0.562037 0.226172 0.559259 0.226172 0.557870 0.224740 0.554861 0.223698 0.553935 0.223047 0.552778 0.224479 0.552083 0.225781 0.552083 0.226042 0.551620 0.228125 0.551620 0.228385 0.551157 0.230729 0.551157 0.230990 0.550694 0.233333 0.550694 0.233594 0.550231 0.235156 0.550231 0.236458 0.549769 0.238802 0.548380 0.240104 0.547917 0.243490 0.547917 0.245052 0.545602 0.246094 0.545139 0.246875 0.544213 0.248698 0.544213 0.250260 0.544676 0.251042 0.545602 0.251432 0.547222 0.252344 0.548843 0.253125 0.547454 0.254688 0.546065 0.255208 0.546065 0.257031 0.544213 0.259635 0.542824 0.262500 0.542824 0.262760 0.542361 0.264062 0.542361 0.265104 0.541435 0.265885 0.541435 0.267708 0.540509 0.268490 0.539583 0.270313 0.538657 0.272656 0.538657 0.274219 0.539583 0.275651 0.542130 0.275911 0.543519 0.276953 0.546759 0.277474 0.549074 0.277734 0.551389 0.278516 0.555093 0.279557 0.557407 0.280339 0.559722 0.280599 0.561574 0.280599 0.563889 0.280859 0.564352 0.280859 0.567130 0.281380 0.569907 0.282422 0.573611 0.282422 0.575463 0.283203 0.578241 0.283203 0.579167 0.283984 0.581944 0.284245 0.584259 0.284245 0.586574 0.284766 0.589352 0.285286 0.590741 0.285807 0.593519 0.285807 0.594907 0.286328 0.597222 0.287760 0.600694 0.289323 0.602546 0.291406 0.604398 0.292839 0.606944 0.293359 0.609259 0.293359 0.610648 0.293880 0.613889 0.294401 0.615278 0.294661 0.618519 0.295182 0.620370 0.295182 0.623611 0.295443 0.624074 0.295443 0.634722 0.295703 0.635185 0.295443 0.637500 0.295443 0.646296 0.295703 0.646759 0.295703 0.658796 0.295443 0.659259 0.295443 0.668056 0.295182 0.668519 0.295182 0.678704 0.294922 0.679167 0.294922 0.682870 0.294401 0.685648 0.293880 0.689815 0.293359 0.691204 0.291146 0.695139 0.290885 0.695139 0.289583 0.697454 0.287760 0.699306 0.286979 0.699769 0.285677 0.699769 0.285417 0.700231 0.283594 0.700231 0.283333 0.700694 0.282031 0.700694 0.280729 0.701620 0.279427 0.702083 0.278125 0.702083 0.277865 0.702546 0.276302 0.702546 0.275000 0.703472 0.274219 0.703472 0.273177 0.704398 0.271354 0.704861 0.269792 0.705787 0.267969 0.705787 0.267708 0.706250 0.266146 0.706250 0.264583 0.707176 0.260417 0.708565 0.260156 0.709028 0.258854 0.709028 0.257552 0.709491 0.256510 0.710417 0.255729 0.710417 0.254688 0.711343 0.252865 0.711806 0.250521 0.713194 0.249740 0.713194 0.247656 0.714583 0.245833 0.714583 0.245573 0.715046 0.244010 0.715046 0.241927 0.716435 0.241146 0.716435 0.239844 0.717361 0.238542 0.717361 0.238281 0.717824 0.236979 0.717824 0.236719 0.718287 0.235156 0.718287 0.234896 0.718750 0.233594 0.718750 0.233333 0.719213 0.232031 0.719213 0.230469 0.720139 0.229167 0.720139 0.228906 0.720602 0.226562 0.721065 0.225260 0.721991 0.221615 0.722917 0.220573 0.723843 0.217188 0.725231 0.215104 0.726620 0.212760 0.727083 0.209375 0.728935 0.208073 0.729398 0.206510 0.729398 0.206250 0.729861 0.204687 0.729861 0.203385 0.730324 0.201042 0.731713 0.197396 0.732639 0.196094 0.733565 0.194271 0.733565 0.194010 0.734028
 7 0.189844 0.584028 0.188021 0.583565 0.186849 0.581019 0.186849 0.577778 0.187109 0.576852 0.188542 0.574306 0.189583 0.574769 0.190755 0.576852 0.191536 0.578704 0.191536 0.581481 0.190365 0.583565 0.189844 0.584028
 6 0.000000 0.617361 0.001302 0.617361 0.003255 0.620833 0.003255 0.621296 0.004557 0.623611 0.005599 0.625926 0.006380 0.628241 0.007943 0.631019 0.007943 0.631481 0.009245 0.633796 0.009245 0.634259 0.010807 0.637500 0.011589 0.639815 0.013151 0.642593 0.014193 0.644907 0.014974 0.647222 0.016016 0.649074 0.017057 0.652315 0.018099 0.654630 0.019401 0.656944 0.020182 0.659259 0.021745 0.662037 0.022526 0.663889 0.022786 0.666667 0.023047 0.667130 0.023047 0.670833 0.022526 0.671759 0.022005 0.674074 0.020964 0.676389 0.020703 0.677778 0.019661 0.680093 0.017578 0.685648 0.016536 0.689815 0.016016 0.690741 0.015495 0.693056 0.014974 0.693981 0.014193 0.697222 0.013672 0.698148 0.012109 0.702778 0.011849 0.704167 0.010286 0.707870 0.009505 0.710185 0.008724 0.713426 0.007422 0.716667 0.005859 0.722222 0.005078 0.724537 0.004297 0.725926 0.003255 0.728704 0.002474 0.732407 0.001693 0.734259 0.001302 0.735880 0.000000 0.735880
 8 0.000000 0.485417 0.001302 0.485417 0.002474 0.487500 0.002474 0.487963 0.004036 0.492130 0.004036 0.492593 0.005859 0.495833 0.006901 0.498611 0.007161 0.500000 0.008724 0.503241 0.009245 0.505093 0.010807 0.508333 0.011328 0.510648 0.012630 0.513889 0.014193 0.516667 0.014453 0.518056 0.015495 0.520833 0.016797 0.523148 0.017578 0.525926 0.018099 0.528704 0.019010 0.530324 0.020573 0.531713 0.021745 0.534259 0.022005 0.535648 0.023568 0.539352 0.024609 0.542593 0.024609 0.543519 0.025391 0.545833 0.026172 0.547222 0.027734 0.551852 0.030599 0.558333 0.030859 0.559722 0.032422 0.563889 0.033724 0.566204 0.034505 0.568519 0.035286 0.569907 0.036589 0.573148 0.037109 0.575463 0.037630 0.576389 0.038411 0.579630 0.039453 0.582407 0.042578 0.587963 0.044661 0.593056 0.045964 0.597222 0.047266 0.599537 0.048307 0.603241 0.048307 0.604167 0.050391 0.608796 0.051693 0.612500 0.053125 0.615046 0.054948 0.616435 0.055990 0.616898 0.059896 0.616898 0.063542 0.618750 0.064583 0.619676 0.067318 0.624537 0.067318 0.625000 0.069922 0.629630 0.071484 0.633796 0.071484 0.637500 0.071224 0.637963 0.070964 0.640741 0.069661 0.644444 0.069661 0.644907 0.068099 0.648148 0.065755 0.656481 0.064193 0.660648 0.064193 0.661574 0.062630 0.666667 0.061589 0.668981 0.060547 0.672222 0.060026 0.673148 0.059245 0.675926 0.059245 0.676852 0.056901 0.683333 0.054818 0.691204 0.054297 0.692130 0.053776 0.694444 0.052995 0.696759 0.052214 0.698148 0.051432 0.700926 0.050911 0.701852 0.049349 0.708333 0.048047 0.711574 0.048047 0.712500 0.047266 0.714352 0.047005 0.715741 0.045182 0.719444 0.044401 0.722222 0.044141 0.724537 0.042578 0.729167 0.042057 0.731481 0.039974 0.737037 0.039974 0.737963 0.038672 0.741667 0.038411 0.743056 0.036589 0.747222 0.036589 0.748148 0.035807 0.750463 0.035547 0.752315 0.034245 0.756481 0.032422 0.762963 0.031901 0.763889 0.030859 0.767593 0.028776 0.772685 0.027995 0.775463 0.026953 0.780093 0.026432 0.781019 0.025911 0.783333 0.025391 0.784259 0.023828 0.791204 0.022786 0.793519 0.022526 0.794907 0.020443 0.800926 0.019922 0.804167 0.019141 0.806481 0.017057 0.813889 0.016797 0.816204 0.014453 0.823148 0.013411 0.825463 0.010807 0.835648 0.010286 0.836574 0.009245 0.840278 0.008724 0.843981 0.007943 0.846759 0.006901 0.849074 0.006641 0.850463 0.005599 0.852778 0.004297 0.857870 0.004297 0.858796 0.001302 0.868750 0.000000 0.868750
 8 0.000000 0.671065 0.001302 0.671065 0.002734 0.673148 0.003255 0.675000 0.003255 0.677315 0.003516 0.677778 0.003516 0.692130 0.003776 0.692593 0.003776 0.698611 0.003516 0.699074 0.003516 0.701852 0.003255 0.704167 0.003516 0.706019 0.004557 0.708796 0.005208 0.709954 0.006250 0.709491 0.006771 0.708565 0.008594 0.707176 0.009115 0.707176 0.010286 0.705556 0.010807 0.704167 0.011328 0.700463 0.011849 0.699537 0.013151 0.695370 0.013411 0.692593 0.014193 0.690741 0.014193 0.686574 0.014453 0.686111 0.014453 0.683796 0.014714 0.683333 0.014714 0.676389 0.014193 0.674074 0.014193 0.672222 0.013672 0.670370 0.013672 0.667130 0.013411 0.666667 0.013411 0.660648 0.013151 0.658796 0.012630 0.660648 0.012370 0.662963 0.011849 0.664815 0.010417 0.667361 0.009896 0.667824 0.007812 0.667824 0.007552 0.668287 0.004427 0.668287 0.003125 0.668750 0.001563 0.670139 0.000000 0.670139
 8 0.020964 0.671296 0.021224 0.668519 0.020703 0.667593 0.020443 0.669444 0.020964 0.671296
 8 0.010417 0.692361 0.008073 0.692361 0.007292 0.691898 0.006380 0.690278 0.006380 0.688889 0.005859 0.687037 0.005599 0.684722 0.006380 0.682407 0.008854 0.678009 0.010156 0.678009 0.012370 0.681944 0.012891 0.684722 0.012370 0.686111 0.011328 0.691204 0.010417 0.692361
 8 0.005339 0.717593 0.005339 0.717593
 2 0.166667 0.904398 0.165365 0.904398 0.163802 0.903009 0.163281 0.903009 0.161458 0.901157 0.159766 0.898148 0.159766 0.897685 0.157682 0.893519 0.156120 0.888889 0.155339 0.887500 0.154297 0.884259 0.154036 0.881944 0.154036 0.876852 0.154818 0.874074 0.155078 0.870833 0.155339 0.870370 0.155599 0.867130 0.156641 0.862500 0.157422 0.857407 0.157943 0.856019 0.158464 0.852315 0.158984 0.850463 0.158984 0.849074 0.159505 0.846759 0.159766 0.843519 0.161068 0.836574 0.161328 0.834722 0.162109 0.831944 0.162630 0.827778 0.163151 0.825463 0.163411 0.822222 0.163932 0.820370 0.164193 0.817130 0.164974 0.813889 0.164974 0.812500 0.166016 0.808333 0.166536 0.804167 0.167318 0.800926 0.167578 0.798611 0.168099 0.796759 0.168099 0.795370 0.168880 0.792130 0.169141 0.788889 0.170182 0.784259 0.170703 0.783333 0.171484 0.779630 0.171745 0.777315 0.171745 0.775000 0.172526 0.771759 0.174219 0.768750 0.176042 0.766898 0.176563 0.765972 0.177604 0.765509 0.179167 0.764120 0.179948 0.764120 0.181250 0.763194 0.182292 0.763194 0.183854 0.762269 0.185156 0.762269 0.186458 0.761806 0.188542 0.760417 0.189323 0.760417 0.191667 0.759028 0.192969 0.758565 0.194271 0.758565 0.194531 0.758102 0.195833 0.758102 0.197135 0.757639 0.199479 0.756250 0.200521 0.756250 0.202865 0.754861 0.203906 0.754861 0.205208 0.753935 0.206771 0.753935 0.207031 0.753472 0.208594 0.753472 0.209896 0.753009 0.211198 0.752083 0.212500 0.752083 0.214062 0.751157 0.215365 0.751157 0.216927 0.750231 0.219271 0.749769 0.219531 0.749306 0.221875 0.748843 0.223438 0.747917 0.224479 0.747917 0.228906 0.746065 0.229948 0.745139 0.230729 0.745139 0.231771 0.744213 0.236719 0.744213 0.238281 0.743287 0.239583 0.741898 0.240625 0.741435 0.242969 0.741435 0.244271 0.740972 0.246094 0.739583 0.246875 0.739583 0.250260 0.737731 0.250521 0.737269 0.251823 0.737269 0.253125 0.736806 0.254427 0.735880 0.255729 0.735880 0.255990 0.735417 0.257292 0.735417 0.261198 0.734028 0.263542 0.732639 0.264583 0.732639 0.267448 0.730787 0.269010 0.730787 0.269271 0.730324 0.271094 0.730324 0.271354 0.729861 0.273698 0.729861 0.274740 0.729398 0.276042 0.728009 0.278646 0.726620 0.280469 0.726620 0.280729 0.726157 0.283594 0.726157 0.285938 0.728009 0.287109 0.730093 0.288672 0.737963 0.289193 0.739352 0.289193 0.741667 0.289453 0.742130 0.289453 0.744444 0.289714 0.744907 0.289714 0.748148 0.289974 0.748611 0.289974 0.762963 0.289714 0.763426 0.289714 0.774074 0.289453 0.774537 0.289453 0.780093 0.289193 0.780556 0.289193 0.785185 0.288932 0.785648 0.288932 0.793056 0.288672 0.793519 0.288672 0.800463 0.288411 0.800926 0.288411 0.824537 0.288151 0.825000 0.288151 0.831481 0.287891 0.831944 0.287891 0.838426 0.287630 0.838889 0.287630 0.842593 0.287109 0.844444 0.283073 0.851620 0.279687 0.854861 0.278646 0.855324 0.276823 0.855324 0.273958 0.856713 0.271354 0.858565 0.269010 0.859028 0.267708 0.859954 0.266406 0.860417 0.265104 0.860417 0.262500 0.861343 0.260156 0.862731 0.258594 0.863194 0.257812 0.864120 0.256510 0.864583 0.255729 0.865509 0.253385 0.865972 0.252083 0.866898 0.251042 0.866898 0.246615 0.868750 0.245312 0.869676 0.243490 0.870139 0.242188 0.871065 0.241146 0.871065 0.239063 0.872454 0.238281 0.872454 0.235937 0.873843 0.233594 0.874306 0.232292 0.875231 0.230469 0.875694 0.228646 0.877083 0.226562 0.877546 0.224219 0.878935 0.223438 0.878935 0.220833 0.880324 0.220052 0.881250 0.217448 0.882639 0.216146 0.882639 0.215885 0.883102 0.214583 0.883102 0.214323 0.883565 0.213021 0.883565 0.211719 0.884028 0.210417 0.884954 0.209375 0.884954 0.207813 0.886343 0.205990 0.886806 0.205729 0.887269 0.203646 0.888194 0.202604 0.888194 0.201302 0.889120 0.200260 0.889120 0.198958 0.890046 0.196615 0.890972 0.195052 0.891898 0.193750 0.893287 0.192969 0.893287 0.191667 0.894213 0.190365 0.894213 0.189062 0.894676 0.188021 0.895602 0.187240 0.895602 0.185417 0.896991 0.184115 0.896991 0.183854 0.897454 0.182292 0.897454 0.182031 0.897917 0.176563 0.900231 0.173958 0.902083 0.172396 0.902083 0.172135 0.902546 0.170313 0.902546 0.170052 0.903009 0.166927 0.903935 0.166667 0.904398
 2 0.228255 0.798611 0.229687 0.797917 0.231771 0.796528 0.233594 0.796528 0.233854 0.796065 0.235417 0.796065 0.235807 0.795370 0.235417 0.793750 0.232031 0.792361 0.231771 0.791898 0.229427 0.790509 0.227865 0.790972 0.226953 0.793056 0.226432 0.795370 0.226693 0.797685 0.227604 0.798843 0.228255 0.798611
 2 0.224089 0.803241 0.224740 0.803009 0.225911 0.800926 0.225260 0.799769 0.224219 0.799769 0.223047 0.801389 0.223047 0.802778 0.224089 0.803241
 2 0.221224 0.817130 0.221484 0.816204 0.221484 0.806481 0.221094 0.805324 0.219922 0.807407 0.219922 0.809722 0.219661 0.810185 0.219661 0.815741 0.220312 0.817361 0.221224 0.817130
 2 0.232161 0.824074 0.232943 0.823148 0.232943 0.821759 0.232292 0.821065 0.229948 0.821528 0.228906 0.822454 0.225000 0.822454 0.224740 0.823843 0.227083 0.823843 0.227344 0.824306 0.232031 0.824306 0.232161 0.824074
 0 0.146354 0.436343 0.141927 0.436343 0.140625 0.435417 0.137500 0.434491 0.135156 0.433102 0.133854 0.433102 0.132031 0.431713 0.131380 0.430093 0.131120 0.427778 0.130599 0.426389 0.128385 0.422917 0.128125 0.422917 0.126693 0.420370 0.125911 0.416667 0.125911 0.415278 0.124870 0.412037 0.124089 0.410648 0.123568 0.408796 0.121615 0.405324 0.120573 0.403935 0.118750 0.402546 0.117448 0.402546 0.117188 0.402083 0.115885 0.402083 0.115625 0.401620 0.114323 0.402083 0.112500 0.402083 0.109375 0.403935 0.108073 0.404398 0.105208 0.404398 0.104948 0.403935 0.103125 0.403935 0.101562 0.405324 0.099740 0.405787 0.098177 0.407176 0.096875 0.407639 0.095833 0.408565 0.092839 0.413889 0.091797 0.417130 0.090755 0.418981 0.090495 0.420370 0.090495 0.431019 0.090234 0.432870 0.089583 0.434028 0.088542 0.434954 0.087240 0.434954 0.085417 0.433565 0.083854 0.433102 0.082292 0.430324 0.079427 0.427546 0.077083 0.424769 0.076563 0.424769 0.075391 0.422685 0.074609 0.420370 0.073828 0.418981 0.073568 0.417130 0.072786 0.414815 0.072266 0.411111 0.071745 0.409259 0.071224 0.405093 0.070703 0.402778 0.069661 0.399537 0.069401 0.396759 0.069141 0.396296 0.068880 0.393056 0.068359 0.391204 0.067839 0.386111 0.066536 0.381019 0.066276 0.377778 0.065755 0.375463 0.065755 0.373611 0.065234 0.371296 0.064714 0.366204 0.064193 0.363889 0.062630 0.359259 0.061589 0.353241 0.061589 0.351389 0.061068 0.348611 0.059766 0.343056 0.059245 0.337963 0.058724 0.336111 0.058724 0.334722 0.058203 0.332407 0.057422 0.330093 0.056901 0.326852 0.056901 0.325000 0.056380 0.322685 0.055859 0.317130 0.055339 0.314815 0.054557 0.308796 0.054557 0.306481 0.054297 0.306019 0.054297 0.298611 0.054557 0.298148 0.054557 0.295833 0.054818 0.294444 0.056901 0.288889 0.059896 0.283565 0.061979 0.281713 0.063281 0.279861 0.064062 0.279398 0.067187 0.275694 0.068490 0.274769 0.070052 0.272917 0.071354 0.271991 0.072656 0.271528 0.073958 0.270602 0.076563 0.267824 0.077865 0.267361 0.080729 0.265509 0.083073 0.263657 0.083854 0.263657 0.084896 0.262731 0.086719 0.261806 0.088021 0.260417 0.089323 0.259954 0.091667 0.258102 0.092708 0.257639 0.094010 0.257639 0.094271 0.257176 0.096615 0.256713 0.098958 0.255324 0.101562 0.254398 0.102604 0.253472 0.103906 0.253009 0.105208 0.252083 0.106510 0.252083 0.108073 0.251157 0.109115 0.251157 0.111198 0.249769 0.114844 0.249769 0.115104 0.249306 0.116927 0.249306 0.117188 0.248843 0.118750 0.248843 0.119010 0.248380 0.121354 0.248380 0.121615 0.247917 0.123177 0.247917 0.124479 0.246991 0.126042 0.246991 0.126302 0.246528 0.128125 0.246528 0.128385 0.246065 0.130469 0.246065 0.130729 0.245602 0.134635 0.245602 0.134896 0.245139 0.143229 0.245139 0.143490 0.244676 0.155990 0.244676 0.156250 0.245139 0.158333 0.245139 0.158594 0.245602 0.159896 0.245602 0.160156 0.246065 0.161458 0.246065 0.161719 0.246528 0.163542 0.246528 0.163802 0.246991 0.165365 0.246991 0.165625 0.247454 0.166927 0.247454 0.168490 0.248380 0.169531 0.248380 0.170833 0.249306 0.171875 0.249306 0.173177 0.250231 0.175521 0.250694 0.176823 0.251620 0.177865 0.251620 0.179427 0.252546 0.180208 0.253472 0.182552 0.254861 0.185938 0.259028 0.186849 0.261111 0.188932 0.264815 0.189714 0.266667 0.190234 0.268981 0.192839 0.275926 0.193880 0.277778 0.194141 0.279167 0.195182 0.281481 0.195703 0.283333 0.198047 0.288426 0.198568 0.290741 0.199609 0.293981 0.200130 0.297222 0.201953 0.301852 0.202995 0.305093 0.203516 0.307870 0.204297 0.313426 0.205078 0.315278 0.205339 0.316667 0.206380 0.318981 0.207161 0.322222 0.208724 0.330093 0.210156 0.332639 0.211458 0.334028 0.211979 0.334028 0.213151 0.335648 0.213672 0.337963 0.213672 0.339815 0.214193 0.342130 0.214453 0.344444 0.214453 0.346759 0.215234 0.351852 0.215234 0.354630 0.215495 0.355093 0.215495 0.357407 0.215755 0.357870 0.215755 0.363426 0.216016 0.363889 0.216016 0.366204 0.216276 0.366667 0.216276 0.368981 0.216536 0.369444 0.216536 0.371759 0.217318 0.376852 0.217318 0.379630 0.217578 0.380093 0.217578 0.382870 0.217839 0.385185 0.217057 0.388426 0.215755 0.391204 0.214714 0.394444 0.213932 0.395833 0.213151 0.398148 0.211198 0.401620 0.208594 0.404861 0.207292 0.405787 0.206771 0.406713 0.204167 0.409491 0.201823 0.413657 0.199740 0.415046 0.197396 0.415509 0.196354 0.416435 0.195052 0.416898 0.191667 0.419676 0.189583 0.420139 0.187760 0.421528 0.184115 0.422917 0.183854 0.423380 0.180729 0.424306 0.179427 0.425231 0.178646 0.425231 0.177604 0.426157 0.176042 0.426157 0.175781 0.426620 0.174219 0.426620 0.172917 0.427083 0.171875 0.428009 0.168229 0.429398 0.166667 0.429398 0.166406 0.429861 0.165104 0.429861 0.162240 0.431250 0.159635 0.431250 0.159375 0.431713 0.157292 0.431713 0.155990 0.432176 0.153646 0.433565 0.151562 0.433565 0.151302 0.434028 0.150000 0.434028 0.146354 0.436343
 2 0.194010 0.734491 0.192188 0.734491 0.191146 0.734028 0.189323 0.732639 0.188151 0.730556 0.188151 0.730093 0.186589 0.726852 0.184766 0.720833 0.183984 0.718981 0.183464 0.716667 0.183464 0.714815 0.182943 0.712500 0.182943 0.710185 0.183464 0.708796 0.183984 0.705556 0.184896 0.703935 0.186068 0.708333 0.186979 0.709954 0.188542 0.710880 0.190104 0.710880 0.190365 0.710417 0.191667 0.710417 0.194010 0.709028 0.200781 0.706713 0.202083 0.705787 0.203125 0.705787 0.204167 0.704861 0.206250 0.704398 0.207552 0.703472 0.208594 0.703472 0.209896 0.702546 0.210938 0.702546 0.212240 0.701620 0.213281 0.701620 0.214583 0.700694 0.215625 0.700694 0.216927 0.699769 0.218750 0.699769 0.219010 0.699306 0.220573 0.699306 0.221875 0.698843 0.222917 0.697917 0.223698 0.697917 0.224740 0.696991 0.225521 0.696991 0.226302 0.696065 0.228646 0.695139 0.229948 0.694213 0.231250 0.693750 0.232813 0.693750 0.233073 0.693287 0.234896 0.693287 0.235156 0.692824 0.236719 0.692824 0.236979 0.692361 0.239583 0.691435 0.240885 0.691435 0.241146 0.690972 0.243490 0.690972 0.244792 0.690509 0.246875 0.689120 0.247917 0.689120 0.250260 0.687731 0.251563 0.687731 0.253125 0.686806 0.254167 0.686806 0.256771 0.685880 0.258333 0.684954 0.259635 0.684954 0.260937 0.684028 0.261979 0.684028 0.264323 0.682639 0.266667 0.682176 0.268229 0.681250 0.271875 0.680324 0.273438 0.679398 0.274740 0.679398 0.275000 0.678935 0.276302 0.678935 0.277865 0.678009 0.279167 0.678009 0.280469 0.677083 0.281510 0.677083 0.284375 0.675694 0.285938 0.674306 0.286589 0.673148 0.287370 0.670833 0.287630 0.668981 0.287630 0.664352 0.287891 0.663889 0.287891 0.651852 0.288151 0.651389 0.288151 0.643981 0.288411 0.643519 0.288411 0.637963 0.288672 0.637500 0.288672 0.632870 0.288932 0.632407 0.288932 0.626852 0.289193 0.626389 0.289193 0.620370 0.289453 0.619907 0.289453 0.614352 0.289714 0.613889 0.289714 0.606481 0.290365 0.604398 0.291146 0.603935 0.291667 0.604398 0.292839 0.606481 0.293359 0.607870 0.293880 0.611111 0.293880 0.612500 0.294401 0.614815 0.294661 0.618519 0.295182 0.620370 0.295182 0.624074 0.295443 0.624537 0.295443 0.634722 0.295703 0.635185 0.295703 0.638889 0.295443 0.639352 0.295443 0.654630 0.295182 0.655093 0.295182 0.672222 0.294922 0.672685 0.294922 0.678704 0.294661 0.679167 0.294661 0.684259 0.294401 0.684722 0.294401 0.687037 0.294141 0.687500 0.294141 0.689815 0.293359 0.692593 0.291406 0.696065 0.290625 0.696528 0.289062 0.698380 0.286198 0.699769 0.284896 0.699769 0.283333 0.700694 0.282292 0.700694 0.280990 0.701620 0.279948 0.701620 0.278385 0.702546 0.277344 0.702546 0.275000 0.703935 0.273698 0.704398 0.272396 0.704398 0.272135 0.704861 0.269010 0.705787 0.267708 0.706713 0.266667 0.706713 0.265365 0.707639 0.264323 0.707639 0.261719 0.708565 0.260417 0.709491 0.259115 0.709954 0.257812 0.709954 0.256510 0.710880 0.254167 0.711343 0.251823 0.712731 0.247135 0.714583 0.246094 0.714583 0.242188 0.715972 0.240885 0.716898 0.239583 0.717361 0.238281 0.717361 0.236979 0.718287 0.235677 0.718287 0.234375 0.719213 0.232031 0.719676 0.229687 0.721065 0.226302 0.722454 0.224479 0.722917 0.224219 0.723380 0.222917 0.723380 0.221615 0.723843 0.220312 0.724769 0.217969 0.725231 0.215625 0.726620 0.214323 0.727083 0.213021 0.727083 0.211458 0.728009 0.210417 0.728009 0.209115 0.728935 0.208073 0.728935 0.205729 0.730324 0.204687 0.730324 0.203385 0.731250 0.202344 0.731250 0.200781 0.732176 0.199479 0.732176 0.199219 0.732639 0.194010 0.734491
