 7 0.270833 0.399769 0.266146 0.399769 0.265104 0.399306 0.262760 0.397454 0.261068 0.394444 0.260677 0.392824 0.258594 0.390509 0.257161 0.387963 0.256380 0.385185 0.254818 0.382407 0.254818 0.381944 0.253516 0.379630 0.252995 0.377778 0.251823 0.375694 0.251563 0.375694 0.250000 0.372917 0.249740 0.372917 0.247786 0.369444 0.247786 0.368981 0.245052 0.364120 0.244792 0.364120 0.243490 0.361806 0.243229 0.361806 0.241927 0.359491 0.241667 0.359491 0.239453 0.355556 0.239453 0.355093 0.234115 0.345602 0.232031 0.343287 0.231380 0.341667 0.229167 0.337731 0.228906 0.337731 0.226302 0.333102 0.225000 0.332176 0.220312 0.323843 0.219271 0.322917 0.217318 0.319907 0.217318 0.319444 0.213281 0.312269 0.213021 0.312269 0.210417 0.307639 0.210156 0.307639 0.207943 0.303704 0.207943 0.303241 0.205469 0.298843 0.204167 0.297454 0.201042 0.291898 0.200781 0.291898 0.197135 0.285417 0.196875 0.285417 0.195312 0.282639 0.195052 0.282639 0.193099 0.279167 0.191797 0.275000 0.191536 0.273148 0.191536 0.266667 0.192318 0.263426 0.192578 0.261111 0.193359 0.257407 0.193620 0.253704 0.194661 0.249074 0.194661 0.247685 0.195964 0.241204 0.197526 0.235648 0.197786 0.233333 0.199089 0.225926 0.200391 0.220833 0.201172 0.219444 0.201693 0.217593 0.201693 0.214815 0.201953 0.214352 0.201953 0.212037 0.202214 0.211574 0.202474 0.208333 0.202995 0.206019 0.203255 0.202315 0.203776 0.200463 0.203776 0.199074 0.204557 0.196296 0.205859 0.192593 0.206641 0.189352 0.206641 0.187963 0.207161 0.186111 0.207161 0.184722 0.208203 0.181019 0.208203 0.180093 0.208984 0.177778 0.209766 0.172685 0.210026 0.169907 0.211068 0.166204 0.211849 0.160648 0.212370 0.157870 0.213411 0.154167 0.214193 0.148611 0.214453 0.148148 0.215234 0.143519 0.215234 0.142130 0.215755 0.139815 0.217057 0.135185 0.217578 0.133796 0.217839 0.131019 0.218359 0.128241 0.219922 0.123148 0.221354 0.120602 0.221615 0.120602 0.223958 0.118287 0.225781 0.117824 0.227083 0.116898 0.228385 0.116898 0.228646 0.116435 0.230469 0.116435 0.230729 0.115972 0.232292 0.115972 0.233594 0.115046 0.234375 0.115046 0.235417 0.114120 0.236198 0.114120 0.237500 0.113194 0.238802 0.113194 0.239063 0.112731 0.241146 0.112731 0.241406 0.112269 0.244531 0.112269 0.244792 0.111806 0.246354 0.111806 0.246615 0.111343 0.250781 0.111343 0.251042 0.111806 0.252344 0.111806 0.252604 0.111343 0.254167 0.111343 0.254427 0.110880 0.256510 0.110880 0.256771 0.110417 0.259115 0.110417 0.259375 0.109954 0.261458 0.109954 0.261719 0.109491 0.263542 0.109491 0.263802 0.109028 0.265885 0.109028 0.266146 0.108565 0.268229 0.108565 0.268490 0.108102 0.270573 0.108102 0.270833 0.107639 0.273177 0.107639 0.273438 0.107176 0.275260 0.107176 0.275521 0.106713 0.277083 0.106713 0.277344 0.106250 0.279167 0.106250 0.280729 0.105324 0.282292 0.105324 0.282552 0.104861 0.285156 0.104861 0.285417 0.104398 0.287500 0.104398 0.287760 0.103935 0.289062 0.103935 0.289323 0.103472 0.290885 0.103472 0.291146 0.103009 0.293229 0.103009 0.293490 0.102546 0.295312 0.102546 0.295573 0.102083 0.297656 0.102083 0.297917 0.101620 0.299219 0.101620 0.299479 0.101157 0.301042 0.101157 0.301302 0.100694 0.302865 0.100694 0.303125 0.100231 0.304688 0.100231 0.304948 0.099769 0.306250 0.099769 0.306510 0.099306 0.308333 0.099306 0.308594 0.098843 0.309896 0.098843 0.310156 0.098380 0.312240 0.098380 0.312500 0.097917 0.314063 0.097917 0.316927 0.096528 0.318229 0.096528 0.318490 0.096065 0.320312 0.096065 0.320573 0.095602 0.322656 0.095602 0.322917 0.095139 0.324479 0.095139 0.324740 0.094676 0.326562 0.094676 0.326823 0.094213 0.329688 0.094213 0.329948 0.093750 0.331771 0.093750 0.332031 0.093287 0.333594 0.093287 0.335156 0.092361 0.336719 0.092361 0.336979 0.091898 0.338542 0.091898 0.338802 0.091435 0.340365 0.091435 0.340625 0.090972 0.341927 0.090972 0.343229 0.090509 0.345573 0.089120 0.346875 0.089120 0.347135 0.088657 0.348438 0.088657 0.348698 0.088194 0.350000 0.088194 0.350260 0.087731 0.352344 0.087731 0.352604 0.087269 0.355729 0.087269 0.355990 0.086806 0.359635 0.086806 0.359896 0.086343 0.361979 0.086343 0.363542 0.085417 0.365104 0.085417 0.365365 0.084954 0.367708 0.084954 0.367969 0.084491 0.370052 0.084491 0.370312 0.084028 0.371875 0.084028 0.372135 0.083565 0.375000 0.083565 0.375260 0.084028 0.376823 0.084028 0.378385 0.085417 0.379557 0.087500 0.379818 0.088889 0.380859 0.091667 0.381380 0.094444 0.381641 0.097685 0.381901 0.098148 0.382682 0.103241 0.383203 0.105093 0.383464 0.107407 0.384766 0.112037 0.386068 0.115278 0.386328 0.117130 0.387109 0.119444 0.387891 0.122685 0.389193 0.125463 0.390234 0.128241 0.391276 0.132407 0.391797 0.136111 0.392318 0.137500 0.392839 0.140278 0.394401 0.146759 0.394922 0.148148 0.395443 0.150926 0.396224 0.153704 0.396745 0.154630 0.397266 0.156944 0.397526 0.161111 0.398047 0.163889 0.399089 0.166667 0.400130 0.170370 0.401432 0.177315 0.402734 0.180093 0.404036 0.183796 0.405339 0.190741 0.405339 0.191667 0.406380 0.196296 0.406901 0.197685 0.407682 0.202778 0.408203 0.204167 0.408984 0.207407 0.409505 0.208333 0.410807 0.212500 0.411328 0.215278 0.411328 0.217130 0.412109 0.219907 0.414714 0.224537 0.415234 0.226389 0.415755 0.230556 0.416276 0.232870 0.417448 0.232639 0.419271 0.230787 0.419661 0.231481 0.419661 0.235185 0.419401 0.235648 0.418880 0.240278 0.418880 0.243519 0.418620 0.243981 0.418620 0.246759 0.419401 0.250000 0.419401 0.252315 0.419661 0.252778 0.419922 0.256944 0.420443 0.259259 0.420182 0.261111 0.417839 0.265278 0.417057 0.268056 0.417057 0.270370 0.416276 0.274537 0.416536 0.275926 0.416536 0.283333 0.416797 0.283796 0.416797 0.286574 0.417057 0.287037 0.416276 0.287963 0.416276 0.288889 0.415234 0.293519 0.415234 0.301389 0.414974 0.301852 0.414974 0.304630 0.414714 0.306944 0.414193 0.309259 0.414193 0.314352 0.413932 0.314815 0.413932 0.317593 0.413672 0.318056 0.413672 0.320370 0.413411 0.320833 0.413411 0.323611 0.413151 0.324074 0.413151 0.327315 0.412891 0.327778 0.412891 0.330556 0.412630 0.331019 0.412630 0.334722 0.412370 0.335185 0.412370 0.337500 0.412109 0.337963 0.411328 0.342130 0.411328 0.348148 0.411589 0.348611 0.411589 0.351389 0.411068 0.353704 0.410807 0.356019 0.410807 0.358333 0.410547 0.358796 0.410547 0.361111 0.410026 0.363889 0.409505 0.368519 0.408464 0.371759 0.408203 0.373148 0.407422 0.375000 0.405208 0.378935 0.403906 0.379861 0.400781 0.379861 0.400521 0.380324 0.397917 0.381250 0.396354 0.382639 0.384375 0.382639 0.380990 0.384954 0.378646 0.384954 0.378385 0.384491 0.373698 0.384491 0.373437 0.384954 0.369010 0.384954 0.368750 0.385417 0.367448 0.385417 0.367188 0.385880 0.365365 0.386343 0.365104 0.386806 0.361458 0.386806 0.361198 0.387269 0.358594 0.387269 0.358333 0.387731 0.353906 0.387731 0.353646 0.388194 0.351823 0.388194 0.351562 0.388657 0.350260 0.388657 0.350000 0.389120 0.344010 0.389120 0.343750 0.389583 0.336979 0.389583 0.336719 0.390046 0.334635 0.390046 0.334375 0.390509 0.329167 0.390509 0.328906 0.390972 0.320833 0.390972 0.320573 0.391435 0.319271 0.391435 0.319010 0.391898 0.315885 0.391898 0.315625 0.392361 0.312240 0.392361 0.311979 0.392824 0.308854 0.392824 0.308594 0.393287 0.306250 0.393287 0.305990 0.393750 0.303385 0.393750 0.303125 0.394213 0.298958 0.394213 0.297917 0.394676 0.297135 0.395602 0.295573 0.396528 0.293490 0.396991 0.293229 0.396528 0.289844 0.396528 0.289583 0.396991 0.286719 0.396991 0.286458 0.397454 0.282031 0.397454 0.281771 0.397917 0.280469 0.397917 0.278906 0.398843 0.273958 0.398843 0.273698 0.399306 0.271094 0.399306 0.270833 0.399769
 7 0.396224 0.221759 0.397266 0.219907 0.397266 0.217130 0.396484 0.214352 0.396484 0.213426 0.395833 0.211343 0.395052 0.210880 0.393490 0.210880 0.392969 0.210417 0.392318 0.213426 0.392318 0.219907 0.392969 0.221991 0.396094 0.221991 0.396224 0.221759
 7 0.261068 0.358796 0.262240 0.358102 0.263151 0.356481 0.263672 0.351389 0.264453 0.347222 0.264453 0.345370 0.264974 0.343056 0.264974 0.336111 0.265495 0.333796 0.266016 0.329167 0.266016 0.326389 0.266797 0.323611 0.265365 0.321528 0.261719 0.321528 0.261458 0.321991 0.258594 0.321991 0.258333 0.321528 0.255729 0.320602 0.255469 0.321065 0.254167 0.321065 0.253906 0.321528 0.252344 0.321528 0.252083 0.321991 0.249479 0.321991 0.249219 0.322454 0.247135 0.322454 0.246875 0.322917 0.245573 0.322917 0.243490 0.324306 0.242057 0.326852 0.241536 0.328241 0.241536 0.329630 0.241927 0.330787 0.242969 0.331713 0.245312 0.334954 0.245573 0.334954 0.247786 0.338889 0.247786 0.339352 0.249089 0.341667 0.249870 0.344444 0.250911 0.346759 0.251172 0.348148 0.252604 0.350694 0.253385 0.351157 0.255078 0.354167 0.255599 0.356019 0.256250 0.357176 0.256771 0.357176 0.258854 0.359028 0.261068 0.358796
 2 0.280990 0.432639 0.278125 0.432639 0.277865 0.432176 0.276302 0.432176 0.275260 0.431713 0.272917 0.429398 0.271094 0.426157 0.270833 0.426157 0.268490 0.421991 0.267188 0.420602 0.263802 0.414583 0.263542 0.414583 0.261198 0.410417 0.260156 0.409491 0.258854 0.407639 0.257422 0.405093 0.257161 0.403704 0.255859 0.401389 0.255078 0.399074 0.255078 0.393519 0.255339 0.392130 0.256250 0.390509 0.257422 0.393056 0.257682 0.394444 0.259635 0.398843 0.260937 0.399769 0.262240 0.400231 0.266406 0.400231 0.266667 0.399769 0.269271 0.399769 0.269531 0.399306 0.272656 0.399306 0.272917 0.398843 0.276302 0.398843 0.276562 0.398380 0.278385 0.398380 0.278646 0.397917 0.283333 0.397917 0.283594 0.397454 0.285417 0.397454 0.285677 0.396991 0.288281 0.396991 0.288542 0.396528 0.291927 0.396528 0.292187 0.396065 0.294792 0.396065 0.295052 0.395602 0.298698 0.395602 0.298958 0.395139 0.301302 0.395139 0.301563 0.394676 0.304948 0.394676 0.305208 0.394213 0.308594 0.394213 0.308854 0.393750 0.311979 0.393750 0.312240 0.393287 0.314844 0.393287 0.315104 0.392824 0.317708 0.392824 0.317969 0.392361 0.320052 0.392361 0.320312 0.391898 0.322135 0.391898 0.322396 0.391435 0.325781 0.391435 0.326042 0.390972 0.329167 0.390972 0.329427 0.390509 0.331510 0.390509 0.331771 0.390046 0.333594 0.390046 0.333854 0.389583 0.337760 0.389583 0.338021 0.389120 0.340104 0.389120 0.340365 0.388657 0.342448 0.388657 0.342708 0.388194 0.345052 0.388194 0.345313 0.387731 0.348177 0.387731 0.348438 0.387269 0.353125 0.387269 0.353385 0.386806 0.356250 0.386806 0.356510 0.386343 0.359375 0.386343 0.359635 0.385880 0.362500 0.385880 0.362760 0.385417 0.365885 0.385417 0.366146 0.384954 0.370312 0.384954 0.370573 0.384491 0.372656 0.384491 0.372917 0.384028 0.375521 0.384028 0.375781 0.383565 0.378385 0.383565 0.378646 0.383102 0.380729 0.383102 0.380990 0.382639 0.384115 0.382639 0.384375 0.382176 0.386719 0.382176 0.386979 0.381713 0.390365 0.381713 0.390625 0.381250 0.394010 0.381250 0.394271 0.380787 0.397135 0.380787 0.397396 0.380324 0.401302 0.380324 0.401562 0.379861 0.405208 0.379861 0.405469 0.379398 0.406771 0.379398 0.408073 0.378472 0.409505 0.375926 0.410547 0.373611 0.411328 0.371296 0.411589 0.369444 0.411589 0.367130 0.411849 0.366667 0.411849 0.362963 0.412109 0.362500 0.412109 0.360185 0.412370 0.359722 0.412370 0.357407 0.412630 0.356944 0.412630 0.353704 0.412891 0.353241 0.412891 0.348148 0.413151 0.347685 0.413151 0.340278 0.413411 0.339815 0.413411 0.332870 0.413672 0.332407 0.413672 0.326852 0.413932 0.326389 0.413932 0.321296 0.414193 0.320833 0.414193 0.315741 0.414453 0.315278 0.414453 0.310648 0.414714 0.310185 0.414714 0.306481 0.414974 0.306019 0.414974 0.303241 0.415234 0.302778 0.415234 0.298611 0.415495 0.298148 0.415495 0.293519 0.415755 0.293056 0.415755 0.288426 0.416016 0.287963 0.416016 0.284259 0.416276 0.283796 0.416276 0.279630 0.416536 0.279167 0.416536 0.272685 0.416797 0.272222 0.416797 0.268981 0.417057 0.268519 0.417057 0.263426 0.417318 0.262963 0.417318 0.258796 0.417839 0.256019 0.417839 0.253241 0.418099 0.252778 0.418099 0.240278 0.417839 0.237963 0.417057 0.234722 0.417057 0.233333 0.416536 0.231481 0.415495 0.229167 0.414714 0.226852 0.414453 0.224537 0.415625 0.221991 0.418490 0.221991 0.420573 0.223380 0.422266 0.226389 0.423568 0.230093 0.424609 0.235185 0.424609 0.236111 0.425391 0.238426 0.425911 0.241667 0.427214 0.245370 0.427734 0.249074 0.428255 0.250463 0.429036 0.255093 0.430339 0.260185 0.430339 0.265278 0.430078 0.265741 0.430078 0.272685 0.429818 0.273148 0.429818 0.280093 0.429557 0.280556 0.429557 0.284259 0.429297 0.284722 0.429297 0.288889 0.429036 0.289352 0.429036 0.296296 0.428776 0.296759 0.428776 0.301852 0.428516 0.302315 0.428516 0.306019 0.428255 0.306481 0.428255 0.310648 0.427995 0.311111 0.427995 0.314815 0.427734 0.315278 0.427734 0.321296 0.427474 0.321759 0.427474 0.329630 0.427214 0.330093 0.427214 0.335648 0.426953 0.336111 0.426953 0.340741 0.426693 0.341204 0.426693 0.347685 0.426432 0.348148 0.426432 0.354167 0.426172 0.354630 0.426172 0.361574 0.425911 0.362037 0.425911 0.367130 0.425651 0.367593 0.425651 0.372222 0.425391 0.372685 0.425391 0.377778 0.425130 0.378241 0.425130 0.385185 0.424870 0.385648 0.424870 0.388889 0.424609 0.389352 0.424609 0.393519 0.424349 0.393981 0.424349 0.399074 0.424089 0.400926 0.423568 0.402315 0.423047 0.405093 0.421875 0.407176 0.421615 0.407176 0.420312 0.409491 0.419531 0.410417 0.416927 0.412731 0.415104 0.413194 0.414844 0.413657 0.413281 0.413657 0.413021 0.414120 0.410417 0.414120 0.410156 0.414583 0.407552 0.414583 0.407292 0.415046 0.404427 0.415046 0.404167 0.415509 0.401562 0.415509 0.401302 0.415972 0.398438 0.415972 0.398177 0.416435 0.394010 0.416435 0.393750 0.416898 0.390104 0.416898 0.389844 0.417361 0.386719 0.417361 0.386458 0.417824 0.383854 0.417824 0.383594 0.418287 0.381510 0.418287 0.381250 0.418750 0.377865 0.418750 0.377604 0.419213 0.374740 0.419213 0.374479 0.419676 0.371615 0.419676 0.371354 0.420139 0.368229 0.420139 0.367969 0.420602 0.365625 0.420602 0.365365 0.421065 0.362240 0.421065 0.361979 0.421528 0.358333 0.421528 0.358073 0.421991 0.354687 0.421991 0.354427 0.422454 0.351823 0.422454 0.351562 0.422917 0.349219 0.422917 0.348958 0.423380 0.346094 0.423380 0.345833 0.423843 0.342708 0.423843 0.342448 0.424306 0.338281 0.424306 0.338021 0.424769 0.335156 0.424769 0.334896 0.425231 0.332031 0.425231 0.331771 0.425694 0.328385 0.425694 0.328125 0.426157 0.323698 0.426157 0.323437 0.426620 0.320573 0.426620 0.320312 0.427083 0.318490 0.427083 0.318229 0.427546 0.316406 0.427546 0.316146 0.428009 0.313021 0.428009 0.312760 0.428472 0.309375 0.428472 0.309115 0.428935 0.305990 0.428935 0.305729 0.429398 0.302865 0.429398 0.302604 0.429861 0.299740 0.429861 0.299479 0.430324 0.296354 0.430324 0.296094 0.430787 0.291927 0.430787 0.291667 0.431250 0.288802 0.431250 0.288542 0.431713 0.285156 0.431713 0.284896 0.432176 0.281250 0.432176 0.280990 0.432639
 2 0.238542 0.735417 0.230729 0.735417 0.230469 0.734954 0.228385 0.734954 0.226302 0.733565 0.225521 0.733565 0.224740 0.732639 0.223177 0.732176 0.221354 0.730787 0.219531 0.730324 0.214323 0.727083 0.210156 0.725231 0.207813 0.723380 0.205859 0.719907 0.205078 0.717130 0.204036 0.714815 0.203255 0.711574 0.203255 0.706481 0.203516 0.706019 0.203516 0.703704 0.204297 0.700926 0.204818 0.698148 0.204818 0.695833 0.205078 0.693519 0.205599 0.691667 0.206380 0.686111 0.206380 0.684722 0.208203 0.680093 0.208984 0.677315 0.208984 0.675926 0.209505 0.673611 0.209505 0.671296 0.209766 0.669444 0.210547 0.666204 0.210807 0.662963 0.211328 0.661111 0.211849 0.657407 0.212370 0.655556 0.212630 0.652315 0.213151 0.648148 0.213932 0.644907 0.213932 0.643519 0.214453 0.641667 0.214714 0.638889 0.215234 0.637500 0.216276 0.631019 0.216797 0.629167 0.216797 0.627778 0.217578 0.621759 0.217839 0.621296 0.218620 0.616204 0.219141 0.614815 0.219922 0.609722 0.220182 0.606481 0.220964 0.603241 0.221224 0.599537 0.221484 0.599074 0.222266 0.594907 0.222266 0.593981 0.223047 0.590741 0.223307 0.588426 0.223828 0.586574 0.224089 0.583333 0.224870 0.580556 0.225391 0.577778 0.225651 0.573611 0.226693 0.569444 0.226953 0.566204 0.227734 0.562037 0.227734 0.560648 0.228255 0.559259 0.228516 0.556481 0.229036 0.554630 0.229036 0.552778 0.229557 0.550926 0.230078 0.546759 0.230599 0.544907 0.230599 0.543519 0.231380 0.540278 0.231641 0.537037 0.232422 0.533796 0.232682 0.530556 0.233203 0.528704 0.233203 0.527315 0.233724 0.523611 0.234245 0.522222 0.234766 0.518519 0.235547 0.514352 0.236068 0.512963 0.236849 0.509722 0.240104 0.503935 0.242448 0.501157 0.244271 0.499769 0.245573 0.499769 0.245833 0.499306 0.247656 0.499306 0.247917 0.498843 0.251042 0.498843 0.251302 0.498380 0.254688 0.498380 0.254948 0.497917 0.260937 0.497917 0.261198 0.497454 0.263021 0.497454 0.263281 0.496991 0.269792 0.496991 0.270052 0.496528 0.275000 0.496528 0.275260 0.496065 0.277083 0.496065 0.277344 0.495602 0.282552 0.495602 0.282813 0.496065 0.291667 0.496065 0.291927 0.495602 0.294531 0.495602 0.295573 0.494676 0.297396 0.494213 0.297656 0.493750 0.300000 0.493750 0.300260 0.493287 0.303646 0.493287 0.303906 0.492824 0.307552 0.492824 0.307812 0.492361 0.311719 0.492361 0.311979 0.491898 0.316146 0.491898 0.316406 0.491435 0.320312 0.491435 0.320573 0.490972 0.325781 0.490972 0.326042 0.490509 0.327344 0.490509 0.327604 0.490972 0.330208 0.490972 0.330469 0.490509 0.333333 0.490509 0.333594 0.490046 0.339583 0.490046 0.339844 0.489583 0.343229 0.489583 0.343490 0.489120 0.346094 0.489120 0.347396 0.488194 0.348958 0.488194 0.349219 0.487731 0.356250 0.487731 0.356510 0.487269 0.362240 0.487269 0.362500 0.486806 0.366927 0.486806 0.367188 0.486343 0.371875 0.486343 0.372135 0.485880 0.375521 0.485880 0.375781 0.485417 0.378906 0.485417 0.379167 0.484954 0.383333 0.484954 0.383594 0.484491 0.388021 0.484491 0.388281 0.484028 0.391667 0.484028 0.391927 0.483565 0.396615 0.483565 0.396875 0.483102 0.399740 0.483102 0.401042 0.483565 0.403125 0.485417 0.404167 0.486806 0.406901 0.491667 0.406901 0.492130 0.408203 0.494444 0.408203 0.494907 0.409505 0.497222 0.411068 0.500926 0.411589 0.502778 0.412630 0.504630 0.414714 0.509259 0.415495 0.512963 0.416016 0.514352 0.416536 0.517130 0.416536 0.526852 0.416276 0.527315 0.416276 0.530093 0.416016 0.530556 0.416016 0.537963 0.415755 0.538426 0.415755 0.542130 0.415495 0.542593 0.415495 0.546759 0.415234 0.547222 0.415234 0.552778 0.414974 0.553241 0.414974 0.557870 0.414714 0.558333 0.414714 0.562963 0.414453 0.563426 0.414453 0.568056 0.414193 0.568519 0.414193 0.572685 0.413932 0.573148 0.413932 0.576389 0.413672 0.576852 0.413672 0.580093 0.413411 0.580556 0.413411 0.584259 0.413151 0.584722 0.413151 0.588426 0.412891 0.588889 0.412891 0.593056 0.412630 0.593519 0.412630 0.597222 0.412370 0.597685 0.412370 0.600000 0.412109 0.600463 0.412109 0.603241 0.411849 0.603704 0.411849 0.607407 0.411589 0.607870 0.411589 0.613889 0.411328 0.614352 0.411328 0.618981 0.411068 0.619444 0.411068 0.624074 0.410807 0.624537 0.410807 0.628704 0.410547 0.629167 0.410547 0.633333 0.410286 0.633796 0.410286 0.637500 0.410026 0.637963 0.410026 0.641667 0.409766 0.642130 0.409766 0.645833 0.409505 0.646296 0.409505 0.650000 0.409245 0.650463 0.409245 0.652778 0.408984 0.653241 0.408984 0.656019 0.408724 0.656481 0.408724 0.661574 0.408464 0.662037 0.408464 0.665278 0.408203 0.665741 0.408203 0.669444 0.407943 0.669907 0.407943 0.676389 0.407682 0.676852 0.407682 0.680093 0.407422 0.680556 0.407422 0.683796 0.407161 0.684259 0.407161 0.689815 0.406901 0.690278 0.406901 0.702778 0.406641 0.703241 0.406641 0.706019 0.405859 0.710185 0.404818 0.713426 0.403776 0.717593 0.403385 0.717824 0.401823 0.720602 0.401562 0.720602 0.400260 0.722917 0.398177 0.724769 0.396354 0.725694 0.395052 0.725231 0.391667 0.725231 0.390885 0.726157 0.389323 0.726620 0.389062 0.727083 0.386198 0.727083 0.385937 0.726620 0.382812 0.726620 0.382552 0.727083 0.378906 0.727083 0.378646 0.727546 0.374479 0.727546 0.374219 0.728009 0.361979 0.728009 0.361719 0.728472 0.358073 0.728472 0.357812 0.728935 0.351823 0.728935 0.351562 0.729398 0.343229 0.729398 0.342969 0.729861 0.336719 0.729861 0.336458 0.730324 0.322656 0.730324 0.322396 0.730787 0.318750 0.730787 0.318490 0.731250 0.311458 0.731250 0.311198 0.731713 0.295573 0.731713 0.295312 0.732176 0.282813 0.732176 0.282552 0.732639 0.276302 0.732639 0.276042 0.733102 0.270573 0.733102 0.270313 0.733565 0.262500 0.733565 0.262240 0.734028 0.255469 0.734028 0.255208 0.734491 0.246094 0.734491 0.245833 0.734954 0.238802 0.734954 0.238542 0.735417
 5 0.654427 0.373380 0.650781 0.373380 0.650521 0.372917 0.649219 0.372917 0.648438 0.372454 0.646615 0.370602 0.643490 0.370602 0.643229 0.371065 0.640885 0.369213 0.638802 0.369213 0.638542 0.368750 0.635417 0.368750 0.635156 0.368287 0.628906 0.368287 0.628646 0.367824 0.623958 0.367824 0.623698 0.367361 0.620573 0.367361 0.620313 0.366898 0.613281 0.366898 0.613021 0.366435 0.609635 0.366435 0.609375 0.365972 0.604948 0.365972 0.604688 0.365509 0.598698 0.365509 0.598437 0.365046 0.595313 0.365046 0.595052 0.364583 0.590625 0.364583 0.590365 0.364120 0.585938 0.364120 0.585677 0.363657 0.579688 0.363657 0.579427 0.363194 0.576823 0.363194 0.576562 0.362731 0.573177 0.362731 0.572917 0.362269 0.569531 0.362269 0.569271 0.361806 0.561719 0.361806 0.561458 0.361343 0.553385 0.361343 0.553125 0.360880 0.546615 0.360880 0.546354 0.360417 0.544010 0.360417 0.543750 0.359954 0.541406 0.359954 0.539583 0.358565 0.538672 0.356944 0.537109 0.351389 0.536849 0.349537 0.537109 0.348148 0.537109 0.341667 0.537370 0.341204 0.537370 0.338889 0.537891 0.336111 0.540365 0.331713 0.542448 0.330324 0.544010 0.330324 0.544271 0.329861 0.545833 0.329861 0.546094 0.330324 0.549219 0.330324 0.549479 0.330787 0.553385 0.330787 0.553646 0.331250 0.559635 0.331250 0.559896 0.331713 0.561719 0.331713 0.563021 0.332639 0.564063 0.334028 0.565365 0.331713 0.567448 0.330324 0.569792 0.330324 0.570052 0.330787 0.572135 0.330787 0.572396 0.331250 0.589323 0.331250 0.589583 0.331713 0.600521 0.331713 0.600781 0.332176 0.607812 0.332176 0.608073 0.332639 0.617188 0.332639 0.617448 0.333102 0.627344 0.333102 0.627604 0.333565 0.629167 0.334028 0.630469 0.335417 0.631510 0.335417 0.633333 0.334028 0.634635 0.334028 0.635677 0.333565 0.635938 0.334028 0.640625 0.334028 0.640885 0.333565 0.642969 0.333565 0.644271 0.334028 0.645573 0.334954 0.648698 0.334954 0.648958 0.334491 0.655990 0.334491 0.656250 0.334954 0.657552 0.334954 0.657813 0.335417 0.662760 0.335417 0.663021 0.335880 0.664323 0.335880 0.664583 0.336343 0.665885 0.336343 0.666146 0.336806 0.668750 0.336806 0.669661 0.337963 0.669661 0.340278 0.669922 0.340741 0.669922 0.354630 0.669661 0.355093 0.669661 0.359722 0.669401 0.360185 0.669401 0.362963 0.668880 0.365278 0.667839 0.368056 0.666146 0.371065 0.663802 0.372454 0.656510 0.372454 0.656250 0.372917 0.654687 0.372917 0.654427 0.373380
 5 0.602865 0.477083 0.598437 0.477083 0.598177 0.476620 0.596354 0.476620 0.595052 0.476157 0.591667 0.474306 0.590104 0.474306 0.589844 0.473843 0.588281 0.473843 0.586198 0.472917 0.584896 0.471991 0.583854 0.471991 0.580729 0.470139 0.578906 0.466898 0.577083 0.465972 0.574479 0.465972 0.574219 0.465509 0.572656 0.465509 0.571354 0.464583 0.570312 0.464583 0.569010 0.463657 0.567708 0.463657 0.567448 0.463194 0.565625 0.463194 0.565365 0.462731 0.563542 0.462731 0.563281 0.462269 0.559635 0.462269 0.559375 0.461806 0.558073 0.461806 0.556510 0.460880 0.555208 0.460880 0.553646 0.459954 0.552344 0.459954 0.552083 0.459491 0.550781 0.459491 0.549479 0.458565 0.548177 0.458565 0.547917 0.458102 0.546615 0.458102 0.546354 0.457639 0.545052 0.457639 0.543750 0.456713 0.542708 0.456713 0.540365 0.455324 0.539062 0.455324 0.537500 0.454398 0.536198 0.454398 0.533333 0.453009 0.532031 0.453009 0.531771 0.452546 0.529427 0.452083 0.529167 0.451620 0.527865 0.451620 0.526302 0.450694 0.525000 0.450694 0.524740 0.450231 0.523177 0.450231 0.521615 0.449306 0.519271 0.449306 0.517969 0.448380 0.516667 0.448380 0.516406 0.447917 0.515104 0.447917 0.514844 0.447454 0.513542 0.447454 0.513281 0.446991 0.510156 0.446991 0.507292 0.445139 0.504167 0.441898 0.503646 0.441898 0.502344 0.440509 0.501302 0.440046 0.497917 0.440046 0.497656 0.439583 0.496094 0.439583 0.495833 0.439120 0.494271 0.439120 0.492969 0.438657 0.491667 0.437731 0.489063 0.436806 0.487760 0.436806 0.487500 0.436343 0.483594 0.434954 0.482292 0.433565 0.481771 0.433565 0.478906 0.430787 0.477995 0.428704 0.477214 0.425463 0.476693 0.421759 0.476693 0.418056 0.476953 0.415741 0.477734 0.412037 0.479167 0.409491 0.480469 0.408565 0.481771 0.406713 0.484115 0.406713 0.485677 0.407639 0.486719 0.407639 0.488021 0.408565 0.491927 0.409954 0.493490 0.409954 0.494792 0.410417 0.496094 0.411343 0.497396 0.411806 0.499479 0.411806 0.499740 0.412269 0.502344 0.412269 0.503906 0.413194 0.505208 0.413194 0.505469 0.413657 0.509635 0.413657 0.509896 0.414120 0.511458 0.414120 0.511719 0.414583 0.515365 0.414583 0.515625 0.415046 0.519271 0.415046 0.519531 0.415509 0.521615 0.415509 0.521875 0.415972 0.523177 0.415972 0.523438 0.416435 0.524740 0.416435 0.527604 0.417824 0.528906 0.417824 0.529167 0.418287 0.530469 0.418287 0.530729 0.418750 0.532292 0.418750 0.534635 0.420139 0.535937 0.420602 0.537240 0.420602 0.537500 0.421065 0.538802 0.421065 0.539062 0.421528 0.540625 0.421528 0.540885 0.421991 0.542188 0.421991 0.542448 0.422454 0.543750 0.422454 0.546615 0.423843 0.547917 0.423843 0.548177 0.424306 0.549479 0.424306 0.549740 0.424769 0.551302 0.424769 0.551562 0.425231 0.552865 0.425231 0.554167 0.425694 0.555208 0.426620 0.556510 0.427083 0.558073 0.427083 0.558333 0.427546 0.559896 0.427546 0.561458 0.428472 0.563021 0.428472 0.563281 0.428935 0.564844 0.428935 0.565104 0.429398 0.567187 0.430324 0.568750 0.431713 0.571615 0.431713 0.571875 0.432176 0.573438 0.432176 0.575000 0.433102 0.576302 0.433102 0.576562 0.433565 0.584635 0.433565 0.584896 0.433102 0.588281 0.433102 0.588542 0.433565 0.589844 0.433565 0.590104 0.434028 0.592187 0.434028 0.592448 0.434491 0.594271 0.434491 0.595573 0.434954 0.596615 0.435880 0.599740 0.436806 0.600781 0.437731 0.602083 0.438194 0.603646 0.438194 0.604948 0.438657 0.606250 0.439583 0.606901 0.440741 0.606901 0.448148 0.606380 0.451852 0.605859 0.454167 0.605599 0.457407 0.605078 0.459722 0.604818 0.462037 0.604818 0.465741 0.604557 0.466204 0.604557 0.469444 0.604036 0.472222 0.604036 0.474537 0.602865 0.477083
 5 0.553125 0.589583 0.551562 0.589583 0.550260 0.588657 0.549219 0.588657 0.546354 0.586806 0.545052 0.585417 0.541667 0.584028 0.538802 0.581713 0.536979 0.581250 0.536719 0.580787 0.535417 0.580787 0.533073 0.579398 0.531901 0.577315 0.530990 0.575231 0.530729 0.575231 0.529427 0.572917 0.528646 0.571991 0.527604 0.571528 0.525260 0.571065 0.523958 0.570139 0.521615 0.569213 0.518750 0.566898 0.518229 0.566898 0.516927 0.565509 0.516406 0.565509 0.515104 0.564120 0.512500 0.563194 0.509896 0.561343 0.506771 0.559954 0.505990 0.559028 0.503385 0.558102 0.503125 0.557639 0.501302 0.557176 0.499740 0.555787 0.499219 0.555787 0.497135 0.553935 0.495052 0.553009 0.492969 0.551157 0.492448 0.551157 0.490104 0.549306 0.488802 0.548843 0.487760 0.547917 0.485417 0.546991 0.484115 0.546065 0.482292 0.544213 0.480469 0.543750 0.480208 0.543287 0.478125 0.542824 0.476562 0.541435 0.474479 0.540509 0.473698 0.539583 0.471615 0.538657 0.470573 0.537731 0.467187 0.536806 0.464583 0.534954 0.463802 0.534954 0.462240 0.534028 0.459896 0.532176 0.459375 0.532176 0.457292 0.530324 0.454427 0.528935 0.451042 0.525694 0.449219 0.525231 0.448177 0.524306 0.446615 0.523843 0.445833 0.522917 0.444531 0.522454 0.441406 0.520139 0.440104 0.518750 0.439063 0.518287 0.437109 0.515278 0.437109 0.514815 0.435807 0.512500 0.434766 0.508796 0.434245 0.504630 0.433984 0.504167 0.433984 0.500463 0.434245 0.500000 0.434245 0.496759 0.435547 0.493056 0.437500 0.490046 0.438802 0.489120 0.442448 0.489120 0.443750 0.489583 0.445312 0.490972 0.446615 0.491435 0.447396 0.492361 0.450000 0.494213 0.452083 0.495139 0.453906 0.496528 0.455469 0.496991 0.458594 0.499769 0.464062 0.499769 0.464323 0.500231 0.466406 0.500231 0.469010 0.502083 0.470052 0.503472 0.470573 0.503472 0.472396 0.504861 0.476042 0.506250 0.476823 0.507176 0.479167 0.508102 0.482031 0.509954 0.485417 0.511343 0.486458 0.512269 0.487760 0.512731 0.488802 0.513657 0.490104 0.514120 0.491927 0.515509 0.493229 0.515972 0.494531 0.517361 0.495833 0.518287 0.499479 0.520139 0.500521 0.520139 0.505729 0.522917 0.506510 0.522917 0.507552 0.523843 0.511198 0.525231 0.513021 0.527083 0.513542 0.527083 0.515885 0.528935 0.516667 0.528935 0.518229 0.529861 0.520052 0.532176 0.520312 0.532176 0.522135 0.534954 0.523958 0.536806 0.527083 0.538657 0.528125 0.538657 0.529687 0.539583 0.530729 0.539583 0.533594 0.542361 0.536198 0.540046 0.536458 0.539583 0.541146 0.539583 0.542188 0.540509 0.544010 0.540972 0.545833 0.542361 0.547135 0.542824 0.549219 0.544676 0.550781 0.545139 0.552344 0.546065 0.554167 0.547917 0.557031 0.549306 0.557292 0.549769 0.559375 0.551157 0.560286 0.552778 0.560286 0.555556 0.560026 0.556019 0.560026 0.559722 0.559245 0.562500 0.558203 0.564815 0.557422 0.568519 0.556641 0.570833 0.556120 0.573148 0.555339 0.578704 0.555339 0.582407 0.555078 0.582870 0.555078 0.586111 0.554818 0.587500 0.554167 0.588657 0.553125 0.589583
 4 0.853646 0.189583 0.848698 0.189583 0.848437 0.189120 0.845573 0.189120 0.845313 0.188657 0.844010 0.188657 0.843750 0.188194 0.842448 0.188194 0.841146 0.187731 0.839844 0.186806 0.839063 0.186806 0.838021 0.185880 0.836719 0.185417 0.835417 0.184491 0.834115 0.183102 0.832812 0.182176 0.831250 0.180324 0.829297 0.176852 0.828776 0.175463 0.827995 0.171759 0.827474 0.170370 0.827214 0.168519 0.827214 0.165278 0.826953 0.164815 0.826953 0.162037 0.827474 0.159722 0.827734 0.157407 0.828516 0.154630 0.829818 0.151852 0.830339 0.150000 0.831380 0.147685 0.833203 0.142593 0.833724 0.139352 0.834505 0.136574 0.836849 0.130556 0.839844 0.125231 0.840885 0.123843 0.843229 0.121528 0.844792 0.120602 0.845573 0.120602 0.847656 0.118750 0.851823 0.116898 0.853125 0.116898 0.853385 0.116435 0.859115 0.116435 0.859375 0.116898 0.861198 0.116898 0.862760 0.117824 0.863802 0.117824 0.865365 0.118750 0.866406 0.118750 0.868750 0.119676 0.871615 0.121991 0.872917 0.124306 0.875260 0.126620 0.876432 0.128704 0.876953 0.131019 0.876953 0.133796 0.877474 0.136574 0.877474 0.139815 0.877734 0.140278 0.877734 0.143056 0.877474 0.143519 0.877474 0.145833 0.876953 0.149074 0.875651 0.152778 0.875651 0.153241 0.874089 0.156944 0.873568 0.158796 0.872786 0.160185 0.871224 0.164815 0.869922 0.168056 0.869141 0.171296 0.868620 0.172222 0.867578 0.175463 0.864323 0.181250 0.861979 0.184028 0.858333 0.187731 0.855469 0.189120 0.853906 0.189120 0.853646 0.189583
 4 0.829688 0.091898 0.822396 0.091898 0.822135 0.091435 0.820573 0.091435 0.819271 0.090972 0.817969 0.090046 0.815104 0.088657 0.811719 0.085417 0.811198 0.085417 0.809505 0.082870 0.809505 0.082407 0.807943 0.079630 0.806641 0.074074 0.806641 0.066667 0.806901 0.065278 0.807943 0.062037 0.808464 0.059722 0.808984 0.056019 0.810286 0.052315 0.811849 0.043519 0.812370 0.042593 0.812891 0.040278 0.814974 0.035185 0.817969 0.029861 0.820573 0.026620 0.823177 0.024769 0.826302 0.023380 0.826562 0.022917 0.827865 0.022917 0.828125 0.022454 0.829688 0.022454 0.829948 0.021991 0.838021 0.021991 0.838281 0.022454 0.839844 0.022454 0.841146 0.022917 0.844531 0.024769 0.846875 0.027083 0.848177 0.028935 0.850651 0.033333 0.851693 0.036574 0.851953 0.038889 0.851953 0.045370 0.851172 0.048611 0.850130 0.053704 0.847786 0.063426 0.847005 0.065741 0.846484 0.068056 0.845182 0.071296 0.844141 0.075463 0.842057 0.080556 0.841536 0.082407 0.840365 0.084028 0.837500 0.087269 0.835938 0.088657 0.835417 0.088657 0.834115 0.090046 0.829948 0.091435 0.829688 0.091898
 4 0.990755 0.000000 0.990755 0.002315 0.989062 0.005324 0.988802 0.005324 0.985807 0.010648 0.985026 0.012963 0.982682 0.017130 0.981901 0.018981 0.979557 0.025926 0.978516 0.028241 0.977474 0.031944 0.976693 0.033333 0.975130 0.037963 0.974870 0.040278 0.974870 0.043056 0.974609 0.045370 0.973828 0.048148 0.973828 0.049074 0.972526 0.052778 0.971094 0.055324 0.970313 0.056250 0.967187 0.058102 0.964583 0.058102 0.964323 0.057639 0.962760 0.057639 0.961458 0.056713 0.959375 0.056250 0.956771 0.053935 0.955990 0.053472 0.953646 0.051157 0.950130 0.044907 0.949609 0.043519 0.948568 0.038889 0.948568 0.030556 0.948828 0.028704 0.949609 0.025463 0.950911 0.020833 0.951432 0.019907 0.951953 0.017593 0.952995 0.015278 0.953516 0.013426 0.954297 0.012037 0.955078 0.009722 0.955078 0.008796 0.955859 0.006481 0.957161 0.004167 0.957682 0.002315 0.957682 0.000000
 4 0.986719 0.146991 0.985417 0.146528 0.983333 0.142824 0.983073 0.142824 0.981120 0.139352 0.979818 0.135185 0.979557 0.132870 0.979557 0.125463 0.980078 0.121296 0.981901 0.115741 0.982943 0.113889 0.984766 0.109722 0.985807 0.106481 0.986849 0.104167 0.988151 0.101852 0.989844 0.097917 0.990625 0.097454 0.991927 0.098843 0.993229 0.099769 0.994661 0.102315 0.995443 0.104630 0.996745 0.107407 0.996745 0.110648 0.997005 0.111111 0.997005 0.113426 0.996484 0.116667 0.994922 0.121759 0.994922 0.122685 0.993359 0.127778 0.992839 0.130556 0.991536 0.134259 0.991016 0.136574 0.990755 0.138889 0.989453 0.143056 0.987240 0.146528 0.986719 0.146991
 6 0.000000 0.165046 0.001563 0.165046 0.003125 0.166898 0.003906 0.168287 0.004687 0.168750 0.007292 0.171991 0.008333 0.173843 0.010677 0.176620 0.011719 0.178472 0.014063 0.181250 0.015885 0.184491 0.016146 0.184491 0.019271 0.188657 0.019531 0.188657 0.021615 0.192361 0.023698 0.194676 0.025781 0.197454 0.026823 0.199306 0.029167 0.202083 0.030469 0.204398 0.031771 0.206250 0.033594 0.208102 0.034896 0.209954 0.036198 0.212269 0.037500 0.213657 0.038542 0.215509 0.040885 0.218287 0.042708 0.221528 0.042969 0.221528 0.044531 0.224306 0.044792 0.224306 0.046354 0.227083 0.047917 0.228472 0.049479 0.230324 0.051042 0.233102 0.052083 0.234028 0.055729 0.239120 0.057292 0.240509 0.058333 0.241898 0.059635 0.244213 0.061198 0.246065 0.062630 0.248611 0.063411 0.250926 0.063672 0.254167 0.063151 0.255556 0.062891 0.257870 0.062370 0.260185 0.061068 0.264352 0.060286 0.267593 0.059766 0.268981 0.058984 0.272222 0.057943 0.275000 0.057422 0.277315 0.056901 0.278241 0.056120 0.281481 0.054036 0.287963 0.054036 0.288889 0.053255 0.291667 0.052214 0.293981 0.051693 0.296296 0.051172 0.297222 0.050651 0.300000 0.048828 0.306481 0.048047 0.309722 0.047266 0.311111 0.046484 0.313426 0.046224 0.315278 0.045182 0.318981 0.043880 0.322685 0.043880 0.323611 0.041797 0.330093 0.041016 0.333333 0.040495 0.334722 0.039714 0.337963 0.038411 0.341204 0.037109 0.346296 0.036589 0.347685 0.035286 0.352315 0.033724 0.356944 0.033724 0.357870 0.032161 0.363426 0.030078 0.368981 0.029036 0.373611 0.028516 0.374537 0.027474 0.377778 0.026042 0.380324 0.023698 0.382639 0.022396 0.383102 0.021354 0.384028 0.019792 0.384028 0.019531 0.384491 0.017969 0.384491 0.017708 0.384954 0.016146 0.384954 0.015885 0.385417 0.014063 0.385417 0.013802 0.385880 0.011979 0.385880 0.011719 0.386343 0.009375 0.386343 0.009115 0.386806 0.005469 0.386806 0.005208 0.387269 0.002604 0.387269 0.002344 0.387731 0.000000 0.387731
 6 0.000000 0.242824 0.002604 0.242824 0.005469 0.241435 0.006771 0.241435 0.007031 0.240972 0.009375 0.240509 0.009635 0.240046 0.010937 0.240046 0.011198 0.239583 0.013021 0.239583 0.013281 0.239120 0.014844 0.239120 0.015104 0.238657 0.016406 0.238657 0.016667 0.238194 0.017969 0.238194 0.018229 0.237731 0.019531 0.237731 0.019792 0.237269 0.021354 0.237269 0.021615 0.236806 0.024479 0.236806 0.024740 0.236343 0.026823 0.236343 0.027083 0.235880 0.028646 0.235880 0.030990 0.234954 0.032161 0.233333 0.032161 0.232407 0.029687 0.228009 0.029427 0.228009 0.028125 0.225694 0.026562 0.223843 0.025781 0.223380 0.023958 0.221065 0.021875 0.217361 0.021615 0.217361 0.019271 0.215046 0.018490 0.213657 0.017188 0.212269 0.015104 0.209491 0.014844 0.209491 0.012500 0.205324 0.010937 0.203935 0.009375 0.202083 0.007292 0.198380 0.006250 0.196991 0.004948 0.196065 0.001563 0.190972 0.000000 0.190972
 8 0.002995 0.000000 0.002995 0.002315 0.004427 0.004861 0.006510 0.007176 0.008203 0.010185 0.008203 0.010648 0.010156 0.014120 0.010417 0.014120 0.011328 0.016204 0.012500 0.018287 0.015104 0.021065 0.016016 0.023148 0.016276 0.024537 0.017448 0.026620 0.018490 0.027546 0.019401 0.029167 0.019922 0.031019 0.021094 0.033102 0.022135 0.034028 0.023568 0.036574 0.023568 0.037037 0.025260 0.040046 0.027214 0.041667 0.027734 0.043981 0.028906 0.046528 0.030469 0.047917 0.031380 0.049537 0.031641 0.050926 0.032422 0.052778 0.034375 0.054398 0.035807 0.056944 0.035807 0.057870 0.036979 0.059954 0.038802 0.061343 0.039714 0.062963 0.039974 0.064815 0.041146 0.066898 0.042969 0.067824 0.044141 0.069907 0.044401 0.071296 0.045182 0.073148 0.046094 0.073843 0.048047 0.077315 0.048307 0.078704 0.049219 0.080324 0.050260 0.080787 0.051953 0.083796 0.052214 0.085185 0.053646 0.087731 0.054427 0.088194 0.055599 0.090278 0.056380 0.092593 0.057813 0.094676 0.058594 0.095139 0.062760 0.102546 0.063021 0.102546 0.066406 0.108565 0.067448 0.109491 0.072135 0.117824 0.073177 0.118750 0.076302 0.124306 0.076563 0.124306 0.079948 0.130324 0.080990 0.131250 0.082292 0.133102 0.088021 0.143287 0.089583 0.145139 0.090885 0.147454 0.091146 0.147454 0.093229 0.151157 0.094792 0.153009 0.098698 0.159954 0.100521 0.161806 0.102604 0.165509 0.104948 0.168287 0.106771 0.171528 0.108073 0.172454 0.111979 0.172454 0.113281 0.171528 0.115365 0.171065 0.116927 0.171991 0.117969 0.171991 0.119792 0.173380 0.121615 0.175694 0.122656 0.177546 0.123958 0.178935 0.129167 0.188194 0.130208 0.189120 0.134245 0.196296 0.135547 0.199537 0.136849 0.203704 0.136849 0.206944 0.136328 0.209259 0.136328 0.210648 0.135547 0.215278 0.134505 0.219907 0.133984 0.220833 0.133464 0.224074 0.132943 0.225926 0.132943 0.227315 0.131901 0.231019 0.131901 0.231944 0.130078 0.237037 0.128776 0.241667 0.128776 0.242593 0.127474 0.247685 0.126432 0.250000 0.125651 0.253241 0.125651 0.254630 0.125130 0.256944 0.125130 0.258333 0.123568 0.264815 0.122786 0.266204 0.122005 0.268981 0.121745 0.271296 0.121224 0.273611 0.120443 0.275463 0.120182 0.276852 0.119141 0.279630 0.118099 0.285185 0.117839 0.287963 0.116536 0.291667 0.113672 0.301389 0.113672 0.302315 0.112891 0.304630 0.111849 0.311111 0.111068 0.313426 0.111068 0.314352 0.109505 0.318981 0.107161 0.328241 0.106641 0.329167 0.106120 0.331481 0.105078 0.334722 0.104818 0.337037 0.104297 0.338426 0.103255 0.343519 0.102474 0.346296 0.101953 0.347222 0.101172 0.350000 0.100651 0.353241 0.099089 0.358333 0.098568 0.360648 0.098047 0.364815 0.097526 0.366204 0.096484 0.371296 0.094141 0.376852 0.093359 0.381019 0.091797 0.386111 0.091276 0.388426 0.089453 0.394907 0.089193 0.397222 0.088151 0.400926 0.086589 0.405556 0.086068 0.408333 0.084505 0.413426 0.083724 0.418519 0.083203 0.419907 0.081901 0.426389 0.081120 0.429167 0.079557 0.432870 0.078255 0.438426 0.077734 0.439815 0.077214 0.443056 0.075911 0.447222 0.074870 0.451389 0.074349 0.454167 0.070964 0.466204 0.070182 0.468519 0.069401 0.473611 0.068099 0.477315 0.067318 0.480556 0.066536 0.482870 0.066536 0.483796 0.064714 0.489815 0.064193 0.492130 0.063672 0.493056 0.063411 0.494907 0.062891 0.496296 0.062891 0.497685 0.062109 0.500463 0.061068 0.505093 0.059766 0.509259 0.058724 0.513426 0.057943 0.515741 0.056901 0.520370 0.056380 0.521296 0.055859 0.523611 0.055078 0.525926 0.054818 0.528241 0.052995 0.535185 0.051953 0.537963 0.050911 0.541667 0.050911 0.542593 0.050130 0.544907 0.050130 0.545833 0.048307 0.550926 0.047526 0.553704 0.047005 0.556944 0.045443 0.564815 0.043880 0.569907 0.043359 0.572222 0.043099 0.574537 0.042057 0.578241 0.041016 0.581019 0.040234 0.582407 0.039453 0.585185 0.038932 0.588426 0.036849 0.595370 0.036328 0.597685 0.035807 0.601389 0.034245 0.606481 0.033724 0.608796 0.032161 0.613889 0.032161 0.614815 0.031380 0.617130 0.030859 0.620370 0.030339 0.621759 0.030078 0.624074 0.029557 0.626389 0.026953 0.635185 0.026432 0.637500 0.024609 0.642130 0.024609 0.643056 0.023568 0.646759 0.023047 0.650463 0.022526 0.651852 0.022005 0.655093 0.020964 0.657870 0.019661 0.662037 0.018880 0.667130 0.018359 0.669444 0.016536 0.675463 0.015234 0.683333 0.014193 0.687963 0.013672 0.688889 0.013151 0.691204 0.012630 0.692130 0.012109 0.694444 0.011068 0.697222 0.010026 0.702778 0.008984 0.706019 0.008464 0.709259 0.007943 0.710648 0.007682 0.712963 0.007161 0.715278 0.005859 0.718981 0.005339 0.721296 0.005078 0.723611 0.004557 0.725926 0.003776 0.728241 0.003776 0.729167 0.002734 0.732407 0.002474 0.734259 0.001302 0.736343 0.000000 0.736343
 8 0.049219 0.066435 0.048438 0.066435 0.048047 0.065741 0.048047 0.064352 0.048958 0.064120 0.049349 0.064815 0.049219 0.066435
 8 0.000000 0.388657 0.002083 0.388657 0.002344 0.388194 0.007812 0.388194 0.008073 0.387731 0.010937 0.387731 0.011198 0.387269 0.012760 0.387269 0.013021 0.386806 0.015104 0.386806 0.015365 0.386343 0.017708 0.386343 0.020313 0.385417 0.021875 0.384491 0.024219 0.382639 0.025521 0.381250 0.029167 0.374769 0.029427 0.374769 0.030339 0.372685 0.030859 0.370370 0.031380 0.364815 0.032422 0.361574 0.033984 0.358333 0.034505 0.356019 0.034505 0.354630 0.035547 0.350463 0.037370 0.347222 0.038411 0.343519 0.038672 0.340741 0.039193 0.338426 0.039974 0.336111 0.041797 0.332870 0.042578 0.331019 0.043620 0.326389 0.044401 0.323611 0.046745 0.316667 0.047786 0.310185 0.048568 0.307407 0.050651 0.302778 0.054557 0.288889 0.054557 0.287963 0.055599 0.283333 0.056641 0.280556 0.057682 0.278704 0.059766 0.272685 0.059766 0.271759 0.061068 0.267593 0.061068 0.266667 0.062109 0.263426 0.062109 0.262500 0.062891 0.259722 0.062891 0.256944 0.063151 0.256481 0.063151 0.251389 0.062891 0.249537 0.062109 0.246759 0.061198 0.245139 0.059896 0.243750 0.058464 0.241204 0.058464 0.240741 0.057292 0.238657 0.054688 0.235880 0.053906 0.234491 0.052083 0.232639 0.051042 0.230787 0.048698 0.227546 0.047656 0.226620 0.045573 0.222917 0.044271 0.221528 0.043359 0.219444 0.041146 0.215509 0.039583 0.214120 0.037240 0.209954 0.036198 0.209491 0.033854 0.207176 0.032552 0.204861 0.030469 0.202546 0.026823 0.196065 0.024740 0.194213 0.023958 0.192824 0.022917 0.191898 0.022135 0.190509 0.021354 0.190046 0.020052 0.188194 0.019010 0.187269 0.017448 0.184491 0.017188 0.184491 0.014063 0.179861 0.012760 0.178472 0.010156 0.173843 0.009115 0.172917 0.007031 0.169213 0.004427 0.167361 0.001563 0.164583 0.000000 0.164583
 8 0.000000 0.208102 0.003646 0.208102 0.004948 0.208565 0.006510 0.209954 0.008333 0.209954 0.008594 0.210417 0.010417 0.210417 0.011589 0.212500 0.010677 0.214583 0.009375 0.215509 0.008464 0.217593 0.008724 0.218981 0.009635 0.220139 0.011198 0.220139 0.011458 0.219676 0.014063 0.219676 0.014844 0.220602 0.016927 0.221065 0.018750 0.222454 0.019271 0.223380 0.020573 0.224306 0.021484 0.226389 0.020443 0.231019 0.019792 0.232176 0.017969 0.233565 0.016927 0.234028 0.012760 0.234028 0.012500 0.234491 0.010156 0.234491 0.009896 0.234954 0.007292 0.234954 0.005990 0.234491 0.004687 0.234954 0.003125 0.236343 0.001563 0.238657 0.000000 0.238657
 2 0.999740 0.664120 0.996615 0.664120 0.996354 0.664583 0.985938 0.664583 0.985677 0.665046 0.979948 0.665046 0.979688 0.665509 0.970573 0.665509 0.970313 0.665972 0.962500 0.665972 0.962240 0.666435 0.950521 0.666435 0.950260 0.666898 0.940365 0.666898 0.940104 0.667361 0.926302 0.667361 0.926042 0.667824 0.921875 0.667824 0.921615 0.667361 0.913542 0.667361 0.913281 0.667824 0.909115 0.667824 0.908854 0.668287 0.905729 0.668287 0.905469 0.668750 0.901302 0.668750 0.901042 0.669213 0.899479 0.669213 0.899219 0.668750 0.894010 0.668750 0.893750 0.669213 0.891146 0.669213 0.890885 0.668750 0.885938 0.668750 0.885677 0.669213 0.883333 0.669213 0.883073 0.668750 0.878906 0.668750 0.878646 0.669213 0.871354 0.669213 0.871094 0.669676 0.856771 0.669676 0.856510 0.670139 0.847656 0.670139 0.847396 0.670602 0.843750 0.670602 0.843490 0.670139 0.838802 0.670139 0.838542 0.670602 0.836198 0.670602 0.835938 0.670139 0.831771 0.670139 0.831510 0.670602 0.828125 0.670602 0.827865 0.670139 0.824740 0.670139 0.824479 0.670602 0.820833 0.670602 0.820573 0.670139 0.809635 0.670139 0.809375 0.670602 0.800000 0.670602 0.799740 0.671065 0.790365 0.671065 0.788281 0.669213 0.786849 0.666667 0.786328 0.665278 0.785547 0.662037 0.785547 0.660648 0.785026 0.658796 0.784505 0.653704 0.783203 0.647685 0.783203 0.646296 0.782682 0.644444 0.782422 0.641204 0.781901 0.638889 0.781901 0.637037 0.781380 0.634722 0.781380 0.632870 0.780859 0.630093 0.780859 0.627778 0.780339 0.625463 0.780339 0.624074 0.779297 0.619444 0.778516 0.613426 0.777995 0.610648 0.777995 0.608333 0.777734 0.606019 0.776953 0.601852 0.776953 0.600463 0.776432 0.598148 0.776432 0.596759 0.775911 0.595370 0.775130 0.590278 0.774609 0.588889 0.774609 0.587037 0.774089 0.584722 0.773568 0.578241 0.773047 0.575926 0.773047 0.574074 0.772526 0.571759 0.772266 0.568519 0.771484 0.565741 0.771484 0.564352 0.770964 0.562500 0.770443 0.558333 0.769922 0.555556 0.769922 0.553241 0.769141 0.549074 0.768359 0.543981 0.767839 0.542130 0.767839 0.540741 0.767318 0.538889 0.767318 0.537500 0.766797 0.535648 0.766536 0.531481 0.766276 0.531019 0.766016 0.526852 0.765495 0.524537 0.764714 0.517130 0.763932 0.513889 0.763932 0.512500 0.763411 0.510648 0.762891 0.506481 0.762109 0.502778 0.762109 0.500000 0.761849 0.499537 0.761849 0.497222 0.761589 0.496759 0.761589 0.494444 0.761328 0.493981 0.760547 0.489352 0.760026 0.487963 0.759245 0.482407 0.758984 0.481944 0.758984 0.479630 0.758464 0.476852 0.758464 0.474074 0.758203 0.473611 0.758203 0.468519 0.757682 0.466667 0.757682 0.465278 0.756901 0.462037 0.756641 0.459722 0.756120 0.458333 0.755859 0.456019 0.755078 0.453241 0.755078 0.451852 0.754557 0.449537 0.754297 0.446296 0.754036 0.445833 0.753776 0.442593 0.752734 0.436111 0.751953 0.432870 0.751953 0.431481 0.751172 0.428241 0.751172 0.425926 0.750651 0.423148 0.750651 0.420833 0.750391 0.418519 0.749870 0.416204 0.749870 0.414815 0.749089 0.409259 0.748307 0.406019 0.748307 0.404630 0.747266 0.400000 0.746745 0.394444 0.746224 0.392593 0.745964 0.390278 0.745964 0.387963 0.744922 0.380556 0.744401 0.379167 0.743880 0.375463 0.743359 0.373611 0.742839 0.367593 0.742318 0.365278 0.742318 0.363426 0.741536 0.357870 0.741276 0.357407 0.741276 0.355093 0.741016 0.354630 0.741016 0.352315 0.739453 0.344444 0.739453 0.343056 0.738932 0.340741 0.738672 0.337500 0.738151 0.335185 0.738151 0.333333 0.737370 0.329630 0.737370 0.328241 0.736589 0.325000 0.736328 0.321296 0.735547 0.317593 0.735286 0.315278 0.735286 0.312963 0.735026 0.312500 0.735026 0.310185 0.734505 0.307407 0.734505 0.305556 0.733984 0.303241 0.733984 0.301852 0.733464 0.299537 0.733464 0.297685 0.732422 0.292593 0.731641 0.286111 0.730859 0.281944 0.730599 0.279630 0.730599 0.277315 0.729818 0.270833 0.729036 0.268056 0.728776 0.265741 0.727734 0.261111 0.727474 0.258796 0.727474 0.256481 0.726953 0.253704 0.726953 0.251389 0.726693 0.249074 0.726172 0.246759 0.725911 0.244444 0.725911 0.241667 0.725651 0.239352 0.724870 0.235648 0.724089 0.228241 0.723828 0.227778 0.723828 0.218981 0.724609 0.215278 0.725130 0.211111 0.726302 0.208565 0.727344 0.207176 0.728906 0.206250 0.731510 0.206250 0.732812 0.205324 0.734896 0.204861 0.735938 0.203935 0.737500 0.203935 0.737760 0.203472 0.740625 0.203472 0.740885 0.203009 0.743229 0.203009 0.743490 0.202546 0.745052 0.202546 0.745313 0.202083 0.746875 0.202083 0.747135 0.201620 0.748437 0.201620 0.750000 0.203009 0.751172 0.205093 0.751563 0.206713 0.752344 0.207176 0.754427 0.203472 0.755599 0.201852 0.756380 0.199537 0.756641 0.197685 0.757682 0.195370 0.758724 0.191667 0.758984 0.189352 0.759505 0.187963 0.759766 0.185648 0.761589 0.179630 0.761589 0.178241 0.762630 0.173148 0.763672 0.169907 0.764193 0.167593 0.764974 0.165278 0.765495 0.162963 0.766797 0.155093 0.767839 0.151852 0.767839 0.150926 0.768620 0.148611 0.768620 0.147685 0.770443 0.141667 0.770964 0.139352 0.771745 0.137037 0.771745 0.136111 0.773307 0.129167 0.773307 0.119907 0.772786 0.117130 0.772786 0.114815 0.772526 0.114352 0.772526 0.111574 0.772266 0.111111 0.772266 0.104630 0.772526 0.102315 0.773307 0.097685 0.774349 0.094444 0.775911 0.091204 0.776693 0.088889 0.778125 0.086806 0.779687 0.084028 0.780990 0.082639 0.784375 0.080787 0.785807 0.078241 0.786068 0.076852 0.787370 0.073611 0.788411 0.071759 0.788932 0.069444 0.790234 0.065278 0.791667 0.063657 0.793490 0.063194 0.793750 0.062731 0.796354 0.061806 0.797917 0.059954 0.799740 0.058565 0.801302 0.058565 0.801562 0.058102 0.803125 0.058102 0.804167 0.058565 0.805599 0.060185 0.806771 0.062269 0.807552 0.062269 0.808594 0.061343 0.811198 0.061343 0.812370 0.062963 0.812891 0.064352 0.813151 0.066204 0.813151 0.073611 0.812630 0.075926 0.812630 0.077315 0.812109 0.078704 0.813281 0.080787 0.813542 0.080787 0.817708 0.084491 0.818750 0.084491 0.820573 0.082639 0.821354 0.081250 0.822656 0.079861 0.824740 0.079861 0.825521 0.079398 0.827344 0.081250 0.828646 0.081713 0.830208 0.081713 0.830469 0.082176 0.836979 0.082176 0.838281 0.081713 0.839583 0.080787 0.841146 0.080787 0.841797 0.079167 0.841797 0.073148 0.842708 0.071065 0.844010 0.070139 0.845052 0.070139 0.846224 0.068056 0.847005 0.065741 0.847266 0.062500 0.847786 0.060648 0.849089 0.058333 0.849609 0.056019 0.851172 0.050463 0.852865 0.047454 0.855208 0.045602 0.857031 0.045139 0.858854 0.043750 0.860156 0.043750 0.860417 0.043287 0.862500 0.043287 0.862760 0.042824 0.864844 0.042824 0.865104 0.042361 0.866667 0.042361 0.866927 0.041898 0.868229 0.041898 0.868490 0.041435 0.870313 0.041435 0.870573 0.040972 0.872656 0.040972 0.872917 0.040509 0.874479 0.040509 0.874740 0.040046 0.876042 0.040046 0.876302 0.039583 0.878125 0.039583 0.878385 0.039120 0.880469 0.039120 0.882031 0.038194 0.883333 0.038194 0.883594 0.037731 0.884896 0.037731 0.885156 0.037269 0.886458 0.037269 0.886719 0.036806 0.888542 0.036806 0.888802 0.036343 0.890885 0.035880 0.891927 0.034954 0.895052 0.034028 0.896354 0.033102 0.897656 0.033102 0.897917 0.032639 0.899740 0.032639 0.900000 0.032176 0.903125 0.032176 0.903385 0.031713 0.908073 0.031713 0.908333 0.031250 0.910156 0.031250 0.910417 0.030787 0.912500 0.030787 0.912760 0.030324 0.915365 0.030324 0.915625 0.029861 0.918229 0.029861 0.918490 0.029398 0.920573 0.029398 0.920833 0.028935 0.922396 0.028935 0.922656 0.028472 0.924219 0.028472 0.924479 0.028009 0.926823 0.028009 0.927083 0.027546 0.928906 0.027546 0.929167 0.027083 0.930990 0.027083 0.931250 0.026620 0.933333 0.026620 0.933594 0.026157 0.935677 0.026157 0.935937 0.025694 0.937760 0.025694 0.938021 0.025231 0.939583 0.025231 0.939844 0.024769 0.941667 0.024769 0.941927 0.024306 0.943750 0.024306 0.944792 0.024769 0.946354 0.026157 0.948047 0.029167 0.948568 0.031481 0.948568 0.035648 0.948828 0.036111 0.948828 0.038889 0.949870 0.044444 0.951953 0.049537 0.953906 0.053009 0.956250 0.054861 0.956771 0.054861 0.959375 0.057176 0.959896 0.058102 0.961979 0.059954 0.963802 0.060880 0.964844 0.060880 0.965885 0.061806 0.967708 0.061806 0.970573 0.059028 0.972266 0.056019 0.972266 0.055556 0.973568 0.053241 0.974609 0.050463 0.975391 0.047685 0.975911 0.044907 0.975911 0.042593 0.976172 0.042130 0.976172 0.039815 0.976432 0.037500 0.976953 0.035185 0.978516 0.030556 0.979036 0.029630 0.979818 0.026852 0.981510 0.023843 0.982161 0.023148 0.982943 0.020370 0.983464 0.019444 0.983984 0.017130 0.985026 0.014815 0.988802 0.008102 0.995182 0.002315 0.995182 0.000000
 2 0.818750 0.039583 0.818099 0.038889 0.818750 0.036806 0.819141 0.038889 0.818750 0.039583
 2 0.825521 0.077083 0.824870 0.075463 0.824870 0.073148 0.825521 0.071528 0.826693 0.073148 0.826432 0.075463 0.825521 0.077083
 2 0.999740 0.108565 0.998437 0.108565 0.997396 0.107639 0.995703 0.104630 0.994141 0.100000 0.992708 0.098380 0.992188 0.098380 0.990885 0.096991 0.989844 0.096991 0.988151 0.100926 0.985677 0.105324 0.985417 0.105324 0.982943 0.109722 0.982161 0.111574 0.981380 0.114352 0.981380 0.115278 0.980599 0.118056 0.979557 0.120370 0.979036 0.122685 0.978776 0.125000 0.977995 0.127778 0.977995 0.130556 0.978255 0.131019 0.978255 0.133796 0.979557 0.137037 0.980859 0.142130 0.981641 0.143981 0.983464 0.147222 0.985026 0.151389 0.985547 0.154167 0.985547 0.161111 0.985286 0.161574 0.985286 0.164815 0.984766 0.168056 0.983854 0.169213 0.982812 0.169676 0.982161 0.170833 0.982161 0.172685 0.981641 0.175000 0.981641 0.177778 0.981380 0.178241 0.981380 0.180556 0.980859 0.182870 0.979427 0.185417 0.978776 0.186111 0.978516 0.187500 0.975260 0.193287 0.973958 0.194213 0.970833 0.194213 0.970052 0.194676 0.968359 0.197685 0.968099 0.200000 0.967057 0.203704 0.967057 0.205556 0.969010 0.209028 0.971354 0.211343 0.972917 0.214120 0.973958 0.215046 0.978125 0.215046 0.978385 0.215509 0.980469 0.215509 0.980729 0.215972 0.983333 0.215972 0.983594 0.215509 0.986979 0.215509 0.987240 0.215046 0.990625 0.215046 0.991667 0.214120 0.992448 0.214120 0.993490 0.213194 0.995052 0.213194 0.995313 0.212731 0.999740 0.212731
 2 0.999740 0.133565 0.998437 0.133565 0.997526 0.131481 0.997266 0.130093 0.997266 0.127315 0.998047 0.125000 0.998437 0.122454 0.999740 0.122454
 2 0.780078 0.194907 0.781120 0.193056 0.781641 0.190741 0.781641 0.188426 0.781901 0.186574 0.782682 0.184722 0.782682 0.183333 0.782292 0.182639 0.780990 0.182176 0.779427 0.182176 0.778255 0.183796 0.776172 0.189815 0.776172 0.191204 0.777083 0.193287 0.778646 0.195139 0.780078 0.194907
 2 0.943880 0.209259 0.944531 0.208102 0.946094 0.206713 0.948438 0.206713 0.950000 0.207639 0.951042 0.207176 0.951693 0.206019 0.951693 0.201389 0.951172 0.199074 0.950521 0.197917 0.947917 0.196528 0.947656 0.196065 0.946354 0.196528 0.944531 0.198380 0.944010 0.198380 0.942578 0.202778 0.942318 0.205556 0.942578 0.207407 0.943750 0.209491 0.943880 0.209259
 2 0.943620 0.219907 0.944271 0.219676 0.945443 0.217593 0.944922 0.215278 0.943750 0.212731 0.942969 0.212731 0.940234 0.217593 0.940885 0.219676 0.941927 0.220139 0.943620 0.219907
 2 0.894922 0.228241 0.896354 0.228009 0.897656 0.226620 0.898177 0.226620 0.898568 0.225463 0.899349 0.224537 0.898698 0.222454 0.897135 0.221528 0.894531 0.221528 0.894271 0.221991 0.891406 0.221991 0.890104 0.222917 0.889193 0.224537 0.889453 0.226389 0.890365 0.227546 0.891927 0.228472 0.894792 0.228472 0.894922 0.228241
 2 0.806120 0.343519 0.806120 0.343519
 2 0.803255 0.612037 0.805469 0.611806 0.805729 0.611343 0.807031 0.611343 0.809375 0.609954 0.810156 0.609954 0.811719 0.608565 0.812500 0.607176 0.813281 0.606713 0.816146 0.601620 0.816406 0.601620 0.818099 0.598611 0.818359 0.597222 0.819401 0.594907 0.820573 0.592824 0.821875 0.590972 0.823177 0.589583 0.824219 0.587731 0.825521 0.586806 0.828385 0.583102 0.830469 0.579861 0.832031 0.578472 0.832812 0.577083 0.833854 0.576157 0.838021 0.568750 0.840885 0.565972 0.842057 0.563889 0.842839 0.561574 0.844010 0.559954 0.846354 0.555787 0.847656 0.554398 0.848958 0.553935 0.850000 0.553009 0.853125 0.547454 0.853906 0.546991 0.854948 0.545602 0.860807 0.535185 0.860807 0.534722 0.862500 0.531713 0.864844 0.529398 0.866146 0.527083 0.866927 0.526157 0.868750 0.524769 0.869531 0.523843 0.871615 0.520139 0.871875 0.520139 0.874089 0.516204 0.875130 0.512963 0.876172 0.511111 0.876953 0.508796 0.877214 0.505556 0.878385 0.504398 0.880208 0.503935 0.881120 0.502315 0.881641 0.499537 0.881641 0.494444 0.881380 0.493981 0.880599 0.487500 0.879818 0.485185 0.879297 0.481944 0.878255 0.478704 0.877734 0.476389 0.877474 0.473611 0.876042 0.469676 0.874219 0.468750 0.871875 0.468750 0.870573 0.469676 0.869010 0.469676 0.868750 0.470139 0.864844 0.470139 0.864583 0.470602 0.856510 0.470602 0.856250 0.471065 0.853385 0.471065 0.853125 0.471528 0.848177 0.471528 0.847917 0.471991 0.844271 0.471991 0.844010 0.472454 0.841146 0.472454 0.840885 0.472917 0.837500 0.472917 0.837240 0.473380 0.833594 0.473380 0.833333 0.473843 0.827865 0.473843 0.827604 0.474306 0.824740 0.474306 0.824479 0.474769 0.821094 0.474769 0.820833 0.475231 0.816927 0.475231 0.816667 0.475694 0.813281 0.475694 0.813021 0.476157 0.811198 0.476157 0.810937 0.476620 0.806771 0.476620 0.806510 0.477083 0.799219 0.477083 0.798958 0.477546 0.795833 0.477546 0.795573 0.478009 0.792188 0.478009 0.791927 0.478472 0.785156 0.478472 0.784896 0.478935 0.783333 0.478935 0.781641 0.481019 0.781380 0.481944 0.781380 0.484259 0.782161 0.487500 0.782422 0.489815 0.782422 0.492593 0.782682 0.493056 0.782682 0.495370 0.783203 0.497222 0.784766 0.500000 0.785547 0.502315 0.786068 0.507407 0.786328 0.507870 0.786589 0.511574 0.787109 0.513426 0.787370 0.515741 0.788411 0.518981 0.788932 0.521296 0.789193 0.523611 0.789714 0.525926 0.789714 0.529167 0.789974 0.529630 0.789974 0.532870 0.790234 0.533333 0.790234 0.536111 0.790495 0.536574 0.790755 0.539352 0.792318 0.544444 0.792839 0.550000 0.793359 0.552315 0.794661 0.559259 0.794922 0.563426 0.795964 0.570833 0.796484 0.575463 0.796745 0.575926 0.796745 0.578241 0.797526 0.581944 0.797526 0.582870 0.799089 0.587500 0.799609 0.592593 0.800391 0.595833 0.800391 0.597222 0.800911 0.599537 0.800911 0.600926 0.801693 0.604167 0.801693 0.605556 0.802474 0.610185 0.803255 0.612037
 2 0.999740 0.527546 0.997135 0.527546 0.996875 0.528009 0.990625 0.528009 0.990365 0.528472 0.984115 0.528472 0.983854 0.528935 0.977865 0.528935 0.977604 0.529398 0.971354 0.529398 0.971094 0.529861 0.966927 0.529861 0.966667 0.530324 0.961198 0.530324 0.960938 0.530787 0.954948 0.530787 0.954688 0.531250 0.950260 0.531250 0.950000 0.531713 0.944271 0.531713 0.944010 0.532176 0.939844 0.532176 0.939583 0.532639 0.934635 0.532639 0.934375 0.533102 0.929948 0.533102 0.929688 0.533565 0.925521 0.533565 0.925260 0.534028 0.922135 0.534028 0.921875 0.534491 0.919010 0.534491 0.918750 0.534954 0.916406 0.534954 0.916146 0.535417 0.914844 0.535417 0.913802 0.535880 0.910417 0.538657 0.909896 0.538657 0.905990 0.542824 0.904687 0.545139 0.904427 0.545139 0.903125 0.547454 0.901563 0.549306 0.899479 0.551157 0.898698 0.552546 0.896875 0.554861 0.892708 0.558565 0.891406 0.560417 0.889062 0.564583 0.887240 0.566898 0.884375 0.569213 0.882812 0.571065 0.881250 0.573843 0.879948 0.575694 0.878906 0.576620 0.877604 0.578472 0.876042 0.579861 0.874740 0.582176 0.873437 0.584028 0.871615 0.585417 0.869531 0.588194 0.867708 0.589583 0.866146 0.591435 0.863542 0.595139 0.862760 0.595602 0.861198 0.597454 0.856771 0.605324 0.855208 0.607176 0.853385 0.608565 0.851823 0.610880 0.851042 0.611343 0.849479 0.613194 0.848177 0.614120 0.846094 0.616898 0.845313 0.617361 0.844271 0.618750 0.842187 0.622454 0.840885 0.624306 0.839323 0.625694 0.838802 0.626620 0.837240 0.628009 0.835677 0.630787 0.834115 0.632639 0.832552 0.634028 0.831120 0.636574 0.831120 0.637037 0.828255 0.642130 0.828255 0.643981 0.829427 0.646065 0.830729 0.646528 0.835938 0.646528 0.836198 0.646991 0.857031 0.646991 0.857292 0.646528 0.859115 0.646528 0.859375 0.646065 0.861198 0.646065 0.861458 0.645602 0.878125 0.645602 0.878385 0.645139 0.891146 0.645139 0.891406 0.644676 0.897396 0.644676 0.897656 0.644213 0.903646 0.644213 0.903906 0.643750 0.905990 0.643750 0.906250 0.643287 0.907552 0.643287 0.907813 0.642824 0.912760 0.642824 0.913021 0.643287 0.938802 0.643287 0.939063 0.642824 0.953906 0.642824 0.954167 0.642361 0.968229 0.642361 0.968490 0.641898 0.976042 0.641898 0.976302 0.641435 0.984375 0.641435 0.984635 0.640972 0.989062 0.640972 0.989323 0.640509 0.992448 0.640509 0.992708 0.640046 0.999740 0.640046
