 4 0.202083 0.391898 0.200521 0.391898 0.198698 0.390972 0.197135 0.389583 0.195703 0.387037 0.194922 0.384259 0.194401 0.383333 0.193620 0.379167 0.192839 0.376852 0.191536 0.374537 0.190755 0.371759 0.189714 0.366667 0.189714 0.365278 0.188932 0.362037 0.188932 0.360648 0.188151 0.357407 0.187891 0.355556 0.187891 0.352778 0.186328 0.343981 0.186068 0.341667 0.186068 0.338889 0.185807 0.338426 0.185807 0.320833 0.186068 0.320370 0.186328 0.316204 0.186589 0.315741 0.187109 0.310185 0.187630 0.307870 0.188411 0.305556 0.188411 0.304630 0.190495 0.298148 0.192708 0.294213 0.196094 0.290509 0.197656 0.289120 0.201042 0.287269 0.202865 0.286806 0.203125 0.286343 0.205729 0.284954 0.207031 0.284491 0.208333 0.284491 0.208594 0.284028 0.211198 0.283102 0.213802 0.281713 0.215104 0.281250 0.216927 0.281250 0.217188 0.280787 0.220312 0.280787 0.221875 0.279861 0.223177 0.279861 0.223438 0.279398 0.224740 0.279398 0.225000 0.278935 0.226302 0.278935 0.226562 0.278472 0.228906 0.278009 0.231771 0.276620 0.234635 0.276620 0.234896 0.276157 0.236198 0.276620 0.238021 0.276620 0.238281 0.277083 0.239583 0.277083 0.242969 0.279398 0.243750 0.280324 0.244922 0.282407 0.245964 0.286574 0.246615 0.287731 0.247917 0.289120 0.249219 0.289583 0.250781 0.289583 0.251042 0.290046 0.252344 0.290046 0.252604 0.289583 0.254167 0.289583 0.254427 0.289120 0.256510 0.289120 0.256771 0.288657 0.259635 0.288657 0.259896 0.288194 0.261979 0.288194 0.262240 0.287731 0.263542 0.287731 0.264583 0.286806 0.267969 0.285880 0.268229 0.285417 0.270313 0.285417 0.270573 0.284954 0.272135 0.284954 0.272396 0.284491 0.273698 0.284491 0.273958 0.284028 0.275521 0.284028 0.275781 0.283565 0.277344 0.283565 0.277604 0.283102 0.278906 0.283102 0.279167 0.282639 0.281510 0.282639 0.281771 0.282176 0.284375 0.282176 0.284635 0.281713 0.286458 0.281713 0.286719 0.281250 0.288021 0.281250 0.288281 0.280787 0.289583 0.280787 0.290885 0.280324 0.292187 0.279398 0.293490 0.279398 0.293750 0.278935 0.295052 0.278935 0.295312 0.278472 0.297396 0.278472 0.297656 0.278009 0.299219 0.278009 0.300521 0.277083 0.301823 0.277083 0.302083 0.276620 0.303906 0.276620 0.304167 0.276157 0.306250 0.276157 0.306510 0.275694 0.308594 0.275694 0.308854 0.275231 0.310417 0.275231 0.310677 0.274769 0.312500 0.274769 0.312760 0.274306 0.314583 0.274306 0.314844 0.273843 0.316406 0.273843 0.316667 0.273380 0.318229 0.273380 0.318490 0.272917 0.320052 0.272917 0.320312 0.272454 0.321875 0.272454 0.322135 0.271991 0.323698 0.271991 0.323958 0.271528 0.325260 0.271528 0.325521 0.271065 0.327344 0.271065 0.327604 0.270602 0.329427 0.270602 0.329688 0.270139 0.331250 0.270139 0.331510 0.269676 0.333073 0.269676 0.333333 0.269213 0.334896 0.269213 0.335156 0.268750 0.336719 0.268750 0.338281 0.267824 0.339844 0.267824 0.340104 0.267361 0.341667 0.267361 0.341927 0.266898 0.344531 0.266898 0.344792 0.266435 0.347656 0.266435 0.347917 0.265972 0.349479 0.265972 0.350781 0.265046 0.351823 0.265046 0.353125 0.264120 0.354427 0.264120 0.354687 0.263657 0.356250 0.263657 0.356510 0.263194 0.361198 0.263194 0.361458 0.262731 0.363021 0.262731 0.363281 0.262269 0.364583 0.262269 0.364844 0.261806 0.366927 0.261806 0.367188 0.261343 0.369010 0.261343 0.369271 0.260880 0.371875 0.260880 0.372135 0.260417 0.373437 0.260417 0.374479 0.259491 0.376302 0.259028 0.376563 0.258565 0.378906 0.258565 0.379167 0.258102 0.381771 0.258102 0.382031 0.257639 0.383854 0.257639 0.384115 0.257176 0.385417 0.257176 0.385677 0.256713 0.386979 0.256713 0.387240 0.256250 0.388542 0.256250 0.392708 0.254398 0.396094 0.254398 0.396354 0.253935 0.397656 0.253935 0.397917 0.253472 0.399479 0.253472 0.399740 0.253009 0.401562 0.253009 0.401823 0.252546 0.403646 0.252546 0.403906 0.252083 0.405729 0.252083 0.405990 0.251620 0.407813 0.251620 0.409115 0.251157 0.410417 0.250231 0.412760 0.249769 0.413021 0.249306 0.414583 0.249306 0.414844 0.248843 0.416406 0.248843 0.416667 0.248380 0.417969 0.248380 0.418229 0.247917 0.419792 0.247917 0.420052 0.247454 0.421354 0.247454 0.421615 0.246991 0.422917 0.246991 0.423177 0.246528 0.425781 0.246528 0.426042 0.246991 0.427604 0.246991 0.429167 0.246065 0.430990 0.245602 0.431250 0.245139 0.433333 0.245139 0.433594 0.244676 0.435156 0.244676 0.435417 0.244213 0.436719 0.244213 0.436979 0.243750 0.438542 0.243750 0.438802 0.243287 0.440104 0.243287 0.440365 0.242824 0.441667 0.242824 0.441927 0.242361 0.444271 0.241898 0.446615 0.240509 0.447917 0.240046 0.449479 0.240046 0.449740 0.239583 0.451823 0.239583 0.452083 0.239120 0.454167 0.239120 0.454427 0.238657 0.459375 0.238657 0.460156 0.237731 0.463281 0.236343 0.464844 0.236343 0.465104 0.235880 0.466927 0.235880 0.467187 0.235417 0.471615 0.235417 0.471875 0.234954 0.473177 0.234954 0.473438 0.234491 0.475260 0.234491 0.475521 0.234028 0.477344 0.234028 0.477604 0.233565 0.480208 0.233565 0.480469 0.233102 0.484896 0.233102 0.485156 0.233565 0.491146 0.233565 0.491406 0.233102 0.492708 0.233102 0.492969 0.232639 0.495052 0.232639 0.496615 0.233565 0.498698 0.233565 0.498958 0.234028 0.500781 0.234028 0.501042 0.234491 0.508333 0.234491 0.508594 0.234954 0.517708 0.234954 0.517969 0.235417 0.519531 0.235417 0.519792 0.235880 0.527604 0.235880 0.527865 0.236343 0.530729 0.236343 0.530990 0.235880 0.533594 0.235880 0.535417 0.237731 0.536198 0.238194 0.540885 0.238194 0.541146 0.238657 0.542969 0.238657 0.543229 0.239120 0.546354 0.239120 0.546615 0.239583 0.549219 0.239583 0.550781 0.240509 0.552344 0.240509 0.552604 0.240972 0.559115 0.240972 0.559375 0.241435 0.565104 0.241435 0.565365 0.241898 0.567708 0.241898 0.567969 0.242361 0.569271 0.242361 0.570573 0.242824 0.572917 0.244213 0.574609 0.246759 0.575391 0.250000 0.575911 0.251389 0.576432 0.254167 0.576432 0.255556 0.576953 0.257870 0.576953 0.266667 0.576693 0.268056 0.575911 0.269907 0.575130 0.272685 0.574219 0.274306 0.572396 0.276157 0.571094 0.277083 0.570573 0.278009 0.569271 0.278935 0.568750 0.279861 0.567187 0.280787 0.565885 0.282176 0.564583 0.283102 0.563281 0.283565 0.562500 0.284491 0.560417 0.285417 0.559115 0.286343 0.557552 0.288194 0.555729 0.289583 0.553385 0.290046 0.550521 0.292824 0.546875 0.294676 0.545573 0.295602 0.541927 0.300694 0.539844 0.302083 0.539062 0.302083 0.537760 0.303009 0.536979 0.303009 0.535677 0.303935 0.533594 0.304398 0.532292 0.305324 0.530469 0.307176 0.529167 0.307639 0.528125 0.308565 0.525781 0.309491 0.524219 0.310880 0.523698 0.311806 0.521615 0.313657 0.519792 0.314583 0.518490 0.315972 0.517969 0.315972 0.515365 0.319213 0.513802 0.321991 0.513021 0.322917 0.510677 0.323380 0.507812 0.326157 0.506510 0.326620 0.504427 0.328009 0.503125 0.328472 0.501563 0.328472 0.498958 0.330324 0.498177 0.331250 0.495312 0.332639 0.493490 0.332639 0.493229 0.333102 0.490885 0.333102 0.490625 0.333565 0.486198 0.333565 0.485938 0.334028 0.483854 0.334028 0.483594 0.334491 0.481250 0.334491 0.480990 0.334954 0.478906 0.334954 0.478646 0.335417 0.476302 0.335417 0.476042 0.335880 0.474219 0.335880 0.473958 0.336343 0.470313 0.336343 0.470052 0.336806 0.468750 0.336806 0.468490 0.337269 0.467187 0.337269 0.466927 0.337731 0.465365 0.337731 0.465104 0.338194 0.463281 0.338194 0.463021 0.338657 0.461719 0.338657 0.461458 0.339120 0.459896 0.339120 0.459635 0.339583 0.455469 0.340972 0.454167 0.341898 0.452865 0.342361 0.451562 0.342361 0.450260 0.343287 0.448437 0.343750 0.448177 0.344213 0.446875 0.344213 0.446615 0.344676 0.444010 0.344676 0.442448 0.346528 0.441146 0.347454 0.439323 0.347917 0.438281 0.348843 0.434896 0.350694 0.433594 0.350694 0.433333 0.351157 0.432031 0.351157 0.431771 0.351620 0.430208 0.351620 0.429948 0.352083 0.428385 0.352083 0.426823 0.353009 0.425521 0.353009 0.425260 0.353472 0.423958 0.353472 0.422396 0.354398 0.421094 0.354398 0.420833 0.354861 0.419531 0.354861 0.419271 0.355324 0.417187 0.355324 0.416927 0.355787 0.415104 0.355787 0.413802 0.356250 0.412500 0.357176 0.411198 0.357176 0.410938 0.357639 0.409375 0.357639 0.408073 0.358102 0.407031 0.359028 0.406250 0.359028 0.404948 0.359954 0.403385 0.359954 0.403125 0.360417 0.400000 0.360417 0.396875 0.362269 0.393490 0.362269 0.393229 0.362731 0.391146 0.362731 0.390885 0.363194 0.388281 0.364120 0.384375 0.364120 0.381510 0.365509 0.380208 0.365509 0.379948 0.365972 0.377865 0.365972 0.377604 0.366435 0.375260 0.366435 0.375000 0.366898 0.372656 0.366898 0.372396 0.367361 0.371094 0.367361 0.370833 0.367824 0.369531 0.367824 0.369271 0.368287 0.367708 0.368287 0.367448 0.368750 0.365885 0.368750 0.365625 0.369213 0.364063 0.369213 0.363802 0.369676 0.361979 0.369676 0.361719 0.370139 0.360156 0.370139 0.359896 0.370602 0.357812 0.370602 0.357552 0.371065 0.355469 0.371065 0.355208 0.371528 0.352604 0.371528 0.352344 0.371991 0.350000 0.371991 0.349740 0.372454 0.348177 0.372454 0.347917 0.372917 0.346354 0.372917 0.346094 0.373380 0.344271 0.373380 0.344010 0.373843 0.342187 0.373843 0.341927 0.374306 0.340625 0.374306 0.339062 0.375231 0.337240 0.375231 0.336979 0.375694 0.334635 0.375694 0.334375 0.376157 0.332813 0.376157 0.332552 0.376620 0.330469 0.376620 0.330208 0.377083 0.328906 0.377083 0.328646 0.377546 0.327083 0.377546 0.326823 0.378009 0.325521 0.378009 0.325260 0.378472 0.323437 0.378472 0.323177 0.378935 0.321615 0.378935 0.321354 0.379398 0.320052 0.379398 0.319792 0.379861 0.318490 0.379861 0.318229 0.380324 0.316927 0.380324 0.316667 0.380787 0.315365 0.380787 0.315104 0.381250 0.313281 0.381250 0.313021 0.381713 0.310677 0.381713 0.310417 0.382176 0.307812 0.382176 0.307552 0.382639 0.304948 0.382639 0.304688 0.383102 0.302604 0.383102 0.302344 0.383565 0.301042 0.383565 0.299740 0.384491 0.298177 0.384491 0.296875 0.384954 0.294792 0.386343 0.292708 0.386343 0.292448 0.386806 0.290885 0.386806 0.290625 0.387269 0.289062 0.387269 0.288802 0.387731 0.284635 0.387731 0.283333 0.387269 0.282031 0.386343 0.281250 0.384954 0.277865 0.381713 0.275000 0.379861 0.274219 0.379861 0.273177 0.378935 0.272396 0.378935 0.269792 0.377546 0.268490 0.376620 0.267188 0.375231 0.265885 0.374769 0.264323 0.374769 0.264062 0.374306 0.260937 0.374306 0.260677 0.373843 0.257552 0.373843 0.257292 0.374306 0.252083 0.374306 0.251823 0.374769 0.249219 0.374769 0.248958 0.375231 0.246875 0.375231 0.246615 0.375694 0.244531 0.375694 0.244271 0.376157 0.242969 0.376157 0.240885 0.377546 0.239583 0.377546 0.239323 0.378009 0.237240 0.378009 0.236458 0.378472 0.233333 0.381250 0.232813 0.382176 0.231510 0.383102 0.230469 0.383102 0.229167 0.384028 0.226042 0.384954 0.223958 0.386343 0.221354 0.387269 0.220052 0.387269 0.219792 0.387731 0.218490 0.387731 0.218229 0.388194 0.216927 0.388194 0.215365 0.389120 0.213802 0.389120 0.213542 0.389583 0.211979 0.389583 0.211719 0.390046 0.210417 0.390046 0.210156 0.390509 0.208594 0.390509 0.208333 0.390972 0.204427 0.390972 0.204167 0.391435 0.202344 0.391435 0.202083 0.391898
 3 0.389844 0.519213 0.387240 0.519213 0.385937 0.518287 0.385156 0.518287 0.383464 0.515741 0.382682 0.513426 0.381641 0.511111 0.380859 0.507870 0.380859 0.506944 0.379818 0.503241 0.379818 0.497222 0.379557 0.496759 0.379557 0.493056 0.379297 0.492593 0.379297 0.486574 0.379036 0.486111 0.379036 0.482870 0.379297 0.481481 0.380469 0.479398 0.382812 0.477546 0.385677 0.476157 0.389844 0.476157 0.391927 0.478009 0.393229 0.478009 0.393490 0.477546 0.395313 0.477546 0.395573 0.477083 0.397656 0.477083 0.397917 0.476620 0.399479 0.476620 0.399740 0.476157 0.401042 0.476157 0.401302 0.475694 0.403646 0.475231 0.404948 0.474306 0.406250 0.474306 0.409115 0.472917 0.411458 0.472454 0.414323 0.471065 0.415625 0.471065 0.417187 0.470139 0.419010 0.469676 0.420312 0.468750 0.421875 0.468750 0.423438 0.467824 0.424740 0.467824 0.425000 0.467361 0.426563 0.467361 0.426823 0.466898 0.452604 0.466898 0.452865 0.467361 0.454167 0.467361 0.455729 0.468750 0.456120 0.469907 0.455339 0.472222 0.455078 0.475463 0.453516 0.480556 0.452344 0.482639 0.450781 0.484028 0.447917 0.485417 0.447135 0.486343 0.444271 0.487731 0.442188 0.489583 0.438542 0.493287 0.436979 0.494213 0.434635 0.496528 0.433333 0.497454 0.430990 0.498380 0.429688 0.499306 0.428646 0.499306 0.427344 0.500231 0.426042 0.500231 0.424479 0.501157 0.422135 0.501620 0.420833 0.502546 0.419531 0.502546 0.418229 0.503009 0.416146 0.504398 0.414844 0.504398 0.413542 0.504861 0.411198 0.506250 0.410156 0.506250 0.408854 0.507176 0.404167 0.509028 0.402604 0.509028 0.402344 0.509491 0.400521 0.509491 0.398438 0.511343 0.396875 0.514120 0.395833 0.515509 0.395313 0.515509 0.394010 0.516898 0.392708 0.517361 0.391927 0.518287 0.391146 0.518287 0.389844 0.519213
 4 0.318229 0.446991 0.317188 0.446528 0.314844 0.446528 0.313802 0.446065 0.311719 0.443750 0.310807 0.441667 0.309245 0.437037 0.308464 0.433333 0.307943 0.431944 0.306901 0.426389 0.306641 0.424074 0.306641 0.421296 0.306380 0.420833 0.306380 0.417593 0.306120 0.417130 0.306120 0.412037 0.306380 0.411574 0.306901 0.408333 0.307812 0.406713 0.309896 0.404861 0.310677 0.404861 0.311719 0.403935 0.312500 0.403935 0.314583 0.402546 0.316667 0.402546 0.316927 0.402083 0.319010 0.402083 0.320052 0.402546 0.321615 0.404398 0.322656 0.404398 0.323437 0.403472 0.324479 0.403009 0.326302 0.403009 0.326562 0.402546 0.328125 0.402546 0.328385 0.402083 0.330208 0.402083 0.330469 0.401620 0.331771 0.401620 0.332031 0.401157 0.334375 0.400694 0.335677 0.399769 0.336719 0.399769 0.338021 0.398843 0.339062 0.398843 0.340104 0.397917 0.342448 0.397454 0.343750 0.396528 0.344792 0.396528 0.346354 0.395602 0.348698 0.395139 0.350000 0.394213 0.351042 0.394213 0.352604 0.393287 0.354948 0.392824 0.355990 0.391898 0.356771 0.391898 0.357812 0.390972 0.360156 0.390509 0.362240 0.389583 0.363281 0.388657 0.364063 0.388657 0.365104 0.387731 0.365885 0.387731 0.369271 0.386343 0.369531 0.385880 0.371875 0.385417 0.374740 0.384028 0.376042 0.384028 0.376302 0.383565 0.377604 0.383565 0.382292 0.381713 0.383594 0.380787 0.384635 0.380787 0.386198 0.379861 0.388542 0.379398 0.388802 0.378935 0.390104 0.378935 0.390365 0.378472 0.391667 0.378472 0.393750 0.377083 0.394531 0.377083 0.395573 0.376157 0.396875 0.375694 0.404687 0.375694 0.405469 0.374769 0.407031 0.373843 0.408594 0.374306 0.409896 0.375694 0.411198 0.375694 0.411458 0.376157 0.413542 0.376157 0.413802 0.375694 0.424479 0.375694 0.426432 0.377315 0.427214 0.380093 0.427214 0.384259 0.426042 0.386806 0.421615 0.390972 0.421094 0.390972 0.417969 0.393287 0.416667 0.394676 0.414844 0.395602 0.411719 0.398380 0.407552 0.402546 0.403646 0.405787 0.402604 0.405787 0.401042 0.407176 0.400521 0.407176 0.398438 0.409028 0.395833 0.410417 0.394531 0.410880 0.393229 0.410880 0.391667 0.411806 0.390625 0.411806 0.389323 0.412731 0.385677 0.413657 0.382292 0.415972 0.380208 0.417824 0.378906 0.417824 0.378646 0.418287 0.376823 0.418287 0.376563 0.418750 0.375260 0.418750 0.373698 0.419676 0.371354 0.420139 0.369792 0.421065 0.368750 0.421065 0.366406 0.422454 0.365365 0.422454 0.362500 0.423843 0.361198 0.423843 0.358333 0.425231 0.357031 0.425231 0.356771 0.425694 0.354687 0.426620 0.353906 0.426620 0.351562 0.428009 0.350521 0.428009 0.349219 0.428935 0.348438 0.428935 0.347396 0.429861 0.345573 0.430324 0.344271 0.431250 0.341927 0.431713 0.341667 0.432176 0.340365 0.432176 0.338802 0.433102 0.337500 0.433102 0.337240 0.433565 0.335938 0.433565 0.333333 0.434954 0.333073 0.435417 0.331250 0.435880 0.330208 0.436806 0.328125 0.437731 0.327214 0.439352 0.326693 0.441204 0.325260 0.443287 0.323958 0.444213 0.322656 0.444676 0.321615 0.445602 0.318490 0.446528 0.318229 0.446991
 3 0.470833 0.507639 0.469010 0.507639 0.468750 0.507176 0.467187 0.507176 0.466146 0.506713 0.465365 0.505787 0.461458 0.503009 0.460156 0.501157 0.459375 0.500694 0.458333 0.499306 0.456120 0.495370 0.455339 0.493056 0.454297 0.491204 0.453516 0.488426 0.453516 0.486111 0.453255 0.485648 0.452995 0.482870 0.453516 0.480556 0.455339 0.476389 0.455859 0.474074 0.456901 0.471296 0.458333 0.468750 0.459115 0.467824 0.460417 0.467361 0.461719 0.465972 0.462891 0.463426 0.462891 0.462500 0.463672 0.460185 0.464453 0.458796 0.466016 0.454167 0.467839 0.450463 0.469922 0.444444 0.470703 0.443056 0.471745 0.439352 0.472266 0.438426 0.473307 0.435185 0.475651 0.430093 0.477474 0.424537 0.478776 0.422222 0.478776 0.421759 0.480078 0.419444 0.480078 0.418981 0.482292 0.415046 0.483594 0.413657 0.485156 0.410880 0.485417 0.410880 0.486719 0.408565 0.486979 0.408565 0.490625 0.402083 0.490885 0.402083 0.494271 0.396065 0.497396 0.393287 0.498958 0.393750 0.500391 0.396296 0.500651 0.397222 0.500651 0.402315 0.500130 0.405093 0.499349 0.410648 0.498307 0.414352 0.497786 0.418056 0.497266 0.419907 0.496484 0.425926 0.495964 0.427778 0.495703 0.430093 0.495182 0.432407 0.494401 0.434722 0.493099 0.439815 0.492578 0.440741 0.492057 0.443056 0.490755 0.446296 0.488932 0.452315 0.488411 0.453241 0.487891 0.455556 0.486849 0.458333 0.485547 0.461111 0.485026 0.463426 0.483203 0.467593 0.483203 0.468056 0.481120 0.473611 0.480599 0.475926 0.479557 0.478241 0.479036 0.480556 0.477995 0.483333 0.477734 0.485185 0.477734 0.487500 0.477474 0.487963 0.477474 0.490741 0.476693 0.495370 0.475651 0.498148 0.473047 0.504167 0.473047 0.504630 0.471354 0.507176 0.470833 0.507639
 5 0.428125 0.453009 0.426302 0.453009 0.424479 0.451620 0.423047 0.447685 0.423047 0.446759 0.420964 0.440278 0.419401 0.437500 0.418359 0.434722 0.416276 0.428241 0.416276 0.425463 0.416536 0.424537 0.418490 0.421065 0.420052 0.419676 0.420573 0.418750 0.421875 0.417824 0.422396 0.416898 0.424740 0.414120 0.425521 0.413657 0.426823 0.411806 0.430208 0.409028 0.431250 0.407639 0.435156 0.407639 0.437500 0.404398 0.439583 0.403009 0.440365 0.403009 0.441927 0.401620 0.443750 0.398843 0.445052 0.397917 0.447135 0.395139 0.448177 0.394213 0.448958 0.392824 0.450260 0.391435 0.452604 0.390046 0.454167 0.388194 0.455990 0.384954 0.457552 0.383565 0.458073 0.382639 0.460938 0.380324 0.463021 0.377083 0.465104 0.375231 0.466406 0.374769 0.467187 0.373843 0.468229 0.373380 0.470052 0.370602 0.473958 0.366435 0.475521 0.365046 0.477604 0.361806 0.478906 0.360880 0.480990 0.358102 0.482292 0.357176 0.482812 0.356250 0.484635 0.354861 0.485417 0.353935 0.486719 0.353472 0.488021 0.352546 0.490885 0.349769 0.492708 0.348380 0.493229 0.347454 0.495052 0.346065 0.497135 0.343287 0.497917 0.342824 0.501302 0.338657 0.502083 0.338194 0.504948 0.335417 0.506250 0.334491 0.508073 0.332176 0.510156 0.330324 0.511979 0.329398 0.512760 0.328472 0.513802 0.328009 0.515104 0.328472 0.517448 0.328472 0.518490 0.329398 0.520443 0.332870 0.520964 0.334259 0.522266 0.340741 0.522266 0.344444 0.521745 0.346759 0.520964 0.348611 0.520964 0.349537 0.519531 0.352083 0.519271 0.352083 0.517969 0.354398 0.515104 0.356713 0.513281 0.359028 0.511719 0.359954 0.510938 0.360880 0.509115 0.364120 0.508073 0.365509 0.506510 0.366898 0.504948 0.367824 0.503385 0.369213 0.501042 0.373380 0.500000 0.374769 0.498698 0.375694 0.497396 0.377083 0.495573 0.378472 0.495052 0.379398 0.492708 0.381250 0.491406 0.382639 0.490625 0.384028 0.489844 0.384491 0.488542 0.386343 0.485156 0.389120 0.482292 0.393287 0.480990 0.394213 0.480469 0.395139 0.478125 0.396991 0.476823 0.398380 0.474740 0.401157 0.473438 0.402083 0.472135 0.403472 0.470052 0.406250 0.468490 0.407639 0.467708 0.409028 0.465885 0.410880 0.464583 0.412731 0.463281 0.414120 0.461198 0.415046 0.458854 0.417361 0.457813 0.419213 0.455208 0.421991 0.453385 0.422917 0.450521 0.426157 0.450000 0.426157 0.448698 0.427546 0.446875 0.428935 0.446094 0.428935 0.445052 0.429861 0.443880 0.431944 0.443099 0.435648 0.442578 0.437037 0.440625 0.440509 0.439844 0.440972 0.438021 0.442824 0.437500 0.442824 0.436198 0.444213 0.434896 0.445139 0.431771 0.449306 0.430469 0.450231 0.429948 0.451157 0.428646 0.452083 0.428125 0.453009
 5 0.339844 0.623843 0.337760 0.623843 0.336979 0.623380 0.335547 0.620833 0.335286 0.618981 0.334505 0.616667 0.333464 0.612500 0.332682 0.610185 0.332422 0.607407 0.331901 0.604630 0.331901 0.601852 0.331641 0.601389 0.331641 0.594444 0.331901 0.593056 0.333333 0.590509 0.334896 0.589120 0.336198 0.588657 0.336979 0.587731 0.338542 0.587269 0.339583 0.586343 0.340365 0.586343 0.341146 0.585417 0.344531 0.584028 0.345573 0.583102 0.348438 0.582176 0.350000 0.581250 0.351562 0.579861 0.352604 0.579398 0.357292 0.579398 0.357552 0.578935 0.361198 0.578935 0.363542 0.578009 0.364583 0.577083 0.365365 0.577083 0.368490 0.574769 0.370312 0.573843 0.372135 0.573380 0.373437 0.572454 0.374219 0.572454 0.375260 0.571528 0.378906 0.570139 0.380990 0.568750 0.382292 0.568750 0.382552 0.568287 0.384896 0.567361 0.388542 0.564583 0.389323 0.564583 0.392708 0.562269 0.395573 0.561343 0.397656 0.559491 0.400000 0.558565 0.401042 0.557639 0.404427 0.556250 0.404687 0.555787 0.406250 0.555787 0.407552 0.555324 0.410156 0.553935 0.412760 0.552083 0.413802 0.550694 0.414583 0.550694 0.415625 0.549769 0.419010 0.548380 0.420312 0.547454 0.421875 0.547454 0.423698 0.546528 0.424219 0.545602 0.425781 0.545139 0.427083 0.543750 0.428646 0.543287 0.430208 0.541898 0.433073 0.540509 0.434375 0.540509 0.438021 0.538194 0.438802 0.538194 0.439583 0.537269 0.441146 0.536806 0.441406 0.536343 0.443750 0.535417 0.444010 0.534954 0.447135 0.533565 0.448177 0.532639 0.448958 0.532639 0.449740 0.531713 0.450521 0.531713 0.451562 0.530787 0.452344 0.530787 0.453385 0.529861 0.456250 0.529861 0.457552 0.531250 0.458073 0.531250 0.459766 0.534259 0.460026 0.535648 0.460807 0.537500 0.460807 0.541667 0.460286 0.544907 0.459505 0.547222 0.459505 0.548148 0.458724 0.550000 0.458203 0.552315 0.456771 0.555324 0.454688 0.557639 0.453646 0.558102 0.452083 0.558102 0.451823 0.558565 0.450521 0.558565 0.450260 0.559028 0.446615 0.560880 0.441146 0.560880 0.440885 0.560417 0.439583 0.560417 0.438672 0.561574 0.437891 0.564352 0.437370 0.567593 0.435937 0.570139 0.434115 0.571528 0.432812 0.571991 0.431510 0.571991 0.428646 0.573843 0.427865 0.574769 0.426302 0.575231 0.425260 0.576157 0.423438 0.576620 0.422396 0.577546 0.421615 0.577546 0.420052 0.578935 0.417969 0.579861 0.417187 0.580787 0.415104 0.581713 0.412240 0.584028 0.410938 0.584491 0.409635 0.584491 0.407552 0.585880 0.406250 0.586343 0.405208 0.587269 0.404427 0.587269 0.403125 0.588194 0.402344 0.588194 0.398958 0.590509 0.398177 0.590509 0.396615 0.591898 0.395833 0.591898 0.394010 0.593287 0.392708 0.593750 0.391927 0.594676 0.390365 0.595139 0.387500 0.598380 0.385417 0.598843 0.383594 0.599769 0.382812 0.600694 0.381510 0.601157 0.380729 0.602083 0.379688 0.602546 0.375521 0.602546 0.375260 0.603009 0.373437 0.603009 0.369010 0.606713 0.366927 0.607176 0.365104 0.608565 0.364323 0.608565 0.362760 0.609954 0.361589 0.612037 0.361589 0.612500 0.360417 0.614583 0.359115 0.615972 0.358594 0.615972 0.357292 0.617361 0.355469 0.617824 0.354427 0.618750 0.353646 0.618750 0.352604 0.619676 0.351823 0.619676 0.351042 0.620602 0.349219 0.621065 0.348177 0.621991 0.346094 0.622917 0.343229 0.622917 0.342969 0.623380 0.340104 0.623380 0.339844 0.623843
 2 0.147135 0.625231 0.145313 0.625231 0.144271 0.624306 0.143359 0.622685 0.143620 0.620370 0.144010 0.620139 0.146094 0.616435 0.147135 0.615046 0.147917 0.614583 0.148698 0.613194 0.150260 0.611806 0.151693 0.609259 0.152474 0.606481 0.154688 0.602546 0.154948 0.602546 0.156380 0.600000 0.157422 0.595833 0.158594 0.593287 0.159896 0.592361 0.160677 0.592361 0.163802 0.590509 0.165885 0.588657 0.167708 0.588657 0.167969 0.588194 0.170833 0.588194 0.171094 0.587731 0.172917 0.587731 0.173177 0.587269 0.175781 0.587269 0.176042 0.586806 0.178125 0.586806 0.179427 0.585880 0.180729 0.585417 0.183073 0.585417 0.183333 0.584954 0.185156 0.584954 0.185417 0.584491 0.186719 0.584491 0.186979 0.584028 0.188281 0.584028 0.188542 0.583565 0.191406 0.583565 0.191667 0.583102 0.193750 0.583102 0.194010 0.582639 0.195312 0.582639 0.198958 0.580787 0.201823 0.578472 0.203125 0.578472 0.204687 0.577546 0.206510 0.577546 0.206771 0.577083 0.208594 0.577083 0.208854 0.576620 0.210156 0.576620 0.211458 0.575694 0.212500 0.575694 0.214062 0.574769 0.215365 0.574769 0.215625 0.574306 0.217969 0.573843 0.218229 0.573380 0.221354 0.572454 0.222656 0.571528 0.223958 0.571528 0.225521 0.570602 0.226823 0.570602 0.227083 0.570139 0.228646 0.570139 0.228906 0.569676 0.230208 0.569676 0.230469 0.569213 0.231771 0.569213 0.232031 0.568750 0.233594 0.568750 0.236198 0.567824 0.236458 0.567361 0.238021 0.567361 0.239323 0.566898 0.240625 0.565972 0.241406 0.565972 0.242708 0.565046 0.244010 0.564583 0.245312 0.564583 0.245573 0.564120 0.247135 0.564120 0.247396 0.563657 0.248958 0.563657 0.249219 0.563194 0.250521 0.563194 0.250781 0.562731 0.252083 0.562731 0.252344 0.562269 0.254948 0.562269 0.255208 0.561806 0.256771 0.561806 0.257031 0.561343 0.258594 0.561343 0.258854 0.560880 0.261198 0.560880 0.261458 0.560417 0.263021 0.560417 0.265365 0.557639 0.268620 0.551852 0.269661 0.547685 0.269922 0.545833 0.269922 0.540278 0.269661 0.539815 0.269661 0.534722 0.269922 0.534259 0.269922 0.530093 0.270443 0.527315 0.270443 0.524074 0.270703 0.523611 0.270703 0.515741 0.270443 0.515278 0.270443 0.500463 0.270703 0.500000 0.270703 0.496296 0.271224 0.493519 0.271484 0.489815 0.272396 0.487731 0.275260 0.484491 0.276042 0.484028 0.278125 0.480787 0.279948 0.478935 0.281510 0.476157 0.283073 0.474306 0.283594 0.474306 0.285677 0.472454 0.286198 0.471528 0.287240 0.471528 0.287891 0.472685 0.288411 0.474537 0.288411 0.539352 0.288151 0.539815 0.288151 0.556019 0.287891 0.556481 0.287891 0.565278 0.287370 0.568519 0.286589 0.570833 0.286068 0.573148 0.283333 0.578009 0.282552 0.578935 0.281250 0.578935 0.280208 0.579398 0.278646 0.580787 0.277083 0.580787 0.276823 0.581250 0.274740 0.581250 0.274479 0.581713 0.272135 0.581713 0.270833 0.582176 0.269010 0.583565 0.267708 0.585880 0.266667 0.585880 0.265365 0.586806 0.264583 0.586806 0.263542 0.587731 0.262240 0.587731 0.261979 0.588194 0.260677 0.588194 0.260417 0.588657 0.259115 0.588657 0.258854 0.589120 0.257292 0.589120 0.257031 0.589583 0.255469 0.589583 0.254167 0.590046 0.252865 0.590972 0.248958 0.590972 0.248698 0.591435 0.246875 0.591435 0.244792 0.592824 0.243229 0.592824 0.241927 0.593287 0.240625 0.594213 0.239323 0.594676 0.237500 0.594676 0.237240 0.595139 0.235417 0.595139 0.235156 0.595602 0.232813 0.595602 0.232552 0.596065 0.230729 0.596065 0.230469 0.596528 0.228906 0.596528 0.228646 0.596991 0.227083 0.596991 0.226823 0.597454 0.225000 0.597917 0.223177 0.599769 0.221875 0.600231 0.220573 0.600231 0.220312 0.600694 0.218750 0.600694 0.217708 0.601620 0.216927 0.601620 0.215625 0.602546 0.214323 0.602546 0.214062 0.603009 0.212760 0.603009 0.212500 0.603472 0.210156 0.603472 0.209896 0.603935 0.208073 0.603935 0.206771 0.604861 0.205729 0.604861 0.203906 0.605787 0.203125 0.606713 0.201042 0.606713 0.200781 0.607176 0.196615 0.607176 0.196354 0.607639 0.195052 0.607639 0.194792 0.608102 0.193490 0.608102 0.193229 0.608565 0.190885 0.608565 0.190625 0.609028 0.188542 0.609028 0.188281 0.609491 0.186458 0.609491 0.186198 0.609954 0.184115 0.610417 0.182292 0.611806 0.181510 0.613657 0.180729 0.613657 0.179167 0.614583 0.178385 0.615509 0.177344 0.615509 0.174479 0.616898 0.170833 0.616898 0.170573 0.616435 0.169271 0.616435 0.169010 0.616898 0.167448 0.616898 0.167187 0.617361 0.165365 0.617361 0.165104 0.617824 0.162500 0.617824 0.161198 0.618287 0.159115 0.619676 0.158333 0.619676 0.157031 0.621065 0.156510 0.621065 0.154948 0.622454 0.153646 0.622917 0.151823 0.622917 0.151562 0.623380 0.150260 0.623380 0.147135 0.625231
 2 0.127344 0.643750 0.126953 0.643056 0.127474 0.642593 0.127344 0.643750
 2 0.086719 0.996065 0.076563 0.996065 0.076302 0.995602 0.072656 0.995602 0.071354 0.994676 0.069922 0.992130 0.069661 0.988889 0.070443 0.987037 0.070964 0.984259 0.072526 0.979167 0.074870 0.973148 0.074870 0.972685 0.076693 0.968981 0.077995 0.962963 0.077995 0.962037 0.079557 0.956944 0.080339 0.955093 0.080339 0.954167 0.081901 0.949074 0.082422 0.946759 0.083333 0.945139 0.084896 0.944213 0.087109 0.941667 0.087630 0.939815 0.087630 0.934259 0.088151 0.931944 0.088932 0.930093 0.089193 0.926852 0.089974 0.924074 0.090234 0.921759 0.090755 0.919444 0.092839 0.914815 0.093620 0.912037 0.093620 0.910648 0.094141 0.908333 0.094401 0.906019 0.094401 0.902315 0.094661 0.901852 0.094661 0.896759 0.094922 0.896296 0.094922 0.893056 0.095703 0.890278 0.096745 0.887500 0.096745 0.886111 0.097266 0.883796 0.097266 0.881944 0.097786 0.878241 0.098307 0.876389 0.098568 0.874074 0.099609 0.870370 0.100651 0.862500 0.101172 0.861111 0.101432 0.858333 0.101953 0.856481 0.101953 0.855093 0.102474 0.853241 0.102734 0.850000 0.103516 0.846759 0.103516 0.845370 0.104297 0.842130 0.104297 0.840741 0.104818 0.838889 0.105339 0.834259 0.106120 0.831944 0.106641 0.829630 0.106901 0.827315 0.106901 0.825000 0.107161 0.822685 0.108464 0.817593 0.109245 0.815278 0.109245 0.808333 0.109505 0.807870 0.109505 0.805556 0.110026 0.802778 0.110026 0.798611 0.110286 0.798148 0.110286 0.792130 0.110547 0.791667 0.110547 0.781019 0.111589 0.776389 0.111589 0.770833 0.111328 0.770370 0.111328 0.764352 0.111589 0.763889 0.111589 0.760648 0.111849 0.760185 0.111849 0.756944 0.112109 0.756481 0.112109 0.752315 0.112370 0.751852 0.112370 0.749074 0.112630 0.748611 0.112630 0.745370 0.113151 0.742593 0.113151 0.740278 0.113932 0.735648 0.114453 0.733796 0.114714 0.730556 0.115234 0.728704 0.115495 0.726389 0.116016 0.724537 0.117448 0.721991 0.119010 0.720602 0.120052 0.720139 0.121354 0.720139 0.122656 0.719676 0.123958 0.718750 0.125000 0.718750 0.126562 0.717824 0.127865 0.717824 0.128125 0.717361 0.129948 0.717361 0.130208 0.716898 0.131771 0.716898 0.132031 0.716435 0.133333 0.716435 0.133594 0.715972 0.134896 0.715972 0.135156 0.715509 0.136458 0.715509 0.136719 0.715046 0.138281 0.715046 0.139844 0.714120 0.141146 0.714120 0.142708 0.713194 0.144010 0.713194 0.145573 0.712269 0.146875 0.712269 0.148438 0.711343 0.151042 0.710417 0.152344 0.710417 0.152604 0.709954 0.153906 0.709954 0.154167 0.709491 0.155990 0.709491 0.156250 0.709028 0.157812 0.709028 0.158073 0.708565 0.159375 0.708565 0.159635 0.708102 0.161198 0.708102 0.163802 0.707176 0.164062 0.706713 0.169010 0.705324 0.169271 0.704861 0.171094 0.704398 0.172396 0.703472 0.173698 0.703472 0.173958 0.703009 0.175260 0.703009 0.175521 0.702546 0.176823 0.702546 0.177083 0.702083 0.178385 0.702083 0.178646 0.701620 0.179948 0.701620 0.180208 0.701157 0.181510 0.701157 0.183073 0.700231 0.184375 0.700231 0.184635 0.699769 0.185938 0.699769 0.186198 0.699306 0.187500 0.699306 0.187760 0.698843 0.189062 0.698843 0.190365 0.697917 0.191406 0.697917 0.193750 0.696528 0.195052 0.696528 0.195312 0.696065 0.196875 0.696065 0.199740 0.694676 0.201042 0.694676 0.201302 0.694213 0.205208 0.692824 0.206771 0.692824 0.207031 0.692361 0.208854 0.692361 0.211719 0.690972 0.213281 0.690972 0.213542 0.690509 0.215104 0.690509 0.216667 0.689583 0.217969 0.689583 0.218229 0.689120 0.219792 0.689120 0.220052 0.688657 0.221615 0.688657 0.221875 0.688194 0.223177 0.688194 0.223438 0.687731 0.225000 0.687731 0.225260 0.687269 0.226823 0.687269 0.228385 0.686343 0.229948 0.686343 0.230208 0.685880 0.231510 0.685880 0.231771 0.685417 0.235417 0.684491 0.235677 0.684028 0.238021 0.683565 0.239323 0.682639 0.240885 0.682639 0.241146 0.682176 0.242448 0.682176 0.244010 0.681250 0.245312 0.681250 0.248177 0.679861 0.249479 0.679861 0.251042 0.678935 0.252344 0.678935 0.252604 0.678472 0.253906 0.678472 0.254167 0.678009 0.256771 0.677083 0.258073 0.677083 0.258333 0.676620 0.262240 0.676620 0.262500 0.677083 0.264062 0.677083 0.265625 0.678472 0.266146 0.678472 0.268750 0.680787 0.269531 0.681713 0.272135 0.684028 0.273438 0.684954 0.275521 0.685880 0.277604 0.687731 0.279687 0.690972 0.281250 0.692824 0.282943 0.696296 0.283724 0.699074 0.283984 0.701389 0.283984 0.703704 0.284245 0.704167 0.284245 0.719444 0.283984 0.719907 0.283984 0.723611 0.283724 0.724074 0.283724 0.737500 0.283464 0.737963 0.283464 0.747222 0.283203 0.747685 0.283203 0.750463 0.282943 0.750926 0.282943 0.757407 0.282682 0.757870 0.282682 0.768056 0.282422 0.768519 0.282422 0.776389 0.282161 0.776852 0.282161 0.782407 0.281901 0.782870 0.281901 0.797222 0.281641 0.797685 0.281641 0.806019 0.281380 0.806481 0.281380 0.818056 0.281120 0.818519 0.281120 0.827315 0.280859 0.827778 0.280859 0.841204 0.280599 0.841667 0.280599 0.851852 0.280339 0.852315 0.280339 0.859722 0.280078 0.860185 0.280078 0.872685 0.279818 0.873148 0.279818 0.880556 0.279557 0.881019 0.279557 0.886111 0.279297 0.886574 0.279297 0.892593 0.279036 0.893056 0.279036 0.901852 0.278776 0.902315 0.278776 0.911574 0.278516 0.912037 0.278516 0.915741 0.278255 0.916204 0.278255 0.918981 0.277474 0.923611 0.276172 0.927778 0.273307 0.932870 0.273307 0.933333 0.271875 0.935880 0.270313 0.937269 0.269010 0.937731 0.266927 0.939120 0.264844 0.939120 0.264583 0.939583 0.263021 0.939583 0.262760 0.940046 0.260156 0.940046 0.259896 0.940509 0.258073 0.940509 0.257812 0.940972 0.256510 0.940972 0.256250 0.941435 0.253906 0.941435 0.253646 0.941898 0.251302 0.941898 0.251042 0.942361 0.247917 0.943287 0.247656 0.943750 0.245573 0.943750 0.245312 0.944213 0.243490 0.944213 0.241927 0.945139 0.240625 0.945139 0.240365 0.945602 0.236719 0.945602 0.235417 0.946065 0.234375 0.946991 0.233594 0.946991 0.232552 0.947917 0.231510 0.947917 0.228646 0.949306 0.226823 0.949306 0.226562 0.949769 0.225000 0.949769 0.224740 0.950231 0.221615 0.951157 0.219010 0.952546 0.217969 0.953472 0.213542 0.955324 0.208333 0.957639 0.205990 0.958102 0.204687 0.959028 0.203906 0.959028 0.202865 0.959954 0.201042 0.960417 0.199740 0.961343 0.198958 0.961343 0.196875 0.962731 0.192969 0.964120 0.191927 0.964120 0.190365 0.965046 0.189062 0.965046 0.188802 0.965509 0.186979 0.965509 0.186719 0.965972 0.185156 0.965972 0.184896 0.966435 0.183333 0.966435 0.183073 0.966898 0.181771 0.966898 0.181510 0.967361 0.179948 0.967361 0.179688 0.967824 0.178385 0.967824 0.178125 0.968287 0.173698 0.969676 0.169271 0.972454 0.167187 0.972917 0.165885 0.973843 0.165104 0.973843 0.164323 0.974769 0.162240 0.975694 0.161198 0.975694 0.159896 0.976620 0.158333 0.976620 0.155469 0.978009 0.154167 0.978009 0.153906 0.978472 0.152344 0.978472 0.152083 0.978935 0.150000 0.978935 0.149740 0.979398 0.147656 0.979398 0.147396 0.979861 0.146094 0.979861 0.143750 0.980787 0.142708 0.981713 0.141406 0.981713 0.141146 0.982176 0.139583 0.982176 0.139323 0.982639 0.138021 0.982639 0.137760 0.983102 0.136458 0.983102 0.136198 0.983565 0.134375 0.983565 0.134115 0.984028 0.132812 0.984028 0.129948 0.985417 0.128646 0.985417 0.124740 0.986806 0.124479 0.987269 0.123177 0.987269 0.121875 0.987731 0.119792 0.989120 0.118750 0.989120 0.115885 0.990509 0.114583 0.990509 0.111719 0.991898 0.108854 0.991898 0.108594 0.992361 0.106250 0.992361 0.105990 0.992824 0.104167 0.992824 0.103906 0.993287 0.102344 0.993287 0.102083 0.993750 0.100781 0.993750 0.099479 0.994676 0.098177 0.994676 0.097917 0.995139 0.096615 0.995139 0.096354 0.995602 0.086979 0.995602 0.086719 0.996065
 7 0.154688 0.422454 0.153646 0.422454 0.152474 0.420833 0.151432 0.416667 0.150651 0.414352 0.150391 0.412037 0.149609 0.409722 0.149349 0.407407 0.148828 0.405093 0.147786 0.401852 0.146484 0.399537 0.145703 0.397685 0.144922 0.394444 0.144401 0.393519 0.143359 0.389352 0.141797 0.386574 0.141797 0.386111 0.139844 0.382639 0.138542 0.381250 0.137240 0.379398 0.135156 0.377546 0.134375 0.376157 0.132552 0.373843 0.130729 0.372917 0.128385 0.370602 0.127865 0.370602 0.127083 0.369213 0.124219 0.366898 0.123438 0.366898 0.122135 0.365972 0.119792 0.365509 0.118750 0.364583 0.118099 0.363426 0.119531 0.362269 0.121615 0.361806 0.121875 0.361343 0.123438 0.361343 0.123698 0.360880 0.141146 0.360880 0.141406 0.360417 0.144531 0.360417 0.144792 0.360880 0.146875 0.360880 0.147135 0.360417 0.151562 0.360417 0.151823 0.359954 0.155729 0.359954 0.155990 0.359491 0.159635 0.359491 0.159896 0.359028 0.162240 0.359028 0.162500 0.358565 0.164583 0.358565 0.164844 0.358102 0.175000 0.358102 0.175260 0.357639 0.177083 0.357639 0.177344 0.357176 0.178646 0.357176 0.180208 0.356250 0.181771 0.356250 0.183073 0.355787 0.184375 0.354861 0.185938 0.354861 0.186979 0.355787 0.187891 0.357870 0.188411 0.361574 0.189193 0.364815 0.189193 0.366204 0.190234 0.369907 0.190495 0.372222 0.191276 0.375463 0.193359 0.379167 0.195703 0.387037 0.196224 0.390741 0.196484 0.391204 0.195312 0.393287 0.193750 0.394676 0.192969 0.394676 0.190885 0.395602 0.188802 0.396991 0.187760 0.396991 0.185677 0.398843 0.184635 0.399306 0.184115 0.400231 0.182812 0.400694 0.181771 0.401620 0.178646 0.402546 0.175260 0.405324 0.173437 0.407176 0.172135 0.407639 0.171354 0.408565 0.168750 0.410417 0.167448 0.410880 0.166146 0.411806 0.164323 0.413657 0.163021 0.414583 0.159115 0.418287 0.156771 0.420139 0.156250 0.421065 0.154688 0.422454
 7 0.171094 0.588194 0.165625 0.588194 0.164974 0.587500 0.165625 0.585417 0.167448 0.584028 0.170052 0.579398 0.170833 0.578472 0.171875 0.578009 0.173698 0.576157 0.174219 0.576157 0.176302 0.574306 0.176823 0.573380 0.177865 0.572917 0.182031 0.569213 0.183333 0.568750 0.186198 0.566898 0.189583 0.563657 0.190104 0.563657 0.191927 0.561806 0.193229 0.560880 0.194531 0.560417 0.195312 0.559491 0.196615 0.559028 0.197917 0.557639 0.198437 0.557639 0.202083 0.554861 0.203906 0.554398 0.205208 0.553472 0.205729 0.552546 0.210156 0.548843 0.210677 0.547917 0.212500 0.546528 0.213021 0.545602 0.217448 0.541435 0.219271 0.540509 0.221094 0.538657 0.221615 0.538657 0.223438 0.536806 0.229167 0.531713 0.230729 0.530787 0.232031 0.528935 0.234375 0.527083 0.235677 0.525694 0.237500 0.524306 0.238021 0.523380 0.240104 0.521528 0.241406 0.519676 0.242188 0.519213 0.242969 0.517824 0.243750 0.517361 0.244531 0.515972 0.245312 0.515509 0.248177 0.511806 0.249479 0.510880 0.250781 0.509028 0.254948 0.505324 0.257812 0.503009 0.258333 0.502083 0.260156 0.500694 0.263802 0.496991 0.265885 0.496528 0.267188 0.495139 0.268229 0.495139 0.269401 0.497685 0.269401 0.526389 0.269661 0.526852 0.269661 0.529167 0.269922 0.529630 0.269922 0.532870 0.269661 0.533333 0.269661 0.537500 0.269401 0.537963 0.269401 0.540741 0.269141 0.541204 0.269141 0.544444 0.268620 0.547685 0.266797 0.553704 0.265104 0.556713 0.263281 0.558102 0.261979 0.558102 0.261719 0.558565 0.260156 0.558565 0.259896 0.559028 0.257552 0.559491 0.256250 0.560417 0.252344 0.561806 0.251042 0.561806 0.250781 0.562269 0.248698 0.562269 0.248438 0.562731 0.247135 0.562731 0.245833 0.563657 0.244531 0.564120 0.242708 0.564120 0.242448 0.564583 0.240365 0.564583 0.240104 0.565046 0.238802 0.565046 0.236458 0.565972 0.234375 0.567361 0.233073 0.567824 0.231771 0.567824 0.230208 0.568750 0.228906 0.568750 0.228646 0.569213 0.227344 0.569213 0.225781 0.570139 0.224479 0.570139 0.224219 0.570602 0.222656 0.570602 0.222396 0.571065 0.220833 0.571065 0.215365 0.573380 0.214062 0.573380 0.212500 0.574306 0.211458 0.574306 0.209115 0.575694 0.208073 0.575694 0.206771 0.576620 0.204427 0.577083 0.203125 0.578009 0.201302 0.578472 0.201042 0.578935 0.199479 0.578935 0.199219 0.579398 0.196875 0.579398 0.195573 0.579861 0.194271 0.580787 0.190365 0.582176 0.189062 0.582176 0.186198 0.583565 0.184896 0.583565 0.184635 0.584028 0.182552 0.584028 0.182292 0.584491 0.180729 0.584491 0.180469 0.584954 0.178125 0.585417 0.177865 0.585880 0.176563 0.585880 0.176302 0.586343 0.175000 0.586343 0.173698 0.586806 0.172396 0.587731 0.171094 0.588194
 4 0.999740 0.115046 0.998437 0.115046 0.997266 0.117130 0.997005 0.118519 0.995964 0.121296 0.991146 0.129861 0.990885 0.129861 0.989062 0.132639 0.987760 0.133565 0.985938 0.135417 0.982812 0.136806 0.976562 0.136806 0.976302 0.136343 0.974479 0.136343 0.972396 0.134954 0.971615 0.134954 0.970313 0.134028 0.969792 0.133102 0.966146 0.129861 0.965365 0.128472 0.963542 0.126620 0.960807 0.121759 0.959766 0.118519 0.959245 0.115741 0.959245 0.109259 0.959505 0.108796 0.959505 0.106481 0.960807 0.101389 0.961979 0.099769 0.963932 0.096296 0.966016 0.091204 0.967578 0.088426 0.967578 0.087963 0.970703 0.082407 0.970703 0.081944 0.971875 0.079861 0.973698 0.077546 0.975260 0.076157 0.976562 0.075694 0.977604 0.074769 0.978906 0.074306 0.982031 0.074306 0.983073 0.073843 0.983333 0.074306 0.986979 0.074306 0.987240 0.074769 0.988542 0.074769 0.989844 0.075231 0.992448 0.077083 0.993750 0.078472 0.994271 0.078472 0.996615 0.080787 0.998177 0.083565 0.999740 0.083565
 4 0.747917 0.215509 0.742448 0.215509 0.742188 0.215046 0.740625 0.215046 0.739583 0.214583 0.738021 0.213194 0.737500 0.213194 0.736198 0.211806 0.734896 0.210880 0.734375 0.209954 0.733073 0.209028 0.729818 0.203241 0.728776 0.199537 0.728516 0.197685 0.728516 0.188889 0.729036 0.187037 0.729036 0.185648 0.729818 0.182407 0.729818 0.181481 0.730599 0.179167 0.730599 0.178241 0.732161 0.173148 0.732422 0.170833 0.733464 0.167130 0.734766 0.163889 0.737760 0.158565 0.739583 0.156250 0.741667 0.154861 0.741927 0.154398 0.744271 0.153009 0.745833 0.153009 0.746094 0.152546 0.748177 0.152546 0.748437 0.152083 0.751563 0.152083 0.751823 0.152546 0.753125 0.152546 0.753385 0.153009 0.755729 0.153472 0.756771 0.154398 0.757552 0.154398 0.758333 0.155324 0.759375 0.155787 0.760938 0.157639 0.762240 0.159954 0.762500 0.159954 0.765234 0.164815 0.766276 0.168981 0.766276 0.172685 0.766536 0.173148 0.766536 0.176852 0.766276 0.178704 0.764974 0.183333 0.764453 0.184722 0.763411 0.188889 0.763411 0.189815 0.762370 0.193056 0.762370 0.193981 0.761589 0.196296 0.761589 0.197222 0.759245 0.205093 0.756771 0.209491 0.754427 0.211806 0.753906 0.211806 0.752604 0.213194 0.751302 0.213657 0.749219 0.215046 0.747917 0.215509
 4 0.764323 0.256250 0.763021 0.256250 0.761719 0.255324 0.761068 0.254167 0.761328 0.252315 0.761979 0.251620 0.763281 0.249306 0.764583 0.247917 0.766146 0.245602 0.767708 0.244213 0.769531 0.243287 0.770833 0.241898 0.771875 0.241435 0.775521 0.241435 0.775781 0.241898 0.777865 0.241898 0.778125 0.242361 0.779948 0.242361 0.780208 0.242824 0.781510 0.242824 0.785156 0.245139 0.786068 0.247222 0.785156 0.248843 0.783594 0.250231 0.782552 0.250231 0.780990 0.251157 0.779687 0.251157 0.779427 0.251620 0.777865 0.251620 0.777604 0.252083 0.776302 0.252083 0.776042 0.252546 0.774740 0.252546 0.774479 0.253009 0.772917 0.253009 0.772656 0.253472 0.771354 0.253472 0.770312 0.254398 0.769271 0.254398 0.767969 0.255324 0.766406 0.255324 0.766146 0.255787 0.764583 0.255787 0.764323 0.256250
 4 0.772396 0.311806 0.771094 0.311806 0.770833 0.311343 0.769531 0.311343 0.769271 0.310880 0.767969 0.310880 0.767708 0.310417 0.764844 0.309028 0.764062 0.309028 0.761719 0.307176 0.760938 0.306250 0.759375 0.305324 0.758854 0.304398 0.757292 0.303009 0.756120 0.300926 0.756641 0.298148 0.757292 0.296991 0.758854 0.296528 0.759115 0.296065 0.764062 0.296065 0.765104 0.296991 0.766146 0.296991 0.767448 0.297917 0.768490 0.297917 0.769531 0.298843 0.770312 0.298843 0.772656 0.300694 0.774219 0.302546 0.777214 0.307870 0.777214 0.308796 0.776563 0.310417 0.775000 0.311343 0.772656 0.311343 0.772396 0.311806
