 5 0.238802 0.548843 0.232813 0.548843 0.231510 0.548380 0.230469 0.547454 0.229167 0.546991 0.228385 0.546065 0.227995 0.544907 0.227995 0.541667 0.228255 0.541204 0.228255 0.538889 0.229036 0.536111 0.229818 0.534722 0.230859 0.531019 0.231901 0.526389 0.232422 0.525463 0.233203 0.522222 0.233984 0.518056 0.234245 0.515741 0.236589 0.507407 0.237109 0.506481 0.237630 0.503704 0.238932 0.499537 0.238932 0.498611 0.239974 0.494907 0.240495 0.491204 0.241797 0.486574 0.242318 0.484259 0.242839 0.479630 0.243359 0.477315 0.243359 0.475926 0.243880 0.474537 0.244401 0.471296 0.245573 0.469676 0.246745 0.467593 0.247526 0.462500 0.248698 0.461343 0.249740 0.460880 0.251302 0.460880 0.251563 0.460417 0.254688 0.460417 0.254948 0.459954 0.257812 0.459954 0.258073 0.459491 0.261458 0.459491 0.261719 0.459028 0.264323 0.459028 0.264583 0.458565 0.266406 0.458565 0.266667 0.458102 0.273698 0.458102 0.273958 0.457639 0.282031 0.457639 0.283333 0.458102 0.286198 0.460417 0.289062 0.460417 0.289323 0.459954 0.292969 0.459954 0.293229 0.459491 0.295833 0.459491 0.296094 0.459028 0.299219 0.459028 0.299479 0.458565 0.302344 0.458565 0.302604 0.458102 0.306771 0.458102 0.307031 0.457639 0.311979 0.457639 0.312240 0.457176 0.315365 0.457176 0.315625 0.456713 0.319792 0.456713 0.320052 0.456250 0.321615 0.456250 0.323437 0.454861 0.326562 0.453935 0.328125 0.453009 0.330729 0.453009 0.330990 0.452546 0.334896 0.452546 0.335156 0.452083 0.336979 0.452083 0.337240 0.451620 0.340885 0.451620 0.341146 0.451157 0.344271 0.451157 0.344531 0.450694 0.347917 0.450694 0.348177 0.450231 0.351823 0.450231 0.352083 0.449769 0.354167 0.449769 0.354427 0.449306 0.360677 0.449306 0.360938 0.448843 0.362500 0.448843 0.362760 0.448380 0.364583 0.448380 0.364844 0.447917 0.368750 0.447917 0.370312 0.446991 0.371615 0.446991 0.371875 0.446528 0.375260 0.446528 0.375521 0.446065 0.378385 0.446065 0.378646 0.445602 0.380729 0.445602 0.380990 0.445139 0.386719 0.445139 0.386979 0.444676 0.389583 0.444676 0.389844 0.444213 0.392188 0.444213 0.392448 0.443750 0.394792 0.443750 0.395052 0.443287 0.400260 0.443287 0.400521 0.442824 0.404948 0.442824 0.405208 0.442361 0.408594 0.442361 0.408854 0.441898 0.411719 0.441898 0.411979 0.441435 0.414323 0.441435 0.414583 0.440972 0.417187 0.440972 0.417448 0.440509 0.420052 0.440509 0.420312 0.440046 0.423958 0.440046 0.424219 0.439583 0.427865 0.439583 0.428125 0.439120 0.430208 0.439120 0.430469 0.438657 0.432292 0.438657 0.432552 0.438194 0.434635 0.438194 0.434896 0.437731 0.442708 0.437731 0.442969 0.437269 0.445573 0.437269 0.445833 0.436806 0.447396 0.436806 0.447656 0.436343 0.450781 0.436343 0.451042 0.435880 0.453125 0.435880 0.453385 0.435417 0.454688 0.435417 0.454948 0.434954 0.456771 0.434954 0.457031 0.434491 0.459375 0.434491 0.459635 0.434954 0.461198 0.435417 0.462760 0.436806 0.464323 0.436806 0.464583 0.436343 0.469792 0.436343 0.470052 0.436806 0.471094 0.436343 0.472917 0.436343 0.473177 0.435880 0.477344 0.435880 0.477604 0.435417 0.479167 0.435417 0.481510 0.434028 0.482812 0.433565 0.486719 0.433565 0.487760 0.432639 0.489583 0.432639 0.489844 0.432176 0.491146 0.432176 0.491406 0.431713 0.492708 0.431713 0.492969 0.431250 0.494271 0.431250 0.494531 0.430787 0.496615 0.430787 0.496875 0.430324 0.499219 0.430324 0.499479 0.429861 0.502083 0.429861 0.502344 0.429398 0.511458 0.429398 0.511719 0.429861 0.513281 0.429861 0.515365 0.431713 0.517057 0.434722 0.517057 0.435185 0.518750 0.438194 0.520312 0.439583 0.520833 0.439583 0.522005 0.442130 0.522786 0.445370 0.523307 0.446759 0.524089 0.451852 0.524870 0.455093 0.524609 0.456944 0.524609 0.460648 0.524349 0.461111 0.524349 0.467593 0.523047 0.472685 0.523047 0.474074 0.522005 0.478241 0.518490 0.484491 0.515104 0.487269 0.513802 0.489120 0.511719 0.490046 0.510417 0.490046 0.510156 0.490509 0.507812 0.490509 0.507552 0.490972 0.505990 0.490972 0.505729 0.491435 0.501563 0.491435 0.501302 0.491898 0.499219 0.491898 0.498958 0.492361 0.496094 0.492361 0.495833 0.492824 0.492969 0.492824 0.492708 0.493287 0.491406 0.493287 0.490104 0.493750 0.488802 0.494676 0.486979 0.495139 0.486719 0.495602 0.484896 0.495602 0.484635 0.496065 0.483333 0.496065 0.483073 0.496528 0.480990 0.496528 0.480729 0.496991 0.477865 0.496991 0.477604 0.497454 0.474740 0.497454 0.474479 0.497917 0.472917 0.497917 0.471354 0.498843 0.469531 0.498843 0.467969 0.497917 0.464583 0.497917 0.464323 0.498380 0.462760 0.498380 0.459635 0.500231 0.458333 0.500231 0.458073 0.500694 0.446094 0.500694 0.444531 0.501620 0.442708 0.501620 0.442448 0.502083 0.438021 0.502083 0.437760 0.502546 0.435937 0.502546 0.435677 0.503009 0.433073 0.503009 0.432812 0.503472 0.429948 0.503472 0.429688 0.503935 0.427344 0.503935 0.427083 0.504398 0.425000 0.504398 0.424740 0.504861 0.422656 0.504861 0.422396 0.505324 0.419271 0.505324 0.419010 0.505787 0.415365 0.505787 0.415104 0.506250 0.413542 0.506250 0.413281 0.506713 0.411979 0.506713 0.411719 0.507176 0.409896 0.507176 0.409635 0.507639 0.407552 0.507639 0.407292 0.508102 0.404167 0.508102 0.403906 0.508565 0.401823 0.508565 0.401562 0.509028 0.400260 0.509028 0.400000 0.509491 0.398438 0.509491 0.396875 0.510417 0.395573 0.510417 0.395313 0.510880 0.393750 0.510880 0.393490 0.511343 0.390365 0.511343 0.390104 0.511806 0.387240 0.511806 0.386979 0.512269 0.384896 0.512269 0.384635 0.512731 0.382031 0.512731 0.381771 0.513194 0.379688 0.513194 0.379427 0.513657 0.376823 0.513657 0.376563 0.514120 0.374479 0.514120 0.374219 0.514583 0.372656 0.514583 0.372396 0.515046 0.369792 0.515046 0.369531 0.515509 0.367448 0.515509 0.367188 0.515972 0.365625 0.515972 0.365365 0.516435 0.363021 0.516435 0.362760 0.516898 0.360156 0.516898 0.359896 0.517361 0.358594 0.517361 0.358333 0.517824 0.356771 0.517824 0.356510 0.518287 0.352865 0.518287 0.350000 0.519676 0.347656 0.519676 0.347396 0.520139 0.344792 0.520139 0.343229 0.521065 0.341927 0.521065 0.341667 0.521528 0.339062 0.521528 0.338802 0.521991 0.337240 0.521991 0.335677 0.522917 0.333854 0.523380 0.333594 0.523843 0.329948 0.523843 0.329688 0.524306 0.327344 0.525231 0.326562 0.526157 0.325000 0.527083 0.323698 0.527083 0.323437 0.527546 0.322135 0.527546 0.321875 0.528009 0.320312 0.528009 0.320052 0.528472 0.318750 0.528472 0.318490 0.528935 0.317188 0.528935 0.315625 0.529861 0.314323 0.529861 0.314063 0.530324 0.311458 0.530324 0.311198 0.530787 0.309115 0.530787 0.308854 0.531250 0.307031 0.531250 0.305469 0.532176 0.304167 0.532176 0.302604 0.533102 0.301302 0.533102 0.301042 0.533565 0.299740 0.533565 0.299479 0.534028 0.297917 0.534028 0.297656 0.534491 0.295573 0.534491 0.295312 0.534954 0.291146 0.534954 0.290625 0.535417 0.288542 0.539120 0.286198 0.540972 0.284375 0.540972 0.284115 0.541435 0.282552 0.541435 0.279427 0.543287 0.277344 0.543287 0.277083 0.543750 0.274740 0.543750 0.273177 0.544676 0.271875 0.544676 0.271615 0.545139 0.270052 0.545139 0.269792 0.545602 0.267708 0.545602 0.267448 0.546065 0.265365 0.546065 0.265104 0.546528 0.263021 0.546528 0.262760 0.546991 0.257552 0.546991 0.257292 0.547454 0.253906 0.547454 0.253646 0.547917 0.248958 0.547917 0.248698 0.548380 0.239063 0.548380 0.238802 0.548843
 5 0.339583 0.609028 0.334896 0.609028 0.333333 0.608102 0.332422 0.606481 0.331380 0.602315 0.330859 0.600926 0.330599 0.598148 0.330339 0.597685 0.329818 0.593519 0.329297 0.591204 0.329297 0.588426 0.329036 0.587963 0.329036 0.579167 0.330208 0.576620 0.330469 0.576620 0.333594 0.573843 0.335677 0.573380 0.336719 0.572454 0.337500 0.572454 0.338542 0.571528 0.339583 0.571528 0.341927 0.570602 0.342969 0.569676 0.344531 0.569213 0.345313 0.568287 0.347656 0.567361 0.348698 0.566435 0.354687 0.566435 0.354948 0.565972 0.356250 0.565972 0.357552 0.565509 0.358854 0.564583 0.360156 0.564583 0.361458 0.564120 0.362500 0.563194 0.363281 0.563194 0.365104 0.561806 0.366927 0.561343 0.367969 0.560417 0.368750 0.560417 0.369792 0.559491 0.372135 0.558565 0.372917 0.557639 0.374740 0.557176 0.375781 0.556250 0.377604 0.555787 0.379427 0.554398 0.379948 0.554398 0.381510 0.553009 0.382292 0.553009 0.383594 0.552083 0.385417 0.551620 0.386198 0.550694 0.386979 0.550694 0.388542 0.549306 0.390625 0.548843 0.392969 0.547454 0.394010 0.547454 0.397396 0.545139 0.398177 0.545139 0.399740 0.543750 0.400521 0.543750 0.402083 0.542824 0.402865 0.541898 0.404427 0.540972 0.405469 0.540972 0.407031 0.540046 0.408333 0.538657 0.409115 0.538657 0.410677 0.537731 0.411458 0.536806 0.413281 0.536343 0.415885 0.534491 0.418229 0.533565 0.419010 0.532639 0.420573 0.531713 0.423438 0.530787 0.424479 0.529861 0.427604 0.528935 0.428646 0.528009 0.431250 0.527083 0.434115 0.524769 0.434635 0.524769 0.436979 0.523380 0.439063 0.522454 0.440104 0.521528 0.441406 0.521065 0.443229 0.519676 0.444792 0.519676 0.446094 0.519213 0.447396 0.518287 0.448437 0.518750 0.450521 0.518750 0.451953 0.521296 0.452734 0.523148 0.452995 0.524537 0.452995 0.532870 0.452474 0.535185 0.452214 0.537500 0.451693 0.538889 0.449479 0.542824 0.448698 0.543750 0.446875 0.545139 0.446094 0.545139 0.444792 0.546065 0.443490 0.546528 0.442188 0.546528 0.441927 0.546991 0.440365 0.546991 0.438021 0.547917 0.436979 0.548843 0.436198 0.548843 0.434896 0.549769 0.434115 0.549769 0.433333 0.550694 0.432292 0.551157 0.429818 0.555556 0.429818 0.556019 0.428125 0.559028 0.426302 0.559954 0.424740 0.559954 0.424479 0.560417 0.422917 0.560880 0.420833 0.562731 0.419271 0.563657 0.417448 0.564120 0.416406 0.565046 0.413542 0.565972 0.412500 0.566898 0.409375 0.568287 0.408594 0.569213 0.407031 0.569676 0.405990 0.570602 0.403385 0.571991 0.402604 0.571991 0.401302 0.572917 0.400521 0.572917 0.399740 0.573843 0.398177 0.574306 0.396875 0.575694 0.394792 0.576620 0.394010 0.577546 0.392708 0.578009 0.391667 0.578935 0.390625 0.578935 0.388542 0.580324 0.387760 0.580324 0.385937 0.581713 0.384896 0.583565 0.383594 0.584954 0.382552 0.585417 0.381250 0.585417 0.379688 0.586343 0.378906 0.587269 0.378125 0.587269 0.377344 0.588194 0.376302 0.588657 0.369010 0.588657 0.367448 0.590046 0.366927 0.590972 0.365365 0.592361 0.364844 0.592361 0.361198 0.595139 0.360417 0.595139 0.358203 0.597685 0.357682 0.599537 0.356510 0.601620 0.354948 0.602083 0.350521 0.604861 0.349219 0.606250 0.348177 0.606713 0.346354 0.606713 0.346094 0.607176 0.344792 0.607176 0.344531 0.607639 0.343229 0.607639 0.341667 0.608565 0.339844 0.608565 0.339583 0.609028
 5 0.049479 0.368750 0.048438 0.368750 0.046094 0.366898 0.043750 0.364583 0.043229 0.364583 0.041406 0.362731 0.039583 0.361343 0.038281 0.359491 0.036458 0.357639 0.034635 0.354861 0.032813 0.353009 0.030729 0.350231 0.028906 0.348843 0.028125 0.347917 0.026823 0.345602 0.026562 0.345602 0.023958 0.340972 0.021875 0.339583 0.021094 0.338657 0.019141 0.335185 0.018620 0.331944 0.018359 0.331481 0.018359 0.326389 0.018620 0.325926 0.018620 0.323611 0.019141 0.321759 0.020182 0.319444 0.020703 0.317593 0.024219 0.311343 0.025781 0.309954 0.027344 0.307639 0.029167 0.306250 0.031510 0.305324 0.032813 0.305324 0.033073 0.304861 0.034896 0.304861 0.035156 0.304398 0.037760 0.304398 0.040365 0.305787 0.041927 0.307639 0.042708 0.309028 0.043490 0.309491 0.047396 0.314120 0.048698 0.315046 0.050781 0.318287 0.051042 0.318287 0.052604 0.320602 0.053906 0.321528 0.054427 0.322454 0.055729 0.323380 0.057552 0.325694 0.063281 0.330324 0.064844 0.333102 0.066927 0.335417 0.068099 0.337500 0.068880 0.340741 0.068880 0.344907 0.068620 0.345370 0.068099 0.349074 0.067578 0.350926 0.065495 0.354630 0.065495 0.355093 0.063542 0.358565 0.059896 0.363194 0.058594 0.364120 0.057292 0.365509 0.055469 0.366435 0.053646 0.366898 0.052604 0.367824 0.051302 0.367824 0.051042 0.368287 0.049740 0.368287 0.049479 0.368750
 5 0.045052 0.419676 0.040365 0.419676 0.039583 0.419213 0.034375 0.413657 0.033073 0.412731 0.031510 0.410417 0.029948 0.408565 0.028125 0.405324 0.026302 0.403009 0.025000 0.402083 0.024479 0.401157 0.023177 0.400231 0.021875 0.398380 0.021094 0.397917 0.019792 0.396065 0.018750 0.395139 0.017448 0.393287 0.014063 0.389583 0.012109 0.386111 0.011589 0.384722 0.010807 0.380556 0.010807 0.378241 0.010547 0.377778 0.010807 0.375926 0.010807 0.371759 0.012630 0.365278 0.013802 0.363657 0.015885 0.361806 0.016406 0.361806 0.017708 0.360417 0.019271 0.359491 0.019792 0.358565 0.022396 0.356250 0.025521 0.354861 0.026562 0.353935 0.028906 0.352546 0.030729 0.352546 0.033073 0.353935 0.035677 0.357639 0.036458 0.358102 0.038281 0.360880 0.041667 0.363657 0.042188 0.364583 0.045573 0.367361 0.048698 0.369676 0.049479 0.370602 0.050781 0.372917 0.052865 0.375694 0.054167 0.376620 0.055729 0.378472 0.056250 0.378472 0.058594 0.380787 0.059635 0.382176 0.060807 0.384259 0.061328 0.386111 0.061849 0.390278 0.061849 0.393056 0.061328 0.396759 0.060547 0.400463 0.059245 0.403241 0.058724 0.405093 0.055729 0.410417 0.054427 0.412269 0.052344 0.414583 0.051823 0.414583 0.048438 0.417824 0.046875 0.418287 0.045052 0.419676
 5 0.000000 0.427083 0.001563 0.427083 0.003125 0.424769 0.005729 0.421991 0.007812 0.421065 0.009115 0.420139 0.010417 0.419676 0.015104 0.419676 0.015365 0.420139 0.017188 0.421065 0.017708 0.421991 0.019531 0.423380 0.020313 0.423380 0.021875 0.424306 0.025000 0.427546 0.025521 0.427546 0.027344 0.429398 0.029948 0.431250 0.030469 0.432176 0.032031 0.433102 0.032552 0.434028 0.033854 0.434491 0.035937 0.436343 0.037240 0.436806 0.038021 0.437731 0.039323 0.438194 0.040104 0.439120 0.042969 0.440509 0.043750 0.441435 0.045182 0.443981 0.046224 0.447222 0.046224 0.450926 0.046484 0.451389 0.046484 0.454167 0.046224 0.456019 0.045182 0.459259 0.044401 0.460648 0.043099 0.464815 0.041667 0.467361 0.041406 0.467361 0.040234 0.469444 0.040234 0.469907 0.038542 0.472454 0.036458 0.474306 0.034896 0.475231 0.032813 0.477083 0.030990 0.477546 0.030729 0.478009 0.027604 0.478009 0.027344 0.477546 0.026042 0.477546 0.024479 0.476620 0.023438 0.475231 0.021875 0.473843 0.019792 0.470602 0.016406 0.467361 0.015885 0.467361 0.014583 0.465972 0.014063 0.465972 0.011198 0.463194 0.009896 0.462731 0.009115 0.461806 0.007812 0.461343 0.007031 0.460417 0.005729 0.459954 0.004427 0.458565 0.002474 0.455093 0.001302 0.453472 0.000000 0.453472
 4 0.533594 0.757176 0.531510 0.756250 0.530339 0.754167 0.529557 0.750926 0.529297 0.748611 0.529297 0.744907 0.529036 0.744444 0.529036 0.733333 0.529297 0.732870 0.529297 0.717130 0.529036 0.716667 0.529036 0.702778 0.529297 0.702315 0.529297 0.696759 0.529557 0.696296 0.529557 0.693981 0.530859 0.689815 0.530859 0.684259 0.531380 0.680556 0.531641 0.680093 0.531901 0.676852 0.532943 0.670833 0.533203 0.668519 0.533203 0.666204 0.533464 0.665741 0.533724 0.661574 0.534245 0.659722 0.534505 0.656481 0.535286 0.653241 0.535286 0.651852 0.535807 0.650000 0.535807 0.648148 0.536328 0.645833 0.536589 0.642130 0.537370 0.638889 0.537891 0.635185 0.538151 0.631019 0.538672 0.629167 0.539193 0.624074 0.539714 0.621759 0.539714 0.620370 0.540234 0.618056 0.540234 0.616667 0.540755 0.614815 0.541016 0.612500 0.541016 0.609259 0.541276 0.608796 0.541276 0.605093 0.541536 0.602778 0.542057 0.600463 0.542057 0.592130 0.542318 0.591667 0.542839 0.586111 0.543099 0.585648 0.543099 0.583333 0.543359 0.582870 0.543359 0.580556 0.543620 0.580093 0.543620 0.577778 0.544141 0.575000 0.544141 0.573148 0.544661 0.570833 0.544661 0.568519 0.544922 0.568056 0.544922 0.565278 0.545182 0.564815 0.545182 0.561111 0.545443 0.560648 0.545443 0.554630 0.545182 0.554167 0.545182 0.546759 0.545443 0.545833 0.547005 0.543056 0.547786 0.539815 0.547786 0.531944 0.548047 0.530093 0.549479 0.528009 0.550521 0.528009 0.552344 0.527083 0.553125 0.526157 0.554167 0.526157 0.555469 0.525231 0.556771 0.525231 0.558854 0.527083 0.560417 0.527546 0.560677 0.528009 0.561979 0.528009 0.562240 0.528472 0.564063 0.528472 0.566406 0.529861 0.567448 0.529861 0.569401 0.531944 0.569401 0.532870 0.570703 0.537037 0.570964 0.538426 0.570964 0.543981 0.570703 0.545833 0.570182 0.547222 0.569922 0.549537 0.569401 0.550926 0.569401 0.558796 0.568880 0.560648 0.567839 0.562500 0.567057 0.566204 0.566536 0.567593 0.566536 0.568981 0.566016 0.570833 0.565755 0.574074 0.565234 0.575926 0.564974 0.579167 0.564193 0.581481 0.563411 0.585648 0.562891 0.590278 0.562891 0.592593 0.560547 0.599537 0.560026 0.601389 0.560026 0.604630 0.559766 0.605093 0.559766 0.616667 0.559245 0.621296 0.558984 0.621759 0.558984 0.624074 0.558203 0.627778 0.557943 0.630093 0.557943 0.632870 0.557682 0.633333 0.557422 0.637037 0.556120 0.641667 0.555859 0.643519 0.555859 0.647222 0.555599 0.647685 0.555599 0.650000 0.555078 0.652315 0.554818 0.654630 0.554818 0.656944 0.554557 0.657407 0.554557 0.659722 0.554297 0.660185 0.554297 0.662500 0.553776 0.664352 0.553776 0.665741 0.553255 0.667130 0.552214 0.672685 0.551693 0.678241 0.551172 0.680093 0.551172 0.681481 0.550651 0.683796 0.550391 0.686111 0.550391 0.688889 0.550130 0.689352 0.550130 0.693056 0.549609 0.697685 0.549349 0.698148 0.549349 0.704167 0.549089 0.706019 0.548307 0.708333 0.548307 0.709259 0.547526 0.711574 0.547526 0.712500 0.545964 0.718056 0.545964 0.718981 0.544401 0.724537 0.544401 0.725463 0.543099 0.731019 0.543099 0.731944 0.541797 0.736111 0.540755 0.740741 0.539974 0.743056 0.539714 0.745370 0.538151 0.750463 0.535937 0.755324 0.533594 0.757176
 4 0.318750 0.442824 0.317969 0.442824 0.316406 0.441435 0.314844 0.441435 0.314583 0.440972 0.312760 0.440509 0.312500 0.440046 0.309896 0.439120 0.308854 0.437731 0.307682 0.435648 0.306641 0.432407 0.306380 0.430093 0.305859 0.428704 0.305859 0.427315 0.305339 0.425000 0.305339 0.423611 0.304557 0.420370 0.304297 0.418519 0.304297 0.416204 0.304036 0.415741 0.304036 0.413426 0.303776 0.412963 0.303776 0.406019 0.304818 0.402315 0.306250 0.400231 0.308333 0.399306 0.310677 0.398843 0.311979 0.397917 0.313281 0.397917 0.313542 0.397454 0.315625 0.397454 0.316927 0.397917 0.318750 0.399306 0.320573 0.399306 0.321875 0.399769 0.322135 0.399306 0.323437 0.399306 0.325781 0.397917 0.327083 0.397917 0.327344 0.397454 0.328906 0.397454 0.329167 0.396991 0.330469 0.396991 0.331771 0.396528 0.333073 0.395602 0.334896 0.395139 0.337240 0.393750 0.340885 0.392824 0.342448 0.391898 0.343750 0.391898 0.347135 0.390509 0.348958 0.389120 0.349740 0.389120 0.351042 0.388194 0.352083 0.388194 0.353385 0.387269 0.355729 0.386806 0.357031 0.385880 0.358333 0.385880 0.358594 0.385417 0.359896 0.385417 0.362760 0.384028 0.364063 0.384028 0.365625 0.383102 0.366667 0.383102 0.367969 0.382176 0.369010 0.382176 0.370312 0.381250 0.371354 0.381250 0.372656 0.380324 0.373958 0.379861 0.375260 0.379861 0.376563 0.378935 0.377604 0.378935 0.379688 0.377546 0.380469 0.377546 0.382552 0.376157 0.387760 0.374306 0.389844 0.374306 0.390104 0.373843 0.392708 0.373843 0.392969 0.373380 0.397917 0.373380 0.398177 0.372917 0.400781 0.372917 0.402083 0.373843 0.403385 0.374306 0.404687 0.374306 0.404948 0.373843 0.406510 0.373843 0.406771 0.373380 0.416406 0.373380 0.416667 0.373843 0.418750 0.373843 0.420052 0.374769 0.421224 0.377315 0.421224 0.380556 0.420703 0.382407 0.419531 0.384491 0.416146 0.386806 0.412240 0.390046 0.410938 0.391435 0.410417 0.391435 0.406771 0.394676 0.402865 0.398380 0.402344 0.398380 0.400521 0.400231 0.398958 0.401157 0.398177 0.401157 0.397396 0.402083 0.393750 0.404861 0.391406 0.405324 0.391146 0.405787 0.385937 0.408102 0.384896 0.408102 0.382552 0.409491 0.381771 0.409491 0.379948 0.410880 0.378125 0.411343 0.376302 0.412731 0.375260 0.413194 0.373958 0.413194 0.373698 0.413657 0.372396 0.413657 0.371094 0.414583 0.369531 0.414583 0.367188 0.415972 0.365625 0.415972 0.364323 0.416435 0.362500 0.417824 0.359115 0.419213 0.357552 0.419213 0.357292 0.419676 0.355990 0.419676 0.354427 0.420602 0.350781 0.421528 0.349740 0.422454 0.345052 0.424306 0.343750 0.424306 0.340885 0.425694 0.339583 0.425694 0.339323 0.426157 0.336979 0.426620 0.336719 0.427083 0.334896 0.427546 0.334635 0.428009 0.332813 0.428472 0.330990 0.429398 0.330208 0.430324 0.327344 0.431713 0.326302 0.432639 0.325130 0.434722 0.324870 0.436111 0.323177 0.439120 0.321094 0.440972 0.319792 0.441435 0.318750 0.442824
 4 0.473698 0.434954 0.465885 0.434954 0.465755 0.432870 0.466276 0.431944 0.467057 0.428704 0.467057 0.427315 0.467578 0.425463 0.468359 0.424074 0.468880 0.422222 0.469661 0.420833 0.469922 0.419444 0.478125 0.404861 0.479687 0.403009 0.485938 0.391898 0.487500 0.391435 0.487760 0.390972 0.489063 0.390972 0.489323 0.390509 0.490625 0.390972 0.491536 0.393056 0.491797 0.394907 0.491797 0.397222 0.492057 0.398611 0.491797 0.400926 0.491016 0.404167 0.490755 0.407407 0.489714 0.412037 0.489714 0.413426 0.489193 0.415278 0.489193 0.416667 0.488672 0.418519 0.488672 0.419907 0.487891 0.423148 0.487630 0.426852 0.486849 0.430556 0.485677 0.432639 0.483594 0.433565 0.481510 0.433565 0.481250 0.434028 0.477344 0.434028 0.477083 0.434491 0.473958 0.434491 0.473698 0.434954
 4 0.722656 0.224306 0.716667 0.224306 0.715365 0.223380 0.714583 0.223380 0.712760 0.222454 0.710938 0.220602 0.708073 0.218287 0.706120 0.214815 0.705339 0.212963 0.704818 0.210648 0.704297 0.209722 0.703776 0.206944 0.703776 0.200000 0.704557 0.194444 0.705078 0.192130 0.705859 0.189815 0.706641 0.185648 0.707161 0.184259 0.707422 0.181944 0.708724 0.177778 0.709505 0.175926 0.711458 0.172454 0.711719 0.172454 0.713281 0.170139 0.714583 0.169213 0.715885 0.167824 0.719010 0.166435 0.720313 0.166435 0.720573 0.165972 0.725260 0.165972 0.726562 0.166898 0.727604 0.166898 0.730208 0.168750 0.731771 0.170139 0.732292 0.170139 0.734635 0.172917 0.736589 0.176389 0.737109 0.178704 0.737891 0.181019 0.738411 0.183796 0.738411 0.191667 0.737109 0.196296 0.735547 0.201389 0.735286 0.203704 0.733203 0.211574 0.732422 0.213889 0.730208 0.217824 0.729167 0.219213 0.727083 0.221065 0.726562 0.221991 0.724479 0.223843 0.722917 0.223843 0.722656 0.224306
 4 0.936719 0.153935 0.931250 0.153935 0.930990 0.153472 0.928646 0.153009 0.927344 0.152083 0.926042 0.151620 0.924740 0.150694 0.920833 0.146991 0.920052 0.146528 0.918750 0.144676 0.916276 0.140278 0.915495 0.137963 0.914974 0.135648 0.914974 0.127778 0.916536 0.122222 0.917839 0.119907 0.917839 0.119444 0.919141 0.117130 0.919141 0.116667 0.920443 0.114352 0.920443 0.113889 0.922786 0.109722 0.923828 0.106944 0.925130 0.104630 0.925130 0.104167 0.926823 0.101157 0.929167 0.098380 0.929688 0.098380 0.930990 0.096991 0.934115 0.095602 0.935417 0.095602 0.935677 0.095139 0.939844 0.095139 0.940104 0.095602 0.941406 0.095602 0.941667 0.096065 0.942969 0.096065 0.943229 0.096528 0.945052 0.096991 0.947396 0.098380 0.949219 0.100231 0.951562 0.102083 0.952604 0.103472 0.955859 0.109259 0.956901 0.113426 0.956901 0.120370 0.956641 0.122222 0.955859 0.124074 0.955599 0.125463 0.954818 0.126852 0.954036 0.129167 0.952995 0.131019 0.952214 0.133333 0.951172 0.135185 0.950391 0.137500 0.948828 0.140278 0.948828 0.140741 0.944531 0.148380 0.943490 0.149769 0.941406 0.151620 0.938281 0.153472 0.936979 0.153472 0.936719 0.153935
 4 0.743750 0.312269 0.740104 0.312269 0.737760 0.310880 0.736979 0.309954 0.733594 0.307176 0.732812 0.306713 0.729948 0.303009 0.727214 0.298148 0.726432 0.295833 0.726432 0.293519 0.727865 0.291435 0.729427 0.291435 0.732031 0.292361 0.733333 0.293287 0.734635 0.293750 0.735417 0.294676 0.736719 0.295139 0.739062 0.297454 0.740365 0.299769 0.741667 0.301620 0.742708 0.302546 0.744661 0.306019 0.745443 0.309722 0.744531 0.311806 0.743750 0.312269
 7 0.052865 0.469676 0.047917 0.469676 0.045833 0.468750 0.045182 0.467593 0.045964 0.463426 0.045964 0.462037 0.046745 0.458333 0.046745 0.456019 0.047005 0.455556 0.046745 0.453704 0.046745 0.450000 0.046484 0.449537 0.046484 0.446759 0.045703 0.443519 0.044531 0.440972 0.042448 0.438657 0.040104 0.437731 0.038802 0.436806 0.035937 0.435880 0.033594 0.433565 0.030469 0.431250 0.029687 0.430324 0.027865 0.428935 0.027083 0.428009 0.025260 0.426620 0.021875 0.423380 0.020573 0.422917 0.019792 0.421991 0.018750 0.421528 0.017578 0.419444 0.017578 0.413889 0.017839 0.411574 0.018620 0.407870 0.018620 0.405556 0.018880 0.405093 0.018880 0.402778 0.019141 0.401389 0.020313 0.399769 0.021615 0.399769 0.023698 0.401620 0.025521 0.403935 0.027083 0.405324 0.029948 0.410417 0.030208 0.410417 0.031510 0.412731 0.035417 0.415972 0.036719 0.417361 0.038281 0.417824 0.039844 0.418750 0.041146 0.418750 0.041406 0.419213 0.045052 0.419213 0.046354 0.418750 0.047656 0.417824 0.048438 0.417824 0.050260 0.415972 0.053125 0.414120 0.055469 0.411343 0.058724 0.405556 0.058724 0.405093 0.060026 0.402315 0.061068 0.398148 0.061328 0.394907 0.061849 0.390741 0.061589 0.390278 0.061589 0.387500 0.061328 0.387037 0.061068 0.384259 0.060026 0.381944 0.057031 0.377546 0.054688 0.374769 0.053385 0.372454 0.052995 0.372222 0.053255 0.370370 0.054427 0.368750 0.057292 0.366898 0.058594 0.365509 0.059896 0.364583 0.060937 0.363194 0.062760 0.359954 0.064062 0.358565 0.067057 0.353241 0.067839 0.351389 0.068359 0.349074 0.068620 0.346759 0.069141 0.344444 0.069141 0.341204 0.068880 0.340741 0.068620 0.337500 0.067187 0.334954 0.065885 0.333565 0.064062 0.330787 0.061198 0.327546 0.059375 0.326157 0.058854 0.325231 0.056771 0.323380 0.055208 0.321528 0.053776 0.318519 0.053255 0.316667 0.053516 0.314815 0.054427 0.313657 0.055469 0.313194 0.058073 0.313194 0.058333 0.312731 0.060417 0.312731 0.061719 0.311806 0.063021 0.311343 0.064583 0.311343 0.064844 0.310880 0.066667 0.310880 0.066927 0.310417 0.068750 0.310417 0.069010 0.309954 0.071354 0.309954 0.071615 0.309491 0.073438 0.309491 0.073698 0.309028 0.075260 0.309028 0.075521 0.308565 0.077344 0.308565 0.077604 0.308102 0.079167 0.308102 0.079427 0.307639 0.080990 0.307639 0.081250 0.307176 0.082812 0.307176 0.083073 0.306713 0.084375 0.306713 0.084635 0.306250 0.085938 0.306250 0.086198 0.305787 0.087500 0.305787 0.087760 0.305324 0.089583 0.305324 0.089844 0.304861 0.091667 0.304861 0.091927 0.304398 0.093750 0.304398 0.094010 0.303935 0.095573 0.303935 0.095833 0.303472 0.097396 0.303472 0.097656 0.303009 0.099219 0.303009 0.099479 0.302546 0.101562 0.302546 0.101823 0.302083 0.104167 0.302083 0.104427 0.301620 0.105990 0.301620 0.106250 0.301157 0.107813 0.301157 0.108073 0.300694 0.109635 0.300694 0.109896 0.300231 0.111458 0.300231 0.111719 0.299769 0.113802 0.299769 0.114062 0.299306 0.115885 0.299306 0.116146 0.298843 0.117708 0.298843 0.117969 0.298380 0.119531 0.298380 0.119792 0.297917 0.121354 0.297917 0.121615 0.297454 0.123438 0.297454 0.123698 0.296991 0.125521 0.296991 0.125781 0.296528 0.127604 0.296528 0.127865 0.296065 0.129427 0.296065 0.129688 0.295602 0.131510 0.295602 0.131771 0.295139 0.133594 0.295139 0.133854 0.294676 0.135417 0.294676 0.136979 0.293750 0.138542 0.293750 0.138802 0.293287 0.140625 0.293287 0.140885 0.292824 0.142448 0.292824 0.142708 0.292361 0.144531 0.292361 0.144792 0.291898 0.146354 0.291898 0.146615 0.291435 0.148177 0.291435 0.148438 0.290972 0.150000 0.290972 0.150260 0.290509 0.152083 0.290509 0.152344 0.290046 0.153646 0.290046 0.153906 0.289583 0.155469 0.289583 0.155729 0.289120 0.157552 0.289120 0.157812 0.288657 0.159375 0.288657 0.159635 0.288194 0.160938 0.288194 0.161198 0.287731 0.162760 0.287731 0.163021 0.287269 0.164323 0.287269 0.164583 0.286806 0.166406 0.286806 0.166667 0.286343 0.168229 0.286343 0.169792 0.285417 0.171354 0.285417 0.171615 0.284954 0.173177 0.284954 0.173437 0.284491 0.175000 0.284491 0.175260 0.284028 0.176823 0.284028 0.177083 0.283565 0.178906 0.283565 0.179167 0.283102 0.180729 0.283102 0.180990 0.282639 0.182552 0.282639 0.182812 0.282176 0.184896 0.282176 0.185156 0.281713 0.186719 0.281713 0.186979 0.281250 0.189062 0.281250 0.189323 0.280787 0.190625 0.280787 0.192188 0.279861 0.193490 0.279861 0.193750 0.279398 0.195312 0.279398 0.195573 0.278935 0.197135 0.278935 0.197396 0.278472 0.198698 0.278472 0.198958 0.278009 0.200260 0.278009 0.200521 0.277546 0.201823 0.277546 0.202083 0.277083 0.203906 0.277083 0.204167 0.276620 0.206250 0.276620 0.206510 0.276157 0.210677 0.276157 0.210938 0.276620 0.212240 0.276620 0.213281 0.277083 0.214583 0.278472 0.216536 0.281944 0.217057 0.283333 0.218359 0.287963 0.218359 0.288889 0.219661 0.293056 0.222005 0.297222 0.222005 0.297685 0.223568 0.300463 0.223568 0.300926 0.225391 0.304167 0.225391 0.304630 0.230469 0.313657 0.231510 0.315046 0.233594 0.316898 0.235417 0.319213 0.237109 0.322222 0.238411 0.325926 0.241016 0.330556 0.241276 0.331944 0.242969 0.334954 0.244010 0.335880 0.248047 0.343056 0.249089 0.346296 0.253516 0.354167 0.254557 0.356481 0.255339 0.359259 0.257812 0.363657 0.258073 0.363657 0.261068 0.368981 0.261068 0.369444 0.263021 0.373380 0.264323 0.374769 0.264844 0.374769 0.266927 0.376620 0.268750 0.377546 0.269661 0.379167 0.270182 0.381481 0.271745 0.385648 0.272005 0.387963 0.272005 0.403241 0.271745 0.403704 0.271745 0.408333 0.271484 0.408796 0.271484 0.411574 0.271224 0.412037 0.271224 0.417130 0.271484 0.419444 0.270703 0.424537 0.270703 0.428704 0.270443 0.429167 0.270443 0.432870 0.270182 0.434259 0.269271 0.435880 0.268229 0.436343 0.266927 0.436343 0.265625 0.434491 0.261198 0.430787 0.258333 0.429398 0.257552 0.428472 0.256250 0.428009 0.255208 0.427083 0.252344 0.426157 0.251302 0.425231 0.248177 0.424306 0.245833 0.422917 0.244792 0.422917 0.241406 0.421065 0.240104 0.421065 0.239063 0.420139 0.237240 0.419213 0.236589 0.417593 0.234896 0.415046 0.231771 0.413657 0.230469 0.412269 0.229167 0.410417 0.225521 0.407639 0.223958 0.405787 0.222656 0.405324 0.221094 0.403935 0.218229 0.403935 0.217969 0.404398 0.215885 0.404398 0.215625 0.404861 0.214062 0.404861 0.213802 0.405324 0.212240 0.405324 0.210938 0.406250 0.208854 0.406713 0.207813 0.407639 0.207031 0.407639 0.205990 0.408565 0.205208 0.408565 0.204427 0.409491 0.201563 0.411343 0.198958 0.411343 0.198698 0.411806 0.197396 0.411806 0.197135 0.411343 0.193229 0.411343 0.192969 0.410880 0.190365 0.410880 0.190104 0.410417 0.187760 0.410417 0.187500 0.409954 0.185677 0.409954 0.185417 0.409491 0.184115 0.409491 0.183854 0.409028 0.182552 0.409028 0.182292 0.408565 0.180990 0.408565 0.180729 0.408102 0.178646 0.408102 0.178385 0.407639 0.176042 0.407639 0.175781 0.407176 0.172917 0.407176 0.172656 0.406713 0.169531 0.406713 0.169271 0.406250 0.166406 0.406250 0.166146 0.405787 0.153125 0.405787 0.152865 0.406250 0.150260 0.406250 0.150000 0.406713 0.148698 0.406713 0.148438 0.407176 0.146875 0.407176 0.145573 0.407639 0.144271 0.408565 0.142187 0.409491 0.141406 0.409491 0.139583 0.410417 0.138802 0.411343 0.134635 0.413194 0.133854 0.414120 0.133073 0.414120 0.130469 0.415972 0.127604 0.416898 0.126042 0.419213 0.123958 0.421065 0.122656 0.421528 0.119271 0.424306 0.117969 0.424769 0.117188 0.425694 0.114583 0.428009 0.112760 0.428935 0.111458 0.430324 0.110156 0.431250 0.108854 0.431713 0.107031 0.433565 0.104948 0.434491 0.103385 0.435880 0.102083 0.436343 0.099479 0.437731 0.097396 0.440046 0.096615 0.440046 0.095573 0.440972 0.094792 0.440972 0.093750 0.441898 0.092969 0.441898 0.089844 0.443750 0.086979 0.446065 0.086458 0.446991 0.085156 0.447454 0.084375 0.448380 0.082292 0.449306 0.081250 0.450231 0.079948 0.450694 0.077083 0.453009 0.076563 0.453935 0.075000 0.454861 0.074219 0.454861 0.073438 0.455787 0.072656 0.455787 0.071354 0.456713 0.070052 0.458102 0.068750 0.459028 0.067448 0.459491 0.065625 0.461343 0.065104 0.461343 0.063281 0.463194 0.061979 0.463657 0.061198 0.464583 0.058333 0.465972 0.057552 0.466898 0.055208 0.467824 0.053646 0.468750 0.052865 0.469676
 7 0.017969 0.351157 0.017318 0.346759 0.017318 0.342130 0.017969 0.340046 0.019922 0.342593 0.020182 0.343981 0.019922 0.345370 0.018880 0.347685 0.017969 0.351157
 7 0.241276 0.388889 0.242969 0.388657 0.243229 0.388194 0.244792 0.387731 0.246094 0.386343 0.247005 0.383796 0.248307 0.379167 0.247786 0.377315 0.247005 0.375926 0.246224 0.373148 0.245964 0.371296 0.245443 0.369907 0.244010 0.367361 0.243750 0.367361 0.242448 0.365046 0.242188 0.365046 0.240625 0.362269 0.239323 0.361806 0.238281 0.362731 0.237109 0.364815 0.236589 0.367130 0.236589 0.369907 0.236328 0.370370 0.236068 0.374074 0.235547 0.375926 0.235547 0.385185 0.235807 0.386574 0.236719 0.389120 0.241146 0.389120 0.241276 0.388889
 7 0.006250 0.499306 0.004687 0.499306 0.003906 0.498843 0.002734 0.496296 0.002995 0.493981 0.002995 0.491204 0.003255 0.490741 0.004036 0.484722 0.004557 0.483333 0.004557 0.481944 0.005599 0.477778 0.006120 0.475000 0.006641 0.469907 0.007422 0.467130 0.008073 0.465972 0.009115 0.465046 0.013802 0.466898 0.016406 0.469676 0.016927 0.469676 0.020052 0.472917 0.021354 0.474769 0.022917 0.476157 0.024349 0.478704 0.025130 0.481481 0.023958 0.484028 0.017188 0.490046 0.014844 0.492361 0.013542 0.493287 0.012240 0.493750 0.010937 0.495139 0.009896 0.495602 0.008073 0.497917 0.007552 0.497917 0.006250 0.499306
 2 0.284635 0.457176 0.283073 0.457176 0.281250 0.455787 0.279167 0.455324 0.277604 0.453935 0.277214 0.452778 0.275651 0.449537 0.275130 0.447222 0.274349 0.445370 0.271224 0.439815 0.269922 0.434722 0.269922 0.432407 0.270443 0.430093 0.270443 0.426852 0.270703 0.426389 0.270703 0.415278 0.270964 0.414815 0.270964 0.407407 0.271224 0.406944 0.271224 0.388426 0.269922 0.381944 0.268750 0.379398 0.268359 0.379167 0.268359 0.377315 0.269010 0.376157 0.270833 0.374769 0.271875 0.375694 0.273698 0.378472 0.274740 0.378935 0.274870 0.379630 0.278125 0.385417 0.278385 0.385417 0.279818 0.388426 0.279818 0.388889 0.281641 0.392130 0.281641 0.392593 0.283203 0.395370 0.283203 0.395833 0.285547 0.400000 0.286589 0.402778 0.287370 0.406019 0.287370 0.408333 0.287630 0.408796 0.287630 0.433333 0.287370 0.433796 0.287370 0.446296 0.287109 0.446759 0.287109 0.451852 0.286849 0.452315 0.286849 0.454630 0.286198 0.456713 0.284896 0.456713 0.284635 0.457176
 2 0.115625 0.960880 0.113281 0.960880 0.111719 0.959954 0.111068 0.957407 0.111068 0.955093 0.112240 0.952546 0.113411 0.950926 0.113411 0.950463 0.114844 0.947454 0.116667 0.945602 0.117578 0.943519 0.118359 0.939815 0.118750 0.939583 0.119922 0.937500 0.120443 0.936111 0.121224 0.932407 0.123828 0.926852 0.124870 0.923611 0.126693 0.919907 0.129297 0.911574 0.130859 0.905556 0.131901 0.903241 0.133203 0.898148 0.134505 0.894907 0.135547 0.890278 0.137630 0.883796 0.140234 0.879167 0.141146 0.877083 0.141406 0.877083 0.145182 0.870370 0.145182 0.869907 0.147005 0.866667 0.147526 0.865278 0.148828 0.860185 0.150130 0.856944 0.152734 0.852315 0.152734 0.851852 0.155469 0.846991 0.157812 0.844676 0.159635 0.844676 0.159896 0.845139 0.161458 0.845139 0.163542 0.846065 0.165625 0.847917 0.167187 0.848380 0.168490 0.849306 0.169792 0.849306 0.172656 0.850694 0.176042 0.850694 0.176302 0.850231 0.177865 0.850231 0.178906 0.849306 0.180990 0.848843 0.183594 0.846991 0.185938 0.846065 0.187500 0.845139 0.188802 0.843750 0.189323 0.843750 0.191667 0.841435 0.193490 0.840509 0.194792 0.839120 0.195312 0.839120 0.196875 0.837731 0.198177 0.835880 0.199479 0.834491 0.201563 0.833102 0.204948 0.829861 0.206250 0.828009 0.207031 0.827546 0.210677 0.823380 0.212500 0.820139 0.213802 0.818750 0.216406 0.815509 0.217708 0.813657 0.222526 0.805093 0.222526 0.804630 0.224349 0.801389 0.224349 0.800926 0.225911 0.798148 0.226953 0.795370 0.227734 0.792130 0.229557 0.788426 0.229818 0.787037 0.230859 0.783796 0.231120 0.781481 0.231641 0.779167 0.233203 0.775000 0.233203 0.774074 0.234766 0.766667 0.235937 0.764120 0.237240 0.763194 0.238542 0.762731 0.240104 0.762731 0.240365 0.762269 0.242188 0.762269 0.242448 0.761806 0.243750 0.761806 0.246094 0.760417 0.247656 0.758565 0.248438 0.758102 0.249479 0.756713 0.251172 0.753704 0.252214 0.750463 0.252474 0.749074 0.254818 0.741204 0.255339 0.737963 0.256120 0.735648 0.256901 0.732407 0.257422 0.731019 0.257422 0.729167 0.257943 0.726852 0.257943 0.716204 0.258203 0.715741 0.258203 0.712500 0.258464 0.710185 0.259245 0.706944 0.259505 0.704630 0.260286 0.702315 0.260807 0.697222 0.261068 0.696759 0.261068 0.693981 0.261328 0.693519 0.261328 0.690278 0.261589 0.689815 0.261589 0.686111 0.261849 0.685648 0.261849 0.674074 0.261589 0.673611 0.261589 0.671296 0.261328 0.670833 0.261328 0.667593 0.261068 0.667130 0.261068 0.664815 0.260807 0.662500 0.261719 0.660417 0.262760 0.659491 0.263802 0.659491 0.265365 0.661343 0.266667 0.662269 0.267969 0.662731 0.269271 0.663657 0.270573 0.665046 0.271615 0.665509 0.272135 0.666435 0.273698 0.667824 0.276302 0.671528 0.277083 0.671991 0.279427 0.675231 0.280599 0.677315 0.281120 0.678704 0.281901 0.682870 0.281901 0.717593 0.281641 0.718056 0.281641 0.726852 0.281380 0.727315 0.281380 0.741204 0.281120 0.741667 0.281120 0.748148 0.280859 0.748611 0.280859 0.764352 0.280599 0.764815 0.280599 0.773611 0.280339 0.774074 0.280339 0.779630 0.280078 0.780093 0.280078 0.790278 0.279818 0.790741 0.279818 0.797685 0.279557 0.798148 0.279557 0.802778 0.279297 0.803241 0.279297 0.807407 0.279036 0.807870 0.279036 0.818519 0.278776 0.818981 0.278776 0.825463 0.278516 0.825926 0.278516 0.837500 0.278255 0.837963 0.278255 0.846759 0.277995 0.847222 0.277995 0.854630 0.277734 0.855093 0.277734 0.871759 0.277474 0.872222 0.277474 0.876389 0.277214 0.876852 0.277214 0.885185 0.276953 0.885648 0.276953 0.888426 0.276693 0.888889 0.276172 0.893056 0.275651 0.894444 0.274870 0.897685 0.273438 0.900694 0.273177 0.900694 0.270573 0.905324 0.269271 0.906250 0.266406 0.907639 0.264844 0.907639 0.264583 0.908102 0.262760 0.908102 0.262500 0.908565 0.259896 0.908565 0.259635 0.909028 0.255990 0.909028 0.255729 0.909491 0.253125 0.909491 0.252865 0.909954 0.251042 0.910417 0.248698 0.912731 0.247396 0.913657 0.245833 0.913657 0.245573 0.914120 0.244271 0.914120 0.244010 0.914583 0.242188 0.915046 0.241146 0.915972 0.239844 0.916435 0.238802 0.915972 0.235417 0.915972 0.232813 0.917824 0.231771 0.918287 0.230729 0.917824 0.228646 0.917824 0.226302 0.919213 0.225781 0.920139 0.223958 0.921528 0.222917 0.921065 0.220833 0.921065 0.220052 0.921528 0.217188 0.926620 0.213802 0.928009 0.212240 0.928009 0.211979 0.928472 0.210417 0.928472 0.210156 0.928935 0.208333 0.928935 0.208073 0.929398 0.205469 0.929398 0.205208 0.929861 0.203125 0.929861 0.201823 0.930324 0.200521 0.931250 0.199219 0.931250 0.198958 0.931713 0.197656 0.931713 0.197396 0.932176 0.192969 0.932176 0.192708 0.932639 0.191406 0.932639 0.191146 0.933102 0.189844 0.933102 0.188021 0.934028 0.185156 0.937269 0.182552 0.938657 0.181250 0.939120 0.178906 0.939120 0.178646 0.939583 0.177344 0.939583 0.176042 0.940509 0.174740 0.940509 0.171875 0.942361 0.170313 0.943750 0.169010 0.943750 0.168750 0.944213 0.165104 0.944213 0.164062 0.944676 0.161719 0.946528 0.159115 0.946528 0.158854 0.946991 0.157031 0.946991 0.155729 0.947454 0.153646 0.948843 0.149219 0.948843 0.148958 0.949306 0.147656 0.949306 0.146094 0.950231 0.144010 0.950231 0.143750 0.950694 0.142448 0.950694 0.140885 0.952083 0.139583 0.953935 0.138802 0.954398 0.136979 0.954398 0.136719 0.954861 0.134635 0.954861 0.133333 0.955787 0.131771 0.955787 0.131510 0.956250 0.130208 0.956250 0.128646 0.957176 0.127344 0.957176 0.127083 0.957639 0.125521 0.957639 0.125260 0.958102 0.123958 0.958102 0.122396 0.959028 0.120052 0.959028 0.119792 0.959491 0.118229 0.959491 0.116927 0.959954 0.115625 0.960880
 2 0.201042 0.693287 0.197135 0.693287 0.195312 0.692361 0.194531 0.691435 0.196094 0.690972 0.197917 0.689583 0.199479 0.689583 0.199740 0.689120 0.201563 0.689120 0.201953 0.689815 0.202214 0.691667 0.201042 0.693287
 2 0.178125 0.718750 0.177083 0.718287 0.176693 0.717593 0.177604 0.716435 0.179948 0.716435 0.180208 0.715972 0.182812 0.715972 0.183073 0.716435 0.184896 0.716435 0.184896 0.717824 0.182031 0.717824 0.181771 0.718287 0.178385 0.718287 0.178125 0.718750
 2 0.251953 0.851852 0.252474 0.851389 0.252734 0.850000 0.252734 0.846296 0.252995 0.843981 0.252474 0.841204 0.251302 0.840046 0.250651 0.841204 0.250130 0.843056 0.250130 0.845833 0.250391 0.846296 0.250391 0.848611 0.250651 0.850463 0.251302 0.852083 0.251953 0.851852
 2 0.177083 0.713194 0.174219 0.713194 0.173047 0.711111 0.172786 0.707407 0.172526 0.706944 0.172526 0.700463 0.172786 0.698611 0.174219 0.696528 0.175521 0.696065 0.176563 0.695139 0.177865 0.694676 0.179167 0.693750 0.180208 0.693750 0.181510 0.692824 0.183854 0.692361 0.186198 0.690972 0.187240 0.690972 0.189583 0.689583 0.190625 0.689583 0.194271 0.687731 0.195312 0.687731 0.196615 0.686806 0.198698 0.686343 0.199740 0.685417 0.200521 0.685417 0.201302 0.684491 0.204687 0.682639 0.205990 0.682176 0.206771 0.681250 0.208073 0.680787 0.210156 0.679398 0.211458 0.679398 0.211719 0.678935 0.213281 0.678935 0.214844 0.680324 0.216276 0.682870 0.216536 0.684722 0.216536 0.691204 0.216276 0.691667 0.215755 0.698148 0.214974 0.701389 0.213542 0.703935 0.211979 0.704398 0.211719 0.704861 0.210156 0.704861 0.209896 0.705324 0.208333 0.705324 0.208073 0.705787 0.206771 0.705787 0.206510 0.706250 0.204948 0.706250 0.204687 0.706713 0.202865 0.706713 0.202604 0.707176 0.201042 0.707176 0.200781 0.707639 0.199219 0.707639 0.198958 0.708102 0.197396 0.708102 0.197135 0.708565 0.195312 0.708565 0.195052 0.709028 0.193229 0.709028 0.192969 0.709491 0.191406 0.709491 0.191146 0.709954 0.189583 0.709954 0.189323 0.710417 0.187500 0.710417 0.187240 0.710880 0.185677 0.710880 0.185417 0.711343 0.183333 0.711343 0.183073 0.711806 0.181250 0.711806 0.180990 0.712269 0.179688 0.712269 0.179427 0.712731 0.177344 0.712731 0.177083 0.713194
