 5 0.382812 0.758102 0.379948 0.758102 0.378906 0.757176 0.376823 0.756250 0.375651 0.754167 0.374089 0.750000 0.372526 0.743981 0.371484 0.741204 0.370312 0.739120 0.369531 0.738194 0.367708 0.736806 0.366146 0.734954 0.364453 0.731944 0.363672 0.730093 0.362630 0.726852 0.359766 0.720833 0.358464 0.717593 0.358464 0.716667 0.357682 0.713889 0.356641 0.711574 0.355859 0.708333 0.355078 0.706019 0.354818 0.703704 0.354818 0.698611 0.355078 0.696759 0.356641 0.691204 0.357682 0.688889 0.359505 0.685648 0.359505 0.685185 0.360677 0.683102 0.362760 0.681713 0.364063 0.680324 0.365625 0.679398 0.367708 0.679398 0.367969 0.678935 0.369531 0.678935 0.370833 0.679398 0.372917 0.680787 0.374740 0.684028 0.375000 0.684028 0.376693 0.687037 0.376693 0.687500 0.379036 0.691667 0.379297 0.693056 0.380339 0.695833 0.382161 0.699074 0.382161 0.699537 0.383984 0.702778 0.385026 0.705556 0.386068 0.709259 0.386589 0.712037 0.386589 0.714352 0.386849 0.716667 0.387370 0.718519 0.388021 0.719676 0.389583 0.721065 0.391797 0.725000 0.392318 0.726389 0.392578 0.728704 0.393620 0.731481 0.393880 0.732870 0.393880 0.739352 0.393359 0.740741 0.391797 0.746759 0.390755 0.749074 0.389453 0.752778 0.388021 0.754861 0.387240 0.755324 0.385417 0.757176 0.384635 0.757639 0.383073 0.757639 0.382812 0.758102
 5 0.471354 0.755787 0.469010 0.754861 0.468229 0.753935 0.467187 0.753472 0.465625 0.750694 0.464583 0.749306 0.463281 0.748380 0.461719 0.745602 0.461458 0.745602 0.458594 0.740509 0.458333 0.740509 0.456901 0.737963 0.456120 0.736111 0.455859 0.733333 0.455078 0.730093 0.455078 0.729167 0.453776 0.725000 0.453255 0.721296 0.453255 0.718981 0.452995 0.718519 0.452474 0.714815 0.452214 0.714352 0.451953 0.711111 0.451693 0.710648 0.451693 0.708333 0.451172 0.705556 0.451172 0.697685 0.452734 0.692593 0.453776 0.690278 0.456510 0.685417 0.458073 0.683565 0.460417 0.682176 0.462240 0.680787 0.464583 0.680787 0.464844 0.680324 0.467187 0.680324 0.467448 0.680787 0.468750 0.680787 0.470573 0.681713 0.472656 0.684028 0.472917 0.684028 0.475391 0.688426 0.476432 0.690741 0.477734 0.697685 0.477995 0.698148 0.478255 0.701389 0.478516 0.701852 0.479036 0.706019 0.479557 0.708333 0.480339 0.710648 0.481120 0.715741 0.481120 0.718056 0.481380 0.718519 0.481380 0.729630 0.481641 0.730093 0.481641 0.732407 0.481901 0.734722 0.482422 0.737037 0.482422 0.741667 0.482161 0.743519 0.481380 0.746759 0.478646 0.751620 0.477083 0.752546 0.475260 0.754398 0.473438 0.755324 0.471615 0.755324 0.471354 0.755787
 5 0.314844 0.207639 0.310937 0.207639 0.309896 0.207176 0.308073 0.205787 0.306901 0.203704 0.306380 0.200926 0.306380 0.199537 0.305859 0.197685 0.305859 0.196296 0.305078 0.193056 0.304818 0.190741 0.303776 0.187500 0.301953 0.180093 0.301953 0.179167 0.301172 0.176852 0.301172 0.174537 0.301432 0.174074 0.301432 0.170833 0.301953 0.168519 0.303646 0.165509 0.305469 0.163657 0.306771 0.162731 0.307552 0.162731 0.308594 0.161806 0.309896 0.161806 0.310156 0.161343 0.312240 0.161343 0.312500 0.161806 0.314583 0.161806 0.316667 0.163657 0.317839 0.166204 0.318099 0.168519 0.318620 0.169907 0.319141 0.173148 0.319922 0.175463 0.320443 0.178704 0.321745 0.182407 0.321745 0.183333 0.322526 0.185648 0.322526 0.186574 0.324089 0.191667 0.324089 0.194444 0.324349 0.194907 0.324349 0.197222 0.324089 0.198611 0.321615 0.203009 0.319271 0.205324 0.316927 0.206250 0.314844 0.207639
 5 0.341406 0.206250 0.340885 0.205787 0.338021 0.205787 0.335938 0.204398 0.333984 0.200926 0.332943 0.195370 0.330599 0.187037 0.329818 0.181481 0.328516 0.176389 0.328255 0.174074 0.328255 0.168981 0.329297 0.164815 0.330208 0.163194 0.331510 0.161806 0.332552 0.161343 0.333854 0.159954 0.335156 0.159491 0.336458 0.159491 0.336719 0.159028 0.339062 0.159028 0.339323 0.159491 0.341146 0.159491 0.342969 0.161343 0.344401 0.163889 0.344401 0.164815 0.345443 0.167593 0.345703 0.168981 0.347005 0.172222 0.347005 0.173148 0.347786 0.175463 0.349870 0.184722 0.350651 0.186574 0.351693 0.190278 0.351693 0.196759 0.351172 0.198611 0.349740 0.201157 0.348698 0.202546 0.345833 0.204861 0.343490 0.205787 0.341667 0.205787 0.341406 0.206250
 5 0.377344 0.198380 0.376563 0.197917 0.376172 0.196296 0.377083 0.193287 0.377474 0.193519 0.377734 0.197222 0.377344 0.198380
 5 0.288021 0.207176 0.285417 0.207176 0.285156 0.206713 0.283333 0.206713 0.281771 0.205787 0.280339 0.203241 0.280078 0.201389 0.279557 0.200000 0.279297 0.196759 0.278776 0.194907 0.277995 0.188889 0.276693 0.184722 0.276172 0.182407 0.275911 0.180093 0.274870 0.176389 0.274870 0.173611 0.274609 0.173148 0.274609 0.169907 0.275130 0.168056 0.275781 0.166898 0.278906 0.163657 0.282813 0.162269 0.283073 0.161806 0.284896 0.161806 0.285156 0.162269 0.287240 0.162269 0.289583 0.164583 0.290755 0.167130 0.291536 0.169907 0.291797 0.172222 0.293099 0.177315 0.294922 0.182870 0.295182 0.185185 0.296224 0.189352 0.296745 0.190741 0.297266 0.194907 0.297266 0.197685 0.296745 0.199537 0.294531 0.203472 0.291927 0.205787 0.289583 0.206713 0.288281 0.206713 0.288021 0.207176
 3 0.815104 0.156250 0.813802 0.155787 0.810677 0.155787 0.810417 0.155324 0.808594 0.155324 0.807292 0.154398 0.806510 0.154398 0.804948 0.153009 0.802865 0.152083 0.801562 0.150694 0.801042 0.150694 0.800000 0.149306 0.799219 0.148843 0.797786 0.146296 0.797786 0.145833 0.796484 0.143519 0.795964 0.141667 0.795964 0.135185 0.797266 0.130093 0.797786 0.126852 0.798828 0.123611 0.799349 0.120370 0.801432 0.113426 0.802474 0.110648 0.803646 0.108565 0.805990 0.106250 0.807292 0.105787 0.808333 0.104861 0.809115 0.104861 0.810156 0.103935 0.812240 0.103935 0.812500 0.103472 0.819271 0.103472 0.819531 0.103935 0.820833 0.103935 0.822135 0.104398 0.823438 0.105324 0.825781 0.106250 0.827604 0.107639 0.828906 0.108102 0.830469 0.109491 0.833203 0.114352 0.834505 0.119907 0.834505 0.122685 0.833464 0.127315 0.833464 0.128241 0.832682 0.130556 0.831641 0.135185 0.829818 0.140278 0.829297 0.143056 0.827474 0.147685 0.825781 0.150694 0.824219 0.152083 0.822135 0.154398 0.820312 0.154861 0.818750 0.155787 0.815365 0.155787 0.815104 0.156250
 3 0.754167 0.163194 0.748698 0.163194 0.748437 0.162731 0.746354 0.162731 0.746094 0.162269 0.744531 0.162269 0.741927 0.160417 0.740365 0.159954 0.738021 0.157176 0.736979 0.156250 0.735026 0.153241 0.733984 0.150000 0.733984 0.144444 0.734245 0.143981 0.734245 0.141204 0.734505 0.138889 0.735547 0.132407 0.736068 0.131019 0.736589 0.127315 0.737109 0.125926 0.737630 0.122222 0.738411 0.119444 0.739583 0.116898 0.743229 0.113194 0.745573 0.112269 0.747656 0.110880 0.749219 0.110880 0.749479 0.110417 0.754948 0.110417 0.755208 0.110880 0.756510 0.110880 0.758073 0.111806 0.759896 0.112269 0.760156 0.112731 0.762500 0.113657 0.763281 0.114583 0.765104 0.115509 0.766406 0.116898 0.768099 0.119907 0.769401 0.124074 0.769922 0.126852 0.769922 0.129167 0.769141 0.132407 0.767839 0.139352 0.767318 0.141667 0.765495 0.148611 0.763151 0.155093 0.761979 0.157176 0.761719 0.157176 0.760417 0.159491 0.758333 0.161343 0.756250 0.162269 0.755990 0.162731 0.754427 0.162731 0.754167 0.163194
 4 0.674479 0.220602 0.670052 0.220602 0.668750 0.220139 0.666406 0.218750 0.664844 0.217361 0.663151 0.214352 0.662370 0.210648 0.662370 0.203241 0.662891 0.200463 0.662891 0.198611 0.663411 0.196759 0.663932 0.193056 0.664193 0.192593 0.664974 0.187963 0.666927 0.184491 0.667708 0.183565 0.669792 0.182176 0.671615 0.181713 0.673177 0.180787 0.675260 0.180787 0.675521 0.181250 0.678125 0.181250 0.679427 0.182176 0.680469 0.182176 0.682813 0.184028 0.683854 0.185417 0.685026 0.187500 0.685807 0.189815 0.686068 0.191667 0.686068 0.199074 0.685286 0.202778 0.685286 0.205093 0.685026 0.207407 0.683984 0.213889 0.683464 0.215278 0.682292 0.217361 0.679948 0.219213 0.677604 0.220139 0.674740 0.220139 0.674479 0.220602
 4 0.767969 0.243287 0.767708 0.242824 0.766146 0.242824 0.765885 0.242361 0.762760 0.241435 0.760156 0.239583 0.759245 0.237963 0.759245 0.235648 0.758984 0.235185 0.758984 0.232870 0.759635 0.232176 0.761198 0.232176 0.761458 0.232639 0.764062 0.232639 0.764323 0.233102 0.767448 0.233102 0.769010 0.234491 0.769531 0.235417 0.771875 0.237269 0.772786 0.238426 0.772786 0.240278 0.771875 0.241898 0.770312 0.242824 0.768229 0.242824 0.767969 0.243287
 4 0.686719 0.275694 0.681510 0.275694 0.681250 0.275231 0.679948 0.275231 0.677344 0.274306 0.675781 0.272917 0.674219 0.271991 0.673438 0.271065 0.672005 0.268519 0.671484 0.267130 0.671224 0.264815 0.670703 0.262500 0.670703 0.258796 0.671224 0.256019 0.671745 0.254630 0.672266 0.249074 0.673307 0.243981 0.674870 0.238889 0.677344 0.234491 0.678906 0.233565 0.681250 0.233565 0.681510 0.233102 0.688542 0.233102 0.689583 0.233565 0.691406 0.234954 0.694531 0.238194 0.695443 0.241204 0.695443 0.246759 0.694661 0.250000 0.694401 0.252315 0.693880 0.254167 0.693620 0.256944 0.693099 0.258333 0.693099 0.259722 0.691536 0.265741 0.691536 0.267130 0.690234 0.271759 0.690234 0.272222 0.688802 0.274769 0.686979 0.275231 0.686719 0.275694
 4 0.942708 0.180324 0.941927 0.179861 0.939844 0.179861 0.938411 0.177778 0.937370 0.174537 0.935547 0.170833 0.935547 0.170370 0.933984 0.167593 0.933984 0.167130 0.931901 0.163426 0.931380 0.162037 0.931380 0.160648 0.930599 0.157870 0.930078 0.156944 0.930729 0.156250 0.934115 0.156250 0.934375 0.156713 0.936198 0.156713 0.939844 0.159954 0.940885 0.160417 0.941927 0.161806 0.943229 0.164120 0.944141 0.165278 0.945182 0.168519 0.945182 0.171296 0.944141 0.175000 0.943620 0.177778 0.942708 0.180324
 7 0.304167 0.381250 0.299479 0.381250 0.299219 0.380787 0.286458 0.380787 0.285417 0.379398 0.284505 0.377315 0.283464 0.373611 0.283203 0.371296 0.281641 0.366667 0.280599 0.361111 0.279557 0.358796 0.278776 0.356481 0.278255 0.354167 0.277734 0.353241 0.276172 0.347222 0.274609 0.343981 0.272786 0.337037 0.270443 0.331481 0.269401 0.327315 0.268620 0.325000 0.267839 0.323611 0.267057 0.321296 0.266536 0.318981 0.265234 0.315741 0.264193 0.313889 0.263411 0.311111 0.262891 0.310185 0.262630 0.308333 0.261589 0.304630 0.259505 0.299537 0.258724 0.296296 0.258203 0.295370 0.257682 0.293056 0.255859 0.287963 0.254818 0.285648 0.254036 0.282870 0.254036 0.281944 0.252995 0.278241 0.251693 0.275000 0.251693 0.271759 0.252995 0.264815 0.254297 0.260648 0.254557 0.258333 0.256641 0.251852 0.257682 0.248148 0.258203 0.244907 0.258984 0.242593 0.258984 0.241667 0.260807 0.236574 0.261589 0.232870 0.261849 0.230556 0.263151 0.226389 0.264193 0.221759 0.264714 0.220370 0.266276 0.213889 0.266276 0.212963 0.268359 0.206944 0.269922 0.200000 0.270703 0.197685 0.270703 0.196759 0.271484 0.193056 0.272656 0.190972 0.273958 0.190046 0.274740 0.188657 0.275781 0.188194 0.278255 0.192593 0.279297 0.196296 0.279557 0.198611 0.280859 0.201389 0.281380 0.203704 0.282552 0.205787 0.283594 0.206713 0.285156 0.206713 0.285417 0.207176 0.287500 0.207176 0.288802 0.206250 0.291146 0.205787 0.292708 0.204398 0.294010 0.202546 0.295573 0.201157 0.297266 0.198148 0.297786 0.196759 0.297786 0.189815 0.296224 0.185185 0.296224 0.183796 0.296875 0.182176 0.297917 0.181250 0.299479 0.181250 0.300000 0.181713 0.304036 0.188889 0.305599 0.193981 0.305859 0.197222 0.306380 0.200000 0.306901 0.201389 0.307161 0.203241 0.308333 0.205324 0.310677 0.207176 0.311719 0.206713 0.314323 0.206713 0.315625 0.206250 0.318750 0.204398 0.321094 0.201157 0.322396 0.200231 0.324349 0.196759 0.324609 0.193981 0.324870 0.193519 0.325130 0.190741 0.324609 0.188426 0.323307 0.185185 0.323307 0.182870 0.325260 0.180787 0.327604 0.180787 0.329427 0.182176 0.330599 0.185648 0.331120 0.189815 0.332682 0.193519 0.333203 0.195833 0.333464 0.198148 0.333984 0.199537 0.335156 0.201620 0.335417 0.201620 0.336979 0.203935 0.339844 0.205324 0.342448 0.205324 0.346094 0.202546 0.348698 0.199769 0.348958 0.199769 0.350391 0.197222 0.351432 0.192130 0.351432 0.189815 0.350391 0.187500 0.349609 0.185185 0.349609 0.182870 0.349870 0.181944 0.351042 0.179861 0.352865 0.178009 0.353906 0.177546 0.358073 0.177546 0.358333 0.177083 0.359896 0.177083 0.360156 0.176620 0.363021 0.176620 0.363281 0.176157 0.366927 0.176157 0.367188 0.176620 0.370833 0.176620 0.371094 0.176157 0.374479 0.176157 0.374740 0.175694 0.389062 0.175694 0.390104 0.176620 0.391016 0.178241 0.391276 0.180093 0.392057 0.182407 0.393099 0.191667 0.393620 0.193519 0.393620 0.194907 0.394401 0.198611 0.394401 0.201852 0.394661 0.204167 0.395964 0.206944 0.397005 0.210648 0.397266 0.212500 0.397266 0.215278 0.398047 0.219444 0.398047 0.221759 0.399089 0.226389 0.399089 0.229630 0.399349 0.231481 0.400130 0.234259 0.400651 0.235185 0.401693 0.239815 0.401953 0.242130 0.401953 0.244444 0.402214 0.244907 0.402474 0.247685 0.402995 0.249074 0.403516 0.253241 0.404297 0.257407 0.404557 0.260648 0.405078 0.262500 0.405078 0.263889 0.405599 0.266204 0.405599 0.267593 0.406120 0.270370 0.407161 0.273611 0.407682 0.277315 0.408464 0.280556 0.408724 0.283796 0.408984 0.284259 0.408984 0.286574 0.409245 0.287037 0.409245 0.289352 0.408984 0.289815 0.408984 0.292593 0.408724 0.293056 0.408724 0.295370 0.408464 0.295833 0.408464 0.300000 0.408203 0.300463 0.408203 0.303241 0.407682 0.306019 0.407682 0.308333 0.407422 0.308796 0.407422 0.314815 0.407161 0.315278 0.407161 0.322222 0.406901 0.322685 0.406901 0.325000 0.406641 0.325463 0.406380 0.328241 0.405339 0.331944 0.405078 0.334259 0.404557 0.335648 0.403776 0.341667 0.403776 0.343981 0.403516 0.344444 0.403516 0.349074 0.403255 0.349537 0.403255 0.353704 0.402995 0.354167 0.402995 0.356944 0.402734 0.357407 0.402734 0.359722 0.402474 0.362037 0.401693 0.365278 0.401432 0.368519 0.400651 0.371759 0.399219 0.374306 0.397135 0.376157 0.391927 0.376157 0.391667 0.376620 0.387500 0.376620 0.387240 0.377083 0.362760 0.377083 0.362500 0.376620 0.360677 0.376620 0.360417 0.377083 0.359115 0.377083 0.358854 0.377546 0.352344 0.377546 0.352083 0.378009 0.342969 0.378009 0.342708 0.378472 0.337500 0.378472 0.337240 0.378935 0.328646 0.378935 0.328385 0.379398 0.326823 0.379398 0.326562 0.379861 0.324740 0.379861 0.324479 0.379398 0.321354 0.379398 0.321094 0.379861 0.319271 0.379861 0.319010 0.380324 0.316667 0.380324 0.316406 0.379861 0.313021 0.379861 0.312760 0.380324 0.306771 0.380324 0.306510 0.380787 0.304427 0.380787 0.304167 0.381250
 7 0.286849 0.337963 0.287630 0.336574 0.287891 0.334259 0.288672 0.331944 0.291536 0.326852 0.291536 0.326389 0.293099 0.323611 0.293099 0.322222 0.291146 0.320602 0.288281 0.319676 0.288021 0.319213 0.286458 0.319213 0.286198 0.318750 0.282031 0.318750 0.280729 0.319676 0.279818 0.321296 0.279818 0.323148 0.280599 0.325000 0.281641 0.328704 0.282422 0.332407 0.283594 0.334954 0.285677 0.335880 0.286849 0.337963
 2 0.299219 0.411806 0.296354 0.411806 0.296094 0.411343 0.294010 0.411343 0.292448 0.410417 0.290755 0.408333 0.288411 0.402778 0.285807 0.395833 0.284766 0.393519 0.283984 0.391204 0.283464 0.388426 0.282682 0.387037 0.281641 0.384259 0.281641 0.381481 0.281380 0.381019 0.281380 0.377315 0.282552 0.373380 0.283724 0.376389 0.284245 0.379167 0.284896 0.380324 0.285938 0.381250 0.287240 0.381713 0.288542 0.381713 0.288802 0.381250 0.301302 0.381250 0.301563 0.380787 0.309375 0.380787 0.309635 0.380324 0.319010 0.380324 0.319271 0.379861 0.332292 0.379861 0.332552 0.379398 0.341406 0.379398 0.341667 0.378935 0.345052 0.378935 0.345313 0.378472 0.355990 0.378472 0.356250 0.378009 0.373958 0.378009 0.374219 0.377546 0.380990 0.377546 0.381250 0.377083 0.394010 0.377083 0.394271 0.376620 0.396875 0.376620 0.399219 0.374769 0.400651 0.372222 0.402214 0.365278 0.402214 0.362963 0.402474 0.362500 0.402474 0.359722 0.402734 0.359259 0.402734 0.356481 0.402995 0.356019 0.402995 0.351852 0.403255 0.351389 0.403255 0.348611 0.403516 0.348148 0.403516 0.345370 0.404297 0.340278 0.404297 0.337963 0.404557 0.337500 0.404557 0.332870 0.404818 0.332407 0.404818 0.328704 0.405339 0.326389 0.405339 0.324074 0.405599 0.323611 0.405599 0.321296 0.405859 0.320833 0.405859 0.318056 0.406120 0.317593 0.406120 0.315278 0.406641 0.311574 0.407161 0.309722 0.407422 0.307407 0.407422 0.305093 0.408464 0.297222 0.408724 0.296759 0.408724 0.293981 0.408984 0.293519 0.408984 0.291204 0.409245 0.290741 0.409245 0.281019 0.410156 0.279398 0.411458 0.278935 0.412370 0.280556 0.412891 0.282407 0.413151 0.284722 0.413672 0.286111 0.414193 0.290278 0.414714 0.292130 0.415234 0.295833 0.415234 0.297222 0.415755 0.299537 0.415755 0.301852 0.416016 0.302315 0.416016 0.305556 0.416276 0.306019 0.416276 0.312037 0.416016 0.312500 0.416016 0.316204 0.415755 0.316667 0.415755 0.319907 0.415495 0.320370 0.415495 0.323148 0.414974 0.325926 0.414974 0.328241 0.414714 0.328704 0.414714 0.331019 0.414453 0.331481 0.414453 0.333796 0.414193 0.334259 0.414193 0.336574 0.413672 0.338889 0.413411 0.341204 0.413411 0.343519 0.413151 0.343981 0.413151 0.347222 0.412891 0.347685 0.412891 0.350463 0.412630 0.350926 0.412630 0.353704 0.412370 0.354167 0.412370 0.356481 0.412109 0.356944 0.412109 0.359722 0.411849 0.360185 0.411849 0.362963 0.411589 0.363426 0.411589 0.365741 0.411328 0.366204 0.411328 0.368981 0.411068 0.369444 0.411068 0.372222 0.410807 0.372685 0.410807 0.375463 0.410547 0.375926 0.410547 0.378704 0.410286 0.379167 0.410286 0.381944 0.410026 0.382407 0.410026 0.384722 0.409766 0.385185 0.409766 0.388426 0.409505 0.388889 0.409505 0.392593 0.408464 0.399537 0.407943 0.400926 0.406771 0.403009 0.405208 0.404861 0.403906 0.405787 0.400521 0.407176 0.392708 0.407176 0.392448 0.407639 0.384635 0.407639 0.384375 0.408102 0.374479 0.408102 0.374219 0.408565 0.363802 0.408565 0.363542 0.409028 0.351042 0.409028 0.350781 0.409491 0.343490 0.409491 0.343229 0.409954 0.332292 0.409954 0.332031 0.410417 0.327604 0.410417 0.327344 0.409954 0.324479 0.409954 0.324219 0.410417 0.316406 0.410417 0.316146 0.410880 0.307031 0.410880 0.306771 0.411343 0.299479 0.411343 0.299219 0.411806
 4 0.000000 0.124306 0.001823 0.124306 0.003385 0.123380 0.004687 0.123380 0.004948 0.122917 0.009635 0.122917 0.013281 0.124306 0.014063 0.125231 0.017057 0.130556 0.018099 0.133333 0.019922 0.136574 0.020443 0.138889 0.021484 0.141667 0.021484 0.143519 0.020964 0.145370 0.020703 0.147685 0.018490 0.151620 0.016927 0.153472 0.014844 0.155324 0.013281 0.156250 0.012500 0.157176 0.011198 0.157639 0.010156 0.158565 0.006771 0.159954 0.004948 0.159954 0.004687 0.160417 0.000000 0.160417
 2 0.258333 0.612269 0.252344 0.612269 0.251302 0.611806 0.250260 0.610417 0.248698 0.609028 0.239193 0.592130 0.239193 0.591667 0.236328 0.586574 0.235026 0.579167 0.235807 0.577315 0.236589 0.574537 0.236849 0.572222 0.237630 0.569907 0.237630 0.568981 0.239193 0.562500 0.239974 0.560185 0.240234 0.557870 0.240755 0.556481 0.241276 0.553704 0.241276 0.552315 0.242318 0.549074 0.242318 0.548148 0.243099 0.545833 0.245182 0.536574 0.245182 0.535648 0.246484 0.530556 0.246484 0.529167 0.247526 0.525926 0.249349 0.518519 0.249870 0.515741 0.250130 0.512500 0.252995 0.502315 0.253516 0.499074 0.254036 0.497685 0.254297 0.495370 0.255078 0.493056 0.255339 0.490741 0.255859 0.488426 0.256641 0.486111 0.257161 0.482407 0.257682 0.480093 0.258724 0.476852 0.258724 0.475926 0.260026 0.468981 0.260547 0.467593 0.261849 0.461111 0.263672 0.455556 0.264714 0.451852 0.265885 0.449769 0.267969 0.447917 0.268750 0.447917 0.270573 0.446528 0.273177 0.446528 0.273438 0.446065 0.288542 0.446065 0.288802 0.445602 0.292448 0.445602 0.292708 0.446065 0.295573 0.446065 0.295833 0.445602 0.297135 0.445602 0.297396 0.445139 0.298958 0.445139 0.299219 0.444676 0.303125 0.444676 0.303385 0.445139 0.305729 0.445139 0.307031 0.445602 0.307292 0.445139 0.317188 0.445139 0.317448 0.444676 0.325781 0.444676 0.326042 0.444213 0.327604 0.444213 0.327865 0.444676 0.330469 0.444676 0.330729 0.444213 0.336458 0.444213 0.336719 0.444676 0.338021 0.444676 0.338281 0.444213 0.339583 0.444213 0.341146 0.443287 0.345833 0.443287 0.346094 0.443750 0.347917 0.443750 0.348177 0.444213 0.351042 0.444213 0.351302 0.443750 0.353906 0.443750 0.354167 0.443287 0.378385 0.443287 0.378646 0.442824 0.390365 0.442824 0.391667 0.443287 0.392708 0.444213 0.394401 0.447222 0.394922 0.449074 0.395964 0.451389 0.396224 0.453241 0.397005 0.455556 0.397005 0.456481 0.397786 0.458796 0.397786 0.459722 0.398568 0.462037 0.399089 0.466204 0.399609 0.467593 0.399870 0.469907 0.399870 0.474074 0.400130 0.474537 0.400130 0.477778 0.399870 0.478241 0.399870 0.483333 0.399349 0.486111 0.399349 0.488426 0.399089 0.488889 0.399089 0.491667 0.398828 0.492130 0.398828 0.494907 0.398307 0.497685 0.398307 0.500000 0.397786 0.502778 0.397786 0.505093 0.397526 0.505556 0.397526 0.508333 0.397266 0.508796 0.397266 0.511574 0.397005 0.513889 0.396484 0.516204 0.396224 0.520370 0.395964 0.520833 0.395964 0.523148 0.395182 0.528241 0.395182 0.530556 0.394922 0.531019 0.394661 0.535185 0.393880 0.540278 0.393880 0.542593 0.393359 0.545370 0.393359 0.548148 0.393099 0.548611 0.393099 0.550926 0.392578 0.553704 0.392578 0.556019 0.392318 0.556481 0.392318 0.559259 0.392057 0.559722 0.392057 0.562500 0.391797 0.562963 0.391797 0.565278 0.391536 0.567593 0.391016 0.569907 0.391016 0.571759 0.390495 0.574074 0.390495 0.576389 0.389974 0.579167 0.389974 0.581481 0.389453 0.584259 0.389453 0.586574 0.389193 0.587037 0.389193 0.589352 0.388932 0.589815 0.388932 0.592130 0.388672 0.592593 0.388151 0.597222 0.387370 0.600463 0.385937 0.603472 0.384896 0.604861 0.381250 0.608102 0.379167 0.609028 0.377604 0.609028 0.377344 0.609491 0.360156 0.609491 0.359896 0.609954 0.353906 0.609954 0.352865 0.609491 0.352604 0.609954 0.327604 0.609954 0.327344 0.610417 0.314063 0.610417 0.313802 0.610880 0.307292 0.610880 0.307031 0.610417 0.305729 0.610417 0.305469 0.610880 0.285417 0.610880 0.285156 0.611343 0.276562 0.611343 0.276302 0.611806 0.272917 0.611806 0.272656 0.611343 0.271094 0.611343 0.270833 0.611806 0.258594 0.611806 0.258333 0.612269
 6 0.000000 0.128009 0.001302 0.128009 0.003646 0.126620 0.004948 0.126157 0.006510 0.126157 0.006771 0.125694 0.010937 0.125694 0.012240 0.126620 0.013021 0.126620 0.014063 0.127546 0.014974 0.130093 0.014974 0.131019 0.016146 0.132639 0.016927 0.132639 0.018099 0.134722 0.018620 0.137037 0.018880 0.139815 0.020313 0.142361 0.020833 0.142824 0.021875 0.142361 0.023698 0.140972 0.025521 0.140972 0.025781 0.140509 0.027083 0.140509 0.027344 0.140046 0.028906 0.140046 0.029167 0.139583 0.033073 0.139583 0.033333 0.139120 0.035417 0.139120 0.035677 0.138657 0.038542 0.138657 0.038802 0.138194 0.042708 0.138194 0.042969 0.137731 0.047396 0.137731 0.047656 0.137269 0.052604 0.137269 0.052865 0.136806 0.055208 0.136806 0.055469 0.136343 0.058073 0.136343 0.058333 0.135880 0.061458 0.135880 0.061719 0.135417 0.064062 0.135417 0.065104 0.135880 0.066667 0.137269 0.068880 0.141204 0.069661 0.143519 0.071484 0.150926 0.073307 0.154630 0.073828 0.156481 0.074609 0.157870 0.075651 0.161111 0.078776 0.166667 0.078776 0.167130 0.081510 0.171991 0.082552 0.173380 0.084375 0.175231 0.085417 0.176620 0.089974 0.184722 0.089974 0.185185 0.092578 0.189815 0.093620 0.192593 0.093880 0.193981 0.094922 0.196296 0.099609 0.204630 0.099609 0.205093 0.101172 0.207870 0.102214 0.210648 0.106120 0.217593 0.106641 0.219444 0.108464 0.222685 0.109766 0.226389 0.113151 0.232407 0.113151 0.232870 0.116536 0.238889 0.117578 0.242593 0.118359 0.244444 0.122786 0.252315 0.123568 0.254167 0.124349 0.256944 0.125391 0.258796 0.126432 0.262037 0.126432 0.262963 0.127214 0.265741 0.127214 0.267130 0.126432 0.269444 0.125130 0.272222 0.124349 0.275463 0.123568 0.277778 0.122786 0.279167 0.122005 0.281944 0.120182 0.286574 0.119141 0.288426 0.116536 0.294907 0.116016 0.296759 0.114714 0.299074 0.114714 0.299537 0.113411 0.302315 0.113151 0.303704 0.112109 0.306019 0.111328 0.308796 0.110026 0.311111 0.108464 0.315278 0.108203 0.316667 0.106380 0.319907 0.105339 0.323148 0.105078 0.324537 0.103255 0.328704 0.101693 0.333333 0.100130 0.336574 0.100130 0.337037 0.098047 0.340741 0.097005 0.343981 0.095312 0.346991 0.094010 0.348380 0.092969 0.350231 0.091146 0.352083 0.089583 0.352083 0.089323 0.352546 0.086458 0.352546 0.086198 0.353009 0.078385 0.353009 0.078125 0.353472 0.073698 0.353472 0.073438 0.353935 0.069010 0.353935 0.068750 0.354398 0.061198 0.354398 0.060937 0.354861 0.054948 0.354861 0.054688 0.355324 0.046354 0.355324 0.046094 0.355787 0.040885 0.355787 0.040625 0.356250 0.035677 0.356250 0.035417 0.356713 0.025260 0.356713 0.025000 0.357176 0.019792 0.357176 0.019531 0.357639 0.014063 0.357639 0.013802 0.358102 0.011458 0.358102 0.011198 0.358565 0.003906 0.358565 0.003646 0.359028 0.000000 0.359028
 6 0.000000 0.157176 0.001563 0.157176 0.001823 0.156713 0.003385 0.156713 0.004948 0.155787 0.006250 0.155787 0.006510 0.155324 0.007943 0.155093 0.007031 0.153935 0.005208 0.153009 0.002474 0.150000 0.001432 0.148148 0.001432 0.144907 0.001953 0.142130 0.004167 0.138194 0.004948 0.137731 0.006120 0.136111 0.005469 0.134954 0.004427 0.134028 0.002865 0.133565 0.001563 0.132176 0.000000 0.132176
 6 0.077214 0.249074 0.077344 0.248843 0.079948 0.248843 0.080208 0.248380 0.087500 0.248380 0.087760 0.247917 0.093490 0.247917 0.093750 0.247454 0.100260 0.247454 0.100521 0.246991 0.102865 0.246991 0.103646 0.246528 0.104297 0.245370 0.104036 0.243519 0.104036 0.241204 0.103776 0.239815 0.102865 0.238194 0.101823 0.237269 0.100911 0.235185 0.100130 0.231944 0.098958 0.230324 0.097005 0.226852 0.096484 0.225000 0.093880 0.220370 0.092839 0.216667 0.091667 0.215046 0.089714 0.211574 0.088672 0.208796 0.087109 0.206019 0.086328 0.203704 0.084375 0.200231 0.083594 0.199769 0.079948 0.202546 0.077474 0.207870 0.077474 0.208333 0.075651 0.211574 0.074609 0.214815 0.073047 0.217593 0.073047 0.218056 0.071484 0.221296 0.070964 0.223148 0.069401 0.225926 0.069401 0.226389 0.067318 0.230093 0.066536 0.231944 0.066016 0.234259 0.066016 0.236111 0.065495 0.238889 0.065755 0.239815 0.066927 0.241435 0.068750 0.244676 0.070052 0.246065 0.071094 0.247917 0.072135 0.248843 0.073438 0.249306 0.077083 0.249306 0.077214 0.249074
 1 0.899870 0.000000 0.899870 0.003241 0.898828 0.006944 0.898307 0.010648 0.897005 0.014815 0.895964 0.017130 0.894661 0.020833 0.893099 0.026389 0.892318 0.028241 0.891276 0.031944 0.890495 0.033333 0.888932 0.038889 0.888411 0.040278 0.887240 0.041898 0.885938 0.044213 0.884375 0.046065 0.883073 0.048380 0.880208 0.052083 0.876563 0.055324 0.874479 0.056250 0.873698 0.057176 0.872135 0.058102 0.870573 0.058565 0.868490 0.060417 0.867188 0.060417 0.866927 0.060880 0.861198 0.060880 0.860938 0.060417 0.859115 0.060417 0.858854 0.059954 0.856250 0.059954 0.855990 0.059491 0.854167 0.059491 0.853906 0.059028 0.852083 0.059028 0.851823 0.058565 0.850000 0.058565 0.849740 0.058102 0.846094 0.058102 0.845833 0.057639 0.843750 0.057639 0.843490 0.057176 0.839063 0.057176 0.838802 0.056713 0.836198 0.056713 0.835938 0.056250 0.833594 0.056250 0.833333 0.055787 0.830990 0.055787 0.830729 0.055324 0.828646 0.055324 0.828385 0.054861 0.824219 0.054861 0.823958 0.054398 0.820833 0.054398 0.820573 0.053935 0.819010 0.053935 0.818750 0.053472 0.816927 0.053472 0.816667 0.053009 0.814063 0.053009 0.813802 0.052546 0.809896 0.052546 0.809635 0.052083 0.807292 0.052083 0.807031 0.051620 0.803646 0.051620 0.803385 0.051157 0.801562 0.051157 0.801302 0.050694 0.800000 0.050694 0.799740 0.050231 0.796875 0.050231 0.796615 0.049769 0.793490 0.049769 0.793229 0.049306 0.791406 0.049306 0.791146 0.048843 0.788281 0.048843 0.788021 0.048380 0.785677 0.048380 0.785417 0.047917 0.783854 0.047917 0.783594 0.047454 0.778646 0.047454 0.778385 0.046991 0.777083 0.046991 0.776823 0.046528 0.775521 0.046528 0.775260 0.046065 0.773177 0.046065 0.772917 0.045602 0.771094 0.045602 0.770833 0.045139 0.768750 0.045139 0.768490 0.044676 0.766146 0.044676 0.765885 0.044213 0.763542 0.044213 0.763281 0.043750 0.760677 0.043750 0.760417 0.043287 0.758333 0.043287 0.758073 0.042824 0.755208 0.042824 0.754948 0.042361 0.751042 0.042361 0.750781 0.041898 0.748698 0.041898 0.748437 0.041435 0.745052 0.041435 0.744792 0.040972 0.741927 0.040972 0.741667 0.040509 0.738802 0.040509 0.738542 0.040046 0.735677 0.040046 0.735417 0.039583 0.732552 0.039583 0.732292 0.039120 0.728906 0.039120 0.728646 0.038657 0.726823 0.038657 0.726562 0.038194 0.724740 0.038194 0.724479 0.037731 0.723177 0.037731 0.721875 0.036806 0.720313 0.036343 0.718750 0.034954 0.718229 0.034028 0.716667 0.032639 0.715755 0.031019 0.715234 0.029167 0.713672 0.025000 0.713151 0.024074 0.712891 0.021759 0.712109 0.018519 0.711849 0.016204 0.711849 0.013889 0.711589 0.013426 0.711589 0.008333 0.712109 0.005556 0.713151 0.002778 0.713151 0.000000
 8 0.000000 0.018750 0.001302 0.018750 0.001823 0.018287 0.002995 0.016204 0.003255 0.014352 0.004167 0.013194 0.004948 0.013194 0.006380 0.010648 0.006380 0.006944 0.006641 0.006481 0.006641 0.000000
 8 0.073047 0.000000 0.073047 0.002315 0.074740 0.004398 0.076302 0.005787 0.077214 0.007870 0.077734 0.010185 0.078516 0.012500 0.078516 0.013426 0.079818 0.018519 0.082682 0.023611 0.082682 0.024074 0.085026 0.028241 0.087109 0.035648 0.087630 0.037037 0.089714 0.040741 0.091797 0.045833 0.093099 0.048148 0.094141 0.051852 0.094141 0.052778 0.094922 0.055556 0.097135 0.059491 0.097396 0.059491 0.098828 0.062037 0.098828 0.062500 0.101432 0.068981 0.102995 0.075000 0.104557 0.077778 0.104557 0.078241 0.108203 0.084722 0.108724 0.086574 0.109505 0.087963 0.111068 0.092130 0.113672 0.096759 0.114453 0.099074 0.116797 0.103241 0.117578 0.105093 0.117839 0.106481 0.118880 0.109722 0.119922 0.111574 0.120964 0.114352 0.123307 0.119444 0.124349 0.123148 0.125130 0.125000 0.128255 0.130556 0.129036 0.132407 0.130078 0.135648 0.130339 0.137500 0.131120 0.139815 0.133203 0.143519 0.133984 0.145370 0.135026 0.149074 0.137891 0.154167 0.138932 0.156944 0.139193 0.158333 0.140495 0.161574 0.140755 0.162963 0.141797 0.165741 0.145182 0.171759 0.145182 0.172222 0.146484 0.174537 0.147266 0.176852 0.149089 0.180556 0.149609 0.182407 0.151172 0.185648 0.154297 0.193981 0.155859 0.197222 0.157161 0.200926 0.159245 0.205093 0.159245 0.205556 0.161068 0.208796 0.162109 0.211111 0.162891 0.213426 0.164583 0.216435 0.166406 0.218287 0.168490 0.218750 0.168750 0.219213 0.171094 0.220139 0.173437 0.221991 0.175391 0.225463 0.176432 0.228704 0.179036 0.233333 0.180078 0.236111 0.181380 0.238426 0.181901 0.240278 0.181901 0.246759 0.180859 0.251389 0.180599 0.254167 0.180078 0.255093 0.179297 0.257870 0.176693 0.263889 0.175651 0.268056 0.173568 0.272685 0.171484 0.279167 0.169922 0.285185 0.169401 0.286111 0.168880 0.288426 0.164974 0.297222 0.163672 0.301389 0.163411 0.302778 0.162109 0.306019 0.161068 0.310185 0.160547 0.311111 0.159766 0.314352 0.158333 0.317824 0.158073 0.317824 0.156901 0.319907 0.155859 0.322685 0.155599 0.324074 0.154297 0.328241 0.153516 0.331481 0.152995 0.332407 0.151432 0.338426 0.150391 0.340741 0.150130 0.342130 0.149089 0.344907 0.147526 0.348148 0.147005 0.350000 0.146224 0.351389 0.145964 0.352778 0.144401 0.357870 0.143099 0.361574 0.141536 0.364815 0.141276 0.366204 0.139974 0.369444 0.139453 0.371759 0.137891 0.375463 0.136849 0.379630 0.135547 0.382870 0.135286 0.384259 0.133984 0.386574 0.133203 0.388426 0.132943 0.389815 0.129818 0.398611 0.129297 0.400926 0.127474 0.405556 0.125391 0.409722 0.123828 0.415741 0.122526 0.419444 0.122266 0.420833 0.119661 0.428241 0.119661 0.428704 0.118099 0.431481 0.117318 0.434259 0.116797 0.435185 0.115755 0.438889 0.114453 0.442130 0.113932 0.444444 0.112109 0.450463 0.111068 0.452778 0.110286 0.455556 0.108724 0.458796 0.106901 0.464352 0.106380 0.465278 0.105859 0.467593 0.103776 0.472222 0.101693 0.479167 0.100911 0.481481 0.099609 0.484259 0.099609 0.484722 0.098307 0.487500 0.097786 0.489815 0.096224 0.493981 0.095443 0.495370 0.093880 0.500463 0.093359 0.501389 0.092839 0.504167 0.091276 0.508333 0.091016 0.509722 0.089714 0.512500 0.088932 0.514815 0.087109 0.518519 0.086328 0.521296 0.085807 0.522222 0.085286 0.524537 0.084766 0.525463 0.081901 0.535648 0.081380 0.536574 0.080599 0.539352 0.079687 0.540509 0.078255 0.543056 0.077214 0.546759 0.076693 0.547685 0.075651 0.551389 0.073307 0.556944 0.072526 0.559259 0.072005 0.561574 0.070703 0.565741 0.070703 0.566667 0.069661 0.569444 0.068880 0.570833 0.066797 0.576389 0.066276 0.578704 0.065755 0.579630 0.065234 0.581944 0.063411 0.586111 0.063151 0.587500 0.062109 0.589815 0.061849 0.591204 0.060807 0.593981 0.058724 0.598611 0.058203 0.600926 0.055599 0.607407 0.053776 0.613426 0.052214 0.617130 0.050911 0.622222 0.049609 0.625000 0.049609 0.625463 0.047266 0.629630 0.046224 0.632407 0.045443 0.635648 0.044141 0.638889 0.043359 0.643056 0.042839 0.643981 0.041797 0.647685 0.041016 0.649074 0.040495 0.650926 0.039714 0.652315 0.039193 0.654167 0.038151 0.656481 0.037630 0.658796 0.036328 0.662500 0.033724 0.672222 0.032682 0.674074 0.031120 0.678241 0.030339 0.679630 0.028776 0.683796 0.028255 0.686111 0.027734 0.687037 0.027214 0.689352 0.025391 0.693981 0.024089 0.697685 0.024089 0.698611 0.023307 0.700463 0.022786 0.702778 0.020443 0.708333 0.018099 0.716667 0.017057 0.718981 0.015495 0.721759 0.014453 0.724537 0.013672 0.728241 0.012891 0.730556 0.012370 0.733333 0.010547 0.737500 0.010286 0.738889 0.009505 0.740278 0.007422 0.746759 0.007161 0.748148 0.005599 0.752315 0.003776 0.755556 0.002995 0.757870 0.001563 0.760417 0.000000 0.760417
 8 0.252344 0.024769 0.251302 0.024769 0.250911 0.023148 0.251172 0.021759 0.252344 0.021065 0.252995 0.023148 0.252344 0.024769
 8 0.020964 0.146759 0.020964 0.143981 0.021224 0.143056 0.020703 0.142130 0.020703 0.146759 0.020964 0.146759
 8 0.017318 0.150463 0.018229 0.150231 0.019271 0.148380 0.020052 0.147917 0.017188 0.147917 0.016016 0.150000 0.017318 0.150463
 8 0.000000 0.157176 0.001563 0.157176 0.001823 0.157639 0.003125 0.157639 0.003385 0.158102 0.004687 0.158102 0.004948 0.158565 0.009375 0.158565 0.012240 0.157176 0.013021 0.155787 0.013932 0.155093 0.013411 0.152778 0.012760 0.151620 0.011719 0.150694 0.010156 0.150694 0.009896 0.150231 0.005469 0.150231 0.001823 0.153472 0.000000 0.153472
 8 0.006380 0.189815 0.006771 0.188657 0.008854 0.186806 0.011719 0.185417 0.012370 0.184259 0.012370 0.181944 0.011068 0.176852 0.010807 0.174074 0.010156 0.170602 0.008854 0.170602 0.008464 0.172685 0.008464 0.174537 0.007682 0.177778 0.005729 0.180324 0.004427 0.181713 0.003125 0.182639 0.001953 0.184722 0.002344 0.184954 0.004557 0.188889 0.004948 0.190046 0.006380 0.189815
 8 0.057161 0.272222 0.058724 0.269444 0.059245 0.268056 0.059245 0.265741 0.058724 0.263889 0.057552 0.261806 0.056250 0.260880 0.055339 0.259259 0.057682 0.255093 0.058203 0.252778 0.057943 0.251852 0.057943 0.249537 0.057682 0.249074 0.057682 0.246296 0.057031 0.244213 0.055990 0.244213 0.055078 0.245833 0.054818 0.247222 0.054818 0.250926 0.054557 0.251389 0.054557 0.254167 0.053646 0.256250 0.053125 0.256250 0.051432 0.259259 0.051432 0.265278 0.052214 0.268056 0.053906 0.270602 0.055729 0.272454 0.057161 0.272222
 8 0.118880 0.248148 0.119401 0.247222 0.118359 0.246296 0.118359 0.248148 0.118880 0.248148
 8 0.114974 0.254167 0.114974 0.254167
 8 0.040495 0.268981 0.041406 0.268750 0.042318 0.266204 0.042057 0.265741 0.042057 0.263426 0.041797 0.262037 0.041146 0.260880 0.037240 0.260880 0.036719 0.261343 0.034896 0.264583 0.034115 0.265509 0.032943 0.266204 0.034115 0.267824 0.034896 0.268287 0.036458 0.268287 0.036719 0.268750 0.039583 0.268750 0.040495 0.268981
 8 0.010547 0.269444 0.013021 0.268750 0.013932 0.267593 0.014193 0.265741 0.013021 0.263657 0.012760 0.264120 0.008333 0.264120 0.007292 0.263657 0.006250 0.262269 0.005078 0.263889 0.004557 0.266204 0.004818 0.267593 0.005990 0.269213 0.007292 0.269676 0.010417 0.269676 0.010547 0.269444
 8 0.080599 0.269444 0.081380 0.268056 0.081380 0.266667 0.080469 0.265509 0.079427 0.265972 0.079036 0.268056 0.079427 0.269213 0.080599 0.269444
 8 0.088151 0.269444 0.088932 0.268056 0.088932 0.266204 0.088281 0.265509 0.087240 0.265509 0.086589 0.266204 0.086328 0.268056 0.087500 0.269676 0.088151 0.269444
 8 0.000000 0.298380 0.002604 0.298380 0.002865 0.298843 0.004427 0.298843 0.005990 0.299769 0.007812 0.299769 0.008073 0.300231 0.010677 0.300231 0.012760 0.299306 0.014193 0.296759 0.014193 0.293056 0.013672 0.290741 0.013672 0.287037 0.014193 0.284722 0.015495 0.281019 0.015495 0.280093 0.013542 0.278009 0.012500 0.277546 0.011198 0.277546 0.010937 0.277083 0.006250 0.277083 0.005990 0.277546 0.004687 0.277546 0.004427 0.278009 0.003125 0.278009 0.002865 0.278472 0.000000 0.278472
 8 0.081120 0.282870 0.082031 0.282176 0.082161 0.281481 0.081250 0.279861 0.079948 0.279861 0.079557 0.281944 0.080208 0.283102 0.081120 0.282870
 8 0.103776 0.282407 0.103646 0.281250 0.102995 0.281944 0.103776 0.282407
 8 0.072786 0.297222 0.073047 0.296296 0.073047 0.293981 0.072396 0.292824 0.071615 0.292824 0.070964 0.293981 0.070964 0.296296 0.071615 0.297454 0.072786 0.297222
 8 0.040755 0.294444 0.041146 0.293750 0.040365 0.293287 0.040234 0.294444 0.040755 0.294444
 8 0.057161 0.296759 0.057943 0.295833 0.057292 0.293750 0.055990 0.293287 0.054818 0.294444 0.055078 0.295833 0.056250 0.296991 0.057161 0.296759
 8 0.087891 0.295833 0.088411 0.294907 0.088021 0.293287 0.087109 0.293519 0.087109 0.295833 0.087891 0.295833
 8 0.087630 0.325463 0.088411 0.324074 0.088411 0.320833 0.087500 0.320139 0.086328 0.321759 0.086328 0.324074 0.087240 0.325694 0.087630 0.325463
 8 0.009245 0.321759 0.009245 0.321759
 8 0.072786 0.323611 0.072396 0.321991 0.071615 0.321528 0.071224 0.322222 0.071354 0.323843 0.072786 0.323611
 8 0.096224 0.342593 0.096224 0.342593
 8 0.081120 0.350463 0.082552 0.350231 0.082812 0.349769 0.087500 0.349769 0.087500 0.349306 0.083073 0.349306 0.082812 0.348843 0.081250 0.348843 0.080990 0.348380 0.079427 0.348380 0.077865 0.349306 0.079167 0.350694 0.081120 0.350463
 8 0.000000 0.357176 0.011198 0.357176 0.011458 0.356713 0.018490 0.356713 0.017969 0.355787 0.014583 0.355787 0.014323 0.356250 0.013021 0.355787 0.011719 0.353935 0.010937 0.353472 0.009896 0.352083 0.008333 0.352083 0.007031 0.353009 0.005208 0.353472 0.004948 0.353935 0.003646 0.353935 0.003385 0.354398 0.000000 0.354398
