 0 0.361719 0.025231 0.361068 0.024537 0.360807 0.023148 0.361458 0.022454 0.362370 0.023611 0.361719 0.025231
 0 0.311458 0.318287 0.309635 0.317824 0.308464 0.316204 0.307161 0.312500 0.306641 0.311574 0.305599 0.307870 0.305078 0.303704 0.304557 0.302315 0.304297 0.300000 0.303255 0.295370 0.303255 0.292593 0.302995 0.292130 0.302734 0.289352 0.300391 0.281944 0.300130 0.280093 0.300130 0.274537 0.298698 0.271991 0.297526 0.270370 0.296745 0.268056 0.295833 0.266435 0.294792 0.265509 0.293229 0.265509 0.292969 0.265046 0.290365 0.265046 0.290104 0.265509 0.288802 0.265509 0.288542 0.265972 0.286198 0.265972 0.283854 0.264120 0.282422 0.261111 0.281641 0.256944 0.281641 0.255556 0.281120 0.252778 0.279557 0.248611 0.279557 0.248148 0.278255 0.244907 0.278255 0.243981 0.277474 0.241667 0.277214 0.239352 0.276693 0.237037 0.275911 0.234722 0.273828 0.226389 0.273047 0.220370 0.272266 0.216667 0.272266 0.213889 0.272005 0.211574 0.271224 0.208333 0.270703 0.204630 0.269401 0.200000 0.269401 0.199074 0.267708 0.194676 0.266406 0.193750 0.262500 0.193750 0.262240 0.194213 0.259375 0.194213 0.259115 0.194676 0.251563 0.194676 0.251302 0.195139 0.247656 0.195139 0.247396 0.195602 0.245052 0.195602 0.244792 0.196065 0.241146 0.196065 0.240885 0.196528 0.236458 0.196528 0.234896 0.195602 0.233984 0.193981 0.233464 0.191667 0.233464 0.189815 0.232943 0.187500 0.232422 0.183796 0.232422 0.180556 0.232161 0.180093 0.232161 0.177315 0.231901 0.176852 0.231901 0.174074 0.231641 0.173611 0.231641 0.170833 0.231120 0.168056 0.231120 0.165741 0.230859 0.165278 0.230859 0.162500 0.230599 0.162037 0.230599 0.159722 0.230339 0.159259 0.230339 0.156481 0.230078 0.156019 0.230078 0.153704 0.229557 0.150926 0.229557 0.148611 0.229297 0.148148 0.229297 0.145370 0.229036 0.144907 0.229036 0.142593 0.228776 0.142130 0.228776 0.139815 0.228255 0.137037 0.228255 0.134722 0.227995 0.134259 0.227995 0.128704 0.227734 0.128241 0.227734 0.125000 0.227474 0.124537 0.227474 0.122222 0.226953 0.119907 0.226693 0.117593 0.226693 0.114815 0.226432 0.114352 0.226432 0.111111 0.226693 0.110648 0.226693 0.106944 0.227474 0.104167 0.230990 0.097917 0.232552 0.096065 0.233854 0.095139 0.235417 0.092824 0.237760 0.090509 0.239323 0.088194 0.240104 0.087731 0.241406 0.085880 0.248698 0.079398 0.249219 0.078472 0.250260 0.078009 0.251563 0.076620 0.253125 0.075694 0.254688 0.074306 0.255208 0.073380 0.257292 0.071528 0.262500 0.067824 0.263021 0.067824 0.264323 0.066435 0.267969 0.064120 0.268750 0.063194 0.270573 0.062269 0.271354 0.061343 0.272917 0.060880 0.273958 0.059954 0.276042 0.059028 0.277344 0.057639 0.278646 0.056713 0.281250 0.055787 0.285677 0.053472 0.288802 0.052546 0.290104 0.051620 0.292969 0.048843 0.293229 0.048843 0.295052 0.045602 0.295573 0.045602 0.297396 0.043750 0.298958 0.042824 0.301823 0.041898 0.302865 0.040972 0.305208 0.040509 0.306510 0.039583 0.308073 0.039583 0.308333 0.039120 0.309635 0.039120 0.309896 0.038657 0.316667 0.038657 0.316927 0.039120 0.318229 0.039120 0.320312 0.040509 0.321615 0.040972 0.323698 0.040972 0.323958 0.041435 0.326302 0.041435 0.326562 0.041898 0.342708 0.041898 0.342969 0.042361 0.347656 0.042361 0.347917 0.042824 0.353385 0.042824 0.353646 0.043287 0.355729 0.043287 0.355990 0.043750 0.357812 0.043750 0.361719 0.045139 0.361979 0.044676 0.363542 0.044676 0.365104 0.043750 0.366406 0.043750 0.368490 0.042361 0.372396 0.042361 0.373177 0.042824 0.375521 0.046065 0.377604 0.047454 0.378906 0.048843 0.380208 0.049306 0.382292 0.051157 0.382812 0.052083 0.383854 0.052546 0.386719 0.055324 0.388021 0.056250 0.390885 0.059491 0.392708 0.060880 0.395182 0.065278 0.396224 0.068981 0.396224 0.069907 0.397005 0.072222 0.397005 0.074537 0.397266 0.075000 0.397266 0.078704 0.398307 0.081944 0.399609 0.084722 0.400130 0.087037 0.400651 0.087963 0.401172 0.090741 0.402214 0.094444 0.402734 0.098148 0.403516 0.101389 0.403776 0.103704 0.404818 0.106944 0.405339 0.110648 0.405859 0.112500 0.405859 0.113889 0.406380 0.115278 0.406901 0.118519 0.407422 0.120370 0.407682 0.122685 0.408464 0.125926 0.409245 0.131019 0.410286 0.135185 0.410286 0.136574 0.411328 0.142130 0.413151 0.148611 0.413932 0.156019 0.414453 0.158333 0.414453 0.160185 0.414974 0.162500 0.414974 0.164815 0.415234 0.165278 0.415234 0.167593 0.416016 0.171759 0.416016 0.173148 0.416797 0.176852 0.417057 0.181019 0.417578 0.183796 0.417578 0.188889 0.417839 0.189352 0.417839 0.198148 0.418099 0.200463 0.418620 0.202778 0.419141 0.206944 0.419401 0.207407 0.419922 0.211574 0.420443 0.214352 0.420443 0.216667 0.420703 0.217130 0.420703 0.219444 0.420964 0.219907 0.420964 0.222222 0.421224 0.222685 0.421224 0.228704 0.421484 0.229167 0.421484 0.231481 0.421224 0.231944 0.421224 0.235648 0.420964 0.236111 0.420964 0.242130 0.421224 0.242593 0.421224 0.247685 0.420703 0.252315 0.420443 0.252778 0.419922 0.257407 0.419922 0.259259 0.419401 0.262500 0.418620 0.264815 0.417839 0.268056 0.416536 0.271296 0.415365 0.273380 0.414323 0.274306 0.412240 0.277083 0.410677 0.278472 0.408594 0.282176 0.405990 0.284028 0.402865 0.287731 0.401302 0.289120 0.400521 0.289120 0.399479 0.290046 0.397135 0.290972 0.395573 0.292361 0.394792 0.292361 0.391927 0.294676 0.391146 0.294676 0.390365 0.295602 0.388802 0.296528 0.388021 0.296528 0.386979 0.297454 0.386198 0.297454 0.385156 0.298380 0.382812 0.299306 0.380729 0.301157 0.379427 0.301620 0.377865 0.301620 0.377604 0.302083 0.376302 0.302083 0.374740 0.303009 0.373437 0.303009 0.373177 0.303472 0.370833 0.303472 0.370573 0.303935 0.368229 0.303935 0.367969 0.304398 0.366146 0.304398 0.365885 0.304861 0.364063 0.304861 0.363802 0.305324 0.362240 0.305324 0.361979 0.305787 0.360677 0.305787 0.358073 0.306713 0.356771 0.307639 0.355469 0.308102 0.354167 0.308102 0.353906 0.308565 0.352344 0.308565 0.352083 0.309028 0.349479 0.309028 0.349219 0.309491 0.347656 0.309491 0.347396 0.309954 0.345573 0.309954 0.345313 0.310417 0.343750 0.310417 0.342187 0.311343 0.340885 0.311343 0.340625 0.311806 0.339323 0.311806 0.339062 0.312269 0.337500 0.312269 0.337240 0.312731 0.335417 0.312731 0.335156 0.313194 0.333594 0.313194 0.333333 0.313657 0.331771 0.313657 0.331510 0.314120 0.329948 0.314120 0.329688 0.314583 0.328125 0.314583 0.327865 0.315046 0.326042 0.315046 0.325781 0.315509 0.323958 0.315509 0.323698 0.315972 0.321875 0.315972 0.321615 0.316435 0.319010 0.316435 0.318750 0.316898 0.316406 0.316898 0.316146 0.317361 0.314063 0.317361 0.313802 0.317824 0.311719 0.317824 0.311458 0.318287
 0 0.288021 0.321991 0.283594 0.321991 0.283203 0.318981 0.282422 0.316667 0.281380 0.311111 0.280599 0.309722 0.281120 0.307870 0.283594 0.304861 0.287240 0.304861 0.288542 0.305787 0.290365 0.305787 0.291406 0.306713 0.292318 0.308333 0.292578 0.309722 0.292578 0.312500 0.292318 0.312963 0.292318 0.315741 0.292057 0.316667 0.290625 0.319213 0.289062 0.320139 0.288021 0.321991
 1 0.999740 0.262269 0.994792 0.262269 0.994531 0.262731 0.990625 0.262731 0.990365 0.262269 0.983333 0.262269 0.982292 0.261806 0.982031 0.262269 0.960938 0.262269 0.960677 0.261806 0.959115 0.261806 0.958854 0.261343 0.957552 0.261343 0.956250 0.260417 0.955469 0.260417 0.952344 0.258102 0.951823 0.258102 0.949479 0.255787 0.948698 0.254398 0.946094 0.251620 0.944661 0.249074 0.942839 0.243056 0.941536 0.240278 0.941276 0.238889 0.940495 0.237037 0.938151 0.232870 0.937370 0.230556 0.933073 0.222917 0.932031 0.221991 0.930078 0.218519 0.929036 0.214815 0.927734 0.209259 0.926953 0.206944 0.926432 0.201852 0.925911 0.199537 0.925911 0.197685 0.924609 0.192130 0.924089 0.191204 0.923047 0.187037 0.921224 0.179167 0.920703 0.178241 0.918620 0.170833 0.918620 0.169907 0.917839 0.167593 0.917839 0.166667 0.916016 0.161574 0.915234 0.158333 0.914714 0.156944 0.914193 0.153241 0.912630 0.145833 0.911589 0.142130 0.910547 0.139815 0.910286 0.138426 0.909245 0.136111 0.908464 0.133333 0.907943 0.130556 0.907161 0.127778 0.907161 0.126389 0.906380 0.122685 0.906380 0.112037 0.906641 0.111574 0.906641 0.108796 0.907161 0.106481 0.907422 0.103241 0.908203 0.100000 0.908464 0.098148 0.908464 0.095833 0.908984 0.093519 0.908984 0.092130 0.909505 0.090741 0.909766 0.088426 0.910286 0.086574 0.910286 0.085185 0.911068 0.081944 0.912630 0.077778 0.913672 0.072222 0.913672 0.070833 0.914193 0.069444 0.914974 0.064352 0.915755 0.061111 0.916276 0.059722 0.916536 0.057407 0.917057 0.055556 0.917318 0.052315 0.917578 0.051852 0.918099 0.046759 0.918620 0.044907 0.918620 0.043519 0.919922 0.037500 0.919922 0.036111 0.920443 0.034259 0.920703 0.031019 0.921484 0.028241 0.922526 0.023611 0.923047 0.019907 0.924609 0.013889 0.926172 0.007407 0.927995 0.004167 0.928516 0.002778 0.928516 0.000000
 1 0.984766 0.000000 0.984766 0.002778 0.985677 0.005324 0.986719 0.005324 0.988411 0.002315 0.988411 0.000000
 7 0.295312 0.876157 0.293750 0.876157 0.293490 0.875694 0.291146 0.875694 0.288802 0.873843 0.287630 0.871759 0.287370 0.870370 0.286328 0.867130 0.285026 0.862500 0.285026 0.860185 0.284766 0.857870 0.283984 0.855093 0.282943 0.849537 0.281641 0.846759 0.281120 0.844444 0.280859 0.842130 0.279818 0.838426 0.279297 0.835648 0.277995 0.832870 0.276693 0.827778 0.275651 0.825000 0.274870 0.823611 0.274089 0.820370 0.273307 0.818056 0.272526 0.816667 0.271745 0.813889 0.271745 0.812963 0.270182 0.808333 0.269401 0.805093 0.268359 0.802778 0.267839 0.800926 0.266797 0.798611 0.265755 0.794444 0.263932 0.789815 0.261068 0.780093 0.260026 0.775463 0.258464 0.771759 0.257422 0.768519 0.256120 0.763426 0.255078 0.761111 0.255078 0.760185 0.253776 0.755556 0.253255 0.754630 0.252214 0.750926 0.250391 0.747222 0.249609 0.743981 0.249089 0.743056 0.248047 0.739815 0.245964 0.732407 0.245443 0.729167 0.243620 0.725000 0.242578 0.721296 0.241276 0.718056 0.240755 0.715741 0.240234 0.714815 0.239453 0.711574 0.238932 0.710648 0.238151 0.707407 0.237630 0.706481 0.236589 0.702315 0.235286 0.699537 0.235026 0.698148 0.231641 0.688889 0.230859 0.686111 0.230078 0.681944 0.229297 0.679167 0.227995 0.676389 0.227214 0.673148 0.226693 0.672222 0.224609 0.664815 0.224089 0.663889 0.222266 0.657407 0.221745 0.654167 0.221745 0.651852 0.221484 0.651389 0.221484 0.648148 0.221745 0.646759 0.223568 0.640278 0.224609 0.637963 0.225130 0.635648 0.226693 0.631944 0.228776 0.628241 0.230078 0.624537 0.230859 0.623148 0.231380 0.621296 0.232422 0.618981 0.233984 0.616204 0.235807 0.612037 0.238151 0.605556 0.240234 0.601389 0.241016 0.599074 0.242318 0.596759 0.242318 0.596296 0.244922 0.590278 0.246224 0.587963 0.246224 0.587500 0.248047 0.582870 0.249089 0.581019 0.249609 0.579167 0.251172 0.576389 0.251172 0.575926 0.252474 0.573611 0.253255 0.570833 0.255599 0.565741 0.256901 0.562037 0.258464 0.559259 0.259245 0.556944 0.260937 0.553935 0.262240 0.552546 0.263411 0.550463 0.263932 0.548148 0.264193 0.545833 0.265234 0.542593 0.268099 0.537500 0.268620 0.535648 0.269401 0.534259 0.270182 0.531944 0.271224 0.529630 0.272526 0.527315 0.274089 0.523148 0.276432 0.518981 0.277214 0.516204 0.277734 0.515278 0.278516 0.512500 0.279297 0.511111 0.279557 0.509722 0.280339 0.508333 0.281120 0.506019 0.282422 0.503704 0.283203 0.501389 0.283984 0.500000 0.285026 0.496759 0.285807 0.494907 0.288411 0.490278 0.289974 0.486111 0.291276 0.483796 0.292839 0.479630 0.295182 0.475463 0.296224 0.472685 0.297396 0.470602 0.298698 0.469213 0.301563 0.465046 0.303646 0.463194 0.304167 0.463194 0.307031 0.460417 0.308333 0.459954 0.309635 0.459954 0.309896 0.459491 0.317188 0.459491 0.317448 0.459028 0.321354 0.459028 0.321615 0.458565 0.331250 0.458565 0.331510 0.458102 0.332813 0.458102 0.333073 0.457639 0.334375 0.457639 0.334635 0.457176 0.335938 0.457176 0.336198 0.456713 0.338021 0.456713 0.338281 0.456250 0.341146 0.456250 0.341406 0.455787 0.346615 0.455787 0.346875 0.455324 0.349479 0.455324 0.349740 0.454861 0.352344 0.454861 0.352604 0.454398 0.354948 0.454398 0.355208 0.453935 0.357292 0.453935 0.357552 0.453472 0.361198 0.453472 0.361458 0.453009 0.365365 0.453009 0.365625 0.452546 0.370833 0.452546 0.371094 0.452083 0.373958 0.452083 0.374219 0.451620 0.377083 0.451620 0.377344 0.451157 0.379427 0.451157 0.379688 0.450694 0.382031 0.450694 0.382292 0.450231 0.384896 0.450231 0.385156 0.449769 0.386979 0.449769 0.387240 0.449306 0.389062 0.449306 0.389323 0.448843 0.391667 0.448843 0.391927 0.448380 0.396094 0.448380 0.396354 0.447917 0.400521 0.447917 0.400781 0.447454 0.403906 0.447454 0.404167 0.446991 0.405729 0.446991 0.405990 0.446528 0.407813 0.446528 0.408073 0.446065 0.410677 0.446065 0.410938 0.445602 0.413021 0.445602 0.413281 0.445139 0.415104 0.445139 0.415365 0.444676 0.417187 0.444676 0.417448 0.444213 0.419271 0.444213 0.419531 0.443750 0.425781 0.443750 0.426042 0.443287 0.428125 0.443287 0.428385 0.442824 0.433594 0.442824 0.433854 0.442361 0.436458 0.442361 0.438021 0.441435 0.439583 0.441435 0.439844 0.440972 0.442188 0.440972 0.442448 0.440509 0.444792 0.440509 0.445052 0.440046 0.447656 0.440046 0.447917 0.439583 0.450260 0.439583 0.450521 0.439120 0.454167 0.439120 0.454427 0.438657 0.459375 0.438657 0.459635 0.438194 0.462760 0.438194 0.463021 0.437731 0.465365 0.437731 0.465625 0.437269 0.468490 0.437269 0.468750 0.436806 0.471354 0.436806 0.471615 0.436343 0.474479 0.436343 0.474740 0.435880 0.476562 0.435880 0.476823 0.435417 0.479687 0.435417 0.479948 0.434954 0.483073 0.434954 0.483333 0.434491 0.485156 0.434491 0.485417 0.434028 0.487760 0.434028 0.488021 0.433565 0.490365 0.433565 0.490625 0.433102 0.493229 0.433102 0.493490 0.432639 0.497396 0.432639 0.497656 0.432176 0.499479 0.432176 0.499740 0.431713 0.501302 0.431713 0.501563 0.431250 0.504167 0.431250 0.504427 0.430787 0.507812 0.430787 0.508073 0.430324 0.512500 0.430324 0.512760 0.429861 0.515885 0.429861 0.516146 0.429398 0.518490 0.429398 0.518750 0.429861 0.520312 0.429861 0.521875 0.430787 0.523828 0.434259 0.524349 0.437037 0.525130 0.439815 0.525130 0.443981 0.525391 0.444444 0.525391 0.451389 0.525651 0.451852 0.525651 0.464352 0.525911 0.464815 0.525911 0.476389 0.526172 0.476852 0.526172 0.485185 0.526432 0.485648 0.526432 0.494444 0.526693 0.494907 0.526693 0.504630 0.526953 0.505093 0.526953 0.511111 0.527214 0.511574 0.527214 0.520833 0.527474 0.521296 0.527474 0.525926 0.527734 0.526389 0.527734 0.530093 0.527995 0.530556 0.527995 0.535185 0.528255 0.535648 0.528255 0.538889 0.528516 0.539352 0.528776 0.542593 0.529297 0.544907 0.529297 0.546296 0.529818 0.548611 0.529818 0.550926 0.530078 0.551389 0.530078 0.553704 0.530339 0.554167 0.530339 0.556481 0.530599 0.556944 0.530599 0.559259 0.530859 0.559722 0.530859 0.562500 0.531120 0.562963 0.531120 0.566204 0.531380 0.566667 0.531380 0.570833 0.531641 0.571296 0.531641 0.574537 0.531901 0.575000 0.531901 0.577315 0.532161 0.577778 0.532161 0.581481 0.532422 0.581944 0.532422 0.587037 0.532682 0.587500 0.532682 0.590741 0.532943 0.591204 0.532943 0.593981 0.533203 0.594444 0.533203 0.597685 0.533464 0.598148 0.533464 0.600926 0.533724 0.601389 0.533724 0.604630 0.533984 0.605093 0.533984 0.609722 0.534245 0.610185 0.534245 0.615278 0.534505 0.615741 0.534505 0.621296 0.534766 0.621759 0.534766 0.624074 0.535026 0.624537 0.535026 0.626852 0.535286 0.627315 0.535286 0.629630 0.535547 0.630093 0.535807 0.634259 0.536849 0.638889 0.537630 0.643981 0.537630 0.647685 0.537891 0.648148 0.537891 0.658796 0.538151 0.659259 0.538151 0.666204 0.538411 0.666667 0.538411 0.680556 0.538672 0.681019 0.538672 0.692593 0.538932 0.693056 0.538932 0.695370 0.539193 0.695833 0.539193 0.701389 0.539453 0.701852 0.539453 0.707870 0.539714 0.708333 0.539714 0.712500 0.539974 0.712963 0.539974 0.718981 0.540234 0.719444 0.540234 0.740741 0.540495 0.741204 0.540495 0.746296 0.540755 0.746759 0.540755 0.749537 0.541016 0.750000 0.541016 0.753704 0.541276 0.754167 0.541276 0.775000 0.542057 0.777778 0.542578 0.780556 0.542578 0.787963 0.542318 0.788426 0.542318 0.797222 0.542057 0.797685 0.542057 0.802315 0.543359 0.808796 0.543359 0.816204 0.543620 0.816667 0.543620 0.825000 0.543359 0.825463 0.543359 0.831944 0.544141 0.835648 0.544141 0.843519 0.543620 0.846296 0.543620 0.848148 0.543099 0.850926 0.540885 0.854861 0.539062 0.856713 0.538542 0.856713 0.536458 0.858102 0.535156 0.858102 0.533594 0.859028 0.530469 0.859028 0.530208 0.859491 0.527344 0.859491 0.527083 0.859954 0.523438 0.859954 0.523177 0.860417 0.509375 0.860417 0.509115 0.860880 0.501823 0.860880 0.501563 0.861343 0.492969 0.861343 0.492708 0.861806 0.485677 0.861806 0.485417 0.862269 0.475260 0.862269 0.475000 0.862731 0.465625 0.862731 0.465365 0.863194 0.454427 0.863194 0.454167 0.863657 0.443750 0.863657 0.443490 0.864120 0.434635 0.864120 0.434375 0.864583 0.426563 0.864583 0.426302 0.865046 0.422135 0.865046 0.421875 0.865509 0.418750 0.865509 0.418490 0.865972 0.413021 0.865972 0.412760 0.866435 0.407813 0.866435 0.407552 0.866898 0.404948 0.866898 0.404687 0.867361 0.396875 0.867361 0.396615 0.867824 0.391927 0.867824 0.391667 0.868287 0.386719 0.868287 0.386458 0.868750 0.378646 0.868750 0.378385 0.869213 0.372135 0.869213 0.371875 0.869676 0.363281 0.869676 0.363021 0.870139 0.356250 0.870139 0.355990 0.870602 0.348698 0.870602 0.348438 0.871065 0.345833 0.871065 0.345573 0.871528 0.341146 0.871528 0.340885 0.871991 0.338802 0.871991 0.338542 0.872454 0.330729 0.872454 0.330469 0.872917 0.324740 0.872917 0.324479 0.873380 0.317708 0.873380 0.317448 0.873843 0.313802 0.873843 0.313542 0.874306 0.309896 0.874306 0.309635 0.874769 0.307812 0.874769 0.307552 0.875231 0.301042 0.875231 0.300781 0.875694 0.295573 0.875694 0.295312 0.876157
 7 0.298307 0.805093 0.299870 0.802315 0.300391 0.800926 0.300651 0.798611 0.301432 0.795833 0.301953 0.794907 0.302474 0.792593 0.302734 0.790278 0.303255 0.788889 0.303255 0.787500 0.303776 0.785648 0.304297 0.781481 0.305078 0.779167 0.307161 0.775463 0.308203 0.770833 0.309115 0.768750 0.310026 0.767593 0.310807 0.764352 0.311068 0.760648 0.312630 0.753704 0.313932 0.750000 0.314453 0.747685 0.315234 0.745370 0.315234 0.744444 0.316536 0.739815 0.315625 0.738194 0.314063 0.737731 0.313802 0.737269 0.309896 0.737269 0.308594 0.738194 0.307292 0.738194 0.307031 0.738657 0.298958 0.738657 0.298698 0.739120 0.296875 0.739120 0.296615 0.739583 0.294531 0.739583 0.294271 0.740046 0.291667 0.740046 0.291406 0.740509 0.286458 0.740509 0.285156 0.740972 0.283854 0.741898 0.282813 0.741898 0.279687 0.743287 0.278776 0.745370 0.278776 0.747222 0.279297 0.748148 0.279818 0.750463 0.281641 0.756481 0.281641 0.757870 0.282161 0.760185 0.282422 0.763889 0.282943 0.765741 0.283464 0.770833 0.284245 0.772685 0.285156 0.773843 0.286849 0.776852 0.287370 0.778241 0.288151 0.781481 0.288672 0.782407 0.289974 0.788426 0.291276 0.792593 0.292578 0.794907 0.293359 0.798148 0.293620 0.801389 0.294141 0.803241 0.295312 0.805324 0.298177 0.805324 0.298307 0.805093
 6 0.000000 0.544213 0.001563 0.544213 0.002083 0.544676 0.004036 0.548148 0.005339 0.551852 0.006641 0.554167 0.006641 0.554630 0.008203 0.557407 0.009245 0.560185 0.010547 0.562500 0.010547 0.562963 0.013151 0.567593 0.013151 0.568056 0.014453 0.570370 0.016016 0.575463 0.016797 0.577315 0.018099 0.579630 0.018880 0.581944 0.019922 0.584259 0.021484 0.587037 0.021484 0.587500 0.022786 0.589815 0.022786 0.590278 0.024089 0.592593 0.024609 0.594444 0.025391 0.595833 0.026172 0.598148 0.027474 0.600463 0.027995 0.602315 0.030599 0.607870 0.032943 0.613889 0.034245 0.616204 0.035026 0.618519 0.035807 0.619907 0.036849 0.623148 0.037891 0.625463 0.039193 0.627778 0.040234 0.630556 0.040495 0.631944 0.041276 0.633796 0.041536 0.635648 0.041016 0.638426 0.040234 0.641204 0.038542 0.644213 0.038281 0.644213 0.035937 0.648380 0.035677 0.648380 0.034375 0.650694 0.033073 0.652083 0.031771 0.653935 0.029427 0.658102 0.029167 0.658102 0.027604 0.660880 0.026042 0.662731 0.024740 0.665046 0.024479 0.665046 0.023177 0.667361 0.022917 0.667361 0.021615 0.669676 0.019271 0.672454 0.017188 0.676157 0.016927 0.676157 0.015625 0.678472 0.014323 0.679861 0.011979 0.683565 0.011719 0.683565 0.009635 0.687269 0.008333 0.688657 0.004687 0.694213 0.004427 0.694213 0.001823 0.698843 0.001302 0.699306 0.000000 0.699306
 8 0.000000 0.206713 0.001563 0.206713 0.002083 0.207176 0.004036 0.210648 0.004036 0.211111 0.007422 0.217130 0.008984 0.221296 0.011589 0.225926 0.011589 0.226389 0.012891 0.229167 0.013672 0.232407 0.014974 0.235648 0.015234 0.237500 0.015755 0.238889 0.017318 0.244907 0.018490 0.246991 0.019792 0.248380 0.022526 0.253241 0.023047 0.254630 0.024609 0.260648 0.026562 0.264120 0.027604 0.265046 0.029036 0.267593 0.029818 0.270370 0.029818 0.271296 0.030859 0.275000 0.030859 0.277315 0.031120 0.277778 0.031120 0.280093 0.032422 0.284259 0.032943 0.287500 0.033594 0.289583 0.033854 0.289583 0.034766 0.291667 0.036328 0.294444 0.037630 0.298148 0.038672 0.300463 0.041276 0.305093 0.041276 0.305556 0.044010 0.309491 0.045182 0.312037 0.046745 0.317593 0.047266 0.320370 0.047266 0.321759 0.048047 0.324537 0.048307 0.326852 0.049089 0.329630 0.050000 0.330787 0.051172 0.332870 0.052214 0.335648 0.052995 0.338426 0.054036 0.340278 0.054818 0.342593 0.055859 0.344444 0.057422 0.348611 0.057422 0.349074 0.058724 0.351389 0.058984 0.352778 0.060026 0.356019 0.061849 0.361111 0.062370 0.363889 0.063411 0.366204 0.063932 0.369444 0.064453 0.370833 0.064714 0.372685 0.066016 0.375463 0.067057 0.379630 0.067578 0.380556 0.068620 0.384259 0.070703 0.387963 0.071745 0.391667 0.072917 0.394213 0.073177 0.394213 0.074349 0.396296 0.075391 0.400000 0.076172 0.401389 0.076432 0.403241 0.077474 0.406944 0.078516 0.409722 0.078776 0.412037 0.079297 0.413889 0.081901 0.418519 0.083984 0.424074 0.084896 0.425231 0.087109 0.429167 0.087370 0.431019 0.087891 0.432407 0.088151 0.434259 0.089974 0.438889 0.091797 0.443981 0.092057 0.445370 0.092969 0.446991 0.093750 0.447454 0.094661 0.449537 0.095182 0.451852 0.095443 0.454630 0.095964 0.456944 0.096745 0.458333 0.097526 0.461574 0.099870 0.467130 0.101172 0.469444 0.101953 0.471296 0.102734 0.475463 0.103776 0.478241 0.104557 0.479630 0.104818 0.481019 0.106120 0.483796 0.107422 0.487963 0.108984 0.495370 0.110026 0.498611 0.111068 0.500463 0.111849 0.502778 0.113672 0.506944 0.114714 0.509722 0.114974 0.511111 0.115755 0.512500 0.116276 0.514352 0.117318 0.516204 0.118880 0.520370 0.119661 0.523148 0.120443 0.524537 0.120964 0.526389 0.121745 0.527778 0.122786 0.531019 0.123568 0.532407 0.123828 0.533796 0.125391 0.537500 0.125911 0.539815 0.126432 0.540741 0.128255 0.545833 0.128776 0.548148 0.130729 0.552546 0.131771 0.553472 0.134115 0.554861 0.135937 0.554861 0.136198 0.554398 0.137760 0.554398 0.138021 0.553935 0.139583 0.553935 0.139844 0.553472 0.141146 0.553472 0.141406 0.553009 0.142708 0.553009 0.145573 0.554861 0.147786 0.558796 0.147786 0.559259 0.149349 0.562500 0.149349 0.562963 0.152214 0.570370 0.153776 0.573611 0.154297 0.575926 0.155339 0.579167 0.155859 0.580093 0.157161 0.584722 0.157943 0.587037 0.157943 0.591204 0.158203 0.592593 0.157161 0.596296 0.156120 0.598611 0.153516 0.603241 0.153516 0.603704 0.151042 0.608102 0.149740 0.609491 0.143880 0.619907 0.143880 0.620370 0.142448 0.622917 0.142187 0.622917 0.133854 0.637731 0.133594 0.637731 0.132292 0.640046 0.132031 0.640046 0.130729 0.642361 0.129167 0.644213 0.126432 0.649074 0.126432 0.649537 0.124870 0.652315 0.124870 0.652778 0.120182 0.661111 0.119271 0.663194 0.119010 0.663194 0.117448 0.665972 0.117188 0.665972 0.114583 0.670602 0.114323 0.670602 0.112109 0.674537 0.112109 0.675000 0.102604 0.691898 0.102344 0.691898 0.093750 0.707176 0.093490 0.707176 0.086198 0.720139 0.085938 0.720139 0.080859 0.729167 0.080859 0.729630 0.079427 0.732176 0.079167 0.732176 0.075521 0.738657 0.075260 0.738657 0.068750 0.750231 0.068490 0.750231 0.067187 0.752546 0.066927 0.752546 0.063672 0.758333 0.063672 0.758796 0.044141 0.793519 0.044141 0.793981 0.041146 0.799306 0.040885 0.799306 0.039453 0.801852 0.039453 0.802315 0.029818 0.819444 0.029818 0.819907 0.022786 0.832407 0.022786 0.832870 0.014193 0.848148 0.013151 0.850926 0.008203 0.859722 0.008203 0.860185 0.005208 0.865509 0.004948 0.865509 0.002995 0.868981 0.002995 0.869444 0.001563 0.871991 0.000000 0.871991
 8 0.000000 0.699306 0.001302 0.699306 0.002865 0.697454 0.003646 0.696065 0.005208 0.694676 0.006250 0.693287 0.008594 0.689583 0.008854 0.689583 0.010156 0.687269 0.010417 0.687269 0.011719 0.684954 0.011979 0.684954 0.014844 0.679861 0.016927 0.677546 0.018359 0.675463 0.019010 0.673843 0.020052 0.672454 0.020833 0.671991 0.023177 0.667824 0.025260 0.665046 0.026562 0.664120 0.027604 0.662731 0.030859 0.656944 0.030859 0.656481 0.033594 0.651620 0.035937 0.648843 0.039974 0.641667 0.040755 0.638889 0.041536 0.634722 0.041276 0.633333 0.039453 0.627315 0.038151 0.625000 0.037630 0.623148 0.035807 0.618981 0.034245 0.615741 0.032943 0.612037 0.031641 0.609722 0.031641 0.609259 0.029036 0.603241 0.028776 0.601852 0.026693 0.598148 0.026693 0.597685 0.025130 0.594907 0.023568 0.590741 0.022786 0.589352 0.021484 0.585648 0.019141 0.581481 0.018359 0.578704 0.016536 0.574537 0.016276 0.573148 0.014453 0.568519 0.013411 0.566204 0.010286 0.560648 0.010286 0.560185 0.006641 0.553704 0.005339 0.550000 0.004297 0.548148 0.003776 0.546296 0.001823 0.542824 0.001302 0.542361 0.000000 0.542361
 2 0.303906 0.939120 0.301823 0.939120 0.301563 0.938657 0.298698 0.938657 0.297135 0.937731 0.295833 0.936343 0.294141 0.933333 0.293620 0.931481 0.291797 0.927315 0.291016 0.924074 0.288932 0.918981 0.287370 0.914352 0.286849 0.912037 0.285547 0.908796 0.284505 0.905093 0.283984 0.904167 0.283203 0.901389 0.282422 0.900000 0.281901 0.897685 0.281120 0.895370 0.280078 0.893056 0.278255 0.887037 0.277474 0.883796 0.276693 0.881481 0.276693 0.880556 0.275911 0.878241 0.275911 0.871296 0.276953 0.868056 0.277474 0.864815 0.278255 0.862500 0.278776 0.860185 0.280208 0.857176 0.280469 0.857176 0.281771 0.854861 0.282552 0.853935 0.283724 0.856019 0.283984 0.857407 0.283984 0.863426 0.284245 0.863889 0.284245 0.866667 0.284766 0.870370 0.286198 0.873380 0.287240 0.874769 0.289062 0.876157 0.290104 0.876620 0.291667 0.876620 0.291927 0.877083 0.298438 0.877083 0.298698 0.876620 0.304167 0.876620 0.304427 0.876157 0.307812 0.876157 0.308073 0.875694 0.312500 0.875694 0.312760 0.875231 0.318229 0.875231 0.318490 0.874769 0.322656 0.874769 0.322917 0.874306 0.327604 0.874306 0.327865 0.873843 0.333594 0.873843 0.333854 0.873380 0.339062 0.873380 0.339323 0.872917 0.345052 0.872917 0.345313 0.872454 0.350781 0.872454 0.351042 0.871991 0.356250 0.871991 0.356510 0.871528 0.363021 0.871528 0.363281 0.871065 0.369792 0.871065 0.370052 0.870602 0.374479 0.870602 0.374740 0.870139 0.379948 0.870139 0.380208 0.869676 0.385677 0.869676 0.385937 0.869213 0.391927 0.869213 0.392188 0.868750 0.396094 0.868750 0.396354 0.868287 0.401042 0.868287 0.401302 0.867824 0.407292 0.867824 0.407552 0.867361 0.413021 0.867361 0.413281 0.866898 0.417969 0.866898 0.418229 0.866435 0.424219 0.866435 0.424479 0.865972 0.428906 0.865972 0.429167 0.865509 0.435156 0.865509 0.435417 0.865046 0.443229 0.865046 0.443490 0.864583 0.452083 0.864583 0.452344 0.864120 0.458073 0.864120 0.458333 0.863657 0.465104 0.863657 0.465365 0.863194 0.472656 0.863194 0.472917 0.862731 0.479167 0.862731 0.479427 0.862269 0.485677 0.862269 0.485938 0.861806 0.491927 0.861806 0.492188 0.861343 0.500000 0.861343 0.500260 0.860880 0.507031 0.860880 0.507292 0.860417 0.515365 0.860417 0.515625 0.859954 0.522917 0.859954 0.523177 0.859491 0.532031 0.859491 0.532292 0.859028 0.536458 0.859028 0.536719 0.858565 0.538281 0.858565 0.539583 0.858102 0.541146 0.856713 0.544401 0.850926 0.544922 0.849537 0.545182 0.846296 0.545443 0.845833 0.545443 0.830556 0.545703 0.830093 0.545703 0.822222 0.545964 0.821759 0.545964 0.811574 0.545703 0.811111 0.545703 0.804630 0.545443 0.804167 0.545443 0.793519 0.545182 0.793056 0.545182 0.787500 0.544922 0.787037 0.544922 0.783333 0.544661 0.782870 0.544661 0.779167 0.544401 0.778704 0.544401 0.775926 0.544141 0.775463 0.544141 0.760648 0.543880 0.760185 0.543880 0.752315 0.543620 0.751852 0.543620 0.748148 0.543359 0.747685 0.543359 0.739815 0.543099 0.739352 0.543099 0.724074 0.542839 0.723611 0.542839 0.712963 0.542578 0.712500 0.542578 0.695370 0.542318 0.694907 0.542318 0.686111 0.542057 0.685648 0.542057 0.672222 0.541797 0.671759 0.541797 0.662963 0.541536 0.662500 0.541536 0.658333 0.541276 0.657870 0.541276 0.654630 0.541016 0.654167 0.541016 0.651389 0.540755 0.650926 0.540755 0.648611 0.540495 0.648148 0.540495 0.645833 0.540234 0.643519 0.539193 0.638426 0.539193 0.637037 0.538151 0.633333 0.537630 0.632407 0.536589 0.628241 0.536589 0.623611 0.536328 0.622222 0.537500 0.620139 0.537760 0.620602 0.540625 0.620602 0.541406 0.621065 0.543750 0.623380 0.544271 0.623380 0.545833 0.625231 0.547005 0.627778 0.547526 0.630093 0.547526 0.632407 0.548047 0.635185 0.548047 0.637963 0.548307 0.638426 0.548307 0.646296 0.548568 0.646759 0.548568 0.660648 0.548828 0.661111 0.548828 0.666667 0.549089 0.667130 0.549089 0.672222 0.549349 0.672685 0.549349 0.681481 0.549609 0.681944 0.549609 0.690741 0.549870 0.691204 0.549870 0.696759 0.550130 0.697222 0.550130 0.706019 0.550391 0.706481 0.550391 0.714352 0.550651 0.714815 0.550651 0.725926 0.550911 0.726389 0.550911 0.731481 0.551172 0.731944 0.551172 0.738426 0.551432 0.738889 0.551432 0.746759 0.551693 0.747222 0.551693 0.758796 0.551953 0.759259 0.551953 0.768056 0.552214 0.768519 0.552214 0.781019 0.552474 0.781481 0.552474 0.789815 0.552734 0.790278 0.552734 0.796759 0.552995 0.797222 0.552995 0.805093 0.553255 0.805556 0.553255 0.813889 0.553516 0.814352 0.553516 0.820370 0.553776 0.820833 0.553776 0.826389 0.554036 0.826852 0.554036 0.832870 0.554297 0.833333 0.554297 0.839815 0.554557 0.840278 0.554557 0.846296 0.554818 0.846759 0.554818 0.852778 0.555078 0.853241 0.555078 0.859259 0.555339 0.859722 0.555339 0.866204 0.555599 0.866667 0.555599 0.873148 0.555859 0.873611 0.555859 0.878704 0.556120 0.879167 0.556120 0.886111 0.556380 0.886574 0.556380 0.902315 0.556120 0.902778 0.556120 0.905093 0.555859 0.906481 0.554818 0.909722 0.550521 0.917361 0.550260 0.917361 0.548958 0.919676 0.546875 0.922454 0.545052 0.923843 0.542969 0.923843 0.542708 0.924306 0.536719 0.924306 0.536458 0.924769 0.528125 0.924769 0.527865 0.925231 0.514062 0.925231 0.513802 0.925694 0.503125 0.925694 0.502865 0.926157 0.490885 0.926157 0.490625 0.926620 0.482031 0.926620 0.481771 0.927083 0.474740 0.927083 0.474479 0.927546 0.467448 0.927546 0.467187 0.928009 0.457292 0.928009 0.457031 0.928472 0.448698 0.928472 0.448437 0.928935 0.440885 0.928935 0.440625 0.929398 0.432552 0.929398 0.432292 0.929861 0.426563 0.929861 0.426302 0.930324 0.420312 0.930324 0.420052 0.930787 0.413542 0.930787 0.413281 0.931250 0.405990 0.931250 0.405729 0.931713 0.398177 0.931713 0.397917 0.932176 0.388802 0.932176 0.388542 0.932639 0.381510 0.932639 0.381250 0.933102 0.375000 0.933102 0.374740 0.933565 0.368490 0.933565 0.368229 0.934028 0.363281 0.934028 0.363021 0.934491 0.356250 0.934491 0.355990 0.934954 0.351042 0.934954 0.350781 0.935417 0.344531 0.935417 0.344271 0.935880 0.338542 0.935880 0.338281 0.936343 0.334896 0.936343 0.334635 0.936806 0.329427 0.936806 0.329167 0.937269 0.322656 0.937269 0.322396 0.937731 0.317188 0.937731 0.316927 0.938194 0.310677 0.938194 0.310417 0.938657 0.304167 0.938657 0.303906 0.939120
