 0 0.319010 0.614120 0.300781 0.614120 0.300521 0.613657 0.293229 0.613657 0.292969 0.613194 0.285677 0.613194 0.285417 0.612731 0.283073 0.612731 0.282813 0.612269 0.279427 0.612269 0.279167 0.611806 0.271354 0.611806 0.271094 0.611343 0.266927 0.611343 0.266667 0.610880 0.264844 0.610880 0.264062 0.610417 0.263411 0.609259 0.262891 0.607407 0.262630 0.603241 0.262370 0.601389 0.261849 0.600000 0.260417 0.597917 0.257552 0.595602 0.255729 0.595139 0.255469 0.594676 0.252604 0.594676 0.252344 0.594213 0.250521 0.594213 0.250260 0.593750 0.248438 0.593750 0.244271 0.591898 0.242708 0.591898 0.241146 0.590972 0.238542 0.590972 0.238281 0.590509 0.236458 0.590509 0.235417 0.589583 0.233594 0.587269 0.233073 0.587269 0.229687 0.584028 0.227734 0.580556 0.226953 0.578704 0.225911 0.575463 0.225391 0.572222 0.225391 0.567593 0.225651 0.567130 0.225651 0.561111 0.225911 0.560648 0.225911 0.550926 0.226172 0.548611 0.226693 0.546296 0.226953 0.543981 0.226953 0.540741 0.227214 0.540278 0.227474 0.536111 0.228255 0.531944 0.228255 0.529630 0.228516 0.529167 0.228516 0.526852 0.228776 0.526389 0.228776 0.524074 0.229557 0.517130 0.229818 0.516667 0.229818 0.514352 0.230078 0.513889 0.230078 0.510648 0.230339 0.510185 0.230339 0.506481 0.230599 0.506019 0.230599 0.502778 0.230859 0.502315 0.230859 0.498148 0.231120 0.497685 0.231120 0.494907 0.231380 0.494444 0.231380 0.492130 0.231641 0.491667 0.231641 0.489352 0.232161 0.486574 0.232161 0.484259 0.232682 0.481481 0.232682 0.479167 0.232943 0.478704 0.232943 0.476389 0.233203 0.475926 0.233203 0.473611 0.233464 0.473148 0.233464 0.470370 0.233724 0.469907 0.233724 0.467593 0.234245 0.465741 0.234505 0.462500 0.235547 0.458333 0.236328 0.456944 0.237370 0.453704 0.239844 0.449306 0.241406 0.447917 0.242708 0.446065 0.244792 0.444213 0.245312 0.444213 0.249479 0.440509 0.251823 0.439120 0.252604 0.439120 0.253646 0.438194 0.254427 0.438194 0.255469 0.437269 0.259115 0.435880 0.260937 0.435417 0.262760 0.434028 0.265885 0.433102 0.266146 0.432639 0.267448 0.432639 0.267708 0.432176 0.269271 0.432176 0.269531 0.431713 0.271094 0.431713 0.271354 0.431250 0.272917 0.431250 0.273177 0.430787 0.274479 0.430787 0.274740 0.430324 0.279167 0.430324 0.279427 0.429861 0.281510 0.429861 0.282813 0.428935 0.284115 0.428935 0.284375 0.428472 0.291146 0.428472 0.291406 0.428935 0.294792 0.428935 0.295052 0.428472 0.296615 0.428472 0.296875 0.428009 0.298177 0.428009 0.298438 0.427546 0.301042 0.427546 0.301302 0.427083 0.303906 0.427083 0.304167 0.427546 0.306771 0.427546 0.307031 0.428009 0.308854 0.428472 0.310156 0.429398 0.312500 0.429398 0.312760 0.429861 0.314844 0.429861 0.315104 0.430324 0.317708 0.430324 0.318750 0.430787 0.321094 0.433102 0.323177 0.433565 0.323437 0.434028 0.324740 0.434028 0.326823 0.435417 0.327344 0.436343 0.329688 0.438194 0.330469 0.438194 0.331510 0.439120 0.332292 0.439120 0.335156 0.441435 0.335677 0.442361 0.337760 0.443750 0.339844 0.445602 0.341927 0.448380 0.342708 0.448843 0.345052 0.451620 0.346745 0.454630 0.347786 0.457870 0.348828 0.460185 0.349870 0.464352 0.350130 0.464815 0.350911 0.471296 0.351432 0.474074 0.351432 0.476389 0.351693 0.476852 0.351693 0.481019 0.352214 0.485185 0.352995 0.487500 0.353776 0.492593 0.353776 0.495833 0.354036 0.496296 0.354036 0.502778 0.354297 0.503241 0.354297 0.505556 0.354818 0.507870 0.355078 0.510185 0.355078 0.512963 0.355339 0.513426 0.355339 0.515741 0.355859 0.520370 0.356120 0.520833 0.356120 0.523148 0.356380 0.523611 0.356380 0.529630 0.356120 0.530093 0.356120 0.533796 0.356380 0.534259 0.356380 0.537037 0.356120 0.537500 0.356120 0.540278 0.355339 0.547222 0.355078 0.547685 0.355078 0.550000 0.354818 0.551852 0.354036 0.555093 0.354036 0.556481 0.353516 0.557870 0.353516 0.560185 0.353255 0.560648 0.353255 0.564352 0.352995 0.566667 0.352474 0.568981 0.352214 0.571296 0.351693 0.572685 0.351172 0.575926 0.349609 0.581019 0.349349 0.583333 0.348568 0.586111 0.348047 0.587037 0.347266 0.590741 0.347005 0.593519 0.345833 0.595602 0.345052 0.596065 0.342708 0.598380 0.340885 0.601620 0.338281 0.604398 0.335156 0.607176 0.332813 0.608565 0.332031 0.608565 0.330990 0.609491 0.328125 0.610417 0.327865 0.610880 0.326042 0.611343 0.325781 0.611806 0.323437 0.612269 0.322135 0.613194 0.320833 0.613657 0.319271 0.613657 0.319010 0.614120
 1 0.732552 0.811806 0.730729 0.811806 0.730469 0.811343 0.728385 0.811343 0.725781 0.809954 0.724740 0.808565 0.723437 0.807639 0.722135 0.806250 0.720833 0.805787 0.719010 0.804398 0.717708 0.804398 0.717448 0.803935 0.715885 0.803935 0.714323 0.803009 0.713021 0.803009 0.711458 0.801620 0.710938 0.801620 0.708854 0.799306 0.704427 0.796991 0.703125 0.794676 0.701042 0.792824 0.698177 0.791435 0.697135 0.790509 0.695052 0.789583 0.692969 0.789120 0.687500 0.784028 0.685417 0.780324 0.682292 0.778009 0.679948 0.777083 0.678646 0.776157 0.677344 0.776157 0.677083 0.775694 0.675260 0.775694 0.675000 0.775231 0.672917 0.775231 0.672656 0.774769 0.671354 0.774769 0.671094 0.774306 0.669271 0.773843 0.666667 0.771991 0.664844 0.769213 0.664583 0.769213 0.662500 0.765509 0.660677 0.764120 0.658594 0.763657 0.657552 0.762731 0.655208 0.761806 0.653906 0.761806 0.653125 0.761343 0.650000 0.758102 0.648958 0.758102 0.647656 0.757176 0.646875 0.757176 0.645052 0.755787 0.643229 0.755787 0.641927 0.754861 0.641276 0.753704 0.640755 0.751852 0.639323 0.749306 0.638021 0.748380 0.636719 0.748380 0.636458 0.747917 0.634896 0.747917 0.634635 0.747454 0.629948 0.747454 0.628906 0.746528 0.627083 0.745602 0.625651 0.743056 0.624609 0.740741 0.623828 0.737963 0.621745 0.732407 0.621745 0.730093 0.621484 0.729630 0.621484 0.723611 0.621745 0.723148 0.621745 0.720370 0.622005 0.719907 0.622526 0.713426 0.623047 0.711111 0.623307 0.708796 0.624089 0.706944 0.624609 0.703704 0.624609 0.698148 0.624870 0.696296 0.625391 0.694907 0.625911 0.690741 0.625911 0.687500 0.626172 0.687037 0.626172 0.683796 0.626432 0.683333 0.627214 0.676389 0.627734 0.675000 0.627995 0.672222 0.628776 0.668519 0.629297 0.667593 0.629818 0.665278 0.630339 0.664352 0.631120 0.661111 0.631120 0.658796 0.631641 0.656481 0.631901 0.653241 0.632422 0.650463 0.632422 0.643981 0.632682 0.642130 0.633984 0.637500 0.634766 0.633796 0.635547 0.632407 0.636328 0.630093 0.636589 0.627778 0.637109 0.625463 0.637891 0.623148 0.638411 0.620370 0.638411 0.618056 0.638672 0.617593 0.638672 0.615278 0.639193 0.612963 0.639974 0.611111 0.640495 0.608796 0.640755 0.606481 0.640755 0.602315 0.641016 0.601852 0.641016 0.599074 0.641276 0.598611 0.641276 0.596296 0.641536 0.595833 0.641536 0.592593 0.641797 0.592130 0.641797 0.589352 0.642839 0.583796 0.643359 0.582407 0.643620 0.579630 0.644141 0.577778 0.644141 0.576389 0.645443 0.570833 0.645703 0.568981 0.646224 0.568056 0.647005 0.564815 0.647005 0.562500 0.647266 0.562037 0.647266 0.559722 0.647786 0.557407 0.648568 0.555093 0.649089 0.551389 0.649089 0.549537 0.649609 0.545370 0.650130 0.543519 0.650651 0.539352 0.652214 0.534259 0.652995 0.530093 0.652995 0.527315 0.653255 0.526852 0.653255 0.524537 0.654297 0.520833 0.655859 0.514352 0.656120 0.512037 0.656120 0.508796 0.656380 0.508333 0.656380 0.503241 0.656901 0.500463 0.656901 0.498148 0.657161 0.497685 0.657161 0.494444 0.657422 0.493981 0.657422 0.491204 0.657943 0.488426 0.659245 0.484259 0.659245 0.482870 0.660026 0.479630 0.660286 0.477315 0.660807 0.475463 0.662630 0.472222 0.663672 0.468981 0.664193 0.465741 0.664974 0.463426 0.664974 0.462500 0.665755 0.460185 0.667318 0.456944 0.668620 0.452778 0.669141 0.450000 0.669922 0.447685 0.670964 0.445370 0.672266 0.440741 0.672266 0.439815 0.674089 0.433796 0.676042 0.430324 0.677865 0.428472 0.679167 0.427546 0.679688 0.426620 0.681250 0.425231 0.682552 0.425231 0.682813 0.424769 0.686979 0.424769 0.687240 0.425231 0.688802 0.425231 0.689063 0.425694 0.690625 0.425694 0.692187 0.426620 0.695312 0.427546 0.696354 0.428472 0.698438 0.429398 0.699479 0.429398 0.702344 0.430787 0.703646 0.430787 0.705208 0.431713 0.708333 0.432639 0.709375 0.433565 0.713802 0.435417 0.714063 0.435880 0.717187 0.436806 0.718750 0.437731 0.720052 0.437731 0.720313 0.438194 0.721615 0.438194 0.721875 0.438657 0.723177 0.438657 0.723437 0.439120 0.724740 0.439120 0.725781 0.439583 0.728385 0.441435 0.729167 0.441435 0.730208 0.442361 0.731510 0.442824 0.732812 0.442824 0.733073 0.443287 0.736458 0.444213 0.737240 0.445139 0.738542 0.445602 0.740104 0.446991 0.741406 0.447454 0.743750 0.447454 0.744010 0.447917 0.745833 0.448380 0.746875 0.449306 0.748698 0.449769 0.751042 0.451157 0.753385 0.451620 0.754948 0.452546 0.756250 0.452546 0.759635 0.453935 0.759896 0.454398 0.763021 0.455787 0.763802 0.455787 0.765625 0.457176 0.766406 0.457176 0.767448 0.458102 0.768750 0.458565 0.770052 0.458565 0.770312 0.459028 0.771615 0.459028 0.773698 0.459954 0.773958 0.460417 0.775521 0.460880 0.776823 0.462269 0.780078 0.468056 0.781120 0.471296 0.782161 0.473611 0.782422 0.475000 0.783464 0.477315 0.784505 0.481944 0.785547 0.485185 0.785807 0.486574 0.786849 0.488426 0.787630 0.490741 0.788151 0.493981 0.788932 0.497222 0.788932 0.498611 0.789453 0.500463 0.790495 0.506944 0.791536 0.510185 0.791797 0.512500 0.792578 0.514815 0.792578 0.515741 0.793359 0.518056 0.793880 0.520370 0.794141 0.522685 0.795182 0.526389 0.796745 0.530093 0.797266 0.532407 0.798307 0.534722 0.799089 0.537037 0.799870 0.541667 0.800391 0.543056 0.800911 0.546296 0.802214 0.550463 0.802474 0.552315 0.802474 0.560185 0.802214 0.560648 0.802214 0.562963 0.801953 0.564815 0.799870 0.570833 0.798307 0.576852 0.796745 0.580556 0.795964 0.584259 0.795703 0.586574 0.795703 0.588889 0.795443 0.589352 0.795443 0.591667 0.794661 0.595370 0.794401 0.597685 0.793880 0.599074 0.793099 0.602778 0.792057 0.606481 0.789453 0.611111 0.788672 0.614352 0.788151 0.618519 0.788151 0.620370 0.787630 0.623148 0.785547 0.630093 0.785026 0.632870 0.784505 0.634259 0.783464 0.639815 0.782161 0.644444 0.781641 0.647685 0.780859 0.650000 0.780859 0.650926 0.780078 0.653241 0.779818 0.655556 0.779036 0.657870 0.779036 0.658796 0.776432 0.668056 0.774870 0.672685 0.774349 0.676389 0.773307 0.680093 0.772526 0.684259 0.772526 0.686574 0.772266 0.687037 0.772005 0.690278 0.770443 0.694444 0.768880 0.697222 0.767578 0.701389 0.767578 0.702315 0.765755 0.709259 0.765495 0.712500 0.765234 0.712963 0.764714 0.718056 0.763411 0.723148 0.763151 0.725926 0.762370 0.728241 0.761589 0.733333 0.760807 0.736111 0.759766 0.738426 0.759245 0.740278 0.758464 0.745370 0.757161 0.749074 0.756641 0.750000 0.755599 0.754167 0.754297 0.758333 0.754297 0.759259 0.752734 0.763426 0.751693 0.765278 0.750651 0.768519 0.750130 0.773148 0.749609 0.775000 0.749349 0.777315 0.749349 0.781019 0.748828 0.783796 0.748828 0.785648 0.748047 0.789352 0.747786 0.792593 0.747526 0.793056 0.747266 0.795833 0.745964 0.800000 0.744531 0.802546 0.740885 0.805787 0.740365 0.806713 0.739062 0.807639 0.736198 0.808565 0.732552 0.811806
 1 0.760547 0.552778 0.759115 0.552546 0.759115 0.553009 0.760547 0.552778
 6 0.000000 0.513194 0.001823 0.513194 0.002083 0.513657 0.003646 0.513657 0.003906 0.514120 0.005469 0.514120 0.005729 0.514583 0.007031 0.514583 0.007292 0.515046 0.008854 0.515046 0.009115 0.515509 0.010417 0.515509 0.010677 0.515972 0.011979 0.515972 0.013281 0.516898 0.014583 0.517361 0.015885 0.517361 0.016146 0.517824 0.017448 0.517824 0.017708 0.518287 0.019010 0.518287 0.020573 0.519213 0.021875 0.519213 0.022135 0.519676 0.023438 0.519676 0.023698 0.520139 0.025260 0.520139 0.025521 0.520602 0.026823 0.520602 0.028385 0.521528 0.029948 0.521528 0.030208 0.521991 0.032292 0.521991 0.032552 0.522454 0.034115 0.522454 0.034375 0.522917 0.035677 0.522917 0.037240 0.523843 0.038542 0.523843 0.038802 0.524306 0.040104 0.524306 0.040365 0.524769 0.042708 0.525231 0.045573 0.526620 0.047135 0.526620 0.047396 0.527083 0.048958 0.527083 0.049219 0.527546 0.050781 0.527546 0.051042 0.528009 0.052344 0.528009 0.052604 0.528472 0.054167 0.528472 0.055729 0.529398 0.057031 0.529398 0.057292 0.529861 0.058594 0.529861 0.061458 0.531250 0.062760 0.531250 0.064062 0.531713 0.065104 0.532639 0.065755 0.533796 0.066536 0.536574 0.066536 0.547222 0.066797 0.547685 0.066797 0.551389 0.067057 0.553704 0.067578 0.556019 0.067839 0.559259 0.068620 0.562500 0.069141 0.563889 0.070443 0.568981 0.071224 0.571296 0.072005 0.576389 0.072786 0.579167 0.073047 0.582407 0.073568 0.585648 0.074089 0.587037 0.074089 0.588426 0.074870 0.591667 0.074870 0.593056 0.075911 0.599074 0.075911 0.600926 0.076432 0.603241 0.076432 0.605093 0.076953 0.607870 0.076953 0.610185 0.077214 0.610648 0.077214 0.612963 0.077474 0.613426 0.078255 0.618056 0.078516 0.621296 0.078776 0.621759 0.079557 0.629630 0.080078 0.632407 0.080078 0.634722 0.080339 0.635185 0.080339 0.637963 0.080599 0.638426 0.080599 0.641204 0.081120 0.645370 0.081641 0.647222 0.081901 0.650926 0.081641 0.651389 0.081641 0.653704 0.081120 0.656019 0.079687 0.658565 0.078385 0.660417 0.075781 0.663657 0.073958 0.665046 0.073438 0.665972 0.072135 0.666898 0.067187 0.672454 0.064844 0.675231 0.064323 0.676157 0.063021 0.677083 0.059375 0.681250 0.058333 0.682176 0.057292 0.684028 0.056250 0.684954 0.052604 0.689120 0.052083 0.690046 0.050781 0.690972 0.049479 0.692824 0.048177 0.694213 0.046354 0.695602 0.045573 0.696991 0.043229 0.699769 0.039583 0.703472 0.038021 0.705787 0.037240 0.706250 0.034115 0.710417 0.032552 0.712269 0.031771 0.712731 0.030208 0.714583 0.028646 0.716898 0.027344 0.717824 0.025260 0.720602 0.021615 0.724306 0.018750 0.728009 0.016667 0.729861 0.016146 0.729861 0.014063 0.732176 0.013542 0.732176 0.012240 0.733565 0.010417 0.734028 0.010156 0.734491 0.008594 0.734491 0.008333 0.734028 0.006250 0.734028 0.005990 0.733565 0.004687 0.733565 0.002083 0.731713 0.000000 0.731713
 6 0.062109 0.628704 0.063802 0.628009 0.064453 0.626389 0.064974 0.623611 0.064974 0.614815 0.064193 0.611111 0.063932 0.608796 0.063932 0.606481 0.063411 0.604167 0.063411 0.602315 0.062891 0.599537 0.062370 0.598148 0.061849 0.592593 0.060937 0.590509 0.059635 0.590046 0.058594 0.590972 0.056250 0.591898 0.054688 0.593750 0.053906 0.594213 0.052344 0.596991 0.051042 0.598380 0.048958 0.599306 0.046875 0.601157 0.043490 0.604861 0.040104 0.606713 0.039062 0.608102 0.038672 0.609722 0.037500 0.611806 0.034635 0.614120 0.032552 0.615046 0.031380 0.618519 0.030339 0.620370 0.031771 0.622454 0.033073 0.622454 0.033333 0.622917 0.037760 0.622917 0.038021 0.623380 0.039844 0.623380 0.040104 0.623843 0.042708 0.623843 0.042969 0.623380 0.044792 0.623380 0.048438 0.626157 0.052865 0.626157 0.054167 0.627546 0.055990 0.628009 0.056250 0.628472 0.058333 0.628472 0.058594 0.628935 0.061979 0.628935 0.062109 0.628704
 6 0.000000 0.813657 0.001563 0.813657 0.005208 0.807176 0.005469 0.807176 0.007552 0.803472 0.008854 0.801620 0.009896 0.800694 0.011198 0.798843 0.012500 0.796528 0.012760 0.796528 0.014844 0.792824 0.016927 0.790046 0.017708 0.789583 0.018750 0.788194 0.020313 0.785417 0.022396 0.782639 0.022656 0.782639 0.023958 0.780324 0.026042 0.778009 0.026823 0.776620 0.028125 0.775231 0.029427 0.772917 0.029687 0.772917 0.031250 0.770139 0.033854 0.767361 0.035677 0.764120 0.038021 0.761343 0.039062 0.760880 0.040365 0.759028 0.041667 0.757639 0.042188 0.757639 0.043490 0.756250 0.045052 0.753472 0.047396 0.751620 0.048438 0.750231 0.050260 0.746991 0.051042 0.746528 0.053125 0.743750 0.054948 0.742361 0.055990 0.741898 0.063542 0.741898 0.063802 0.742361 0.066927 0.742361 0.067187 0.742824 0.069531 0.742824 0.069792 0.743287 0.072135 0.743287 0.072396 0.743750 0.075781 0.743750 0.076042 0.744213 0.079427 0.744213 0.079687 0.744676 0.082812 0.744676 0.083073 0.745139 0.086198 0.745139 0.086458 0.745602 0.088542 0.745602 0.088802 0.746065 0.090365 0.746065 0.090625 0.746528 0.092188 0.746528 0.093490 0.747454 0.094401 0.749074 0.095182 0.752778 0.095182 0.756944 0.095443 0.757407 0.095443 0.762963 0.095703 0.763426 0.095703 0.766667 0.095964 0.767130 0.096224 0.769907 0.098047 0.775926 0.099089 0.777778 0.099870 0.780093 0.100651 0.785185 0.100651 0.786574 0.101432 0.792130 0.102214 0.795833 0.102214 0.798148 0.102474 0.798611 0.102474 0.801389 0.102734 0.801852 0.102734 0.804167 0.102995 0.806481 0.103516 0.808796 0.103516 0.810648 0.104036 0.812963 0.104036 0.815278 0.104818 0.821296 0.105078 0.821759 0.105599 0.825463 0.105599 0.826852 0.106120 0.829167 0.106120 0.831944 0.106380 0.832407 0.106380 0.835185 0.106901 0.837963 0.107422 0.842593 0.107161 0.846296 0.106641 0.848148 0.106641 0.849537 0.106120 0.850926 0.103255 0.856019 0.102474 0.858333 0.092448 0.876157 0.092188 0.876157 0.090755 0.878704 0.090755 0.879167 0.086849 0.886111 0.086849 0.886574 0.078255 0.901852 0.078255 0.902315 0.071224 0.914815 0.071224 0.915278 0.062891 0.930093 0.062891 0.930556 0.061068 0.933796 0.061068 0.934259 0.059896 0.936343 0.056510 0.940972 0.054688 0.942824 0.052865 0.944213 0.047396 0.944213 0.047135 0.943750 0.045833 0.943750 0.045573 0.943287 0.043750 0.943287 0.043490 0.942824 0.040885 0.942824 0.040625 0.942361 0.038802 0.942361 0.038542 0.941898 0.036198 0.941898 0.035937 0.941435 0.034375 0.941435 0.034115 0.940972 0.032031 0.940972 0.031771 0.940509 0.029687 0.940509 0.029427 0.940046 0.026823 0.940046 0.026562 0.939583 0.024479 0.939583 0.024219 0.939120 0.021875 0.939120 0.021615 0.938657 0.019792 0.938657 0.019531 0.938194 0.017969 0.938194 0.017708 0.937731 0.015885 0.937731 0.015625 0.937269 0.014063 0.937269 0.013802 0.936806 0.012500 0.936806 0.012240 0.936343 0.010937 0.936343 0.010677 0.935880 0.009375 0.935880 0.009115 0.935417 0.007812 0.935417 0.007552 0.934954 0.005729 0.934954 0.005469 0.934491 0.004167 0.934491 0.002604 0.933565 0.000000 0.933565
 6 0.092578 0.828704 0.093359 0.827778 0.093880 0.825926 0.093880 0.821759 0.093359 0.819907 0.093099 0.816667 0.092839 0.816204 0.092839 0.813889 0.092578 0.813426 0.092578 0.811111 0.092318 0.810648 0.092318 0.807870 0.092057 0.807407 0.091536 0.802315 0.091146 0.801620 0.089583 0.802546 0.088281 0.802546 0.087109 0.805093 0.085938 0.807176 0.084115 0.808565 0.081250 0.813657 0.079167 0.815972 0.077083 0.819676 0.076823 0.819676 0.075651 0.821759 0.075391 0.823148 0.075391 0.825463 0.076302 0.827083 0.077344 0.827546 0.083333 0.827546 0.083594 0.828009 0.085938 0.828009 0.086198 0.828472 0.089063 0.828472 0.089323 0.828935 0.092448 0.828935 0.092578 0.828704
 8 0.000000 0.366435 0.002083 0.366435 0.002344 0.366898 0.004687 0.366898 0.004948 0.367361 0.006771 0.367361 0.007031 0.367824 0.008333 0.367824 0.008594 0.368287 0.009896 0.368287 0.010156 0.368750 0.012240 0.368750 0.012500 0.369213 0.014323 0.369213 0.014583 0.369676 0.015885 0.369676 0.016146 0.370139 0.017708 0.370139 0.017969 0.370602 0.020313 0.370602 0.020573 0.371065 0.022135 0.371065 0.022396 0.371528 0.024219 0.371991 0.025781 0.372917 0.028125 0.372917 0.028385 0.373380 0.031510 0.373380 0.031771 0.373843 0.033854 0.373843 0.034115 0.374306 0.035417 0.374306 0.036719 0.375231 0.038021 0.375231 0.038281 0.375694 0.039844 0.375694 0.042188 0.376620 0.043229 0.377546 0.044010 0.377546 0.045312 0.378472 0.047656 0.378472 0.047917 0.378935 0.051562 0.378935 0.051823 0.379398 0.054167 0.379398 0.054427 0.379861 0.055729 0.379861 0.055990 0.380324 0.057292 0.380324 0.057552 0.380787 0.058854 0.380787 0.059115 0.381250 0.060417 0.381250 0.060677 0.381713 0.062500 0.381713 0.062760 0.382176 0.064583 0.382176 0.064844 0.382639 0.066927 0.382639 0.067187 0.383102 0.069271 0.383102 0.069531 0.383565 0.071094 0.383565 0.071354 0.384028 0.072917 0.384028 0.073177 0.384491 0.074740 0.384491 0.075000 0.384954 0.076563 0.384954 0.076823 0.385417 0.078385 0.385417 0.078646 0.385880 0.079948 0.385880 0.080208 0.386343 0.082292 0.386343 0.082552 0.386806 0.086979 0.386806 0.088281 0.387269 0.089063 0.388194 0.090365 0.388657 0.091146 0.389583 0.092188 0.390046 0.095312 0.390046 0.095573 0.390509 0.100260 0.392361 0.102344 0.392361 0.102604 0.392824 0.103906 0.392824 0.104167 0.393287 0.105990 0.393750 0.107031 0.394676 0.107813 0.394676 0.109635 0.396528 0.110286 0.397685 0.111328 0.401389 0.111849 0.405093 0.112891 0.410185 0.113151 0.412500 0.113151 0.415278 0.113411 0.415741 0.113411 0.418519 0.113672 0.418981 0.113672 0.421296 0.113932 0.421759 0.113932 0.424074 0.114453 0.426852 0.114453 0.429167 0.114714 0.431481 0.115234 0.433796 0.115755 0.440278 0.116016 0.440741 0.116016 0.443056 0.116276 0.443519 0.116276 0.445833 0.116536 0.448148 0.117057 0.450000 0.117578 0.454167 0.117578 0.456944 0.117839 0.457407 0.117839 0.460648 0.118099 0.461111 0.118099 0.463889 0.118359 0.464352 0.118359 0.466667 0.118620 0.467130 0.118620 0.469907 0.118880 0.470370 0.118880 0.472685 0.119141 0.473148 0.119141 0.475463 0.119661 0.478241 0.119661 0.480093 0.120182 0.482407 0.120182 0.484259 0.120703 0.486574 0.121224 0.493056 0.121745 0.495370 0.121745 0.497685 0.122005 0.498148 0.122005 0.500463 0.122266 0.500926 0.122266 0.503241 0.122526 0.503704 0.122526 0.506019 0.122786 0.508333 0.123307 0.510648 0.123307 0.512963 0.123568 0.513426 0.123568 0.515741 0.123828 0.516204 0.123828 0.518519 0.124349 0.520833 0.124609 0.525000 0.124870 0.525463 0.125130 0.529630 0.125651 0.531944 0.125651 0.534259 0.125911 0.534722 0.125911 0.537963 0.126172 0.538426 0.126172 0.541204 0.126953 0.546296 0.127214 0.550463 0.127474 0.550926 0.127474 0.553704 0.127734 0.554167 0.127734 0.557407 0.128255 0.560185 0.129297 0.568519 0.129297 0.570370 0.129818 0.572685 0.129818 0.575000 0.130078 0.575463 0.130078 0.577778 0.130339 0.578241 0.130339 0.580556 0.130599 0.581019 0.130599 0.583796 0.130859 0.584259 0.130859 0.586574 0.131641 0.590278 0.132161 0.594444 0.132161 0.597222 0.132422 0.597685 0.132422 0.600463 0.132682 0.600926 0.132682 0.603241 0.133203 0.606019 0.133203 0.608333 0.133724 0.611111 0.133724 0.613426 0.133984 0.613889 0.133984 0.618981 0.134245 0.619444 0.134245 0.622222 0.134505 0.622685 0.134505 0.625000 0.135286 0.630093 0.135286 0.632870 0.135547 0.635185 0.136068 0.637500 0.136068 0.639352 0.136589 0.641667 0.137109 0.648148 0.137370 0.648611 0.137630 0.652778 0.138151 0.655556 0.138151 0.657870 0.138672 0.660648 0.138932 0.664815 0.139193 0.665278 0.139193 0.667593 0.139714 0.670370 0.139714 0.672222 0.140234 0.676852 0.140495 0.677315 0.140495 0.679630 0.141016 0.682407 0.141016 0.684722 0.141276 0.685185 0.141276 0.688426 0.141536 0.688889 0.141536 0.693519 0.141797 0.693981 0.141797 0.697685 0.142839 0.705093 0.142839 0.706944 0.143359 0.709259 0.143620 0.711574 0.143620 0.713889 0.143880 0.714352 0.143880 0.717130 0.144141 0.717593 0.144141 0.721296 0.144401 0.721759 0.144401 0.725463 0.144661 0.725926 0.144661 0.728241 0.144922 0.728704 0.144922 0.731019 0.145182 0.731481 0.145182 0.733796 0.145443 0.734259 0.145443 0.737037 0.145703 0.737500 0.145964 0.741667 0.146745 0.745833 0.147266 0.749537 0.147266 0.751852 0.147786 0.754630 0.148047 0.758796 0.148307 0.759259 0.148307 0.762037 0.148568 0.762500 0.148568 0.765278 0.149089 0.768056 0.149089 0.770370 0.149349 0.770833 0.149349 0.773611 0.149609 0.774074 0.149609 0.776389 0.150651 0.781944 0.150651 0.784722 0.151172 0.788889 0.151953 0.791667 0.153646 0.794676 0.155990 0.796065 0.156771 0.796991 0.157943 0.799074 0.158984 0.802778 0.159245 0.805093 0.160286 0.808796 0.160547 0.811574 0.161068 0.813889 0.161068 0.816667 0.160026 0.819444 0.159766 0.820833 0.158724 0.822685 0.157161 0.826389 0.156641 0.828704 0.153776 0.833796 0.153776 0.834259 0.152474 0.836574 0.151432 0.839352 0.149870 0.842130 0.149349 0.843981 0.146875 0.848380 0.145573 0.849769 0.141797 0.856481 0.141797 0.856944 0.138151 0.863426 0.138151 0.863889 0.135807 0.868981 0.135807 0.869444 0.133724 0.873148 0.133724 0.873611 0.128516 0.882870 0.128516 0.883333 0.126042 0.887731 0.125781 0.887731 0.124609 0.889815 0.123307 0.893519 0.120964 0.898611 0.120964 0.899074 0.119792 0.901157 0.118750 0.902083 0.117448 0.903935 0.116016 0.907407 0.114193 0.910648 0.113151 0.913426 0.111719 0.915972 0.111458 0.915972 0.109505 0.919444 0.107422 0.925463 0.105469 0.928935 0.103125 0.931713 0.102214 0.933333 0.100911 0.937500 0.100130 0.939352 0.098437 0.942361 0.098177 0.942361 0.095182 0.947685 0.094401 0.950000 0.093620 0.951389 0.092839 0.953704 0.091146 0.956713 0.089844 0.958102 0.087370 0.962500 0.086589 0.964352 0.085547 0.967593 0.082682 0.972685 0.081120 0.976852 0.080078 0.979167 0.078776 0.981481 0.078776 0.981944 0.075781 0.987269 0.075521 0.987269 0.072656 0.992361 0.070573 0.994213 0.069531 0.995602 0.068750 0.996065 0.066146 0.996065 0.065885 0.996528 0.041406 0.996528 0.041146 0.996065 0.039844 0.996528 0.034115 0.996528 0.033854 0.996065 0.032552 0.996065 0.032292 0.996528 0.019271 0.996528 0.019010 0.996065 0.016667 0.996065 0.016406 0.996528 0.000000 0.996528
 8 0.000000 0.734028 0.003125 0.734028 0.003385 0.734491 0.005729 0.734491 0.005990 0.734954 0.011458 0.734954 0.011719 0.734491 0.013021 0.734491 0.014323 0.733565 0.015104 0.733565 0.016797 0.731019 0.017057 0.728241 0.017708 0.726157 0.018490 0.725694 0.020833 0.725694 0.021875 0.725231 0.023177 0.723380 0.024479 0.721991 0.028385 0.718750 0.029557 0.717130 0.030078 0.715278 0.032031 0.711806 0.033854 0.709954 0.034375 0.709954 0.037500 0.707639 0.038281 0.706250 0.039062 0.705787 0.041016 0.702778 0.041927 0.700694 0.043490 0.699306 0.044271 0.699306 0.045312 0.698380 0.047135 0.695139 0.048958 0.693287 0.050781 0.691898 0.052083 0.690509 0.055208 0.684954 0.055990 0.684028 0.058073 0.682639 0.058854 0.681713 0.060156 0.681250 0.061458 0.679398 0.063281 0.678009 0.064974 0.675926 0.064974 0.675000 0.065625 0.673380 0.067708 0.672454 0.068750 0.671528 0.069792 0.669676 0.070573 0.669213 0.071875 0.667361 0.073177 0.666435 0.074479 0.665046 0.075260 0.665046 0.077083 0.663657 0.077995 0.662037 0.078255 0.660185 0.078776 0.658796 0.079036 0.656944 0.080859 0.653704 0.081901 0.650000 0.081641 0.647222 0.080859 0.644907 0.080339 0.641667 0.080339 0.634722 0.079557 0.629630 0.079557 0.627315 0.078776 0.623611 0.078516 0.620370 0.078255 0.619907 0.078255 0.617593 0.077995 0.617130 0.077995 0.614815 0.077214 0.610648 0.076953 0.608333 0.076953 0.606019 0.076693 0.605556 0.076693 0.602778 0.076432 0.600463 0.075911 0.598611 0.075651 0.595833 0.074870 0.593519 0.074349 0.591204 0.074089 0.588426 0.073568 0.586574 0.073568 0.585185 0.073047 0.582870 0.072786 0.578704 0.071745 0.573148 0.069661 0.566204 0.068880 0.561574 0.068880 0.559259 0.068359 0.556944 0.068359 0.555556 0.067839 0.553704 0.067578 0.549537 0.067318 0.549074 0.067318 0.546759 0.067057 0.546296 0.067057 0.539815 0.066797 0.537500 0.065755 0.534722 0.065495 0.533333 0.064583 0.531713 0.063542 0.530787 0.061458 0.530324 0.061198 0.529861 0.057292 0.529861 0.057031 0.529398 0.055729 0.529398 0.054427 0.528472 0.053125 0.528009 0.051823 0.528009 0.051562 0.527546 0.049219 0.527083 0.048958 0.526620 0.047135 0.526620 0.046875 0.526157 0.044792 0.526157 0.043490 0.525694 0.041406 0.524306 0.040104 0.524306 0.039844 0.523843 0.038021 0.523843 0.037760 0.523380 0.036458 0.523380 0.036198 0.522917 0.034635 0.522917 0.033073 0.521991 0.031771 0.521991 0.031510 0.521528 0.030208 0.521528 0.029948 0.521065 0.028125 0.521065 0.027865 0.520602 0.025260 0.520602 0.021875 0.518750 0.020573 0.517824 0.019271 0.517824 0.019010 0.517361 0.017708 0.517361 0.016406 0.516435 0.015104 0.515972 0.012500 0.515972 0.012240 0.515509 0.009375 0.515509 0.009115 0.515046 0.007812 0.515046 0.007552 0.514583 0.006250 0.514583 0.005990 0.514120 0.004427 0.514120 0.004167 0.513657 0.002865 0.513657 0.001302 0.512731 0.000000 0.512731
 8 0.059896 0.611343 0.058594 0.610417 0.057422 0.608333 0.057422 0.606481 0.057943 0.604630 0.058854 0.603009 0.059896 0.602083 0.061068 0.604167 0.061328 0.605556 0.061328 0.608796 0.060677 0.610417 0.059896 0.611343
 8 0.053646 0.610417 0.051823 0.610417 0.049870 0.608333 0.049609 0.606481 0.050521 0.604398 0.052083 0.602546 0.053125 0.602546 0.053906 0.603472 0.055078 0.605556 0.055339 0.608333 0.054688 0.609491 0.053646 0.610417
 8 0.000000 0.932176 0.001823 0.932176 0.003125 0.932639 0.004167 0.933565 0.005208 0.933565 0.008073 0.936343 0.008594 0.937269 0.009896 0.938194 0.010937 0.937731 0.014063 0.937731 0.016406 0.940509 0.018229 0.940972 0.018490 0.940509 0.019792 0.940509 0.020052 0.940046 0.021615 0.940046 0.023177 0.941435 0.024740 0.942361 0.029948 0.942361 0.031250 0.943287 0.032552 0.943287 0.032813 0.943750 0.035417 0.943750 0.035677 0.944213 0.038281 0.944213 0.038542 0.944676 0.039844 0.944676 0.040104 0.945139 0.041927 0.945139 0.042188 0.945602 0.044010 0.945602 0.044271 0.946065 0.045833 0.946065 0.046094 0.945602 0.053125 0.945602 0.053385 0.945139 0.055469 0.944213 0.056250 0.943287 0.059635 0.941435 0.060807 0.939352 0.060807 0.938426 0.062109 0.932870 0.063542 0.930324 0.065104 0.928472 0.065885 0.928009 0.067839 0.924537 0.068880 0.921296 0.071354 0.916898 0.074219 0.914120 0.074740 0.914120 0.075911 0.912500 0.076693 0.908796 0.076693 0.907407 0.077995 0.903704 0.081120 0.899537 0.081641 0.898148 0.082161 0.895370 0.083073 0.894213 0.086198 0.888657 0.088802 0.886343 0.089583 0.885417 0.090755 0.883333 0.091276 0.881944 0.091536 0.880093 0.092318 0.877778 0.094792 0.873380 0.095052 0.873380 0.096484 0.870833 0.096745 0.867593 0.097656 0.865509 0.098958 0.865046 0.099740 0.864120 0.101042 0.861806 0.102083 0.860417 0.103906 0.858565 0.104818 0.856944 0.105339 0.854630 0.107161 0.850926 0.107943 0.847222 0.107943 0.844907 0.108203 0.844444 0.107943 0.842130 0.107943 0.839815 0.107422 0.837037 0.107422 0.830556 0.107161 0.830093 0.107161 0.827315 0.106901 0.826852 0.106901 0.824537 0.106380 0.820370 0.105859 0.818519 0.105859 0.817130 0.105339 0.815741 0.104557 0.810648 0.104036 0.809259 0.103776 0.806944 0.102995 0.803241 0.102734 0.800926 0.102734 0.797685 0.102474 0.797222 0.102474 0.793981 0.102214 0.793519 0.102214 0.790278 0.101953 0.789815 0.101953 0.787037 0.101432 0.784259 0.101432 0.781944 0.101172 0.781481 0.100391 0.777315 0.099349 0.774537 0.099089 0.773148 0.098047 0.769907 0.098047 0.768981 0.097005 0.765741 0.096745 0.763426 0.096224 0.761574 0.095703 0.756944 0.095703 0.754630 0.095443 0.752778 0.094661 0.750000 0.092708 0.746528 0.091406 0.745602 0.090104 0.745139 0.088802 0.745139 0.088542 0.744676 0.086719 0.744676 0.086458 0.744213 0.083594 0.744213 0.083333 0.743750 0.079948 0.743750 0.079687 0.743287 0.078385 0.743287 0.076823 0.742361 0.073698 0.742361 0.073438 0.741898 0.070833 0.741898 0.070573 0.741435 0.069271 0.741435 0.069010 0.740972 0.067448 0.740972 0.067187 0.740509 0.065365 0.740509 0.064062 0.740046 0.062500 0.738657 0.061979 0.738657 0.060417 0.737269 0.059115 0.737731 0.057031 0.737731 0.055469 0.738657 0.054167 0.740046 0.053125 0.740509 0.051042 0.743287 0.048958 0.745139 0.047656 0.746991 0.045052 0.749306 0.042188 0.752083 0.041667 0.752083 0.039974 0.754630 0.038932 0.759259 0.038021 0.760880 0.035156 0.763657 0.034635 0.764583 0.032813 0.765972 0.030208 0.770602 0.028125 0.772917 0.026562 0.775694 0.025521 0.776620 0.024740 0.778009 0.022135 0.780787 0.020703 0.783333 0.020703 0.783796 0.019010 0.786806 0.016927 0.789120 0.015365 0.791898 0.012240 0.794676 0.008073 0.802083 0.006771 0.803935 0.005729 0.804861 0.004427 0.806713 0.003385 0.807639 0.002604 0.809028 0.001563 0.809954 0.000000 0.809954
 7 0.241667 0.998843 0.239063 0.998843 0.238802 0.998380 0.237240 0.998380 0.235937 0.997454 0.235026 0.994444 0.235026 0.989815 0.234766 0.989352 0.234766 0.986111 0.234505 0.985648 0.234505 0.982870 0.234245 0.982407 0.234245 0.974074 0.233984 0.973611 0.233984 0.969907 0.233724 0.969444 0.233724 0.966204 0.233464 0.965741 0.233464 0.962963 0.232943 0.960185 0.232943 0.957407 0.232682 0.956944 0.232682 0.950926 0.232422 0.950463 0.232422 0.940741 0.232161 0.940278 0.232161 0.937500 0.231901 0.937037 0.231901 0.925926 0.232161 0.925463 0.232161 0.923148 0.232422 0.920833 0.233203 0.918056 0.233984 0.916667 0.234505 0.914815 0.236589 0.910185 0.238151 0.904167 0.238932 0.901852 0.239974 0.899537 0.240755 0.896296 0.241276 0.895370 0.241797 0.893056 0.243099 0.890278 0.243620 0.888426 0.244661 0.886111 0.245182 0.884259 0.248307 0.875926 0.249089 0.873611 0.249609 0.871296 0.250651 0.868981 0.251172 0.867130 0.253516 0.862037 0.255339 0.855093 0.255859 0.854167 0.257422 0.848611 0.258203 0.847222 0.258724 0.845370 0.259766 0.843056 0.262109 0.836111 0.262370 0.834722 0.263411 0.832407 0.264453 0.829167 0.265885 0.826620 0.267708 0.825231 0.271615 0.825231 0.271875 0.825694 0.274219 0.825694 0.274479 0.826157 0.276562 0.826157 0.276823 0.826620 0.279167 0.826620 0.279427 0.827083 0.284635 0.827083 0.284896 0.827546 0.287240 0.827546 0.287500 0.828009 0.289583 0.828009 0.289844 0.828472 0.292708 0.828472 0.292969 0.828935 0.294792 0.828935 0.295052 0.829398 0.296615 0.829398 0.296875 0.829861 0.298438 0.829861 0.298698 0.830324 0.301042 0.830324 0.301302 0.830787 0.302604 0.830787 0.302865 0.831250 0.304167 0.831250 0.305729 0.832176 0.308594 0.832176 0.308854 0.831713 0.310937 0.831713 0.311198 0.832176 0.312500 0.832176 0.312760 0.832639 0.314063 0.832639 0.314323 0.833102 0.318490 0.833102 0.318750 0.833565 0.321615 0.833565 0.321875 0.834028 0.323437 0.834028 0.323698 0.834491 0.325000 0.834491 0.325260 0.834954 0.327344 0.834954 0.327604 0.835417 0.330729 0.835417 0.330990 0.835880 0.332552 0.835880 0.332813 0.836343 0.334635 0.836343 0.334896 0.836806 0.336458 0.836806 0.336719 0.837269 0.338542 0.837269 0.338802 0.837731 0.340104 0.837731 0.340365 0.838194 0.346094 0.838194 0.346354 0.838657 0.347656 0.838657 0.349219 0.839583 0.350521 0.839583 0.350781 0.840046 0.352344 0.840046 0.352604 0.840509 0.354427 0.840509 0.354687 0.840972 0.356510 0.840972 0.356771 0.841435 0.360677 0.841435 0.361719 0.841898 0.363542 0.843287 0.364453 0.844907 0.364714 0.846759 0.364714 0.849074 0.364974 0.851389 0.364714 0.851852 0.364714 0.855093 0.364453 0.855556 0.364453 0.862037 0.364193 0.862500 0.364193 0.866204 0.363932 0.866667 0.363932 0.868981 0.363672 0.869444 0.363672 0.881944 0.363411 0.882407 0.363411 0.895833 0.363151 0.896296 0.363151 0.902778 0.363411 0.903241 0.363411 0.907870 0.363151 0.908333 0.363151 0.916204 0.363672 0.918519 0.364974 0.920833 0.364974 0.925463 0.365234 0.925926 0.365234 0.937963 0.364974 0.938426 0.364974 0.942130 0.364714 0.942593 0.364714 0.947685 0.364453 0.948148 0.364453 0.953704 0.363151 0.958333 0.363151 0.961111 0.362109 0.964815 0.362109 0.965741 0.361328 0.968056 0.361328 0.975463 0.360807 0.978241 0.360417 0.978472 0.359245 0.980556 0.358984 0.981944 0.357943 0.984259 0.357161 0.986574 0.356901 0.988426 0.355469 0.991435 0.354167 0.991898 0.352734 0.994444 0.351823 0.996528 0.350260 0.997917 0.345313 0.997917 0.345052 0.998380 0.332813 0.998380 0.332552 0.997917 0.325781 0.997917 0.325521 0.998380 0.318229 0.998380 0.317969 0.997917 0.292708 0.997917 0.292448 0.998380 0.289844 0.998380 0.289583 0.997917 0.280208 0.997917 0.279948 0.997454 0.278385 0.997454 0.278125 0.997917 0.253906 0.997917 0.253646 0.998380 0.250781 0.998380 0.250521 0.997917 0.244531 0.997917 0.244271 0.998380 0.241927 0.998380 0.241667 0.998843
 7 0.247786 0.972685 0.248568 0.971759 0.249349 0.969444 0.248438 0.967361 0.246615 0.967361 0.245182 0.969444 0.246615 0.971991 0.247396 0.972917 0.247786 0.972685
 4 0.592448 0.960417 0.587240 0.960417 0.585677 0.959028 0.585156 0.959028 0.582292 0.955787 0.580599 0.952315 0.579557 0.948611 0.579557 0.945370 0.579297 0.944907 0.579297 0.939815 0.579818 0.937500 0.580078 0.934259 0.581120 0.929167 0.583073 0.925694 0.584635 0.924306 0.585938 0.923843 0.588802 0.923843 0.589063 0.924306 0.591146 0.925231 0.593490 0.927546 0.595443 0.931019 0.595964 0.932870 0.597005 0.934722 0.597266 0.937037 0.597266 0.944444 0.597005 0.944907 0.597005 0.947685 0.596745 0.950000 0.595964 0.954167 0.595182 0.956944 0.594010 0.959028 0.592448 0.960417
 4 0.652083 0.975694 0.649740 0.975694 0.646354 0.972917 0.645052 0.971065 0.644010 0.970139 0.641797 0.966204 0.640495 0.962037 0.640234 0.960185 0.640234 0.950463 0.640495 0.948611 0.641797 0.944907 0.641797 0.943981 0.643229 0.939583 0.644531 0.938194 0.645833 0.937269 0.648698 0.937269 0.648958 0.937731 0.650781 0.937731 0.652344 0.938657 0.654167 0.940509 0.655469 0.942361 0.656641 0.944444 0.657682 0.946759 0.657943 0.948611 0.658464 0.950000 0.659505 0.954630 0.659505 0.959722 0.659245 0.961111 0.658464 0.962963 0.657943 0.965278 0.657161 0.969907 0.655729 0.972917 0.653646 0.975231 0.652344 0.975231 0.652083 0.975694
 4 0.764193 0.999537 0.762370 0.996296 0.762370 0.995833 0.761068 0.993056 0.760026 0.988889 0.760026 0.984722 0.759766 0.984259 0.760286 0.978704 0.760807 0.975926 0.761328 0.974537 0.763802 0.969213 0.765625 0.968750 0.765885 0.968287 0.768750 0.968287 0.771875 0.969676 0.772917 0.971065 0.774479 0.972454 0.775521 0.973843 0.778516 0.979167 0.778516 0.979630 0.779818 0.981944 0.780599 0.984259 0.781120 0.988426 0.780859 0.990741 0.780859 0.993519 0.780599 0.993981 0.780339 0.996759 0.779297 0.999537
 3 0.624089 0.999537 0.623307 0.997222 0.624089 0.991204 0.624089 0.989815 0.624870 0.986574 0.625130 0.984259 0.626172 0.979630 0.628125 0.976157 0.630208 0.974306 0.634896 0.974306 0.637500 0.976157 0.638021 0.976157 0.640885 0.978935 0.642188 0.981250 0.642448 0.981250 0.643359 0.983333 0.644661 0.985648 0.645703 0.988426 0.646484 0.992593 0.646745 0.994907 0.646745 0.997222 0.645964 0.999537
 3 0.586328 0.999537 0.585547 0.996759 0.585807 0.994907 0.586589 0.992593 0.586589 0.991667 0.588151 0.986574 0.590104 0.983565 0.591667 0.982176 0.593750 0.982639 0.594010 0.983102 0.595573 0.983102 0.596615 0.983565 0.598958 0.985417 0.600521 0.987269 0.601823 0.989583 0.602734 0.990741 0.603776 0.994444 0.603776 0.997685 0.603255 0.999537
