 7 0.273698 0.617824 0.270833 0.617824 0.268750 0.615972 0.266927 0.613657 0.264323 0.611806 0.263542 0.610880 0.259896 0.609028 0.258854 0.608102 0.257552 0.606250 0.255469 0.604861 0.253906 0.603009 0.249479 0.599306 0.248698 0.598380 0.246354 0.596528 0.245833 0.595602 0.244531 0.594676 0.244010 0.593750 0.242708 0.592824 0.242188 0.591898 0.240885 0.591435 0.239583 0.590509 0.239063 0.589583 0.236198 0.587269 0.235677 0.586343 0.230990 0.582639 0.227604 0.580324 0.226302 0.578472 0.225521 0.578009 0.222396 0.574769 0.219531 0.571991 0.216667 0.570602 0.215625 0.569213 0.214323 0.568287 0.213802 0.567361 0.212500 0.566435 0.211979 0.565509 0.208073 0.562269 0.207552 0.561343 0.204167 0.558102 0.203646 0.557176 0.200521 0.554861 0.197917 0.552083 0.197656 0.552083 0.196354 0.549769 0.193490 0.546065 0.192708 0.545602 0.191146 0.543287 0.189323 0.541898 0.187630 0.538889 0.186589 0.535185 0.185547 0.532870 0.182812 0.528009 0.181510 0.526620 0.179557 0.523148 0.179557 0.522685 0.177734 0.519444 0.176693 0.517130 0.175911 0.514815 0.172526 0.508796 0.172526 0.508333 0.170443 0.504630 0.170443 0.504167 0.167578 0.499074 0.167578 0.498611 0.164453 0.493056 0.163411 0.490741 0.162891 0.488889 0.160807 0.485185 0.160807 0.484722 0.159505 0.482407 0.159505 0.481944 0.155859 0.475463 0.155859 0.475000 0.152474 0.468981 0.152214 0.467593 0.148828 0.461574 0.148828 0.461111 0.146354 0.456713 0.146094 0.456713 0.144661 0.454167 0.144661 0.453704 0.141797 0.448611 0.141016 0.446759 0.140755 0.445370 0.138672 0.441667 0.136849 0.435648 0.134896 0.433102 0.133724 0.431019 0.133724 0.430556 0.132161 0.427778 0.132161 0.427315 0.130859 0.425000 0.130859 0.424537 0.129297 0.421759 0.128516 0.419444 0.124870 0.412963 0.124349 0.411111 0.122005 0.406944 0.121224 0.404630 0.119792 0.402083 0.119531 0.402083 0.116536 0.396759 0.116536 0.396296 0.114974 0.393519 0.114193 0.391204 0.113151 0.388889 0.111589 0.386111 0.111589 0.385648 0.105599 0.375000 0.105599 0.374537 0.104297 0.372222 0.103516 0.369444 0.102995 0.368519 0.102214 0.365741 0.102214 0.363426 0.102734 0.362037 0.105208 0.357639 0.108073 0.354398 0.108854 0.353935 0.110677 0.352083 0.111198 0.352083 0.112760 0.350694 0.115885 0.347454 0.117969 0.346528 0.119010 0.345602 0.120313 0.345139 0.120833 0.344213 0.123177 0.341898 0.126823 0.340046 0.129948 0.335417 0.131250 0.334491 0.132812 0.334028 0.134635 0.332639 0.135156 0.332639 0.136979 0.330787 0.139323 0.328935 0.141667 0.326620 0.144271 0.321991 0.145573 0.321065 0.146875 0.319676 0.149740 0.318287 0.151562 0.316435 0.152865 0.315509 0.153385 0.314583 0.154688 0.313657 0.157031 0.312731 0.158333 0.311806 0.159635 0.310417 0.160938 0.309491 0.161458 0.308565 0.164062 0.306713 0.164844 0.305787 0.166146 0.305324 0.169010 0.303009 0.169531 0.302083 0.171615 0.300231 0.173047 0.297685 0.173047 0.297222 0.174740 0.294213 0.177083 0.292361 0.177865 0.291435 0.178646 0.291435 0.180469 0.290046 0.180990 0.290046 0.182031 0.288657 0.183333 0.287731 0.183854 0.286806 0.185938 0.285417 0.188021 0.283565 0.189323 0.283102 0.191406 0.281250 0.192969 0.279398 0.194531 0.278472 0.196354 0.278009 0.198437 0.276620 0.200781 0.273380 0.202604 0.271991 0.203385 0.271065 0.205208 0.267824 0.206771 0.265972 0.208854 0.264120 0.210417 0.263657 0.212240 0.262269 0.214062 0.261806 0.215104 0.260880 0.216927 0.260417 0.217188 0.259954 0.220833 0.259954 0.221094 0.259491 0.225521 0.259491 0.227083 0.260417 0.228385 0.260417 0.228646 0.260880 0.233854 0.260880 0.235417 0.261806 0.242188 0.261806 0.242448 0.262269 0.247656 0.262269 0.247917 0.262731 0.251042 0.262731 0.251302 0.263194 0.252604 0.262731 0.259115 0.262731 0.259375 0.263194 0.262500 0.263194 0.262760 0.263657 0.265625 0.263657 0.265885 0.264120 0.270052 0.264120 0.270313 0.264583 0.273698 0.264583 0.273958 0.265046 0.282031 0.265046 0.282292 0.265509 0.289323 0.265509 0.289583 0.265972 0.295833 0.265972 0.296094 0.266435 0.303125 0.266435 0.303906 0.267361 0.305990 0.268287 0.307031 0.269213 0.309245 0.273148 0.309505 0.274537 0.309505 0.276852 0.309245 0.277315 0.309245 0.280093 0.308984 0.280556 0.308984 0.282870 0.308724 0.283333 0.308724 0.285648 0.308464 0.287500 0.308984 0.289815 0.311068 0.295833 0.311589 0.298148 0.312630 0.300926 0.314714 0.309259 0.316276 0.312963 0.317839 0.318056 0.318620 0.319444 0.319922 0.323611 0.321224 0.328241 0.322005 0.330556 0.323177 0.333102 0.325260 0.334491 0.326562 0.334954 0.327344 0.335880 0.328906 0.338657 0.329167 0.338657 0.330859 0.341667 0.331641 0.344907 0.333724 0.349537 0.336328 0.358796 0.336328 0.359722 0.337109 0.362500 0.338932 0.365741 0.339974 0.368519 0.340495 0.370833 0.341016 0.371759 0.341536 0.374074 0.342057 0.375000 0.343099 0.379167 0.344401 0.383333 0.344401 0.384259 0.345443 0.387963 0.345964 0.388889 0.346745 0.392130 0.348047 0.395833 0.348307 0.397222 0.349349 0.400000 0.350391 0.401852 0.351172 0.404167 0.351953 0.408333 0.354036 0.415741 0.355339 0.418981 0.356641 0.424074 0.358724 0.429167 0.359505 0.431481 0.360286 0.435648 0.361589 0.439815 0.362109 0.442130 0.362891 0.444444 0.362891 0.445370 0.363672 0.447685 0.363672 0.448611 0.364453 0.450926 0.366016 0.454167 0.366797 0.456481 0.367578 0.460185 0.368099 0.461574 0.368620 0.464815 0.371224 0.474074 0.371224 0.477778 0.370703 0.480556 0.369922 0.482407 0.367708 0.486343 0.367448 0.486343 0.365885 0.489120 0.363281 0.491898 0.361719 0.494676 0.361458 0.494676 0.359375 0.498380 0.359115 0.498380 0.357552 0.500694 0.356771 0.501157 0.354687 0.504861 0.353125 0.506713 0.351042 0.510417 0.349740 0.512269 0.347656 0.514583 0.346354 0.516435 0.345052 0.518750 0.344792 0.518750 0.343229 0.521528 0.342969 0.521528 0.341667 0.523843 0.341406 0.523843 0.339844 0.526620 0.337760 0.528935 0.335417 0.533102 0.334375 0.534491 0.332813 0.535880 0.330469 0.540046 0.328385 0.542361 0.325781 0.546991 0.324479 0.548380 0.323177 0.550231 0.320833 0.554398 0.319271 0.556250 0.318490 0.556713 0.316927 0.558565 0.314844 0.562269 0.314583 0.562269 0.311719 0.567361 0.310677 0.568750 0.308854 0.570602 0.306771 0.574306 0.306510 0.574306 0.304688 0.577546 0.304427 0.577546 0.303125 0.579861 0.302865 0.579861 0.301563 0.582176 0.300521 0.583565 0.298698 0.585417 0.297266 0.587500 0.295312 0.590972 0.293750 0.592824 0.292448 0.595139 0.289844 0.597917 0.287240 0.602546 0.284896 0.605324 0.282813 0.609028 0.282552 0.609028 0.279948 0.612731 0.278646 0.613657 0.275781 0.616898 0.273958 0.617361 0.273698 0.617824
 7 0.339453 0.440278 0.340625 0.440046 0.341536 0.437963 0.341797 0.433796 0.341016 0.429630 0.338672 0.425463 0.338151 0.422685 0.338151 0.420833 0.337630 0.418519 0.336328 0.415741 0.336068 0.414352 0.334505 0.409259 0.334505 0.407870 0.333464 0.403704 0.330859 0.399074 0.329818 0.395833 0.329297 0.392130 0.328776 0.389815 0.326953 0.383796 0.326432 0.381481 0.324089 0.376389 0.322786 0.369907 0.321745 0.366204 0.320312 0.364120 0.319010 0.363194 0.317708 0.363194 0.316667 0.364583 0.314583 0.366435 0.312760 0.369676 0.312500 0.369676 0.310937 0.371991 0.308333 0.374769 0.305729 0.377083 0.304948 0.377546 0.303646 0.379861 0.303385 0.379861 0.302083 0.382176 0.298698 0.385417 0.296875 0.385880 0.295312 0.387269 0.294792 0.387269 0.293750 0.388657 0.291927 0.390509 0.289974 0.393981 0.289974 0.394444 0.287630 0.398611 0.287109 0.400000 0.286849 0.403704 0.286589 0.404167 0.286589 0.406481 0.287630 0.409259 0.287630 0.410185 0.288672 0.413889 0.290365 0.417361 0.291927 0.418750 0.293229 0.419213 0.295573 0.421528 0.297786 0.425463 0.297786 0.425926 0.299219 0.427083 0.304427 0.427083 0.304688 0.427546 0.307292 0.427546 0.307552 0.428009 0.310677 0.428009 0.311719 0.428472 0.313542 0.429861 0.314844 0.429861 0.315104 0.430324 0.317969 0.430324 0.318229 0.430787 0.319792 0.430787 0.320052 0.431250 0.321615 0.431250 0.321875 0.431713 0.323437 0.431713 0.323698 0.432176 0.325000 0.432176 0.328125 0.433565 0.329427 0.434491 0.330990 0.434491 0.331250 0.434954 0.333594 0.434954 0.335156 0.436806 0.336979 0.440046 0.337500 0.440509 0.339453 0.440278
 7 0.192318 0.483333 0.190625 0.482176 0.189323 0.482176 0.188281 0.481250 0.186979 0.481250 0.185938 0.480324 0.184896 0.480324 0.184245 0.481481 0.184896 0.482176 0.186719 0.482176 0.187760 0.482639 0.188281 0.483565 0.192188 0.483565 0.192318 0.483333
 6 0.467187 0.387269 0.461979 0.387269 0.461719 0.386806 0.460417 0.386806 0.460156 0.386343 0.458594 0.386343 0.458333 0.385880 0.456510 0.385417 0.456250 0.384954 0.454948 0.384954 0.454688 0.384491 0.453125 0.384491 0.452865 0.384028 0.451562 0.384028 0.450260 0.383565 0.448958 0.382639 0.447917 0.382639 0.446615 0.381713 0.445573 0.381713 0.444010 0.380787 0.442708 0.380787 0.441406 0.379861 0.439063 0.379398 0.438802 0.378935 0.437500 0.378935 0.437240 0.378472 0.435677 0.378472 0.434115 0.377546 0.432812 0.377546 0.432552 0.377083 0.431250 0.377083 0.429948 0.376157 0.428646 0.375694 0.427344 0.375694 0.425781 0.374769 0.424479 0.374769 0.423177 0.374306 0.420833 0.372917 0.418490 0.372454 0.416927 0.371528 0.415885 0.371528 0.414583 0.370602 0.413542 0.370602 0.412500 0.369676 0.410417 0.369213 0.410156 0.368750 0.406510 0.367824 0.405208 0.366898 0.402865 0.366435 0.401302 0.365509 0.400000 0.365509 0.398698 0.364583 0.397656 0.364583 0.396354 0.363657 0.395313 0.363657 0.394010 0.362731 0.392969 0.362731 0.390885 0.361343 0.390104 0.361343 0.388802 0.360417 0.387240 0.360417 0.386979 0.359954 0.384896 0.359954 0.384635 0.359491 0.383333 0.359491 0.381771 0.358565 0.380729 0.358565 0.379167 0.357176 0.377865 0.355324 0.377083 0.354861 0.375911 0.352778 0.375130 0.350463 0.375130 0.349537 0.374349 0.347222 0.373828 0.344907 0.373307 0.343981 0.373047 0.341667 0.372526 0.340278 0.371484 0.334722 0.369922 0.329167 0.367839 0.322222 0.367839 0.321296 0.366016 0.315741 0.365495 0.312500 0.364453 0.309722 0.360286 0.294907 0.360286 0.293981 0.358724 0.288889 0.357682 0.284722 0.357161 0.283796 0.356641 0.281019 0.355599 0.277315 0.355599 0.276389 0.354036 0.271296 0.352995 0.267130 0.352734 0.266667 0.351693 0.262500 0.351172 0.261574 0.350391 0.256944 0.349609 0.254630 0.349609 0.253704 0.348568 0.248611 0.347266 0.244444 0.346224 0.242593 0.344922 0.237963 0.343359 0.232870 0.343359 0.231944 0.342578 0.229167 0.341016 0.224537 0.339453 0.217130 0.338151 0.213889 0.337109 0.209722 0.336849 0.209259 0.335286 0.202778 0.333724 0.197222 0.332422 0.193056 0.331380 0.187500 0.330339 0.184259 0.330339 0.180556 0.330599 0.178241 0.332031 0.175694 0.333594 0.174306 0.334635 0.172917 0.335156 0.172917 0.338542 0.169676 0.339844 0.167824 0.341146 0.166435 0.343750 0.164583 0.345573 0.162731 0.346094 0.162731 0.347917 0.160880 0.348438 0.160880 0.354948 0.154861 0.355469 0.154861 0.359635 0.151157 0.360417 0.150694 0.362240 0.148380 0.364323 0.146528 0.367188 0.144676 0.368750 0.142824 0.370833 0.140972 0.371354 0.140046 0.372917 0.138657 0.374740 0.137731 0.375521 0.136806 0.378125 0.134954 0.379427 0.133565 0.379948 0.133565 0.381250 0.132176 0.383333 0.130787 0.384635 0.128935 0.385417 0.128472 0.387760 0.125694 0.388802 0.125231 0.391406 0.123380 0.392969 0.121065 0.396094 0.118287 0.397396 0.117361 0.400521 0.114583 0.401042 0.114583 0.402344 0.113194 0.405469 0.111343 0.406250 0.111343 0.407552 0.110417 0.410677 0.110417 0.410938 0.109954 0.413021 0.109954 0.413281 0.109491 0.415625 0.109491 0.415885 0.109028 0.421094 0.109028 0.421354 0.108565 0.422656 0.108565 0.422917 0.108102 0.425260 0.108102 0.425521 0.107639 0.427604 0.107639 0.427865 0.107176 0.429167 0.107176 0.429427 0.106713 0.430990 0.106713 0.431250 0.106250 0.435937 0.106250 0.436198 0.105787 0.439323 0.105787 0.439583 0.105324 0.441927 0.105324 0.442188 0.104861 0.445052 0.104861 0.445312 0.104398 0.448177 0.104398 0.448437 0.103935 0.451042 0.103935 0.451302 0.103472 0.454167 0.103472 0.454427 0.103009 0.455990 0.103009 0.456250 0.102546 0.458073 0.102546 0.458333 0.102083 0.460417 0.102083 0.460677 0.101620 0.462500 0.101620 0.462760 0.101157 0.464323 0.101157 0.464583 0.100694 0.466146 0.100694 0.466406 0.100231 0.467708 0.100231 0.467969 0.099769 0.469271 0.099769 0.469531 0.099306 0.471875 0.099306 0.472135 0.098843 0.474479 0.098843 0.474740 0.098380 0.477083 0.098380 0.477344 0.097917 0.479948 0.097917 0.480208 0.097454 0.483333 0.097454 0.483594 0.096991 0.485677 0.096991 0.485938 0.096528 0.488021 0.096528 0.488281 0.096065 0.490885 0.096065 0.491146 0.095602 0.493490 0.095602 0.493750 0.095139 0.496615 0.095139 0.496875 0.094676 0.498958 0.094676 0.499219 0.094213 0.502604 0.094213 0.503125 0.094676 0.504557 0.097222 0.505078 0.099537 0.505078 0.103241 0.504818 0.103704 0.504818 0.106019 0.504557 0.106481 0.504557 0.114352 0.506641 0.125926 0.506901 0.130093 0.507943 0.136111 0.507943 0.137963 0.508464 0.140278 0.508464 0.142130 0.509245 0.145833 0.509245 0.147222 0.509766 0.149074 0.509766 0.150463 0.510286 0.153241 0.511589 0.157870 0.512370 0.159722 0.513672 0.162037 0.514193 0.163889 0.514453 0.167130 0.514974 0.168981 0.515495 0.174537 0.516016 0.176852 0.516536 0.181019 0.517057 0.182870 0.517057 0.184259 0.518099 0.188889 0.518359 0.190741 0.518359 0.193519 0.518620 0.193981 0.518620 0.196296 0.519401 0.200000 0.519401 0.201389 0.520182 0.204630 0.520443 0.207870 0.520964 0.209722 0.521224 0.213426 0.521745 0.215278 0.522005 0.218519 0.522526 0.220833 0.522526 0.222222 0.523047 0.224074 0.523307 0.227315 0.523568 0.227778 0.524089 0.232870 0.524349 0.233333 0.524349 0.235648 0.525130 0.239815 0.525130 0.241667 0.525651 0.243519 0.525651 0.244907 0.526172 0.246759 0.526172 0.248148 0.526693 0.250000 0.526693 0.251389 0.527214 0.253241 0.527214 0.255093 0.527995 0.259259 0.528255 0.261574 0.528255 0.263889 0.528776 0.266204 0.528776 0.268056 0.529297 0.270833 0.529818 0.272222 0.530078 0.275926 0.530339 0.276389 0.530859 0.282870 0.531641 0.287037 0.531641 0.289815 0.531901 0.290278 0.531901 0.296759 0.531120 0.300000 0.530599 0.301389 0.527344 0.305787 0.525781 0.308565 0.524219 0.310417 0.521354 0.314583 0.521094 0.314583 0.519531 0.317361 0.518490 0.318750 0.516146 0.321065 0.514974 0.323148 0.514974 0.323611 0.513021 0.326620 0.511979 0.327546 0.510677 0.329861 0.507552 0.333565 0.506510 0.335417 0.503125 0.339583 0.501823 0.341435 0.499740 0.345139 0.498177 0.346991 0.496615 0.348380 0.494531 0.352083 0.492708 0.353935 0.490104 0.358565 0.487760 0.361343 0.486979 0.362731 0.485677 0.364120 0.483333 0.367824 0.482292 0.368750 0.480729 0.371528 0.479427 0.373380 0.476823 0.376157 0.474479 0.380324 0.472917 0.381713 0.470833 0.384954 0.469792 0.385880 0.467448 0.386806 0.467187 0.387269
 6 0.482943 0.267593 0.483854 0.265972 0.485938 0.264583 0.488542 0.264583 0.488802 0.264120 0.490625 0.264120 0.490885 0.264583 0.492708 0.264583 0.492969 0.265046 0.497396 0.265046 0.497656 0.265509 0.500000 0.265509 0.500260 0.265972 0.505729 0.265972 0.505990 0.266435 0.507552 0.266435 0.509115 0.267361 0.513802 0.267361 0.514714 0.266204 0.514974 0.264815 0.514974 0.258333 0.514714 0.257870 0.514714 0.255093 0.514453 0.254630 0.514453 0.251852 0.514193 0.251389 0.514193 0.248148 0.513932 0.245833 0.513151 0.241667 0.512891 0.238426 0.512370 0.235185 0.511849 0.233796 0.511849 0.232407 0.511328 0.230556 0.511068 0.226852 0.510547 0.224537 0.509766 0.218519 0.509245 0.216667 0.508724 0.211574 0.507943 0.208333 0.507943 0.206944 0.507422 0.205093 0.506901 0.200463 0.506901 0.198148 0.506641 0.197685 0.506641 0.194444 0.506380 0.193981 0.506380 0.190741 0.505599 0.186574 0.504687 0.184954 0.502865 0.184028 0.502604 0.183565 0.501302 0.184491 0.499479 0.187731 0.496354 0.190972 0.495052 0.192824 0.493750 0.193750 0.492448 0.195602 0.491406 0.196528 0.490104 0.198380 0.489063 0.199306 0.486719 0.202546 0.485938 0.203009 0.484375 0.204861 0.483333 0.206713 0.481771 0.208565 0.478906 0.210880 0.475260 0.215972 0.473698 0.217361 0.472786 0.218981 0.472526 0.220370 0.472526 0.222685 0.472266 0.223148 0.472266 0.225926 0.473047 0.228241 0.474089 0.232407 0.474089 0.233796 0.474609 0.235648 0.474609 0.237037 0.475130 0.238889 0.475130 0.240278 0.475651 0.242130 0.476172 0.246296 0.477734 0.253704 0.477734 0.255093 0.478255 0.257407 0.480078 0.263426 0.482031 0.267824 0.482943 0.267593
 6 0.463151 0.262037 0.464323 0.261343 0.465234 0.259259 0.464974 0.257407 0.464974 0.252315 0.464453 0.250926 0.463672 0.245833 0.463151 0.244444 0.462891 0.242130 0.462370 0.240278 0.462370 0.237963 0.462109 0.236111 0.460938 0.234491 0.458333 0.234491 0.458073 0.234954 0.455469 0.237269 0.454167 0.238194 0.453255 0.239815 0.451953 0.244907 0.451953 0.247685 0.452474 0.249537 0.452995 0.253704 0.454036 0.256944 0.454036 0.257870 0.455469 0.260880 0.458594 0.261806 0.458854 0.262269 0.463021 0.262269 0.463151 0.262037
 6 0.381641 0.317593 0.382552 0.316898 0.385417 0.314120 0.386458 0.312269 0.388802 0.310417 0.391667 0.306713 0.392708 0.305787 0.394010 0.303935 0.395833 0.302546 0.396615 0.301620 0.397917 0.299306 0.399479 0.297454 0.400781 0.296528 0.402865 0.295602 0.404036 0.293981 0.404557 0.290741 0.404557 0.287037 0.403516 0.282407 0.403516 0.281019 0.402995 0.279167 0.402474 0.275463 0.401953 0.273148 0.400651 0.268981 0.400130 0.265741 0.399349 0.263426 0.398307 0.258796 0.398047 0.256481 0.397266 0.253241 0.396094 0.251157 0.393229 0.249769 0.389844 0.249769 0.389583 0.249306 0.386719 0.249306 0.386458 0.248843 0.384115 0.248843 0.383854 0.248380 0.381771 0.248380 0.381510 0.247917 0.378125 0.247917 0.377865 0.247454 0.374479 0.247454 0.374219 0.246991 0.362500 0.246991 0.361589 0.247685 0.361328 0.250000 0.361328 0.253241 0.361589 0.254630 0.362630 0.257407 0.363151 0.260185 0.364193 0.263426 0.364714 0.265741 0.365234 0.266667 0.366797 0.272685 0.367839 0.275926 0.368880 0.282407 0.369922 0.285648 0.370703 0.288889 0.372266 0.293519 0.373568 0.299074 0.375391 0.304630 0.376172 0.308796 0.376172 0.310185 0.376953 0.312037 0.377214 0.313426 0.377865 0.314120 0.379688 0.317361 0.380208 0.317824 0.381641 0.317593
 6 0.416536 0.277778 0.417969 0.276157 0.419271 0.275694 0.420312 0.274769 0.422135 0.271528 0.423177 0.270602 0.424349 0.268056 0.424349 0.265278 0.423568 0.262500 0.423047 0.259722 0.422005 0.256944 0.420833 0.254861 0.419271 0.253472 0.417187 0.253472 0.416927 0.253009 0.414583 0.253009 0.414323 0.253472 0.412500 0.253472 0.411589 0.254630 0.411589 0.258333 0.411328 0.258796 0.411589 0.261111 0.412891 0.265278 0.412891 0.266667 0.413411 0.268056 0.413932 0.271296 0.415234 0.275463 0.415234 0.276389 0.416536 0.277778
 4 0.502344 0.439583 0.496875 0.439583 0.495312 0.438657 0.492969 0.435880 0.491797 0.433796 0.491797 0.428241 0.492578 0.425926 0.495573 0.420602 0.495833 0.420602 0.498437 0.415972 0.498698 0.415972 0.501302 0.411343 0.501563 0.411343 0.503516 0.407870 0.503516 0.407407 0.505469 0.403935 0.506250 0.403009 0.509115 0.403009 0.510286 0.406019 0.510286 0.406944 0.512370 0.413889 0.512630 0.417130 0.513151 0.418981 0.513151 0.425000 0.512891 0.427315 0.512370 0.429167 0.510417 0.432639 0.508854 0.434491 0.505208 0.438194 0.503646 0.438657 0.502344 0.439583
 6 0.497396 0.432176 0.496094 0.431713 0.494792 0.430787 0.494141 0.429630 0.493880 0.428241 0.494401 0.425926 0.495573 0.424769 0.496745 0.422685 0.497266 0.420833 0.498437 0.419676 0.499479 0.420139 0.501042 0.420139 0.501302 0.420602 0.502604 0.420602 0.503255 0.418056 0.503255 0.413889 0.504036 0.411574 0.504818 0.410185 0.505078 0.408796 0.506250 0.406713 0.507161 0.409259 0.507682 0.411574 0.508464 0.416667 0.509766 0.418981 0.510026 0.420833 0.509115 0.421991 0.508333 0.421991 0.506510 0.423380 0.504687 0.426620 0.503125 0.428009 0.502344 0.428009 0.501042 0.428935 0.498437 0.431713 0.497396 0.432176
 6 0.527865 0.657639 0.524740 0.657639 0.521615 0.655324 0.519792 0.653472 0.519271 0.653472 0.517448 0.652083 0.515104 0.651157 0.514844 0.650694 0.513281 0.650231 0.509635 0.647454 0.507552 0.646991 0.507292 0.646528 0.505208 0.646065 0.504427 0.645139 0.501302 0.643287 0.500781 0.643287 0.499479 0.641898 0.498958 0.641898 0.496615 0.639583 0.492188 0.637269 0.491146 0.636343 0.490365 0.636343 0.489583 0.635417 0.488021 0.634491 0.486458 0.634028 0.483333 0.631713 0.482552 0.631713 0.480990 0.630324 0.478906 0.629398 0.477083 0.627546 0.474219 0.625694 0.472917 0.625231 0.471875 0.624306 0.469531 0.623380 0.466667 0.621528 0.465885 0.620602 0.464323 0.619676 0.462500 0.619213 0.461458 0.618287 0.459635 0.617824 0.458594 0.616898 0.457292 0.616435 0.452083 0.611806 0.450781 0.611343 0.449740 0.610417 0.446615 0.609491 0.445573 0.608565 0.443229 0.607639 0.441406 0.605787 0.439844 0.604861 0.438411 0.602315 0.437891 0.600926 0.436589 0.595370 0.436068 0.593981 0.434245 0.587500 0.434245 0.586111 0.433724 0.583333 0.432422 0.578241 0.431120 0.575000 0.430078 0.570370 0.429036 0.567130 0.429036 0.566204 0.427734 0.561111 0.427214 0.560185 0.426172 0.556019 0.425651 0.555093 0.424609 0.550463 0.424609 0.548611 0.424089 0.546759 0.424089 0.545370 0.424740 0.543750 0.425781 0.542824 0.426563 0.541435 0.428385 0.539583 0.429167 0.539583 0.430208 0.538657 0.431120 0.536111 0.431380 0.534259 0.431380 0.531944 0.431641 0.531019 0.433854 0.527083 0.434115 0.527083 0.435547 0.524537 0.436589 0.521759 0.438021 0.519213 0.438281 0.519213 0.445312 0.506713 0.445573 0.506713 0.450781 0.497454 0.451042 0.497454 0.453906 0.492361 0.454948 0.491435 0.456120 0.489352 0.456120 0.488889 0.459115 0.483565 0.460286 0.481944 0.461198 0.479861 0.462760 0.478009 0.469531 0.465972 0.470833 0.464583 0.472005 0.462500 0.473958 0.458102 0.475260 0.456713 0.478385 0.451157 0.479687 0.449769 0.485938 0.438657 0.486198 0.438657 0.488021 0.435880 0.488281 0.435880 0.489844 0.433102 0.490365 0.432639 0.491927 0.432639 0.492708 0.433102 0.494531 0.434954 0.496354 0.434954 0.497656 0.435417 0.498958 0.436343 0.500260 0.436806 0.503125 0.436806 0.503385 0.436343 0.504687 0.436343 0.504948 0.435880 0.506771 0.434954 0.507943 0.432870 0.507943 0.432407 0.509896 0.429398 0.511719 0.427546 0.513151 0.426389 0.513672 0.424074 0.514844 0.421991 0.516146 0.421065 0.518750 0.421065 0.519010 0.421528 0.520573 0.421528 0.520833 0.421991 0.523177 0.421991 0.523438 0.422454 0.525781 0.422454 0.526042 0.422917 0.527604 0.422917 0.527865 0.423380 0.529427 0.423380 0.529687 0.423843 0.532552 0.423843 0.532813 0.424306 0.534635 0.424306 0.534896 0.424769 0.536719 0.424769 0.536979 0.425231 0.539062 0.425231 0.539323 0.425694 0.541406 0.425694 0.544271 0.427083 0.546354 0.427083 0.546615 0.427546 0.548698 0.427546 0.548958 0.428009 0.550781 0.428472 0.552344 0.429861 0.553255 0.431481 0.554036 0.434722 0.554036 0.437500 0.554297 0.437963 0.554297 0.441667 0.554557 0.442130 0.554557 0.444444 0.554818 0.444907 0.554818 0.447222 0.555859 0.454630 0.555859 0.457407 0.556120 0.457870 0.556120 0.460185 0.557422 0.465741 0.558724 0.469907 0.558724 0.470833 0.560026 0.475000 0.561068 0.480556 0.561068 0.481944 0.562109 0.487963 0.562891 0.491204 0.563672 0.497222 0.563672 0.499537 0.564193 0.501852 0.565234 0.508333 0.565234 0.509722 0.566536 0.515278 0.567057 0.518519 0.567057 0.521296 0.567318 0.523611 0.568099 0.527315 0.568099 0.528704 0.568880 0.531944 0.568880 0.532870 0.569661 0.537037 0.570182 0.538889 0.570182 0.541204 0.570703 0.543981 0.570964 0.548148 0.571484 0.550463 0.571484 0.552778 0.571745 0.553241 0.571745 0.555556 0.572005 0.556019 0.572005 0.559722 0.571224 0.562500 0.571224 0.563426 0.570182 0.566667 0.568880 0.568981 0.568880 0.569444 0.567578 0.571759 0.566536 0.575000 0.565755 0.576852 0.562891 0.581944 0.562891 0.582407 0.561589 0.585185 0.561328 0.586574 0.560026 0.589815 0.558984 0.591667 0.557422 0.595833 0.555339 0.599537 0.554297 0.602778 0.553255 0.605093 0.551693 0.607870 0.551693 0.608333 0.550130 0.611574 0.549609 0.613426 0.547266 0.617593 0.546484 0.619444 0.545703 0.622222 0.543359 0.626389 0.543099 0.627778 0.541536 0.631944 0.539453 0.635648 0.538411 0.638426 0.537109 0.640741 0.536589 0.642593 0.535807 0.643981 0.534766 0.647222 0.533984 0.649074 0.532813 0.651157 0.532552 0.651157 0.529427 0.656713 0.527865 0.657639
 6 0.553255 0.531944 0.553646 0.531713 0.554818 0.529630 0.555339 0.525926 0.555599 0.525463 0.555599 0.520833 0.555339 0.520370 0.555339 0.518056 0.555078 0.516204 0.554297 0.513889 0.554036 0.511574 0.553516 0.509259 0.553516 0.503241 0.552734 0.499537 0.552083 0.498380 0.551042 0.500231 0.549479 0.501157 0.548307 0.503241 0.547526 0.506944 0.546094 0.509028 0.545573 0.509028 0.544141 0.511574 0.543880 0.512963 0.542188 0.515972 0.541016 0.517593 0.540755 0.519444 0.539193 0.524537 0.539453 0.527778 0.540365 0.529398 0.541406 0.529861 0.545833 0.529861 0.546094 0.530324 0.548438 0.530324 0.548698 0.530787 0.550000 0.530787 0.552083 0.532176 0.553255 0.531944
 6 0.439974 0.568056 0.441667 0.567361 0.443490 0.565509 0.444792 0.565046 0.446615 0.565046 0.447786 0.562037 0.448047 0.560648 0.449479 0.558102 0.450521 0.557176 0.451823 0.554861 0.452865 0.553472 0.453646 0.553009 0.454297 0.550926 0.452344 0.548843 0.451823 0.547917 0.449740 0.546528 0.449219 0.545602 0.444792 0.544213 0.444531 0.543750 0.442969 0.543750 0.442708 0.543287 0.441146 0.543287 0.440885 0.542824 0.438802 0.542824 0.437370 0.544907 0.436849 0.547685 0.436849 0.550000 0.436589 0.552315 0.437109 0.554167 0.437370 0.557870 0.437630 0.558333 0.438151 0.562037 0.438151 0.563426 0.438672 0.566204 0.439844 0.568287 0.439974 0.568056
 0 0.877474 0.000000 0.877474 0.002778 0.878516 0.006481 0.879036 0.009722 0.879036 0.020370 0.879297 0.020833 0.879297 0.033796 0.879557 0.034259 0.879557 0.042130 0.879297 0.042593 0.879297 0.047685 0.879557 0.048148 0.879557 0.054630 0.879297 0.055093 0.879297 0.062963 0.879036 0.063426 0.879036 0.078241 0.879297 0.078704 0.879297 0.088889 0.879036 0.089352 0.879036 0.093056 0.878776 0.093519 0.878776 0.095833 0.878516 0.096296 0.878516 0.098611 0.878255 0.099074 0.878255 0.106944 0.877995 0.107407 0.877995 0.116204 0.877734 0.116667 0.877734 0.121296 0.877474 0.121759 0.877474 0.125000 0.877214 0.125463 0.877214 0.128241 0.876953 0.128704 0.876953 0.131481 0.876693 0.131944 0.876693 0.134722 0.876432 0.135185 0.876432 0.138889 0.876172 0.139352 0.876172 0.147222 0.875911 0.147685 0.875911 0.156944 0.875651 0.157407 0.875651 0.164815 0.875391 0.165278 0.875391 0.169907 0.875130 0.170370 0.875130 0.174074 0.874870 0.174537 0.874870 0.177778 0.874609 0.178241 0.874609 0.181019 0.874349 0.181481 0.874349 0.183796 0.874089 0.184259 0.874089 0.188426 0.873828 0.188889 0.873828 0.195370 0.873568 0.195833 0.873568 0.201389 0.873307 0.201852 0.873307 0.204630 0.873047 0.205093 0.873047 0.207407 0.872526 0.211574 0.872005 0.212963 0.871484 0.215741 0.871484 0.217130 0.870703 0.219907 0.868620 0.223611 0.867839 0.226389 0.866797 0.228704 0.865755 0.231944 0.864323 0.234491 0.862760 0.236343 0.859766 0.241667 0.858984 0.243519 0.858464 0.245833 0.857292 0.247917 0.855469 0.249306 0.853646 0.251157 0.851823 0.254398 0.850260 0.256250 0.847917 0.258102 0.846615 0.259954 0.845052 0.261343 0.842969 0.262269 0.842187 0.263194 0.839323 0.264583 0.838542 0.265509 0.836719 0.266435 0.833854 0.268287 0.831250 0.269676 0.829427 0.271065 0.825521 0.273380 0.823958 0.273380 0.823698 0.273843 0.822396 0.273843 0.821094 0.274769 0.819792 0.275231 0.818490 0.275231 0.818229 0.275694 0.816667 0.275694 0.816406 0.276157 0.815104 0.276157 0.814844 0.276620 0.813281 0.276620 0.813021 0.277083 0.811198 0.277083 0.810937 0.277546 0.808854 0.277546 0.808594 0.278009 0.806510 0.278009 0.806250 0.278472 0.804688 0.278472 0.804427 0.278935 0.803125 0.278935 0.802865 0.279398 0.800781 0.279398 0.800521 0.279861 0.798177 0.279861 0.797917 0.280324 0.795573 0.280324 0.795312 0.280787 0.791406 0.280787 0.791146 0.281250 0.789062 0.281250 0.788802 0.281713 0.786458 0.281713 0.786198 0.282176 0.782031 0.282176 0.781771 0.282639 0.779427 0.282639 0.779167 0.283102 0.773177 0.283102 0.772917 0.282639 0.759375 0.282639 0.758073 0.282176 0.755208 0.279398 0.753646 0.278935 0.752344 0.278009 0.750781 0.278009 0.750521 0.277546 0.748698 0.277083 0.747786 0.275463 0.747526 0.274074 0.747526 0.271296 0.747266 0.270833 0.747266 0.266667 0.748307 0.262037 0.748828 0.261111 0.748828 0.259722 0.747526 0.256019 0.747266 0.254630 0.747266 0.251852 0.747526 0.250000 0.748568 0.245833 0.748568 0.243056 0.748828 0.242593 0.748828 0.238889 0.748047 0.235185 0.748047 0.232407 0.747786 0.231944 0.747786 0.225926 0.747266 0.224537 0.745573 0.221991 0.744271 0.220602 0.731250 0.220602 0.728385 0.219213 0.726042 0.219213 0.725781 0.218750 0.720313 0.218750 0.720052 0.219213 0.717708 0.219213 0.717448 0.219676 0.715625 0.219676 0.715365 0.220139 0.714063 0.220139 0.713802 0.220602 0.712240 0.220602 0.710938 0.221065 0.709375 0.222454 0.708724 0.224537 0.705859 0.229630 0.705339 0.231481 0.703255 0.236574 0.701693 0.239352 0.701172 0.243056 0.700651 0.245370 0.700651 0.248611 0.700911 0.249074 0.700911 0.256481 0.700130 0.260185 0.700130 0.263426 0.699870 0.263889 0.699870 0.267593 0.699349 0.269444 0.699349 0.270833 0.698828 0.273148 0.697917 0.274769 0.696615 0.275694 0.695573 0.275694 0.694010 0.276620 0.692187 0.276620 0.691927 0.277083 0.688802 0.277083 0.688542 0.277546 0.687240 0.277546 0.686979 0.278009 0.684635 0.278009 0.682031 0.275694 0.677995 0.268519 0.676953 0.266204 0.676432 0.264352 0.674870 0.261111 0.674089 0.258333 0.674089 0.257407 0.673307 0.254167 0.672786 0.250463 0.672266 0.248611 0.672266 0.247222 0.671745 0.245833 0.670964 0.241204 0.670964 0.238426 0.670703 0.237963 0.670703 0.231944 0.670964 0.231481 0.670964 0.228241 0.671224 0.227778 0.671224 0.224537 0.671484 0.224074 0.671484 0.218519 0.671745 0.218056 0.671745 0.214815 0.672005 0.214352 0.672005 0.211574 0.672266 0.211111 0.672266 0.206481 0.672526 0.206019 0.672526 0.203241 0.672786 0.202778 0.673307 0.198148 0.673307 0.189815 0.673568 0.189352 0.673828 0.185185 0.674089 0.184722 0.674089 0.180093 0.674349 0.179630 0.674349 0.175000 0.674609 0.174537 0.674609 0.171296 0.674870 0.170833 0.674870 0.168056 0.675391 0.165278 0.675391 0.162963 0.675651 0.162500 0.675651 0.156944 0.675911 0.156481 0.675911 0.152315 0.676172 0.151852 0.676172 0.147685 0.676432 0.147222 0.676432 0.142130 0.676693 0.141667 0.676693 0.138889 0.677214 0.136111 0.677214 0.133796 0.677474 0.133333 0.677474 0.131019 0.677734 0.130556 0.677734 0.126852 0.677995 0.126389 0.677995 0.122222 0.678255 0.121759 0.678255 0.117130 0.678516 0.116667 0.678516 0.112963 0.678776 0.112500 0.678776 0.109722 0.679036 0.109259 0.679036 0.106944 0.679297 0.106481 0.679818 0.100000 0.680078 0.099537 0.680078 0.096296 0.680339 0.095833 0.680339 0.091667 0.680599 0.091204 0.680599 0.084722 0.680859 0.084259 0.680859 0.081481 0.681120 0.079630 0.682422 0.075463 0.682422 0.074537 0.685286 0.064352 0.689323 0.057176 0.689583 0.057176 0.691406 0.053935 0.691667 0.053935 0.695052 0.049306 0.695833 0.048843 0.698177 0.046528 0.699219 0.044676 0.701562 0.041898 0.702083 0.041898 0.703125 0.040509 0.704948 0.039120 0.708333 0.035417 0.714063 0.030324 0.714844 0.029861 0.717187 0.026620 0.719010 0.025694 0.720833 0.025231 0.722135 0.023843 0.725000 0.021991 0.725781 0.021065 0.730208 0.018750 0.731771 0.017361 0.732292 0.016435 0.733594 0.015509 0.734896 0.014120 0.736198 0.013194 0.737500 0.012731 0.738542 0.011806 0.740885 0.010880 0.742188 0.009491 0.742708 0.009491 0.744010 0.008102 0.746094 0.007176 0.746354 0.006713 0.748437 0.005787 0.749219 0.005787 0.750260 0.004861 0.751563 0.004398 0.752344 0.003472 0.754687 0.003472 0.755859 0.002315 0.755859 0.000000
 7 0.890495 0.999537 0.890365 0.998843 0.888281 0.998843 0.888021 0.998380 0.881510 0.998380 0.881250 0.998843 0.875781 0.998843 0.875521 0.998380 0.873698 0.998380 0.873437 0.997917 0.866667 0.997917 0.866406 0.998380 0.860938 0.998380 0.860677 0.997917 0.855469 0.997917 0.855208 0.997454 0.851302 0.997454 0.851042 0.996991 0.849479 0.996991 0.848177 0.996065 0.847135 0.996065 0.845833 0.995139 0.844531 0.994676 0.843490 0.993750 0.841146 0.992824 0.840104 0.991435 0.838802 0.990509 0.838021 0.989120 0.836979 0.988194 0.833073 0.985880 0.831771 0.984491 0.831250 0.984491 0.829427 0.982639 0.828646 0.982176 0.826302 0.981713 0.824740 0.980324 0.824219 0.980324 0.822917 0.978935 0.821094 0.977546 0.819531 0.975231 0.816927 0.972454 0.814063 0.970602 0.810417 0.968750 0.810156 0.968287 0.808333 0.967824 0.807031 0.966898 0.806510 0.965972 0.803385 0.962731 0.802083 0.960880 0.801042 0.959954 0.798958 0.959028 0.797656 0.957639 0.797135 0.957639 0.795833 0.956250 0.795312 0.956250 0.792448 0.953472 0.791146 0.952546 0.789844 0.952083 0.786719 0.949769 0.784896 0.947454 0.783854 0.946991 0.780990 0.943750 0.779427 0.942361 0.778125 0.941898 0.776823 0.940509 0.776302 0.940509 0.774479 0.938657 0.772526 0.935185 0.771484 0.932407 0.769661 0.929167 0.767839 0.923148 0.767839 0.921759 0.767318 0.919444 0.767057 0.917130 0.767057 0.914815 0.766797 0.914352 0.766797 0.909722 0.767057 0.909259 0.767057 0.903704 0.767318 0.903241 0.767318 0.899537 0.767578 0.899074 0.767578 0.895370 0.767839 0.894907 0.767839 0.889352 0.768099 0.888889 0.768099 0.884722 0.769141 0.880093 0.769141 0.878704 0.769922 0.875926 0.770182 0.873611 0.770703 0.871296 0.771224 0.870370 0.771745 0.867593 0.772786 0.864815 0.773307 0.862037 0.773307 0.859259 0.773568 0.858796 0.773568 0.856481 0.774609 0.850926 0.775651 0.848148 0.776953 0.845833 0.777734 0.841667 0.777995 0.839352 0.777995 0.836574 0.778255 0.836111 0.778255 0.831481 0.778516 0.831019 0.778516 0.826389 0.778776 0.825926 0.778776 0.821759 0.779036 0.821296 0.779036 0.817593 0.779297 0.817130 0.779297 0.809259 0.779557 0.808796 0.779557 0.802315 0.779818 0.801852 0.779818 0.788889 0.780078 0.788426 0.780078 0.782870 0.780339 0.782407 0.780339 0.775463 0.780599 0.775000 0.780599 0.759722 0.780859 0.759259 0.780859 0.755093 0.781120 0.754630 0.781120 0.751852 0.781380 0.751389 0.781380 0.749074 0.781641 0.746759 0.782422 0.743981 0.782422 0.743056 0.783464 0.739815 0.783984 0.737037 0.784245 0.733796 0.784505 0.733333 0.786068 0.725463 0.786849 0.723148 0.787109 0.720833 0.787630 0.718981 0.787891 0.715741 0.788411 0.713889 0.788411 0.712500 0.788932 0.711111 0.789453 0.707870 0.790234 0.705556 0.790234 0.704630 0.791016 0.702315 0.792318 0.695370 0.792839 0.691667 0.793620 0.689352 0.794661 0.684259 0.795182 0.682870 0.795703 0.677315 0.796745 0.673611 0.796745 0.672685 0.797786 0.669444 0.797786 0.668519 0.798828 0.664815 0.799089 0.662500 0.799609 0.661111 0.800651 0.655093 0.800651 0.654167 0.801693 0.650926 0.801693 0.650000 0.802474 0.647685 0.802995 0.645370 0.803255 0.642593 0.803776 0.640741 0.803776 0.639352 0.804297 0.637500 0.804557 0.634722 0.805599 0.631481 0.805859 0.629630 0.806641 0.627778 0.806901 0.624537 0.807161 0.624074 0.807422 0.620833 0.807943 0.619444 0.808724 0.615278 0.809505 0.612963 0.809505 0.612037 0.810286 0.609722 0.810286 0.608796 0.811328 0.605093 0.811589 0.602315 0.812891 0.595833 0.814453 0.590741 0.817187 0.585880 0.818229 0.584954 0.819531 0.584491 0.824740 0.584491 0.825000 0.584954 0.826302 0.584954 0.827865 0.585880 0.829167 0.585880 0.832031 0.587269 0.833333 0.587269 0.833594 0.587731 0.835938 0.588194 0.836198 0.588657 0.837500 0.588657 0.837760 0.589120 0.844792 0.591435 0.846094 0.592361 0.847396 0.592824 0.851823 0.595139 0.853125 0.595602 0.854427 0.595602 0.854688 0.596065 0.856250 0.596065 0.856510 0.596528 0.858594 0.596528 0.858854 0.596991 0.861198 0.596991 0.862500 0.597454 0.864844 0.598843 0.869271 0.600231 0.870833 0.601157 0.872135 0.601157 0.872396 0.601620 0.873698 0.601620 0.873958 0.602083 0.875260 0.602083 0.875521 0.602546 0.876823 0.602546 0.877083 0.603009 0.880729 0.603935 0.881771 0.604861 0.883594 0.605324 0.886719 0.606713 0.887760 0.607639 0.891146 0.608565 0.891406 0.609028 0.893490 0.609028 0.893750 0.609491 0.896354 0.609491 0.897656 0.609954 0.898958 0.610880 0.900260 0.610880 0.901823 0.611806 0.902865 0.611806 0.904427 0.612731 0.905729 0.612731 0.905990 0.613194 0.907292 0.613194 0.907552 0.613657 0.908854 0.613657 0.910156 0.614583 0.911458 0.614583 0.911719 0.615046 0.914844 0.616435 0.916146 0.616435 0.916406 0.616898 0.918750 0.617361 0.921094 0.618750 0.923698 0.619676 0.925781 0.620139 0.926823 0.621065 0.928906 0.621528 0.929167 0.621991 0.930729 0.621991 0.930990 0.622454 0.932552 0.622454 0.932813 0.622917 0.934635 0.622917 0.934896 0.623380 0.936458 0.623380 0.936719 0.623843 0.938021 0.623843 0.938281 0.624306 0.939583 0.624306 0.940885 0.625231 0.941927 0.625231 0.944271 0.626620 0.945573 0.627083 0.946875 0.627083 0.948177 0.628009 0.949479 0.628472 0.950781 0.628472 0.952344 0.629398 0.953646 0.629398 0.953906 0.629861 0.955208 0.629861 0.956510 0.630324 0.957812 0.631250 0.958854 0.631250 0.960156 0.632176 0.961979 0.632639 0.963281 0.633565 0.964323 0.633565 0.967448 0.635417 0.968750 0.635880 0.970052 0.635880 0.970313 0.636343 0.972396 0.636343 0.972656 0.636806 0.974740 0.636806 0.976302 0.637731 0.977604 0.637731 0.980469 0.639120 0.982812 0.639583 0.984896 0.640972 0.985938 0.640972 0.987240 0.641898 0.988542 0.642361 0.989844 0.642361 0.990104 0.642824 0.991406 0.642824 0.991667 0.643287 0.993229 0.643287 0.993490 0.643750 0.995052 0.643750 0.998437 0.646065 0.999740 0.646065
 7 0.999740 0.998380 0.983333 0.998380 0.983073 0.997917 0.981250 0.997917 0.980990 0.997454 0.979688 0.997454 0.978906 0.996528 0.977604 0.996528 0.976042 0.997454 0.971615 0.997454 0.971354 0.996991 0.969531 0.996991 0.969271 0.997454 0.965104 0.997454 0.964844 0.996991 0.952344 0.996991 0.952083 0.997454 0.950521 0.997454 0.950260 0.996991 0.948958 0.996991 0.948698 0.996528 0.945573 0.996528 0.945312 0.996991 0.941927 0.996991 0.940365 0.996065 0.937500 0.996065 0.937240 0.996528 0.930990 0.996528 0.929948 0.997454 0.928385 0.997454 0.928125 0.997917 0.925521 0.997917 0.925260 0.997454 0.922917 0.997454 0.922656 0.997917 0.917708 0.997917 0.917448 0.997454 0.913281 0.997454 0.913021 0.996991 0.910937 0.996991 0.910677 0.996528 0.908854 0.996528 0.907552 0.996065 0.907292 0.996528 0.905990 0.996528 0.904687 0.997454 0.903385 0.997917 0.901823 0.997917 0.901563 0.998380 0.899479 0.998380 0.898177 0.998843 0.898047 0.999537
 2 0.851172 0.999537 0.851042 0.998843 0.849740 0.998380 0.848437 0.998380 0.847396 0.997454 0.846094 0.996991 0.844792 0.996065 0.840885 0.992824 0.840365 0.992824 0.838021 0.990509 0.835156 0.988194 0.833854 0.987731 0.830469 0.984491 0.829948 0.984491 0.828125 0.982639 0.826302 0.981713 0.824479 0.979861 0.822656 0.978935 0.820312 0.976620 0.814844 0.971991 0.814063 0.971065 0.812760 0.970602 0.810677 0.968750 0.810156 0.968750 0.808854 0.967361 0.807552 0.966898 0.806771 0.965972 0.805729 0.965509 0.805208 0.964583 0.801823 0.961806 0.800521 0.960417 0.799219 0.959954 0.797917 0.959028 0.796615 0.957639 0.795312 0.956713 0.793490 0.954861 0.791667 0.953935 0.790365 0.952546 0.788281 0.951157 0.784896 0.947917 0.784375 0.947917 0.782292 0.946065 0.781771 0.946065 0.778646 0.943287 0.775781 0.940046 0.775260 0.940046 0.773958 0.938657 0.771745 0.934722 0.771484 0.933333 0.770703 0.931944 0.770182 0.930093 0.769401 0.928704 0.768099 0.924537 0.768099 0.923611 0.767057 0.920370 0.766797 0.918981 0.766797 0.902778 0.767057 0.902315 0.767057 0.899537 0.767318 0.899074 0.767318 0.893981 0.767578 0.893519 0.767578 0.889352 0.767839 0.888889 0.767839 0.886111 0.768099 0.884259 0.768880 0.881019 0.768880 0.879630 0.769401 0.876852 0.769922 0.875463 0.770182 0.873148 0.770703 0.871296 0.770703 0.869907 0.771484 0.867130 0.771745 0.863889 0.772266 0.862500 0.772786 0.858333 0.774609 0.851389 0.774609 0.850000 0.775130 0.849074 0.775781 0.846065 0.776432 0.848611 0.776432 0.852315 0.776693 0.852778 0.776693 0.856944 0.776432 0.857407 0.776432 0.863426 0.776172 0.863889 0.776172 0.868056 0.775911 0.868519 0.775911 0.871296 0.775391 0.873611 0.774609 0.882407 0.774349 0.882870 0.774349 0.891667 0.774870 0.893981 0.776172 0.896759 0.776172 0.897222 0.778125 0.900694 0.782292 0.904398 0.783594 0.904861 0.785677 0.906713 0.786979 0.907176 0.791146 0.910880 0.791667 0.910880 0.793490 0.912731 0.796094 0.914583 0.797396 0.915046 0.798698 0.915972 0.803125 0.920139 0.804427 0.921065 0.806510 0.921991 0.811198 0.925694 0.812500 0.927083 0.813802 0.928009 0.815104 0.928472 0.816927 0.930324 0.817448 0.930324 0.818750 0.931713 0.820312 0.932639 0.821615 0.934028 0.822135 0.934028 0.823958 0.935880 0.825781 0.936806 0.827083 0.938194 0.827604 0.938194 0.830469 0.940972 0.834375 0.943287 0.836458 0.945139 0.838281 0.946065 0.841146 0.948843 0.842969 0.949769 0.845052 0.951620 0.849740 0.954861 0.850521 0.955787 0.851823 0.956250 0.857552 0.961343 0.859635 0.962269 0.865365 0.967361 0.866667 0.968287 0.867969 0.968750 0.868750 0.969676 0.870052 0.970139 0.871875 0.971991 0.873177 0.972917 0.874479 0.973380 0.875781 0.974306 0.878646 0.977083 0.879948 0.978009 0.881250 0.978472 0.883073 0.980324 0.885938 0.982639 0.886458 0.982639 0.887760 0.984028 0.889844 0.984954 0.890625 0.985880 0.896615 0.990046 0.897917 0.991435 0.899740 0.992361 0.901823 0.994676 0.902865 0.995139 0.903646 0.996528 0.904557 0.997222 0.902734 0.999537
 8 0.000000 0.158102 0.001823 0.158102 0.002344 0.157639 0.004167 0.154398 0.006510 0.152546 0.009635 0.151157 0.011198 0.150231 0.014063 0.147454 0.016667 0.146528 0.019792 0.144676 0.020833 0.143287 0.022135 0.142361 0.024740 0.139583 0.026042 0.139120 0.029167 0.136806 0.030729 0.136343 0.032031 0.134954 0.033854 0.134028 0.035937 0.132176 0.039062 0.131250 0.040625 0.130324 0.043750 0.127546 0.045052 0.126157 0.046615 0.125231 0.049479 0.124306 0.051042 0.123380 0.052865 0.121528 0.055990 0.119676 0.057813 0.119213 0.058854 0.118287 0.059635 0.118287 0.060677 0.117361 0.061458 0.117361 0.062500 0.116435 0.063281 0.116435 0.065104 0.115509 0.066667 0.114120 0.067708 0.112731 0.069271 0.111806 0.070312 0.111806 0.071615 0.110880 0.072656 0.110880 0.073958 0.109954 0.077083 0.109028 0.077344 0.108565 0.079167 0.108102 0.080469 0.107176 0.082812 0.104861 0.083333 0.103935 0.086979 0.102083 0.087500 0.101157 0.089844 0.099306 0.090625 0.098380 0.092448 0.097454 0.093750 0.096065 0.094271 0.096065 0.095573 0.094676 0.096094 0.094676 0.097396 0.093287 0.100521 0.091435 0.103385 0.090509 0.104427 0.089583 0.106250 0.088657 0.107552 0.087269 0.108854 0.086806 0.110417 0.085417 0.114583 0.083102 0.115365 0.083102 0.116927 0.082176 0.119271 0.079861 0.122135 0.078009 0.123958 0.077546 0.125000 0.076620 0.126823 0.076157 0.128385 0.075231 0.130729 0.072917 0.134375 0.071065 0.135417 0.071065 0.136719 0.070139 0.138542 0.069676 0.142969 0.065972 0.143490 0.065972 0.144792 0.064583 0.148958 0.063194 0.151302 0.061806 0.152604 0.061343 0.153906 0.059954 0.155208 0.059491 0.156250 0.058565 0.157031 0.058565 0.159635 0.056713 0.160417 0.056713 0.161458 0.055787 0.163802 0.054861 0.166667 0.052083 0.167969 0.051620 0.168750 0.050694 0.169531 0.050694 0.170833 0.049769 0.172656 0.049306 0.172917 0.048843 0.177083 0.046991 0.179167 0.045139 0.179688 0.045139 0.181250 0.043750 0.184896 0.042824 0.188281 0.040972 0.190625 0.038657 0.193229 0.036343 0.194271 0.035880 0.195573 0.035880 0.195833 0.035417 0.197135 0.035417 0.198177 0.034491 0.199740 0.034028 0.200521 0.033102 0.202344 0.032639 0.204687 0.031250 0.205469 0.030324 0.207031 0.029398 0.207813 0.029398 0.209115 0.028472 0.211719 0.027546 0.213802 0.025694 0.214323 0.025694 0.215625 0.024306 0.216146 0.024306 0.218490 0.022454 0.219271 0.022454 0.220312 0.021528 0.222135 0.021065 0.223958 0.019676 0.226562 0.018750 0.228385 0.016898 0.229687 0.015972 0.231510 0.015509 0.232552 0.014583 0.233333 0.014583 0.236719 0.011806 0.237240 0.011806 0.239583 0.009491 0.241146 0.008565 0.244271 0.007176 0.245052 0.007176 0.246354 0.006250 0.247656 0.005787 0.251302 0.005787 0.251563 0.005324 0.253125 0.005324 0.254427 0.004398 0.256771 0.003935 0.257031 0.003472 0.259896 0.003472 0.260156 0.003009 0.261458 0.003009 0.262891 0.002315 0.262891 0.000000
 8 0.263411 0.000000 0.263411 0.002315 0.266667 0.003935 0.267969 0.003935 0.269010 0.003472 0.270443 0.002315 0.270443 0.000000
 8 0.273568 0.000000 0.273698 0.002546 0.276823 0.002546 0.276953 0.000000
 8 0.361589 0.000000 0.361589 0.002315 0.362500 0.003009 0.364063 0.003009 0.364323 0.003472 0.367448 0.003472 0.367708 0.003935 0.369792 0.003935 0.370052 0.003472 0.372135 0.003472 0.372396 0.003009 0.373698 0.003009 0.373958 0.003472 0.375781 0.003472 0.376042 0.003935 0.377604 0.003472 0.378776 0.002315 0.378776 0.000000
 8 0.383464 0.000000 0.383464 0.002315 0.384375 0.003009 0.385937 0.003009 0.386198 0.003472 0.388802 0.003472 0.389062 0.003935 0.391927 0.003935 0.393099 0.002315 0.393099 0.000000
 8 0.399089 0.000000 0.399089 0.002778 0.399740 0.003935 0.400521 0.004398 0.403125 0.004398 0.403385 0.003935 0.405990 0.003935 0.406250 0.003472 0.407813 0.003472 0.408073 0.003009 0.410417 0.003009 0.410677 0.002546 0.412500 0.002546 0.414583 0.003935 0.416927 0.004398 0.417187 0.003935 0.423958 0.003935 0.424219 0.003472 0.426042 0.003472 0.426302 0.003009 0.428646 0.003009 0.428906 0.003472 0.430208 0.003472 0.430469 0.003935 0.433333 0.003935 0.433594 0.003472 0.436979 0.003472 0.437240 0.003935 0.445052 0.003935 0.445312 0.004398 0.453125 0.004398 0.453385 0.003935 0.461198 0.003935 0.461458 0.004398 0.466667 0.004398 0.466927 0.003935 0.469792 0.003935 0.470052 0.003472 0.475521 0.003472 0.475781 0.003935 0.477865 0.003935 0.478125 0.004398 0.479427 0.004398 0.479687 0.003935 0.483594 0.003935 0.483854 0.003472 0.485677 0.003472 0.485938 0.003009 0.490104 0.003009 0.490365 0.003472 0.492448 0.003472 0.492708 0.003935 0.497656 0.003935 0.497917 0.003472 0.501302 0.003472 0.501563 0.003009 0.502865 0.003009 0.503125 0.003472 0.512500 0.003472 0.512760 0.003009 0.513802 0.003472 0.515885 0.005324 0.517448 0.007176 0.517969 0.007176 0.519531 0.005324 0.520703 0.002778 0.520703 0.000000
 8 0.556380 0.000000 0.556380 0.002778 0.558594 0.006713 0.560026 0.007870 0.561068 0.011574 0.561068 0.013889 0.561328 0.014352 0.561328 0.016667 0.561589 0.017130 0.561589 0.020370 0.561849 0.020833 0.561849 0.024074 0.562109 0.024537 0.562109 0.027315 0.562370 0.027778 0.562370 0.030093 0.562630 0.030556 0.562630 0.032870 0.562891 0.033333 0.562891 0.035648 0.563151 0.036111 0.563151 0.038426 0.563932 0.042130 0.564714 0.049537 0.564974 0.050000 0.564974 0.055556 0.565234 0.056019 0.565234 0.060185 0.565495 0.060648 0.565495 0.062963 0.566016 0.065741 0.566016 0.068981 0.566276 0.069444 0.566276 0.072685 0.566536 0.073148 0.567057 0.077778 0.567839 0.080556 0.568099 0.084259 0.568880 0.088426 0.569401 0.093056 0.569401 0.100463 0.569661 0.100926 0.569661 0.103241 0.570182 0.105556 0.570182 0.107870 0.570443 0.108333 0.570443 0.112963 0.570703 0.113426 0.570703 0.116667 0.570964 0.117130 0.570964 0.119444 0.571224 0.119907 0.571224 0.122222 0.571484 0.122685 0.571484 0.125463 0.572786 0.135185 0.572786 0.138889 0.573047 0.139352 0.573047 0.142593 0.573307 0.143056 0.573307 0.145833 0.573828 0.148611 0.573828 0.151852 0.574089 0.152315 0.574089 0.155556 0.574870 0.160648 0.575651 0.162500 0.575911 0.164815 0.576693 0.167593 0.576953 0.169907 0.576953 0.173611 0.577214 0.174074 0.577214 0.177315 0.577474 0.179630 0.578255 0.183796 0.578255 0.186111 0.578516 0.186574 0.578516 0.188889 0.578776 0.189352 0.578776 0.193519 0.579036 0.193981 0.579036 0.198148 0.579297 0.200463 0.579818 0.202778 0.580078 0.205093 0.580078 0.207407 0.580599 0.210185 0.580599 0.212500 0.580859 0.212963 0.580859 0.215278 0.581120 0.215741 0.581120 0.218519 0.581380 0.218981 0.581380 0.222222 0.581641 0.222685 0.581641 0.225000 0.581901 0.225463 0.581901 0.229167 0.582161 0.229630 0.582161 0.232870 0.582422 0.233333 0.582422 0.238426 0.582682 0.239815 0.583464 0.241204 0.583464 0.242130 0.584505 0.245370 0.584505 0.249537 0.584766 0.250000 0.584766 0.253704 0.585026 0.254167 0.585286 0.258333 0.585547 0.258796 0.585547 0.268519 0.585807 0.268981 0.585807 0.272222 0.586068 0.272685 0.586068 0.275000 0.586328 0.277315 0.586849 0.279630 0.587109 0.281944 0.587109 0.284259 0.587370 0.284722 0.587630 0.288889 0.588411 0.293056 0.588411 0.297222 0.588672 0.297685 0.588672 0.302315 0.589974 0.309259 0.590495 0.314815 0.591016 0.316667 0.591016 0.318981 0.591276 0.319444 0.591276 0.321759 0.591536 0.323611 0.592057 0.325000 0.592578 0.328241 0.592578 0.330556 0.592839 0.331019 0.592839 0.333333 0.593099 0.333796 0.593099 0.336111 0.593359 0.336574 0.593359 0.340278 0.593620 0.340741 0.593620 0.344444 0.593880 0.344907 0.593880 0.348148 0.594141 0.348611 0.594141 0.351389 0.594401 0.351852 0.594401 0.355093 0.594661 0.355556 0.594661 0.357870 0.594922 0.358333 0.594922 0.360648 0.595443 0.362963 0.595443 0.367130 0.595182 0.367593 0.595182 0.373148 0.595964 0.376852 0.595964 0.384259 0.596484 0.386111 0.597786 0.388426 0.599349 0.393519 0.599349 0.394907 0.600130 0.398148 0.600130 0.406944 0.600651 0.408333 0.601172 0.412963 0.601432 0.413426 0.601432 0.417130 0.601693 0.417593 0.601693 0.421296 0.601953 0.421759 0.601953 0.425000 0.602214 0.425463 0.602214 0.431019 0.602474 0.431481 0.602474 0.434259 0.602995 0.436111 0.603255 0.439815 0.604036 0.443056 0.604036 0.444444 0.604557 0.446759 0.604818 0.449074 0.604818 0.451389 0.605078 0.451852 0.605078 0.454167 0.605339 0.454630 0.605339 0.457407 0.605859 0.462037 0.606120 0.462500 0.606120 0.464815 0.606380 0.465278 0.606901 0.469907 0.607943 0.473611 0.607943 0.475000 0.608464 0.477315 0.608724 0.479630 0.608724 0.482407 0.608984 0.482870 0.608984 0.487500 0.609245 0.487963 0.609245 0.493519 0.609505 0.493981 0.609505 0.497222 0.610026 0.500000 0.611328 0.503241 0.612109 0.506019 0.613802 0.509028 0.615104 0.510417 0.616536 0.512963 0.616536 0.513426 0.618880 0.517593 0.619661 0.519907 0.620703 0.524074 0.620703 0.531019 0.620964 0.531481 0.620964 0.533796 0.621484 0.536111 0.621484 0.538426 0.620443 0.541667 0.619661 0.546759 0.618880 0.549074 0.618099 0.552315 0.617057 0.554630 0.616016 0.558333 0.615755 0.560185 0.613932 0.563426 0.612891 0.566667 0.610026 0.571759 0.607682 0.579630 0.606771 0.581250 0.605990 0.581713 0.604427 0.584028 0.604167 0.584028 0.602474 0.587037 0.601693 0.590278 0.601432 0.592593 0.600911 0.594907 0.599479 0.597454 0.599219 0.597454 0.597786 0.600000 0.596745 0.603704 0.595703 0.606481 0.594141 0.609259 0.593359 0.611111 0.592057 0.616667 0.591276 0.618981 0.590234 0.621296 0.589063 0.622917 0.587760 0.625231 0.587109 0.625926 0.584505 0.635185 0.583333 0.637269 0.582552 0.637731 0.580990 0.639583 0.579818 0.641667 0.579297 0.643519 0.578776 0.648611 0.577734 0.652315 0.576562 0.654398 0.575781 0.654861 0.574349 0.656944 0.573047 0.662500 0.571875 0.664583 0.571615 0.664583 0.569922 0.669444 0.568880 0.673611 0.567448 0.676157 0.567187 0.676157 0.564453 0.681019 0.563672 0.683796 0.562109 0.688426 0.562109 0.689352 0.561328 0.692130 0.560156 0.694213 0.558333 0.695602 0.556901 0.698148 0.555859 0.701389 0.555859 0.702315 0.555078 0.705556 0.553776 0.708796 0.551823 0.712269 0.550651 0.713889 0.549609 0.718056 0.547526 0.721759 0.546745 0.724537 0.545964 0.729630 0.545443 0.731944 0.543750 0.734954 0.543490 0.734954 0.541536 0.738426 0.541016 0.740278 0.539974 0.742593 0.539193 0.746296 0.537240 0.749769 0.536458 0.750694 0.535677 0.750694 0.533594 0.752083 0.532682 0.754630 0.532422 0.756481 0.532422 0.759259 0.532161 0.760648 0.531380 0.762500 0.530078 0.767593 0.529818 0.769444 0.528776 0.772222 0.526823 0.775694 0.524479 0.778009 0.523307 0.780093 0.522526 0.783333 0.522005 0.787963 0.521354 0.789120 0.519010 0.790509 0.518099 0.792130 0.517839 0.794444 0.516797 0.796759 0.515755 0.800926 0.514714 0.803704 0.513411 0.807870 0.513151 0.809259 0.511589 0.812037 0.511328 0.814815 0.509896 0.817824 0.509635 0.817824 0.508203 0.820370 0.506380 0.826852 0.506380 0.827778 0.504948 0.830324 0.502604 0.832176 0.501563 0.833565 0.500391 0.836111 0.499870 0.838426 0.499870 0.840741 0.499609 0.841204 0.499349 0.844444 0.498568 0.846759 0.497135 0.849306 0.496354 0.849769 0.495443 0.851389 0.494401 0.856481 0.493229 0.858565 0.492448 0.859028 0.491016 0.861574 0.490495 0.863889 0.489583 0.865509 0.488021 0.864583 0.487240 0.863194 0.486458 0.862731 0.485677 0.863194 0.485286 0.864352 0.485286 0.865741 0.486328 0.868981 0.486328 0.871296 0.485807 0.873148 0.484505 0.876389 0.484505 0.877315 0.483724 0.879630 0.483203 0.882407 0.482943 0.885185 0.481510 0.887731 0.480208 0.888657 0.477995 0.893981 0.477474 0.896759 0.477474 0.898148 0.475911 0.901389 0.474870 0.905093 0.473698 0.907176 0.473438 0.907176 0.472266 0.909259 0.471745 0.912037 0.470313 0.914583 0.469531 0.915046 0.468099 0.918056 0.467318 0.921759 0.467318 0.923148 0.466146 0.927083 0.464323 0.928472 0.463672 0.929630 0.462891 0.933333 0.461589 0.936111 0.460547 0.940741 0.459115 0.943287 0.458594 0.943750 0.457292 0.943750 0.457031 0.944213 0.455208 0.944676 0.453776 0.947222 0.453255 0.950463 0.453255 0.954167 0.452995 0.956019 0.452214 0.959259 0.452214 0.960648 0.451432 0.963889 0.450911 0.965278 0.448437 0.969676 0.445312 0.972454 0.444531 0.973380 0.442969 0.976157 0.441667 0.974306 0.440365 0.973380 0.438802 0.973380 0.438021 0.974306 0.437630 0.975463 0.437630 0.980093 0.437891 0.980556 0.437891 0.983796 0.437630 0.986111 0.437109 0.988426 0.436458 0.989120 0.434635 0.989120 0.432292 0.986806 0.431250 0.986806 0.430208 0.988194 0.428125 0.990046 0.426563 0.990046 0.425260 0.989583 0.424219 0.988657 0.423438 0.988657 0.422135 0.987731 0.420833 0.987731 0.420573 0.987269 0.419271 0.987731 0.416927 0.990509 0.415365 0.991435 0.414323 0.991435 0.413021 0.992361 0.411198 0.992361 0.410156 0.991898 0.408594 0.990509 0.406771 0.990509 0.406510 0.990972 0.404948 0.990972 0.404687 0.991435 0.402604 0.991435 0.402344 0.991898 0.399479 0.991898 0.399219 0.992361 0.396615 0.992361 0.396354 0.991898 0.395052 0.991898 0.392969 0.990509 0.391927 0.990509 0.391146 0.991435 0.389583 0.992361 0.386979 0.992361 0.386719 0.991898 0.385417 0.991898 0.385156 0.991435 0.382552 0.991435 0.382292 0.991898 0.380208 0.991898 0.379948 0.991435 0.378125 0.990972 0.377865 0.990509 0.376302 0.990509 0.375521 0.991435 0.373958 0.992361 0.371094 0.992361 0.370833 0.991898 0.363802 0.991898 0.361458 0.990509 0.360156 0.990972 0.358333 0.992361 0.355729 0.992361 0.355469 0.991898 0.354167 0.991898 0.353906 0.991435 0.351823 0.991435 0.351562 0.991898 0.348698 0.991898 0.347396 0.991435 0.346354 0.990509 0.345052 0.990509 0.344271 0.991435 0.342448 0.992361 0.340104 0.992361 0.339844 0.991898 0.338542 0.991898 0.338281 0.991435 0.336198 0.991435 0.335938 0.991898 0.333073 0.991898 0.331771 0.991435 0.330729 0.990509 0.329427 0.990509 0.328646 0.991435 0.327083 0.992361 0.324219 0.992361 0.323958 0.991898 0.316667 0.991898 0.315104 0.990972 0.313802 0.990972 0.312240 0.992361 0.311198 0.992824 0.308333 0.992824 0.308073 0.992361 0.303906 0.992361 0.303646 0.992824 0.302344 0.992824 0.302083 0.992361 0.300781 0.992361 0.299219 0.991435 0.292448 0.991435 0.292187 0.990972 0.290104 0.990972 0.289844 0.991435 0.288542 0.991435 0.288281 0.991898 0.286719 0.991898 0.285156 0.990972 0.283333 0.988194 0.280990 0.986806 0.279818 0.984259 0.279818 0.981481 0.280599 0.978241 0.280599 0.975000 0.279687 0.973380 0.278125 0.973380 0.276562 0.974306 0.275911 0.976389 0.277474 0.979630 0.278516 0.982870 0.278776 0.984722 0.278776 0.988889 0.278255 0.991204 0.277214 0.993519 0.275781 0.995602 0.266146 0.995602 0.265885 0.995139 0.264323 0.995139 0.263281 0.994676 0.263021 0.995139 0.260937 0.995139 0.260677 0.995602 0.258594 0.995602 0.258333 0.995139 0.256510 0.995139 0.256250 0.994676 0.254688 0.994676 0.254427 0.994213 0.253125 0.994213 0.252865 0.993750 0.251563 0.993750 0.251302 0.993287 0.249479 0.993287 0.249219 0.992824 0.246094 0.992824 0.245833 0.992361 0.243750 0.992361 0.241406 0.990509 0.240885 0.990509 0.239323 0.989120 0.238021 0.987269 0.236719 0.986343 0.235417 0.984954 0.232552 0.979861 0.231250 0.978472 0.228906 0.974306 0.227604 0.973380 0.226042 0.971528 0.225260 0.970139 0.223958 0.968750 0.222526 0.966204 0.222526 0.965741 0.220964 0.962963 0.220964 0.962500 0.219271 0.959954 0.217969 0.958565 0.215365 0.956250 0.214062 0.954398 0.211719 0.951620 0.209896 0.948843 0.207552 0.946528 0.204687 0.945139 0.202865 0.942824 0.202604 0.942824 0.201432 0.940741 0.201432 0.940278 0.199479 0.936806 0.198437 0.935417 0.197656 0.934954 0.195573 0.931713 0.192448 0.928472 0.191667 0.928009 0.189062 0.923380 0.185938 0.920139 0.185156 0.918750 0.183073 0.915972 0.182031 0.915046 0.180339 0.912037 0.180339 0.911574 0.178646 0.908565 0.177604 0.907639 0.175521 0.903935 0.174219 0.903009 0.171354 0.900231 0.168229 0.894676 0.167969 0.894676 0.166667 0.892361 0.164583 0.890046 0.162240 0.886343 0.160938 0.884954 0.159115 0.882176 0.157031 0.879861 0.155729 0.877546 0.154688 0.876157 0.153385 0.875231 0.150781 0.872454 0.149609 0.870370 0.149609 0.869907 0.147656 0.866435 0.146875 0.865972 0.144531 0.862731 0.141667 0.859491 0.138281 0.853472 0.138021 0.853472 0.135156 0.848380 0.134115 0.847454 0.132031 0.844676 0.129167 0.839583 0.128125 0.838657 0.126823 0.836806 0.125521 0.835880 0.124219 0.834491 0.122917 0.832639 0.121875 0.831713 0.117578 0.824074 0.117578 0.823611 0.115365 0.819676 0.112760 0.816898 0.111589 0.814815 0.111328 0.813426 0.110286 0.811111 0.110026 0.809722 0.108594 0.807639 0.107292 0.806713 0.105469 0.806250 0.101562 0.803472 0.098437 0.798843 0.097135 0.797454 0.096094 0.795602 0.094271 0.793750 0.093229 0.792361 0.089323 0.785417 0.087240 0.783565 0.084896 0.780324 0.083073 0.778472 0.081771 0.776620 0.080208 0.773843 0.079948 0.773843 0.077865 0.771065 0.076823 0.770139 0.076042 0.768750 0.075000 0.767824 0.074219 0.766435 0.072917 0.765509 0.070573 0.762731 0.067708 0.757639 0.066146 0.755787 0.065365 0.755324 0.062240 0.751620 0.061979 0.751620 0.060156 0.748843 0.059896 0.748843 0.057031 0.743750 0.055208 0.741898 0.053125 0.738657 0.051302 0.736806 0.050000 0.734954 0.048698 0.732639 0.047396 0.731250 0.043750 0.724769 0.042188 0.722917 0.040625 0.721528 0.039583 0.720139 0.038021 0.717361 0.037760 0.717361 0.034375 0.712731 0.033073 0.710417 0.031510 0.708565 0.029818 0.705556 0.028776 0.702778 0.027344 0.700694 0.026562 0.700231 0.024740 0.698380 0.022917 0.695139 0.020313 0.692361 0.018490 0.689120 0.017188 0.687731 0.013802 0.681713 0.010677 0.678472 0.009375 0.676620 0.008073 0.674306 0.005208 0.671528 0.004167 0.670139 0.003255 0.668056 0.002083 0.665972 0.001563 0.665509 0.000000 0.665509
 8 0.463672 0.392130 0.465885 0.391898 0.467187 0.391435 0.468750 0.390046 0.470833 0.388657 0.472656 0.386806 0.474479 0.385880 0.475911 0.383333 0.475911 0.382870 0.478125 0.378935 0.479427 0.377083 0.482812 0.373843 0.484766 0.370370 0.485156 0.369213 0.486979 0.367361 0.489323 0.363194 0.490625 0.361806 0.493490 0.359954 0.495833 0.359028 0.497135 0.358102 0.498307 0.356481 0.499089 0.351389 0.499609 0.349537 0.501563 0.346065 0.502865 0.344676 0.504167 0.343750 0.508594 0.335880 0.509896 0.334491 0.511198 0.333565 0.513021 0.331713 0.514323 0.330787 0.515495 0.328241 0.516016 0.326389 0.519792 0.319676 0.521094 0.318750 0.522396 0.317361 0.523307 0.315278 0.525000 0.312269 0.526823 0.310417 0.527604 0.309028 0.529948 0.307176 0.531901 0.303704 0.532422 0.301852 0.532943 0.298148 0.533464 0.296759 0.533464 0.292130 0.532943 0.289352 0.532943 0.282407 0.532682 0.280093 0.532161 0.278241 0.531901 0.275926 0.531380 0.274074 0.531380 0.267593 0.531120 0.265278 0.530339 0.261111 0.530339 0.254630 0.530078 0.254167 0.530078 0.250463 0.530339 0.250000 0.530339 0.246296 0.530599 0.245833 0.530599 0.242130 0.530859 0.241667 0.530599 0.238889 0.529297 0.236574 0.527995 0.233333 0.527734 0.231944 0.527734 0.229630 0.527474 0.229167 0.527474 0.226852 0.526953 0.225000 0.525651 0.222685 0.525391 0.220370 0.524870 0.218519 0.524870 0.214352 0.524609 0.213889 0.524609 0.211574 0.524349 0.211111 0.522526 0.204630 0.522266 0.201389 0.521224 0.196759 0.521224 0.195370 0.520703 0.193519 0.520443 0.190278 0.519922 0.188889 0.519141 0.184722 0.519141 0.183333 0.518620 0.179630 0.517578 0.174074 0.517578 0.171296 0.516797 0.167593 0.516797 0.166204 0.516016 0.162963 0.515755 0.159259 0.514974 0.154630 0.514193 0.152315 0.513411 0.150926 0.512630 0.147685 0.512630 0.145370 0.512370 0.143056 0.511849 0.140741 0.510286 0.137500 0.509505 0.134259 0.509505 0.131481 0.509245 0.131019 0.509245 0.128704 0.508464 0.125000 0.508464 0.123611 0.507943 0.121296 0.507943 0.118519 0.507682 0.118056 0.507682 0.102778 0.507943 0.102315 0.507682 0.099537 0.506641 0.096296 0.506120 0.093519 0.504687 0.091435 0.503385 0.090972 0.502083 0.090972 0.501823 0.090509 0.500260 0.090509 0.500000 0.090046 0.498177 0.090046 0.497917 0.089583 0.495833 0.089583 0.495573 0.090046 0.492969 0.090046 0.491406 0.090972 0.488542 0.091898 0.487240 0.092824 0.485417 0.092824 0.485156 0.093287 0.478646 0.093287 0.478385 0.093750 0.475781 0.094676 0.473698 0.094676 0.473438 0.095139 0.472135 0.095139 0.471875 0.095602 0.470573 0.095602 0.470313 0.096065 0.467708 0.096065 0.467448 0.096528 0.464844 0.096528 0.464583 0.096991 0.462500 0.096991 0.462240 0.097454 0.459375 0.097454 0.459115 0.097917 0.455729 0.097917 0.455469 0.098380 0.452344 0.098380 0.452083 0.098843 0.449479 0.098843 0.449219 0.099306 0.446354 0.099306 0.446094 0.099769 0.444010 0.099769 0.442708 0.100231 0.440885 0.101620 0.439583 0.101620 0.439323 0.102083 0.434375 0.102083 0.432812 0.103009 0.429688 0.103009 0.428125 0.102083 0.425521 0.102083 0.425260 0.101620 0.423698 0.101620 0.422396 0.102546 0.421094 0.103009 0.419531 0.103009 0.419271 0.103472 0.417969 0.103472 0.415625 0.104861 0.414583 0.104861 0.412240 0.105787 0.411198 0.106713 0.407552 0.107639 0.405990 0.108565 0.404427 0.108565 0.404167 0.109028 0.400781 0.110417 0.399740 0.111343 0.398958 0.111343 0.397135 0.112731 0.396615 0.112731 0.392448 0.116898 0.391927 0.116898 0.388802 0.121065 0.388281 0.121991 0.386979 0.122917 0.385677 0.123380 0.384896 0.124306 0.383594 0.124769 0.382812 0.125694 0.379948 0.127083 0.378646 0.128009 0.375781 0.130787 0.373437 0.134954 0.372656 0.135880 0.370573 0.137269 0.367708 0.138657 0.366927 0.139583 0.363542 0.142361 0.361979 0.144213 0.359375 0.146065 0.358594 0.147454 0.355208 0.150694 0.353906 0.151157 0.352604 0.152546 0.352083 0.152546 0.350000 0.154398 0.348698 0.154861 0.347917 0.155787 0.344792 0.158102 0.342969 0.159954 0.341406 0.162731 0.339844 0.164120 0.337760 0.165046 0.335417 0.167361 0.332552 0.172454 0.330208 0.174769 0.329297 0.176389 0.328776 0.179167 0.328776 0.181944 0.328516 0.182407 0.328776 0.185648 0.329297 0.188426 0.329818 0.189815 0.330859 0.195370 0.331901 0.199074 0.332161 0.201389 0.332682 0.203704 0.334245 0.207407 0.334245 0.207870 0.335547 0.212500 0.336068 0.214815 0.336849 0.217130 0.337370 0.220833 0.338411 0.224537 0.339193 0.226389 0.339453 0.228704 0.339974 0.231019 0.342318 0.237500 0.343099 0.240741 0.343359 0.243056 0.344922 0.249074 0.345703 0.250463 0.346745 0.253704 0.346745 0.254630 0.347786 0.259722 0.348307 0.261111 0.348568 0.262963 0.349089 0.263889 0.349609 0.266204 0.350130 0.267130 0.351693 0.273148 0.351693 0.274074 0.352734 0.278241 0.353516 0.279630 0.354557 0.282407 0.354818 0.284259 0.355339 0.285648 0.355859 0.288889 0.357943 0.294444 0.358464 0.298611 0.358984 0.300463 0.359245 0.302778 0.360286 0.306019 0.361849 0.309259 0.362109 0.311574 0.362630 0.313426 0.363411 0.318519 0.363932 0.320370 0.364714 0.321759 0.365755 0.325463 0.366016 0.327778 0.366536 0.330093 0.366536 0.332407 0.366797 0.334722 0.367578 0.337963 0.367578 0.338889 0.368620 0.342130 0.369401 0.343981 0.371094 0.346991 0.372396 0.348380 0.373307 0.350463 0.374089 0.354167 0.374609 0.357407 0.376042 0.359954 0.377083 0.360880 0.378385 0.361343 0.380208 0.361343 0.381510 0.361806 0.382552 0.362731 0.386719 0.364583 0.387760 0.364583 0.389583 0.365509 0.390365 0.366435 0.392708 0.367824 0.394010 0.368287 0.395313 0.368287 0.395573 0.368750 0.396875 0.368750 0.397917 0.369213 0.399740 0.370602 0.401042 0.371065 0.403385 0.371065 0.403646 0.371528 0.404948 0.371528 0.406250 0.372454 0.407552 0.372917 0.411458 0.372917 0.412760 0.373380 0.414062 0.374306 0.415104 0.374306 0.416667 0.375231 0.418229 0.375231 0.418490 0.375694 0.419792 0.375694 0.420052 0.376157 0.422656 0.377083 0.423698 0.377083 0.425521 0.378472 0.426302 0.378472 0.427344 0.379398 0.429427 0.380324 0.431250 0.380787 0.432552 0.381713 0.434635 0.382176 0.436458 0.383565 0.437240 0.383565 0.439063 0.384954 0.440104 0.385417 0.441406 0.385417 0.441667 0.385880 0.443229 0.385880 0.443490 0.386343 0.444792 0.386343 0.446354 0.387269 0.448177 0.387269 0.448437 0.387731 0.451823 0.387731 0.453125 0.388657 0.454427 0.389120 0.455990 0.389120 0.456250 0.389583 0.458333 0.389583 0.461458 0.390972 0.463021 0.392361 0.463672 0.392130
 8 0.505208 0.248380 0.500781 0.248380 0.500521 0.247917 0.496094 0.247917 0.495833 0.247454 0.490104 0.247454 0.489063 0.246528 0.486198 0.242361 0.485938 0.242361 0.485026 0.239352 0.484766 0.237500 0.483594 0.235417 0.482812 0.234491 0.481771 0.234028 0.478906 0.234028 0.477995 0.231944 0.477995 0.229167 0.478255 0.227315 0.478906 0.225694 0.482292 0.225694 0.485156 0.222917 0.486979 0.219676 0.487370 0.219444 0.487630 0.217130 0.486589 0.215278 0.485807 0.212500 0.486458 0.211806 0.488542 0.212269 0.489583 0.214120 0.490885 0.213194 0.491406 0.212269 0.492708 0.211343 0.494010 0.209491 0.497656 0.206713 0.498568 0.208333 0.498828 0.210648 0.500911 0.215741 0.501172 0.217130 0.502344 0.218750 0.502604 0.218287 0.504167 0.218287 0.505208 0.217824 0.505599 0.218981 0.506120 0.224074 0.506380 0.224537 0.506380 0.226852 0.506901 0.229630 0.506901 0.231944 0.507161 0.232407 0.506901 0.234259 0.506901 0.237037 0.506641 0.237500 0.506641 0.246296 0.506380 0.247222 0.505208 0.248380
 8 0.272266 0.621759 0.274219 0.621528 0.274479 0.621065 0.276042 0.620602 0.276562 0.619676 0.278125 0.618750 0.279948 0.616898 0.280990 0.615046 0.282552 0.613657 0.283854 0.611343 0.285417 0.609491 0.286458 0.609028 0.287891 0.606481 0.288151 0.605093 0.290104 0.601620 0.291146 0.600694 0.292969 0.597454 0.295312 0.595602 0.298438 0.590046 0.299479 0.589120 0.301563 0.585417 0.304688 0.581713 0.307552 0.576620 0.308854 0.574769 0.309896 0.573843 0.312760 0.568750 0.314063 0.566898 0.315104 0.565972 0.316406 0.563657 0.318229 0.561806 0.321094 0.556713 0.323177 0.554398 0.323698 0.553472 0.325781 0.551620 0.327214 0.549074 0.327214 0.548611 0.328385 0.546528 0.328646 0.546528 0.330990 0.542361 0.331771 0.541435 0.334115 0.539583 0.335286 0.537037 0.335547 0.535648 0.336458 0.534028 0.338802 0.531713 0.340104 0.529398 0.340885 0.528472 0.342708 0.527083 0.343490 0.526157 0.346875 0.520139 0.347135 0.520139 0.348698 0.517361 0.348958 0.517361 0.352083 0.511806 0.352344 0.511806 0.355729 0.505787 0.357292 0.503935 0.358594 0.503009 0.359115 0.502083 0.361458 0.499769 0.361979 0.498843 0.364063 0.496991 0.365755 0.493981 0.366797 0.490741 0.369531 0.485880 0.370573 0.484491 0.371875 0.483565 0.373047 0.481481 0.373047 0.474537 0.372786 0.474074 0.372266 0.468519 0.371484 0.466204 0.370964 0.463426 0.370182 0.460648 0.368359 0.457407 0.368359 0.456944 0.367057 0.454167 0.366797 0.451389 0.366016 0.448148 0.365755 0.445833 0.364453 0.442130 0.362630 0.436111 0.362630 0.435185 0.361328 0.431481 0.359505 0.427778 0.358984 0.425463 0.358984 0.423611 0.358203 0.419444 0.356641 0.416667 0.356641 0.416204 0.355339 0.413426 0.354557 0.408796 0.354557 0.407407 0.353776 0.405093 0.351432 0.400926 0.350651 0.398611 0.350130 0.394444 0.348307 0.389352 0.346484 0.385185 0.345964 0.382870 0.345964 0.381019 0.345182 0.377315 0.344401 0.375926 0.343880 0.374074 0.343099 0.372685 0.342318 0.369907 0.342318 0.368981 0.341016 0.365278 0.340755 0.362500 0.340234 0.359722 0.339453 0.357407 0.339193 0.355093 0.338151 0.352778 0.337891 0.351389 0.333984 0.344444 0.333984 0.343981 0.332422 0.341204 0.332161 0.339815 0.331380 0.337963 0.331380 0.337037 0.329948 0.333565 0.329167 0.332639 0.326562 0.330324 0.324740 0.328935 0.323828 0.326852 0.323047 0.324074 0.320182 0.318981 0.318880 0.315278 0.318880 0.314352 0.318099 0.312037 0.317057 0.309722 0.316016 0.305556 0.314453 0.302315 0.314193 0.300000 0.313672 0.297685 0.313672 0.295833 0.312891 0.293056 0.311328 0.288426 0.311328 0.284722 0.311068 0.284259 0.311068 0.279630 0.311328 0.279167 0.311328 0.272685 0.310807 0.270370 0.310026 0.268056 0.307812 0.265972 0.303646 0.264120 0.297656 0.264120 0.296094 0.263194 0.290104 0.263194 0.289844 0.262731 0.288281 0.262731 0.288021 0.262269 0.285156 0.262269 0.284896 0.262731 0.282031 0.262731 0.281771 0.262269 0.279948 0.262269 0.279687 0.261806 0.274219 0.261806 0.272917 0.261343 0.271875 0.260417 0.270313 0.260417 0.270052 0.260880 0.266406 0.260880 0.266146 0.260417 0.264323 0.259954 0.264062 0.259491 0.258333 0.259491 0.258073 0.259028 0.256771 0.259028 0.256510 0.258565 0.254167 0.258565 0.253906 0.259028 0.251302 0.259028 0.249740 0.258102 0.248177 0.258102 0.247917 0.257639 0.245052 0.257639 0.244792 0.257176 0.242708 0.257176 0.242448 0.257639 0.236458 0.257639 0.236198 0.257176 0.234375 0.257176 0.234115 0.256713 0.227604 0.256713 0.227344 0.256250 0.226042 0.256250 0.225781 0.255787 0.219271 0.255787 0.219010 0.256250 0.217448 0.256250 0.214844 0.257176 0.213802 0.258102 0.212500 0.258565 0.210417 0.260417 0.208594 0.261343 0.207031 0.263194 0.206250 0.264583 0.204427 0.266435 0.202344 0.266435 0.201042 0.266898 0.200000 0.267824 0.196875 0.273380 0.195312 0.275231 0.194792 0.275231 0.193490 0.276620 0.190625 0.278472 0.189844 0.279398 0.188021 0.280324 0.186458 0.281713 0.185938 0.282639 0.183333 0.284954 0.182812 0.284954 0.180208 0.287269 0.178646 0.289120 0.176042 0.291435 0.173437 0.294676 0.170313 0.294676 0.168750 0.295602 0.167187 0.298380 0.166927 0.298380 0.165104 0.301620 0.163542 0.303009 0.160417 0.306713 0.159115 0.307639 0.157552 0.309491 0.155729 0.309954 0.155469 0.310417 0.153646 0.310880 0.150000 0.314120 0.148698 0.315972 0.145573 0.318287 0.142708 0.321528 0.141927 0.321991 0.139323 0.321991 0.137240 0.323380 0.135937 0.325231 0.134635 0.327546 0.132812 0.329398 0.132292 0.330324 0.130729 0.331713 0.129297 0.334259 0.129297 0.334722 0.127344 0.338657 0.125521 0.339120 0.125260 0.338657 0.123177 0.338657 0.122135 0.339120 0.120833 0.340972 0.118750 0.342824 0.115625 0.345139 0.115104 0.345139 0.112240 0.347917 0.110937 0.348843 0.109375 0.349306 0.107552 0.351157 0.106250 0.353472 0.103906 0.356250 0.102474 0.358796 0.101693 0.360648 0.100911 0.363426 0.100911 0.367130 0.101172 0.367593 0.101953 0.373148 0.102474 0.374537 0.105339 0.379630 0.106120 0.381481 0.106901 0.384259 0.109115 0.388194 0.109896 0.388657 0.111719 0.390509 0.113411 0.393519 0.114714 0.397222 0.115755 0.399537 0.117578 0.402778 0.118359 0.405093 0.121484 0.410648 0.121745 0.412037 0.122526 0.413889 0.124219 0.416898 0.124479 0.416898 0.125651 0.418981 0.125651 0.419444 0.129036 0.425463 0.129557 0.427315 0.130729 0.429398 0.130990 0.429398 0.133203 0.433333 0.133984 0.435648 0.136328 0.439815 0.136849 0.441667 0.139193 0.447685 0.143099 0.454630 0.144141 0.457870 0.147266 0.463426 0.147266 0.463889 0.149089 0.467130 0.149089 0.467593 0.152214 0.473148 0.152214 0.473611 0.153776 0.476389 0.153776 0.476852 0.155078 0.479167 0.155078 0.479630 0.156380 0.481944 0.156380 0.482407 0.157552 0.484491 0.159115 0.486343 0.160547 0.488889 0.161328 0.491204 0.162630 0.493519 0.163411 0.495833 0.164453 0.497685 0.165234 0.500000 0.167578 0.504167 0.168620 0.506481 0.169401 0.508796 0.170443 0.511111 0.172396 0.514583 0.172656 0.514583 0.174609 0.518056 0.175130 0.519907 0.175911 0.521296 0.176432 0.523148 0.177865 0.525694 0.180469 0.529398 0.182031 0.531250 0.182812 0.531713 0.183984 0.533796 0.184505 0.535185 0.185286 0.538426 0.186849 0.541667 0.186849 0.542130 0.189583 0.546991 0.190885 0.548380 0.192188 0.550694 0.196094 0.554398 0.197396 0.556250 0.197917 0.556250 0.199740 0.558102 0.200260 0.558102 0.203125 0.561343 0.205990 0.563657 0.207292 0.565509 0.208854 0.566898 0.210156 0.567361 0.213802 0.570602 0.214844 0.571991 0.216146 0.572917 0.216667 0.573843 0.219531 0.576157 0.220052 0.577083 0.221615 0.578472 0.222396 0.579861 0.224479 0.581713 0.225000 0.581713 0.227083 0.583565 0.229167 0.585880 0.229687 0.585880 0.230990 0.587269 0.231510 0.587269 0.233333 0.589120 0.235156 0.590509 0.235677 0.591435 0.237760 0.593287 0.240104 0.594676 0.241667 0.596065 0.242188 0.596065 0.243229 0.597454 0.249479 0.603009 0.252344 0.607176 0.253646 0.608565 0.255208 0.609028 0.256771 0.609954 0.259115 0.612269 0.260937 0.613657 0.262240 0.615046 0.262760 0.615046 0.265625 0.617824 0.267708 0.618750 0.270573 0.621528 0.271615 0.621991 0.272266 0.621759
 8 0.291406 0.315046 0.291406 0.315046
 8 0.295312 0.379861 0.294401 0.379167 0.295573 0.378472 0.296094 0.379398 0.295312 0.379861
 8 0.528776 0.664815 0.529427 0.664583 0.530599 0.662500 0.532943 0.656481 0.532943 0.656019 0.534115 0.653935 0.535417 0.652083 0.537240 0.650231 0.538151 0.648148 0.539193 0.643519 0.540625 0.640972 0.542708 0.640046 0.543490 0.639120 0.545052 0.638194 0.546484 0.635648 0.546745 0.634259 0.546745 0.629167 0.547005 0.627778 0.548568 0.622685 0.548828 0.621296 0.549870 0.619444 0.550911 0.616667 0.553125 0.612731 0.554427 0.611343 0.555859 0.608796 0.555859 0.608333 0.557031 0.606713 0.558073 0.606250 0.558984 0.604630 0.559766 0.600463 0.561328 0.597685 0.562109 0.594444 0.562630 0.590741 0.563151 0.589352 0.563672 0.586574 0.565104 0.584028 0.566406 0.582639 0.568099 0.579630 0.569401 0.575463 0.569401 0.574537 0.570964 0.570370 0.571484 0.568519 0.572526 0.566667 0.573307 0.563426 0.573568 0.559722 0.573828 0.559259 0.573828 0.555556 0.574089 0.555093 0.574089 0.548611 0.573828 0.548148 0.573828 0.544907 0.573568 0.544444 0.572786 0.539815 0.572266 0.537500 0.571484 0.535185 0.570964 0.530093 0.570182 0.525926 0.569401 0.523148 0.569401 0.518981 0.569141 0.518519 0.569141 0.515278 0.568880 0.514815 0.568880 0.511111 0.568620 0.509259 0.567578 0.506019 0.567318 0.502778 0.567057 0.502315 0.567057 0.494444 0.566536 0.492130 0.566276 0.489352 0.564714 0.486574 0.563672 0.482870 0.563672 0.480093 0.563411 0.479630 0.563411 0.475463 0.563151 0.475000 0.563151 0.472685 0.562891 0.470370 0.562370 0.468056 0.562370 0.464352 0.562109 0.463889 0.562109 0.461111 0.561849 0.459259 0.560807 0.454630 0.560807 0.451389 0.561068 0.450926 0.561068 0.448148 0.559896 0.445602 0.558594 0.444213 0.556901 0.441667 0.556380 0.438426 0.556380 0.436111 0.555859 0.433796 0.555599 0.431019 0.554297 0.427315 0.552344 0.423843 0.549479 0.422917 0.547917 0.421528 0.545573 0.417824 0.544271 0.416898 0.538802 0.416898 0.538542 0.416435 0.535677 0.416435 0.535417 0.416898 0.533073 0.416898 0.532813 0.416435 0.530990 0.415972 0.529687 0.415046 0.525000 0.415046 0.524740 0.414583 0.517969 0.414583 0.516927 0.414120 0.516016 0.412037 0.515755 0.407870 0.515234 0.405093 0.514453 0.402778 0.512891 0.400000 0.512240 0.398380 0.511458 0.397454 0.509896 0.396991 0.509115 0.397454 0.507292 0.399769 0.506771 0.399769 0.504427 0.402083 0.503646 0.403472 0.501563 0.405787 0.499870 0.408796 0.498828 0.411574 0.497396 0.414120 0.496354 0.415046 0.494271 0.417824 0.493490 0.418287 0.491797 0.421296 0.491016 0.423611 0.489063 0.427083 0.487500 0.428935 0.486719 0.429398 0.484766 0.432407 0.483724 0.435185 0.482422 0.439352 0.480990 0.441898 0.479167 0.443750 0.478646 0.443750 0.476562 0.445602 0.475130 0.448148 0.475130 0.448611 0.473698 0.451157 0.472786 0.452315 0.471094 0.455787 0.470052 0.456713 0.468359 0.459722 0.467318 0.463889 0.466276 0.466667 0.464844 0.469213 0.464062 0.470139 0.461458 0.471991 0.459766 0.475000 0.459245 0.476852 0.457422 0.480093 0.457422 0.480556 0.455729 0.483565 0.454427 0.484491 0.452214 0.488426 0.451953 0.489815 0.449870 0.494444 0.449870 0.494907 0.448177 0.497454 0.446354 0.498843 0.445312 0.500231 0.443880 0.502778 0.443880 0.503241 0.441016 0.508333 0.440104 0.510417 0.438281 0.512269 0.435547 0.517130 0.435547 0.517593 0.433984 0.520370 0.433984 0.520833 0.431510 0.525231 0.430208 0.526620 0.429167 0.528472 0.427604 0.529861 0.425130 0.534259 0.424089 0.537037 0.422786 0.539352 0.422786 0.539815 0.420964 0.544444 0.420443 0.547685 0.420443 0.549074 0.419661 0.552778 0.419661 0.558796 0.419922 0.559259 0.419922 0.562037 0.420182 0.562500 0.420182 0.573611 0.420443 0.574074 0.420443 0.576389 0.420964 0.579630 0.422135 0.581713 0.423177 0.583102 0.424740 0.583102 0.426302 0.582176 0.427083 0.581250 0.428255 0.583796 0.428255 0.584722 0.429036 0.587500 0.429036 0.590278 0.429297 0.592593 0.429818 0.594444 0.431771 0.596991 0.433724 0.600463 0.434245 0.602315 0.435026 0.603704 0.435547 0.606019 0.436068 0.606944 0.436328 0.608796 0.437500 0.610880 0.439323 0.612269 0.441146 0.612269 0.441406 0.612731 0.443490 0.612731 0.444531 0.613194 0.447135 0.615046 0.448698 0.616898 0.451302 0.617824 0.452604 0.619213 0.454948 0.622917 0.457813 0.624306 0.458854 0.624306 0.460156 0.625231 0.461458 0.625694 0.463021 0.625694 0.463281 0.626157 0.464583 0.626157 0.464844 0.626620 0.466146 0.626620 0.466927 0.627083 0.468099 0.629167 0.468620 0.632870 0.469141 0.634722 0.470573 0.636806 0.475000 0.636806 0.476042 0.637731 0.478385 0.638657 0.482292 0.638657 0.482552 0.639120 0.484896 0.639583 0.485156 0.640046 0.486458 0.640046 0.486719 0.640509 0.488542 0.640509 0.488802 0.640972 0.490365 0.640972 0.492448 0.642824 0.493750 0.644676 0.495052 0.645602 0.496354 0.645602 0.497656 0.646065 0.498958 0.647454 0.499870 0.649537 0.501302 0.652083 0.502344 0.653009 0.504687 0.653009 0.504948 0.653472 0.506250 0.653472 0.507812 0.654398 0.509115 0.654398 0.510417 0.654861 0.512760 0.656713 0.515365 0.661343 0.516406 0.662731 0.517708 0.663657 0.519010 0.664120 0.521354 0.664120 0.521615 0.664583 0.526563 0.664583 0.526823 0.665046 0.528776 0.664815
 8 0.417057 0.561111 0.418099 0.559722 0.416406 0.558102 0.415625 0.559028 0.415234 0.560185 0.415885 0.561343 0.417057 0.561111
 8 0.263411 0.950000 0.264193 0.949074 0.264193 0.948148 0.263021 0.946991 0.261849 0.948611 0.262500 0.949769 0.263411 0.950000
 8 0.442708 0.982176 0.442318 0.981944 0.442318 0.979167 0.442578 0.976852 0.443099 0.978241 0.443099 0.981481 0.442708 0.982176
