 1 0.601562 0.609028 0.595573 0.609028 0.595313 0.608565 0.592448 0.608565 0.592187 0.608102 0.585677 0.608102 0.585417 0.608565 0.581771 0.608565 0.581510 0.608102 0.577083 0.608102 0.576823 0.607639 0.570052 0.607639 0.569792 0.608102 0.566406 0.608102 0.566146 0.607639 0.554948 0.607639 0.554688 0.608102 0.550000 0.608102 0.549740 0.607639 0.547396 0.607639 0.547135 0.608102 0.529427 0.608102 0.529167 0.608565 0.517708 0.608565 0.515885 0.607176 0.515365 0.606250 0.513021 0.603472 0.511979 0.602546 0.511328 0.600926 0.509505 0.597685 0.508464 0.594907 0.507943 0.592130 0.507943 0.589352 0.507682 0.588889 0.507682 0.581019 0.507422 0.580556 0.507422 0.562963 0.507161 0.562500 0.507161 0.556019 0.507422 0.555556 0.507422 0.546296 0.507161 0.545833 0.507422 0.543519 0.507422 0.534259 0.507161 0.533796 0.507161 0.520370 0.506901 0.519907 0.506901 0.509722 0.506641 0.509259 0.506641 0.505556 0.506380 0.505093 0.506380 0.499537 0.506641 0.499074 0.506641 0.494444 0.506380 0.493981 0.506380 0.483796 0.506120 0.483333 0.506120 0.477778 0.505859 0.477315 0.505859 0.473611 0.506120 0.473148 0.506120 0.464352 0.505859 0.463889 0.505859 0.457407 0.505599 0.456944 0.505599 0.416667 0.505339 0.416204 0.505339 0.406481 0.505078 0.406019 0.505078 0.382407 0.504818 0.381944 0.504818 0.375463 0.504557 0.375000 0.504557 0.353241 0.504297 0.351389 0.504557 0.350926 0.504557 0.348148 0.504818 0.347685 0.504818 0.344907 0.505078 0.344444 0.505078 0.336574 0.505859 0.333796 0.506380 0.330556 0.506380 0.328704 0.506901 0.326389 0.507422 0.321759 0.507943 0.320833 0.508464 0.318056 0.509766 0.313889 0.510286 0.311111 0.510547 0.307870 0.511068 0.306019 0.511328 0.302778 0.511849 0.301389 0.512109 0.299074 0.512630 0.297685 0.513151 0.293981 0.514453 0.289815 0.514453 0.288889 0.515495 0.285648 0.518750 0.279861 0.519010 0.279861 0.520833 0.277546 0.521875 0.277083 0.523438 0.277083 0.523698 0.276620 0.527604 0.276620 0.527865 0.276157 0.561198 0.276157 0.561458 0.276620 0.563281 0.276620 0.563542 0.277083 0.565104 0.277083 0.565365 0.276620 0.566927 0.276620 0.567187 0.276157 0.569792 0.276157 0.570052 0.275694 0.580469 0.275694 0.580729 0.276157 0.584896 0.276157 0.585156 0.275694 0.601302 0.275694 0.601562 0.276157 0.603906 0.276157 0.606510 0.277546 0.607812 0.278935 0.609115 0.280787 0.610286 0.282870 0.611328 0.285185 0.611849 0.287037 0.613411 0.291204 0.614974 0.296296 0.616797 0.299537 0.617839 0.302315 0.619661 0.305556 0.620443 0.307407 0.621224 0.310185 0.622005 0.313889 0.623307 0.316667 0.624349 0.320370 0.625130 0.322222 0.625130 0.323148 0.625911 0.326852 0.627474 0.330093 0.628255 0.332870 0.630859 0.337500 0.631380 0.338889 0.632161 0.343056 0.632422 0.345370 0.632422 0.347685 0.632682 0.348148 0.632682 0.354167 0.632422 0.354630 0.632422 0.361111 0.632161 0.361574 0.632161 0.369444 0.631901 0.369907 0.631901 0.375000 0.631641 0.375463 0.631641 0.380556 0.631380 0.381019 0.631380 0.386111 0.631120 0.386574 0.631120 0.388889 0.630859 0.389352 0.630859 0.393056 0.630599 0.393519 0.630599 0.401852 0.630339 0.402315 0.630339 0.405556 0.630078 0.406019 0.630078 0.408796 0.629818 0.409259 0.629818 0.412500 0.629557 0.412963 0.629557 0.418519 0.629297 0.418981 0.629297 0.423611 0.629036 0.424074 0.629036 0.427778 0.628776 0.428241 0.628776 0.432870 0.628516 0.433333 0.628516 0.436574 0.628255 0.437037 0.628255 0.439815 0.627995 0.440278 0.627995 0.442593 0.627474 0.445370 0.626953 0.450000 0.626953 0.452315 0.626693 0.452778 0.626693 0.468056 0.626432 0.468519 0.626432 0.476389 0.626172 0.476852 0.626172 0.479167 0.625911 0.479630 0.625911 0.493519 0.625651 0.493981 0.625651 0.498611 0.625391 0.499074 0.625391 0.503241 0.625130 0.503704 0.625130 0.506481 0.624870 0.506944 0.624870 0.510185 0.624609 0.510648 0.624609 0.519907 0.624349 0.520370 0.624349 0.525000 0.623828 0.527315 0.623568 0.529630 0.623568 0.535648 0.623307 0.536111 0.623307 0.539815 0.623047 0.540278 0.623047 0.542593 0.622786 0.543056 0.622786 0.546759 0.622526 0.547222 0.622526 0.552315 0.622266 0.552778 0.622266 0.555093 0.622005 0.555556 0.622005 0.557870 0.621745 0.558333 0.621745 0.566667 0.621484 0.567130 0.621484 0.569907 0.621224 0.570370 0.621224 0.575000 0.620964 0.575463 0.620964 0.580093 0.620703 0.580556 0.620703 0.584259 0.620443 0.584722 0.620443 0.587963 0.619922 0.590741 0.619661 0.593519 0.618099 0.597685 0.617839 0.599074 0.616797 0.601852 0.615365 0.603935 0.614583 0.604398 0.611719 0.607639 0.610677 0.608102 0.608333 0.608102 0.608073 0.608565 0.601823 0.608565 0.601562 0.609028
 0 0.080469 0.712731 0.076563 0.712731 0.075391 0.711111 0.074609 0.707407 0.073828 0.704630 0.073828 0.703241 0.073047 0.700926 0.071875 0.699306 0.071094 0.698843 0.069792 0.696991 0.067969 0.695602 0.064583 0.695602 0.063542 0.696065 0.062760 0.696991 0.060417 0.698380 0.059115 0.698843 0.057031 0.698843 0.056771 0.699306 0.055469 0.699306 0.055208 0.699769 0.053906 0.699769 0.053646 0.700231 0.052083 0.700231 0.051823 0.700694 0.050000 0.700694 0.049740 0.701157 0.047396 0.701157 0.047135 0.701620 0.044792 0.701620 0.043490 0.702083 0.042188 0.703009 0.037760 0.704398 0.036458 0.705324 0.035937 0.706250 0.034635 0.707176 0.033594 0.708565 0.032813 0.708565 0.029687 0.704398 0.026823 0.702083 0.025000 0.700231 0.023307 0.696759 0.022266 0.693056 0.022005 0.690741 0.021224 0.686574 0.020703 0.685185 0.020443 0.681481 0.019922 0.679167 0.019922 0.677315 0.019401 0.673611 0.018880 0.671296 0.018620 0.667130 0.018359 0.666667 0.017578 0.660648 0.017318 0.656481 0.016536 0.652315 0.015755 0.650000 0.015234 0.645833 0.015234 0.643056 0.014974 0.642593 0.014193 0.637037 0.013672 0.635648 0.013411 0.633796 0.013411 0.629167 0.012630 0.625463 0.012370 0.621296 0.012109 0.620833 0.012109 0.618519 0.011849 0.618056 0.011849 0.615741 0.011589 0.615278 0.011328 0.611111 0.010547 0.606944 0.010547 0.603704 0.010286 0.603241 0.010286 0.600463 0.009766 0.597685 0.008984 0.594907 0.008724 0.592593 0.008724 0.587037 0.008464 0.586574 0.008464 0.584259 0.008203 0.583796 0.007161 0.575463 0.007161 0.573148 0.006901 0.572685 0.006901 0.570370 0.006641 0.569907 0.006641 0.567593 0.006380 0.567130 0.006380 0.562963 0.006641 0.562500 0.006641 0.559259 0.006901 0.557407 0.007682 0.554167 0.007682 0.552778 0.008724 0.549537 0.010026 0.547222 0.011589 0.543056 0.013542 0.539583 0.013802 0.539583 0.015885 0.535880 0.017969 0.534028 0.019010 0.532639 0.020313 0.530324 0.021875 0.528472 0.022656 0.528009 0.024479 0.525694 0.026823 0.523843 0.027344 0.522917 0.030990 0.519676 0.031510 0.519676 0.033594 0.517824 0.034896 0.515972 0.036458 0.514583 0.038802 0.513194 0.040104 0.511806 0.040625 0.511806 0.042448 0.509954 0.043229 0.509491 0.045052 0.507639 0.047917 0.506250 0.048958 0.505324 0.050260 0.504861 0.051823 0.503009 0.053385 0.501620 0.054688 0.501157 0.055469 0.500231 0.057031 0.499769 0.059375 0.498380 0.060156 0.497454 0.061458 0.496991 0.063542 0.495139 0.065625 0.494213 0.067448 0.493750 0.068490 0.492824 0.069271 0.492824 0.070573 0.491898 0.072656 0.488657 0.074740 0.488194 0.075000 0.487731 0.076302 0.487731 0.077604 0.487269 0.078906 0.486343 0.080208 0.486343 0.080469 0.485880 0.081771 0.485880 0.082031 0.485417 0.083854 0.485417 0.084115 0.484954 0.086979 0.484954 0.087240 0.484491 0.089583 0.484491 0.089844 0.484028 0.091406 0.484028 0.093490 0.482639 0.096615 0.481713 0.096875 0.481250 0.098177 0.481250 0.098437 0.480787 0.099740 0.480787 0.100000 0.480324 0.101302 0.480324 0.101562 0.479861 0.103125 0.479861 0.103385 0.479398 0.105469 0.479398 0.105729 0.478935 0.108073 0.478935 0.108333 0.478472 0.111198 0.478472 0.111458 0.478009 0.113542 0.478009 0.113802 0.477546 0.116927 0.477546 0.117188 0.477083 0.120833 0.477083 0.121094 0.476620 0.123958 0.476620 0.124219 0.476157 0.125781 0.476157 0.126042 0.475694 0.127604 0.475694 0.127865 0.475231 0.130729 0.475231 0.130990 0.474769 0.133594 0.474769 0.133854 0.474306 0.140104 0.474306 0.140365 0.474769 0.142448 0.474769 0.142708 0.475231 0.144531 0.475231 0.144792 0.475694 0.146875 0.475694 0.147135 0.476157 0.149219 0.476157 0.149479 0.476620 0.151042 0.476620 0.152604 0.477546 0.157031 0.478935 0.157292 0.479398 0.159896 0.480324 0.161198 0.481250 0.164062 0.484954 0.166146 0.486806 0.168359 0.490741 0.168359 0.491204 0.170443 0.494907 0.171224 0.497685 0.171484 0.500000 0.172526 0.503704 0.175651 0.509259 0.176432 0.512037 0.177474 0.514815 0.179557 0.518519 0.180599 0.520833 0.182161 0.525463 0.182682 0.526389 0.183724 0.530556 0.184245 0.531944 0.186328 0.535648 0.187370 0.538426 0.187891 0.540741 0.188672 0.542593 0.189974 0.544907 0.190495 0.547222 0.192578 0.552778 0.192839 0.554167 0.194661 0.558796 0.194922 0.561111 0.195443 0.562500 0.195964 0.565278 0.195964 0.568056 0.196224 0.568519 0.196224 0.572685 0.196484 0.573148 0.196484 0.606944 0.196224 0.607407 0.195703 0.612963 0.195443 0.613426 0.195443 0.620833 0.195182 0.621296 0.195182 0.624074 0.194922 0.624537 0.194922 0.627778 0.194661 0.628241 0.194141 0.633796 0.193880 0.634722 0.192708 0.636806 0.191667 0.637731 0.189453 0.641667 0.189453 0.642130 0.187891 0.644907 0.187891 0.645370 0.185677 0.650694 0.184635 0.652083 0.182812 0.653472 0.181250 0.655787 0.180990 0.655787 0.180078 0.657870 0.178255 0.661111 0.177865 0.662269 0.175781 0.663657 0.172656 0.665046 0.171354 0.665972 0.169531 0.667824 0.168229 0.668287 0.163542 0.672454 0.163021 0.673380 0.161979 0.673843 0.159896 0.675694 0.157031 0.677083 0.155990 0.678009 0.153646 0.678935 0.152344 0.679861 0.151562 0.679861 0.150260 0.680787 0.148438 0.681250 0.148177 0.681713 0.145833 0.682639 0.145573 0.683102 0.144271 0.683102 0.144010 0.683565 0.142708 0.683565 0.138802 0.686806 0.136979 0.687731 0.135677 0.687731 0.134635 0.688194 0.133073 0.690046 0.131510 0.691435 0.130469 0.691898 0.126823 0.691898 0.126562 0.692361 0.125000 0.692361 0.123698 0.693287 0.122656 0.693287 0.121354 0.694213 0.120313 0.694213 0.119271 0.695139 0.117969 0.695602 0.116146 0.697454 0.114844 0.697917 0.113542 0.698843 0.112240 0.698843 0.111979 0.699306 0.110677 0.699306 0.110417 0.699769 0.109115 0.699769 0.107813 0.700694 0.107031 0.700694 0.105990 0.701620 0.105208 0.701620 0.103906 0.702546 0.102604 0.703935 0.101823 0.703935 0.098958 0.705787 0.096875 0.705787 0.096615 0.706250 0.095052 0.706250 0.093229 0.707176 0.091667 0.708565 0.090885 0.708565 0.089583 0.709491 0.088542 0.709491 0.087240 0.710417 0.086458 0.710417 0.084635 0.711806 0.083594 0.712269 0.080729 0.712269 0.080469 0.712731
 2 0.266536 0.999537 0.265755 0.996759 0.265755 0.993519 0.266016 0.993056 0.266016 0.989815 0.266276 0.989352 0.266276 0.984722 0.266536 0.984259 0.266536 0.980556 0.266797 0.980093 0.266797 0.977315 0.267057 0.976852 0.267057 0.970833 0.267318 0.970370 0.267318 0.960648 0.266797 0.958333 0.266797 0.956944 0.265495 0.947685 0.266146 0.946065 0.266667 0.945602 0.268229 0.945602 0.269271 0.946528 0.270313 0.946528 0.272135 0.947917 0.273307 0.950000 0.274089 0.952778 0.274609 0.953704 0.275130 0.956481 0.275391 0.959722 0.275911 0.961574 0.276953 0.967593 0.276953 0.971296 0.277214 0.971759 0.277214 0.981944 0.276953 0.982407 0.276953 0.988426 0.276693 0.988889 0.276693 0.995833 0.275911 0.999537
 7 0.107943 0.999537 0.106380 0.997222 0.106380 0.994444 0.107161 0.991204 0.107161 0.989815 0.108203 0.986111 0.109245 0.979630 0.109766 0.978241 0.111068 0.973611 0.112109 0.967130 0.112630 0.965741 0.113411 0.960648 0.114453 0.956944 0.114714 0.954630 0.115234 0.953241 0.116016 0.948148 0.117839 0.943056 0.117839 0.942593 0.121094 0.936806 0.123177 0.934491 0.126562 0.933102 0.128385 0.931250 0.128906 0.931250 0.130990 0.929398 0.133594 0.929398 0.133854 0.928935 0.135156 0.928935 0.136719 0.927546 0.139063 0.926620 0.140625 0.925231 0.142448 0.924769 0.144271 0.923380 0.145052 0.923380 0.146094 0.922454 0.147396 0.922454 0.148698 0.921991 0.150000 0.921065 0.153125 0.920139 0.154167 0.919213 0.155469 0.918750 0.156250 0.917824 0.158854 0.915972 0.159635 0.915972 0.160677 0.915046 0.163021 0.914120 0.165365 0.913657 0.167708 0.912269 0.169531 0.911806 0.171354 0.910417 0.174479 0.909491 0.175521 0.908565 0.176302 0.908565 0.178646 0.906713 0.180469 0.906250 0.181510 0.905324 0.183594 0.904398 0.184375 0.903472 0.187760 0.902083 0.189583 0.900694 0.191406 0.900231 0.192448 0.899306 0.197656 0.897454 0.198698 0.896528 0.199479 0.896528 0.201302 0.895139 0.205208 0.893750 0.207813 0.891898 0.210156 0.890972 0.210417 0.890509 0.213281 0.889583 0.214323 0.888657 0.215104 0.888657 0.218229 0.886806 0.219271 0.886806 0.220573 0.885880 0.222396 0.885417 0.225000 0.883565 0.228125 0.881713 0.229167 0.881713 0.233073 0.880324 0.235937 0.878935 0.239323 0.876157 0.242188 0.875231 0.243490 0.874306 0.244792 0.874306 0.245052 0.873843 0.246354 0.873843 0.246615 0.873380 0.248177 0.873380 0.249219 0.874306 0.250130 0.875926 0.250651 0.877778 0.250911 0.881944 0.251172 0.882407 0.251693 0.886111 0.252474 0.888426 0.252734 0.890741 0.253255 0.892130 0.253516 0.894444 0.254557 0.898611 0.256380 0.902315 0.257422 0.906481 0.257422 0.908333 0.257943 0.912037 0.258203 0.912500 0.258724 0.918519 0.259245 0.919907 0.259245 0.921296 0.260286 0.926389 0.261328 0.928704 0.263151 0.934722 0.263151 0.937037 0.263932 0.942130 0.264453 0.943519 0.266927 0.947917 0.268229 0.949769 0.269792 0.948843 0.270833 0.948843 0.272005 0.951852 0.272526 0.954630 0.272786 0.957870 0.273828 0.961111 0.274349 0.965278 0.274870 0.966667 0.274870 0.972685 0.274609 0.973148 0.274609 0.976852 0.274870 0.977315 0.274870 0.979630 0.275130 0.980093 0.275130 0.984722 0.274870 0.987037 0.274089 0.989352 0.273828 0.991667 0.273828 0.995370 0.271875 0.996991 0.267969 0.996991 0.266146 0.998380 0.265755 0.999537
 7 0.135807 0.999537 0.135677 0.998843 0.134375 0.997917 0.131250 0.997917 0.130990 0.998380 0.129427 0.998380 0.128125 0.998843 0.127995 0.999537
 7 0.198828 0.999537 0.197917 0.998380 0.195833 0.998380 0.195573 0.998843 0.194271 0.998843 0.194141 0.999537
 7 0.217839 0.999537 0.216927 0.998380 0.214323 0.998380 0.214062 0.998843 0.211979 0.998843 0.211849 0.999537
 7 0.155339 0.999537 0.155208 0.998843 0.153646 0.998843 0.153516 0.999537
 3 0.576823 0.814120 0.573698 0.814120 0.573438 0.813657 0.571875 0.813657 0.569010 0.811343 0.567448 0.809491 0.565495 0.806019 0.564453 0.802315 0.564453 0.798611 0.564193 0.798148 0.564193 0.791667 0.564453 0.791204 0.564453 0.788426 0.565495 0.781944 0.566667 0.779398 0.568490 0.777546 0.569792 0.776620 0.571875 0.775694 0.576823 0.775694 0.577083 0.776157 0.579948 0.778009 0.580990 0.779398 0.582943 0.782870 0.583464 0.784259 0.584245 0.787500 0.584505 0.789352 0.584505 0.792130 0.584766 0.792593 0.584766 0.797685 0.584505 0.798148 0.584505 0.802315 0.583984 0.804167 0.583984 0.805556 0.583464 0.807870 0.581510 0.811343 0.579688 0.813194 0.578646 0.813657 0.577083 0.813657 0.576823 0.814120
 3 0.537760 0.833565 0.536719 0.833102 0.535417 0.833102 0.534115 0.832176 0.533333 0.832176 0.530990 0.829861 0.528776 0.825926 0.528255 0.824537 0.527214 0.818981 0.527214 0.816667 0.526953 0.816204 0.527214 0.814352 0.527214 0.809722 0.527474 0.809259 0.527474 0.803704 0.527734 0.802315 0.529036 0.799537 0.529036 0.799074 0.530990 0.795602 0.532031 0.795139 0.532813 0.794213 0.533854 0.793750 0.535677 0.793750 0.535937 0.793287 0.537760 0.793287 0.538021 0.793750 0.539583 0.793750 0.542448 0.795139 0.544271 0.796991 0.545443 0.799074 0.547005 0.803241 0.547266 0.806019 0.547786 0.808796 0.547786 0.818519 0.547526 0.818981 0.547526 0.821759 0.545964 0.827315 0.544271 0.830324 0.542188 0.832176 0.540625 0.832639 0.540365 0.833102 0.538021 0.833102 0.537760 0.833565
 4 0.555990 0.789120 0.555729 0.788657 0.553646 0.788657 0.552344 0.788194 0.550000 0.785880 0.548568 0.783333 0.548047 0.781481 0.547266 0.776389 0.547266 0.766667 0.548307 0.761111 0.549219 0.759491 0.550260 0.759028 0.552344 0.757176 0.554948 0.757176 0.555208 0.756713 0.557292 0.757176 0.558594 0.758102 0.559896 0.759491 0.561589 0.762500 0.562370 0.764352 0.563151 0.767593 0.563151 0.769907 0.563411 0.770370 0.563411 0.777778 0.563151 0.778241 0.563151 0.780556 0.562370 0.783796 0.560677 0.786806 0.559375 0.787731 0.558594 0.787731 0.557552 0.788657 0.556250 0.788657 0.555990 0.789120
 4 0.658594 0.740972 0.657292 0.740972 0.657031 0.740509 0.655469 0.740509 0.652604 0.739120 0.650260 0.737269 0.648828 0.734722 0.647786 0.731019 0.647786 0.728241 0.647526 0.727778 0.647526 0.724537 0.648047 0.721759 0.648307 0.718519 0.649349 0.714815 0.650521 0.712731 0.651823 0.712269 0.653125 0.711343 0.658073 0.711343 0.661458 0.714120 0.663411 0.717593 0.664193 0.720370 0.664453 0.722685 0.664453 0.729167 0.664193 0.729630 0.664193 0.732870 0.663672 0.735648 0.662630 0.738426 0.659896 0.740509 0.658594 0.740972
 4 0.501042 0.817361 0.496354 0.817361 0.495052 0.816898 0.493490 0.815509 0.492578 0.813889 0.491276 0.809722 0.491016 0.808333 0.491016 0.805556 0.490755 0.805093 0.490755 0.796296 0.491016 0.795833 0.491016 0.793056 0.492057 0.788889 0.494271 0.785417 0.495833 0.784028 0.496875 0.783565 0.502083 0.783565 0.504167 0.785417 0.506641 0.789815 0.507161 0.793056 0.507161 0.795370 0.507682 0.798148 0.507682 0.800463 0.507943 0.800926 0.507943 0.805556 0.507682 0.806019 0.507682 0.808796 0.506901 0.811574 0.505208 0.814583 0.504948 0.814583 0.502344 0.816898 0.501042 0.817361
 4 0.513021 0.868287 0.508854 0.868287 0.508073 0.867824 0.505208 0.865046 0.503776 0.862500 0.502734 0.858333 0.502734 0.854167 0.502474 0.853704 0.502474 0.846296 0.502734 0.845833 0.502734 0.843056 0.504036 0.838426 0.504557 0.837037 0.506250 0.834028 0.508073 0.833565 0.509115 0.832639 0.510286 0.835185 0.510286 0.838426 0.509766 0.841204 0.509766 0.844444 0.510286 0.846759 0.510807 0.850926 0.511328 0.852315 0.512370 0.856944 0.513151 0.859259 0.514193 0.864352 0.513672 0.867130 0.513021 0.868287
