 6 0.182031 0.700231 0.181250 0.699769 0.179948 0.699769 0.179688 0.699306 0.178385 0.699306 0.177083 0.698380 0.175781 0.697917 0.174740 0.696991 0.173958 0.696991 0.172917 0.696065 0.172135 0.696065 0.170833 0.695139 0.169531 0.694676 0.168229 0.694676 0.167969 0.694213 0.166406 0.694213 0.165365 0.693750 0.163542 0.692361 0.160677 0.691435 0.160417 0.690972 0.158073 0.690509 0.156771 0.689583 0.155729 0.689583 0.154427 0.688657 0.153385 0.688657 0.152344 0.687731 0.150521 0.687269 0.149479 0.686343 0.147396 0.685880 0.146094 0.684954 0.145052 0.684954 0.143229 0.683565 0.142448 0.683565 0.141406 0.682639 0.138802 0.681713 0.138542 0.681250 0.136198 0.680787 0.135937 0.680324 0.134635 0.680324 0.131771 0.678472 0.130990 0.678472 0.129948 0.677546 0.126562 0.676157 0.125260 0.675231 0.124219 0.675231 0.122917 0.674306 0.118750 0.672917 0.117448 0.671991 0.116406 0.671991 0.115104 0.671065 0.114062 0.671065 0.113281 0.670139 0.112500 0.670139 0.111458 0.669213 0.110677 0.669213 0.109635 0.668287 0.107292 0.667361 0.105990 0.667361 0.105729 0.666898 0.103906 0.666898 0.102865 0.666435 0.101302 0.665046 0.100781 0.665046 0.099479 0.663657 0.097786 0.660648 0.097786 0.660185 0.096484 0.656481 0.096224 0.654167 0.095703 0.652315 0.095443 0.650000 0.094922 0.647685 0.094141 0.639815 0.093620 0.637963 0.093620 0.636574 0.093099 0.634722 0.092578 0.630556 0.091797 0.627778 0.091797 0.626389 0.091016 0.623148 0.091016 0.621759 0.089974 0.617130 0.089974 0.615741 0.089453 0.613889 0.089453 0.612037 0.088932 0.609259 0.087891 0.605556 0.087891 0.604167 0.087370 0.602778 0.086849 0.600000 0.086849 0.598611 0.086328 0.596759 0.086328 0.595370 0.085547 0.591204 0.085547 0.589815 0.085026 0.587963 0.085026 0.584722 0.085807 0.581019 0.086458 0.579861 0.090104 0.576157 0.091927 0.574769 0.093229 0.573380 0.095052 0.571991 0.095833 0.571065 0.101042 0.566435 0.101562 0.566435 0.106510 0.562269 0.107552 0.560880 0.108073 0.560880 0.110937 0.558565 0.112500 0.556713 0.118490 0.552083 0.119792 0.550694 0.121615 0.549306 0.123177 0.547454 0.124479 0.546991 0.125260 0.546065 0.127344 0.544676 0.128646 0.542824 0.129427 0.542361 0.130990 0.540509 0.132292 0.540046 0.134375 0.538194 0.134896 0.538194 0.136458 0.536806 0.136979 0.535880 0.140885 0.532639 0.141406 0.532639 0.143490 0.530787 0.146875 0.527083 0.148177 0.526157 0.149479 0.524769 0.150000 0.524769 0.152344 0.522917 0.154427 0.520602 0.157031 0.518750 0.159635 0.515972 0.164583 0.511806 0.165885 0.511343 0.166667 0.510417 0.167708 0.509954 0.168229 0.509028 0.170052 0.507639 0.171875 0.507639 0.172135 0.507176 0.173958 0.507176 0.176042 0.508565 0.179167 0.509491 0.179427 0.509954 0.180729 0.509954 0.184115 0.511806 0.185156 0.511806 0.186719 0.512731 0.188021 0.512731 0.188281 0.513194 0.189583 0.513194 0.189844 0.513657 0.191146 0.513657 0.192708 0.514583 0.193750 0.514583 0.195052 0.515509 0.197396 0.515972 0.198437 0.516898 0.201563 0.517824 0.201823 0.518287 0.203125 0.518287 0.205729 0.519213 0.208073 0.520602 0.210938 0.521528 0.211198 0.521991 0.212500 0.521991 0.212760 0.522454 0.214062 0.522454 0.217448 0.524306 0.218750 0.524306 0.220312 0.525231 0.221615 0.525231 0.224219 0.526157 0.225260 0.527083 0.226693 0.529630 0.227214 0.532870 0.227214 0.537963 0.227474 0.538426 0.227474 0.543981 0.227734 0.544444 0.227734 0.549074 0.227995 0.549537 0.227995 0.552315 0.228776 0.557407 0.230078 0.562037 0.230859 0.566204 0.231120 0.569907 0.231901 0.573611 0.231901 0.577778 0.232161 0.578241 0.232161 0.581019 0.232943 0.585185 0.232943 0.587963 0.233203 0.588426 0.233203 0.591204 0.233464 0.591667 0.233464 0.593981 0.234505 0.600000 0.234505 0.603241 0.234766 0.603704 0.234766 0.607870 0.235026 0.610185 0.235547 0.612500 0.235807 0.614815 0.235807 0.618519 0.236068 0.618981 0.236068 0.621759 0.236849 0.626852 0.236849 0.635648 0.234896 0.639120 0.234635 0.639120 0.232552 0.642824 0.231250 0.644676 0.228906 0.647454 0.227344 0.648843 0.226302 0.650694 0.224740 0.652546 0.223958 0.653009 0.222396 0.654861 0.221094 0.657176 0.220312 0.657639 0.216927 0.661806 0.216146 0.662269 0.214844 0.664120 0.214062 0.664583 0.212760 0.666435 0.211979 0.666898 0.210938 0.668287 0.209375 0.671065 0.205469 0.675694 0.201823 0.680324 0.199740 0.682176 0.197656 0.685880 0.196615 0.686806 0.190885 0.693750 0.187760 0.696528 0.186458 0.698380 0.185417 0.699306 0.184115 0.699769 0.182292 0.699769 0.182031 0.700231
 6 0.224349 0.612963 0.225130 0.612037 0.225651 0.609722 0.225651 0.605556 0.224870 0.600463 0.224870 0.595370 0.224609 0.594907 0.224609 0.592593 0.223828 0.588889 0.223568 0.586574 0.223568 0.583333 0.223047 0.580093 0.221615 0.578009 0.220312 0.578009 0.218490 0.580324 0.216146 0.582639 0.214323 0.584954 0.212240 0.586343 0.210417 0.588657 0.208073 0.590509 0.207552 0.591435 0.206250 0.592361 0.205729 0.593287 0.204427 0.594213 0.203906 0.595139 0.202604 0.596065 0.200260 0.598843 0.199089 0.601389 0.200130 0.606019 0.201302 0.607639 0.202344 0.607176 0.203646 0.607176 0.203906 0.606713 0.205469 0.606713 0.205729 0.607176 0.207031 0.607176 0.210677 0.609491 0.213021 0.610417 0.214583 0.610417 0.214844 0.610880 0.216406 0.610880 0.216667 0.611343 0.218229 0.611343 0.221094 0.612731 0.222917 0.612731 0.223177 0.613194 0.224349 0.612963
 6 0.108464 0.629630 0.108594 0.629398 0.110937 0.629398 0.113281 0.626620 0.114583 0.625694 0.116146 0.623843 0.117448 0.622917 0.119271 0.622454 0.121615 0.620139 0.122396 0.619676 0.125260 0.615972 0.127604 0.614120 0.128906 0.612731 0.130599 0.609722 0.130859 0.608333 0.129948 0.606713 0.128646 0.606250 0.127604 0.605324 0.126823 0.605324 0.125781 0.604398 0.123438 0.603472 0.123177 0.603009 0.120833 0.602546 0.119010 0.601157 0.116667 0.600694 0.115365 0.599769 0.114062 0.599769 0.113802 0.599306 0.112240 0.599306 0.111979 0.598843 0.110677 0.598843 0.110417 0.598380 0.109115 0.598380 0.107813 0.597454 0.105990 0.597454 0.105729 0.596991 0.101562 0.596991 0.100260 0.597454 0.099349 0.599537 0.099349 0.602315 0.099609 0.602778 0.099870 0.606019 0.100391 0.607870 0.100651 0.610185 0.101172 0.611574 0.101172 0.612963 0.102214 0.617593 0.102474 0.621296 0.103516 0.625926 0.104167 0.627083 0.104948 0.627546 0.106771 0.629861 0.108464 0.629630
 6 0.210938 0.887731 0.207552 0.887731 0.204687 0.886343 0.203125 0.886343 0.202865 0.885880 0.198958 0.884491 0.197396 0.884491 0.195833 0.883565 0.194531 0.883565 0.194271 0.883102 0.192708 0.883102 0.191146 0.882176 0.188802 0.881713 0.187500 0.880787 0.185156 0.880324 0.183854 0.879398 0.182552 0.879398 0.180208 0.878009 0.178906 0.877546 0.177604 0.877546 0.176302 0.876620 0.175000 0.876620 0.174740 0.876157 0.172656 0.875694 0.171615 0.874769 0.169271 0.874306 0.169010 0.873843 0.167448 0.873843 0.167187 0.873380 0.165625 0.873380 0.165365 0.872917 0.164062 0.872917 0.161719 0.871991 0.160677 0.871065 0.158333 0.870139 0.157031 0.870139 0.156771 0.869676 0.154948 0.869676 0.153385 0.868750 0.151042 0.868287 0.148177 0.866898 0.145833 0.866435 0.145573 0.865972 0.144271 0.865972 0.144010 0.865509 0.142708 0.865509 0.140365 0.864120 0.139063 0.864120 0.138802 0.863657 0.137240 0.863657 0.134635 0.862731 0.133333 0.861806 0.129427 0.859491 0.128255 0.857407 0.127734 0.855093 0.126432 0.850926 0.126172 0.848611 0.126172 0.843981 0.126432 0.843056 0.128125 0.840046 0.128385 0.840046 0.129297 0.837963 0.130469 0.835880 0.132812 0.833102 0.134635 0.829861 0.135937 0.828472 0.138672 0.823611 0.140885 0.821065 0.141927 0.819213 0.144792 0.816435 0.146094 0.814120 0.147135 0.813194 0.148828 0.810185 0.148828 0.809722 0.150000 0.807639 0.151562 0.806250 0.152734 0.804167 0.152995 0.802778 0.157292 0.795139 0.157552 0.795139 0.159375 0.791898 0.159635 0.791898 0.162240 0.787269 0.163802 0.785417 0.165104 0.783102 0.166667 0.781250 0.168750 0.777546 0.169010 0.777546 0.170313 0.775231 0.170573 0.775231 0.171875 0.772917 0.174479 0.770139 0.178385 0.763194 0.180729 0.760417 0.181510 0.759028 0.182552 0.758102 0.186198 0.751620 0.186458 0.751620 0.188802 0.747917 0.190104 0.746528 0.191406 0.744676 0.193229 0.741435 0.193490 0.741435 0.195573 0.737731 0.199219 0.733102 0.199479 0.733102 0.202604 0.727546 0.202865 0.727546 0.204687 0.724306 0.205729 0.723380 0.208854 0.719676 0.210938 0.715972 0.211198 0.715972 0.212500 0.713657 0.212760 0.713657 0.215104 0.710417 0.216146 0.709491 0.218490 0.709491 0.218750 0.709954 0.220573 0.709954 0.224740 0.711806 0.226042 0.711806 0.226302 0.712269 0.227604 0.712269 0.227865 0.712731 0.230208 0.713194 0.230469 0.713657 0.232031 0.713657 0.232292 0.714120 0.233854 0.714120 0.234115 0.714583 0.235417 0.714583 0.235677 0.715046 0.237240 0.715046 0.237500 0.715509 0.238802 0.715509 0.239063 0.715972 0.240365 0.715972 0.241667 0.716898 0.244010 0.717361 0.244531 0.717824 0.245703 0.719907 0.245964 0.722222 0.245964 0.725926 0.246224 0.726389 0.246224 0.734722 0.246484 0.735185 0.246484 0.737963 0.247266 0.742593 0.248568 0.746759 0.248568 0.747685 0.249609 0.752315 0.249609 0.754167 0.250130 0.756481 0.250130 0.758333 0.250651 0.761111 0.250651 0.763889 0.251172 0.766667 0.251172 0.769444 0.251432 0.769907 0.251432 0.772685 0.251693 0.773148 0.251693 0.779167 0.251953 0.779630 0.251953 0.782407 0.252474 0.784722 0.252474 0.787037 0.252734 0.787500 0.252734 0.789815 0.253516 0.794907 0.253516 0.798148 0.253776 0.798611 0.253776 0.808796 0.252995 0.811574 0.251693 0.813889 0.251693 0.814352 0.247005 0.822685 0.247005 0.823148 0.245182 0.826389 0.245182 0.826852 0.243099 0.830556 0.243099 0.831019 0.241276 0.834259 0.241276 0.834722 0.238411 0.839815 0.238411 0.840278 0.233724 0.848611 0.233203 0.850463 0.230078 0.856019 0.230078 0.856481 0.226953 0.862037 0.226172 0.864352 0.218620 0.877778 0.218620 0.878241 0.215885 0.883102 0.214583 0.884954 0.212760 0.886806 0.210938 0.887731
 6 0.241536 0.789352 0.242448 0.789120 0.243620 0.787500 0.243620 0.784259 0.243880 0.783796 0.243880 0.781019 0.243620 0.780556 0.243620 0.776852 0.243359 0.776389 0.242578 0.770833 0.242057 0.769444 0.240625 0.766898 0.239583 0.767361 0.238151 0.770833 0.236458 0.773843 0.236198 0.773843 0.234896 0.776157 0.234635 0.776157 0.232813 0.779398 0.232161 0.780093 0.231641 0.781944 0.231380 0.785185 0.230859 0.787037 0.232552 0.788657 0.234375 0.788657 0.234635 0.789120 0.237760 0.789120 0.238021 0.789583 0.241406 0.789583 0.241536 0.789352
 0 0.428385 0.612269 0.418750 0.612269 0.418490 0.611806 0.415104 0.611806 0.414844 0.611343 0.410417 0.611343 0.410156 0.610880 0.408594 0.610880 0.408333 0.610417 0.406250 0.610417 0.405990 0.609954 0.402865 0.609954 0.402604 0.609491 0.398698 0.609491 0.398438 0.609028 0.395052 0.609028 0.394792 0.608565 0.389062 0.608565 0.388802 0.608102 0.386979 0.608102 0.385417 0.607176 0.384115 0.607176 0.381250 0.605324 0.380339 0.603241 0.379818 0.601389 0.379818 0.593981 0.379167 0.592824 0.377083 0.591435 0.375781 0.590972 0.374219 0.590972 0.373958 0.590509 0.371615 0.590509 0.371354 0.590046 0.368490 0.590046 0.365625 0.588657 0.364323 0.588657 0.364063 0.588194 0.362760 0.588194 0.362500 0.587731 0.360938 0.587731 0.360677 0.587269 0.358594 0.587269 0.358333 0.586806 0.355208 0.586806 0.353906 0.587269 0.352734 0.585185 0.352474 0.583796 0.351432 0.581481 0.350911 0.579630 0.350130 0.578241 0.348568 0.572685 0.348307 0.571296 0.348307 0.568981 0.348047 0.568519 0.348047 0.562037 0.348307 0.561574 0.348307 0.557870 0.348568 0.557407 0.348568 0.555093 0.348828 0.554630 0.348828 0.550926 0.349089 0.550463 0.349089 0.546296 0.349349 0.545833 0.349349 0.543056 0.349609 0.542593 0.349609 0.540278 0.349870 0.539815 0.349870 0.537500 0.350130 0.537037 0.350130 0.533796 0.350391 0.533333 0.350391 0.530556 0.350651 0.530093 0.350651 0.526852 0.350911 0.526389 0.350911 0.523148 0.351172 0.520833 0.351693 0.518519 0.351693 0.512963 0.351953 0.512500 0.351953 0.509259 0.352214 0.508796 0.352474 0.505556 0.352995 0.503241 0.353255 0.499074 0.353516 0.498611 0.353516 0.496296 0.353776 0.493981 0.354297 0.492130 0.354297 0.490741 0.354818 0.488889 0.355078 0.486574 0.355078 0.483796 0.355339 0.483333 0.355339 0.477778 0.355599 0.477315 0.355599 0.474074 0.356380 0.469907 0.356380 0.468519 0.358464 0.461574 0.361198 0.456713 0.361458 0.456713 0.362760 0.454398 0.364583 0.452083 0.365885 0.451157 0.367188 0.449769 0.369531 0.447917 0.371615 0.446528 0.372396 0.445602 0.373958 0.444676 0.374740 0.444676 0.376563 0.443287 0.379427 0.442361 0.380729 0.441435 0.381771 0.441435 0.386979 0.439583 0.388542 0.438657 0.389844 0.438657 0.390104 0.438194 0.391406 0.438194 0.391667 0.437731 0.396354 0.437731 0.397917 0.436806 0.400260 0.435880 0.400521 0.435417 0.403125 0.434491 0.404948 0.434491 0.405208 0.434028 0.406510 0.434028 0.406771 0.433565 0.415885 0.433565 0.416146 0.434028 0.417448 0.434028 0.417708 0.434491 0.419271 0.434491 0.419531 0.434954 0.421615 0.434954 0.421875 0.434491 0.423698 0.434491 0.425521 0.436343 0.428385 0.437269 0.428646 0.437731 0.429948 0.437731 0.430208 0.438194 0.431510 0.438194 0.433073 0.439120 0.434375 0.439120 0.435156 0.439583 0.436589 0.442130 0.436589 0.442593 0.438542 0.446065 0.441927 0.449306 0.444010 0.450231 0.446094 0.452083 0.446615 0.452083 0.448177 0.453472 0.450260 0.456713 0.451302 0.457639 0.452604 0.459491 0.454036 0.462037 0.454036 0.462500 0.455339 0.464815 0.456380 0.468056 0.456641 0.469907 0.456641 0.472222 0.456901 0.474537 0.457422 0.476852 0.457682 0.481019 0.457943 0.481481 0.457943 0.483796 0.458724 0.490741 0.459505 0.494444 0.459766 0.496759 0.459766 0.499537 0.460026 0.500000 0.460026 0.505093 0.460286 0.505556 0.460286 0.508796 0.460547 0.509259 0.460547 0.513889 0.460807 0.514352 0.460807 0.519907 0.461068 0.520370 0.461068 0.527315 0.461328 0.527778 0.461328 0.540741 0.461068 0.541204 0.461068 0.545833 0.460807 0.546296 0.460807 0.549074 0.460547 0.549537 0.460547 0.551852 0.460286 0.554167 0.459766 0.556481 0.459766 0.558333 0.459245 0.560648 0.459245 0.562037 0.458724 0.563889 0.458724 0.565741 0.458203 0.568519 0.457682 0.575000 0.456641 0.580093 0.455599 0.584259 0.453516 0.588426 0.452995 0.590278 0.452474 0.593519 0.450781 0.596528 0.449740 0.597454 0.446875 0.602546 0.444792 0.604398 0.443490 0.606250 0.442448 0.607176 0.441146 0.607639 0.440365 0.608565 0.439323 0.608565 0.438021 0.609491 0.436719 0.609954 0.435417 0.609954 0.435156 0.610417 0.433854 0.610417 0.433594 0.610880 0.432292 0.610880 0.432031 0.611343 0.430469 0.611343 0.430208 0.611806 0.428646 0.611806 0.428385 0.612269
 1 0.892969 0.880787 0.887760 0.880787 0.887500 0.880324 0.886198 0.880324 0.885938 0.879861 0.884635 0.879861 0.883594 0.878935 0.880729 0.877546 0.876042 0.873843 0.875260 0.873843 0.874219 0.872917 0.873177 0.872917 0.871094 0.871065 0.869792 0.870602 0.867969 0.869213 0.867188 0.868287 0.865104 0.867361 0.863281 0.865509 0.862760 0.865509 0.861458 0.864120 0.860156 0.863657 0.858594 0.862269 0.856250 0.861343 0.855469 0.860417 0.852865 0.858565 0.852344 0.858565 0.850521 0.856713 0.850000 0.856713 0.848698 0.855324 0.846875 0.854398 0.846094 0.853472 0.842969 0.851620 0.841667 0.850231 0.837500 0.847454 0.836198 0.846065 0.834896 0.845139 0.833594 0.844676 0.832552 0.843287 0.832031 0.843287 0.830990 0.841898 0.829167 0.840509 0.828385 0.840509 0.827344 0.839583 0.826042 0.839120 0.825260 0.838194 0.822396 0.836806 0.821094 0.835880 0.819792 0.834491 0.817708 0.833565 0.816406 0.832176 0.814583 0.831250 0.812760 0.829398 0.809635 0.827546 0.806510 0.824769 0.801562 0.821065 0.799479 0.820139 0.798698 0.819213 0.796875 0.818287 0.796094 0.817361 0.794792 0.816898 0.791927 0.814120 0.791406 0.814120 0.789583 0.812731 0.787500 0.811806 0.785417 0.809954 0.784896 0.809954 0.782813 0.808102 0.780208 0.806250 0.777865 0.805324 0.775260 0.803472 0.773958 0.803009 0.771615 0.800694 0.771094 0.800694 0.769792 0.799306 0.767969 0.798380 0.765625 0.796065 0.763281 0.794213 0.762500 0.793287 0.759635 0.791898 0.758594 0.790972 0.757812 0.790972 0.756771 0.790046 0.755990 0.790046 0.754167 0.788657 0.751563 0.785880 0.750000 0.784491 0.748307 0.781481 0.747396 0.779398 0.746094 0.778009 0.744141 0.774537 0.742839 0.770833 0.742057 0.765741 0.742057 0.758796 0.742318 0.758333 0.742839 0.754630 0.742839 0.753241 0.743359 0.751389 0.743880 0.747222 0.744401 0.744444 0.745443 0.740278 0.745703 0.738426 0.745703 0.735185 0.745964 0.734722 0.745964 0.731944 0.747005 0.725926 0.747266 0.721759 0.748307 0.716667 0.749089 0.714352 0.749349 0.712037 0.749870 0.710648 0.750911 0.704167 0.752474 0.699074 0.752474 0.698148 0.753255 0.695833 0.753776 0.693056 0.754036 0.689815 0.754557 0.688426 0.755859 0.681944 0.756380 0.680556 0.758984 0.665741 0.760026 0.662037 0.760807 0.660648 0.761328 0.658796 0.762109 0.653704 0.762630 0.652315 0.762891 0.650000 0.763411 0.648611 0.763672 0.645833 0.764714 0.641667 0.765495 0.636111 0.766016 0.634259 0.766016 0.632870 0.766536 0.631019 0.767839 0.622685 0.768620 0.620370 0.770182 0.612037 0.770703 0.608333 0.771745 0.605093 0.771745 0.604167 0.772526 0.601852 0.773307 0.598611 0.773307 0.597685 0.774089 0.594444 0.774349 0.592130 0.774870 0.589815 0.775651 0.587500 0.776172 0.584722 0.777214 0.581019 0.777995 0.575926 0.778516 0.574537 0.778776 0.572222 0.779297 0.570833 0.779297 0.569444 0.779818 0.566667 0.780599 0.564352 0.780599 0.563426 0.781641 0.559722 0.781901 0.557407 0.782422 0.555556 0.782422 0.554167 0.783203 0.550926 0.783464 0.548611 0.784245 0.546296 0.784505 0.543981 0.785026 0.542593 0.785026 0.541204 0.785807 0.537963 0.786068 0.535648 0.786589 0.534259 0.787891 0.527315 0.788672 0.524074 0.788672 0.522685 0.789193 0.520370 0.789193 0.518056 0.789453 0.516204 0.789974 0.514815 0.790234 0.512500 0.791016 0.510185 0.791276 0.507870 0.791797 0.506481 0.792839 0.501852 0.792839 0.500926 0.793880 0.494444 0.794401 0.492130 0.794401 0.490278 0.797786 0.478241 0.799870 0.473611 0.802734 0.463426 0.803516 0.460185 0.804036 0.459259 0.804557 0.456944 0.805078 0.456019 0.806120 0.451852 0.807422 0.448611 0.807943 0.445370 0.809245 0.441204 0.810026 0.439352 0.811328 0.437037 0.812760 0.433565 0.813802 0.432176 0.815365 0.430787 0.815885 0.430787 0.817969 0.428935 0.819271 0.428935 0.819531 0.428472 0.821354 0.428472 0.821615 0.428009 0.823698 0.428009 0.823958 0.428472 0.826823 0.428472 0.827083 0.428935 0.828906 0.428935 0.829167 0.429398 0.830729 0.429398 0.832031 0.430324 0.833333 0.430324 0.833594 0.430787 0.834896 0.430787 0.835156 0.431250 0.836458 0.431250 0.839844 0.432639 0.840104 0.433102 0.842969 0.434491 0.844271 0.434491 0.845573 0.434954 0.846615 0.435880 0.847396 0.435880 0.848698 0.436806 0.850521 0.437269 0.851562 0.438194 0.853646 0.438657 0.855208 0.439583 0.856771 0.439583 0.858073 0.440509 0.859375 0.440972 0.860677 0.440972 0.861979 0.441898 0.864323 0.442361 0.866667 0.443287 0.867708 0.444213 0.871875 0.446065 0.874219 0.446528 0.876302 0.447917 0.877604 0.447917 0.877865 0.448380 0.880208 0.448380 0.880469 0.448843 0.882031 0.448843 0.882292 0.449306 0.883594 0.449306 0.883854 0.449769 0.885156 0.449769 0.885417 0.450231 0.886719 0.450231 0.888021 0.450694 0.889062 0.451620 0.891146 0.452083 0.891406 0.452546 0.893229 0.452546 0.893490 0.453009 0.894792 0.453009 0.895052 0.453472 0.896354 0.453472 0.896615 0.453935 0.899740 0.454861 0.901302 0.455787 0.902604 0.455787 0.902865 0.456250 0.904167 0.456250 0.904427 0.456713 0.905729 0.456713 0.905990 0.457176 0.907292 0.457176 0.907552 0.457639 0.908854 0.457639 0.910417 0.458565 0.911719 0.458565 0.911979 0.459028 0.913281 0.459028 0.916146 0.460417 0.917188 0.460417 0.919010 0.461806 0.921094 0.462269 0.922396 0.463194 0.925521 0.464120 0.925781 0.464583 0.930208 0.465972 0.931510 0.466898 0.935156 0.467824 0.937500 0.469213 0.940625 0.470139 0.940885 0.470602 0.942187 0.470602 0.943490 0.471065 0.945052 0.472454 0.945573 0.472454 0.947135 0.474306 0.947917 0.474769 0.948958 0.476157 0.952995 0.483333 0.953516 0.485185 0.955339 0.488426 0.956641 0.491667 0.956901 0.493056 0.957682 0.494907 0.959245 0.497685 0.960026 0.500000 0.961068 0.502315 0.962630 0.508333 0.963411 0.510185 0.963932 0.512500 0.964453 0.516204 0.964974 0.517593 0.966016 0.523148 0.968099 0.527778 0.969922 0.533333 0.970182 0.534722 0.971745 0.538426 0.972005 0.539815 0.973828 0.543981 0.974870 0.549074 0.974870 0.550463 0.975781 0.552083 0.976562 0.552546 0.977474 0.555556 0.977734 0.557870 0.978255 0.559259 0.979557 0.561574 0.980339 0.563889 0.982682 0.568981 0.983464 0.572222 0.984766 0.576389 0.985286 0.578704 0.985286 0.586574 0.985026 0.587037 0.985026 0.590741 0.984766 0.591204 0.984766 0.593519 0.983984 0.596759 0.983984 0.597685 0.982422 0.603704 0.981901 0.604630 0.981120 0.607407 0.980859 0.609722 0.980078 0.612963 0.977995 0.618519 0.977734 0.620833 0.976432 0.625000 0.975911 0.627315 0.975651 0.629630 0.975130 0.631944 0.974609 0.632870 0.974089 0.635185 0.973568 0.636111 0.973047 0.638426 0.972526 0.639352 0.971224 0.644444 0.970964 0.647222 0.969401 0.652315 0.967578 0.657407 0.967578 0.658333 0.966536 0.662037 0.965495 0.664352 0.964453 0.668056 0.961849 0.675000 0.961328 0.678241 0.960286 0.681481 0.959766 0.684722 0.957943 0.689815 0.955859 0.697222 0.955078 0.700463 0.954557 0.701852 0.954297 0.704167 0.953776 0.705556 0.952995 0.708796 0.951953 0.711111 0.950130 0.716667 0.948828 0.721296 0.948307 0.722222 0.947526 0.725463 0.946224 0.728704 0.945443 0.732870 0.944922 0.733796 0.944141 0.736574 0.942318 0.740278 0.941536 0.742593 0.941016 0.744907 0.940755 0.747222 0.939714 0.750463 0.938932 0.751852 0.938151 0.755093 0.938151 0.756481 0.937630 0.759259 0.936589 0.762500 0.934766 0.766204 0.933724 0.769907 0.932682 0.772685 0.932161 0.775463 0.930339 0.781944 0.929557 0.784259 0.929297 0.786574 0.928255 0.790741 0.927474 0.792130 0.927214 0.793519 0.926432 0.794907 0.925911 0.797222 0.925130 0.799537 0.924870 0.801852 0.924349 0.804167 0.922786 0.807407 0.921745 0.812037 0.921484 0.814352 0.920443 0.817593 0.919141 0.820370 0.918620 0.822685 0.917057 0.827778 0.916016 0.830093 0.915234 0.832407 0.914453 0.836111 0.913672 0.837963 0.912109 0.843519 0.911589 0.845833 0.910547 0.848611 0.910547 0.849537 0.908984 0.856019 0.908203 0.858796 0.907422 0.860185 0.906380 0.863426 0.906380 0.864352 0.905599 0.867130 0.903516 0.870833 0.903516 0.871296 0.901823 0.874306 0.896354 0.879398 0.894271 0.879861 0.892969 0.880787
 7 0.000000 0.652083 0.001302 0.652083 0.002344 0.651620 0.005208 0.648380 0.005990 0.647917 0.008854 0.645139 0.009375 0.645139 0.011458 0.642824 0.012240 0.642361 0.013281 0.640972 0.013802 0.640972 0.015885 0.639120 0.016406 0.639120 0.017708 0.637731 0.019271 0.636806 0.021615 0.634028 0.023177 0.633565 0.024479 0.632639 0.025781 0.631250 0.026823 0.630787 0.028125 0.628472 0.029167 0.627083 0.030729 0.626620 0.032552 0.625231 0.037500 0.625231 0.037760 0.625694 0.039323 0.625694 0.039583 0.626157 0.041146 0.626157 0.041406 0.626620 0.042708 0.626620 0.042969 0.627083 0.045312 0.627546 0.045573 0.628009 0.047135 0.628009 0.049479 0.628935 0.051823 0.630787 0.052865 0.631250 0.054427 0.631250 0.054688 0.631713 0.056510 0.631713 0.056771 0.632176 0.058073 0.632176 0.058333 0.632639 0.059896 0.632639 0.060156 0.633102 0.061719 0.633102 0.061979 0.633565 0.063542 0.633565 0.063802 0.634028 0.065104 0.634028 0.067448 0.635417 0.069271 0.635880 0.070052 0.636806 0.072396 0.637731 0.074479 0.639583 0.075651 0.641667 0.076172 0.643981 0.076172 0.645833 0.076693 0.648148 0.076693 0.651389 0.076953 0.651852 0.076953 0.655093 0.077474 0.657870 0.077474 0.659722 0.077995 0.661574 0.077995 0.662963 0.078516 0.665278 0.080078 0.668981 0.080599 0.670833 0.080859 0.673148 0.082422 0.678241 0.085026 0.682870 0.085547 0.684722 0.086068 0.688889 0.086849 0.691204 0.086849 0.692130 0.087891 0.695370 0.088672 0.700000 0.089453 0.703241 0.090234 0.709259 0.091276 0.712037 0.091276 0.714352 0.091536 0.716667 0.092318 0.720833 0.092318 0.723148 0.093099 0.727315 0.093099 0.728704 0.093880 0.731481 0.094401 0.734259 0.094922 0.735185 0.096224 0.741204 0.096224 0.742593 0.096745 0.744444 0.097005 0.748148 0.097526 0.751389 0.098047 0.752778 0.098568 0.756019 0.099349 0.758333 0.099870 0.761574 0.099870 0.763889 0.100130 0.764352 0.100130 0.767130 0.098958 0.769676 0.097917 0.770602 0.097266 0.772222 0.096094 0.774306 0.095312 0.775231 0.094010 0.775694 0.093229 0.776620 0.091146 0.781250 0.089323 0.783102 0.088021 0.784954 0.087240 0.785417 0.084635 0.789120 0.081510 0.791898 0.079948 0.794676 0.078125 0.796528 0.075521 0.801157 0.071875 0.803935 0.070312 0.805324 0.069401 0.806944 0.068880 0.808796 0.067708 0.810417 0.067187 0.810417 0.065365 0.812269 0.063542 0.815509 0.062500 0.816898 0.061719 0.817361 0.060937 0.818750 0.059635 0.820139 0.057813 0.823380 0.057552 0.823380 0.055469 0.825694 0.054688 0.826157 0.053125 0.828935 0.048438 0.833565 0.045312 0.839120 0.043750 0.840972 0.041406 0.845139 0.039062 0.846991 0.036458 0.851620 0.035937 0.851620 0.034635 0.853472 0.032813 0.856713 0.029687 0.859491 0.028385 0.860417 0.026693 0.863426 0.026693 0.863889 0.025000 0.866435 0.023177 0.867824 0.021354 0.871065 0.020313 0.872454 0.019792 0.872454 0.017969 0.874306 0.017188 0.874769 0.015365 0.874769 0.015104 0.875231 0.012240 0.875231 0.008073 0.873380 0.006771 0.873380 0.006510 0.872917 0.005208 0.872917 0.004167 0.872454 0.002083 0.870602 0.000000 0.870602
 7 0.077214 0.741667 0.078385 0.740972 0.079297 0.738889 0.079557 0.737037 0.079557 0.734259 0.079818 0.733796 0.079557 0.730556 0.078776 0.726852 0.078776 0.719444 0.078255 0.715278 0.077734 0.713426 0.077734 0.712037 0.077214 0.710185 0.077214 0.708796 0.076432 0.706481 0.075911 0.703704 0.075000 0.701620 0.072656 0.699769 0.069792 0.700694 0.068750 0.701620 0.065885 0.702546 0.063542 0.704861 0.062500 0.706713 0.061198 0.708102 0.060417 0.709491 0.059375 0.710417 0.058203 0.712500 0.057682 0.714815 0.056510 0.716898 0.054427 0.718750 0.052344 0.719676 0.050000 0.721528 0.049219 0.721528 0.047917 0.722454 0.046615 0.723843 0.045703 0.725926 0.045703 0.727315 0.046224 0.729167 0.047656 0.730324 0.050260 0.731250 0.052083 0.733102 0.052865 0.733565 0.055469 0.733565 0.055729 0.734028 0.058333 0.734028 0.058594 0.734491 0.060156 0.734491 0.061719 0.735417 0.062760 0.735417 0.064323 0.736343 0.065885 0.736343 0.066146 0.736806 0.067448 0.736806 0.067708 0.737269 0.069271 0.737731 0.072135 0.740509 0.074740 0.741898 0.077083 0.741898 0.077214 0.741667
 8 0.000000 0.435417 0.002344 0.435417 0.004427 0.433565 0.005469 0.433102 0.006510 0.431713 0.008854 0.430324 0.009635 0.430324 0.010417 0.429398 0.013021 0.428009 0.015365 0.427546 0.015625 0.427083 0.016927 0.427083 0.019271 0.425694 0.021094 0.425231 0.026042 0.421991 0.027865 0.421528 0.028906 0.420602 0.029687 0.420602 0.030729 0.419676 0.032552 0.419213 0.032813 0.418750 0.035937 0.415972 0.037500 0.415046 0.038281 0.415046 0.039583 0.414120 0.040625 0.414120 0.041667 0.413194 0.044010 0.412269 0.045312 0.410880 0.046875 0.410417 0.047135 0.409954 0.048438 0.409954 0.051823 0.407639 0.053125 0.407176 0.054427 0.407176 0.057292 0.405787 0.059375 0.403935 0.062240 0.402546 0.064583 0.402083 0.065625 0.401157 0.068490 0.400231 0.072656 0.397454 0.075260 0.396065 0.077083 0.395602 0.077344 0.395139 0.078646 0.395139 0.078906 0.394676 0.080990 0.394213 0.082031 0.393287 0.082812 0.393287 0.085417 0.391435 0.089063 0.389583 0.089323 0.389120 0.091927 0.387731 0.095312 0.386806 0.096354 0.385880 0.097135 0.385880 0.098698 0.384491 0.099219 0.384491 0.102604 0.382639 0.103646 0.381713 0.104427 0.381713 0.106250 0.380324 0.109635 0.379398 0.112240 0.378009 0.113542 0.376620 0.115104 0.375694 0.115885 0.375694 0.117188 0.374769 0.118229 0.374769 0.119531 0.373843 0.121354 0.373380 0.122396 0.372454 0.123698 0.371991 0.125000 0.371991 0.125260 0.371528 0.130990 0.371528 0.132292 0.372454 0.134635 0.372917 0.134896 0.373380 0.136979 0.373380 0.137240 0.373843 0.141927 0.373843 0.142187 0.374306 0.144271 0.374306 0.144531 0.374769 0.146094 0.374769 0.146354 0.375231 0.147917 0.375231 0.150781 0.376620 0.152344 0.376620 0.153646 0.377083 0.154948 0.378009 0.158073 0.378935 0.158333 0.379398 0.159635 0.379398 0.159896 0.378935 0.161719 0.378935 0.161979 0.379398 0.163802 0.379861 0.165885 0.381250 0.167448 0.381250 0.167708 0.381713 0.170052 0.381713 0.170313 0.382176 0.171875 0.382176 0.172135 0.382639 0.173698 0.382639 0.173958 0.383102 0.176042 0.383102 0.176302 0.383565 0.178125 0.383565 0.180990 0.384954 0.182552 0.384954 0.182812 0.385417 0.184896 0.385417 0.185156 0.385880 0.186458 0.385880 0.186719 0.386343 0.188021 0.386343 0.188281 0.386806 0.190104 0.386806 0.190365 0.387269 0.192448 0.387269 0.192708 0.387731 0.194271 0.387731 0.197135 0.389120 0.198437 0.389120 0.198698 0.389583 0.200000 0.389583 0.200260 0.390046 0.201823 0.390046 0.204427 0.390972 0.204687 0.391435 0.206250 0.391435 0.206510 0.391898 0.208594 0.391898 0.209896 0.392361 0.210938 0.393287 0.212240 0.393750 0.213802 0.393750 0.214062 0.394213 0.215885 0.394213 0.216146 0.394676 0.217969 0.394676 0.218229 0.395139 0.219531 0.395139 0.219792 0.395602 0.221615 0.395602 0.221875 0.396065 0.224219 0.396065 0.224479 0.396528 0.226302 0.396528 0.226562 0.396991 0.227865 0.396991 0.228125 0.397454 0.229427 0.397454 0.229687 0.397917 0.232031 0.398380 0.232292 0.398843 0.234115 0.398843 0.234375 0.399306 0.235937 0.399306 0.237500 0.400231 0.238802 0.400231 0.239063 0.400694 0.240625 0.400694 0.240885 0.401157 0.242448 0.401157 0.245312 0.402546 0.246615 0.402546 0.246875 0.403009 0.249479 0.403009 0.249740 0.403472 0.252344 0.403472 0.252604 0.403935 0.253906 0.403935 0.254167 0.404398 0.256250 0.404861 0.257812 0.406250 0.259375 0.407176 0.260547 0.409259 0.261068 0.410648 0.261849 0.414352 0.261849 0.416204 0.262370 0.418981 0.262370 0.421296 0.262630 0.421759 0.262630 0.424537 0.262891 0.425000 0.262891 0.427778 0.263151 0.428241 0.263151 0.431481 0.263411 0.431944 0.263411 0.435185 0.263672 0.435648 0.263672 0.438426 0.263932 0.438889 0.263932 0.441204 0.264193 0.441667 0.264193 0.444907 0.264453 0.445370 0.264453 0.448148 0.264974 0.450926 0.264974 0.453241 0.265234 0.453704 0.265234 0.456019 0.265495 0.456481 0.265495 0.458796 0.265755 0.459259 0.265755 0.461574 0.266016 0.462037 0.266016 0.465278 0.266276 0.465741 0.266276 0.469444 0.266536 0.469907 0.266536 0.473611 0.266797 0.474074 0.266797 0.477315 0.267057 0.477778 0.267057 0.481019 0.267318 0.481481 0.267318 0.483796 0.267839 0.486111 0.267839 0.487963 0.268359 0.490278 0.268359 0.492593 0.268620 0.493056 0.268620 0.496296 0.268880 0.496759 0.268880 0.502778 0.269141 0.503241 0.269141 0.506019 0.269401 0.506481 0.269401 0.509259 0.269661 0.509722 0.269661 0.512037 0.270443 0.517130 0.270443 0.520370 0.270703 0.520833 0.270703 0.524074 0.270964 0.524537 0.270964 0.530556 0.271224 0.531019 0.271224 0.535185 0.271484 0.535648 0.271484 0.538889 0.271745 0.539352 0.271745 0.541667 0.272005 0.542130 0.272005 0.545370 0.272266 0.545833 0.272266 0.550926 0.272526 0.551389 0.272526 0.554167 0.272786 0.554630 0.272786 0.556944 0.273047 0.557407 0.273047 0.559722 0.273307 0.560185 0.273307 0.562500 0.273568 0.562963 0.273568 0.566204 0.273828 0.566667 0.273828 0.573611 0.274089 0.574074 0.274089 0.578704 0.274349 0.579167 0.274349 0.581481 0.274609 0.581944 0.274609 0.584259 0.274870 0.584722 0.274870 0.588426 0.275130 0.588889 0.275130 0.594907 0.275391 0.597222 0.275911 0.599537 0.275911 0.603704 0.276172 0.604167 0.276172 0.607407 0.276953 0.611111 0.277214 0.613426 0.277214 0.615741 0.277474 0.616204 0.277474 0.618981 0.277734 0.619444 0.277734 0.622685 0.277995 0.623148 0.277995 0.628241 0.278255 0.628704 0.278255 0.632870 0.278516 0.633333 0.278516 0.635648 0.278776 0.636111 0.279297 0.641204 0.279557 0.641667 0.279557 0.648148 0.279818 0.648611 0.279818 0.651389 0.280078 0.651852 0.280078 0.654167 0.280339 0.654630 0.280339 0.657870 0.280599 0.658333 0.280599 0.663889 0.281380 0.668056 0.281380 0.670370 0.281641 0.670833 0.281641 0.676389 0.281901 0.676852 0.281901 0.679630 0.282161 0.680093 0.282161 0.682407 0.282422 0.682870 0.282422 0.690741 0.282682 0.691204 0.282682 0.693519 0.282943 0.693981 0.282943 0.696296 0.283203 0.696759 0.283203 0.703241 0.283464 0.703704 0.283464 0.709259 0.283724 0.709722 0.283724 0.712963 0.283984 0.713426 0.283984 0.715741 0.284245 0.716204 0.284245 0.718981 0.284505 0.719444 0.284505 0.722685 0.284766 0.723148 0.284766 0.726389 0.285026 0.726852 0.285026 0.730093 0.285286 0.730556 0.285286 0.733333 0.285547 0.733796 0.285547 0.736574 0.285807 0.737037 0.285807 0.739815 0.286068 0.740278 0.286068 0.743056 0.286328 0.743519 0.286328 0.745833 0.286849 0.748611 0.287370 0.750000 0.287891 0.752778 0.287891 0.756481 0.288151 0.756944 0.288151 0.760648 0.288411 0.762500 0.289453 0.766667 0.290234 0.768056 0.290495 0.769444 0.292057 0.773148 0.293099 0.777778 0.293880 0.781944 0.293880 0.787037 0.292839 0.790278 0.292057 0.791667 0.291536 0.793519 0.290495 0.795370 0.288932 0.800000 0.288151 0.803241 0.286849 0.806019 0.285286 0.810648 0.282161 0.816204 0.281380 0.818981 0.279297 0.822685 0.279297 0.823148 0.276823 0.827546 0.275260 0.828935 0.274349 0.830556 0.273828 0.833333 0.273307 0.834722 0.272786 0.837963 0.270703 0.841667 0.269922 0.843981 0.267708 0.847454 0.267448 0.847454 0.265495 0.850926 0.265234 0.852315 0.264193 0.855093 0.263021 0.857176 0.260156 0.860417 0.258984 0.862500 0.256901 0.869907 0.255599 0.872222 0.255599 0.872685 0.253776 0.875926 0.253776 0.876389 0.250391 0.882407 0.249870 0.884259 0.246224 0.890741 0.245703 0.892593 0.244401 0.894907 0.243620 0.896759 0.243359 0.898148 0.242318 0.900926 0.239583 0.905787 0.239323 0.905787 0.238411 0.907870 0.235807 0.912500 0.234766 0.914815 0.234245 0.916667 0.233464 0.918056 0.232422 0.921759 0.231641 0.923148 0.231120 0.925000 0.229427 0.928009 0.228385 0.928935 0.225911 0.933333 0.225391 0.935648 0.224089 0.938889 0.222396 0.941898 0.222135 0.941898 0.219401 0.946759 0.218359 0.949537 0.217578 0.952315 0.215625 0.955787 0.213542 0.958102 0.212109 0.960648 0.210547 0.964815 0.209505 0.968519 0.206641 0.973611 0.205859 0.975926 0.204557 0.978241 0.203516 0.980556 0.202995 0.982407 0.201563 0.985417 0.199740 0.987269 0.197917 0.990509 0.195573 0.992824 0.194792 0.993287 0.194010 0.994676 0.192969 0.995602 0.188281 0.995602 0.188021 0.996065 0.179167 0.996065 0.178906 0.996528 0.174479 0.996528 0.174219 0.996065 0.144010 0.996065 0.143750 0.995602 0.141927 0.995602 0.141667 0.996065 0.128385 0.996065 0.128125 0.995602 0.126302 0.995602 0.126042 0.996065 0.119531 0.996065 0.119271 0.995602 0.116406 0.995602 0.116146 0.996065 0.115104 0.995602 0.109635 0.995602 0.109375 0.996065 0.104167 0.996065 0.103906 0.995602 0.092969 0.995602 0.092708 0.996065 0.090365 0.996065 0.090104 0.995602 0.077344 0.995602 0.077083 0.996065 0.075000 0.996065 0.074740 0.995602 0.069271 0.995602 0.069010 0.996065 0.067448 0.996065 0.067187 0.995602 0.062760 0.995602 0.062500 0.996065 0.057292 0.996065 0.055990 0.995602 0.055729 0.996065 0.050521 0.996065 0.050260 0.995602 0.047917 0.995602 0.047656 0.996065 0.036719 0.996065 0.036458 0.995602 0.032813 0.995602 0.029948 0.993287 0.028646 0.993287 0.026823 0.994676 0.025781 0.994676 0.023698 0.996065 0.022396 0.996528 0.019010 0.996528 0.018750 0.996991 0.010677 0.996991 0.010417 0.996528 0.009115 0.996528 0.008854 0.996991 0.000000 0.996991
 8 0.182422 0.701852 0.183594 0.701157 0.185417 0.700694 0.186198 0.699769 0.189062 0.697454 0.190885 0.695139 0.193750 0.692361 0.197917 0.684954 0.198698 0.684028 0.199740 0.683565 0.201823 0.681713 0.203125 0.679861 0.204427 0.678472 0.205469 0.678009 0.206510 0.676620 0.207292 0.676157 0.208333 0.674769 0.211458 0.669213 0.213281 0.667361 0.214583 0.665509 0.215885 0.664583 0.216406 0.663657 0.217969 0.662269 0.219271 0.659954 0.221615 0.656713 0.224219 0.654861 0.225000 0.653935 0.226302 0.651620 0.227865 0.649769 0.229948 0.647917 0.230729 0.646528 0.232552 0.644676 0.233854 0.642824 0.237370 0.636574 0.237630 0.635648 0.237630 0.632870 0.237109 0.630093 0.237109 0.620370 0.236849 0.619907 0.236849 0.617593 0.236589 0.617130 0.236589 0.614815 0.236328 0.614352 0.236328 0.611574 0.236068 0.611111 0.236068 0.607870 0.235807 0.607407 0.235807 0.604167 0.235547 0.603704 0.235547 0.599537 0.235286 0.599074 0.235286 0.595833 0.235026 0.595370 0.235026 0.593056 0.234505 0.591204 0.233984 0.587500 0.233984 0.586111 0.233464 0.583796 0.233464 0.582407 0.232943 0.580093 0.232943 0.577315 0.232682 0.576852 0.232682 0.574537 0.231901 0.569444 0.231901 0.567130 0.231380 0.564352 0.230859 0.562963 0.230599 0.560648 0.229557 0.556944 0.229557 0.555556 0.229036 0.553704 0.229036 0.551389 0.228776 0.550926 0.228776 0.547222 0.228516 0.546759 0.228516 0.542593 0.228255 0.542130 0.228255 0.538426 0.227995 0.537963 0.227995 0.535185 0.227734 0.534722 0.227734 0.531944 0.227474 0.530556 0.225260 0.526620 0.223177 0.525231 0.221875 0.524769 0.221094 0.523843 0.219010 0.523380 0.218750 0.522917 0.217188 0.522917 0.216927 0.522454 0.215625 0.522454 0.214323 0.521528 0.208854 0.519676 0.207813 0.518750 0.204948 0.517824 0.204687 0.517361 0.202344 0.516898 0.202083 0.516435 0.200781 0.516435 0.200521 0.515972 0.198437 0.515972 0.198177 0.515509 0.196875 0.515509 0.193750 0.513657 0.191406 0.513194 0.188542 0.511806 0.187240 0.511806 0.185938 0.510880 0.185156 0.510880 0.183594 0.509954 0.182292 0.508565 0.180990 0.507639 0.179427 0.507176 0.179167 0.506713 0.177344 0.506250 0.176302 0.505324 0.175521 0.505324 0.174219 0.504398 0.171094 0.506250 0.170313 0.506250 0.165625 0.509954 0.164844 0.510880 0.159635 0.515509 0.159115 0.515509 0.155729 0.518287 0.154948 0.519213 0.148177 0.524769 0.146875 0.526620 0.145573 0.528009 0.144010 0.528935 0.143229 0.529861 0.142448 0.529861 0.141146 0.531250 0.140625 0.531250 0.139323 0.532639 0.138021 0.533565 0.137500 0.534491 0.135417 0.535880 0.133854 0.537269 0.133333 0.538194 0.129948 0.540972 0.129427 0.541898 0.128385 0.542361 0.127083 0.543750 0.126562 0.543750 0.124219 0.545602 0.123438 0.545602 0.118750 0.550231 0.117708 0.550694 0.114323 0.554398 0.111458 0.556713 0.109375 0.557639 0.108073 0.559028 0.106510 0.559954 0.104948 0.561806 0.103646 0.562731 0.102344 0.564120 0.101042 0.565972 0.096875 0.569213 0.095573 0.570602 0.091406 0.573380 0.090104 0.575231 0.088281 0.576620 0.087760 0.577546 0.086458 0.578472 0.084766 0.581019 0.083464 0.585648 0.083464 0.587500 0.084505 0.590741 0.084766 0.593056 0.085547 0.595370 0.085547 0.596296 0.086589 0.600000 0.086849 0.602315 0.086849 0.605093 0.087109 0.605556 0.087109 0.608796 0.087370 0.611111 0.087891 0.613426 0.087891 0.614815 0.088411 0.616667 0.088932 0.621296 0.089714 0.624074 0.090234 0.625000 0.091276 0.628704 0.091276 0.632407 0.091536 0.632870 0.091536 0.635648 0.091797 0.636111 0.092578 0.640741 0.093359 0.646759 0.093880 0.649074 0.093880 0.650926 0.095703 0.659722 0.097135 0.663657 0.097917 0.664583 0.100000 0.665972 0.100781 0.666898 0.102344 0.667824 0.104167 0.668287 0.105990 0.669676 0.108594 0.670602 0.108854 0.671065 0.110156 0.671065 0.111458 0.671528 0.113281 0.672917 0.114062 0.672917 0.115625 0.673843 0.116406 0.674769 0.117708 0.675231 0.118490 0.676157 0.122917 0.676157 0.124479 0.677546 0.127344 0.678935 0.128646 0.678935 0.128906 0.679398 0.130208 0.679398 0.130469 0.679861 0.132812 0.680324 0.133073 0.680787 0.135417 0.681250 0.137760 0.682639 0.141406 0.683565 0.142708 0.684491 0.143750 0.684491 0.145052 0.685417 0.146875 0.685880 0.149740 0.688194 0.151042 0.688657 0.152865 0.688657 0.153125 0.689120 0.154688 0.689583 0.157292 0.692361 0.159635 0.693287 0.160938 0.693287 0.162240 0.694213 0.163021 0.694213 0.164062 0.695139 0.164844 0.695139 0.166146 0.696065 0.167969 0.696528 0.169010 0.697454 0.170313 0.697917 0.172917 0.697917 0.173177 0.698380 0.174479 0.698380 0.175781 0.699306 0.176563 0.699306 0.178385 0.700694 0.179688 0.701157 0.180729 0.702083 0.182422 0.701852
 8 0.220312 0.603009 0.217969 0.603009 0.217318 0.601389 0.218750 0.599306 0.220573 0.599306 0.221224 0.600463 0.221224 0.601852 0.220312 0.603009
 8 0.217188 0.606713 0.217188 0.606713
 8 0.000000 0.873843 0.002344 0.873843 0.004687 0.875231 0.006510 0.875694 0.007552 0.876620 0.008333 0.876620 0.010417 0.878009 0.015365 0.878009 0.015625 0.877546 0.016927 0.877546 0.019792 0.875231 0.020313 0.875231 0.021875 0.873843 0.023438 0.871991 0.024870 0.869444 0.024870 0.868981 0.026562 0.865972 0.029948 0.862731 0.030729 0.861343 0.033854 0.858102 0.036198 0.853935 0.036458 0.853935 0.040104 0.847454 0.041667 0.845602 0.042188 0.845602 0.044531 0.843750 0.045443 0.842130 0.045964 0.840278 0.047917 0.837269 0.048958 0.836343 0.050521 0.834028 0.052344 0.832639 0.055990 0.829398 0.057422 0.826852 0.057422 0.826389 0.059115 0.823843 0.059896 0.823380 0.062500 0.818750 0.064583 0.816898 0.066927 0.813657 0.067708 0.813194 0.069531 0.809954 0.071615 0.807639 0.072396 0.806250 0.075000 0.803935 0.076302 0.803009 0.077995 0.800000 0.077995 0.799537 0.080469 0.795139 0.082552 0.792824 0.083594 0.792361 0.085938 0.789120 0.087500 0.787731 0.089583 0.784028 0.092448 0.781250 0.094531 0.778472 0.095833 0.777546 0.096354 0.776620 0.098698 0.774769 0.099609 0.773148 0.100391 0.769444 0.100391 0.763426 0.100130 0.762963 0.100130 0.760185 0.099089 0.752778 0.099089 0.750926 0.098568 0.748611 0.098568 0.746759 0.098047 0.744907 0.097266 0.739815 0.096484 0.736574 0.096224 0.733333 0.095443 0.730556 0.095182 0.728241 0.094661 0.726852 0.094661 0.725463 0.094141 0.723611 0.093620 0.719444 0.093359 0.718981 0.092839 0.715278 0.092578 0.712037 0.091536 0.707407 0.090495 0.704167 0.089193 0.696296 0.088672 0.694907 0.088411 0.692593 0.087891 0.691204 0.087370 0.687500 0.087109 0.687037 0.086589 0.683333 0.085807 0.681019 0.084505 0.676389 0.083984 0.675000 0.082161 0.671759 0.080599 0.666667 0.080078 0.663889 0.080078 0.662500 0.079297 0.658796 0.078776 0.653241 0.077995 0.649537 0.077995 0.646759 0.077734 0.646296 0.077734 0.642593 0.076953 0.638889 0.075260 0.636343 0.073958 0.635417 0.073177 0.635417 0.072135 0.634491 0.070833 0.634028 0.069531 0.634028 0.069271 0.633565 0.067708 0.633565 0.065625 0.632639 0.064323 0.631713 0.063021 0.631713 0.062760 0.631250 0.061458 0.631250 0.061198 0.630787 0.059896 0.630787 0.058333 0.629861 0.057292 0.629861 0.055729 0.628935 0.054948 0.628009 0.053125 0.627083 0.051823 0.627083 0.051562 0.626620 0.049219 0.626620 0.048958 0.626157 0.047135 0.626157 0.046875 0.625694 0.045052 0.625694 0.044792 0.625231 0.043490 0.625231 0.041146 0.624306 0.040104 0.623380 0.038802 0.622917 0.035417 0.622917 0.035156 0.623380 0.033594 0.623380 0.032552 0.624306 0.031771 0.624306 0.030729 0.625231 0.028385 0.626157 0.027604 0.627083 0.025000 0.628935 0.024219 0.630324 0.022656 0.632176 0.018490 0.635417 0.017969 0.635417 0.016667 0.636806 0.012500 0.640509 0.010156 0.641435 0.008594 0.642824 0.007031 0.645602 0.004687 0.647917 0.002083 0.650231 0.000000 0.650231
 8 0.210547 0.890278 0.213021 0.889583 0.214062 0.888657 0.216667 0.887269 0.217839 0.885185 0.218359 0.882870 0.219661 0.878241 0.220833 0.876157 0.222656 0.874306 0.223698 0.872917 0.225911 0.868981 0.226953 0.865741 0.228385 0.862731 0.229427 0.861806 0.230729 0.859954 0.231771 0.859028 0.232943 0.856944 0.233464 0.853704 0.233984 0.852315 0.234245 0.850463 0.236198 0.846991 0.237760 0.845602 0.239974 0.841667 0.240755 0.839815 0.241797 0.836111 0.243229 0.833565 0.246094 0.830787 0.247526 0.828241 0.248568 0.825000 0.248828 0.823148 0.252214 0.817130 0.253255 0.813889 0.253255 0.812963 0.255078 0.806019 0.255078 0.805093 0.255859 0.802778 0.255859 0.799537 0.255078 0.794444 0.255078 0.791204 0.254818 0.790741 0.254818 0.788426 0.254557 0.786574 0.254036 0.785185 0.253776 0.782870 0.253255 0.781481 0.253255 0.779167 0.252995 0.778704 0.252995 0.774074 0.252734 0.773611 0.252734 0.771296 0.252214 0.769444 0.251953 0.767130 0.251953 0.762500 0.252214 0.762037 0.251953 0.759259 0.251432 0.757407 0.251172 0.753704 0.250651 0.751389 0.249609 0.744907 0.249089 0.739352 0.248828 0.738889 0.248828 0.736111 0.248307 0.733333 0.248307 0.730093 0.248047 0.729630 0.248047 0.725463 0.246745 0.720370 0.245052 0.717361 0.242969 0.715509 0.241667 0.715046 0.240885 0.714120 0.239323 0.713194 0.238021 0.713194 0.236719 0.712731 0.235417 0.711806 0.233333 0.710880 0.232031 0.709954 0.230729 0.709954 0.230469 0.709491 0.228906 0.709491 0.227344 0.708565 0.223958 0.707176 0.222917 0.707176 0.221094 0.705787 0.219792 0.705787 0.218229 0.706713 0.216927 0.706713 0.215365 0.707639 0.214583 0.708565 0.213281 0.709028 0.211719 0.710417 0.209766 0.713889 0.209766 0.714352 0.207292 0.718750 0.205729 0.720139 0.205208 0.721065 0.203906 0.721991 0.202865 0.723380 0.200651 0.727315 0.200651 0.727778 0.197656 0.733102 0.196615 0.734028 0.193490 0.738194 0.191667 0.741435 0.191406 0.741435 0.189844 0.744213 0.188802 0.745602 0.188021 0.746065 0.185677 0.748843 0.185156 0.749769 0.182812 0.752083 0.181380 0.754630 0.180339 0.757407 0.177865 0.761806 0.177604 0.761806 0.175260 0.765046 0.174479 0.765509 0.172526 0.768981 0.172526 0.769444 0.170573 0.772917 0.169271 0.774306 0.167708 0.776620 0.164844 0.778935 0.163151 0.781944 0.162630 0.783796 0.160938 0.786806 0.159375 0.788657 0.158594 0.789120 0.155599 0.794444 0.155599 0.794907 0.152344 0.800694 0.151042 0.802083 0.148958 0.805787 0.147656 0.807176 0.146354 0.809028 0.143490 0.814120 0.141927 0.815972 0.140625 0.818287 0.140365 0.818287 0.138802 0.820602 0.138021 0.821065 0.133333 0.829398 0.131250 0.831713 0.130469 0.833102 0.128906 0.834954 0.128125 0.835417 0.126432 0.838426 0.125911 0.840741 0.125391 0.841667 0.124349 0.847685 0.123828 0.849074 0.123568 0.851852 0.124089 0.853704 0.124089 0.855093 0.124870 0.858333 0.125781 0.859954 0.127344 0.861343 0.129688 0.864583 0.130990 0.865509 0.132292 0.865046 0.135156 0.865046 0.136979 0.866898 0.139844 0.868750 0.140365 0.868750 0.142187 0.870139 0.143490 0.870139 0.143750 0.870602 0.145833 0.870602 0.146615 0.871065 0.149219 0.873380 0.154688 0.873380 0.156250 0.874306 0.157812 0.874306 0.159375 0.875231 0.160417 0.875231 0.161458 0.876157 0.163542 0.876157 0.163802 0.876620 0.166406 0.876620 0.169271 0.878935 0.172135 0.878935 0.172396 0.878472 0.174219 0.878472 0.175781 0.879861 0.178906 0.881250 0.180990 0.883102 0.182552 0.884028 0.185417 0.884954 0.187500 0.886343 0.189062 0.886343 0.189323 0.886806 0.190625 0.886806 0.190885 0.886343 0.193229 0.886343 0.193490 0.886806 0.194792 0.886806 0.195052 0.887269 0.196354 0.887269 0.196615 0.887731 0.198177 0.887731 0.198437 0.888194 0.200000 0.888194 0.200260 0.888657 0.201823 0.888657 0.202083 0.889120 0.203646 0.889120 0.203906 0.889583 0.205469 0.889583 0.205729 0.890046 0.207292 0.890046 0.207552 0.890509 0.210417 0.890509 0.210547 0.890278
 7 0.403776 0.999537 0.403646 0.998843 0.401302 0.998843 0.401042 0.998380 0.398438 0.998380 0.398177 0.998843 0.393229 0.998843 0.391927 0.998380 0.391667 0.998843 0.387500 0.998843 0.387240 0.998380 0.380990 0.998380 0.380729 0.997917 0.378125 0.997917 0.377865 0.997454 0.376042 0.997454 0.375781 0.996991 0.374219 0.996991 0.373958 0.996528 0.372656 0.996528 0.372396 0.996065 0.371094 0.996065 0.370833 0.995602 0.369531 0.995602 0.369271 0.995139 0.367448 0.995139 0.367188 0.994676 0.365885 0.994676 0.365625 0.994213 0.364323 0.994213 0.364063 0.993750 0.362240 0.993287 0.360417 0.991898 0.359635 0.991898 0.357943 0.989815 0.357161 0.987963 0.356641 0.984722 0.356380 0.984259 0.356380 0.978704 0.356641 0.978241 0.356641 0.975463 0.356901 0.975000 0.356901 0.970370 0.357161 0.969907 0.357161 0.967130 0.356901 0.966667 0.356901 0.959259 0.356641 0.958796 0.356641 0.950463 0.356380 0.950000 0.356380 0.940741 0.356120 0.940278 0.356120 0.931481 0.355859 0.931019 0.355859 0.925463 0.355599 0.925000 0.355599 0.908333 0.355339 0.907870 0.355339 0.905093 0.355599 0.904630 0.355599 0.900463 0.355859 0.898148 0.356380 0.896759 0.357161 0.893519 0.359505 0.886111 0.361068 0.882407 0.361849 0.878704 0.362630 0.875926 0.364714 0.869444 0.365234 0.868519 0.366276 0.864815 0.367839 0.861574 0.368620 0.858333 0.369922 0.855093 0.371224 0.850000 0.372526 0.845833 0.373047 0.844907 0.374349 0.839815 0.374870 0.838889 0.375391 0.836574 0.377474 0.831481 0.378255 0.828241 0.378776 0.827315 0.380339 0.821296 0.381380 0.818981 0.382161 0.815741 0.382682 0.814352 0.384115 0.811806 0.384635 0.811343 0.386198 0.811343 0.386458 0.810880 0.389062 0.810880 0.390625 0.811806 0.391927 0.811806 0.393490 0.812731 0.394792 0.812731 0.396354 0.813657 0.397656 0.813657 0.397917 0.814120 0.400000 0.814120 0.400260 0.814583 0.401562 0.814583 0.402604 0.815509 0.404427 0.815972 0.407292 0.817824 0.408333 0.817824 0.409896 0.818750 0.411198 0.818750 0.412500 0.819213 0.413802 0.820139 0.415104 0.820139 0.416667 0.821065 0.417969 0.821065 0.418229 0.821528 0.419531 0.821528 0.420573 0.822454 0.423698 0.823380 0.426042 0.824769 0.427083 0.824769 0.428385 0.825694 0.429688 0.826157 0.431250 0.826157 0.432552 0.826620 0.433854 0.827546 0.435156 0.828009 0.436719 0.828009 0.436979 0.828472 0.438281 0.828472 0.439583 0.829398 0.440885 0.829861 0.442188 0.829861 0.442448 0.830324 0.443750 0.830324 0.445833 0.831713 0.447135 0.832176 0.448437 0.832176 0.448698 0.832639 0.450000 0.832639 0.450260 0.833102 0.454167 0.834491 0.455469 0.834491 0.456771 0.835417 0.458594 0.835880 0.459896 0.836806 0.461198 0.836806 0.461458 0.837269 0.464062 0.838194 0.465104 0.838194 0.468229 0.840046 0.470052 0.840509 0.472396 0.842361 0.473047 0.843519 0.473568 0.845370 0.473828 0.847685 0.473828 0.852778 0.473568 0.853241 0.473568 0.855556 0.473307 0.856019 0.473307 0.858333 0.473047 0.858796 0.473047 0.862500 0.472786 0.862963 0.472786 0.868981 0.472526 0.869444 0.472526 0.885185 0.472266 0.885648 0.472266 0.892593 0.472005 0.893056 0.472005 0.898611 0.471745 0.899074 0.471745 0.908333 0.471484 0.908796 0.471484 0.933333 0.469922 0.938889 0.469401 0.942130 0.469401 0.944907 0.469141 0.945370 0.469141 0.947685 0.468620 0.951852 0.468099 0.953704 0.467057 0.961574 0.466276 0.963889 0.465755 0.967593 0.465495 0.968056 0.464974 0.972222 0.464193 0.974537 0.463672 0.976852 0.463411 0.980556 0.462891 0.985185 0.462109 0.990278 0.461589 0.991204 0.460547 0.995833 0.459375 0.997917 0.458594 0.998380 0.457031 0.998380 0.456771 0.997917 0.454427 0.997917 0.454167 0.998380 0.452604 0.998380 0.451562 0.998843 0.451432 0.999537
 2 0.461068 0.999537 0.460807 0.998148 0.460807 0.995370 0.461068 0.994907 0.462109 0.987500 0.463151 0.982870 0.463151 0.981481 0.463672 0.979630 0.463672 0.978241 0.464453 0.975000 0.464453 0.973611 0.464974 0.971759 0.465234 0.968519 0.465755 0.966204 0.466276 0.962500 0.466536 0.962037 0.467057 0.957870 0.467318 0.957407 0.468099 0.950926 0.468880 0.947685 0.469141 0.945833 0.469141 0.943519 0.469401 0.943056 0.469922 0.938426 0.470703 0.936111 0.471484 0.931019 0.471484 0.928241 0.471745 0.927778 0.471745 0.918981 0.472656 0.917361 0.473958 0.916898 0.475130 0.918519 0.475911 0.921296 0.476693 0.926389 0.476693 0.929630 0.476432 0.930093 0.476432 0.935185 0.476172 0.935648 0.476172 0.937963 0.475911 0.938426 0.475911 0.941204 0.475651 0.941667 0.475651 0.945370 0.475391 0.945833 0.475391 0.948611 0.474870 0.950926 0.474870 0.952315 0.474349 0.954630 0.473828 0.961111 0.473568 0.961574 0.473307 0.964815 0.472526 0.969444 0.472266 0.969907 0.471745 0.974074 0.471224 0.975926 0.471224 0.977315 0.470703 0.978704 0.469401 0.986574 0.468880 0.987963 0.468880 0.989352 0.468359 0.991204 0.468359 0.992593 0.467318 0.998148 0.466797 0.999537
 2 0.353255 0.999537 0.352474 0.996296 0.352474 0.991667 0.352734 0.991204 0.352734 0.986111 0.353255 0.983796 0.353255 0.982407 0.353906 0.979861 0.355208 0.979861 0.355990 0.980324 0.356641 0.981481 0.356901 0.983796 0.356901 0.988426 0.358073 0.990509 0.359635 0.991435 0.361458 0.991898 0.361719 0.992361 0.365365 0.994213 0.367188 0.994676 0.367448 0.995139 0.369010 0.995139 0.371354 0.996528 0.373177 0.996991 0.372135 0.998380 0.370833 0.998843 0.370703 0.999537
