 6 0.000000 0.312731 0.001823 0.312731 0.002865 0.313657 0.003646 0.315046 0.005469 0.316898 0.007552 0.320139 0.007812 0.320139 0.009635 0.322917 0.009896 0.322917 0.011719 0.325694 0.014323 0.328472 0.016146 0.331250 0.017708 0.332639 0.019010 0.334954 0.019271 0.334954 0.020573 0.337269 0.022396 0.339120 0.024479 0.341898 0.025260 0.342361 0.026823 0.344213 0.027604 0.345602 0.029427 0.347454 0.032813 0.352083 0.033594 0.352546 0.035677 0.355324 0.037500 0.357176 0.039583 0.359954 0.040365 0.360417 0.041927 0.362269 0.042708 0.363657 0.043750 0.364583 0.045052 0.366435 0.046354 0.367824 0.047135 0.369213 0.048438 0.370602 0.049870 0.373148 0.050651 0.376389 0.050651 0.378704 0.048828 0.385648 0.047266 0.390278 0.046745 0.392593 0.046224 0.393519 0.044922 0.398611 0.044141 0.400926 0.042578 0.404630 0.042057 0.406944 0.040234 0.412037 0.039714 0.414815 0.037891 0.420370 0.036589 0.423148 0.035547 0.426389 0.035286 0.427778 0.034245 0.430093 0.033464 0.432407 0.032943 0.434722 0.031901 0.437037 0.031641 0.438426 0.030339 0.442593 0.030339 0.443519 0.029557 0.445370 0.029036 0.447685 0.027474 0.451852 0.026953 0.454167 0.026172 0.456481 0.025130 0.458796 0.022526 0.467130 0.022005 0.469444 0.021224 0.471759 0.020182 0.474074 0.019922 0.475463 0.018620 0.479167 0.017318 0.484259 0.016016 0.487500 0.015234 0.490741 0.014714 0.491667 0.014193 0.493981 0.013672 0.494907 0.012891 0.497685 0.011328 0.501389 0.008854 0.505787 0.007292 0.507639 0.005208 0.509028 0.003125 0.509028 0.002865 0.509491 0.000000 0.509491
 6 0.000000 0.365972 0.002344 0.365972 0.002604 0.365509 0.003906 0.365509 0.005208 0.364583 0.007031 0.364583 0.007292 0.364120 0.009115 0.364120 0.009375 0.363657 0.010677 0.363657 0.012240 0.362731 0.013542 0.362731 0.014844 0.362269 0.016667 0.360880 0.017839 0.358333 0.016927 0.356250 0.013021 0.352546 0.010156 0.350231 0.008594 0.347917 0.008333 0.347917 0.007031 0.345602 0.005990 0.344213 0.004427 0.343287 0.003125 0.341898 0.001563 0.339120 0.000000 0.339120
 8 0.000000 0.159491 0.001563 0.159491 0.002865 0.160880 0.003906 0.162731 0.006250 0.165509 0.007943 0.168519 0.007943 0.168981 0.009375 0.171528 0.011979 0.174306 0.013281 0.176620 0.015625 0.179398 0.016797 0.181481 0.016797 0.181944 0.018229 0.184491 0.018490 0.184491 0.021875 0.189120 0.022135 0.189120 0.026823 0.197454 0.030208 0.202083 0.030469 0.202083 0.031771 0.204398 0.032813 0.205787 0.034635 0.207639 0.037760 0.213194 0.039062 0.214583 0.039974 0.216667 0.041927 0.219676 0.042708 0.220139 0.046354 0.226620 0.047656 0.228009 0.051302 0.233565 0.053125 0.235417 0.055208 0.239120 0.056510 0.240972 0.058073 0.242361 0.059375 0.244213 0.061198 0.247454 0.064062 0.251157 0.065625 0.253935 0.065885 0.253935 0.068229 0.257176 0.069271 0.258102 0.070833 0.260880 0.071875 0.262269 0.072656 0.262731 0.074479 0.265509 0.074740 0.265509 0.076302 0.268287 0.077344 0.269213 0.078125 0.270602 0.079687 0.271991 0.081250 0.274769 0.081510 0.274769 0.083333 0.278009 0.084896 0.279861 0.086198 0.282176 0.088281 0.284491 0.089583 0.286343 0.091406 0.289583 0.092448 0.290509 0.093229 0.291898 0.096094 0.295139 0.097396 0.295602 0.101302 0.295602 0.101562 0.295139 0.102865 0.295139 0.103125 0.294676 0.106771 0.294676 0.107813 0.295139 0.109375 0.296991 0.111198 0.299769 0.111458 0.299769 0.112760 0.302083 0.113021 0.302083 0.114323 0.304398 0.114583 0.304398 0.115885 0.306713 0.116146 0.306713 0.117448 0.309028 0.119271 0.310880 0.120573 0.312731 0.124349 0.319444 0.125130 0.321759 0.125130 0.326852 0.124870 0.327315 0.124870 0.329630 0.124089 0.331944 0.124089 0.332870 0.123307 0.335185 0.123307 0.336111 0.121745 0.341667 0.120964 0.344907 0.119922 0.347222 0.119401 0.349537 0.118099 0.353704 0.118099 0.354630 0.117318 0.356944 0.116276 0.362037 0.115234 0.365278 0.114714 0.367593 0.113411 0.370833 0.112891 0.373148 0.110807 0.378704 0.109766 0.382407 0.109766 0.383333 0.108203 0.388426 0.108203 0.389352 0.106641 0.394444 0.106120 0.397685 0.104297 0.403241 0.103776 0.404167 0.103255 0.406481 0.102214 0.409722 0.101693 0.412963 0.100651 0.416204 0.099870 0.419907 0.098828 0.422685 0.097526 0.427778 0.096484 0.430093 0.096224 0.431481 0.095182 0.433796 0.094661 0.436111 0.093620 0.438889 0.092578 0.444444 0.091536 0.447685 0.090755 0.450926 0.090234 0.452315 0.089974 0.454167 0.088411 0.457870 0.088151 0.459259 0.086849 0.462963 0.086068 0.466667 0.085286 0.468981 0.085286 0.469907 0.084505 0.472222 0.083984 0.475000 0.082943 0.477778 0.081380 0.483796 0.079818 0.487500 0.079557 0.488889 0.077474 0.495370 0.076953 0.498148 0.076432 0.499537 0.075911 0.502315 0.075130 0.505093 0.074089 0.507870 0.073828 0.509722 0.073047 0.512037 0.072005 0.514352 0.071745 0.516204 0.070703 0.519907 0.069401 0.523148 0.069401 0.524074 0.068359 0.528704 0.066016 0.536574 0.065495 0.538889 0.064453 0.541204 0.063411 0.544907 0.062891 0.545833 0.062370 0.548148 0.061589 0.550000 0.061589 0.550926 0.059766 0.556944 0.059766 0.557870 0.058984 0.560648 0.056380 0.568519 0.055599 0.571759 0.054557 0.575000 0.054036 0.577315 0.053255 0.579167 0.052734 0.582407 0.050911 0.589352 0.050391 0.590278 0.049349 0.594444 0.048307 0.597222 0.047526 0.598611 0.047005 0.600926 0.046224 0.603241 0.045182 0.607870 0.043880 0.612037 0.043880 0.612963 0.043099 0.615278 0.041797 0.620370 0.039193 0.628241 0.036849 0.637500 0.036328 0.638889 0.036068 0.641204 0.035026 0.644907 0.034505 0.645833 0.033724 0.649074 0.032161 0.652778 0.032161 0.653241 0.030599 0.657870 0.030599 0.658796 0.029818 0.661111 0.029818 0.662037 0.027995 0.668056 0.027995 0.668981 0.025391 0.678241 0.024089 0.681481 0.023828 0.683333 0.021745 0.690741 0.021224 0.691667 0.020964 0.693981 0.020182 0.696296 0.020182 0.697222 0.019401 0.699537 0.018620 0.702778 0.018099 0.703704 0.017318 0.706944 0.016797 0.707870 0.015495 0.713889 0.015234 0.714352 0.014193 0.719444 0.013672 0.720370 0.013151 0.722685 0.011068 0.730093 0.010286 0.733333 0.009505 0.735648 0.008724 0.739352 0.006380 0.747222 0.006380 0.748148 0.005599 0.750463 0.005599 0.751389 0.004557 0.754630 0.004297 0.756019 0.003255 0.759259 0.002214 0.763426 0.001302 0.765972 0.000000 0.765972
 8 0.000000 0.507176 0.002083 0.507176 0.004167 0.505787 0.005469 0.505787 0.008073 0.503935 0.008854 0.503935 0.010156 0.502546 0.010807 0.500926 0.011719 0.499769 0.013411 0.496759 0.013932 0.495370 0.014193 0.493056 0.016016 0.487037 0.017318 0.483796 0.018099 0.481019 0.018099 0.479630 0.018880 0.476852 0.021224 0.472685 0.021745 0.471296 0.022266 0.468519 0.023828 0.462500 0.025391 0.458796 0.026953 0.454630 0.027214 0.452778 0.028255 0.449074 0.029818 0.445370 0.031380 0.438889 0.032682 0.435648 0.033724 0.431944 0.033724 0.431019 0.034505 0.428241 0.035547 0.425926 0.035807 0.424537 0.036849 0.422685 0.037891 0.418981 0.039193 0.415741 0.039453 0.414352 0.040495 0.412037 0.040755 0.410648 0.041797 0.408333 0.042318 0.406019 0.043620 0.401852 0.044661 0.400000 0.045703 0.395370 0.046745 0.392593 0.049089 0.383796 0.049349 0.380556 0.049870 0.378241 0.049349 0.374537 0.048828 0.372222 0.044531 0.364583 0.042188 0.362731 0.038542 0.358102 0.034635 0.354861 0.032552 0.351157 0.031771 0.350694 0.030469 0.348843 0.029427 0.347917 0.028646 0.346528 0.027865 0.346065 0.025781 0.342824 0.023958 0.341435 0.020833 0.336806 0.019271 0.335417 0.017448 0.332639 0.016146 0.331713 0.014844 0.329861 0.013542 0.327546 0.012240 0.326157 0.009635 0.321528 0.008073 0.320139 0.005729 0.316435 0.004167 0.314583 0.003385 0.314120 0.002344 0.312269 0.001302 0.311343 0.000000 0.311343
 7 0.245833 0.515509 0.242969 0.515509 0.240625 0.514583 0.239583 0.513657 0.237891 0.510648 0.237109 0.508796 0.236849 0.507407 0.236068 0.506019 0.235286 0.503241 0.233333 0.499769 0.233073 0.499769 0.229427 0.493287 0.228385 0.492361 0.225781 0.487731 0.224740 0.486343 0.223958 0.485880 0.223177 0.484491 0.220573 0.481713 0.218490 0.478009 0.218229 0.478009 0.216667 0.475231 0.216406 0.475231 0.214583 0.471991 0.212500 0.469676 0.210156 0.465509 0.208854 0.464120 0.206641 0.460185 0.206641 0.459722 0.204948 0.457176 0.204687 0.457176 0.202604 0.453935 0.201563 0.453009 0.200260 0.450694 0.199219 0.449306 0.197656 0.448380 0.195833 0.446528 0.194792 0.445139 0.192969 0.441898 0.190885 0.439583 0.188281 0.434954 0.186719 0.433102 0.185156 0.431713 0.183594 0.428935 0.183333 0.428935 0.182031 0.426620 0.180469 0.424769 0.179427 0.422917 0.177344 0.420602 0.174219 0.415046 0.172135 0.412731 0.170964 0.410648 0.170182 0.407870 0.169922 0.405556 0.170182 0.404167 0.170182 0.400000 0.170443 0.397685 0.171745 0.392593 0.171745 0.391667 0.172786 0.386574 0.174349 0.381481 0.174870 0.377315 0.176172 0.372685 0.176693 0.371296 0.176953 0.368981 0.177734 0.366667 0.177734 0.365741 0.178776 0.362037 0.179297 0.358333 0.180078 0.356019 0.181120 0.351852 0.182682 0.346296 0.183203 0.342593 0.183724 0.341204 0.183984 0.338889 0.184505 0.337500 0.184766 0.334722 0.186068 0.330556 0.186589 0.325926 0.187109 0.324537 0.187630 0.321296 0.188672 0.317593 0.190234 0.311111 0.190234 0.310185 0.192057 0.304167 0.192578 0.300463 0.193620 0.296759 0.193620 0.295370 0.194401 0.293056 0.194922 0.289815 0.195964 0.286111 0.196484 0.282870 0.197266 0.280556 0.197526 0.278241 0.198307 0.275926 0.198828 0.272685 0.200130 0.265741 0.200651 0.263889 0.203125 0.258102 0.205469 0.255787 0.207292 0.255324 0.208854 0.254398 0.210417 0.254398 0.210677 0.253935 0.212500 0.253935 0.212760 0.253472 0.214844 0.253472 0.215104 0.253009 0.216406 0.253009 0.216667 0.252546 0.217969 0.252546 0.218229 0.252083 0.220312 0.252083 0.220573 0.251620 0.222656 0.251620 0.222917 0.251157 0.224740 0.251157 0.225000 0.250694 0.227344 0.250694 0.227604 0.250231 0.229427 0.250231 0.229687 0.249769 0.231250 0.249769 0.231510 0.249306 0.233594 0.249306 0.233854 0.248843 0.235937 0.248843 0.236198 0.248380 0.238281 0.248380 0.238542 0.247917 0.240104 0.247917 0.241406 0.246991 0.242708 0.246991 0.242969 0.246528 0.244531 0.246528 0.244792 0.246065 0.246354 0.246065 0.246615 0.245602 0.248177 0.245602 0.248438 0.245139 0.250521 0.245139 0.250781 0.244676 0.252865 0.244676 0.253125 0.244213 0.255208 0.244213 0.255469 0.243750 0.257031 0.243750 0.257292 0.243287 0.258594 0.243287 0.258854 0.242824 0.260417 0.242824 0.260677 0.242361 0.262240 0.242361 0.262500 0.241898 0.264062 0.241898 0.264323 0.241435 0.266146 0.241435 0.266406 0.240972 0.267969 0.240972 0.268229 0.240509 0.269531 0.240509 0.269792 0.240046 0.271875 0.240046 0.272135 0.239583 0.273698 0.239583 0.273958 0.239120 0.275260 0.239120 0.275521 0.238657 0.276823 0.238657 0.277083 0.238194 0.278906 0.238194 0.279167 0.237731 0.281250 0.237731 0.281510 0.237269 0.283333 0.237269 0.283594 0.236806 0.284896 0.236806 0.286458 0.235880 0.289583 0.235880 0.289844 0.235417 0.293229 0.235417 0.293490 0.234954 0.295573 0.234954 0.295833 0.234491 0.297135 0.234491 0.297396 0.234028 0.298958 0.234028 0.300521 0.233102 0.302083 0.233102 0.302344 0.232639 0.303646 0.232639 0.305208 0.231713 0.306510 0.231713 0.306771 0.231250 0.308073 0.231250 0.308333 0.230787 0.309635 0.230787 0.309896 0.230324 0.311458 0.230324 0.311719 0.229861 0.313281 0.229861 0.313542 0.229398 0.315104 0.229398 0.315365 0.228935 0.317188 0.228935 0.317448 0.228472 0.319531 0.228472 0.319792 0.228009 0.321354 0.228009 0.321615 0.227546 0.325781 0.227546 0.329167 0.225694 0.330990 0.225694 0.331250 0.225231 0.333333 0.225231 0.333594 0.224769 0.335677 0.224769 0.335938 0.224306 0.338021 0.224306 0.338281 0.223843 0.340885 0.222917 0.342187 0.222917 0.342448 0.222454 0.346354 0.222454 0.346615 0.221991 0.348958 0.221991 0.349219 0.222454 0.350521 0.222454 0.352865 0.224306 0.353516 0.225463 0.354557 0.228704 0.354557 0.229630 0.355599 0.233333 0.356380 0.238426 0.357422 0.242130 0.357943 0.243056 0.359245 0.247685 0.359245 0.248611 0.360026 0.250926 0.360807 0.252315 0.361328 0.254167 0.362109 0.255556 0.362370 0.256944 0.363932 0.261111 0.364714 0.263889 0.366016 0.266204 0.367318 0.270370 0.368880 0.273611 0.369401 0.275926 0.369661 0.278241 0.371484 0.285185 0.373568 0.290741 0.373568 0.291667 0.375130 0.296296 0.376432 0.298611 0.377474 0.301389 0.377995 0.304167 0.380078 0.310185 0.381380 0.314352 0.381380 0.315278 0.382422 0.318981 0.383724 0.321759 0.384505 0.324074 0.384505 0.325000 0.386328 0.331019 0.386849 0.333796 0.387891 0.336574 0.388802 0.337731 0.389974 0.339815 0.390755 0.342130 0.391276 0.344907 0.391797 0.346296 0.393880 0.350000 0.394141 0.351389 0.394141 0.360185 0.393880 0.360648 0.393880 0.365741 0.393620 0.366204 0.393620 0.368981 0.393359 0.369444 0.393359 0.371759 0.393099 0.372222 0.393099 0.375000 0.392839 0.375463 0.392839 0.378241 0.392578 0.378704 0.392578 0.381944 0.392318 0.382407 0.392318 0.385648 0.392057 0.386111 0.392057 0.388889 0.391797 0.389352 0.391797 0.393981 0.391536 0.394444 0.391536 0.399074 0.391276 0.399537 0.391276 0.403241 0.391016 0.403704 0.391016 0.407407 0.390755 0.407870 0.390755 0.412037 0.390495 0.412500 0.390495 0.416204 0.390234 0.416667 0.390234 0.420833 0.389974 0.421296 0.389974 0.425926 0.389714 0.426389 0.389714 0.429630 0.389453 0.430093 0.389453 0.432407 0.389193 0.432870 0.389193 0.435648 0.388932 0.436111 0.388932 0.438889 0.388672 0.439352 0.388672 0.442593 0.388411 0.443056 0.388411 0.447222 0.388151 0.447685 0.388151 0.451389 0.387891 0.451852 0.387891 0.458333 0.387630 0.458796 0.387630 0.463426 0.387109 0.466204 0.387109 0.468519 0.386849 0.468981 0.386849 0.471296 0.386589 0.471759 0.386589 0.474537 0.386328 0.475000 0.386328 0.478241 0.386068 0.478704 0.386068 0.481481 0.385807 0.483333 0.384766 0.486574 0.383594 0.488657 0.382031 0.490509 0.380208 0.491435 0.378385 0.491435 0.378125 0.491898 0.376042 0.491898 0.375781 0.492361 0.374479 0.492361 0.374219 0.492824 0.372396 0.492824 0.372135 0.493287 0.370052 0.493287 0.369792 0.493750 0.367188 0.493750 0.366927 0.494213 0.364583 0.494213 0.364323 0.494676 0.361979 0.494676 0.361719 0.495139 0.357812 0.495139 0.357552 0.495602 0.355208 0.495602 0.354948 0.496065 0.353125 0.496065 0.352865 0.496528 0.350521 0.496528 0.350260 0.496991 0.348438 0.496991 0.348177 0.497454 0.346094 0.497454 0.345833 0.497917 0.344010 0.497917 0.343750 0.498380 0.341667 0.498380 0.341406 0.498843 0.339062 0.498843 0.338802 0.499306 0.335938 0.499306 0.335677 0.499769 0.331771 0.499769 0.331510 0.500231 0.328646 0.500231 0.328385 0.500694 0.326823 0.500694 0.326562 0.501157 0.322396 0.501157 0.322135 0.501620 0.319531 0.501620 0.319271 0.502083 0.317188 0.502083 0.316927 0.502546 0.314844 0.502546 0.314583 0.503009 0.312760 0.503009 0.312500 0.503472 0.311198 0.503472 0.310937 0.503935 0.309375 0.503935 0.309115 0.504398 0.306771 0.504398 0.306510 0.504861 0.302865 0.504861 0.302604 0.505324 0.300000 0.505324 0.299740 0.505787 0.297917 0.505787 0.297656 0.506250 0.296094 0.506250 0.295833 0.506713 0.294010 0.506713 0.293750 0.507176 0.290885 0.507176 0.290625 0.507639 0.286979 0.507639 0.286719 0.508102 0.284635 0.508102 0.284375 0.508565 0.282292 0.508565 0.282031 0.509028 0.279948 0.509028 0.279687 0.509491 0.277865 0.509491 0.277604 0.509954 0.275521 0.509954 0.275260 0.510417 0.272396 0.510417 0.272135 0.510880 0.269792 0.510880 0.269531 0.511343 0.267188 0.511343 0.266927 0.511806 0.264062 0.511806 0.263802 0.512269 0.261719 0.512269 0.261458 0.512731 0.259375 0.512731 0.259115 0.513194 0.255990 0.513194 0.255729 0.513657 0.253125 0.513657 0.252865 0.514120 0.250521 0.514120 0.250260 0.514583 0.248958 0.514583 0.248698 0.515046 0.246094 0.515046 0.245833 0.515509
 7 0.370964 0.342130 0.373437 0.341435 0.374740 0.340046 0.375651 0.338426 0.375911 0.337037 0.375651 0.335648 0.374609 0.333796 0.374349 0.332407 0.373568 0.330556 0.373307 0.328241 0.372786 0.326852 0.372526 0.323148 0.371094 0.321528 0.369661 0.318981 0.369531 0.318287 0.368359 0.318981 0.367839 0.321296 0.367839 0.329167 0.366016 0.333333 0.365234 0.336111 0.365234 0.337963 0.365755 0.339815 0.366667 0.341435 0.367969 0.342361 0.370833 0.342361 0.370964 0.342130
 7 0.237109 0.474537 0.239323 0.473380 0.240495 0.471296 0.241536 0.467130 0.241797 0.463889 0.242057 0.463426 0.242318 0.460648 0.242839 0.459259 0.243620 0.455556 0.244922 0.451389 0.245443 0.448611 0.245182 0.447222 0.244531 0.446065 0.243750 0.445602 0.239323 0.445602 0.239063 0.446065 0.236458 0.446065 0.236198 0.446528 0.233594 0.446528 0.233333 0.446991 0.231771 0.446991 0.231510 0.447454 0.229687 0.447454 0.229427 0.447917 0.227344 0.447917 0.227083 0.448380 0.224740 0.448380 0.223177 0.449769 0.222266 0.451389 0.221745 0.453704 0.222266 0.455093 0.223698 0.456713 0.224740 0.458565 0.226042 0.459954 0.228646 0.464583 0.230469 0.466435 0.231510 0.468287 0.234375 0.471065 0.236198 0.474306 0.237109 0.474537
 2 0.257292 0.545139 0.255208 0.545139 0.252865 0.544213 0.251302 0.542824 0.249740 0.540046 0.248438 0.538194 0.247135 0.536806 0.246094 0.534954 0.243490 0.532176 0.242708 0.530787 0.240625 0.528935 0.239063 0.526157 0.238802 0.526157 0.236328 0.521759 0.236328 0.521296 0.234505 0.518056 0.233984 0.516204 0.234245 0.514352 0.234245 0.510648 0.234505 0.509259 0.235937 0.506713 0.236849 0.508333 0.237891 0.512037 0.239323 0.514583 0.240365 0.515509 0.241667 0.515972 0.245833 0.515972 0.246094 0.515509 0.248177 0.515509 0.248438 0.515046 0.251823 0.515046 0.252083 0.514583 0.253906 0.514583 0.254167 0.514120 0.256771 0.514120 0.257031 0.513657 0.260156 0.513657 0.260417 0.513194 0.261979 0.513194 0.262240 0.512731 0.263802 0.512731 0.264062 0.512269 0.266406 0.512269 0.266667 0.511806 0.268750 0.511806 0.269010 0.511343 0.271615 0.511343 0.271875 0.510880 0.274740 0.510880 0.275000 0.510417 0.277604 0.510417 0.277865 0.509954 0.280208 0.509954 0.280469 0.509491 0.282813 0.509491 0.283073 0.509028 0.286198 0.509028 0.286458 0.508565 0.288802 0.508565 0.289062 0.508102 0.291146 0.508102 0.291406 0.507639 0.294271 0.507639 0.294531 0.507176 0.296615 0.507176 0.296875 0.506713 0.298958 0.506713 0.299219 0.506250 0.301563 0.506250 0.301823 0.505787 0.303906 0.505787 0.304167 0.505324 0.305729 0.505324 0.305990 0.504861 0.308073 0.504861 0.308333 0.504398 0.310937 0.504398 0.311198 0.503935 0.313281 0.503935 0.313542 0.503472 0.315365 0.503472 0.315625 0.503009 0.317188 0.503009 0.317448 0.502546 0.319271 0.502546 0.319531 0.502083 0.322656 0.502083 0.322917 0.501620 0.325260 0.501620 0.325521 0.501157 0.328125 0.501157 0.328385 0.500694 0.330469 0.500694 0.330729 0.500231 0.332292 0.500231 0.332552 0.499769 0.334375 0.499769 0.334635 0.499306 0.338802 0.499306 0.339062 0.498843 0.341406 0.498843 0.341667 0.498380 0.344010 0.498380 0.344271 0.497917 0.346615 0.497917 0.346875 0.497454 0.348698 0.497454 0.348958 0.496991 0.352083 0.496991 0.352344 0.496528 0.355208 0.496528 0.355469 0.496065 0.358854 0.496065 0.359115 0.495602 0.361979 0.495602 0.362240 0.495139 0.364323 0.495139 0.364583 0.494676 0.367188 0.494676 0.367448 0.494213 0.369531 0.494213 0.369792 0.493750 0.372656 0.493750 0.372917 0.493287 0.374479 0.493287 0.374740 0.492824 0.376823 0.492824 0.377083 0.492361 0.379167 0.492361 0.379427 0.491898 0.380729 0.491898 0.383073 0.490046 0.384505 0.487963 0.385547 0.485185 0.386068 0.482870 0.386328 0.480556 0.386328 0.477778 0.386589 0.477315 0.386589 0.474537 0.386849 0.474074 0.386849 0.471759 0.387109 0.471296 0.387109 0.468519 0.387370 0.468056 0.387370 0.464815 0.387630 0.464352 0.387630 0.460648 0.387891 0.460185 0.387891 0.455556 0.388151 0.455093 0.388151 0.449537 0.388411 0.449074 0.388411 0.445370 0.388672 0.444907 0.388672 0.441204 0.388932 0.440741 0.388932 0.436574 0.389193 0.436111 0.389193 0.431944 0.389453 0.431481 0.389453 0.427315 0.389714 0.426852 0.389714 0.424074 0.389974 0.423611 0.389974 0.421296 0.390234 0.420833 0.390234 0.417130 0.390495 0.416667 0.390495 0.412963 0.390755 0.412500 0.390755 0.408796 0.391016 0.408333 0.391016 0.404630 0.391276 0.404167 0.391276 0.400926 0.391536 0.400463 0.391536 0.397222 0.391797 0.396759 0.391797 0.393981 0.392057 0.393519 0.392057 0.390278 0.392318 0.389815 0.392318 0.385648 0.392578 0.385185 0.392578 0.380093 0.392839 0.379630 0.392839 0.376852 0.393099 0.376389 0.393099 0.373611 0.393359 0.373148 0.393359 0.370370 0.393620 0.369907 0.393620 0.367130 0.393880 0.366667 0.393880 0.363889 0.394141 0.363426 0.394141 0.351852 0.393880 0.351389 0.393620 0.348611 0.392839 0.346296 0.392057 0.344907 0.391536 0.342593 0.391797 0.341204 0.391797 0.337963 0.392969 0.337269 0.393750 0.338194 0.396094 0.338657 0.396875 0.339583 0.398828 0.343056 0.399870 0.346296 0.400391 0.349074 0.400911 0.350000 0.402734 0.355093 0.403776 0.358796 0.404036 0.361111 0.404557 0.362500 0.405339 0.366204 0.406901 0.371296 0.406901 0.381019 0.406641 0.381481 0.406641 0.386574 0.406380 0.387037 0.406380 0.391667 0.406120 0.392130 0.406120 0.394907 0.405859 0.395370 0.405859 0.398611 0.405599 0.399074 0.405599 0.405556 0.405339 0.406019 0.405339 0.409259 0.405078 0.409722 0.405078 0.412963 0.404818 0.413426 0.404818 0.418056 0.404557 0.418519 0.404557 0.421296 0.404297 0.421759 0.404297 0.424537 0.404036 0.425000 0.404036 0.430093 0.403776 0.430556 0.403776 0.436574 0.403516 0.437037 0.403516 0.442130 0.403255 0.442593 0.403255 0.445370 0.402995 0.445833 0.402995 0.448611 0.402734 0.449074 0.402734 0.454167 0.402474 0.454630 0.402474 0.458796 0.402214 0.459259 0.402214 0.463426 0.401953 0.463889 0.401953 0.468519 0.401693 0.468981 0.401693 0.472685 0.401432 0.473148 0.401432 0.476852 0.401172 0.477315 0.401172 0.481944 0.400911 0.482407 0.400911 0.487500 0.400651 0.487963 0.400651 0.492593 0.400391 0.493056 0.400391 0.496759 0.400130 0.497222 0.400130 0.500926 0.399870 0.501389 0.399870 0.504630 0.399609 0.505093 0.399609 0.507407 0.399349 0.509722 0.398568 0.512963 0.398047 0.514352 0.396354 0.517361 0.393490 0.521065 0.391146 0.522454 0.388542 0.522454 0.388281 0.522917 0.386198 0.522917 0.385937 0.523380 0.383333 0.523380 0.383073 0.523843 0.380469 0.523843 0.380208 0.524306 0.377083 0.524306 0.376823 0.524769 0.375000 0.524769 0.374740 0.525231 0.372396 0.525231 0.372135 0.525694 0.370312 0.525694 0.370052 0.526157 0.367708 0.526157 0.367448 0.526620 0.364583 0.526620 0.364323 0.527083 0.361198 0.527083 0.360938 0.527546 0.359115 0.527546 0.358854 0.528009 0.357031 0.528009 0.356771 0.528472 0.353906 0.528472 0.353646 0.528935 0.352083 0.528935 0.351823 0.529398 0.350521 0.529398 0.350260 0.529861 0.348438 0.529861 0.348177 0.530324 0.344531 0.530324 0.344271 0.530787 0.342708 0.530787 0.342448 0.531250 0.339583 0.531250 0.339323 0.531713 0.336979 0.531713 0.336719 0.532176 0.334375 0.532176 0.334115 0.532639 0.331771 0.532639 0.331510 0.533102 0.329427 0.533102 0.329167 0.533565 0.327344 0.533565 0.327083 0.534028 0.324740 0.534028 0.324479 0.534491 0.321875 0.534491 0.321615 0.534954 0.319010 0.534954 0.318750 0.535417 0.316406 0.535417 0.316146 0.535880 0.313802 0.535880 0.313542 0.536343 0.310937 0.536343 0.310677 0.536806 0.307292 0.536806 0.307031 0.537269 0.302865 0.537269 0.302604 0.537731 0.300000 0.537731 0.299740 0.538194 0.297396 0.538194 0.297135 0.538657 0.294792 0.538657 0.294531 0.539120 0.291927 0.539120 0.291667 0.539583 0.288802 0.539583 0.288542 0.540046 0.286458 0.540046 0.286198 0.540509 0.284375 0.540509 0.284115 0.540972 0.282552 0.540972 0.282292 0.541435 0.279167 0.541435 0.278906 0.541898 0.276042 0.541898 0.275781 0.542361 0.273958 0.542361 0.273698 0.542824 0.272135 0.542824 0.271875 0.543287 0.269792 0.543287 0.269531 0.543750 0.267188 0.543750 0.266927 0.544213 0.263542 0.544213 0.263281 0.544676 0.257552 0.544676 0.257292 0.545139
 2 0.206510 0.859491 0.200781 0.859491 0.200521 0.859028 0.199219 0.859028 0.198958 0.858565 0.197396 0.858565 0.196354 0.857639 0.194271 0.856713 0.192969 0.856713 0.192708 0.856250 0.190885 0.856250 0.190625 0.855787 0.188802 0.855787 0.188542 0.855324 0.185677 0.854398 0.184375 0.853472 0.182031 0.853009 0.180208 0.852083 0.178906 0.850694 0.177344 0.849769 0.175130 0.845833 0.174609 0.844444 0.174089 0.841667 0.174089 0.839352 0.173828 0.838889 0.173828 0.832870 0.174089 0.830556 0.175130 0.825463 0.175651 0.824074 0.175651 0.822685 0.176172 0.820370 0.176172 0.818981 0.177474 0.815278 0.177474 0.813426 0.178255 0.809259 0.178516 0.805093 0.179036 0.803241 0.179036 0.801852 0.179557 0.799074 0.181120 0.794444 0.182161 0.789815 0.182422 0.787037 0.183464 0.783796 0.183984 0.781481 0.184245 0.778704 0.184766 0.776852 0.185286 0.772685 0.185807 0.770833 0.186328 0.766667 0.186849 0.764815 0.186849 0.763426 0.187370 0.761574 0.187630 0.758796 0.188411 0.756481 0.188672 0.754167 0.189193 0.752778 0.190234 0.746759 0.190234 0.745370 0.190755 0.743981 0.192318 0.735648 0.192578 0.733333 0.193620 0.728704 0.193620 0.727315 0.194141 0.725463 0.194661 0.721759 0.195182 0.720370 0.195703 0.716667 0.196224 0.715278 0.196484 0.712963 0.197005 0.711111 0.197266 0.707870 0.197786 0.706481 0.198047 0.703241 0.198307 0.702778 0.198568 0.699537 0.199089 0.697685 0.199349 0.695370 0.199870 0.693056 0.200911 0.689815 0.200911 0.688426 0.201693 0.685185 0.201953 0.681944 0.202474 0.680093 0.202995 0.675463 0.203776 0.673148 0.204297 0.670833 0.204557 0.668519 0.205078 0.667130 0.205599 0.662963 0.206901 0.656944 0.206901 0.655556 0.207682 0.652778 0.208203 0.648611 0.209245 0.643981 0.209766 0.640278 0.211068 0.633333 0.211849 0.630556 0.213411 0.626389 0.216146 0.621528 0.217969 0.619213 0.220833 0.616898 0.222396 0.616898 0.222656 0.616435 0.225521 0.616435 0.225781 0.615972 0.229167 0.615972 0.229427 0.615509 0.233854 0.615509 0.234115 0.615046 0.238021 0.615046 0.238281 0.614583 0.241927 0.614583 0.242188 0.614120 0.245573 0.614120 0.245833 0.613657 0.248438 0.613657 0.248698 0.613194 0.250260 0.613194 0.250521 0.612731 0.251823 0.612731 0.252083 0.612269 0.256510 0.612269 0.256771 0.611806 0.260156 0.611806 0.260417 0.611343 0.261979 0.611343 0.262240 0.610880 0.265365 0.610880 0.265625 0.610417 0.269010 0.610417 0.269271 0.609954 0.271875 0.609954 0.272135 0.609491 0.275000 0.609491 0.275260 0.609028 0.278385 0.609028 0.278646 0.608565 0.280729 0.608565 0.280990 0.608102 0.283333 0.608102 0.283594 0.607639 0.287760 0.607639 0.288021 0.607176 0.291146 0.607176 0.291406 0.606713 0.293750 0.606713 0.294010 0.606250 0.298177 0.606250 0.298438 0.605787 0.302604 0.605787 0.302865 0.605324 0.304688 0.605324 0.304948 0.604861 0.307552 0.604861 0.307812 0.604398 0.316406 0.604398 0.316667 0.603935 0.319010 0.603935 0.319271 0.603472 0.321094 0.603472 0.321354 0.603009 0.325260 0.603009 0.325521 0.602546 0.327083 0.602546 0.327344 0.602083 0.328906 0.602083 0.329167 0.601620 0.331771 0.601620 0.332031 0.601157 0.336198 0.601157 0.336458 0.600694 0.339844 0.600694 0.340104 0.600231 0.342187 0.600231 0.342448 0.599769 0.345573 0.599769 0.345833 0.599306 0.348438 0.599306 0.348698 0.598843 0.351562 0.598843 0.351823 0.598380 0.354948 0.598380 0.355208 0.597917 0.358333 0.597917 0.358594 0.597454 0.361719 0.597454 0.361979 0.596991 0.364844 0.596991 0.365104 0.596528 0.369271 0.596528 0.369531 0.596065 0.372656 0.596065 0.372917 0.596528 0.374219 0.596528 0.374479 0.596991 0.376042 0.597454 0.376823 0.598380 0.380469 0.604861 0.380729 0.604861 0.383724 0.610185 0.384505 0.612500 0.387891 0.618519 0.389453 0.622685 0.390495 0.626852 0.390495 0.635648 0.390234 0.636111 0.390234 0.641204 0.389974 0.641667 0.389974 0.646296 0.389714 0.646759 0.389714 0.650926 0.389453 0.651389 0.389453 0.654630 0.389193 0.655093 0.389193 0.657870 0.388932 0.658333 0.388932 0.660648 0.388672 0.661111 0.388672 0.664352 0.388411 0.664815 0.388411 0.670370 0.388151 0.670833 0.388151 0.676852 0.387891 0.677315 0.387891 0.680556 0.387630 0.681019 0.387630 0.684259 0.387370 0.684722 0.387370 0.687963 0.387109 0.688426 0.387109 0.691204 0.386849 0.691667 0.386849 0.694444 0.386589 0.694907 0.386589 0.697685 0.386328 0.698148 0.386328 0.702778 0.386068 0.703241 0.386068 0.706019 0.385547 0.708796 0.385547 0.711574 0.385286 0.712037 0.385286 0.716204 0.385026 0.716667 0.385026 0.719444 0.384505 0.722222 0.384505 0.725463 0.384245 0.725926 0.384245 0.731481 0.383984 0.731944 0.383984 0.735648 0.383724 0.736111 0.383724 0.739352 0.383464 0.739815 0.383464 0.743056 0.383203 0.743519 0.383203 0.746296 0.382943 0.746759 0.382943 0.750926 0.382682 0.751389 0.382682 0.754630 0.382422 0.755093 0.382422 0.758333 0.382161 0.758796 0.382161 0.762037 0.381901 0.762500 0.381901 0.765278 0.381641 0.765741 0.381641 0.768056 0.381380 0.768519 0.381380 0.770833 0.380859 0.773611 0.380859 0.777315 0.380599 0.777778 0.380599 0.781481 0.380339 0.781944 0.380339 0.787037 0.380078 0.787500 0.380078 0.793519 0.379818 0.793981 0.379818 0.797685 0.379557 0.798148 0.379557 0.800926 0.379297 0.801389 0.379297 0.804630 0.379036 0.805093 0.379036 0.807407 0.378776 0.807870 0.378776 0.810648 0.378516 0.811111 0.378516 0.814352 0.378255 0.814815 0.378255 0.817130 0.377995 0.819444 0.377474 0.821759 0.377214 0.825000 0.376693 0.826852 0.376693 0.828241 0.375130 0.832407 0.374349 0.835648 0.373568 0.837500 0.371615 0.840972 0.369792 0.842824 0.368750 0.843287 0.364844 0.843287 0.364583 0.843750 0.360938 0.843750 0.359896 0.844676 0.358594 0.844676 0.358333 0.845139 0.353906 0.845139 0.353646 0.845602 0.350260 0.845602 0.350000 0.846065 0.347917 0.846065 0.347656 0.846528 0.345833 0.846528 0.345573 0.846991 0.342448 0.846991 0.342187 0.847454 0.337240 0.847454 0.336979 0.847917 0.333594 0.847917 0.333333 0.848380 0.327604 0.848380 0.327344 0.848843 0.323177 0.848843 0.322917 0.849306 0.317188 0.849306 0.316927 0.849769 0.311198 0.849769 0.310937 0.850231 0.304427 0.850231 0.304167 0.850694 0.300260 0.850694 0.300000 0.851157 0.296615 0.851157 0.296354 0.851620 0.293229 0.851620 0.292969 0.852083 0.289062 0.852083 0.288802 0.852546 0.285938 0.852546 0.285677 0.853009 0.284115 0.853009 0.283854 0.853472 0.267969 0.853472 0.267708 0.853935 0.263281 0.853935 0.263021 0.854398 0.254948 0.854398 0.254688 0.854861 0.251302 0.854861 0.251042 0.855324 0.245312 0.855324 0.245052 0.855787 0.238802 0.855787 0.238542 0.856250 0.234896 0.856250 0.234635 0.856713 0.228646 0.856713 0.228385 0.857176 0.221875 0.857176 0.221615 0.857639 0.218750 0.857639 0.218490 0.858102 0.216406 0.858102 0.216146 0.858565 0.211198 0.858565 0.210938 0.859028 0.206771 0.859028 0.206510 0.859491
 5 0.466406 0.613194 0.461719 0.613194 0.459635 0.612269 0.458073 0.610880 0.456771 0.609028 0.455339 0.606481 0.454818 0.601852 0.454818 0.582870 0.455078 0.582407 0.455078 0.570833 0.455339 0.570370 0.455599 0.567593 0.456901 0.563426 0.457161 0.561574 0.457161 0.544444 0.457422 0.543981 0.457422 0.538889 0.457682 0.538426 0.457682 0.513426 0.457943 0.512963 0.457943 0.499537 0.458203 0.499074 0.458203 0.469907 0.458464 0.469444 0.458464 0.455556 0.458724 0.455093 0.458724 0.436574 0.458984 0.436111 0.458984 0.432870 0.459245 0.432407 0.459245 0.430093 0.459766 0.426389 0.460807 0.422685 0.462240 0.419676 0.463802 0.418287 0.465365 0.417361 0.468490 0.417361 0.468750 0.417824 0.470573 0.418287 0.471875 0.419676 0.473307 0.422222 0.474349 0.424537 0.475130 0.427315 0.475130 0.430556 0.475391 0.431019 0.475391 0.436111 0.475651 0.436574 0.475651 0.444907 0.475391 0.445370 0.475391 0.450926 0.475130 0.451389 0.475130 0.456944 0.475391 0.457407 0.475391 0.460185 0.475651 0.460648 0.475651 0.464815 0.475391 0.465278 0.475391 0.470370 0.475651 0.470833 0.475651 0.490278 0.475391 0.490741 0.475391 0.529167 0.475651 0.529630 0.475651 0.532407 0.475391 0.532870 0.475391 0.538426 0.475130 0.538889 0.475130 0.547685 0.475391 0.548148 0.475391 0.553241 0.475130 0.553704 0.475130 0.556019 0.474609 0.558333 0.474609 0.561574 0.474870 0.562037 0.474870 0.565278 0.475651 0.568056 0.475911 0.570833 0.476172 0.571296 0.476172 0.576389 0.476432 0.576852 0.476432 0.585648 0.476693 0.586111 0.476693 0.597685 0.476432 0.598148 0.476432 0.603241 0.476172 0.603704 0.476172 0.606481 0.475651 0.607870 0.474479 0.609954 0.472656 0.611806 0.471094 0.612731 0.466667 0.612731 0.466406 0.613194
 5 0.546354 0.614583 0.544271 0.614583 0.543229 0.613657 0.541276 0.610185 0.540755 0.607870 0.540234 0.606944 0.538411 0.600000 0.538411 0.598611 0.537370 0.593981 0.536849 0.589815 0.536328 0.588426 0.536328 0.587037 0.535547 0.582407 0.534766 0.579167 0.534505 0.575463 0.533984 0.572685 0.534245 0.570370 0.534245 0.567593 0.534505 0.567130 0.534505 0.564815 0.533464 0.562963 0.533203 0.561111 0.532422 0.558796 0.531901 0.555093 0.530859 0.551852 0.530859 0.550926 0.529818 0.547222 0.529557 0.544907 0.528516 0.540278 0.528255 0.537037 0.527734 0.535185 0.527474 0.532870 0.526693 0.529630 0.525911 0.524074 0.524870 0.520370 0.524609 0.518056 0.524089 0.516667 0.523568 0.513426 0.522786 0.511111 0.522005 0.506019 0.521745 0.505556 0.521224 0.501852 0.520703 0.500000 0.519922 0.493981 0.519401 0.492593 0.518880 0.488889 0.517318 0.481944 0.517318 0.481019 0.516536 0.478704 0.515755 0.474537 0.515755 0.468981 0.515234 0.466204 0.513932 0.462037 0.513411 0.458333 0.512891 0.456944 0.512109 0.451852 0.510286 0.444907 0.509766 0.441667 0.508984 0.439352 0.508984 0.437963 0.508464 0.436111 0.508464 0.431481 0.509505 0.426852 0.510807 0.424537 0.510807 0.424074 0.511979 0.422454 0.513281 0.420139 0.514844 0.419676 0.516406 0.418750 0.517969 0.418750 0.520052 0.420139 0.520833 0.420139 0.522526 0.423148 0.523568 0.426852 0.524349 0.431944 0.525911 0.438426 0.526693 0.442593 0.527734 0.446296 0.528255 0.449074 0.528255 0.450463 0.529036 0.453241 0.530078 0.457870 0.530599 0.459259 0.531380 0.462963 0.531901 0.464352 0.532682 0.469444 0.533464 0.471759 0.533984 0.474074 0.534505 0.477778 0.535026 0.479167 0.536068 0.485648 0.536589 0.487963 0.537630 0.490741 0.537630 0.491667 0.538411 0.494907 0.538932 0.496296 0.539714 0.501389 0.540755 0.505556 0.540755 0.506481 0.541536 0.508796 0.542057 0.512500 0.542578 0.513889 0.543099 0.517130 0.543620 0.518981 0.543620 0.520370 0.544141 0.522222 0.544141 0.523611 0.544922 0.526389 0.544922 0.527315 0.545964 0.531019 0.545964 0.531944 0.548307 0.539352 0.548307 0.540278 0.549870 0.545833 0.549609 0.548148 0.549609 0.552315 0.550391 0.556481 0.551302 0.558102 0.552344 0.558565 0.553776 0.561111 0.555078 0.565278 0.555339 0.567593 0.556120 0.570370 0.557161 0.573148 0.557422 0.575463 0.557943 0.576852 0.558464 0.579630 0.559245 0.585185 0.560026 0.588426 0.560286 0.591204 0.561068 0.593981 0.561068 0.597685 0.561328 0.598148 0.561328 0.600926 0.561068 0.602778 0.560026 0.606481 0.557552 0.609491 0.556250 0.610417 0.555469 0.610417 0.554427 0.611343 0.553646 0.611343 0.552604 0.612269 0.550521 0.612731 0.549219 0.613657 0.547917 0.614120 0.546615 0.614120 0.546354 0.614583
 5 0.653906 0.655324 0.649219 0.655324 0.648177 0.654398 0.646875 0.653935 0.645443 0.651389 0.644661 0.648611 0.643099 0.644907 0.642057 0.641667 0.642057 0.640741 0.641016 0.636574 0.639974 0.634259 0.639714 0.632870 0.637891 0.628704 0.637630 0.626852 0.636849 0.624537 0.636068 0.619444 0.636068 0.617130 0.635807 0.616667 0.635807 0.614352 0.635547 0.613889 0.635547 0.611111 0.635807 0.610648 0.635807 0.608333 0.635026 0.607407 0.635026 0.606481 0.633984 0.603704 0.632682 0.598611 0.631120 0.593981 0.630599 0.591667 0.630078 0.590741 0.629557 0.588426 0.628776 0.586111 0.628776 0.583796 0.628255 0.581019 0.627214 0.579167 0.626953 0.576389 0.626172 0.573611 0.625130 0.568981 0.624089 0.566204 0.623307 0.564815 0.623047 0.563426 0.621484 0.558333 0.621484 0.557407 0.620182 0.552315 0.619661 0.551389 0.619401 0.549537 0.618620 0.547222 0.617839 0.543981 0.617839 0.542593 0.617318 0.539815 0.616536 0.537037 0.616276 0.534259 0.615234 0.531019 0.613672 0.528241 0.612630 0.525463 0.611849 0.522222 0.609375 0.517824 0.609115 0.517824 0.607161 0.514352 0.605599 0.508333 0.603776 0.505093 0.602995 0.503241 0.602474 0.500000 0.601172 0.495833 0.600911 0.494444 0.599870 0.492130 0.598568 0.487037 0.597266 0.481481 0.596484 0.475463 0.595964 0.473611 0.595964 0.471759 0.595443 0.469444 0.595443 0.467130 0.595182 0.466667 0.595182 0.460185 0.595443 0.459722 0.595964 0.456019 0.596484 0.454630 0.597005 0.451852 0.598698 0.448843 0.600781 0.446991 0.601562 0.446991 0.602604 0.446065 0.604427 0.446065 0.604688 0.446528 0.606250 0.446528 0.607292 0.446991 0.609896 0.449769 0.611328 0.452315 0.613151 0.459722 0.613151 0.460648 0.615755 0.469444 0.615755 0.470833 0.616276 0.474074 0.616797 0.475463 0.617057 0.477315 0.618490 0.479861 0.618750 0.479861 0.620443 0.482870 0.621484 0.486111 0.622005 0.487037 0.623568 0.493056 0.624609 0.495370 0.625651 0.499074 0.625651 0.500000 0.626432 0.502778 0.627474 0.505093 0.630078 0.514815 0.631120 0.517130 0.632161 0.520833 0.633203 0.523148 0.634245 0.527778 0.636068 0.531944 0.637109 0.534722 0.638151 0.538889 0.639193 0.540741 0.640495 0.544907 0.640495 0.545833 0.642318 0.551852 0.642839 0.555556 0.644661 0.561574 0.645964 0.564815 0.646484 0.568519 0.647005 0.569907 0.647266 0.572222 0.647786 0.573611 0.648047 0.576389 0.648568 0.578241 0.648828 0.581019 0.650651 0.586111 0.650911 0.587963 0.651432 0.589352 0.651693 0.591667 0.652214 0.593056 0.652474 0.595370 0.653906 0.597917 0.655208 0.598380 0.655990 0.599306 0.657552 0.600231 0.658464 0.602778 0.660807 0.611574 0.661849 0.613426 0.662630 0.616667 0.664714 0.624074 0.665755 0.626389 0.666536 0.629167 0.666536 0.630556 0.667318 0.633796 0.667839 0.635185 0.667839 0.641204 0.665625 0.645139 0.664323 0.646065 0.662500 0.648843 0.660417 0.650694 0.658333 0.652083 0.657552 0.653009 0.655990 0.653472 0.653906 0.655324
 4 0.764323 0.228009 0.763281 0.227546 0.760677 0.227546 0.759375 0.227083 0.758333 0.226157 0.755729 0.225231 0.753906 0.223380 0.752083 0.221991 0.751563 0.221065 0.748307 0.217130 0.747005 0.212037 0.747005 0.203241 0.747526 0.201389 0.747526 0.200000 0.748568 0.193519 0.749870 0.187963 0.750391 0.184722 0.751693 0.179630 0.752734 0.176852 0.754427 0.173843 0.755469 0.172454 0.756250 0.171991 0.760938 0.167824 0.762240 0.167361 0.763542 0.166435 0.764844 0.165972 0.766146 0.165972 0.766406 0.165509 0.771354 0.165509 0.771615 0.165972 0.772917 0.165972 0.773177 0.166435 0.774479 0.166435 0.778125 0.168750 0.779948 0.169676 0.781771 0.171528 0.784505 0.176389 0.785547 0.179630 0.786068 0.181944 0.786068 0.189352 0.785026 0.194907 0.784505 0.196296 0.783984 0.200000 0.781901 0.208796 0.781641 0.211111 0.780078 0.217130 0.778125 0.220602 0.777083 0.221528 0.776302 0.222917 0.775000 0.224306 0.774479 0.224306 0.773177 0.225694 0.771875 0.226157 0.770573 0.227083 0.768750 0.227083 0.768490 0.227546 0.764583 0.227546 0.764323 0.228009
 4 0.790365 0.320602 0.783073 0.320602 0.779687 0.319213 0.776042 0.316898 0.774219 0.315046 0.773698 0.315046 0.772656 0.313657 0.771094 0.312269 0.769922 0.310185 0.769141 0.307870 0.768359 0.306481 0.767057 0.300926 0.766797 0.298611 0.766797 0.292593 0.767318 0.290741 0.767318 0.289352 0.768620 0.284259 0.769141 0.283333 0.769922 0.279630 0.770964 0.276389 0.772526 0.270370 0.773047 0.269444 0.774349 0.265741 0.776042 0.262731 0.778646 0.259954 0.779427 0.258565 0.782813 0.256250 0.783854 0.256250 0.786198 0.254861 0.788281 0.254861 0.788542 0.254398 0.795312 0.254398 0.797656 0.255324 0.799479 0.256713 0.800260 0.256713 0.802344 0.258565 0.802865 0.259491 0.804167 0.260417 0.804688 0.261343 0.806250 0.262731 0.807943 0.265741 0.809245 0.269907 0.809505 0.272685 0.809766 0.273148 0.809766 0.277315 0.810026 0.277778 0.810026 0.281944 0.809505 0.284259 0.809245 0.287500 0.807943 0.292130 0.806641 0.295370 0.805339 0.300926 0.803776 0.306019 0.802734 0.307870 0.801693 0.310648 0.800260 0.313194 0.798177 0.315972 0.796875 0.316898 0.795052 0.318750 0.793490 0.319213 0.791927 0.320139 0.790625 0.320139 0.790365 0.320602
 4 0.751302 0.441435 0.747917 0.441435 0.746354 0.440046 0.745833 0.440046 0.744531 0.438657 0.743099 0.436574 0.742578 0.434722 0.742839 0.432407 0.743880 0.429630 0.744661 0.426389 0.745703 0.424537 0.747005 0.420833 0.748047 0.418981 0.748568 0.416667 0.748828 0.414352 0.748828 0.412037 0.750130 0.404630 0.750651 0.402778 0.751172 0.398611 0.751693 0.397222 0.756641 0.388426 0.757682 0.384259 0.758203 0.383333 0.759245 0.379167 0.759766 0.378241 0.760807 0.374074 0.761068 0.370833 0.763151 0.363426 0.763672 0.357870 0.763932 0.357407 0.764453 0.353241 0.764974 0.350926 0.766406 0.348380 0.767969 0.347454 0.769531 0.347454 0.769792 0.346991 0.771094 0.346991 0.771354 0.346528 0.772656 0.346528 0.772917 0.346065 0.774479 0.346065 0.774740 0.345602 0.776042 0.345602 0.776302 0.345139 0.777865 0.345139 0.778125 0.344676 0.779948 0.344676 0.780208 0.344213 0.781510 0.344213 0.782552 0.343287 0.784115 0.343287 0.785417 0.344213 0.785807 0.345370 0.785807 0.350926 0.784505 0.354630 0.783464 0.356944 0.782161 0.362037 0.781641 0.362963 0.780339 0.368056 0.779818 0.368981 0.777474 0.377778 0.777214 0.381019 0.775651 0.387963 0.775130 0.388889 0.774870 0.390741 0.774219 0.391435 0.772005 0.395370 0.771224 0.398148 0.769922 0.400926 0.769922 0.401389 0.767578 0.405556 0.767057 0.406944 0.766276 0.410185 0.764974 0.413426 0.764453 0.415741 0.762500 0.419213 0.762240 0.419213 0.761068 0.421296 0.760547 0.423611 0.759115 0.425694 0.757552 0.424769 0.756250 0.423380 0.755208 0.423380 0.754557 0.425000 0.754557 0.427778 0.756380 0.430556 0.756901 0.432870 0.756641 0.434722 0.755208 0.437269 0.754036 0.438889 0.753646 0.440046 0.751302 0.441435
 3 0.999740 0.201620 0.998437 0.201620 0.996875 0.203472 0.995573 0.204398 0.993490 0.206713 0.992448 0.206713 0.990365 0.208102 0.989062 0.208565 0.987760 0.208565 0.987500 0.209028 0.983854 0.209028 0.983594 0.209491 0.978646 0.209491 0.977083 0.208565 0.974479 0.207639 0.971094 0.207639 0.968490 0.206250 0.966927 0.204861 0.965885 0.204861 0.963802 0.203472 0.960677 0.202546 0.958333 0.200231 0.957812 0.200231 0.955729 0.197917 0.955208 0.197917 0.953906 0.196528 0.953385 0.196528 0.951302 0.194213 0.948177 0.191435 0.946875 0.189583 0.945182 0.186574 0.943880 0.182870 0.940755 0.177315 0.939714 0.174074 0.939453 0.172222 0.939453 0.168519 0.939974 0.166667 0.940234 0.162963 0.941797 0.156944 0.942318 0.155556 0.943620 0.153241 0.944922 0.150000 0.945703 0.146296 0.946484 0.143519 0.948307 0.139352 0.949089 0.136111 0.950391 0.133333 0.951693 0.128704 0.952214 0.127315 0.953516 0.125000 0.953516 0.124537 0.957292 0.117824 0.959635 0.115046 0.960938 0.114120 0.961458 0.113194 0.963021 0.111806 0.964844 0.110880 0.966146 0.109491 0.968229 0.109028 0.969792 0.108102 0.971094 0.108102 0.971354 0.107639 0.973437 0.107639 0.973698 0.107176 0.976562 0.107176 0.976823 0.106713 0.982812 0.106713 0.983073 0.107176 0.984896 0.107176 0.985156 0.107639 0.987240 0.107639 0.987500 0.108102 0.989062 0.108102 0.990365 0.108565 0.991667 0.109491 0.996354 0.111343 0.998437 0.113194 0.999740 0.113194
 4 0.885156 0.188657 0.883854 0.188194 0.881771 0.186343 0.880208 0.184491 0.878776 0.181944 0.877214 0.177778 0.876953 0.176389 0.876953 0.168519 0.877734 0.165278 0.877995 0.162963 0.879036 0.160185 0.879557 0.157870 0.881380 0.152315 0.883203 0.147222 0.883724 0.146296 0.885286 0.141667 0.888281 0.136343 0.893490 0.131713 0.894010 0.131713 0.895833 0.130324 0.896875 0.129861 0.898177 0.129861 0.899740 0.128935 0.908333 0.128935 0.908594 0.129398 0.912240 0.130324 0.914062 0.131713 0.915365 0.132176 0.917708 0.134491 0.919531 0.135880 0.920312 0.136806 0.922786 0.141204 0.923047 0.142593 0.922786 0.146759 0.922135 0.148380 0.921094 0.148843 0.919792 0.148843 0.919531 0.149306 0.917708 0.149306 0.917448 0.149769 0.915885 0.149769 0.915625 0.150231 0.913542 0.150231 0.913281 0.150694 0.911719 0.150694 0.911458 0.151157 0.910156 0.151157 0.909896 0.151620 0.908594 0.151620 0.907292 0.152083 0.905990 0.153009 0.902865 0.153935 0.901823 0.154861 0.901042 0.154861 0.899740 0.155787 0.897917 0.158102 0.896224 0.161111 0.895443 0.162963 0.895182 0.164352 0.894141 0.166667 0.893099 0.170370 0.892578 0.171296 0.892057 0.173611 0.891536 0.174537 0.890495 0.178704 0.889453 0.181019 0.889193 0.182407 0.888411 0.184259 0.886719 0.187269 0.885156 0.188657
