 7 0.082682 0.000000 0.082682 0.003241 0.083724 0.006481 0.083724 0.007407 0.084505 0.011111 0.084766 0.014815 0.085286 0.016667 0.085286 0.018056 0.086328 0.022685 0.086328 0.024074 0.086849 0.025926 0.086849 0.027315 0.087630 0.030556 0.088672 0.036574 0.088932 0.039815 0.090755 0.050000 0.090755 0.052315 0.090495 0.053241 0.089323 0.055324 0.087240 0.056713 0.085938 0.056713 0.085677 0.057176 0.084115 0.057176 0.083854 0.057639 0.080990 0.057639 0.080729 0.058102 0.075521 0.058102 0.075260 0.058565 0.070833 0.058565 0.070573 0.059028 0.066406 0.059028 0.066146 0.059491 0.061979 0.059491 0.061719 0.059954 0.052344 0.059954 0.052083 0.060417 0.044271 0.060417 0.044010 0.060880 0.036198 0.060880 0.035937 0.061343 0.029687 0.061343 0.029427 0.061806 0.020833 0.061806 0.020573 0.062269 0.014844 0.062269 0.014583 0.062731 0.010156 0.062731 0.009896 0.063194 0.003906 0.063194 0.003646 0.063657 0.000000 0.063657
 6 0.470703 0.000000 0.470703 0.002315 0.470964 0.002778 0.470964 0.005093 0.471224 0.005556 0.471224 0.010185 0.471484 0.010648 0.471484 0.044444 0.471745 0.044907 0.471745 0.058796 0.471484 0.059259 0.471484 0.061574 0.470964 0.064352 0.470964 0.066204 0.470443 0.068056 0.469531 0.069676 0.468490 0.070602 0.467187 0.071065 0.463021 0.071065 0.462760 0.071528 0.419531 0.071528 0.419271 0.071065 0.387760 0.071065 0.387500 0.070602 0.361198 0.070602 0.360938 0.070139 0.351823 0.070139 0.351562 0.069676 0.344271 0.069676 0.344010 0.069213 0.339062 0.069213 0.338802 0.068750 0.332292 0.068750 0.332031 0.068287 0.327083 0.068287 0.326823 0.067824 0.319271 0.067824 0.319010 0.067361 0.312240 0.067361 0.311979 0.066898 0.304167 0.066898 0.303906 0.066435 0.298177 0.066435 0.297917 0.065972 0.295573 0.065972 0.295312 0.065509 0.292448 0.065509 0.292187 0.065972 0.290365 0.065972 0.290104 0.065509 0.282292 0.065509 0.282031 0.065046 0.278646 0.065046 0.278385 0.064583 0.270313 0.064583 0.270052 0.064120 0.265625 0.064120 0.265365 0.063657 0.261458 0.063657 0.261198 0.063194 0.256771 0.063194 0.256510 0.062731 0.251302 0.062731 0.251042 0.062269 0.244531 0.062269 0.244271 0.061806 0.239063 0.061806 0.238802 0.061343 0.235937 0.061343 0.235677 0.060880 0.230990 0.060880 0.230729 0.060417 0.225260 0.060417 0.225000 0.059954 0.221094 0.059954 0.220833 0.059491 0.216667 0.059491 0.216406 0.059028 0.211458 0.059028 0.211198 0.058565 0.206510 0.058565 0.206250 0.058102 0.203125 0.058102 0.202865 0.057639 0.199219 0.057639 0.198958 0.057176 0.195573 0.057176 0.195312 0.056713 0.192448 0.056713 0.192188 0.056250 0.189323 0.056250 0.189062 0.055787 0.186458 0.055787 0.186198 0.055324 0.184115 0.055324 0.183854 0.054861 0.182031 0.054861 0.180469 0.053935 0.179167 0.052546 0.176172 0.047222 0.175911 0.045370 0.175130 0.042593 0.175130 0.041204 0.174609 0.038889 0.174609 0.036574 0.174349 0.034259 0.173828 0.031944 0.173568 0.028704 0.173047 0.026852 0.171745 0.019444 0.170443 0.011574 0.170182 0.009259 0.170182 0.006481 0.169922 0.006019 0.169922 0.003241 0.169661 0.002778 0.169661 0.000000
 6 0.404818 0.000000 0.404948 0.002546 0.406510 0.002546 0.406771 0.003009 0.409375 0.003009 0.409635 0.003472 0.417969 0.003472 0.419531 0.004398 0.421354 0.004398 0.421615 0.004861 0.423438 0.004861 0.423698 0.005324 0.433073 0.005324 0.433333 0.005787 0.435156 0.005787 0.438021 0.007176 0.440104 0.007176 0.440365 0.007639 0.444531 0.007639 0.445833 0.007176 0.447135 0.006250 0.448437 0.005787 0.450000 0.005787 0.450911 0.004630 0.451172 0.003241 0.451172 0.000000
 6 0.400781 0.678009 0.398438 0.678009 0.398177 0.677546 0.396354 0.677546 0.394271 0.676157 0.393490 0.676157 0.389844 0.673843 0.388281 0.673380 0.386198 0.671528 0.383333 0.670139 0.382292 0.669213 0.379948 0.668287 0.379167 0.667361 0.377865 0.666898 0.375781 0.665046 0.372917 0.663657 0.370833 0.661806 0.369271 0.660880 0.368490 0.660880 0.367708 0.659954 0.364323 0.658102 0.363542 0.657176 0.362240 0.656713 0.361458 0.655787 0.357031 0.653472 0.356250 0.652546 0.354167 0.651620 0.353385 0.650694 0.351302 0.649769 0.350521 0.648843 0.349219 0.648380 0.346354 0.646065 0.345573 0.646065 0.344010 0.644676 0.342708 0.644213 0.341927 0.643287 0.340625 0.642824 0.339844 0.641898 0.336719 0.640509 0.335938 0.639583 0.332292 0.637731 0.331510 0.636806 0.330208 0.636343 0.329427 0.635417 0.327865 0.634491 0.324740 0.633102 0.323437 0.632176 0.317969 0.628935 0.317188 0.628009 0.315104 0.627083 0.313802 0.626157 0.311979 0.624306 0.310677 0.623380 0.308594 0.622454 0.307812 0.621528 0.306250 0.620602 0.305469 0.620602 0.304688 0.619676 0.303906 0.619676 0.302865 0.618750 0.301563 0.618287 0.299219 0.616435 0.295573 0.614583 0.294792 0.613657 0.293229 0.612731 0.291406 0.612269 0.289844 0.610880 0.289323 0.610880 0.288021 0.609491 0.286198 0.608565 0.285417 0.607639 0.283333 0.606713 0.282292 0.605787 0.280990 0.605324 0.279948 0.604398 0.279167 0.604398 0.277083 0.602546 0.275781 0.602083 0.273438 0.600231 0.271875 0.599769 0.269010 0.597917 0.268229 0.596991 0.266927 0.596528 0.264844 0.594676 0.261979 0.592824 0.261198 0.592824 0.260156 0.591898 0.257812 0.590509 0.257031 0.590509 0.254167 0.588657 0.250521 0.585417 0.249740 0.584028 0.248698 0.583102 0.247526 0.581019 0.246484 0.577315 0.246484 0.576389 0.245703 0.573611 0.245703 0.572222 0.245182 0.569907 0.243880 0.560185 0.243359 0.558333 0.243099 0.555093 0.242578 0.553241 0.241797 0.548611 0.241797 0.547222 0.241276 0.545370 0.241276 0.543519 0.240755 0.541204 0.240234 0.535648 0.239714 0.533796 0.239714 0.532407 0.238932 0.527778 0.238672 0.527315 0.237891 0.521759 0.237370 0.519907 0.236849 0.513889 0.236328 0.512037 0.236328 0.510648 0.235286 0.502315 0.234245 0.497685 0.233724 0.492130 0.233203 0.489815 0.232943 0.486574 0.232422 0.484259 0.232422 0.482407 0.231641 0.478241 0.231641 0.476389 0.230599 0.471296 0.230599 0.469907 0.230078 0.468056 0.229818 0.464815 0.229297 0.462963 0.229297 0.461574 0.228776 0.459722 0.228776 0.458333 0.227995 0.455093 0.227734 0.451389 0.226953 0.447222 0.226953 0.445370 0.226432 0.443519 0.226432 0.442130 0.225911 0.440278 0.225911 0.438889 0.225391 0.437037 0.225130 0.433796 0.224870 0.433333 0.223828 0.425463 0.223307 0.423611 0.223307 0.422222 0.222526 0.418981 0.222526 0.417593 0.221745 0.414352 0.221484 0.410648 0.220703 0.406481 0.220703 0.404630 0.219922 0.400926 0.219922 0.399537 0.219401 0.397685 0.218880 0.392593 0.218620 0.392130 0.218099 0.387963 0.217318 0.385185 0.216797 0.381019 0.216536 0.377315 0.216016 0.375463 0.215495 0.370370 0.214974 0.368056 0.214714 0.364815 0.214193 0.362963 0.213672 0.357870 0.213151 0.356019 0.213151 0.354167 0.212630 0.351852 0.212630 0.350463 0.212109 0.348148 0.211849 0.343981 0.211328 0.341667 0.211068 0.339352 0.211068 0.334259 0.211849 0.331019 0.212500 0.329861 0.213802 0.328935 0.215885 0.328009 0.216146 0.327546 0.218229 0.326620 0.219271 0.326620 0.220573 0.325694 0.222656 0.325231 0.223698 0.324306 0.224479 0.324306 0.225781 0.323380 0.228125 0.322917 0.229167 0.321991 0.230990 0.321528 0.231250 0.321065 0.234896 0.320139 0.236198 0.319213 0.238542 0.319213 0.238802 0.319676 0.240885 0.319676 0.241146 0.319213 0.243229 0.319213 0.245312 0.317824 0.246094 0.317824 0.247917 0.316435 0.248958 0.316435 0.251823 0.315046 0.253385 0.315046 0.254948 0.314120 0.256510 0.314120 0.256771 0.313657 0.258594 0.313657 0.258854 0.313194 0.260417 0.313194 0.260677 0.312731 0.261979 0.312731 0.262240 0.312269 0.265885 0.312269 0.266146 0.312731 0.270833 0.312731 0.274219 0.314120 0.275260 0.315046 0.276823 0.315046 0.277083 0.315509 0.278646 0.315509 0.282031 0.317361 0.287240 0.317361 0.288802 0.316435 0.290104 0.316435 0.290365 0.315972 0.292187 0.315972 0.292448 0.315509 0.295052 0.315509 0.295312 0.315046 0.296875 0.315046 0.297135 0.314583 0.298958 0.314583 0.299219 0.314120 0.301042 0.314120 0.301302 0.313657 0.302604 0.313657 0.302865 0.313194 0.305208 0.312731 0.305469 0.312269 0.308854 0.312269 0.310677 0.313194 0.312109 0.315741 0.313151 0.318519 0.313932 0.321759 0.315104 0.323843 0.316927 0.324769 0.317708 0.325694 0.319531 0.326157 0.321094 0.327083 0.323177 0.327083 0.323437 0.327546 0.328125 0.327546 0.328385 0.328009 0.329948 0.328009 0.330208 0.327546 0.332552 0.327546 0.332813 0.327083 0.334375 0.327083 0.335938 0.326157 0.337240 0.326157 0.338281 0.325694 0.340104 0.324306 0.341406 0.323843 0.343099 0.321296 0.344141 0.318981 0.345182 0.315741 0.345833 0.314583 0.347135 0.313657 0.348438 0.313194 0.351302 0.313194 0.351562 0.312731 0.353646 0.312731 0.353906 0.313194 0.356510 0.313194 0.356771 0.313657 0.363281 0.313657 0.363542 0.313194 0.365885 0.313194 0.366146 0.312731 0.367708 0.312731 0.367969 0.312269 0.370052 0.312269 0.370312 0.311806 0.373437 0.311806 0.374740 0.313194 0.376823 0.316898 0.379427 0.318287 0.381510 0.320139 0.382812 0.321991 0.385156 0.323843 0.386719 0.323843 0.386979 0.324306 0.389583 0.324306 0.389844 0.324769 0.393229 0.324769 0.393490 0.324306 0.399479 0.324306 0.399740 0.323843 0.403125 0.323843 0.405208 0.322917 0.409635 0.318750 0.410807 0.316667 0.411589 0.313889 0.413281 0.310880 0.415104 0.309491 0.416927 0.309491 0.417187 0.309954 0.418750 0.309954 0.419010 0.310417 0.420573 0.310417 0.420833 0.310880 0.424219 0.310880 0.424479 0.311343 0.426302 0.311343 0.426563 0.311806 0.427865 0.311806 0.429427 0.312731 0.430729 0.312731 0.432292 0.313657 0.433594 0.313657 0.433854 0.314120 0.435156 0.314120 0.435417 0.314583 0.436719 0.314583 0.438021 0.315509 0.439323 0.315509 0.439583 0.315972 0.441927 0.315972 0.442188 0.316435 0.444010 0.316435 0.445312 0.317361 0.447656 0.317824 0.447917 0.318287 0.449479 0.318287 0.449740 0.318750 0.455469 0.318750 0.455729 0.319213 0.457292 0.319213 0.457552 0.319676 0.459115 0.319676 0.459375 0.320139 0.461198 0.320139 0.461458 0.320602 0.463542 0.320602 0.463802 0.321065 0.465365 0.321065 0.465625 0.321528 0.467708 0.321528 0.467969 0.321991 0.469271 0.321991 0.470573 0.322454 0.472917 0.323843 0.473698 0.323843 0.475521 0.325231 0.476953 0.327778 0.477474 0.330093 0.477474 0.332407 0.477214 0.332870 0.477214 0.337037 0.476693 0.338889 0.476693 0.340278 0.476172 0.342130 0.476172 0.381944 0.476432 0.382407 0.476432 0.393981 0.476693 0.396296 0.477214 0.398611 0.477474 0.400926 0.477474 0.403241 0.477734 0.403704 0.477734 0.406019 0.477995 0.406481 0.477995 0.411574 0.478255 0.412037 0.478255 0.415741 0.477995 0.416204 0.477995 0.421296 0.478255 0.421759 0.478255 0.425926 0.478516 0.426389 0.478516 0.429167 0.478255 0.429630 0.478255 0.436574 0.478516 0.437037 0.478516 0.450463 0.478776 0.450926 0.478776 0.465741 0.479036 0.466204 0.479036 0.486111 0.479297 0.486574 0.479297 0.504630 0.479557 0.505093 0.479557 0.555556 0.479297 0.556019 0.479297 0.558796 0.478255 0.562500 0.476953 0.565741 0.475781 0.567824 0.475521 0.567824 0.473958 0.570602 0.473698 0.570602 0.470573 0.576157 0.469010 0.578009 0.466146 0.583102 0.465885 0.583102 0.464583 0.585417 0.464323 0.585417 0.463021 0.587731 0.461979 0.588657 0.460417 0.591435 0.460156 0.591435 0.458073 0.595139 0.457813 0.595139 0.455469 0.599306 0.455208 0.599306 0.453385 0.602546 0.453125 0.602546 0.450781 0.606713 0.450521 0.606713 0.448698 0.609954 0.448437 0.609954 0.445833 0.613657 0.444271 0.616435 0.442708 0.618287 0.440885 0.621528 0.440625 0.621528 0.439323 0.623843 0.439063 0.623843 0.437760 0.626157 0.437500 0.626157 0.434896 0.630787 0.434635 0.630787 0.433333 0.633102 0.433073 0.633102 0.430990 0.636806 0.430729 0.636806 0.428906 0.640046 0.427604 0.641435 0.426302 0.643287 0.425000 0.645602 0.424740 0.645602 0.422917 0.648843 0.422656 0.648843 0.419792 0.653935 0.418229 0.655787 0.416146 0.659491 0.415885 0.659491 0.414323 0.662269 0.414062 0.662269 0.411719 0.666435 0.409115 0.669676 0.408073 0.670602 0.407292 0.671991 0.406250 0.672917 0.404687 0.675231 0.402344 0.676620 0.400781 0.678009
 6 0.463411 0.520370 0.464062 0.519676 0.464974 0.516667 0.464974 0.511111 0.464714 0.510648 0.464714 0.499074 0.464974 0.498611 0.464974 0.488889 0.464714 0.488426 0.464714 0.483333 0.464453 0.482870 0.464453 0.458796 0.464193 0.458333 0.464193 0.450000 0.463932 0.449537 0.463932 0.440741 0.463672 0.440278 0.463672 0.437963 0.463411 0.437500 0.463411 0.435185 0.462891 0.432870 0.462240 0.431713 0.461198 0.432176 0.459115 0.432176 0.456771 0.433565 0.454167 0.436343 0.453385 0.437731 0.451823 0.439120 0.451302 0.439120 0.449740 0.440509 0.449219 0.441435 0.447917 0.442361 0.444271 0.446528 0.444010 0.446528 0.441667 0.449306 0.440885 0.449769 0.439583 0.451620 0.436198 0.454398 0.434375 0.457176 0.433073 0.458565 0.432552 0.458565 0.427604 0.463194 0.426563 0.465046 0.425000 0.466898 0.422135 0.469213 0.420312 0.472454 0.417839 0.475926 0.417839 0.478241 0.417578 0.478704 0.417578 0.481944 0.417839 0.482407 0.417839 0.485648 0.418099 0.486111 0.418099 0.489352 0.418359 0.489815 0.418359 0.493981 0.418620 0.494444 0.418620 0.496759 0.419141 0.500463 0.420312 0.503472 0.420573 0.503009 0.421875 0.503009 0.422135 0.502546 0.423698 0.502546 0.427865 0.504861 0.429688 0.505324 0.432812 0.506713 0.433854 0.507639 0.434635 0.507639 0.435677 0.508565 0.438542 0.509491 0.439844 0.510417 0.442969 0.511343 0.445052 0.512269 0.447396 0.513657 0.450260 0.514583 0.451302 0.515509 0.453125 0.515972 0.453906 0.516898 0.455469 0.517361 0.456510 0.518287 0.459896 0.519676 0.460677 0.519676 0.461719 0.520602 0.463411 0.520370
 6 0.260286 0.531019 0.261198 0.530324 0.261979 0.530324 0.263802 0.528935 0.265625 0.526620 0.267969 0.525694 0.269271 0.524769 0.270573 0.523380 0.271094 0.523380 0.272396 0.521991 0.274219 0.520602 0.275521 0.520139 0.276823 0.518750 0.277344 0.518750 0.278385 0.517361 0.279167 0.516898 0.280990 0.515046 0.281510 0.515046 0.282813 0.513657 0.283333 0.513657 0.285156 0.511806 0.286979 0.510880 0.289844 0.508102 0.290365 0.508102 0.294010 0.504398 0.295833 0.503472 0.297396 0.502083 0.298958 0.500231 0.300260 0.499769 0.301563 0.498843 0.302604 0.498843 0.303906 0.497917 0.304818 0.496296 0.304818 0.487500 0.304557 0.487037 0.304557 0.484722 0.304297 0.484259 0.304297 0.481944 0.304036 0.481481 0.304036 0.479167 0.303516 0.476389 0.303516 0.473611 0.303255 0.473148 0.303255 0.469907 0.302995 0.469444 0.302995 0.465278 0.302734 0.464815 0.302734 0.462500 0.301302 0.459954 0.300521 0.459491 0.298698 0.457639 0.297917 0.457639 0.296875 0.456713 0.295833 0.456713 0.294531 0.455787 0.291406 0.454861 0.289583 0.453472 0.288802 0.453472 0.287760 0.452546 0.284635 0.451620 0.283594 0.450694 0.281771 0.450231 0.280729 0.449306 0.279948 0.449306 0.278906 0.448380 0.277083 0.447917 0.273958 0.446528 0.272917 0.445602 0.269010 0.444213 0.268750 0.443750 0.265885 0.442824 0.264062 0.441435 0.262240 0.440972 0.260937 0.440046 0.259635 0.439583 0.258333 0.439583 0.258073 0.439120 0.254427 0.438194 0.252344 0.436806 0.250260 0.436343 0.248958 0.435417 0.248438 0.434491 0.246875 0.434491 0.245703 0.436574 0.244922 0.439815 0.245182 0.442130 0.245703 0.444444 0.245703 0.446296 0.246745 0.452315 0.246745 0.454167 0.247266 0.456481 0.247526 0.459722 0.248047 0.461574 0.248828 0.468519 0.249089 0.468981 0.249349 0.473148 0.250130 0.477315 0.250651 0.483796 0.251172 0.486111 0.251172 0.487500 0.251693 0.489352 0.251953 0.493056 0.252474 0.495370 0.252474 0.496759 0.253255 0.500926 0.254297 0.505556 0.254297 0.507407 0.254818 0.509722 0.255078 0.513889 0.255859 0.517130 0.255859 0.518519 0.256641 0.521759 0.256641 0.523148 0.257943 0.528704 0.259115 0.530787 0.260286 0.531019
 6 0.326953 0.477778 0.328255 0.476389 0.327083 0.473843 0.326042 0.472917 0.324479 0.472917 0.323437 0.473380 0.322526 0.474537 0.322526 0.476389 0.323698 0.477546 0.324740 0.478009 0.326953 0.477778
 6 0.350130 0.546759 0.351562 0.546065 0.352865 0.546065 0.354036 0.543981 0.354297 0.541204 0.354818 0.539352 0.355078 0.537037 0.355078 0.532870 0.355859 0.528241 0.356380 0.526852 0.356641 0.523611 0.356901 0.523148 0.356901 0.518519 0.357161 0.518056 0.357161 0.513889 0.357422 0.513426 0.357422 0.509259 0.357682 0.508796 0.357682 0.504167 0.357943 0.503704 0.357943 0.500926 0.358464 0.498148 0.358464 0.495370 0.358724 0.494907 0.358724 0.489815 0.358464 0.487963 0.357031 0.485417 0.354167 0.484028 0.352865 0.484028 0.352604 0.483565 0.351042 0.483565 0.350781 0.483102 0.349479 0.483102 0.347917 0.482176 0.345052 0.481250 0.344010 0.480324 0.342708 0.479861 0.341406 0.478472 0.340104 0.478009 0.339323 0.477083 0.337760 0.476157 0.335938 0.475694 0.334375 0.474769 0.333073 0.474769 0.331510 0.475694 0.330859 0.477778 0.330859 0.482407 0.331641 0.487037 0.332161 0.488889 0.332682 0.493056 0.333724 0.497222 0.334505 0.498611 0.335807 0.501852 0.336589 0.504630 0.336589 0.506019 0.337109 0.507870 0.337109 0.509259 0.338542 0.512731 0.338802 0.512731 0.339714 0.515741 0.340495 0.520833 0.341536 0.525463 0.343880 0.531481 0.344922 0.535185 0.344922 0.536574 0.345703 0.539352 0.345703 0.540278 0.346745 0.543519 0.348177 0.546065 0.348698 0.546528 0.350130 0.546759
 3 0.361719 0.310880 0.359635 0.310880 0.359375 0.310417 0.353385 0.310417 0.353125 0.309954 0.351562 0.309954 0.350260 0.309491 0.348177 0.308102 0.347005 0.306019 0.346484 0.303241 0.346484 0.300000 0.346224 0.299537 0.346224 0.294444 0.345443 0.289352 0.345443 0.286574 0.345182 0.286111 0.345182 0.280093 0.346094 0.278009 0.347135 0.277083 0.348438 0.276620 0.350000 0.276620 0.350260 0.276157 0.351823 0.276157 0.352083 0.275694 0.358854 0.275694 0.359115 0.275231 0.362240 0.275231 0.362500 0.275694 0.365625 0.275694 0.366927 0.276620 0.367969 0.276620 0.369531 0.277546 0.371875 0.279861 0.372786 0.281944 0.373047 0.285185 0.373307 0.285648 0.373307 0.287963 0.373568 0.288426 0.373568 0.291204 0.373828 0.291667 0.373828 0.294444 0.374089 0.294907 0.374089 0.303241 0.373568 0.305556 0.372135 0.308102 0.370573 0.308565 0.369010 0.309491 0.367448 0.309491 0.367188 0.309954 0.365365 0.309954 0.365104 0.310417 0.361979 0.310417 0.361719 0.310880
 3 0.295052 0.312731 0.278906 0.312731 0.278385 0.312269 0.276953 0.309722 0.276172 0.306481 0.275651 0.301852 0.275651 0.299074 0.275391 0.298611 0.275391 0.295370 0.275130 0.293056 0.274609 0.290741 0.274609 0.285648 0.274870 0.284259 0.275781 0.282176 0.277083 0.281713 0.278125 0.280787 0.278906 0.280787 0.279948 0.279861 0.281250 0.279861 0.281510 0.279398 0.282813 0.279398 0.283073 0.278935 0.284635 0.278935 0.284896 0.278472 0.286719 0.278472 0.286979 0.278009 0.288542 0.278009 0.288802 0.277546 0.290625 0.277546 0.290885 0.277083 0.296875 0.277083 0.297135 0.277546 0.301302 0.277546 0.301563 0.278009 0.303385 0.278009 0.305208 0.279398 0.306120 0.281944 0.306380 0.285648 0.306901 0.287963 0.307161 0.290278 0.307161 0.293981 0.307422 0.294444 0.307422 0.296759 0.307943 0.299537 0.307943 0.306019 0.307682 0.307407 0.306771 0.308565 0.306250 0.308565 0.304688 0.309954 0.302604 0.310417 0.302344 0.310880 0.301042 0.310880 0.300781 0.311343 0.299479 0.311343 0.299219 0.311806 0.297656 0.311806 0.297396 0.312269 0.295312 0.312269 0.295052 0.312731
 4 0.306250 0.277083 0.305599 0.276389 0.304297 0.271296 0.303776 0.265741 0.303255 0.262963 0.303255 0.255093 0.303516 0.253704 0.304167 0.252546 0.307292 0.250231 0.308073 0.250231 0.309115 0.249306 0.311198 0.248843 0.311458 0.248380 0.313281 0.248380 0.313542 0.247917 0.315885 0.247917 0.316146 0.247454 0.319531 0.247454 0.319792 0.246991 0.327344 0.246991 0.327604 0.247454 0.330469 0.247454 0.333594 0.248843 0.334896 0.250231 0.336328 0.252778 0.336849 0.254167 0.337370 0.257407 0.337630 0.257870 0.337630 0.260185 0.337891 0.260648 0.337891 0.264352 0.337630 0.266204 0.336458 0.267361 0.332031 0.267361 0.331771 0.266898 0.323958 0.266898 0.323698 0.267361 0.320833 0.267361 0.320573 0.267824 0.319010 0.267824 0.318750 0.268287 0.316927 0.268287 0.316667 0.268750 0.315104 0.268750 0.314844 0.269213 0.313542 0.269213 0.311198 0.270602 0.310417 0.270602 0.308594 0.272454 0.307422 0.274537 0.307161 0.275926 0.306250 0.277083
 4 0.323698 0.312269 0.321354 0.312269 0.321094 0.311806 0.319271 0.311806 0.319010 0.311343 0.316146 0.311343 0.315885 0.310880 0.313281 0.310880 0.313021 0.310417 0.310937 0.310417 0.309896 0.309491 0.308724 0.306019 0.308464 0.302778 0.308203 0.302315 0.308203 0.299074 0.307943 0.298611 0.307943 0.295370 0.307682 0.294907 0.307682 0.292593 0.306901 0.288426 0.306641 0.286111 0.306641 0.283796 0.306120 0.281481 0.306380 0.277778 0.306641 0.277315 0.306901 0.274537 0.308594 0.271991 0.310417 0.270602 0.311198 0.269676 0.313021 0.269213 0.313281 0.268750 0.314583 0.268750 0.314844 0.268287 0.316667 0.268287 0.316927 0.267824 0.318490 0.267824 0.318750 0.267361 0.320833 0.267361 0.321094 0.266898 0.323958 0.266898 0.324219 0.266435 0.332031 0.266435 0.332292 0.266898 0.337500 0.266898 0.339323 0.268750 0.341146 0.269213 0.342187 0.270139 0.343880 0.273148 0.344661 0.276389 0.344922 0.278704 0.344922 0.281019 0.345182 0.281481 0.345182 0.285648 0.345443 0.286111 0.345443 0.289815 0.345703 0.290278 0.345703 0.292593 0.345964 0.293056 0.345964 0.295370 0.346224 0.295833 0.346224 0.303241 0.345703 0.305093 0.344792 0.306713 0.342187 0.308565 0.340885 0.309028 0.339062 0.309028 0.338802 0.309491 0.337500 0.309491 0.337240 0.309954 0.335938 0.309954 0.335677 0.310417 0.333854 0.310417 0.333594 0.310880 0.332031 0.310880 0.331771 0.311343 0.330208 0.311343 0.329948 0.311806 0.323958 0.311806 0.323698 0.312269
 4 0.398698 0.307639 0.390625 0.307639 0.390365 0.307176 0.388542 0.307176 0.388281 0.306713 0.386198 0.306250 0.384115 0.304861 0.382552 0.304861 0.381250 0.304398 0.379427 0.303009 0.378516 0.301389 0.377995 0.299537 0.377734 0.295833 0.377474 0.295370 0.377474 0.292130 0.377214 0.291667 0.377214 0.288889 0.376953 0.288426 0.376953 0.284722 0.376693 0.284259 0.376693 0.273148 0.377474 0.268056 0.378646 0.266435 0.380729 0.265046 0.384896 0.263657 0.385156 0.263194 0.387240 0.263194 0.387500 0.262731 0.393229 0.262731 0.393490 0.262269 0.402083 0.262269 0.402344 0.262731 0.404427 0.262731 0.407292 0.264120 0.409635 0.266435 0.411589 0.269907 0.412370 0.273611 0.412370 0.276389 0.412630 0.276852 0.412630 0.282407 0.412891 0.282870 0.412891 0.287500 0.413151 0.287963 0.413151 0.292130 0.413411 0.292593 0.413411 0.296759 0.413151 0.297222 0.413151 0.299537 0.412891 0.300926 0.411458 0.303472 0.409635 0.304861 0.407552 0.305787 0.406250 0.305787 0.405990 0.306250 0.404687 0.306250 0.404427 0.306713 0.402083 0.306713 0.401823 0.307176 0.398958 0.307176 0.398698 0.307639
 0 0.748698 0.381250 0.737500 0.381250 0.737240 0.380787 0.728646 0.380787 0.728385 0.380324 0.726562 0.380324 0.726302 0.379861 0.723437 0.379861 0.723177 0.379398 0.720573 0.379398 0.720313 0.378935 0.718750 0.378935 0.718490 0.378472 0.716927 0.378472 0.716667 0.378009 0.714844 0.378009 0.714583 0.377546 0.712240 0.377546 0.711979 0.377083 0.709375 0.377083 0.708073 0.376620 0.707031 0.375694 0.705859 0.373611 0.705599 0.372222 0.705599 0.368519 0.705859 0.368056 0.705859 0.365741 0.706120 0.365278 0.706120 0.362037 0.706380 0.361574 0.706380 0.357870 0.706641 0.357407 0.706641 0.355093 0.706901 0.354630 0.706901 0.352315 0.707682 0.346759 0.708724 0.343056 0.708724 0.340741 0.708984 0.340278 0.708984 0.336574 0.709766 0.333796 0.709766 0.332870 0.710547 0.330556 0.710547 0.329630 0.711328 0.325926 0.711589 0.323611 0.711589 0.318981 0.711328 0.318519 0.711328 0.313426 0.711068 0.312963 0.710807 0.309259 0.709766 0.306481 0.709505 0.305093 0.708724 0.303704 0.708203 0.301852 0.708203 0.296759 0.708464 0.296296 0.708464 0.291667 0.708203 0.291204 0.708203 0.287963 0.708464 0.287500 0.708464 0.285185 0.708724 0.284722 0.708984 0.281019 0.709766 0.277778 0.710547 0.273611 0.710547 0.270833 0.710807 0.270370 0.710807 0.267130 0.711328 0.264815 0.711849 0.261111 0.712109 0.257407 0.713672 0.252315 0.713672 0.245370 0.713932 0.244907 0.713932 0.242593 0.714193 0.242130 0.714193 0.239815 0.714974 0.235185 0.715495 0.233796 0.715755 0.231944 0.715495 0.230556 0.715495 0.227315 0.715234 0.225926 0.714063 0.223843 0.712500 0.222454 0.711979 0.222454 0.710156 0.221065 0.709115 0.220602 0.706771 0.220602 0.706510 0.220139 0.703385 0.220139 0.703125 0.219676 0.699740 0.219676 0.699479 0.219213 0.697396 0.219213 0.697135 0.218750 0.693229 0.218750 0.692969 0.218287 0.691146 0.218287 0.690885 0.217824 0.689063 0.217824 0.688802 0.217361 0.685677 0.217361 0.685417 0.216898 0.680469 0.216898 0.680208 0.216435 0.672656 0.216435 0.672396 0.216898 0.668750 0.218287 0.667969 0.219213 0.666667 0.219676 0.665365 0.221065 0.663802 0.223843 0.663542 0.223843 0.662109 0.226389 0.661068 0.230093 0.660807 0.232870 0.660547 0.233333 0.660547 0.236111 0.660286 0.236574 0.660286 0.239815 0.659766 0.242130 0.659766 0.243519 0.659245 0.245370 0.659245 0.248148 0.658984 0.248611 0.658984 0.253704 0.658724 0.256019 0.657161 0.264352 0.656641 0.266667 0.656120 0.270370 0.655859 0.273611 0.654818 0.277315 0.653906 0.278935 0.651042 0.281250 0.649479 0.281713 0.648438 0.282639 0.647396 0.282639 0.645312 0.284028 0.643490 0.284491 0.643229 0.284954 0.640625 0.284954 0.640365 0.284491 0.638281 0.284491 0.637500 0.285880 0.635677 0.287731 0.635156 0.287731 0.633333 0.289120 0.632292 0.289120 0.630990 0.290046 0.629948 0.290046 0.627865 0.291435 0.626302 0.291898 0.625521 0.292824 0.623698 0.293287 0.622656 0.294213 0.621354 0.294676 0.620573 0.295602 0.615625 0.299769 0.613281 0.303009 0.610938 0.305324 0.610156 0.306713 0.608333 0.308565 0.607031 0.310417 0.603125 0.317361 0.602865 0.317361 0.601172 0.320370 0.600911 0.321759 0.599609 0.325926 0.598437 0.328009 0.597135 0.329398 0.596094 0.331250 0.595052 0.330324 0.594661 0.328704 0.593620 0.326389 0.592839 0.322685 0.592578 0.320370 0.592057 0.318056 0.592057 0.299074 0.592318 0.298611 0.592318 0.296296 0.592578 0.293981 0.593359 0.289815 0.593880 0.284259 0.594141 0.283796 0.594661 0.280093 0.594661 0.278704 0.595182 0.276852 0.595443 0.273148 0.595703 0.272685 0.595703 0.270370 0.596224 0.267593 0.596224 0.265278 0.596484 0.262963 0.597266 0.259259 0.597526 0.256019 0.598307 0.252778 0.598307 0.251389 0.598828 0.248611 0.599349 0.247222 0.599609 0.243981 0.600130 0.241667 0.600130 0.238889 0.600651 0.236111 0.600651 0.234259 0.601693 0.227778 0.602214 0.226389 0.602474 0.224537 0.602474 0.222222 0.602734 0.221759 0.602734 0.219444 0.603516 0.216667 0.604297 0.211574 0.604297 0.209259 0.604557 0.208796 0.604557 0.206481 0.605078 0.203704 0.605339 0.200463 0.605599 0.200000 0.606380 0.195370 0.606641 0.191204 0.607422 0.187037 0.607682 0.183796 0.608203 0.181944 0.608203 0.180556 0.608984 0.177315 0.609505 0.173611 0.610026 0.172222 0.610547 0.169444 0.611068 0.165278 0.611068 0.163426 0.611589 0.160648 0.613151 0.155093 0.613411 0.151389 0.614193 0.146296 0.614193 0.144444 0.614714 0.141204 0.616016 0.137037 0.616276 0.135185 0.618490 0.131250 0.619792 0.130324 0.622917 0.126620 0.626042 0.124769 0.627604 0.124306 0.628385 0.123380 0.630469 0.122454 0.631250 0.121528 0.638281 0.117361 0.640104 0.116898 0.642448 0.115509 0.643229 0.115509 0.644792 0.114583 0.645573 0.113657 0.648177 0.112731 0.648438 0.112269 0.650521 0.111343 0.652344 0.110880 0.654427 0.109491 0.656250 0.109491 0.656510 0.109028 0.658073 0.109028 0.658333 0.108565 0.660156 0.108565 0.660417 0.108102 0.664062 0.107176 0.664323 0.106713 0.665625 0.106713 0.665885 0.106250 0.670052 0.106250 0.670312 0.105787 0.675000 0.105787 0.675260 0.105324 0.677344 0.105324 0.677604 0.104861 0.679948 0.104861 0.680208 0.104398 0.682552 0.104398 0.682813 0.103935 0.684635 0.103935 0.684896 0.103472 0.686198 0.103472 0.687500 0.102546 0.688802 0.102546 0.689063 0.102083 0.690365 0.102083 0.690625 0.101620 0.692448 0.101620 0.692708 0.101157 0.695312 0.101157 0.695573 0.101620 0.700521 0.101620 0.700781 0.101157 0.707292 0.101157 0.707552 0.100694 0.709896 0.100694 0.710156 0.101157 0.721094 0.101157 0.721354 0.101620 0.722917 0.101620 0.723177 0.102083 0.724479 0.102083 0.724740 0.102546 0.726042 0.102546 0.726302 0.103009 0.727604 0.103009 0.728906 0.103935 0.731250 0.104398 0.731510 0.104861 0.733073 0.104861 0.733333 0.105324 0.735677 0.105324 0.735938 0.105787 0.737760 0.105787 0.738021 0.106250 0.740104 0.106250 0.740365 0.106713 0.744792 0.108565 0.746094 0.109954 0.746615 0.109954 0.748177 0.111343 0.750781 0.111343 0.751042 0.111806 0.752344 0.111806 0.754167 0.113194 0.755469 0.113657 0.756510 0.114583 0.760417 0.115972 0.763021 0.117824 0.764323 0.117824 0.764583 0.118287 0.766667 0.118287 0.767969 0.118750 0.769271 0.119676 0.771615 0.120139 0.772396 0.121065 0.774479 0.121991 0.775781 0.123380 0.777344 0.126157 0.778646 0.128009 0.779687 0.128935 0.781510 0.129398 0.783854 0.131250 0.785156 0.132639 0.786458 0.133102 0.787500 0.134028 0.789844 0.137731 0.790104 0.137731 0.792188 0.140509 0.794271 0.142361 0.795833 0.143287 0.798177 0.144213 0.799740 0.145602 0.801432 0.148611 0.801432 0.154167 0.801172 0.154630 0.801172 0.158333 0.800911 0.158796 0.800911 0.163426 0.801432 0.165741 0.801432 0.168981 0.801693 0.169444 0.801693 0.178704 0.801432 0.179167 0.801432 0.189352 0.801172 0.189815 0.801172 0.194444 0.800911 0.194907 0.800911 0.199074 0.800651 0.199537 0.800651 0.203241 0.800391 0.203704 0.800391 0.207407 0.800130 0.207870 0.800130 0.212037 0.799870 0.212500 0.799870 0.218056 0.799609 0.218519 0.799609 0.221296 0.799349 0.221759 0.799349 0.224074 0.799089 0.224537 0.799089 0.231481 0.798828 0.231944 0.798828 0.235185 0.798568 0.235648 0.798568 0.239352 0.798307 0.239815 0.798307 0.242130 0.798568 0.242593 0.798568 0.246759 0.798307 0.247222 0.798307 0.251389 0.798047 0.251852 0.798047 0.259259 0.797786 0.259722 0.797786 0.262963 0.797526 0.263426 0.797526 0.265741 0.797266 0.266204 0.797266 0.269907 0.797005 0.270370 0.797005 0.274074 0.796745 0.274537 0.796745 0.280556 0.796484 0.281019 0.796484 0.284259 0.796224 0.284722 0.796224 0.287037 0.795703 0.289352 0.795703 0.291667 0.795443 0.292130 0.795443 0.295370 0.795182 0.295833 0.795182 0.299537 0.794922 0.300000 0.794922 0.305556 0.794661 0.306019 0.794661 0.312037 0.794401 0.312500 0.794401 0.315741 0.794141 0.316204 0.794141 0.318519 0.793880 0.318981 0.793880 0.321759 0.793620 0.322222 0.793620 0.324537 0.793099 0.326852 0.792839 0.330556 0.792318 0.333333 0.791536 0.336111 0.791016 0.337037 0.789193 0.343519 0.787630 0.348148 0.787370 0.349537 0.786328 0.351852 0.785547 0.354167 0.782813 0.359028 0.781250 0.360880 0.779557 0.363889 0.778646 0.365972 0.778385 0.365972 0.775781 0.370602 0.774740 0.371065 0.773438 0.372454 0.772135 0.373380 0.765625 0.376620 0.764583 0.377546 0.763281 0.378009 0.761719 0.378009 0.761458 0.378472 0.759896 0.378472 0.759635 0.378935 0.758333 0.378935 0.758073 0.379398 0.755729 0.379398 0.755469 0.379861 0.752604 0.379861 0.752344 0.380324 0.750521 0.380324 0.750260 0.380787 0.748958 0.380787 0.748698 0.381250
 0 0.645833 0.366435 0.644792 0.365972 0.638802 0.365972 0.638542 0.365509 0.636458 0.365509 0.636198 0.365046 0.634896 0.365046 0.633333 0.364120 0.632031 0.364120 0.630729 0.363657 0.628385 0.362269 0.627344 0.362269 0.625260 0.360880 0.623958 0.360417 0.622656 0.360417 0.622396 0.359954 0.621094 0.359954 0.619531 0.359028 0.617188 0.358565 0.615885 0.357639 0.613542 0.356713 0.612760 0.355787 0.610156 0.354398 0.609375 0.353472 0.607943 0.350926 0.607161 0.349074 0.606120 0.344907 0.606120 0.343056 0.607422 0.338889 0.607682 0.336574 0.608203 0.334259 0.609505 0.330556 0.610547 0.328241 0.612240 0.325231 0.613542 0.323843 0.614583 0.321991 0.616146 0.320139 0.617318 0.318056 0.618229 0.315972 0.618490 0.315972 0.619792 0.313657 0.620833 0.312731 0.622135 0.310880 0.623958 0.309491 0.625260 0.309028 0.628646 0.306250 0.629167 0.306250 0.631250 0.304861 0.632552 0.304861 0.632812 0.304398 0.638021 0.304398 0.638542 0.304861 0.640885 0.308565 0.642448 0.309954 0.644792 0.310417 0.646615 0.311806 0.647135 0.311806 0.648698 0.313194 0.649089 0.313889 0.649870 0.317130 0.650130 0.318981 0.650130 0.327315 0.650391 0.327778 0.650391 0.330093 0.650130 0.330556 0.650130 0.338426 0.649870 0.338889 0.649870 0.341667 0.649609 0.342130 0.649609 0.344444 0.649089 0.347222 0.649089 0.349537 0.648828 0.350000 0.648828 0.352315 0.648568 0.352778 0.648568 0.355093 0.648047 0.357870 0.648047 0.359722 0.647005 0.364815 0.645833 0.366435
 0 0.682031 0.371528 0.680729 0.371528 0.680469 0.371065 0.678646 0.370602 0.678125 0.369676 0.677083 0.369213 0.675781 0.369676 0.674219 0.369676 0.673177 0.369213 0.671745 0.366667 0.671484 0.365741 0.671484 0.362037 0.672266 0.356944 0.672266 0.354167 0.672526 0.353704 0.672526 0.350926 0.673047 0.348148 0.674219 0.346065 0.674740 0.345602 0.676042 0.345602 0.676302 0.345139 0.678646 0.345139 0.679948 0.346065 0.682813 0.346065 0.684896 0.345139 0.686068 0.346759 0.686589 0.349537 0.686589 0.352315 0.686328 0.352778 0.686328 0.356019 0.686068 0.358333 0.685286 0.361111 0.685286 0.362500 0.684505 0.365741 0.683984 0.366667 0.683203 0.369907 0.682031 0.371528
 7 0.999740 0.997454 0.972396 0.997454 0.972135 0.996991 0.969531 0.996991 0.969271 0.997454 0.944010 0.997454 0.943750 0.997917 0.941927 0.997917 0.941667 0.997454 0.931250 0.997454 0.930990 0.997917 0.920573 0.997917 0.920312 0.998380 0.916406 0.998380 0.916146 0.997917 0.911458 0.997917 0.911198 0.997454 0.904687 0.997454 0.904427 0.997917 0.888542 0.997917 0.888281 0.997454 0.886458 0.997454 0.886198 0.996991 0.884375 0.996528 0.882292 0.997917 0.880990 0.998380 0.877865 0.998380 0.877604 0.997917 0.872396 0.997917 0.872135 0.998380 0.867969 0.998380 0.867708 0.997917 0.863542 0.997917 0.863281 0.997454 0.860156 0.997454 0.859896 0.996991 0.858594 0.996991 0.858333 0.996528 0.856771 0.996528 0.855729 0.997454 0.854427 0.997917 0.852083 0.997917 0.851823 0.997454 0.850260 0.997454 0.850000 0.996991 0.848177 0.996991 0.847917 0.997454 0.834896 0.997454 0.834635 0.996991 0.833333 0.996991 0.832292 0.996065 0.830990 0.995602 0.830339 0.994444 0.830078 0.991667 0.829557 0.989352 0.829297 0.987037 0.829297 0.983796 0.829036 0.983333 0.829036 0.978241 0.829297 0.977778 0.829036 0.975463 0.829036 0.971759 0.828776 0.971296 0.828776 0.958796 0.828516 0.958333 0.828516 0.945370 0.828255 0.944907 0.828255 0.941667 0.827995 0.941204 0.827995 0.936111 0.828255 0.935648 0.828255 0.932870 0.827995 0.932407 0.827995 0.918519 0.827734 0.918056 0.827734 0.914352 0.827474 0.913889 0.827474 0.903241 0.827214 0.902778 0.827214 0.890741 0.827474 0.890278 0.827474 0.886574 0.827734 0.886111 0.827734 0.883796 0.827995 0.883333 0.828255 0.879167 0.828776 0.877315 0.828776 0.875926 0.829297 0.873611 0.829297 0.872222 0.830339 0.868056 0.831380 0.865741 0.832161 0.860648 0.832682 0.859259 0.832943 0.856944 0.833984 0.853704 0.833984 0.852778 0.835547 0.847685 0.836068 0.844444 0.836068 0.843056 0.837109 0.838889 0.838672 0.833796 0.838932 0.831481 0.839974 0.827778 0.841406 0.825231 0.843490 0.823380 0.844792 0.822917 0.846094 0.821528 0.847656 0.821065 0.848958 0.820139 0.853125 0.820139 0.854036 0.818519 0.855078 0.813426 0.855599 0.812500 0.856901 0.807870 0.856901 0.807407 0.858203 0.803704 0.858724 0.800000 0.859245 0.797685 0.860026 0.795370 0.860026 0.794444 0.861068 0.790741 0.861589 0.787037 0.862630 0.783796 0.863932 0.778241 0.865755 0.774074 0.866276 0.771296 0.866276 0.769907 0.866797 0.767130 0.868359 0.762500 0.869141 0.761111 0.870182 0.756019 0.870964 0.753704 0.871745 0.750463 0.872526 0.749074 0.873568 0.746296 0.874349 0.741204 0.874870 0.739815 0.875130 0.737500 0.875651 0.736111 0.875911 0.733796 0.877734 0.727315 0.877734 0.726389 0.878776 0.722685 0.878776 0.721759 0.879818 0.718519 0.880339 0.716204 0.881641 0.712037 0.881901 0.709722 0.882422 0.708333 0.882682 0.706019 0.884505 0.700926 0.884505 0.700463 0.886068 0.697685 0.886849 0.693981 0.886849 0.691667 0.887370 0.689352 0.887891 0.688426 0.888932 0.684722 0.889193 0.682407 0.889714 0.680093 0.891536 0.674074 0.892318 0.672685 0.893099 0.669907 0.893359 0.666667 0.893880 0.664815 0.893880 0.663426 0.895964 0.656019 0.897266 0.650463 0.897266 0.649074 0.897786 0.647685 0.898568 0.644444 0.899349 0.643056 0.899870 0.641204 0.900130 0.638889 0.901432 0.634722 0.902214 0.633333 0.903255 0.630556 0.904036 0.627315 0.904297 0.625000 0.905599 0.620370 0.905859 0.618056 0.906641 0.615278 0.907682 0.612963 0.907943 0.610648 0.908464 0.609259 0.908984 0.606019 0.909766 0.603704 0.910286 0.600463 0.911328 0.596759 0.912630 0.593056 0.912891 0.590741 0.913932 0.586111 0.915755 0.580093 0.918490 0.575231 0.920312 0.573843 0.921875 0.573843 0.922135 0.573380 0.924740 0.573380 0.925000 0.572917 0.928385 0.572917 0.928646 0.573380 0.930469 0.573380 0.930729 0.573843 0.932552 0.573843 0.932813 0.574306 0.934635 0.574306 0.934896 0.574769 0.936979 0.574769 0.937240 0.575231 0.939063 0.575231 0.939323 0.575694 0.941406 0.576157 0.942448 0.577083 0.944271 0.577546 0.945312 0.578472 0.949740 0.579861 0.950000 0.580324 0.951302 0.580324 0.951562 0.580787 0.952865 0.580787 0.953125 0.581250 0.954427 0.581250 0.954688 0.581713 0.956510 0.581713 0.956771 0.582176 0.958594 0.582176 0.960156 0.583102 0.961458 0.583102 0.961719 0.583565 0.963802 0.584028 0.969010 0.586806 0.970313 0.587731 0.971615 0.587731 0.971875 0.588194 0.973437 0.588194 0.973698 0.588657 0.975000 0.588657 0.975260 0.589120 0.976562 0.589120 0.976823 0.589583 0.978125 0.589583 0.979688 0.590509 0.983333 0.591435 0.984635 0.592361 0.985677 0.592361 0.986719 0.593287 0.987500 0.593287 0.988802 0.594213 0.990104 0.594676 0.991406 0.594676 0.991667 0.595139 0.993750 0.595139 0.995052 0.595602 0.997396 0.596991 0.999740 0.596991
 7 0.908984 0.855556 0.910156 0.854861 0.911198 0.854861 0.912370 0.851389 0.912370 0.842593 0.912109 0.842130 0.912109 0.837500 0.911849 0.835648 0.910807 0.832407 0.910547 0.829630 0.909766 0.825926 0.909505 0.821759 0.908724 0.817593 0.908464 0.814352 0.907943 0.812500 0.907943 0.811111 0.907161 0.808333 0.906641 0.801852 0.905859 0.799074 0.905339 0.793981 0.904818 0.791204 0.904818 0.788889 0.904557 0.788426 0.904557 0.784722 0.904297 0.784259 0.904297 0.781019 0.904036 0.780556 0.903776 0.777778 0.902995 0.775000 0.901432 0.771296 0.900911 0.768981 0.899740 0.767824 0.897917 0.771065 0.897656 0.771065 0.896484 0.773148 0.895964 0.775000 0.895703 0.777315 0.893620 0.784722 0.893099 0.785648 0.892318 0.788889 0.891536 0.790741 0.891536 0.791667 0.890495 0.794907 0.889974 0.798611 0.888672 0.802778 0.888672 0.804167 0.887891 0.806944 0.887370 0.810185 0.886849 0.811111 0.886068 0.813889 0.885026 0.815741 0.884245 0.818519 0.883984 0.820833 0.883464 0.822685 0.883203 0.825926 0.882682 0.827778 0.882422 0.831481 0.882682 0.831944 0.882682 0.834259 0.882943 0.836111 0.883724 0.838889 0.885156 0.840972 0.885938 0.840509 0.888802 0.840509 0.890365 0.841435 0.891927 0.841435 0.892969 0.841898 0.895052 0.844213 0.897396 0.846065 0.898177 0.846065 0.899479 0.846991 0.904167 0.846991 0.906250 0.848843 0.907161 0.850463 0.907422 0.852778 0.907943 0.854630 0.908594 0.855787 0.908984 0.855556
 2 0.829297 0.999537 0.828516 0.995833 0.828516 0.987963 0.828255 0.987500 0.828255 0.983796 0.827995 0.983333 0.827995 0.974074 0.827734 0.973611 0.827734 0.965278 0.827474 0.964815 0.827474 0.959259 0.827214 0.958796 0.827214 0.952778 0.826953 0.952315 0.826953 0.940278 0.826693 0.939815 0.826693 0.932870 0.826432 0.932407 0.826432 0.920833 0.826172 0.920370 0.826172 0.901389 0.825911 0.900926 0.825911 0.887037 0.826172 0.886574 0.826172 0.883796 0.826693 0.881019 0.827214 0.876389 0.827734 0.875000 0.827995 0.872685 0.829297 0.868519 0.829297 0.867593 0.830078 0.865278 0.830599 0.862500 0.832943 0.854167 0.833464 0.851852 0.833724 0.849537 0.834766 0.844444 0.836068 0.839815 0.837109 0.836574 0.837370 0.834259 0.837891 0.832870 0.838151 0.830093 0.838672 0.827778 0.839453 0.825463 0.840885 0.822917 0.842448 0.821528 0.845052 0.820139 0.846875 0.819676 0.848958 0.818287 0.850781 0.818287 0.852083 0.819213 0.852734 0.820833 0.852734 0.824074 0.852474 0.825463 0.850651 0.831019 0.850391 0.832870 0.849349 0.836574 0.849349 0.847222 0.849609 0.847685 0.849609 0.852315 0.849870 0.852778 0.849870 0.856019 0.850130 0.856481 0.850130 0.860185 0.850391 0.860648 0.850391 0.863426 0.850651 0.863889 0.850651 0.866667 0.850911 0.867130 0.850911 0.870833 0.851172 0.871296 0.851172 0.875000 0.851432 0.875463 0.851432 0.878704 0.851693 0.879167 0.851693 0.882870 0.851953 0.883333 0.851953 0.886574 0.852214 0.887037 0.852214 0.889815 0.852474 0.890278 0.852474 0.893981 0.852734 0.894444 0.852734 0.899537 0.852995 0.900000 0.852995 0.902778 0.853255 0.903241 0.853255 0.906944 0.853516 0.907407 0.853516 0.910648 0.853776 0.911111 0.853776 0.914352 0.854036 0.914815 0.854036 0.918519 0.854297 0.918981 0.854297 0.922222 0.854557 0.922685 0.854557 0.925926 0.854818 0.926389 0.854818 0.931019 0.855078 0.931481 0.855078 0.935185 0.855339 0.935648 0.855339 0.938426 0.855599 0.938889 0.855599 0.941667 0.855859 0.942130 0.855859 0.947222 0.856120 0.947685 0.856120 0.951389 0.856380 0.951852 0.856380 0.955556 0.856641 0.956019 0.856641 0.959259 0.856901 0.959722 0.856901 0.963889 0.857161 0.964352 0.857161 0.968981 0.857422 0.969444 0.857422 0.974537 0.857682 0.975000 0.857682 0.977778 0.857943 0.978241 0.857943 0.981481 0.858203 0.981944 0.858203 0.987500 0.858464 0.987963 0.858464 0.991204 0.858724 0.993519 0.859245 0.995370 0.859245 0.996759 0.858464 0.998611 0.858464 0.999537
 8 0.000000 0.068750 0.005469 0.068750 0.005729 0.068287 0.011198 0.068287 0.011458 0.067824 0.014063 0.067824 0.014323 0.067361 0.016667 0.066898 0.016927 0.066435 0.024219 0.066435 0.024479 0.065972 0.029687 0.065972 0.031250 0.065046 0.033073 0.065046 0.033333 0.064583 0.046615 0.064583 0.046875 0.064120 0.062760 0.064120 0.063021 0.063657 0.075781 0.063657 0.076042 0.063194 0.078125 0.063194 0.078385 0.062731 0.081250 0.062731 0.081510 0.062269 0.084635 0.062269 0.087760 0.060417 0.090625 0.060417 0.091667 0.059954 0.092578 0.058796 0.093620 0.055093 0.094922 0.052778 0.095443 0.050926 0.094922 0.050000 0.093880 0.045833 0.093359 0.044444 0.092188 0.042824 0.091276 0.039352 0.090495 0.033796 0.089974 0.031944 0.089974 0.020833 0.089714 0.018519 0.088932 0.016204 0.088932 0.015278 0.088151 0.012963 0.088151 0.009722 0.088542 0.009028 0.089323 0.009028 0.091406 0.008102 0.093229 0.006713 0.094531 0.006250 0.096615 0.006250 0.096875 0.005787 0.102344 0.005787 0.102604 0.005324 0.103906 0.005787 0.121094 0.005787 0.121354 0.006250 0.124479 0.006250 0.124740 0.005787 0.136719 0.005787 0.136979 0.006250 0.139583 0.006250 0.139844 0.005787 0.141406 0.005787 0.141667 0.005324 0.151042 0.005324 0.151302 0.005787 0.153385 0.005787 0.153646 0.006250 0.155729 0.006250 0.155990 0.006713 0.157552 0.006713 0.157812 0.007176 0.159635 0.007176 0.159896 0.007639 0.163802 0.007639 0.164062 0.007176 0.165625 0.007176 0.166146 0.007639 0.167318 0.009722 0.167578 0.010648 0.167578 0.017593 0.167839 0.018981 0.168750 0.021065 0.169401 0.021759 0.169922 0.024537 0.170443 0.029167 0.170443 0.031481 0.170703 0.031944 0.170703 0.034259 0.171224 0.037037 0.171224 0.040741 0.170964 0.042593 0.169401 0.049074 0.168099 0.050926 0.169271 0.052083 0.171615 0.053009 0.173177 0.053009 0.174740 0.055787 0.176042 0.057176 0.177604 0.057639 0.177865 0.058102 0.179427 0.058102 0.179688 0.058565 0.181771 0.058565 0.183333 0.059491 0.184375 0.059491 0.187240 0.060880 0.188542 0.060880 0.188802 0.061343 0.190104 0.061343 0.190365 0.061806 0.192448 0.061806 0.192708 0.062269 0.197917 0.062269 0.198177 0.062731 0.207292 0.062731 0.207552 0.063194 0.214062 0.063194 0.214323 0.063657 0.216146 0.063657 0.216406 0.064120 0.220573 0.064120 0.220833 0.064583 0.223177 0.064583 0.223438 0.065046 0.229427 0.065046 0.229687 0.065509 0.231510 0.065509 0.231771 0.065972 0.233073 0.065972 0.233333 0.065509 0.238542 0.065509 0.238802 0.065972 0.244531 0.065972 0.244792 0.066435 0.247656 0.066435 0.247917 0.066898 0.248958 0.066435 0.252604 0.066435 0.252865 0.066898 0.255990 0.066898 0.256250 0.067361 0.260677 0.067361 0.260937 0.067824 0.268229 0.067824 0.268490 0.068287 0.273438 0.068287 0.273698 0.068750 0.285677 0.068750 0.285938 0.069213 0.294010 0.069213 0.294271 0.069676 0.303906 0.069676 0.304167 0.070139 0.314583 0.070139 0.314844 0.070602 0.323698 0.070602 0.323958 0.071065 0.332031 0.071065 0.332292 0.071528 0.340104 0.071528 0.340365 0.071991 0.345313 0.071991 0.345573 0.072454 0.354948 0.072454 0.355208 0.072917 0.364063 0.072917 0.364323 0.073380 0.366667 0.073380 0.366927 0.072917 0.369792 0.072917 0.370052 0.073380 0.372656 0.073380 0.372917 0.073843 0.373958 0.073380 0.379427 0.073380 0.379688 0.073843 0.381771 0.073843 0.382031 0.073380 0.386198 0.073380 0.386458 0.073843 0.391667 0.073843 0.391927 0.073380 0.393229 0.073843 0.403125 0.073843 0.403385 0.074306 0.405469 0.074306 0.405729 0.073843 0.410156 0.073843 0.410417 0.074306 0.413281 0.074306 0.413542 0.073843 0.417187 0.073843 0.417448 0.074306 0.434375 0.074306 0.434635 0.074769 0.436198 0.074769 0.436458 0.074306 0.445312 0.074306 0.445573 0.073843 0.448437 0.073843 0.448698 0.074306 0.452865 0.074306 0.453125 0.073843 0.460156 0.073843 0.461719 0.072917 0.466667 0.072917 0.467969 0.072454 0.470573 0.070602 0.472005 0.068056 0.472526 0.066667 0.473047 0.062037 0.473568 0.060185 0.473568 0.056944 0.473307 0.056481 0.473307 0.054167 0.473047 0.053704 0.473047 0.049537 0.472786 0.049074 0.472786 0.024537 0.472526 0.024074 0.472526 0.013426 0.472786 0.012963 0.472786 0.009722 0.473047 0.007870 0.473568 0.006481 0.473828 0.004630 0.474609 0.002778 0.474609 0.000000
 8 0.544401 0.000000 0.544401 0.002315 0.545443 0.005093 0.546224 0.009259 0.546224 0.011574 0.546484 0.012037 0.546484 0.043056 0.546745 0.043519 0.546745 0.047222 0.546484 0.047685 0.546484 0.058796 0.546745 0.059259 0.546745 0.065278 0.546484 0.065741 0.546484 0.076389 0.546745 0.076852 0.546745 0.080093 0.546484 0.080556 0.546484 0.084259 0.546224 0.084722 0.546224 0.090278 0.545964 0.090741 0.545964 0.109259 0.545703 0.109722 0.545703 0.113426 0.545443 0.113889 0.545443 0.124074 0.545182 0.124537 0.545182 0.126852 0.544922 0.127315 0.544922 0.136574 0.544401 0.139352 0.544401 0.142130 0.544141 0.142593 0.544141 0.150926 0.543880 0.151389 0.543880 0.153704 0.543620 0.154167 0.543620 0.161574 0.543359 0.162037 0.543359 0.178241 0.543099 0.178704 0.543099 0.183333 0.542839 0.183796 0.542839 0.201389 0.542578 0.201852 0.542578 0.210648 0.542318 0.211111 0.542318 0.218981 0.542057 0.219444 0.542057 0.228241 0.541797 0.228704 0.541797 0.235648 0.541536 0.236111 0.541536 0.243056 0.541276 0.243519 0.541276 0.250463 0.541016 0.250926 0.541016 0.256481 0.540755 0.256944 0.540755 0.261111 0.540495 0.261574 0.540495 0.265741 0.540234 0.266204 0.540234 0.274537 0.539974 0.275000 0.539974 0.279630 0.539714 0.280093 0.539714 0.288426 0.539453 0.288889 0.539453 0.297222 0.539193 0.297685 0.539193 0.308333 0.538932 0.308796 0.538932 0.314815 0.538672 0.315278 0.538672 0.320370 0.538411 0.320833 0.538411 0.337963 0.538151 0.338426 0.538151 0.341667 0.537891 0.342130 0.537891 0.369444 0.537630 0.371296 0.536589 0.374537 0.535807 0.375926 0.535026 0.379630 0.535026 0.386574 0.535286 0.387037 0.536068 0.391667 0.536068 0.397222 0.535807 0.397685 0.535807 0.403241 0.535547 0.403704 0.535547 0.407407 0.535807 0.407870 0.535807 0.411574 0.536068 0.412037 0.536068 0.417593 0.536328 0.418056 0.536328 0.421296 0.536068 0.421759 0.536068 0.427778 0.535807 0.428241 0.535807 0.443056 0.536068 0.443519 0.536068 0.449074 0.535807 0.449537 0.535807 0.453704 0.535547 0.454167 0.535547 0.471759 0.535286 0.472222 0.535286 0.477315 0.535026 0.477778 0.535026 0.480556 0.534766 0.481019 0.534766 0.484722 0.534505 0.485185 0.534505 0.497222 0.535026 0.499537 0.535286 0.501852 0.535286 0.505556 0.535026 0.506019 0.535026 0.509722 0.534766 0.510185 0.534766 0.514815 0.534505 0.515278 0.534505 0.519907 0.534766 0.520370 0.534766 0.523611 0.535286 0.525463 0.536458 0.527546 0.538542 0.529861 0.539714 0.531944 0.539714 0.532407 0.540885 0.534491 0.541797 0.535648 0.543620 0.541667 0.544401 0.543056 0.544922 0.545370 0.544922 0.549074 0.545182 0.549537 0.545182 0.555556 0.544922 0.556019 0.544922 0.561574 0.544661 0.562037 0.544661 0.566204 0.544401 0.566667 0.544401 0.568981 0.543880 0.570370 0.542839 0.576389 0.542057 0.578704 0.540365 0.580787 0.539583 0.581250 0.538411 0.583333 0.537630 0.587037 0.536198 0.589583 0.535937 0.589583 0.534766 0.591667 0.534766 0.592130 0.532813 0.595602 0.532552 0.595602 0.530859 0.598611 0.530599 0.600463 0.529818 0.602778 0.529297 0.605093 0.527865 0.607639 0.526823 0.608565 0.523698 0.610417 0.522917 0.611343 0.520833 0.615046 0.518750 0.615972 0.517839 0.617593 0.517578 0.619907 0.515755 0.624537 0.514453 0.631481 0.513411 0.634722 0.511979 0.636806 0.511198 0.637269 0.509635 0.639120 0.508203 0.641667 0.507943 0.643056 0.507161 0.644907 0.504948 0.648843 0.503646 0.650231 0.500651 0.655556 0.499870 0.658333 0.499089 0.660185 0.498568 0.662963 0.497135 0.665509 0.496354 0.665972 0.494661 0.668519 0.491797 0.673611 0.491016 0.676389 0.490104 0.678009 0.488542 0.678935 0.487109 0.681019 0.486589 0.682870 0.485026 0.685648 0.483984 0.688889 0.483464 0.691667 0.479818 0.698148 0.479818 0.698611 0.478385 0.701157 0.477214 0.702778 0.476432 0.705093 0.475260 0.707176 0.473177 0.709028 0.471745 0.712500 0.469401 0.716667 0.469141 0.718056 0.467318 0.721759 0.466536 0.724074 0.464453 0.728241 0.464453 0.728704 0.461719 0.733565 0.460417 0.734954 0.459375 0.736806 0.458333 0.737731 0.456641 0.740741 0.455599 0.743981 0.452734 0.749074 0.451693 0.752315 0.451693 0.753241 0.450911 0.755556 0.447656 0.761343 0.445833 0.762731 0.444401 0.764815 0.443880 0.766667 0.441016 0.771759 0.441016 0.772222 0.439063 0.775694 0.438802 0.775694 0.437109 0.778704 0.436068 0.782870 0.435286 0.784722 0.432552 0.789583 0.430469 0.791435 0.429297 0.793981 0.428776 0.796296 0.425000 0.803009 0.423698 0.804398 0.422526 0.806481 0.422005 0.808333 0.420964 0.810648 0.420443 0.812963 0.419661 0.815278 0.418750 0.816898 0.417708 0.817824 0.413411 0.825463 0.412370 0.828704 0.411198 0.830787 0.410938 0.830787 0.409505 0.833333 0.408984 0.835648 0.407552 0.838194 0.406771 0.838657 0.405339 0.841667 0.404818 0.844444 0.401953 0.849537 0.401953 0.850000 0.400521 0.852546 0.398958 0.853935 0.398307 0.855093 0.397786 0.856944 0.395833 0.860417 0.394922 0.861574 0.394141 0.864352 0.392708 0.866898 0.391667 0.867824 0.390755 0.869444 0.389974 0.872222 0.387630 0.878241 0.385156 0.882639 0.383073 0.884954 0.380208 0.890046 0.379948 0.890046 0.375651 0.897685 0.374349 0.901389 0.373828 0.902315 0.373307 0.905093 0.372526 0.907870 0.369792 0.912731 0.366927 0.915046 0.365755 0.917593 0.365755 0.918519 0.364323 0.921528 0.363542 0.921991 0.362370 0.924074 0.362109 0.925463 0.360938 0.927546 0.359896 0.928472 0.358724 0.931019 0.357682 0.936574 0.356901 0.938889 0.356250 0.940046 0.354948 0.941435 0.352083 0.943287 0.350651 0.945833 0.350130 0.948611 0.348177 0.951620 0.347266 0.953704 0.346094 0.955787 0.344531 0.957176 0.343880 0.958333 0.343359 0.961111 0.342578 0.963426 0.342318 0.965741 0.341797 0.967593 0.340885 0.969213 0.339323 0.970139 0.338021 0.971528 0.337500 0.971528 0.335938 0.972917 0.335026 0.974537 0.334505 0.976389 0.333333 0.978472 0.332552 0.978472 0.330729 0.979861 0.329557 0.981944 0.328776 0.983796 0.327995 0.987037 0.327995 0.988426 0.326562 0.991435 0.325521 0.992361 0.321875 0.992361 0.321615 0.991898 0.319271 0.991898 0.319010 0.991435 0.315625 0.991435 0.315365 0.991898 0.312760 0.991898 0.312500 0.992361 0.311198 0.992361 0.310937 0.992824 0.307031 0.992824 0.306771 0.992361 0.304948 0.992361 0.303385 0.991435 0.300000 0.991435 0.299740 0.991898 0.297917 0.991898 0.296615 0.992361 0.295573 0.993287 0.292448 0.993287 0.292187 0.992824 0.289583 0.992824 0.289323 0.992361 0.286719 0.992361 0.286458 0.991898 0.280469 0.991898 0.279427 0.992361 0.278385 0.991898 0.277604 0.990972 0.276302 0.990509 0.275781 0.989583 0.271354 0.989583 0.269010 0.991898 0.267448 0.992824 0.265104 0.993287 0.264844 0.993750 0.256771 0.993750 0.256510 0.993287 0.253646 0.993287 0.253385 0.993750 0.250000 0.993750 0.249740 0.994213 0.245833 0.994213 0.245573 0.993750 0.244010 0.993750 0.243750 0.993287 0.242448 0.993287 0.242188 0.992824 0.240885 0.992824 0.240625 0.992361 0.239583 0.992824 0.238281 0.992824 0.238021 0.993287 0.236719 0.993287 0.236458 0.993750 0.234375 0.993750 0.234115 0.994213 0.226042 0.994213 0.225781 0.993750 0.223698 0.993750 0.223438 0.994213 0.211458 0.994213 0.211198 0.993750 0.183594 0.993750 0.183333 0.994213 0.180990 0.994213 0.180729 0.993750 0.010156 0.993750 0.009896 0.994213 0.004427 0.994213 0.004167 0.993750 0.000000 0.993750
 8 0.400911 0.680556 0.402344 0.680324 0.402604 0.679861 0.403906 0.679861 0.407031 0.678009 0.408464 0.675463 0.408464 0.675000 0.409896 0.672454 0.411979 0.670602 0.413281 0.668287 0.413542 0.668287 0.415885 0.664120 0.416146 0.664120 0.418750 0.659491 0.420052 0.658102 0.420964 0.656019 0.423438 0.651620 0.424740 0.650694 0.427083 0.648380 0.428255 0.645370 0.428516 0.643981 0.430208 0.640972 0.431510 0.640046 0.432031 0.639120 0.435677 0.636343 0.436589 0.634722 0.437109 0.632870 0.440885 0.626157 0.442708 0.624306 0.443229 0.624306 0.444922 0.622222 0.445964 0.618981 0.446615 0.617824 0.448698 0.615972 0.450781 0.613194 0.451562 0.612731 0.452604 0.611343 0.453776 0.609259 0.454557 0.606944 0.456771 0.603009 0.457031 0.603009 0.458854 0.600231 0.459115 0.600231 0.461198 0.596528 0.462500 0.595139 0.463932 0.592593 0.463932 0.592130 0.465365 0.589120 0.467708 0.586343 0.468750 0.584491 0.470313 0.582639 0.472266 0.579167 0.472786 0.577315 0.473958 0.575694 0.475911 0.572222 0.475911 0.571759 0.478125 0.568287 0.479167 0.567361 0.479818 0.566204 0.480339 0.563889 0.480339 0.561574 0.480599 0.559259 0.481380 0.556019 0.481641 0.552315 0.481901 0.551852 0.481901 0.543519 0.482161 0.543056 0.482682 0.539352 0.482943 0.538889 0.482943 0.535185 0.482682 0.534722 0.482682 0.531944 0.482422 0.531481 0.482422 0.528704 0.482682 0.528241 0.482682 0.520833 0.482943 0.520370 0.482943 0.517593 0.483464 0.514815 0.484505 0.511111 0.485286 0.506481 0.485807 0.504167 0.485807 0.502778 0.484766 0.500000 0.483724 0.495833 0.482682 0.492593 0.482161 0.489815 0.481901 0.485648 0.481641 0.485185 0.481641 0.482870 0.480599 0.477315 0.480599 0.473148 0.481120 0.470370 0.481120 0.462500 0.480859 0.462037 0.480859 0.456481 0.480599 0.456019 0.480599 0.448148 0.480339 0.447685 0.480339 0.443519 0.480599 0.443056 0.480599 0.435648 0.480339 0.435185 0.480339 0.428241 0.480078 0.427778 0.480078 0.420370 0.479818 0.419907 0.479818 0.412037 0.479557 0.411574 0.479557 0.404630 0.479297 0.402315 0.478776 0.400463 0.478516 0.397222 0.477995 0.395370 0.477734 0.393056 0.477734 0.383333 0.477474 0.382870 0.477474 0.347222 0.477734 0.346759 0.477734 0.342593 0.478776 0.337963 0.478776 0.334259 0.478516 0.333796 0.478516 0.331481 0.476693 0.324074 0.475260 0.321528 0.474479 0.321065 0.472656 0.321065 0.472396 0.320602 0.470052 0.320602 0.469010 0.319676 0.468229 0.319676 0.466927 0.318750 0.465365 0.318750 0.465104 0.318287 0.462760 0.318287 0.462500 0.317824 0.461198 0.317824 0.458333 0.316435 0.457031 0.316435 0.456771 0.315972 0.455469 0.315972 0.453385 0.314583 0.452604 0.314583 0.451562 0.313657 0.449740 0.313657 0.449479 0.313194 0.446615 0.313194 0.446354 0.312731 0.445052 0.312731 0.443490 0.311806 0.438281 0.311806 0.438021 0.311343 0.436198 0.310880 0.435156 0.309954 0.433854 0.309954 0.433594 0.309491 0.431771 0.309491 0.430729 0.309028 0.428906 0.307639 0.427604 0.307176 0.424740 0.307176 0.424479 0.306713 0.422917 0.306713 0.421094 0.305324 0.419792 0.304861 0.417708 0.303009 0.416276 0.300463 0.415234 0.296759 0.415234 0.287037 0.414974 0.286574 0.414974 0.283796 0.414714 0.283333 0.414714 0.280556 0.413932 0.276389 0.413672 0.272222 0.413411 0.271759 0.413151 0.268056 0.411979 0.265509 0.409375 0.263657 0.408073 0.262269 0.406771 0.261343 0.405469 0.260880 0.403906 0.259491 0.402083 0.259491 0.401823 0.259028 0.400000 0.259028 0.399740 0.258565 0.391667 0.258565 0.390365 0.259491 0.389062 0.259954 0.387240 0.259954 0.386979 0.260417 0.385156 0.260417 0.382292 0.262269 0.379167 0.263657 0.376302 0.265509 0.375391 0.267130 0.373568 0.273148 0.373568 0.273611 0.372135 0.274769 0.370573 0.273843 0.369271 0.273843 0.368229 0.273380 0.367448 0.272454 0.364323 0.271065 0.362240 0.271065 0.361979 0.270602 0.356250 0.270602 0.355990 0.270139 0.352344 0.270139 0.352083 0.270602 0.348177 0.270602 0.346875 0.269676 0.345573 0.269213 0.343880 0.266204 0.343880 0.265741 0.342578 0.263426 0.342578 0.262963 0.341276 0.260648 0.340755 0.258333 0.340755 0.256944 0.340234 0.254167 0.338542 0.252083 0.337760 0.250694 0.335938 0.248380 0.332813 0.245602 0.332031 0.245602 0.329167 0.243287 0.327344 0.242824 0.327083 0.242361 0.322396 0.242361 0.322135 0.241898 0.316927 0.241898 0.316667 0.242361 0.314844 0.242361 0.314583 0.242824 0.311198 0.244213 0.310417 0.244213 0.308854 0.245602 0.308333 0.245602 0.305729 0.247917 0.305208 0.248843 0.303906 0.249769 0.302344 0.251620 0.301563 0.252083 0.300391 0.254630 0.300391 0.256944 0.300130 0.257407 0.300130 0.259722 0.299870 0.260185 0.299609 0.264352 0.298828 0.268519 0.297917 0.270139 0.296354 0.270602 0.296094 0.271065 0.294792 0.271065 0.293490 0.271528 0.290104 0.273380 0.287500 0.273380 0.287240 0.273843 0.285938 0.273843 0.285677 0.274306 0.283594 0.275231 0.282813 0.275231 0.281771 0.276157 0.280990 0.276157 0.279948 0.277083 0.279167 0.277083 0.278125 0.278009 0.277344 0.278009 0.276302 0.278935 0.274740 0.279398 0.272786 0.281944 0.272786 0.290741 0.272526 0.291204 0.272526 0.293519 0.271745 0.297222 0.271224 0.298611 0.269010 0.302546 0.266927 0.304398 0.263021 0.305787 0.261198 0.306250 0.259896 0.307176 0.258594 0.307176 0.258333 0.307639 0.256771 0.307639 0.256510 0.308102 0.255208 0.308102 0.253906 0.309028 0.250781 0.309954 0.249479 0.310880 0.248438 0.310880 0.247135 0.311806 0.244531 0.313194 0.240365 0.313194 0.237500 0.314583 0.235417 0.316435 0.234375 0.316898 0.232813 0.316898 0.231510 0.317361 0.230469 0.318287 0.229687 0.318287 0.227604 0.319676 0.226562 0.319676 0.225000 0.320602 0.223698 0.320602 0.223438 0.321065 0.222135 0.321065 0.220052 0.322454 0.217448 0.323843 0.216146 0.324306 0.215365 0.325231 0.212500 0.326620 0.211719 0.327546 0.210286 0.330093 0.209245 0.335648 0.209505 0.339815 0.210026 0.342130 0.210026 0.344444 0.210286 0.344907 0.210286 0.347685 0.210547 0.348148 0.210547 0.350463 0.211328 0.357407 0.211849 0.359722 0.211849 0.361111 0.212370 0.362963 0.212370 0.364352 0.212891 0.366667 0.212891 0.368056 0.213672 0.372222 0.213932 0.375463 0.214453 0.377778 0.214714 0.380093 0.214714 0.382407 0.214974 0.382870 0.215234 0.386574 0.217318 0.395370 0.217318 0.396759 0.218880 0.404630 0.219141 0.406481 0.219141 0.409259 0.219401 0.409722 0.219401 0.412500 0.220182 0.417593 0.220703 0.418981 0.221484 0.423611 0.221484 0.425463 0.222005 0.430093 0.222526 0.432407 0.222786 0.435648 0.223307 0.437963 0.223307 0.439352 0.223828 0.441667 0.223828 0.443056 0.224609 0.447685 0.225130 0.449074 0.225911 0.453704 0.225911 0.455093 0.226432 0.458796 0.226953 0.460648 0.227214 0.464815 0.227474 0.465278 0.227734 0.468981 0.229297 0.474074 0.229818 0.476852 0.230339 0.482407 0.230859 0.486574 0.231380 0.488426 0.231380 0.490278 0.231901 0.492593 0.231901 0.494907 0.232161 0.496759 0.232682 0.498148 0.233724 0.504630 0.233724 0.507407 0.233984 0.507870 0.233984 0.525000 0.233724 0.527315 0.233203 0.529630 0.233464 0.532407 0.233984 0.533333 0.234766 0.537500 0.236068 0.540741 0.237109 0.542593 0.238151 0.545833 0.238411 0.548611 0.239974 0.553704 0.239974 0.554630 0.240755 0.556481 0.241276 0.558796 0.242057 0.565278 0.242057 0.567130 0.243099 0.573148 0.243359 0.576852 0.244141 0.580093 0.245312 0.582176 0.245573 0.582176 0.248177 0.586806 0.248438 0.586806 0.250651 0.590741 0.250651 0.591204 0.252344 0.594213 0.253385 0.594676 0.254688 0.594676 0.254948 0.595139 0.256250 0.595139 0.257552 0.595602 0.259896 0.596991 0.260937 0.596991 0.263021 0.597917 0.264323 0.598843 0.266667 0.601157 0.267969 0.602083 0.269531 0.602546 0.270573 0.603472 0.271354 0.603472 0.273698 0.605324 0.276042 0.607639 0.278646 0.609491 0.279427 0.609491 0.280208 0.610417 0.280990 0.610417 0.282031 0.611343 0.282813 0.611343 0.284115 0.612269 0.286979 0.613194 0.287760 0.614120 0.290625 0.615972 0.291927 0.616435 0.292708 0.617361 0.294010 0.617824 0.295573 0.619213 0.296875 0.621065 0.298698 0.622454 0.300000 0.622917 0.302083 0.622917 0.303385 0.623380 0.307031 0.625694 0.308594 0.626157 0.309896 0.627083 0.310937 0.628472 0.312240 0.629398 0.314323 0.630324 0.315625 0.631250 0.320312 0.635417 0.321615 0.636343 0.325521 0.637731 0.326562 0.638657 0.328906 0.640046 0.330729 0.640509 0.334635 0.642824 0.336719 0.644676 0.337240 0.644676 0.339323 0.646528 0.339844 0.646528 0.341927 0.648843 0.345573 0.650694 0.346875 0.650694 0.347135 0.651157 0.349479 0.651620 0.350521 0.652546 0.352344 0.653472 0.353646 0.654861 0.354167 0.654861 0.358073 0.657176 0.362760 0.660880 0.364063 0.662731 0.365885 0.664120 0.368229 0.664583 0.370312 0.665972 0.371094 0.665972 0.373437 0.667361 0.374219 0.668287 0.375521 0.668750 0.377604 0.670602 0.379167 0.671528 0.380729 0.671991 0.382031 0.673380 0.383333 0.674306 0.384115 0.675694 0.385937 0.677083 0.388281 0.678009 0.389583 0.678009 0.391146 0.678935 0.392448 0.678935 0.392708 0.679398 0.395052 0.679861 0.395313 0.680324 0.396875 0.680324 0.397135 0.680787 0.400781 0.680787 0.400911 0.680556
 8 0.454688 0.501157 0.453906 0.500694 0.452344 0.500694 0.452083 0.500231 0.450260 0.500231 0.450000 0.499769 0.446094 0.499769 0.445833 0.500231 0.441927 0.500231 0.440625 0.499306 0.434896 0.499306 0.433594 0.498380 0.432292 0.498380 0.430729 0.497454 0.428646 0.497454 0.427344 0.496991 0.425000 0.495602 0.424089 0.495370 0.424089 0.493981 0.423307 0.490741 0.423307 0.481019 0.424219 0.477083 0.425260 0.477546 0.428125 0.477546 0.428385 0.478009 0.434375 0.478009 0.434635 0.477546 0.436979 0.477546 0.437240 0.477083 0.438802 0.477083 0.440365 0.476157 0.441276 0.474074 0.441276 0.471296 0.441536 0.469444 0.440104 0.467824 0.438281 0.467824 0.436849 0.469907 0.436198 0.471528 0.434896 0.472454 0.431771 0.472454 0.430859 0.470370 0.430859 0.468519 0.432031 0.466435 0.433333 0.465972 0.434245 0.464352 0.434245 0.463426 0.434896 0.461806 0.436458 0.460417 0.437240 0.460417 0.438802 0.459028 0.440104 0.458565 0.442188 0.456713 0.444271 0.453935 0.445052 0.453472 0.446094 0.452083 0.448177 0.448380 0.449479 0.447917 0.450781 0.446528 0.452865 0.446065 0.454427 0.444676 0.455469 0.444213 0.456250 0.444676 0.458333 0.444676 0.459505 0.446759 0.459766 0.448148 0.459766 0.455556 0.460026 0.456019 0.460026 0.458796 0.460547 0.461111 0.460547 0.463889 0.460807 0.464352 0.460807 0.475000 0.459766 0.476389 0.459766 0.481944 0.459505 0.483333 0.458333 0.485417 0.457552 0.485880 0.456380 0.487500 0.456120 0.488889 0.456641 0.490278 0.457813 0.490972 0.459505 0.493056 0.460026 0.494907 0.460026 0.497222 0.458854 0.499306 0.457292 0.500231 0.454688 0.501157
 8 0.276302 0.510417 0.274479 0.509954 0.273828 0.508796 0.273047 0.505093 0.271615 0.502083 0.270833 0.502083 0.269010 0.505324 0.267969 0.506250 0.266406 0.506250 0.264583 0.504861 0.262760 0.504861 0.261719 0.505787 0.260156 0.506250 0.258724 0.504167 0.258724 0.499074 0.258984 0.498611 0.258984 0.494907 0.258203 0.492593 0.256901 0.490278 0.256641 0.487037 0.257422 0.483333 0.256901 0.478704 0.256901 0.475000 0.256641 0.474537 0.256641 0.467593 0.256901 0.467130 0.256901 0.462963 0.257422 0.460648 0.259115 0.457639 0.260156 0.456713 0.261719 0.456250 0.263281 0.454398 0.267188 0.454398 0.267448 0.453935 0.271094 0.453935 0.271354 0.453472 0.275781 0.453472 0.276562 0.454398 0.278385 0.455787 0.279167 0.457176 0.282031 0.459028 0.283073 0.459028 0.285417 0.460417 0.286719 0.460417 0.286979 0.460880 0.289583 0.460880 0.289844 0.460417 0.291406 0.460880 0.293099 0.462500 0.292839 0.462963 0.292839 0.465278 0.291927 0.467361 0.291536 0.467593 0.292708 0.468750 0.294531 0.469213 0.296094 0.467361 0.298177 0.466435 0.298828 0.468519 0.298828 0.472685 0.298568 0.473148 0.298307 0.476389 0.296484 0.479630 0.295964 0.481019 0.295703 0.483796 0.296484 0.487500 0.297005 0.488426 0.297005 0.490278 0.296224 0.493056 0.296224 0.495370 0.294792 0.496528 0.293750 0.496991 0.292448 0.496991 0.292187 0.497454 0.290625 0.497454 0.290365 0.497917 0.288542 0.498380 0.286849 0.501389 0.286849 0.502315 0.285417 0.503472 0.283594 0.505324 0.281250 0.507176 0.280208 0.509491 0.279167 0.509954 0.276562 0.509954 0.276302 0.510417
 8 0.448828 0.483796 0.451042 0.483565 0.451172 0.481481 0.449740 0.480324 0.448437 0.480324 0.448177 0.479861 0.446094 0.479861 0.445052 0.480324 0.444141 0.481481 0.445052 0.482176 0.446094 0.483565 0.447396 0.484028 0.448828 0.483796
