 7 0.000000 0.369213 0.001563 0.369213 0.001823 0.368750 0.005729 0.368750 0.005990 0.368287 0.007552 0.368287 0.008854 0.367824 0.010156 0.366898 0.011198 0.366898 0.012760 0.365972 0.014323 0.365972 0.014583 0.365509 0.016146 0.365509 0.016406 0.365046 0.017969 0.365046 0.019271 0.364120 0.020313 0.364120 0.021615 0.363194 0.022917 0.363194 0.024479 0.362269 0.025781 0.362269 0.026042 0.361806 0.027344 0.361806 0.027604 0.361343 0.029427 0.361343 0.029687 0.360880 0.033333 0.360880 0.033594 0.360417 0.036198 0.360417 0.036458 0.359954 0.039062 0.359954 0.039323 0.359491 0.044792 0.359491 0.045052 0.359028 0.046875 0.359028 0.047135 0.358565 0.048438 0.358565 0.048698 0.358102 0.050000 0.358102 0.050260 0.357639 0.051562 0.357639 0.051823 0.357176 0.053125 0.357176 0.053385 0.356713 0.054948 0.356713 0.055208 0.356250 0.057031 0.356250 0.057292 0.355787 0.059635 0.355787 0.059896 0.355324 0.061979 0.355324 0.062240 0.354861 0.063542 0.354861 0.066146 0.353935 0.067708 0.353009 0.069010 0.353009 0.069271 0.352546 0.070833 0.352546 0.071094 0.352083 0.072656 0.352083 0.072917 0.351620 0.074479 0.351620 0.074740 0.351157 0.076823 0.351157 0.077083 0.350694 0.078385 0.350694 0.081250 0.349306 0.082552 0.349306 0.082812 0.348843 0.085156 0.348843 0.085417 0.348380 0.092969 0.348380 0.093229 0.348843 0.101042 0.348843 0.101302 0.349306 0.104427 0.349306 0.104688 0.349769 0.106510 0.349769 0.106771 0.350231 0.108854 0.350231 0.109115 0.350694 0.111458 0.350694 0.111719 0.351157 0.114583 0.351157 0.116146 0.352083 0.117448 0.352083 0.117708 0.352546 0.119531 0.352546 0.119792 0.353009 0.121354 0.353009 0.121615 0.353472 0.124219 0.353472 0.124479 0.353935 0.127344 0.353935 0.127604 0.354398 0.128906 0.354398 0.130469 0.355324 0.132292 0.355324 0.132552 0.355787 0.134896 0.355787 0.135156 0.356250 0.137500 0.356250 0.137760 0.356713 0.139323 0.356713 0.139583 0.357176 0.140885 0.357176 0.141146 0.357639 0.142708 0.357639 0.142969 0.358102 0.144531 0.358102 0.144792 0.358565 0.146094 0.358565 0.147396 0.359491 0.149740 0.359954 0.150000 0.360417 0.152604 0.360417 0.152865 0.360880 0.155208 0.360880 0.155469 0.361343 0.156771 0.361343 0.157031 0.361806 0.163021 0.361806 0.163281 0.362269 0.164844 0.362269 0.165104 0.362731 0.170313 0.362731 0.170573 0.363194 0.172135 0.363194 0.172396 0.363657 0.174740 0.364120 0.177604 0.365509 0.179688 0.365509 0.179948 0.365972 0.182031 0.365972 0.182292 0.366435 0.183594 0.366435 0.183854 0.366898 0.185156 0.366898 0.185417 0.367361 0.186719 0.367361 0.186979 0.367824 0.188281 0.367824 0.188542 0.368287 0.191146 0.368287 0.191406 0.368750 0.194271 0.368750 0.194531 0.369213 0.195833 0.369213 0.196094 0.369676 0.197917 0.369676 0.198177 0.370139 0.200781 0.370139 0.202344 0.371065 0.203646 0.371065 0.203906 0.371528 0.205990 0.371528 0.206250 0.371991 0.209635 0.371991 0.209896 0.372454 0.212500 0.372454 0.212760 0.372917 0.216406 0.372917 0.216667 0.373380 0.218229 0.373380 0.218490 0.373843 0.219792 0.373843 0.220052 0.374306 0.223698 0.374306 0.223958 0.374769 0.227083 0.374769 0.227344 0.375231 0.229167 0.375231 0.229427 0.375694 0.230990 0.375694 0.231250 0.376157 0.234115 0.376157 0.234375 0.376620 0.237760 0.376620 0.238021 0.377083 0.240104 0.377083 0.240365 0.377546 0.241927 0.377546 0.242188 0.378009 0.244010 0.378009 0.244271 0.378472 0.245573 0.378472 0.245833 0.378935 0.247396 0.378935 0.247656 0.379398 0.252083 0.379398 0.252344 0.379861 0.254427 0.379861 0.254688 0.380324 0.256250 0.380324 0.256510 0.380787 0.257812 0.380787 0.258073 0.381250 0.259635 0.381250 0.261198 0.382176 0.262760 0.382176 0.265625 0.384028 0.267057 0.386574 0.267578 0.389352 0.268099 0.390741 0.268359 0.392593 0.268359 0.399537 0.267839 0.400926 0.265885 0.404398 0.265625 0.404398 0.264193 0.406944 0.264193 0.407407 0.262891 0.409722 0.262109 0.413426 0.262370 0.414815 0.262370 0.418056 0.262630 0.418519 0.262630 0.421296 0.263151 0.424074 0.263151 0.426389 0.263411 0.426852 0.263411 0.429167 0.263672 0.429630 0.263672 0.431944 0.263932 0.434259 0.264453 0.436574 0.264453 0.438426 0.264974 0.440741 0.264974 0.443056 0.265755 0.448148 0.265755 0.450463 0.266536 0.455556 0.266536 0.458333 0.266797 0.458796 0.266797 0.461574 0.267057 0.463889 0.267578 0.466204 0.267578 0.468056 0.268099 0.470370 0.268359 0.472685 0.268359 0.475000 0.268880 0.477315 0.268880 0.478704 0.269401 0.481019 0.269661 0.483333 0.269661 0.485648 0.270182 0.490278 0.270964 0.494444 0.271484 0.500000 0.272786 0.505093 0.274219 0.507639 0.275000 0.508565 0.278125 0.510417 0.279427 0.511806 0.280339 0.513426 0.281380 0.516204 0.281901 0.518981 0.281901 0.520833 0.282422 0.523148 0.282422 0.524537 0.283203 0.528704 0.283203 0.530093 0.284245 0.534259 0.284245 0.535648 0.284766 0.537500 0.285026 0.539815 0.285026 0.542130 0.285286 0.542593 0.285547 0.546759 0.285807 0.547222 0.286068 0.550463 0.286328 0.550926 0.286328 0.553241 0.286589 0.553704 0.286589 0.556481 0.286849 0.556944 0.286849 0.559259 0.287109 0.559722 0.287109 0.562037 0.287370 0.562500 0.287630 0.566667 0.287891 0.567130 0.288151 0.570370 0.288672 0.572222 0.288672 0.573611 0.289453 0.577315 0.289453 0.579630 0.289714 0.580093 0.289714 0.582870 0.289974 0.583333 0.289974 0.586574 0.290234 0.587037 0.290234 0.589352 0.290755 0.593981 0.291016 0.594444 0.291016 0.596759 0.291536 0.601389 0.291797 0.601852 0.291797 0.604167 0.292578 0.609259 0.292839 0.613426 0.293099 0.613889 0.293099 0.616204 0.293359 0.616667 0.293880 0.623148 0.294661 0.627315 0.294922 0.629630 0.294922 0.631944 0.295182 0.632407 0.295182 0.634722 0.295443 0.637037 0.295964 0.639352 0.296484 0.644907 0.296745 0.645370 0.296745 0.647685 0.297005 0.648148 0.297005 0.650463 0.297526 0.653241 0.297526 0.655556 0.297786 0.656019 0.297786 0.660648 0.298047 0.661111 0.298047 0.665278 0.298307 0.665741 0.298307 0.668519 0.298568 0.668981 0.298568 0.671759 0.298828 0.672222 0.298828 0.674537 0.299089 0.676852 0.300130 0.682870 0.300391 0.685185 0.300391 0.688889 0.300651 0.689352 0.300651 0.692130 0.301172 0.694907 0.301172 0.697685 0.301432 0.698148 0.301432 0.701852 0.301693 0.702315 0.301693 0.704630 0.302214 0.706481 0.303255 0.712500 0.303255 0.714815 0.303516 0.715278 0.303516 0.718056 0.304297 0.723148 0.304297 0.725463 0.304557 0.725926 0.304557 0.728704 0.304818 0.729167 0.304818 0.731481 0.305078 0.731944 0.305078 0.734259 0.305339 0.734722 0.305339 0.737037 0.305599 0.737500 0.305599 0.741204 0.305859 0.741667 0.305859 0.745833 0.306120 0.746296 0.306120 0.749537 0.306380 0.750000 0.306380 0.752778 0.306641 0.753241 0.306641 0.755556 0.307161 0.757870 0.307161 0.760185 0.307682 0.762963 0.307682 0.765278 0.307943 0.765741 0.307943 0.770370 0.308203 0.770833 0.308203 0.777315 0.308464 0.777778 0.308464 0.781944 0.307943 0.784259 0.306641 0.788426 0.303906 0.793287 0.301823 0.795139 0.301302 0.796065 0.299219 0.797917 0.296354 0.802083 0.293750 0.805324 0.292448 0.806250 0.291146 0.807639 0.289844 0.809954 0.288542 0.811806 0.285417 0.814583 0.284375 0.816435 0.283333 0.817361 0.282031 0.819213 0.281250 0.819676 0.279948 0.821528 0.278646 0.822454 0.276823 0.824769 0.276042 0.825231 0.272656 0.829398 0.270833 0.832176 0.269531 0.833565 0.268490 0.834028 0.266146 0.836343 0.265104 0.838194 0.263542 0.839583 0.263021 0.840509 0.261458 0.841898 0.260417 0.843750 0.259115 0.845139 0.258333 0.846528 0.255729 0.848843 0.254427 0.849306 0.252344 0.851157 0.250260 0.854861 0.248958 0.856250 0.248177 0.857639 0.245833 0.860417 0.244531 0.861343 0.243229 0.862731 0.241927 0.865046 0.239583 0.867824 0.238281 0.868750 0.237760 0.869676 0.236198 0.871065 0.234896 0.873380 0.233333 0.875231 0.231771 0.876620 0.231250 0.876620 0.228906 0.878935 0.227865 0.880324 0.226562 0.882639 0.224219 0.885417 0.222656 0.887731 0.218229 0.891435 0.216927 0.893287 0.214583 0.896065 0.212760 0.897917 0.210677 0.901620 0.209896 0.902546 0.207813 0.903935 0.207031 0.903935 0.204948 0.905324 0.202083 0.910417 0.200000 0.912269 0.198177 0.915046 0.197396 0.915509 0.195312 0.918287 0.194531 0.918750 0.192969 0.921065 0.192708 0.921065 0.191406 0.923380 0.189062 0.925694 0.186979 0.928935 0.185156 0.930787 0.184635 0.930787 0.183333 0.932176 0.182812 0.932176 0.180990 0.934028 0.179167 0.937269 0.177604 0.939120 0.176823 0.939583 0.175521 0.941898 0.170313 0.946528 0.169531 0.947454 0.167448 0.950694 0.165104 0.953009 0.163802 0.955324 0.162760 0.956713 0.159375 0.959491 0.157552 0.960417 0.155208 0.964583 0.153125 0.966435 0.151562 0.968750 0.150260 0.970139 0.149479 0.971528 0.146875 0.973843 0.144531 0.976157 0.142969 0.978472 0.142187 0.978935 0.140885 0.980787 0.139063 0.982639 0.137760 0.984491 0.134896 0.987269 0.134375 0.987269 0.132812 0.989120 0.127865 0.993750 0.126302 0.994676 0.125260 0.994676 0.123698 0.995602 0.118229 0.995602 0.117969 0.996065 0.108073 0.996065 0.107813 0.995602 0.106510 0.995602 0.106250 0.996065 0.054688 0.996065 0.054427 0.995602 0.047135 0.995602 0.046875 0.996065 0.041927 0.996065 0.041667 0.996528 0.040365 0.996528 0.040104 0.996065 0.021094 0.996065 0.020833 0.995602 0.016146 0.995602 0.015885 0.996065 0.004427 0.996065 0.004167 0.995602 0.001823 0.995602 0.001563 0.995139 0.000000 0.995139
 7 0.270964 0.706944 0.271615 0.706713 0.272786 0.705093 0.273307 0.703704 0.273307 0.697685 0.272786 0.695833 0.272526 0.692593 0.272266 0.692130 0.272266 0.687963 0.272005 0.687500 0.272005 0.679630 0.271745 0.679167 0.271745 0.674537 0.271484 0.674074 0.271484 0.671759 0.270703 0.668056 0.270182 0.667130 0.269141 0.663426 0.268880 0.659722 0.268620 0.659259 0.268620 0.656481 0.268359 0.656019 0.268359 0.652778 0.268099 0.652315 0.268099 0.650000 0.267839 0.649537 0.267839 0.647222 0.267578 0.646759 0.267318 0.642593 0.265495 0.636574 0.264974 0.633796 0.264974 0.631019 0.264714 0.630556 0.264714 0.627315 0.264453 0.626852 0.264453 0.624074 0.264193 0.623611 0.264193 0.613426 0.263932 0.611574 0.263021 0.608102 0.262240 0.607639 0.260156 0.607639 0.260026 0.603704 0.260547 0.602315 0.260547 0.600926 0.261589 0.597685 0.262109 0.595370 0.262109 0.587500 0.260547 0.582870 0.260026 0.580093 0.260026 0.576852 0.259766 0.576389 0.259766 0.573148 0.258984 0.569444 0.258724 0.567130 0.258203 0.565278 0.257943 0.562963 0.257943 0.560185 0.257682 0.558333 0.256380 0.553241 0.255208 0.551157 0.250781 0.551157 0.250521 0.551620 0.248958 0.551620 0.244792 0.553935 0.244010 0.554861 0.241406 0.556713 0.239323 0.557176 0.239063 0.557639 0.236979 0.557639 0.236719 0.558102 0.234635 0.559491 0.232552 0.563194 0.230208 0.565046 0.228385 0.565509 0.225260 0.567824 0.224479 0.567824 0.223177 0.568750 0.220833 0.569213 0.219271 0.570602 0.217708 0.571528 0.216667 0.571528 0.215365 0.572454 0.213281 0.572917 0.211458 0.574306 0.210938 0.575231 0.208594 0.577083 0.207813 0.578009 0.204687 0.578935 0.201823 0.581250 0.200521 0.581713 0.199479 0.582639 0.196615 0.583565 0.195573 0.584491 0.194792 0.584491 0.193750 0.585417 0.192448 0.585880 0.190885 0.585880 0.189583 0.586343 0.188021 0.587731 0.186979 0.589583 0.184896 0.591898 0.180990 0.593287 0.177865 0.596528 0.176302 0.597454 0.174479 0.597917 0.172135 0.599769 0.171224 0.601389 0.171224 0.603704 0.170964 0.604167 0.170964 0.608796 0.171484 0.610648 0.171484 0.612037 0.172005 0.613889 0.172266 0.616204 0.172266 0.618981 0.172526 0.619444 0.172526 0.621759 0.173828 0.628704 0.173828 0.631019 0.174089 0.631481 0.174089 0.633796 0.174349 0.634722 0.176953 0.639352 0.176953 0.639815 0.178385 0.642361 0.179167 0.642824 0.181250 0.646065 0.182812 0.647454 0.183333 0.648380 0.184635 0.648843 0.186458 0.650694 0.187760 0.651157 0.189062 0.652083 0.190365 0.652083 0.190625 0.652546 0.192448 0.652546 0.193750 0.653009 0.194792 0.653935 0.197135 0.654861 0.198177 0.655787 0.200260 0.656713 0.201823 0.658102 0.202865 0.659491 0.204948 0.663194 0.206510 0.663657 0.206771 0.664120 0.208073 0.664120 0.209115 0.664583 0.211198 0.666435 0.212500 0.666898 0.213542 0.667824 0.214323 0.667824 0.217969 0.671065 0.219792 0.673843 0.221354 0.675231 0.222135 0.675231 0.223438 0.676157 0.224219 0.676157 0.225781 0.677546 0.228906 0.678935 0.231510 0.678935 0.232552 0.679398 0.235417 0.682639 0.237240 0.684028 0.238542 0.684028 0.239844 0.684491 0.245052 0.689120 0.246354 0.690046 0.248177 0.691898 0.248698 0.691898 0.250000 0.693287 0.252865 0.695139 0.254427 0.695602 0.259115 0.699769 0.260417 0.700694 0.261719 0.701157 0.263281 0.702546 0.264062 0.703935 0.265625 0.705787 0.267188 0.707176 0.270833 0.707176 0.270964 0.706944
 7 0.122786 0.635185 0.123568 0.634259 0.122396 0.634028 0.122266 0.635185 0.122786 0.635185
 6 0.480990 0.669676 0.475000 0.669676 0.474740 0.669213 0.472917 0.668750 0.467969 0.665509 0.466667 0.665046 0.465885 0.664120 0.465104 0.664120 0.462760 0.662269 0.460417 0.661343 0.458333 0.660880 0.457031 0.659491 0.456510 0.659491 0.453906 0.657176 0.452604 0.656250 0.451302 0.655787 0.448958 0.653935 0.445833 0.652546 0.444531 0.651157 0.444010 0.651157 0.442188 0.649306 0.441406 0.648843 0.439844 0.646991 0.438281 0.646991 0.438021 0.646528 0.435417 0.646528 0.431250 0.643287 0.428906 0.641898 0.428125 0.641898 0.427083 0.640972 0.425000 0.640509 0.424740 0.640046 0.422917 0.639583 0.421615 0.638657 0.420312 0.637269 0.419792 0.637269 0.417448 0.635880 0.416667 0.634954 0.413802 0.633565 0.411719 0.633102 0.408594 0.630787 0.407813 0.629861 0.405729 0.628935 0.404948 0.628009 0.403646 0.627546 0.402865 0.626620 0.401302 0.626157 0.398958 0.624769 0.397656 0.623380 0.396354 0.622917 0.392448 0.619213 0.390885 0.619213 0.390625 0.618750 0.388802 0.618750 0.387240 0.617361 0.386719 0.617361 0.384375 0.615046 0.382812 0.614120 0.380990 0.613657 0.378646 0.612269 0.377604 0.612269 0.373958 0.609954 0.372396 0.608565 0.371615 0.608565 0.370833 0.607639 0.369271 0.606713 0.368490 0.606713 0.367448 0.605787 0.366406 0.605787 0.364323 0.604861 0.363021 0.603472 0.358594 0.600694 0.357292 0.600231 0.356510 0.599306 0.354948 0.598380 0.354167 0.598380 0.351823 0.596991 0.351042 0.596065 0.349740 0.595602 0.348958 0.594676 0.347917 0.594213 0.347396 0.593287 0.345052 0.591435 0.342708 0.591435 0.341406 0.590972 0.340104 0.590046 0.338281 0.588194 0.337760 0.588194 0.335677 0.586343 0.334375 0.585880 0.332813 0.584491 0.331771 0.583102 0.330339 0.580093 0.329036 0.575000 0.329036 0.573611 0.328516 0.571296 0.328516 0.569444 0.327995 0.566667 0.327995 0.564352 0.327734 0.563889 0.327734 0.560185 0.327474 0.559722 0.327474 0.554630 0.327214 0.554167 0.327214 0.550463 0.326953 0.550000 0.326953 0.547685 0.326693 0.545370 0.326172 0.543056 0.326172 0.540741 0.325651 0.537963 0.325651 0.535185 0.325391 0.534722 0.325391 0.531019 0.325130 0.530556 0.325130 0.527315 0.324870 0.526852 0.324870 0.524537 0.324609 0.524074 0.324609 0.521759 0.324349 0.521296 0.324349 0.518981 0.324089 0.518519 0.324089 0.516204 0.323828 0.515741 0.323828 0.513426 0.323307 0.510648 0.323307 0.506944 0.323047 0.506481 0.323047 0.502778 0.322786 0.502315 0.322786 0.500000 0.322526 0.499537 0.322526 0.496759 0.322266 0.496296 0.322266 0.493981 0.322005 0.493519 0.321224 0.486111 0.320703 0.483796 0.320443 0.481481 0.320443 0.477315 0.320182 0.476852 0.320182 0.472685 0.319922 0.472222 0.319922 0.468981 0.319661 0.468519 0.319661 0.464352 0.319401 0.463889 0.319401 0.460648 0.318620 0.455556 0.318620 0.453241 0.318359 0.452778 0.318359 0.450000 0.318099 0.449537 0.318099 0.447222 0.317578 0.444907 0.317578 0.443056 0.317057 0.440741 0.317057 0.437963 0.316797 0.437500 0.316797 0.433796 0.316536 0.433333 0.316536 0.431019 0.316016 0.428241 0.316016 0.425926 0.315755 0.425463 0.315755 0.418519 0.315234 0.415741 0.315234 0.413426 0.314714 0.411574 0.314453 0.407870 0.313932 0.406019 0.312891 0.398148 0.312891 0.394444 0.312630 0.393981 0.312630 0.391204 0.311849 0.387037 0.311589 0.384722 0.311589 0.380556 0.311328 0.380093 0.311328 0.376852 0.311068 0.376389 0.311068 0.373148 0.310807 0.372685 0.310807 0.368981 0.310547 0.368519 0.310547 0.364815 0.310286 0.364352 0.310286 0.361574 0.310026 0.361111 0.310026 0.358796 0.309245 0.353704 0.309245 0.351389 0.308984 0.349074 0.308464 0.346759 0.308203 0.344444 0.308203 0.341667 0.307943 0.341204 0.307943 0.337500 0.307682 0.337037 0.307682 0.333796 0.307422 0.333333 0.307422 0.330093 0.307161 0.329630 0.307422 0.327778 0.307422 0.323148 0.307682 0.322222 0.308854 0.320139 0.309896 0.319213 0.311198 0.318750 0.313281 0.318750 0.313542 0.318287 0.316146 0.318287 0.316406 0.317824 0.319010 0.317824 0.319271 0.317361 0.322656 0.317361 0.322917 0.316898 0.326042 0.316898 0.326302 0.316435 0.328646 0.316435 0.328906 0.315972 0.330990 0.315972 0.331250 0.315509 0.333073 0.315509 0.333333 0.315046 0.336979 0.315046 0.337240 0.314583 0.339323 0.314583 0.339583 0.314120 0.341406 0.314120 0.341667 0.313657 0.343229 0.313657 0.343490 0.313194 0.345052 0.313194 0.345313 0.312731 0.347917 0.312731 0.348177 0.312269 0.350260 0.312269 0.350521 0.311806 0.351823 0.311806 0.352083 0.311343 0.356250 0.311343 0.356510 0.310880 0.359635 0.310880 0.359896 0.310417 0.362500 0.310417 0.362760 0.309954 0.365104 0.309954 0.366406 0.309491 0.367708 0.308565 0.369010 0.308102 0.370833 0.308102 0.371094 0.307639 0.373437 0.307639 0.373698 0.307176 0.375260 0.307176 0.375521 0.306713 0.377083 0.306713 0.377344 0.306250 0.378906 0.306250 0.379167 0.305787 0.380990 0.305787 0.381250 0.305324 0.384375 0.305324 0.384635 0.304861 0.387500 0.304861 0.387760 0.304398 0.390365 0.304398 0.390625 0.303935 0.392969 0.303935 0.393229 0.303472 0.397656 0.303472 0.397917 0.303009 0.400781 0.303009 0.401823 0.302083 0.402604 0.302083 0.403906 0.301157 0.408073 0.301157 0.408333 0.300694 0.409635 0.300694 0.411198 0.299769 0.415625 0.299769 0.415885 0.300231 0.418490 0.300231 0.418750 0.300694 0.422396 0.300694 0.422656 0.300231 0.434375 0.300231 0.434635 0.300694 0.444531 0.300694 0.444792 0.301157 0.452604 0.301157 0.452865 0.301620 0.454688 0.301620 0.454948 0.302083 0.457813 0.302083 0.458073 0.302546 0.460417 0.302546 0.460677 0.302083 0.466406 0.302083 0.466667 0.302546 0.473958 0.302546 0.474219 0.303009 0.477083 0.303009 0.477344 0.303472 0.497656 0.303472 0.497917 0.303935 0.505990 0.303935 0.506250 0.304398 0.508073 0.304398 0.509635 0.305324 0.511198 0.305324 0.511458 0.305787 0.516406 0.305787 0.516667 0.305324 0.522396 0.305324 0.522656 0.304861 0.525781 0.304861 0.526042 0.305324 0.529948 0.305324 0.530208 0.305787 0.533594 0.305787 0.533854 0.306250 0.535417 0.306250 0.535677 0.306713 0.539062 0.306713 0.539323 0.306250 0.542188 0.306250 0.542448 0.306713 0.544531 0.306713 0.544792 0.307176 0.560677 0.307176 0.561979 0.307639 0.563802 0.309028 0.564974 0.311574 0.565234 0.312963 0.565234 0.315278 0.565495 0.316667 0.565234 0.318981 0.564714 0.321296 0.564714 0.324074 0.564453 0.324537 0.564453 0.331944 0.564193 0.332407 0.564193 0.335648 0.563932 0.336111 0.563932 0.339815 0.564193 0.340278 0.564193 0.344907 0.563932 0.345370 0.563932 0.362963 0.563672 0.363426 0.563672 0.368056 0.563932 0.368519 0.563932 0.372685 0.563672 0.373148 0.563672 0.380556 0.563932 0.381019 0.563932 0.386574 0.564193 0.387037 0.564193 0.390741 0.564453 0.391204 0.564453 0.394444 0.564714 0.394907 0.564714 0.402315 0.564193 0.404630 0.564193 0.408796 0.564453 0.409259 0.564453 0.412037 0.564714 0.412500 0.564714 0.429167 0.564453 0.429630 0.564453 0.432870 0.564193 0.433333 0.564193 0.435648 0.564453 0.436111 0.564453 0.463889 0.564714 0.464352 0.564714 0.471759 0.564453 0.472222 0.564453 0.490278 0.564714 0.490741 0.564714 0.500463 0.564453 0.500926 0.564453 0.506481 0.564714 0.506944 0.564714 0.511111 0.565234 0.513889 0.565234 0.516204 0.565495 0.518519 0.565234 0.518981 0.565234 0.532407 0.564974 0.532870 0.564974 0.538426 0.564714 0.538889 0.564714 0.541204 0.564974 0.541667 0.564974 0.552315 0.564714 0.552778 0.564714 0.555093 0.564453 0.555556 0.564453 0.558333 0.564193 0.558796 0.564193 0.561111 0.564453 0.561574 0.564453 0.566204 0.563932 0.568981 0.563932 0.571296 0.563672 0.573148 0.562630 0.576389 0.561458 0.578472 0.559635 0.580324 0.558854 0.581713 0.557552 0.583102 0.554427 0.585880 0.553385 0.587731 0.551302 0.589583 0.549479 0.591898 0.548438 0.593750 0.545833 0.596991 0.543490 0.598843 0.541406 0.602083 0.538021 0.605324 0.536198 0.607639 0.534375 0.610417 0.530990 0.613194 0.528906 0.616435 0.527604 0.617824 0.525781 0.620602 0.523438 0.623380 0.519792 0.626620 0.519010 0.627083 0.518229 0.628472 0.515885 0.631250 0.514844 0.633102 0.513542 0.634491 0.511979 0.636806 0.510677 0.637731 0.510156 0.638657 0.508333 0.640046 0.506510 0.642824 0.501823 0.648380 0.500521 0.650694 0.499479 0.652083 0.496094 0.654861 0.494010 0.658102 0.490885 0.661343 0.489323 0.663657 0.487760 0.665509 0.486198 0.666898 0.484896 0.667361 0.484115 0.668287 0.482552 0.669213 0.481250 0.669213 0.480990 0.669676
 6 0.545443 0.529167 0.546094 0.528935 0.548307 0.526389 0.548828 0.524074 0.549089 0.521759 0.549089 0.519444 0.549349 0.518981 0.549349 0.515278 0.549089 0.514815 0.549089 0.512500 0.548828 0.512037 0.548828 0.506944 0.549089 0.506481 0.549089 0.493056 0.549349 0.492593 0.549349 0.485648 0.549089 0.485185 0.549089 0.477778 0.549349 0.477315 0.549349 0.472222 0.549089 0.471759 0.549089 0.467130 0.549349 0.466667 0.549349 0.457870 0.549089 0.457407 0.549089 0.450926 0.549349 0.450463 0.549349 0.443056 0.549089 0.442593 0.549089 0.439352 0.549349 0.438889 0.549349 0.431944 0.548828 0.429167 0.548828 0.419907 0.548177 0.418287 0.546094 0.417361 0.544792 0.417361 0.542448 0.418750 0.538281 0.420602 0.537500 0.421528 0.535677 0.422454 0.534896 0.423380 0.533594 0.423843 0.530990 0.425694 0.530208 0.425694 0.528125 0.427546 0.527604 0.427546 0.526302 0.428935 0.523438 0.430324 0.522396 0.431250 0.521615 0.431250 0.520573 0.432176 0.519792 0.432176 0.516146 0.434028 0.514844 0.435417 0.513021 0.436343 0.511719 0.437731 0.510417 0.438194 0.509635 0.439120 0.507552 0.440509 0.505208 0.443287 0.503646 0.444213 0.502865 0.444213 0.501042 0.445602 0.500260 0.446528 0.499609 0.448148 0.499609 0.450926 0.499870 0.451389 0.499870 0.463426 0.500130 0.463889 0.500130 0.473148 0.500391 0.473611 0.500391 0.486111 0.500651 0.486574 0.500651 0.494907 0.500911 0.495370 0.500911 0.502315 0.501172 0.502778 0.501172 0.507870 0.501432 0.510185 0.501953 0.512037 0.502865 0.513194 0.505208 0.515509 0.507812 0.515509 0.508073 0.515046 0.510417 0.515046 0.512500 0.515972 0.513802 0.516898 0.515104 0.517361 0.516667 0.517361 0.516927 0.517824 0.518490 0.517824 0.518750 0.518287 0.520312 0.518287 0.521354 0.518750 0.523438 0.520602 0.523958 0.520602 0.525260 0.521991 0.526563 0.521991 0.526823 0.522454 0.528385 0.522454 0.529687 0.523380 0.531771 0.525694 0.532552 0.526157 0.536719 0.526157 0.536979 0.526620 0.538281 0.526620 0.539583 0.527083 0.540885 0.528009 0.541927 0.528009 0.544271 0.529398 0.545443 0.529167
 6 0.346224 0.533796 0.347656 0.533565 0.347917 0.533102 0.349479 0.533102 0.351042 0.532176 0.353646 0.529861 0.354948 0.529398 0.357552 0.528009 0.361458 0.524306 0.362760 0.523380 0.364063 0.522917 0.364844 0.521991 0.366667 0.521065 0.367448 0.520139 0.369010 0.519213 0.370573 0.519213 0.370833 0.518750 0.372396 0.518750 0.374479 0.517361 0.375781 0.516898 0.376563 0.515972 0.377865 0.515509 0.378906 0.514583 0.379688 0.514583 0.380990 0.513657 0.382812 0.513194 0.384115 0.512269 0.385417 0.512269 0.387760 0.510880 0.388411 0.509259 0.388672 0.507407 0.388672 0.505093 0.388932 0.504630 0.388932 0.502315 0.388672 0.501852 0.388672 0.499537 0.388411 0.499074 0.388411 0.496296 0.387891 0.493519 0.387891 0.489815 0.387630 0.489352 0.387630 0.486111 0.387370 0.485648 0.387370 0.482870 0.387109 0.482407 0.387109 0.476852 0.386849 0.476389 0.386849 0.473148 0.386589 0.472685 0.386589 0.470370 0.386328 0.469907 0.386328 0.466667 0.386068 0.466204 0.386068 0.460648 0.385807 0.460185 0.385807 0.457870 0.385547 0.457407 0.385547 0.454630 0.385286 0.454167 0.385286 0.447685 0.385026 0.447222 0.385026 0.443056 0.384766 0.442593 0.384766 0.440278 0.384505 0.439815 0.383724 0.436111 0.383203 0.434722 0.380990 0.433102 0.380729 0.432639 0.379427 0.432639 0.379167 0.432176 0.377865 0.432176 0.377604 0.431713 0.374740 0.431713 0.374479 0.431250 0.370052 0.431250 0.369792 0.430787 0.368490 0.430787 0.368229 0.430324 0.366406 0.429861 0.365104 0.428935 0.363802 0.428935 0.360938 0.427546 0.359115 0.427546 0.358854 0.427083 0.357552 0.427083 0.357292 0.426620 0.355990 0.426620 0.354427 0.425694 0.352865 0.425694 0.352604 0.425231 0.351042 0.425231 0.350781 0.424769 0.349219 0.424769 0.348958 0.424306 0.347656 0.424306 0.346094 0.423380 0.341927 0.423380 0.340625 0.422917 0.339323 0.421991 0.338021 0.421991 0.337760 0.421528 0.335677 0.421991 0.334375 0.422917 0.333464 0.424537 0.332943 0.426852 0.332943 0.429167 0.333203 0.429630 0.333203 0.433796 0.333724 0.436574 0.333724 0.438889 0.334245 0.443519 0.334505 0.443981 0.334505 0.447685 0.334766 0.448148 0.334766 0.450926 0.335026 0.451389 0.335026 0.454167 0.335286 0.454630 0.335286 0.458796 0.335547 0.459259 0.335547 0.462963 0.335807 0.463426 0.335807 0.466667 0.336068 0.467130 0.336068 0.469444 0.336328 0.471759 0.336849 0.474074 0.336849 0.478241 0.337109 0.478704 0.337109 0.484259 0.337891 0.487963 0.338151 0.490278 0.338151 0.495833 0.338411 0.496296 0.339453 0.502315 0.339453 0.505556 0.339714 0.506019 0.339714 0.510185 0.340495 0.514352 0.340495 0.516667 0.340755 0.517130 0.340755 0.519907 0.341016 0.520370 0.341016 0.523148 0.341276 0.523611 0.341276 0.526852 0.341536 0.527315 0.341536 0.530093 0.341797 0.531944 0.342448 0.533565 0.343750 0.534028 0.346094 0.534028 0.346224 0.533796
 6 0.408203 0.496296 0.410677 0.494213 0.414323 0.492824 0.415365 0.491898 0.416276 0.489815 0.416276 0.481944 0.416016 0.481481 0.416016 0.467593 0.415755 0.467130 0.415755 0.464352 0.415495 0.463889 0.415495 0.461574 0.415234 0.461111 0.415234 0.457870 0.414974 0.457407 0.414974 0.453704 0.414714 0.453241 0.414714 0.448148 0.414453 0.446759 0.413281 0.444676 0.411979 0.443287 0.410156 0.442824 0.407031 0.440972 0.405729 0.440972 0.405469 0.440509 0.403125 0.440509 0.401693 0.441667 0.401693 0.457870 0.401953 0.458333 0.401953 0.462037 0.402214 0.462500 0.402214 0.466204 0.402474 0.466667 0.402474 0.469444 0.402995 0.472222 0.402995 0.474537 0.403255 0.475000 0.403255 0.478704 0.403516 0.479167 0.403516 0.483796 0.403776 0.484259 0.403776 0.489352 0.404036 0.489815 0.404036 0.493056 0.404297 0.495370 0.404687 0.496528 0.408073 0.496528 0.408203 0.496296
 6 0.455599 0.501389 0.456641 0.498611 0.456901 0.496296 0.456901 0.492130 0.456641 0.491667 0.456641 0.486574 0.456380 0.486111 0.456380 0.470370 0.456120 0.469907 0.456120 0.461111 0.455599 0.458796 0.454167 0.456250 0.453125 0.455324 0.451823 0.454861 0.450521 0.453935 0.447917 0.453009 0.445833 0.453009 0.445573 0.452546 0.442708 0.452546 0.442448 0.452083 0.441146 0.452083 0.440885 0.451620 0.439063 0.451620 0.438802 0.451157 0.431771 0.451157 0.430859 0.452778 0.430599 0.454167 0.430599 0.457407 0.430339 0.457870 0.430339 0.471296 0.430859 0.474074 0.430859 0.478704 0.431120 0.479167 0.431120 0.482407 0.431641 0.485185 0.432682 0.488426 0.433203 0.490741 0.434375 0.492824 0.434896 0.493287 0.437240 0.493287 0.438802 0.492361 0.442188 0.492361 0.443229 0.492824 0.444271 0.494213 0.446615 0.496528 0.448437 0.496991 0.448698 0.497454 0.450000 0.497454 0.451302 0.497917 0.453385 0.499769 0.454688 0.501620 0.455599 0.501389
 6 0.408984 0.999537 0.408854 0.998843 0.384115 0.998843 0.381901 0.997222 0.381641 0.995370 0.383203 0.992130 0.383203 0.991667 0.384505 0.989352 0.384505 0.988889 0.387760 0.983102 0.388021 0.983102 0.389453 0.980556 0.389453 0.980093 0.397526 0.965741 0.397526 0.965278 0.400781 0.959491 0.401042 0.959491 0.402344 0.957176 0.402604 0.957176 0.406380 0.950463 0.407422 0.947685 0.408854 0.945139 0.409115 0.945139 0.411849 0.940278 0.411849 0.939815 0.415625 0.933102 0.417187 0.931713 0.418750 0.929861 0.420703 0.926389 0.421224 0.924537 0.422005 0.923148 0.422266 0.921759 0.423047 0.919907 0.425260 0.916898 0.427214 0.913426 0.429818 0.906944 0.431510 0.903935 0.432812 0.902546 0.434766 0.899074 0.435156 0.898843 0.439714 0.890741 0.439714 0.890278 0.441016 0.887963 0.441016 0.887500 0.443359 0.883333 0.444401 0.880556 0.452604 0.865972 0.452865 0.865972 0.455599 0.861111 0.455599 0.860648 0.456901 0.858333 0.456901 0.857870 0.459766 0.852778 0.460807 0.850000 0.462240 0.847454 0.463542 0.846065 0.465755 0.842130 0.465755 0.841667 0.466927 0.840046 0.473307 0.828704 0.473307 0.828241 0.475391 0.824537 0.476432 0.821759 0.477865 0.819213 0.479427 0.817361 0.480339 0.815278 0.482552 0.811343 0.482812 0.811343 0.485417 0.806713 0.485677 0.806713 0.487370 0.803704 0.488151 0.801389 0.492057 0.794444 0.492057 0.793981 0.493750 0.790972 0.494010 0.790972 0.498437 0.783102 0.498698 0.783102 0.500781 0.779398 0.501042 0.779398 0.503255 0.775463 0.504036 0.773148 0.505208 0.771065 0.505469 0.771065 0.506641 0.768981 0.507161 0.767130 0.509635 0.762731 0.510677 0.761806 0.511849 0.759722 0.511849 0.759259 0.513281 0.756713 0.514583 0.755324 0.518880 0.747685 0.518880 0.747222 0.521094 0.743287 0.521875 0.742361 0.523698 0.741435 0.526563 0.741435 0.527604 0.742361 0.531771 0.744213 0.532552 0.744213 0.534115 0.745139 0.536198 0.746991 0.538802 0.748380 0.540104 0.748380 0.541406 0.748843 0.542448 0.749769 0.543229 0.749769 0.545312 0.750694 0.546094 0.751620 0.547396 0.752083 0.549740 0.753472 0.550781 0.754398 0.552865 0.754861 0.553906 0.755787 0.554688 0.755787 0.555729 0.756713 0.562500 0.760417 0.563281 0.761343 0.564844 0.761806 0.566667 0.763657 0.567839 0.766204 0.568099 0.768519 0.568880 0.771759 0.568880 0.777315 0.568620 0.777778 0.568099 0.781481 0.568099 0.783796 0.567839 0.784259 0.567839 0.817130 0.568099 0.817593 0.568099 0.822685 0.568880 0.826389 0.569141 0.830093 0.569401 0.830556 0.569401 0.835185 0.569661 0.835648 0.569661 0.838889 0.569401 0.839352 0.569401 0.848148 0.569661 0.848611 0.569661 0.852778 0.569922 0.853241 0.569922 0.855556 0.570182 0.856019 0.570182 0.861574 0.569922 0.862037 0.569922 0.868056 0.570182 0.868519 0.570182 0.875926 0.570443 0.876389 0.570443 0.883796 0.570703 0.884259 0.570703 0.886574 0.570443 0.887037 0.570443 0.893981 0.570703 0.894444 0.570703 0.921296 0.570964 0.921759 0.570964 0.942130 0.570703 0.942593 0.570703 0.964352 0.570443 0.964815 0.570443 0.968981 0.569922 0.971759 0.568880 0.975463 0.567057 0.979630 0.566536 0.981944 0.565495 0.985185 0.563932 0.988426 0.562891 0.992593 0.562109 0.994907 0.560937 0.997454 0.559635 0.998380 0.557292 0.998843 0.557161 0.999537
 6 0.554036 0.921296 0.554948 0.920602 0.555599 0.919444 0.555859 0.918056 0.555859 0.915741 0.556120 0.915278 0.556120 0.902778 0.556380 0.902315 0.556380 0.884259 0.556120 0.882407 0.555208 0.880324 0.553125 0.878935 0.551953 0.881019 0.551693 0.882407 0.549349 0.887963 0.548047 0.891667 0.548047 0.892593 0.546745 0.896296 0.546745 0.896759 0.544922 0.899537 0.544141 0.903241 0.541797 0.907407 0.541276 0.908796 0.541276 0.910185 0.540755 0.912037 0.541016 0.913889 0.541406 0.914583 0.542969 0.915509 0.544531 0.916898 0.545052 0.917824 0.548958 0.920602 0.550000 0.920602 0.551562 0.921528 0.553906 0.921528 0.554036 0.921296
 6 0.497266 0.999537 0.497135 0.998843 0.495052 0.998380 0.494792 0.997917 0.491406 0.997917 0.491146 0.998380 0.473177 0.998380 0.472917 0.998843 0.467969 0.998843 0.467708 0.998380 0.465365 0.998380 0.465104 0.998843 0.460677 0.998843 0.460417 0.998380 0.457292 0.998380 0.457031 0.998843 0.453125 0.998843 0.452865 0.998380 0.448698 0.998380 0.448437 0.998843 0.431250 0.998843 0.431120 0.999537
 6 0.514714 0.999537 0.514583 0.998843 0.511979 0.998843 0.511719 0.998380 0.508594 0.998380 0.508333 0.998843 0.507031 0.998843 0.506901 0.999537
 6 0.421484 0.999537 0.421354 0.998843 0.415365 0.998843 0.415234 0.999537
 8 0.007943 0.000000 0.008073 0.002546 0.019531 0.002546 0.019661 0.000000
 8 0.023047 0.000000 0.023177 0.002546 0.034115 0.002546 0.034245 0.000000
 8 0.039193 0.000000 0.039323 0.002546 0.046875 0.002546 0.047005 0.000000
 8 0.071745 0.000000 0.071875 0.002546 0.073438 0.002546 0.073568 0.000000
 8 0.086849 0.000000 0.086979 0.002546 0.089323 0.002546 0.089453 0.000000
 8 0.108464 0.000000 0.108594 0.002546 0.113021 0.002546 0.113151 0.000000
 8 0.116797 0.000000 0.116927 0.002546 0.175521 0.002546 0.175651 0.000000
 8 0.180078 0.000000 0.180208 0.002546 0.192448 0.002546 0.192578 0.000000
 8 0.193880 0.000000 0.194010 0.002546 0.206250 0.002546 0.206380 0.000000
 8 0.258203 0.000000 0.258333 0.002546 0.269792 0.002546 0.269922 0.000000
 8 0.272266 0.000000 0.272396 0.002546 0.282292 0.002546 0.282422 0.000000
 8 0.289453 0.000000 0.289583 0.002546 0.292708 0.002546 0.292839 0.000000
 8 0.306120 0.000000 0.306250 0.002546 0.307422 0.002315 0.307422 0.000000
 8 0.321224 0.000000 0.321354 0.002546 0.324219 0.002546 0.324349 0.000000
 8 0.328255 0.000000 0.328385 0.002546 0.330469 0.002546 0.330599 0.000000
 8 0.335807 0.000000 0.335938 0.002546 0.346094 0.002546 0.346224 0.000000
 8 0.352474 0.000000 0.352604 0.002546 0.355990 0.002546 0.356120 0.000000
 8 0.359505 0.000000 0.359635 0.002546 0.360938 0.002546 0.361068 0.000000
 8 0.407422 0.000000 0.407552 0.002546 0.408724 0.002315 0.408724 0.000000
 8 0.414193 0.000000 0.414323 0.002546 0.424740 0.002546 0.424870 0.000000
 8 0.445964 0.000000 0.446094 0.002546 0.448698 0.002546 0.448958 0.003009 0.453125 0.003009 0.453385 0.002546 0.455990 0.002546 0.456120 0.000000
 8 0.464714 0.000000 0.464844 0.002546 0.470052 0.002546 0.470182 0.000000
 8 0.476432 0.000000 0.476432 0.002315 0.477865 0.002546 0.478125 0.003009 0.485677 0.003009 0.485938 0.002546 0.488542 0.002546 0.488672 0.000000
 8 0.491797 0.000000 0.491927 0.002546 0.496875 0.002546 0.497135 0.003009 0.498437 0.003009 0.498698 0.002546 0.503646 0.002546 0.503776 0.000000
 8 0.507682 0.000000 0.507812 0.002546 0.535417 0.002546 0.535547 0.000000
 8 0.538932 0.000000 0.539062 0.002546 0.552344 0.002546 0.552604 0.003009 0.554688 0.003009 0.554948 0.003472 0.557031 0.003472 0.557292 0.003935 0.559896 0.003935 0.560156 0.004398 0.563542 0.004398 0.563802 0.004861 0.565365 0.004861 0.565625 0.005324 0.569792 0.007176 0.570573 0.008102 0.572917 0.009491 0.573698 0.009491 0.575000 0.010417 0.576823 0.010880 0.578385 0.012269 0.578906 0.012269 0.580208 0.013657 0.582031 0.014583 0.583333 0.015972 0.583854 0.015972 0.585938 0.017824 0.587500 0.018287 0.591406 0.020602 0.592708 0.021528 0.594271 0.023380 0.595573 0.024306 0.596875 0.024769 0.598437 0.024769 0.598698 0.025231 0.600260 0.025231 0.602604 0.026620 0.603385 0.026620 0.604948 0.027546 0.606510 0.028935 0.607552 0.030324 0.609896 0.031713 0.610677 0.031713 0.611979 0.032639 0.612760 0.032639 0.615104 0.034491 0.616406 0.034954 0.617708 0.034954 0.617969 0.035417 0.622135 0.037731 0.622917 0.037731 0.623958 0.038657 0.625260 0.039120 0.626563 0.040509 0.627083 0.040509 0.632812 0.045602 0.634375 0.046528 0.636068 0.049537 0.636849 0.052778 0.637109 0.054630 0.637109 0.057407 0.637370 0.057870 0.637370 0.072222 0.637109 0.072685 0.637109 0.079630 0.636849 0.080093 0.636849 0.082407 0.636328 0.085185 0.636328 0.096759 0.636068 0.097222 0.636068 0.102315 0.635807 0.102778 0.635807 0.105556 0.635547 0.106019 0.635547 0.109259 0.635286 0.109722 0.635286 0.116667 0.635026 0.117130 0.635026 0.120370 0.634766 0.120833 0.634766 0.125463 0.634505 0.125926 0.634505 0.137037 0.634245 0.137500 0.634245 0.140278 0.633984 0.140741 0.633984 0.143519 0.634245 0.143981 0.634245 0.146759 0.634505 0.147222 0.634505 0.150463 0.634245 0.150926 0.634245 0.153241 0.633984 0.153704 0.633984 0.165278 0.633724 0.165741 0.633724 0.192130 0.633464 0.192593 0.633464 0.196296 0.633203 0.196759 0.633203 0.208796 0.632943 0.209259 0.632943 0.218056 0.632682 0.218519 0.632682 0.221296 0.632422 0.221759 0.632422 0.224074 0.632161 0.224537 0.632161 0.233333 0.631901 0.233796 0.631901 0.246759 0.631641 0.247222 0.631641 0.252778 0.631380 0.253241 0.631380 0.255556 0.630599 0.259259 0.630859 0.261574 0.630859 0.263889 0.631120 0.264352 0.631120 0.269444 0.630859 0.269907 0.630859 0.272685 0.630599 0.273148 0.630599 0.280556 0.630339 0.281019 0.630339 0.290741 0.630078 0.291204 0.630078 0.293519 0.629818 0.293981 0.629818 0.305556 0.629557 0.306019 0.629557 0.309259 0.629297 0.309722 0.629297 0.318056 0.629036 0.318519 0.629036 0.327315 0.628776 0.327778 0.628776 0.331019 0.627995 0.334259 0.626953 0.336111 0.626432 0.339352 0.626432 0.341667 0.626172 0.342130 0.626172 0.344907 0.625911 0.345370 0.625911 0.347685 0.625651 0.348148 0.625651 0.357870 0.626432 0.360185 0.626953 0.362500 0.627214 0.364815 0.627214 0.378241 0.626953 0.378704 0.626953 0.392593 0.626693 0.393056 0.626693 0.400000 0.626432 0.400463 0.626432 0.412500 0.626172 0.412963 0.626172 0.421296 0.625911 0.421759 0.625911 0.432870 0.625651 0.433333 0.625651 0.438889 0.625391 0.439352 0.625391 0.457870 0.625130 0.458333 0.625130 0.467593 0.624870 0.468056 0.624870 0.480093 0.624609 0.480556 0.624609 0.490741 0.624349 0.491204 0.624349 0.496296 0.624089 0.496759 0.624089 0.507870 0.624349 0.508333 0.624349 0.513426 0.624089 0.513889 0.624089 0.519907 0.623828 0.520370 0.623828 0.525926 0.624609 0.529167 0.624870 0.531019 0.624609 0.532870 0.624609 0.535185 0.624349 0.535648 0.624349 0.550926 0.624089 0.551389 0.624089 0.553704 0.623828 0.554167 0.623828 0.556481 0.623568 0.556944 0.623568 0.560185 0.623307 0.560648 0.623307 0.566204 0.623047 0.566667 0.623047 0.570833 0.622786 0.571296 0.622786 0.578241 0.622526 0.578704 0.622526 0.596296 0.622266 0.596759 0.622266 0.601852 0.622005 0.602315 0.622005 0.622685 0.621745 0.623148 0.621745 0.637037 0.621484 0.637500 0.620964 0.642130 0.620964 0.646759 0.620703 0.647222 0.620703 0.650926 0.620443 0.651389 0.620443 0.654167 0.620182 0.654630 0.620182 0.661574 0.619922 0.662037 0.619922 0.703241 0.619661 0.703704 0.619922 0.706019 0.619922 0.708796 0.620182 0.709259 0.620182 0.720833 0.619922 0.721296 0.619922 0.750926 0.619661 0.751389 0.619661 0.768519 0.619401 0.768981 0.619401 0.772222 0.619141 0.772685 0.619141 0.792593 0.618880 0.793056 0.618880 0.799074 0.618620 0.799537 0.618620 0.803241 0.618880 0.803704 0.618880 0.807407 0.619141 0.807870 0.619141 0.818981 0.618880 0.819444 0.618880 0.823611 0.618620 0.824074 0.618620 0.839352 0.618359 0.839815 0.618359 0.872685 0.618099 0.873148 0.618099 0.882870 0.618359 0.883333 0.618359 0.889352 0.618620 0.891204 0.620313 0.894213 0.622396 0.895602 0.623828 0.898148 0.625130 0.903241 0.626432 0.906019 0.627474 0.909259 0.627995 0.910185 0.629818 0.917130 0.630859 0.919907 0.630859 0.928241 0.630599 0.928704 0.630599 0.931019 0.630339 0.931481 0.630339 0.934259 0.630078 0.934722 0.630078 0.937037 0.629818 0.937500 0.629818 0.944444 0.630078 0.944907 0.630078 0.947685 0.629557 0.950463 0.627995 0.955093 0.627214 0.956481 0.626172 0.961111 0.625651 0.967130 0.625130 0.968981 0.624089 0.970833 0.622005 0.975926 0.621224 0.980093 0.620182 0.983796 0.618359 0.987500 0.618099 0.988889 0.617057 0.991667 0.615625 0.994676 0.614844 0.995602 0.612760 0.995602 0.612500 0.996065 0.609115 0.996065 0.608854 0.996528 0.601042 0.996528 0.600781 0.996991 0.598177 0.996991 0.597917 0.996528 0.581510 0.996528 0.581250 0.996991 0.573698 0.996991 0.573438 0.996528 0.568750 0.996528 0.567708 0.996065 0.567057 0.994907 0.567057 0.988426 0.567839 0.986111 0.568359 0.983796 0.569141 0.981481 0.569141 0.980556 0.569922 0.976389 0.570703 0.974074 0.571484 0.969907 0.571484 0.967593 0.571745 0.967130 0.571745 0.945370 0.572005 0.944907 0.572005 0.941204 0.572266 0.940741 0.572266 0.935648 0.572005 0.935185 0.572005 0.932870 0.572266 0.932407 0.572266 0.923611 0.572005 0.923148 0.572005 0.904167 0.571745 0.903704 0.571745 0.894444 0.571484 0.893981 0.571484 0.889352 0.571745 0.888889 0.571745 0.881944 0.572005 0.881481 0.572005 0.878241 0.572266 0.877778 0.572266 0.875000 0.572526 0.874537 0.572526 0.872222 0.574089 0.866667 0.574870 0.865278 0.572526 0.861111 0.572526 0.858333 0.572266 0.857870 0.572266 0.855556 0.571745 0.852778 0.571745 0.848148 0.571484 0.847685 0.571484 0.834259 0.571224 0.833796 0.571224 0.828704 0.570964 0.828241 0.570964 0.825926 0.570703 0.825463 0.570703 0.823148 0.570443 0.822685 0.570443 0.817130 0.570182 0.816667 0.570182 0.796759 0.570443 0.796296 0.570443 0.786111 0.570703 0.785648 0.570703 0.783333 0.570964 0.782870 0.570964 0.774537 0.570703 0.774074 0.570703 0.770833 0.570443 0.770370 0.570443 0.767593 0.569401 0.763889 0.567708 0.760880 0.567448 0.760880 0.564063 0.757639 0.563542 0.757639 0.561198 0.755787 0.560417 0.754861 0.558333 0.753935 0.557552 0.753009 0.555990 0.752546 0.554948 0.751620 0.553906 0.751620 0.550260 0.749769 0.549479 0.749769 0.547917 0.748843 0.546615 0.747454 0.546094 0.747454 0.545052 0.746065 0.544531 0.746065 0.542708 0.744676 0.540625 0.744213 0.539062 0.743287 0.537760 0.743287 0.536458 0.742824 0.535677 0.741898 0.533333 0.740509 0.532031 0.740046 0.530990 0.739120 0.528906 0.735417 0.527865 0.734954 0.525521 0.734954 0.523438 0.737269 0.520573 0.739120 0.518750 0.742361 0.518490 0.742361 0.516797 0.745370 0.516276 0.747222 0.513802 0.751620 0.513542 0.751620 0.508464 0.760648 0.508464 0.761111 0.506250 0.765046 0.505990 0.765046 0.504557 0.767593 0.504557 0.768056 0.498177 0.779398 0.497917 0.779398 0.493099 0.787963 0.493099 0.788426 0.488411 0.796759 0.488411 0.797222 0.485547 0.802315 0.485547 0.802778 0.484375 0.804861 0.484115 0.804861 0.482292 0.808102 0.482031 0.808102 0.477474 0.816204 0.477474 0.816667 0.473047 0.824537 0.473047 0.825000 0.467448 0.834954 0.467187 0.834954 0.462109 0.843981 0.462109 0.844444 0.457943 0.851852 0.457943 0.852315 0.452083 0.862731 0.451823 0.862731 0.450391 0.865278 0.450391 0.865741 0.447917 0.870139 0.447656 0.870139 0.443359 0.877778 0.442318 0.880556 0.440365 0.884491 0.440104 0.884491 0.438542 0.887269 0.438281 0.887269 0.436458 0.890509 0.436198 0.890509 0.434245 0.893981 0.434245 0.894444 0.430339 0.901389 0.430339 0.901852 0.429167 0.903472 0.426432 0.908333 0.426432 0.908796 0.421354 0.917824 0.421094 0.917824 0.419141 0.921296 0.418359 0.923611 0.413281 0.932639 0.413021 0.932639 0.411068 0.936111 0.411068 0.936574 0.405729 0.946065 0.405469 0.946065 0.402474 0.951389 0.402474 0.951852 0.401302 0.953472 0.399609 0.956481 0.399609 0.956944 0.397656 0.960417 0.397396 0.960417 0.396224 0.962500 0.396224 0.962963 0.394922 0.965278 0.394922 0.965741 0.393750 0.967824 0.393490 0.967824 0.391797 0.970833 0.391797 0.971296 0.388802 0.975694 0.385937 0.980787 0.385677 0.980787 0.379427 0.991898 0.376823 0.994676 0.375521 0.995139 0.373698 0.995139 0.373437 0.995602 0.358073 0.995602 0.357812 0.996065 0.356510 0.996065 0.356250 0.995602 0.351042 0.995602 0.350781 0.996065 0.348698 0.996065 0.348438 0.995602 0.168750 0.995602 0.168490 0.996065 0.160156 0.996065 0.159896 0.995602 0.157031 0.995602 0.156771 0.996065 0.149740 0.996065 0.149479 0.995602 0.144792 0.995602 0.142448 0.993750 0.140885 0.993750 0.139844 0.993287 0.139193 0.992130 0.138932 0.990278 0.139714 0.988426 0.140625 0.987731 0.143490 0.984028 0.145833 0.979861 0.147135 0.978472 0.148698 0.976157 0.149219 0.976157 0.150521 0.974769 0.151823 0.972917 0.152865 0.971991 0.154167 0.970139 0.155208 0.969213 0.155990 0.967824 0.157552 0.966435 0.158333 0.965046 0.159375 0.964120 0.161719 0.960880 0.164844 0.957176 0.166406 0.956250 0.169010 0.953472 0.169792 0.952083 0.171354 0.950694 0.172917 0.948843 0.173698 0.948380 0.175781 0.945139 0.176563 0.944213 0.179688 0.941435 0.181510 0.939120 0.182552 0.938194 0.183594 0.936343 0.185677 0.934028 0.186458 0.932639 0.188021 0.931250 0.189323 0.929398 0.191146 0.928009 0.191927 0.926620 0.192708 0.926157 0.194271 0.923380 0.195312 0.921991 0.198177 0.919676 0.200260 0.916898 0.202344 0.915046 0.203646 0.913194 0.204427 0.912731 0.205729 0.910880 0.207031 0.908565 0.208854 0.906713 0.210938 0.903935 0.215104 0.900231 0.218229 0.896528 0.218750 0.895602 0.220833 0.893750 0.222917 0.890509 0.225000 0.888657 0.226823 0.886343 0.228125 0.885417 0.229948 0.882639 0.231250 0.881250 0.232031 0.879861 0.233854 0.878009 0.234635 0.876620 0.235677 0.875694 0.237240 0.873380 0.239063 0.871991 0.242188 0.867361 0.246094 0.864120 0.247917 0.862269 0.251823 0.857639 0.253385 0.854861 0.254427 0.853472 0.255990 0.852083 0.257552 0.850231 0.259115 0.847917 0.260417 0.846528 0.262760 0.844676 0.264062 0.842824 0.266406 0.840046 0.267188 0.839583 0.268750 0.837269 0.270313 0.835417 0.271094 0.834954 0.273177 0.832176 0.274479 0.830787 0.276823 0.828935 0.277604 0.827546 0.278646 0.826620 0.280469 0.823843 0.282552 0.821991 0.283854 0.819676 0.286719 0.816898 0.288281 0.815046 0.289062 0.813657 0.291406 0.811343 0.292708 0.809491 0.294010 0.808565 0.295312 0.807176 0.296615 0.805324 0.297396 0.804861 0.298698 0.803009 0.299740 0.802083 0.301563 0.799306 0.302604 0.798380 0.304427 0.795602 0.304688 0.795602 0.308464 0.788889 0.308984 0.787037 0.309245 0.784722 0.309245 0.782407 0.309505 0.781944 0.309505 0.778704 0.309766 0.778241 0.309766 0.771759 0.309245 0.768981 0.309245 0.766204 0.308984 0.765741 0.308984 0.762500 0.308724 0.762037 0.308724 0.759259 0.308464 0.758796 0.308464 0.755556 0.308203 0.755093 0.308203 0.751852 0.307943 0.751389 0.307943 0.747685 0.307682 0.747222 0.307682 0.743981 0.307422 0.743519 0.307422 0.741204 0.306901 0.738426 0.306901 0.736574 0.306120 0.732407 0.306120 0.730093 0.305859 0.729630 0.305859 0.726852 0.305599 0.726389 0.305599 0.723148 0.305339 0.722685 0.305339 0.719907 0.305078 0.719444 0.305078 0.717130 0.304557 0.714352 0.304557 0.712037 0.304036 0.709259 0.304036 0.707407 0.303516 0.705093 0.303516 0.702778 0.303255 0.702315 0.303255 0.700000 0.302474 0.694907 0.302474 0.692593 0.301953 0.689815 0.301953 0.687500 0.301693 0.687037 0.301693 0.684722 0.301432 0.684259 0.301432 0.681481 0.301172 0.681019 0.301172 0.678241 0.300911 0.677778 0.300391 0.673148 0.300391 0.670833 0.300130 0.670370 0.300130 0.667130 0.299870 0.666667 0.299870 0.662963 0.299609 0.662500 0.299609 0.659722 0.299349 0.659259 0.299349 0.656944 0.299089 0.656481 0.299089 0.653704 0.298828 0.653241 0.298828 0.650463 0.298307 0.647685 0.298047 0.643519 0.297786 0.643056 0.297786 0.640278 0.297526 0.639815 0.297526 0.637037 0.297266 0.636574 0.297266 0.634259 0.296745 0.631944 0.296484 0.629630 0.296484 0.627315 0.295964 0.625000 0.295964 0.623148 0.295443 0.620833 0.295443 0.618981 0.294922 0.616204 0.294922 0.613889 0.294661 0.613426 0.294661 0.611111 0.294141 0.608333 0.294141 0.606019 0.293620 0.603241 0.293359 0.599074 0.293099 0.598611 0.292578 0.593981 0.292578 0.590741 0.292318 0.590278 0.292318 0.587963 0.292057 0.587500 0.292057 0.585185 0.291797 0.584722 0.291797 0.582407 0.291536 0.581944 0.291536 0.571296 0.291797 0.570833 0.291797 0.566204 0.291016 0.563889 0.290495 0.560185 0.289974 0.557870 0.289193 0.556019 0.287630 0.548148 0.287109 0.543981 0.286589 0.542130 0.286328 0.537963 0.285547 0.533796 0.285547 0.531944 0.285026 0.529630 0.284766 0.527315 0.284766 0.525000 0.283984 0.520833 0.283724 0.517593 0.282682 0.512963 0.281901 0.511111 0.280990 0.509954 0.279687 0.507639 0.278906 0.506713 0.277083 0.505324 0.275781 0.503935 0.274349 0.501389 0.272526 0.494907 0.272005 0.489815 0.271484 0.487963 0.271484 0.486574 0.270964 0.484259 0.270443 0.478704 0.269922 0.476389 0.269922 0.474074 0.269661 0.473611 0.269661 0.471296 0.269401 0.470833 0.269401 0.468519 0.269141 0.468056 0.268880 0.463889 0.268359 0.461111 0.268359 0.457870 0.268099 0.457407 0.268099 0.454630 0.267318 0.449537 0.267318 0.447222 0.267057 0.446759 0.267057 0.443981 0.266797 0.443519 0.266797 0.441204 0.266276 0.438426 0.265755 0.433796 0.265755 0.431481 0.265234 0.428704 0.265234 0.426389 0.264974 0.425926 0.264974 0.423611 0.264714 0.423148 0.264714 0.420833 0.264453 0.420370 0.264453 0.417593 0.264714 0.417130 0.264714 0.413889 0.265234 0.412037 0.266406 0.409954 0.266667 0.409954 0.268359 0.406944 0.269401 0.401852 0.269922 0.400000 0.269922 0.397222 0.269661 0.396759 0.269661 0.393056 0.269401 0.390741 0.268880 0.388426 0.268880 0.387037 0.268359 0.384722 0.266927 0.382639 0.262240 0.378935 0.260937 0.378935 0.260677 0.378472 0.259115 0.378472 0.258854 0.378009 0.257031 0.378009 0.256771 0.377546 0.254688 0.377546 0.254427 0.377083 0.251563 0.377083 0.251302 0.376620 0.248177 0.376620 0.247917 0.376157 0.245833 0.376157 0.245573 0.375694 0.244010 0.375694 0.243750 0.375231 0.242188 0.375231 0.241927 0.374769 0.240625 0.374769 0.240365 0.374306 0.238542 0.374306 0.238281 0.373843 0.236979 0.373843 0.236719 0.373380 0.231510 0.373380 0.231250 0.372917 0.229948 0.372917 0.229687 0.372454 0.228125 0.372454 0.227865 0.371991 0.224740 0.371991 0.224479 0.371528 0.222656 0.371528 0.222396 0.371065 0.220833 0.371065 0.220573 0.370602 0.218490 0.370602 0.218229 0.370139 0.215885 0.370139 0.215625 0.369676 0.214062 0.369676 0.213802 0.369213 0.210156 0.369213 0.209896 0.368750 0.207813 0.368750 0.207552 0.368287 0.205208 0.367824 0.204948 0.367361 0.203125 0.367361 0.202865 0.366898 0.201563 0.366898 0.201302 0.366435 0.199740 0.366435 0.199479 0.365972 0.198177 0.365972 0.197917 0.365509 0.196615 0.365509 0.196354 0.365046 0.192708 0.365046 0.192448 0.364583 0.189323 0.364583 0.189062 0.364120 0.187500 0.364120 0.187240 0.363657 0.184896 0.363657 0.184635 0.363194 0.180729 0.363194 0.180469 0.362731 0.178385 0.362731 0.178125 0.362269 0.176302 0.362269 0.176042 0.361806 0.174479 0.361806 0.174219 0.361343 0.167969 0.361343 0.167708 0.360880 0.166146 0.360880 0.165885 0.360417 0.164323 0.360417 0.164062 0.359954 0.161719 0.359491 0.158594 0.357639 0.156771 0.357639 0.156510 0.357176 0.154167 0.357176 0.153906 0.356713 0.152083 0.356713 0.151823 0.356250 0.148438 0.356250 0.148177 0.355787 0.145313 0.355787 0.145052 0.355324 0.143490 0.355324 0.143229 0.354861 0.141406 0.354861 0.141146 0.354398 0.138542 0.354398 0.138281 0.353935 0.136719 0.353935 0.136458 0.353472 0.134896 0.353472 0.134635 0.353009 0.132292 0.353009 0.132031 0.352546 0.130208 0.352546 0.127344 0.351157 0.125781 0.351157 0.125521 0.350694 0.123958 0.350694 0.123698 0.350231 0.121875 0.350231 0.121615 0.349769 0.119531 0.349769 0.119271 0.349306 0.115365 0.349306 0.115104 0.348843 0.113021 0.348843 0.112760 0.348380 0.111198 0.348380 0.110937 0.347917 0.106771 0.347917 0.106510 0.347454 0.104427 0.347454 0.104167 0.346991 0.097135 0.346991 0.096875 0.346528 0.094531 0.346528 0.094271 0.346991 0.092969 0.346991 0.091667 0.347917 0.090104 0.347917 0.089844 0.348380 0.087240 0.348380 0.086979 0.348843 0.083594 0.348843 0.082292 0.349769 0.080990 0.350231 0.076042 0.350231 0.075781 0.350694 0.073698 0.350694 0.073438 0.351157 0.071615 0.351157 0.071354 0.351620 0.068490 0.351620 0.065625 0.353009 0.063281 0.353009 0.061719 0.352083 0.059115 0.352083 0.058854 0.352546 0.055729 0.353472 0.055469 0.353935 0.053646 0.353935 0.053385 0.354398 0.052083 0.354398 0.050000 0.355324 0.049740 0.355787 0.040625 0.355787 0.040365 0.356250 0.037240 0.356250 0.036979 0.356713 0.034635 0.356713 0.034375 0.357176 0.032292 0.357176 0.032031 0.357639 0.030469 0.357639 0.030208 0.358102 0.028906 0.358102 0.028646 0.358565 0.027344 0.358565 0.025781 0.359491 0.024740 0.359491 0.023438 0.360417 0.019792 0.361343 0.019531 0.361806 0.018229 0.361806 0.017969 0.362269 0.014323 0.363194 0.014063 0.363657 0.012500 0.363657 0.012240 0.364120 0.009375 0.364120 0.009115 0.364583 0.004948 0.364583 0.004687 0.365046 0.000000 0.365046
 8 0.480599 0.673148 0.482292 0.672917 0.484115 0.671528 0.485417 0.671065 0.486979 0.669676 0.487500 0.668750 0.489323 0.667361 0.491146 0.665046 0.492448 0.664120 0.493750 0.662731 0.495312 0.660417 0.497917 0.657639 0.501823 0.652083 0.502604 0.651620 0.504427 0.649306 0.505208 0.648843 0.507292 0.645139 0.508073 0.644213 0.510417 0.642361 0.510938 0.641435 0.512240 0.640509 0.512760 0.639583 0.514062 0.638657 0.516927 0.634954 0.519010 0.631250 0.521615 0.628935 0.523177 0.626620 0.524740 0.624769 0.528385 0.621528 0.528646 0.621528 0.529948 0.619213 0.531250 0.617361 0.535156 0.612731 0.536458 0.611806 0.538281 0.609491 0.539583 0.608565 0.541146 0.606713 0.541927 0.605324 0.543750 0.603009 0.544531 0.602546 0.546615 0.599306 0.547656 0.598380 0.548438 0.596991 0.550000 0.595602 0.550521 0.594676 0.552604 0.592824 0.554688 0.589120 0.556510 0.587269 0.558333 0.585880 0.558854 0.584954 0.560677 0.583565 0.561198 0.582639 0.562760 0.581250 0.564193 0.578704 0.564974 0.575926 0.564974 0.575000 0.565755 0.571296 0.565755 0.568519 0.566016 0.568056 0.566016 0.558796 0.566276 0.558333 0.566276 0.552778 0.566536 0.552315 0.566536 0.542593 0.566797 0.542130 0.566797 0.537500 0.567057 0.537037 0.567057 0.534259 0.567578 0.531481 0.567578 0.521759 0.567318 0.521296 0.567318 0.518981 0.567057 0.518519 0.567057 0.515278 0.566797 0.514815 0.566797 0.509259 0.566536 0.508796 0.566536 0.470370 0.566797 0.469907 0.566797 0.466204 0.566536 0.465741 0.566536 0.456019 0.566797 0.453704 0.566536 0.453241 0.566536 0.410185 0.566276 0.409722 0.566276 0.395833 0.566016 0.395370 0.566016 0.391667 0.565755 0.391204 0.565755 0.388889 0.565495 0.388426 0.565495 0.386111 0.565234 0.385648 0.565234 0.380556 0.564974 0.380093 0.564974 0.372685 0.565234 0.372222 0.565234 0.368519 0.564974 0.368056 0.564974 0.363426 0.565234 0.362963 0.565234 0.337963 0.565495 0.337500 0.565495 0.329167 0.565755 0.328704 0.565755 0.325926 0.566016 0.325463 0.566016 0.322685 0.566276 0.322222 0.566276 0.312037 0.565755 0.308796 0.564583 0.306713 0.562760 0.305324 0.561719 0.304861 0.559896 0.304861 0.559635 0.304398 0.551042 0.304398 0.550781 0.303935 0.543490 0.303935 0.543229 0.303472 0.538802 0.303472 0.538542 0.303009 0.530990 0.303009 0.530729 0.302546 0.522917 0.302546 0.522656 0.302083 0.511198 0.302083 0.510938 0.301620 0.502865 0.301620 0.502604 0.301157 0.497396 0.301157 0.497135 0.300694 0.490625 0.300694 0.490365 0.300231 0.487760 0.300231 0.487500 0.299769 0.467448 0.299769 0.467187 0.299306 0.461979 0.299306 0.461719 0.299769 0.456250 0.299769 0.455990 0.299306 0.452344 0.299306 0.452083 0.298843 0.444531 0.298843 0.444271 0.298380 0.439063 0.298380 0.438802 0.297917 0.436979 0.297917 0.436719 0.297454 0.433333 0.297454 0.433073 0.296991 0.429948 0.296991 0.429688 0.297454 0.420312 0.297454 0.420052 0.296991 0.417708 0.296991 0.417448 0.296528 0.414323 0.296528 0.414062 0.296065 0.410677 0.296065 0.410417 0.296528 0.408333 0.296528 0.406771 0.298380 0.404687 0.299306 0.402604 0.299306 0.402344 0.299769 0.399219 0.299769 0.398958 0.300231 0.393750 0.300231 0.393490 0.300694 0.391146 0.300694 0.390885 0.301157 0.389062 0.301157 0.388802 0.301620 0.385417 0.301620 0.385156 0.302083 0.382552 0.302083 0.382292 0.302546 0.380469 0.302546 0.380208 0.303009 0.378646 0.303009 0.378385 0.303472 0.376302 0.303472 0.376042 0.303935 0.373958 0.303935 0.373698 0.304398 0.371875 0.304398 0.371615 0.304861 0.370312 0.304861 0.370052 0.305324 0.368490 0.305324 0.366927 0.306250 0.365625 0.306250 0.365365 0.306713 0.362500 0.306713 0.362240 0.307176 0.358073 0.307176 0.357812 0.307639 0.353906 0.307639 0.353646 0.308102 0.351823 0.308102 0.351562 0.308565 0.350000 0.308565 0.349740 0.309028 0.346615 0.309028 0.346354 0.309491 0.343750 0.309491 0.343490 0.309954 0.342187 0.309954 0.341927 0.310417 0.339583 0.310417 0.339323 0.310880 0.337500 0.310880 0.335938 0.311806 0.334635 0.311806 0.334375 0.312269 0.331771 0.312269 0.331510 0.312731 0.329688 0.312731 0.329427 0.313194 0.328125 0.313194 0.327865 0.313657 0.326302 0.313657 0.326042 0.314120 0.323177 0.314120 0.322917 0.314583 0.320833 0.314583 0.320573 0.315046 0.318750 0.315046 0.318490 0.315509 0.316146 0.315509 0.315885 0.315972 0.314063 0.315972 0.311458 0.316898 0.307292 0.319213 0.306120 0.321296 0.305859 0.322222 0.305859 0.332407 0.306120 0.332870 0.306120 0.336111 0.306380 0.336574 0.306380 0.340278 0.306641 0.340741 0.306641 0.343981 0.306901 0.344444 0.307682 0.351389 0.307682 0.353704 0.307943 0.354167 0.307943 0.356481 0.308203 0.358796 0.308724 0.361111 0.308984 0.365278 0.309245 0.365741 0.309245 0.368056 0.309505 0.368519 0.309505 0.371759 0.309766 0.372222 0.309766 0.376389 0.310026 0.376852 0.310026 0.381481 0.310286 0.381944 0.310286 0.386111 0.310547 0.386574 0.310547 0.390741 0.310807 0.391204 0.310807 0.393519 0.311328 0.396296 0.311849 0.402778 0.312370 0.405093 0.312370 0.406944 0.312891 0.409259 0.313151 0.413426 0.313411 0.413889 0.313411 0.416667 0.313672 0.417130 0.313672 0.419444 0.313932 0.419907 0.313932 0.422222 0.314193 0.422685 0.314193 0.425463 0.314453 0.425926 0.314453 0.430093 0.314714 0.430556 0.314714 0.433796 0.314974 0.434259 0.314974 0.436574 0.315755 0.441667 0.315755 0.443981 0.316016 0.444444 0.316016 0.447222 0.316536 0.450000 0.316536 0.452778 0.316797 0.453241 0.316797 0.456019 0.317057 0.456481 0.317057 0.459259 0.317318 0.459722 0.317318 0.462037 0.317578 0.462500 0.317578 0.464815 0.317839 0.465278 0.317839 0.467593 0.318099 0.468056 0.318099 0.471296 0.318359 0.471759 0.318359 0.475000 0.318620 0.475463 0.318620 0.478241 0.318880 0.478704 0.318880 0.481481 0.319141 0.481944 0.319141 0.485648 0.319401 0.486111 0.319401 0.488889 0.319661 0.489352 0.319661 0.491667 0.319922 0.492130 0.319922 0.494444 0.320182 0.494907 0.320182 0.497222 0.320443 0.497685 0.320443 0.500000 0.320703 0.500463 0.320703 0.502778 0.320964 0.503241 0.320964 0.506481 0.321224 0.506944 0.321224 0.509722 0.321484 0.510185 0.321484 0.512963 0.322005 0.515741 0.322005 0.518056 0.322266 0.518519 0.322266 0.520833 0.322526 0.521296 0.322526 0.523611 0.322786 0.524074 0.322786 0.527315 0.323047 0.527778 0.323047 0.530093 0.323307 0.530556 0.323307 0.534259 0.323568 0.534722 0.323568 0.540278 0.322786 0.544907 0.322266 0.546296 0.322005 0.548148 0.320573 0.550694 0.320182 0.550926 0.322135 0.553009 0.322656 0.553009 0.324609 0.556481 0.325130 0.557870 0.325651 0.560648 0.325651 0.562963 0.325911 0.565278 0.326432 0.567593 0.326693 0.569907 0.326693 0.572222 0.326953 0.572685 0.327214 0.576852 0.327474 0.578704 0.329297 0.585185 0.330469 0.586806 0.332031 0.587731 0.332813 0.588657 0.334115 0.589120 0.337240 0.592361 0.338542 0.593287 0.339323 0.593287 0.340365 0.594213 0.344531 0.596065 0.346354 0.597454 0.347656 0.597917 0.348438 0.598843 0.351302 0.600231 0.352344 0.601157 0.353125 0.601157 0.354167 0.602083 0.354948 0.602083 0.355990 0.603009 0.358333 0.604398 0.361458 0.607176 0.362240 0.607176 0.366406 0.609028 0.371615 0.612269 0.373698 0.614120 0.376563 0.615046 0.376823 0.615509 0.380208 0.616898 0.384635 0.620139 0.385417 0.621065 0.388802 0.622917 0.390625 0.623380 0.391667 0.624306 0.392448 0.624306 0.393229 0.625231 0.394531 0.625694 0.396615 0.627546 0.398177 0.628009 0.399219 0.628935 0.400000 0.628935 0.401042 0.629861 0.401823 0.629861 0.403385 0.631250 0.405208 0.632176 0.408073 0.634954 0.409896 0.635880 0.410938 0.635880 0.412240 0.636806 0.413021 0.636806 0.415625 0.638657 0.418490 0.640046 0.419271 0.640972 0.420573 0.641435 0.421615 0.642361 0.423438 0.642824 0.424479 0.643750 0.426042 0.644213 0.428125 0.646065 0.429427 0.646528 0.431510 0.648380 0.434635 0.650231 0.436458 0.650694 0.436719 0.651157 0.438542 0.651620 0.438802 0.652083 0.443229 0.654861 0.444531 0.655324 0.445573 0.656250 0.447396 0.656713 0.448958 0.657639 0.453385 0.660880 0.453906 0.661806 0.455990 0.663194 0.459115 0.664120 0.460938 0.665509 0.461458 0.665509 0.463281 0.666898 0.464583 0.667361 0.465365 0.668287 0.468490 0.670139 0.470573 0.671065 0.471615 0.671065 0.473958 0.672454 0.475260 0.672917 0.476823 0.672917 0.477083 0.673380 0.480469 0.673380 0.480599 0.673148
 8 0.544271 0.517361 0.539844 0.517361 0.539583 0.516898 0.535417 0.516898 0.535156 0.516435 0.531250 0.516435 0.530990 0.515972 0.527604 0.515972 0.527344 0.515509 0.525781 0.515509 0.524479 0.514583 0.521875 0.513194 0.520573 0.513194 0.520312 0.512731 0.518750 0.512731 0.518490 0.512269 0.517188 0.512269 0.516927 0.511806 0.515625 0.511806 0.515365 0.511343 0.513802 0.511343 0.513542 0.510880 0.512240 0.510880 0.511979 0.510417 0.510417 0.510417 0.510156 0.509954 0.508333 0.509491 0.507552 0.508102 0.506510 0.507176 0.505339 0.505093 0.504818 0.502778 0.504818 0.500463 0.504557 0.500000 0.504557 0.496759 0.504036 0.493981 0.503255 0.491204 0.503255 0.484259 0.503516 0.483796 0.503516 0.480556 0.503255 0.480093 0.503255 0.475463 0.502995 0.475000 0.502995 0.470833 0.502734 0.470370 0.502734 0.466204 0.502474 0.465741 0.502474 0.459259 0.502734 0.458796 0.502995 0.455093 0.503776 0.451852 0.504297 0.448611 0.505729 0.446528 0.508854 0.444676 0.509375 0.443750 0.512760 0.440972 0.513281 0.440972 0.514323 0.439583 0.514844 0.439583 0.515885 0.438194 0.517969 0.436343 0.519010 0.436343 0.520052 0.435417 0.520833 0.435417 0.521615 0.434491 0.522917 0.434028 0.523698 0.433102 0.526563 0.432176 0.527865 0.431250 0.529167 0.430787 0.530729 0.430787 0.530990 0.430324 0.533594 0.429398 0.534635 0.429398 0.537500 0.427083 0.538802 0.426620 0.540885 0.425231 0.543229 0.425231 0.544271 0.424769 0.545443 0.426389 0.545703 0.428704 0.546224 0.431019 0.546484 0.433333 0.546484 0.436111 0.546745 0.436574 0.546745 0.441667 0.547005 0.442130 0.547005 0.446759 0.547266 0.447222 0.547266 0.478241 0.547005 0.478704 0.547005 0.486111 0.547266 0.486574 0.547266 0.492593 0.547005 0.493056 0.547005 0.505093 0.546224 0.509259 0.545964 0.512500 0.545182 0.515741 0.544271 0.517361
 8 0.346094 0.525231 0.344922 0.523611 0.344401 0.518981 0.343620 0.516204 0.343359 0.513889 0.342318 0.510185 0.341536 0.503704 0.341016 0.500926 0.341016 0.498148 0.340755 0.497685 0.340755 0.495370 0.340495 0.494907 0.340495 0.492593 0.340234 0.492130 0.340234 0.489815 0.339974 0.489352 0.339974 0.483333 0.339714 0.482870 0.339714 0.480556 0.339453 0.478241 0.338932 0.475926 0.338672 0.473611 0.338672 0.470833 0.337891 0.465741 0.337891 0.463426 0.337630 0.462963 0.337630 0.460185 0.337370 0.459722 0.337370 0.455093 0.337109 0.454630 0.337109 0.451852 0.336849 0.451389 0.336849 0.448148 0.336589 0.447685 0.336589 0.432407 0.337370 0.428241 0.338281 0.427083 0.341667 0.427083 0.341927 0.427546 0.344792 0.427546 0.345052 0.428009 0.346354 0.428009 0.346615 0.428472 0.347917 0.428472 0.348177 0.428935 0.350260 0.428935 0.350521 0.429398 0.353646 0.429398 0.353906 0.429861 0.355990 0.429861 0.356250 0.430324 0.358073 0.430324 0.358333 0.430787 0.360417 0.430787 0.360677 0.431250 0.362240 0.431250 0.362500 0.431713 0.363802 0.431713 0.364063 0.432176 0.365365 0.432176 0.365625 0.432639 0.367448 0.432639 0.369010 0.433565 0.370312 0.433565 0.370573 0.434028 0.372135 0.434028 0.372396 0.434491 0.373958 0.434491 0.374219 0.434954 0.375781 0.434954 0.376042 0.435417 0.377344 0.435417 0.378385 0.436343 0.380208 0.436806 0.381250 0.437731 0.382161 0.439352 0.382682 0.441204 0.382682 0.443519 0.382943 0.443981 0.382943 0.446759 0.383203 0.447222 0.383203 0.450000 0.383464 0.450463 0.383464 0.453241 0.383724 0.453704 0.383724 0.456944 0.383984 0.457407 0.383984 0.459722 0.384245 0.460185 0.384245 0.462963 0.384505 0.463426 0.384505 0.467130 0.384766 0.467593 0.384766 0.476852 0.385286 0.479630 0.385286 0.483796 0.385547 0.484259 0.385547 0.490741 0.385807 0.491204 0.385807 0.499537 0.385286 0.502778 0.384115 0.504398 0.381771 0.506713 0.379688 0.508102 0.375781 0.511806 0.374219 0.512731 0.373437 0.512731 0.372396 0.513657 0.371354 0.513657 0.366406 0.516435 0.364323 0.518287 0.361719 0.519676 0.360417 0.520139 0.358333 0.520139 0.358073 0.520602 0.356771 0.520602 0.354427 0.521528 0.352344 0.523380 0.350000 0.523843 0.349740 0.524306 0.348177 0.524306 0.347917 0.524769 0.346354 0.524769 0.346094 0.525231
 8 0.410417 0.484028 0.408594 0.484028 0.407422 0.481481 0.406901 0.477778 0.406120 0.475000 0.406120 0.472685 0.405859 0.472222 0.405859 0.469907 0.405599 0.469444 0.405599 0.466204 0.405339 0.465741 0.405339 0.462500 0.405078 0.460185 0.404557 0.458333 0.404557 0.455556 0.404297 0.455093 0.404297 0.448611 0.404687 0.447454 0.406771 0.446991 0.407031 0.446528 0.408854 0.446528 0.410156 0.447454 0.411458 0.447454 0.412370 0.449074 0.412630 0.451389 0.412630 0.454630 0.412891 0.455093 0.412891 0.461111 0.413151 0.461574 0.413151 0.464815 0.413411 0.465278 0.413411 0.473148 0.413151 0.473611 0.413151 0.476852 0.412891 0.477315 0.412891 0.480093 0.412630 0.481944 0.411719 0.483565 0.410417 0.484028
 8 0.450781 0.487269 0.448698 0.486806 0.447135 0.485880 0.445312 0.485880 0.445052 0.485417 0.442188 0.485417 0.441927 0.484954 0.437240 0.484954 0.436979 0.484491 0.435677 0.484491 0.434766 0.483333 0.434245 0.481481 0.434245 0.479167 0.433724 0.476389 0.433724 0.474074 0.433984 0.473611 0.433984 0.471296 0.434505 0.468519 0.434505 0.466204 0.434766 0.465741 0.434766 0.463426 0.435286 0.461111 0.436198 0.459028 0.438542 0.457639 0.440104 0.457639 0.440365 0.458102 0.442188 0.458102 0.442448 0.458565 0.446875 0.458565 0.447135 0.459028 0.449219 0.459028 0.449479 0.459491 0.450781 0.459491 0.451562 0.459954 0.452734 0.462500 0.453516 0.471296 0.454036 0.473611 0.454036 0.481481 0.453516 0.483333 0.451562 0.486806 0.450781 0.487269
 8 0.267708 0.696991 0.266406 0.696991 0.266146 0.696528 0.264844 0.696528 0.263802 0.696065 0.261458 0.693750 0.259115 0.692824 0.258073 0.691898 0.256250 0.691435 0.254427 0.690046 0.253646 0.690046 0.251823 0.688194 0.248698 0.686806 0.247135 0.685880 0.245573 0.684491 0.244531 0.683102 0.244010 0.683102 0.242708 0.681713 0.241146 0.681250 0.240885 0.680787 0.237760 0.679398 0.236458 0.678009 0.235937 0.678009 0.234115 0.676157 0.232031 0.675231 0.230208 0.673380 0.228906 0.672454 0.226042 0.671065 0.224740 0.669676 0.224219 0.669676 0.222396 0.667824 0.221094 0.667361 0.220312 0.666435 0.218750 0.665972 0.217708 0.665046 0.214583 0.663657 0.213802 0.662731 0.211719 0.661806 0.210156 0.660417 0.209375 0.660417 0.208073 0.659491 0.205990 0.657176 0.205208 0.656713 0.203906 0.654861 0.201823 0.653009 0.197656 0.650231 0.197135 0.649306 0.195833 0.648380 0.195443 0.647222 0.191406 0.640046 0.189583 0.638657 0.186979 0.638657 0.186719 0.639120 0.184896 0.638657 0.183073 0.636806 0.181250 0.635880 0.180339 0.634259 0.180339 0.631944 0.180599 0.631481 0.180599 0.629167 0.179688 0.627083 0.178385 0.625694 0.177214 0.623148 0.176432 0.618981 0.176432 0.617130 0.175651 0.612037 0.175651 0.609722 0.175391 0.607407 0.175651 0.606481 0.178125 0.602083 0.178906 0.601157 0.180208 0.600694 0.181510 0.599306 0.183333 0.598843 0.185156 0.597454 0.185938 0.597454 0.188802 0.596065 0.189583 0.595139 0.191146 0.592361 0.192448 0.590972 0.194010 0.590509 0.194271 0.590046 0.195573 0.590046 0.198437 0.588657 0.200000 0.587269 0.202865 0.586343 0.203646 0.585417 0.204427 0.585417 0.205469 0.584491 0.206510 0.584491 0.208333 0.583102 0.209115 0.583102 0.210677 0.582176 0.214583 0.578472 0.216927 0.577083 0.218229 0.577083 0.219531 0.576620 0.222135 0.575231 0.226042 0.571528 0.229167 0.570139 0.230208 0.570139 0.231250 0.569213 0.232813 0.568750 0.234375 0.567361 0.236979 0.563657 0.237500 0.563657 0.239583 0.561806 0.240885 0.561343 0.244271 0.561343 0.246354 0.560417 0.247135 0.559491 0.248438 0.559491 0.250000 0.558565 0.250781 0.557639 0.252865 0.557639 0.253906 0.559028 0.254818 0.559722 0.255339 0.562037 0.255599 0.564352 0.255599 0.567593 0.255859 0.568056 0.255859 0.576389 0.255599 0.576852 0.255599 0.580556 0.256380 0.582870 0.256901 0.588426 0.256641 0.588889 0.256641 0.591667 0.256380 0.592130 0.256641 0.593981 0.257812 0.596065 0.259375 0.597454 0.260547 0.600463 0.260807 0.602778 0.260807 0.605556 0.261068 0.606019 0.261068 0.608796 0.261328 0.609259 0.261328 0.612037 0.261589 0.612500 0.261589 0.615741 0.261849 0.616204 0.261849 0.618981 0.262109 0.619444 0.262109 0.621759 0.262630 0.623611 0.262630 0.625000 0.263151 0.626389 0.263151 0.629167 0.263411 0.629630 0.263411 0.632870 0.263672 0.633333 0.263672 0.635648 0.264193 0.637963 0.264193 0.640278 0.264714 0.643056 0.264714 0.645370 0.264974 0.645833 0.264974 0.648611 0.265234 0.649074 0.265234 0.652315 0.265495 0.652778 0.265755 0.656944 0.266016 0.657407 0.266016 0.660185 0.266276 0.660648 0.266276 0.662963 0.266797 0.665278 0.266797 0.666667 0.267839 0.670833 0.268099 0.673611 0.268620 0.675926 0.268620 0.678704 0.268880 0.679167 0.268880 0.681944 0.269141 0.682407 0.269141 0.684722 0.269401 0.685185 0.269401 0.688889 0.269661 0.689352 0.269141 0.693981 0.267708 0.696991
 8 0.552083 0.913194 0.548958 0.913194 0.547786 0.912037 0.547786 0.907407 0.548307 0.905093 0.549219 0.903472 0.550521 0.903472 0.550781 0.903009 0.552083 0.903009 0.552734 0.906944 0.552734 0.912500 0.552083 0.913194
 0 0.814844 0.666898 0.814063 0.666435 0.811198 0.666435 0.810937 0.665972 0.805729 0.665972 0.805469 0.665509 0.801302 0.665509 0.801042 0.665046 0.796875 0.665046 0.796615 0.664583 0.791667 0.664583 0.791406 0.664120 0.789323 0.664120 0.788021 0.663194 0.785677 0.662731 0.783594 0.661806 0.782682 0.660185 0.781901 0.656481 0.781901 0.655093 0.780859 0.651389 0.779036 0.648148 0.777995 0.643981 0.777474 0.642593 0.777474 0.641204 0.777995 0.638889 0.779036 0.635648 0.779036 0.631019 0.778776 0.630556 0.778776 0.627778 0.779297 0.625463 0.779557 0.623148 0.779557 0.618981 0.778776 0.615741 0.778776 0.613889 0.779818 0.611574 0.780339 0.608796 0.780339 0.606481 0.780599 0.604167 0.781380 0.600000 0.781380 0.597222 0.781641 0.596759 0.781641 0.587963 0.781120 0.586111 0.780469 0.584954 0.778646 0.583565 0.777344 0.583565 0.777083 0.583102 0.775521 0.583102 0.771875 0.580787 0.770312 0.580787 0.770052 0.580324 0.767969 0.580324 0.766927 0.579861 0.765104 0.578009 0.763802 0.577083 0.762500 0.577083 0.762240 0.576620 0.760417 0.576620 0.757812 0.575694 0.757552 0.575231 0.755729 0.574769 0.755469 0.574306 0.753906 0.573843 0.753125 0.572917 0.751563 0.571991 0.749740 0.571991 0.749479 0.571528 0.747135 0.571528 0.746875 0.571065 0.745313 0.571065 0.745052 0.570602 0.742188 0.570602 0.741927 0.570139 0.735677 0.570139 0.734896 0.571065 0.733724 0.573148 0.732943 0.575926 0.731250 0.579398 0.730990 0.579398 0.729688 0.581713 0.729427 0.581713 0.727734 0.584722 0.726953 0.587500 0.726953 0.597222 0.726693 0.597685 0.726693 0.600463 0.726172 0.602778 0.725911 0.605093 0.725911 0.607407 0.725651 0.607870 0.725651 0.613889 0.725130 0.616204 0.723958 0.617824 0.723177 0.618287 0.722135 0.619676 0.720833 0.622454 0.719010 0.624306 0.717448 0.625231 0.714063 0.625231 0.713802 0.624769 0.711198 0.624769 0.710938 0.624306 0.708333 0.624306 0.708073 0.623843 0.705729 0.623843 0.705469 0.623380 0.699479 0.623380 0.699219 0.623843 0.692448 0.623843 0.692187 0.624306 0.689323 0.624306 0.689063 0.624769 0.685937 0.624769 0.685677 0.625231 0.683854 0.625231 0.683594 0.625694 0.682292 0.625694 0.682031 0.626157 0.680469 0.626157 0.678906 0.627083 0.673958 0.627083 0.670833 0.623380 0.670312 0.623380 0.669010 0.621991 0.666927 0.619213 0.664583 0.617361 0.661979 0.614120 0.661198 0.612731 0.658594 0.610417 0.657161 0.608333 0.656380 0.604630 0.656120 0.602315 0.655599 0.600463 0.653776 0.596759 0.652995 0.593981 0.652474 0.590741 0.652214 0.587500 0.651693 0.585185 0.651693 0.582870 0.651172 0.580093 0.651172 0.576389 0.650911 0.575926 0.650911 0.571296 0.651172 0.570833 0.651172 0.567130 0.651432 0.566667 0.651432 0.559259 0.651693 0.558796 0.651693 0.556019 0.651953 0.555556 0.651953 0.552778 0.652214 0.552315 0.652214 0.550000 0.652474 0.549537 0.652474 0.546759 0.652734 0.546296 0.652734 0.543981 0.653516 0.540278 0.653776 0.537037 0.654036 0.536574 0.654036 0.533333 0.654297 0.532870 0.654297 0.530556 0.655078 0.526389 0.655078 0.524537 0.655599 0.519907 0.656120 0.517593 0.656641 0.512037 0.657161 0.510185 0.657161 0.508796 0.657682 0.506481 0.657943 0.504167 0.657943 0.500463 0.658203 0.500000 0.658203 0.497222 0.658724 0.494907 0.658724 0.492593 0.658984 0.492130 0.658984 0.489352 0.659505 0.485185 0.660286 0.481481 0.660286 0.478241 0.660547 0.477778 0.660547 0.475000 0.661068 0.472685 0.661068 0.470370 0.661328 0.469907 0.661328 0.467593 0.661849 0.465278 0.661849 0.463889 0.662370 0.461574 0.662630 0.459259 0.662630 0.456481 0.662891 0.456019 0.662891 0.453704 0.663151 0.451389 0.663932 0.447685 0.664193 0.444907 0.665234 0.441204 0.665495 0.439352 0.665495 0.436111 0.665755 0.435648 0.665755 0.432870 0.666536 0.429630 0.667318 0.424074 0.667839 0.422685 0.668099 0.420370 0.668620 0.418056 0.670182 0.412963 0.671094 0.411343 0.672917 0.409954 0.673698 0.409954 0.675781 0.408102 0.678385 0.405324 0.678906 0.405324 0.680469 0.403935 0.681250 0.403935 0.682292 0.403009 0.685156 0.402083 0.686458 0.401157 0.687240 0.401157 0.689063 0.399769 0.691406 0.398843 0.693229 0.397454 0.697656 0.396065 0.698958 0.395139 0.700260 0.394676 0.701562 0.394676 0.701823 0.394213 0.703385 0.394213 0.704688 0.393750 0.707031 0.392361 0.708073 0.392361 0.709375 0.391435 0.712500 0.390509 0.712760 0.390046 0.714063 0.390046 0.714323 0.389583 0.715885 0.389583 0.716146 0.389120 0.721875 0.389120 0.722135 0.388657 0.726562 0.388657 0.726823 0.388194 0.729427 0.388194 0.729688 0.387731 0.732031 0.387731 0.732292 0.387269 0.738802 0.387269 0.739062 0.387731 0.740885 0.387731 0.742448 0.388657 0.744010 0.390046 0.745052 0.390046 0.748958 0.387731 0.750260 0.387269 0.751563 0.385880 0.752604 0.385417 0.753906 0.385417 0.755469 0.384491 0.761719 0.384491 0.761979 0.384954 0.763802 0.384954 0.765885 0.385880 0.767708 0.387731 0.770573 0.388657 0.770833 0.389120 0.772656 0.389120 0.772917 0.389583 0.775781 0.389583 0.776042 0.390046 0.778646 0.390046 0.780208 0.391435 0.781510 0.391898 0.783333 0.393287 0.784375 0.393750 0.785677 0.393750 0.785937 0.394213 0.787240 0.394213 0.787500 0.394676 0.789323 0.394676 0.789583 0.395139 0.791146 0.395139 0.792448 0.395602 0.793750 0.396528 0.795052 0.396528 0.795312 0.396991 0.796615 0.396991 0.796875 0.397454 0.798438 0.397454 0.798698 0.397917 0.806250 0.397917 0.806510 0.398380 0.809375 0.398380 0.809635 0.398843 0.812760 0.398843 0.813021 0.399306 0.814844 0.399306 0.816146 0.400231 0.817187 0.400231 0.818750 0.401157 0.821094 0.401620 0.823438 0.402546 0.824479 0.403472 0.826302 0.403935 0.826562 0.404398 0.828125 0.404398 0.834115 0.407639 0.835938 0.409028 0.836719 0.409028 0.837760 0.409954 0.838542 0.409954 0.839323 0.410880 0.841406 0.411806 0.842448 0.413194 0.843229 0.413657 0.844531 0.415509 0.847135 0.417361 0.847656 0.418287 0.848958 0.419213 0.849479 0.420139 0.851302 0.421528 0.853125 0.423380 0.853906 0.423843 0.854818 0.425463 0.855339 0.427315 0.857682 0.432407 0.858724 0.437037 0.858724 0.438426 0.859245 0.440741 0.859245 0.445370 0.859505 0.445833 0.859505 0.450463 0.859245 0.450926 0.859245 0.456019 0.859505 0.456481 0.859505 0.459722 0.859766 0.460185 0.859766 0.463426 0.860026 0.463889 0.860026 0.466204 0.860286 0.466667 0.860286 0.471296 0.860026 0.471759 0.860026 0.501389 0.860286 0.501852 0.860286 0.513889 0.860547 0.514352 0.860547 0.519907 0.861068 0.522685 0.861068 0.544444 0.861328 0.544907 0.861328 0.579167 0.861068 0.579630 0.861068 0.583333 0.860807 0.583796 0.860807 0.587963 0.860547 0.588426 0.860547 0.597685 0.860286 0.598148 0.860286 0.604630 0.860547 0.605093 0.860547 0.608796 0.860286 0.609259 0.860286 0.614352 0.860026 0.614815 0.859766 0.618519 0.858984 0.621759 0.858464 0.627315 0.858203 0.627778 0.857943 0.631019 0.857422 0.632870 0.857422 0.634259 0.856901 0.636111 0.855990 0.637731 0.853646 0.640046 0.852474 0.642130 0.851432 0.644907 0.846615 0.651620 0.844271 0.653472 0.843229 0.654861 0.841927 0.657176 0.840104 0.659028 0.839323 0.659491 0.836458 0.662269 0.834896 0.662731 0.833854 0.663657 0.832552 0.664120 0.831250 0.664120 0.830990 0.664583 0.829167 0.664583 0.828906 0.665046 0.826823 0.665046 0.826562 0.665509 0.822917 0.665509 0.822656 0.665972 0.818229 0.665972 0.817969 0.666435 0.815104 0.666435 0.814844 0.666898
