 0 0.429688 0.489583 0.427083 0.489583 0.426823 0.489120 0.424740 0.489120 0.424479 0.488657 0.422656 0.488657 0.422396 0.488194 0.421094 0.488194 0.420833 0.487731 0.419271 0.487731 0.417969 0.486806 0.416927 0.486806 0.414323 0.485417 0.410677 0.483102 0.409245 0.481019 0.408073 0.478935 0.405729 0.477083 0.404427 0.476620 0.402344 0.472917 0.400781 0.471065 0.397786 0.465741 0.396745 0.463426 0.394661 0.457407 0.393880 0.454167 0.393359 0.450463 0.392578 0.447222 0.392318 0.444907 0.391536 0.441667 0.391536 0.440278 0.391016 0.438426 0.391016 0.437037 0.390495 0.435185 0.390234 0.431944 0.389714 0.430093 0.389453 0.426852 0.388932 0.424537 0.388932 0.423148 0.387891 0.417130 0.387891 0.414815 0.387630 0.414352 0.387630 0.412037 0.387370 0.409722 0.386849 0.407407 0.386328 0.401852 0.385547 0.398611 0.385547 0.396759 0.384766 0.392593 0.384766 0.390278 0.384505 0.389815 0.384505 0.386574 0.384245 0.384259 0.383724 0.381944 0.383464 0.378241 0.382682 0.375463 0.382682 0.374537 0.381641 0.370833 0.381641 0.367130 0.381380 0.366667 0.381380 0.363426 0.380859 0.361574 0.380599 0.358333 0.380339 0.357870 0.380339 0.355556 0.380078 0.355093 0.380078 0.351389 0.379818 0.349074 0.379297 0.347222 0.379297 0.345833 0.378516 0.342130 0.378516 0.340278 0.377995 0.337963 0.377995 0.336111 0.377474 0.333796 0.377474 0.332407 0.376172 0.324537 0.376172 0.321759 0.375911 0.321296 0.375911 0.317130 0.375651 0.316667 0.375651 0.307870 0.375911 0.307407 0.375911 0.301852 0.376172 0.300000 0.376953 0.297222 0.377214 0.294907 0.377734 0.292593 0.378516 0.290278 0.379036 0.287037 0.379818 0.284259 0.381380 0.280556 0.381641 0.279167 0.383724 0.274074 0.387109 0.268056 0.387109 0.267593 0.390625 0.261343 0.390885 0.261343 0.392708 0.258102 0.392969 0.258102 0.395052 0.254398 0.395313 0.254398 0.397135 0.251157 0.398177 0.249769 0.401042 0.246991 0.403385 0.243750 0.404167 0.243287 0.408073 0.238657 0.409115 0.237731 0.410417 0.235880 0.411198 0.235417 0.414844 0.231713 0.416667 0.230324 0.417969 0.228935 0.418490 0.228935 0.419792 0.227546 0.421354 0.227083 0.422917 0.225694 0.424479 0.222917 0.425781 0.221528 0.427083 0.220602 0.431771 0.220602 0.432031 0.220139 0.433854 0.220139 0.434115 0.219676 0.435677 0.219676 0.437240 0.218287 0.438281 0.217824 0.439323 0.215972 0.441406 0.214583 0.442188 0.214583 0.444531 0.213194 0.445833 0.212731 0.447135 0.212731 0.449740 0.210880 0.451562 0.210417 0.451823 0.209954 0.454167 0.209491 0.454427 0.209028 0.455990 0.209028 0.456250 0.208565 0.458333 0.208565 0.458594 0.208102 0.460417 0.208102 0.460677 0.207639 0.461979 0.207639 0.462240 0.207176 0.464323 0.207176 0.464583 0.206713 0.467448 0.206713 0.467708 0.206250 0.470052 0.206250 0.470313 0.205787 0.475000 0.205787 0.476302 0.205324 0.477604 0.204398 0.478906 0.204398 0.480469 0.205324 0.482292 0.205324 0.482552 0.205787 0.485156 0.205787 0.485417 0.206250 0.486979 0.206250 0.487240 0.206713 0.488542 0.206713 0.488802 0.207176 0.490365 0.207176 0.490625 0.207639 0.491927 0.207639 0.492188 0.208102 0.493750 0.208102 0.495833 0.209491 0.498177 0.210417 0.499479 0.211343 0.502865 0.214583 0.504167 0.215509 0.506510 0.217824 0.508073 0.220602 0.509635 0.222454 0.512370 0.227315 0.514193 0.231481 0.515234 0.234722 0.516276 0.237037 0.516797 0.239352 0.517578 0.241667 0.518620 0.243981 0.519141 0.245833 0.521224 0.256481 0.521224 0.257870 0.522005 0.260648 0.522266 0.263426 0.522786 0.264815 0.523047 0.266667 0.523568 0.267593 0.524089 0.269907 0.524870 0.271296 0.525130 0.272685 0.525911 0.274537 0.525911 0.275926 0.526432 0.279630 0.527995 0.285648 0.528776 0.287963 0.529036 0.290278 0.529557 0.291667 0.530078 0.295370 0.530339 0.295833 0.531380 0.301389 0.531380 0.302778 0.532422 0.306019 0.533203 0.309259 0.533724 0.310648 0.533984 0.312963 0.535026 0.316667 0.535547 0.321296 0.536589 0.324537 0.536849 0.328704 0.537109 0.329167 0.537109 0.331944 0.537370 0.332407 0.537370 0.337500 0.537630 0.337963 0.537630 0.352778 0.537891 0.353241 0.537891 0.359259 0.538151 0.359722 0.538151 0.363889 0.538411 0.364352 0.538411 0.368981 0.538672 0.369444 0.538672 0.378704 0.538932 0.379167 0.538932 0.381944 0.539193 0.382407 0.539193 0.386111 0.539453 0.386574 0.539453 0.393519 0.539193 0.393981 0.539193 0.397222 0.538411 0.403241 0.537630 0.406019 0.537370 0.409722 0.536849 0.412037 0.536589 0.414352 0.536589 0.416667 0.536328 0.418056 0.535286 0.421296 0.535026 0.423148 0.535026 0.425926 0.534245 0.428704 0.532682 0.431944 0.532161 0.434259 0.530859 0.438426 0.530339 0.440741 0.528906 0.443287 0.526302 0.446065 0.521615 0.454398 0.520573 0.455787 0.519792 0.456250 0.516927 0.459028 0.515365 0.459954 0.514062 0.462269 0.513021 0.463657 0.511458 0.465046 0.510938 0.465046 0.508854 0.466898 0.508333 0.466898 0.505990 0.469213 0.503646 0.470139 0.502604 0.470139 0.500000 0.471528 0.497917 0.472917 0.495312 0.472917 0.495052 0.473380 0.493490 0.473380 0.492188 0.474306 0.491146 0.474306 0.489583 0.475231 0.487240 0.475231 0.486979 0.475694 0.483594 0.475694 0.483333 0.476157 0.481771 0.476157 0.480469 0.477083 0.479167 0.477083 0.477865 0.477546 0.476823 0.478472 0.475000 0.478935 0.474740 0.479398 0.473438 0.479398 0.473177 0.479861 0.471875 0.479861 0.471615 0.480324 0.470313 0.480324 0.470052 0.480787 0.467969 0.480787 0.467708 0.481250 0.466406 0.481250 0.466146 0.481713 0.464323 0.481713 0.464062 0.482176 0.462500 0.482176 0.462240 0.482639 0.460938 0.482639 0.460677 0.483102 0.459375 0.483102 0.459115 0.483565 0.455990 0.483565 0.455729 0.484028 0.453646 0.484028 0.450781 0.485417 0.449219 0.485417 0.448958 0.485880 0.447135 0.485880 0.446875 0.486343 0.444792 0.486343 0.444531 0.486806 0.441927 0.486806 0.441667 0.487269 0.439063 0.487269 0.436198 0.488657 0.434635 0.488657 0.434375 0.489120 0.429948 0.489120 0.429688 0.489583
 5 0.540755 0.999537 0.540234 0.997685 0.540234 0.994907 0.540755 0.992593 0.541016 0.989352 0.541797 0.986111 0.543099 0.983333 0.543099 0.982870 0.544792 0.979861 0.546354 0.978009 0.548438 0.976620 0.551042 0.976620 0.551302 0.976157 0.553125 0.976157 0.553385 0.976620 0.555208 0.976620 0.558073 0.978009 0.560286 0.981019 0.561068 0.982870 0.562630 0.989352 0.563411 0.991667 0.563411 0.992593 0.564453 0.995370 0.564453 0.997685 0.563932 0.999537
 5 0.502474 0.999537 0.501953 0.997685 0.501953 0.994907 0.502474 0.993056 0.502474 0.991667 0.503255 0.987963 0.505078 0.982870 0.507292 0.978935 0.509375 0.977083 0.510677 0.977083 0.510938 0.976620 0.513021 0.976620 0.514062 0.976157 0.514323 0.976620 0.516406 0.976620 0.517708 0.977083 0.519271 0.978472 0.520833 0.980324 0.525391 0.988426 0.527995 0.994907 0.528255 0.997222 0.527474 0.998611 0.527474 0.999537
 7 0.495703 0.999537 0.494401 0.996759 0.494661 0.992593 0.494922 0.992130 0.494922 0.989815 0.495182 0.989352 0.495182 0.986574 0.495443 0.986111 0.495443 0.982407 0.495703 0.981944 0.495703 0.978704 0.495964 0.978241 0.495964 0.975000 0.496224 0.974537 0.496224 0.971296 0.496484 0.970833 0.496484 0.968519 0.496745 0.966204 0.497526 0.962500 0.498958 0.959491 0.500781 0.958102 0.501823 0.957639 0.507292 0.957639 0.507552 0.958102 0.510156 0.958102 0.510417 0.958565 0.511979 0.958565 0.512240 0.959028 0.514323 0.959028 0.514583 0.959491 0.517448 0.959491 0.517708 0.959954 0.519792 0.959954 0.520052 0.960417 0.522396 0.960417 0.522656 0.960880 0.524219 0.960880 0.524479 0.961343 0.526042 0.961343 0.526302 0.961806 0.528125 0.961806 0.528385 0.962269 0.530208 0.962269 0.530469 0.962731 0.532031 0.962731 0.532292 0.963194 0.534375 0.963194 0.534635 0.963657 0.536979 0.963657 0.537240 0.964120 0.542188 0.964120 0.542448 0.963657 0.545052 0.963657 0.546615 0.965046 0.549219 0.966435 0.552604 0.966435 0.552865 0.966898 0.554167 0.966898 0.554427 0.967361 0.556510 0.967361 0.556771 0.967824 0.558073 0.967824 0.558333 0.968287 0.560156 0.968287 0.560417 0.968750 0.562240 0.968750 0.562500 0.969213 0.564323 0.969213 0.564583 0.969676 0.566146 0.969676 0.566406 0.970139 0.568490 0.970139 0.568750 0.970602 0.570573 0.970602 0.570833 0.971065 0.572917 0.971065 0.573177 0.971528 0.575521 0.971528 0.575781 0.971991 0.577344 0.971991 0.577604 0.972454 0.579427 0.972454 0.579688 0.972917 0.582031 0.972917 0.582292 0.973380 0.584115 0.973380 0.586458 0.974306 0.587500 0.975231 0.588802 0.975231 0.589063 0.974769 0.590365 0.974769 0.591146 0.973843 0.592187 0.973843 0.592708 0.974769 0.595313 0.975694 0.596615 0.976620 0.597656 0.976620 0.598958 0.977546 0.602865 0.977546 0.603125 0.978009 0.605469 0.978009 0.605729 0.978472 0.607292 0.978472 0.607552 0.978935 0.609635 0.978935 0.609896 0.979398 0.611719 0.979398 0.611979 0.979861 0.613542 0.979861 0.613802 0.980324 0.615625 0.980324 0.615885 0.980787 0.618229 0.980787 0.618490 0.981250 0.620313 0.981250 0.623177 0.982639 0.625000 0.982639 0.625260 0.983102 0.627083 0.983102 0.627344 0.983565 0.628646 0.983565 0.628906 0.984028 0.630469 0.984028 0.630729 0.984491 0.633333 0.984491 0.633594 0.984954 0.635417 0.984954 0.635677 0.985417 0.637240 0.985417 0.637500 0.985880 0.639323 0.985880 0.639583 0.986343 0.641667 0.986343 0.641927 0.986806 0.646094 0.986806 0.647396 0.987269 0.648698 0.988194 0.650000 0.988657 0.651563 0.988657 0.651823 0.989120 0.654167 0.989120 0.657552 0.990972 0.658333 0.991898 0.660286 0.995370 0.660547 0.997222 0.659635 0.998380 0.659245 0.999537
 7 0.530078 0.999537 0.529167 0.998380 0.527344 0.998380 0.527083 0.998843 0.524479 0.998843 0.524349 0.999537
 7 0.586068 0.999537 0.585938 0.998843 0.584896 0.998380 0.582552 0.998380 0.581510 0.998843 0.581380 0.999537
 7 0.605859 0.999537 0.605729 0.998843 0.604167 0.998843 0.603906 0.998380 0.602865 0.998843 0.601302 0.998843 0.601172 0.999537
 7 0.502474 0.999537 0.502214 0.999537
 7 0.541797 0.999537 0.541667 0.998843 0.540365 0.998843 0.540234 0.999537
 6 0.000000 0.728472 0.001302 0.728472 0.002474 0.726389 0.002995 0.724537 0.004036 0.722222 0.006641 0.717593 0.006641 0.717130 0.008203 0.714352 0.008203 0.713889 0.009766 0.711111 0.009766 0.710648 0.015495 0.700463 0.016276 0.698148 0.018620 0.693981 0.018620 0.693519 0.019922 0.691204 0.019922 0.690741 0.022786 0.685648 0.023307 0.683796 0.024740 0.680787 0.025000 0.680787 0.027214 0.676852 0.027214 0.676389 0.030339 0.670833 0.031120 0.668519 0.033333 0.664583 0.035156 0.662731 0.036198 0.661343 0.036979 0.660880 0.038281 0.660880 0.038542 0.661343 0.041146 0.661343 0.041406 0.661806 0.043490 0.661806 0.043750 0.662269 0.045573 0.662269 0.045833 0.662731 0.047917 0.662731 0.048177 0.663194 0.050000 0.663194 0.050260 0.663657 0.052083 0.663657 0.052344 0.664120 0.054167 0.664120 0.054427 0.664583 0.056510 0.664583 0.056771 0.665046 0.059635 0.665046 0.059896 0.665509 0.063021 0.665509 0.063281 0.665972 0.065885 0.665972 0.066146 0.666435 0.069271 0.666435 0.069531 0.666898 0.073438 0.666898 0.073698 0.667361 0.076302 0.667361 0.076563 0.667824 0.079687 0.667824 0.079948 0.668287 0.081510 0.668287 0.081771 0.668750 0.083333 0.668750 0.083594 0.669213 0.085938 0.669213 0.086198 0.669676 0.087760 0.669676 0.089063 0.670139 0.090365 0.671065 0.095833 0.671065 0.096094 0.671528 0.097656 0.671528 0.097917 0.671991 0.100260 0.671991 0.100521 0.672454 0.104167 0.672454 0.104427 0.672917 0.107813 0.672917 0.108073 0.673380 0.111979 0.673380 0.112240 0.673843 0.115885 0.673843 0.116146 0.674306 0.118229 0.674306 0.118490 0.674769 0.122656 0.674769 0.122917 0.675231 0.124479 0.675231 0.124740 0.675694 0.126302 0.675694 0.126562 0.676157 0.128385 0.676157 0.128646 0.676620 0.130469 0.676620 0.130729 0.677083 0.132292 0.677083 0.132552 0.677546 0.133854 0.677546 0.139063 0.680787 0.140495 0.683333 0.140755 0.684722 0.140755 0.688426 0.141016 0.688889 0.141016 0.691667 0.142318 0.696759 0.143490 0.698843 0.145052 0.700231 0.146354 0.702083 0.147396 0.703009 0.148698 0.705324 0.150781 0.707639 0.151302 0.707639 0.154427 0.710417 0.157812 0.711806 0.160677 0.711806 0.160938 0.712269 0.162500 0.712269 0.163021 0.713194 0.164583 0.713657 0.164844 0.714120 0.166406 0.714583 0.166927 0.715509 0.168229 0.716435 0.169792 0.718287 0.170573 0.719676 0.172135 0.721528 0.172917 0.721991 0.174740 0.723843 0.176823 0.727546 0.179427 0.730324 0.182292 0.734491 0.183333 0.735417 0.184115 0.736806 0.185156 0.737731 0.187240 0.741435 0.188281 0.742824 0.189583 0.743750 0.190625 0.745139 0.192708 0.748843 0.194010 0.749769 0.195833 0.752083 0.197396 0.754861 0.198437 0.755787 0.200781 0.759028 0.201042 0.759028 0.202604 0.761806 0.203906 0.763657 0.205729 0.765509 0.207292 0.768287 0.209896 0.771065 0.212240 0.774306 0.213542 0.775694 0.215104 0.778472 0.217969 0.782176 0.219922 0.785648 0.220443 0.787037 0.220443 0.789815 0.219661 0.792593 0.219401 0.794907 0.218880 0.797222 0.216276 0.805556 0.215234 0.807870 0.213672 0.812963 0.212630 0.814815 0.212109 0.816667 0.211328 0.818056 0.211068 0.819444 0.209505 0.824074 0.207682 0.827315 0.206901 0.830093 0.205859 0.832870 0.205078 0.834259 0.202734 0.840741 0.201693 0.844907 0.199870 0.848611 0.199349 0.850000 0.197786 0.855556 0.196484 0.857870 0.195182 0.861111 0.194141 0.865278 0.192839 0.867593 0.191797 0.869907 0.191276 0.872222 0.190234 0.875000 0.188932 0.877315 0.188151 0.880093 0.187630 0.881019 0.186328 0.886574 0.185547 0.887963 0.184245 0.891204 0.183203 0.895370 0.182161 0.898148 0.180599 0.900926 0.178255 0.907870 0.178255 0.908333 0.176432 0.912037 0.175911 0.913889 0.174609 0.916667 0.174349 0.918056 0.173307 0.920833 0.172526 0.922222 0.170703 0.928704 0.169401 0.931481 0.168359 0.934259 0.167839 0.936574 0.167318 0.937500 0.166276 0.940741 0.164974 0.943056 0.162630 0.950463 0.161328 0.952778 0.160547 0.955556 0.159505 0.957870 0.158984 0.959722 0.158203 0.961111 0.156380 0.965741 0.155339 0.969907 0.154036 0.972685 0.153255 0.975463 0.151432 0.980556 0.146875 0.988657 0.144271 0.990509 0.142969 0.990972 0.140625 0.990972 0.140365 0.990509 0.138542 0.990509 0.136979 0.989120 0.135677 0.988657 0.134896 0.987731 0.133594 0.987269 0.131250 0.985417 0.129427 0.984954 0.127604 0.983565 0.125260 0.982639 0.124219 0.982639 0.122917 0.981713 0.120833 0.980787 0.119792 0.980787 0.115625 0.977083 0.114062 0.976620 0.109635 0.973380 0.109115 0.973380 0.107552 0.971991 0.106771 0.971991 0.105469 0.971065 0.102083 0.969676 0.099740 0.967361 0.098437 0.966898 0.097135 0.965972 0.095312 0.964120 0.093229 0.963194 0.092448 0.962269 0.090625 0.961806 0.089583 0.960880 0.087500 0.959954 0.085417 0.958102 0.083333 0.955787 0.081510 0.954861 0.079687 0.953009 0.075781 0.950231 0.073958 0.948380 0.071875 0.947454 0.070573 0.946065 0.070052 0.946065 0.067708 0.943750 0.066406 0.943287 0.065104 0.941898 0.062240 0.940509 0.060937 0.940509 0.060677 0.940046 0.058854 0.940046 0.058594 0.939583 0.056771 0.939583 0.056510 0.939120 0.054427 0.938657 0.052344 0.937269 0.050000 0.936806 0.048698 0.935880 0.047396 0.935880 0.047135 0.935417 0.045573 0.935417 0.044010 0.934491 0.042969 0.934491 0.041667 0.933565 0.040365 0.933102 0.038802 0.933102 0.038542 0.932639 0.036979 0.932639 0.035417 0.931713 0.034375 0.931713 0.033073 0.930787 0.030729 0.930787 0.030469 0.931250 0.029167 0.931250 0.027604 0.930324 0.026302 0.930324 0.026042 0.929861 0.022135 0.929861 0.021875 0.929398 0.020573 0.929398 0.019271 0.928472 0.017969 0.928472 0.016667 0.928009 0.015885 0.927083 0.014063 0.926157 0.012760 0.923843 0.010156 0.922917 0.008594 0.921528 0.008073 0.921528 0.004687 0.919213 0.002344 0.916898 0.000000 0.916898
 6 0.162891 0.760185 0.164062 0.759491 0.164844 0.759491 0.165234 0.757870 0.165234 0.756481 0.165755 0.754167 0.164714 0.750926 0.163932 0.746296 0.162500 0.744213 0.161458 0.744213 0.160026 0.746759 0.160026 0.747222 0.157812 0.751157 0.157552 0.751157 0.156901 0.753241 0.156901 0.756481 0.156641 0.758796 0.156250 0.759491 0.158073 0.759491 0.158333 0.759954 0.160417 0.759954 0.160677 0.760417 0.162891 0.760185
 6 0.194401 0.999537 0.194271 0.998843 0.193229 0.998843 0.191667 0.997917 0.191016 0.996759 0.191016 0.995370 0.192318 0.991204 0.192839 0.988889 0.193359 0.987963 0.194141 0.985185 0.194401 0.982870 0.195703 0.979167 0.196224 0.976852 0.197266 0.974074 0.197526 0.972685 0.198568 0.969907 0.199089 0.967593 0.199609 0.966667 0.200651 0.962500 0.201953 0.959259 0.202734 0.955556 0.203255 0.954167 0.204557 0.949074 0.206380 0.944907 0.207682 0.939815 0.209245 0.935648 0.210026 0.932407 0.211068 0.929167 0.211068 0.928241 0.212891 0.922222 0.213411 0.921296 0.214193 0.918056 0.215495 0.914815 0.216016 0.912500 0.216797 0.911111 0.217057 0.909722 0.218099 0.907407 0.218359 0.906019 0.219661 0.902315 0.219922 0.900926 0.221094 0.897917 0.221875 0.897454 0.224089 0.893519 0.224870 0.890278 0.224870 0.888426 0.225391 0.885648 0.226432 0.883333 0.227214 0.880556 0.227734 0.877315 0.228255 0.875926 0.230599 0.867593 0.231641 0.863426 0.232682 0.861111 0.233464 0.857870 0.234375 0.856250 0.236198 0.854861 0.237760 0.854861 0.238021 0.855324 0.240625 0.855324 0.240885 0.855787 0.245833 0.855787 0.246094 0.856250 0.252083 0.856250 0.252344 0.856713 0.254688 0.856713 0.254948 0.857176 0.258073 0.857176 0.258333 0.857639 0.264062 0.857639 0.264323 0.858102 0.268229 0.858102 0.268490 0.858565 0.270573 0.858565 0.270833 0.859028 0.273438 0.859954 0.274740 0.860880 0.275781 0.862269 0.276432 0.864352 0.276953 0.868981 0.277734 0.872685 0.279167 0.875231 0.282552 0.877546 0.286979 0.877546 0.289062 0.879398 0.289583 0.880324 0.291406 0.881250 0.294271 0.884954 0.295573 0.887269 0.297917 0.890046 0.299219 0.890972 0.300521 0.892824 0.301823 0.895139 0.303125 0.896528 0.305469 0.900694 0.305729 0.900694 0.309375 0.905324 0.312240 0.910417 0.314583 0.912731 0.316927 0.916898 0.318490 0.918287 0.320703 0.922222 0.320703 0.922685 0.322266 0.925926 0.322266 0.928241 0.321745 0.930093 0.320964 0.934259 0.320964 0.935648 0.320443 0.939352 0.319922 0.941204 0.319922 0.942593 0.319401 0.944444 0.319401 0.945833 0.318880 0.949074 0.318359 0.950000 0.317057 0.955093 0.315495 0.960185 0.314974 0.963426 0.314193 0.965741 0.314193 0.966667 0.312370 0.972685 0.311328 0.978704 0.311328 0.980093 0.310807 0.983333 0.310286 0.984722 0.310026 0.987037 0.309505 0.988426 0.309245 0.990741 0.308724 0.992130 0.308203 0.995370 0.307682 0.996759 0.306250 0.998380 0.304948 0.998380 0.304688 0.998843 0.303385 0.998843 0.303255 0.999537
 6 0.269922 0.999537 0.269792 0.998843 0.267969 0.998843 0.267708 0.998380 0.265625 0.998380 0.263542 0.997454 0.263281 0.997917 0.260417 0.998843 0.260286 0.999537
 6 0.301693 0.999537 0.301563 0.998843 0.300260 0.998843 0.300000 0.998380 0.296354 0.998380 0.296094 0.998843 0.294271 0.998843 0.294141 0.999537
 6 0.229036 0.999537 0.228906 0.998843 0.227344 0.998843 0.227214 0.999537
 6 0.236849 0.999537 0.236719 0.998843 0.235156 0.998843 0.235026 0.999537
 8 0.000000 0.446991 0.001563 0.446991 0.001823 0.446528 0.003125 0.446528 0.004687 0.445602 0.005990 0.445602 0.006250 0.445139 0.008073 0.445139 0.008333 0.444676 0.010417 0.444676 0.010677 0.444213 0.012500 0.444213 0.012760 0.443750 0.016927 0.443750 0.017188 0.443287 0.019010 0.443287 0.019271 0.442824 0.021094 0.442824 0.021354 0.442361 0.027083 0.442361 0.027344 0.441898 0.029948 0.441898 0.030208 0.441435 0.032552 0.441435 0.032813 0.440972 0.034896 0.440972 0.035156 0.440509 0.037760 0.440509 0.038021 0.440046 0.041667 0.440046 0.041927 0.439583 0.044271 0.439583 0.044531 0.439120 0.050000 0.439120 0.050260 0.438657 0.052604 0.438657 0.052865 0.438194 0.054167 0.438657 0.056771 0.438657 0.057031 0.438194 0.058594 0.438194 0.058854 0.437731 0.061719 0.437731 0.061979 0.437269 0.065104 0.437269 0.065365 0.436806 0.066667 0.436806 0.066927 0.436343 0.069010 0.436343 0.069271 0.435880 0.073177 0.435880 0.073438 0.435417 0.076042 0.435417 0.076302 0.434954 0.079687 0.434954 0.079948 0.434491 0.081510 0.434491 0.081771 0.434028 0.083073 0.434028 0.083333 0.433565 0.085938 0.433565 0.086198 0.433102 0.089323 0.433102 0.089583 0.432639 0.092188 0.432639 0.092448 0.432176 0.095312 0.432176 0.095573 0.431713 0.098177 0.431713 0.098437 0.431250 0.104427 0.431250 0.104688 0.430787 0.107292 0.430787 0.107552 0.430324 0.110937 0.430324 0.111198 0.429861 0.114062 0.429861 0.114323 0.429398 0.117969 0.429398 0.118229 0.428935 0.120833 0.428935 0.121094 0.428472 0.123177 0.428472 0.123438 0.428009 0.127604 0.428009 0.128906 0.428472 0.130990 0.429861 0.132422 0.432407 0.132422 0.432870 0.135156 0.437731 0.136719 0.439583 0.138021 0.441898 0.139063 0.442824 0.141276 0.446759 0.141276 0.447222 0.142448 0.449306 0.144531 0.451620 0.146875 0.455787 0.147135 0.455787 0.148828 0.459259 0.149609 0.462037 0.151042 0.464583 0.152344 0.465972 0.153646 0.468287 0.154948 0.469676 0.156901 0.473148 0.156901 0.473611 0.158854 0.477083 0.159896 0.478009 0.162500 0.482639 0.162760 0.482639 0.164193 0.485185 0.165234 0.487963 0.165495 0.489352 0.166927 0.491898 0.167969 0.492824 0.169792 0.496065 0.170052 0.496065 0.172526 0.500463 0.173568 0.503704 0.174219 0.504861 0.175521 0.505787 0.176563 0.507176 0.177865 0.509491 0.178125 0.509491 0.180339 0.513426 0.181380 0.517593 0.182031 0.518750 0.182812 0.519213 0.184375 0.521065 0.187891 0.527315 0.188411 0.529167 0.190104 0.532176 0.190885 0.532639 0.192448 0.534491 0.195964 0.540741 0.196484 0.542130 0.196745 0.543981 0.197266 0.545370 0.198437 0.546991 0.199479 0.547917 0.204036 0.556019 0.204036 0.556481 0.205729 0.559491 0.207813 0.561343 0.209115 0.563194 0.211589 0.567593 0.212109 0.568981 0.212891 0.572222 0.213802 0.573843 0.214844 0.574769 0.217448 0.579398 0.217708 0.579398 0.219922 0.583333 0.221094 0.586343 0.223438 0.588194 0.224740 0.590046 0.225521 0.590509 0.227214 0.593519 0.228255 0.596296 0.228776 0.599074 0.229427 0.599769 0.230729 0.602083 0.230990 0.602083 0.232422 0.604630 0.232422 0.605093 0.233594 0.607176 0.235156 0.609028 0.238802 0.615509 0.240885 0.617361 0.243099 0.621296 0.245182 0.626852 0.247396 0.630787 0.247656 0.630787 0.250000 0.634954 0.250260 0.634954 0.255208 0.643750 0.257031 0.645139 0.258724 0.648148 0.259766 0.650926 0.261328 0.653704 0.261849 0.655556 0.263021 0.657639 0.264323 0.659028 0.267188 0.664120 0.268490 0.665509 0.269661 0.667593 0.269661 0.668056 0.271354 0.671065 0.272396 0.671528 0.273177 0.672454 0.274609 0.675000 0.275130 0.676852 0.277734 0.681481 0.277995 0.682870 0.279427 0.685417 0.280469 0.686343 0.281901 0.688889 0.281901 0.689352 0.283594 0.692361 0.284635 0.693287 0.285286 0.694444 0.285807 0.696296 0.287240 0.698843 0.288802 0.699769 0.290234 0.702315 0.290495 0.703704 0.291406 0.705787 0.292187 0.706250 0.293620 0.708796 0.294141 0.711111 0.295052 0.712731 0.296354 0.713657 0.297526 0.715741 0.298047 0.718056 0.299479 0.720602 0.300911 0.722222 0.301693 0.725000 0.302865 0.726620 0.303646 0.726620 0.304948 0.727546 0.305599 0.728704 0.306120 0.731481 0.307031 0.733565 0.307292 0.733565 0.308984 0.736574 0.309505 0.738889 0.310937 0.741435 0.311198 0.741435 0.314063 0.746528 0.315625 0.748380 0.317057 0.750926 0.317578 0.752778 0.322656 0.761806 0.323698 0.762731 0.325130 0.765278 0.325651 0.767130 0.326823 0.769213 0.327474 0.769907 0.328516 0.773611 0.329688 0.775694 0.331771 0.777083 0.333203 0.779630 0.333203 0.780093 0.337500 0.787731 0.340885 0.790972 0.342187 0.793287 0.343490 0.794676 0.345052 0.797454 0.345313 0.797454 0.347656 0.801620 0.350260 0.803935 0.351042 0.804861 0.353255 0.808796 0.353255 0.809259 0.357031 0.815972 0.357552 0.816435 0.362500 0.816435 0.362760 0.816898 0.364583 0.816898 0.365885 0.817824 0.367188 0.819213 0.367969 0.820602 0.369401 0.822222 0.370703 0.825926 0.371745 0.828241 0.373047 0.830556 0.374089 0.833796 0.374870 0.835185 0.375651 0.838426 0.375651 0.841667 0.375911 0.842130 0.375391 0.847685 0.374609 0.851389 0.374349 0.855556 0.373568 0.858333 0.372786 0.863426 0.372266 0.865741 0.370964 0.870370 0.370443 0.871759 0.370182 0.874074 0.369661 0.875463 0.368880 0.880556 0.368359 0.881944 0.367839 0.886111 0.367578 0.889352 0.367318 0.889815 0.366276 0.898148 0.365495 0.900463 0.364453 0.902778 0.364193 0.904167 0.363151 0.906944 0.362891 0.909259 0.362370 0.911574 0.361589 0.913889 0.361328 0.916204 0.360807 0.918056 0.360547 0.920370 0.360547 0.923148 0.359766 0.929167 0.358984 0.932407 0.358464 0.935648 0.357422 0.938889 0.356901 0.939815 0.356380 0.942593 0.356380 0.943981 0.353776 0.952778 0.353516 0.956019 0.352734 0.960185 0.351953 0.966204 0.351432 0.968056 0.351432 0.970370 0.351172 0.970833 0.350651 0.976389 0.348828 0.981944 0.348568 0.983333 0.347786 0.984722 0.345964 0.990278 0.344661 0.993519 0.344401 0.994907 0.343750 0.996065 0.341927 0.997454 0.340625 0.997454 0.340365 0.996991 0.338542 0.996991 0.338281 0.996528 0.336979 0.996528 0.336719 0.996991 0.334896 0.996991 0.334635 0.997454 0.332292 0.997454 0.332031 0.996991 0.311719 0.996991 0.310677 0.996528 0.310026 0.995370 0.310026 0.993056 0.310286 0.992593 0.310286 0.989815 0.311068 0.987037 0.311068 0.985648 0.311589 0.983333 0.311589 0.981019 0.312109 0.978704 0.312630 0.975000 0.313411 0.972222 0.314974 0.968519 0.315234 0.966204 0.317057 0.960185 0.317839 0.955556 0.317839 0.954167 0.318620 0.951389 0.319141 0.948611 0.320182 0.945370 0.320703 0.943056 0.321484 0.941204 0.321745 0.939352 0.321745 0.934722 0.322005 0.934259 0.322526 0.930093 0.323047 0.928241 0.323047 0.925463 0.322786 0.925000 0.322005 0.921296 0.320573 0.918750 0.319531 0.917824 0.317708 0.915046 0.317448 0.915046 0.313802 0.908565 0.312240 0.906713 0.310677 0.903935 0.308073 0.901157 0.304557 0.894907 0.303646 0.892824 0.302083 0.891898 0.300781 0.890509 0.299219 0.889583 0.296354 0.886343 0.294271 0.882639 0.294010 0.882639 0.292708 0.880324 0.291406 0.878472 0.290625 0.878009 0.289583 0.876620 0.289062 0.876620 0.287500 0.875231 0.286458 0.874769 0.284896 0.874769 0.283594 0.874306 0.282031 0.872917 0.280859 0.870833 0.279818 0.865278 0.278125 0.862731 0.277083 0.861806 0.275781 0.859954 0.273177 0.858102 0.271354 0.857639 0.271094 0.857176 0.269010 0.857176 0.268750 0.856713 0.266406 0.856713 0.266146 0.856250 0.264062 0.856250 0.263802 0.855787 0.258854 0.855787 0.258594 0.855324 0.257031 0.855324 0.256771 0.854861 0.252083 0.854861 0.251823 0.854398 0.250260 0.854398 0.248698 0.853472 0.245833 0.853472 0.245573 0.853009 0.242969 0.853009 0.242708 0.852546 0.240104 0.851620 0.236458 0.851620 0.235677 0.852083 0.234115 0.854398 0.233854 0.854398 0.231641 0.858333 0.231380 0.859722 0.229948 0.862269 0.228906 0.863194 0.227734 0.865278 0.227214 0.867593 0.226953 0.869907 0.226432 0.871296 0.226172 0.873611 0.225130 0.877315 0.225130 0.878241 0.223828 0.881944 0.222786 0.884259 0.221484 0.889352 0.220964 0.890278 0.220182 0.893981 0.219661 0.897685 0.216276 0.907407 0.215755 0.909722 0.213672 0.914815 0.213151 0.916667 0.211589 0.920833 0.211068 0.924537 0.209766 0.928704 0.209766 0.929630 0.208724 0.932870 0.207943 0.936111 0.206901 0.938426 0.206380 0.940278 0.205339 0.942593 0.204818 0.944907 0.204297 0.945833 0.203776 0.949537 0.203255 0.950926 0.202995 0.952778 0.202214 0.955093 0.200130 0.960185 0.199609 0.962500 0.199089 0.963426 0.198568 0.965741 0.198047 0.966667 0.196745 0.971759 0.196224 0.972685 0.194661 0.978241 0.194661 0.979167 0.193359 0.983333 0.192578 0.985185 0.191276 0.987500 0.191276 0.987963 0.189714 0.990741 0.188932 0.993519 0.188151 0.995370 0.186458 0.996991 0.185156 0.997454 0.182292 0.997454 0.182031 0.996991 0.157031 0.996991 0.156771 0.997454 0.151042 0.997454 0.150781 0.996991 0.149479 0.996991 0.148438 0.996528 0.147005 0.995370 0.147005 0.990278 0.148177 0.988194 0.149479 0.986806 0.150781 0.984491 0.151042 0.984491 0.152214 0.982407 0.153255 0.979167 0.153776 0.978241 0.156120 0.970370 0.157422 0.967593 0.157943 0.965278 0.158984 0.962963 0.159245 0.961574 0.160026 0.960185 0.160547 0.958333 0.161849 0.955556 0.163672 0.949074 0.164714 0.946296 0.167318 0.940741 0.168359 0.937037 0.169401 0.934722 0.169661 0.933333 0.170703 0.931019 0.170964 0.929630 0.172005 0.927315 0.172786 0.924074 0.174609 0.919907 0.175391 0.917130 0.177474 0.913426 0.177995 0.912037 0.178516 0.908333 0.179557 0.905093 0.180339 0.903241 0.181641 0.900926 0.182422 0.899074 0.183203 0.896296 0.184245 0.893519 0.186849 0.887963 0.186849 0.887500 0.188151 0.884722 0.189714 0.879167 0.190234 0.878241 0.191016 0.875463 0.192839 0.872222 0.193359 0.869907 0.193880 0.868981 0.194401 0.866204 0.196224 0.861111 0.197266 0.859259 0.199609 0.851852 0.201693 0.847685 0.202995 0.842593 0.204036 0.839352 0.205078 0.837500 0.206380 0.833333 0.207813 0.830787 0.208464 0.830093 0.209505 0.826389 0.209766 0.824074 0.210807 0.820833 0.211589 0.819444 0.212370 0.817130 0.213151 0.815741 0.213672 0.813426 0.215234 0.809259 0.216536 0.806944 0.216536 0.806481 0.217839 0.803704 0.218620 0.800926 0.218880 0.798611 0.219922 0.795370 0.220964 0.787500 0.220182 0.785185 0.219401 0.783796 0.218880 0.781944 0.217448 0.779398 0.215104 0.777083 0.212760 0.772917 0.211198 0.771065 0.208854 0.766898 0.207031 0.765509 0.205729 0.764120 0.204427 0.762269 0.202865 0.760880 0.201953 0.758796 0.200000 0.755324 0.198698 0.753472 0.196875 0.752083 0.195312 0.750231 0.194010 0.747917 0.193750 0.747917 0.192188 0.745139 0.191927 0.745139 0.189323 0.740509 0.186198 0.737731 0.185677 0.736806 0.183073 0.734028 0.182812 0.734028 0.180990 0.730787 0.180729 0.730787 0.179557 0.728704 0.179557 0.728241 0.178125 0.725694 0.176042 0.723843 0.173437 0.721065 0.171354 0.719213 0.170052 0.717361 0.168750 0.716435 0.165885 0.712269 0.163281 0.710417 0.161979 0.710417 0.161719 0.709954 0.158854 0.709954 0.158594 0.709491 0.156771 0.709491 0.155469 0.709028 0.154167 0.708102 0.153385 0.708102 0.151823 0.706713 0.151302 0.706713 0.150000 0.705324 0.146094 0.698380 0.144531 0.696528 0.143359 0.694444 0.142578 0.692593 0.141797 0.689815 0.141797 0.687037 0.141536 0.686574 0.141536 0.684259 0.141276 0.683333 0.138802 0.678935 0.135937 0.677546 0.134896 0.676620 0.133594 0.676157 0.131771 0.676157 0.131510 0.675694 0.129688 0.675694 0.129427 0.675231 0.127865 0.675231 0.127604 0.674769 0.125521 0.674769 0.125260 0.674306 0.122917 0.674306 0.122656 0.673843 0.120313 0.673843 0.120052 0.673380 0.117448 0.673380 0.117188 0.672917 0.114062 0.672917 0.113802 0.672454 0.111458 0.672454 0.111198 0.671991 0.108073 0.671991 0.107813 0.671528 0.104948 0.671528 0.104688 0.671065 0.102604 0.671065 0.102344 0.670602 0.100260 0.670602 0.100000 0.670139 0.098177 0.670139 0.096615 0.669213 0.095312 0.669213 0.095052 0.668750 0.087760 0.668750 0.087500 0.668287 0.085417 0.668287 0.085156 0.667824 0.080469 0.667824 0.080208 0.667361 0.078385 0.667361 0.078125 0.666898 0.076563 0.666898 0.076302 0.666435 0.071354 0.666435 0.069010 0.665046 0.067708 0.665046 0.067448 0.664583 0.064844 0.664583 0.064583 0.664120 0.062240 0.664120 0.061979 0.663657 0.059896 0.663657 0.059635 0.663194 0.056771 0.663194 0.056510 0.662731 0.053125 0.662731 0.052865 0.662269 0.051042 0.662269 0.050781 0.661806 0.048698 0.661806 0.048438 0.661343 0.044531 0.661343 0.044271 0.660880 0.042448 0.660880 0.042188 0.660417 0.040625 0.660417 0.040365 0.659954 0.037240 0.659028 0.036198 0.659491 0.035677 0.660417 0.033854 0.661806 0.032161 0.664815 0.032161 0.665278 0.029948 0.669213 0.028776 0.670833 0.028255 0.672685 0.026953 0.675000 0.026953 0.675463 0.024870 0.679167 0.024089 0.681481 0.022005 0.685185 0.022005 0.685648 0.020443 0.688426 0.020443 0.688889 0.018880 0.691667 0.018880 0.692130 0.016276 0.696759 0.016276 0.697222 0.014323 0.701157 0.014063 0.701157 0.012891 0.703241 0.012891 0.703704 0.008464 0.711574 0.007422 0.714815 0.005078 0.718981 0.004297 0.721296 0.002604 0.723843 0.001302 0.724769 0.000000 0.724769
 8 0.260156 0.568287 0.259115 0.568287 0.258203 0.566667 0.258464 0.564815 0.259115 0.564120 0.260156 0.564583 0.260807 0.566204 0.260807 0.567130 0.260156 0.568287
 8 0.236719 0.567824 0.235807 0.566667 0.236719 0.565046 0.237109 0.566204 0.236719 0.567824
 8 0.267969 0.584491 0.266927 0.584491 0.263672 0.580556 0.263411 0.578704 0.264062 0.577546 0.266927 0.577546 0.267708 0.578009 0.268880 0.580556 0.268620 0.582407 0.267969 0.584491
 8 0.244271 0.580787 0.243229 0.580787 0.241797 0.578704 0.242708 0.578009 0.244010 0.578009 0.244661 0.578704 0.244661 0.580093 0.244271 0.580787
 8 0.252344 0.599306 0.251172 0.596759 0.250911 0.594444 0.251563 0.592361 0.252344 0.592361 0.252995 0.594444 0.252995 0.597222 0.252344 0.599306
 8 0.274740 0.596528 0.273568 0.594444 0.274740 0.593750 0.275130 0.595370 0.274740 0.596528
 8 0.255208 0.603472 0.254557 0.601389 0.255339 0.601389 0.255208 0.603472
 8 0.259375 0.608565 0.258073 0.608102 0.256771 0.606713 0.256120 0.606481 0.256510 0.605787 0.259375 0.605787 0.260156 0.606250 0.260026 0.607870 0.259375 0.608565
 8 0.296875 0.638194 0.294271 0.638194 0.292969 0.637269 0.289714 0.631481 0.288932 0.628241 0.288672 0.625463 0.287500 0.624306 0.285677 0.623380 0.284766 0.621759 0.284245 0.619444 0.283594 0.618750 0.282161 0.616204 0.281641 0.612037 0.281120 0.610185 0.278776 0.606481 0.279427 0.605787 0.280208 0.606250 0.282292 0.606250 0.283724 0.608333 0.283984 0.610648 0.284505 0.612500 0.286849 0.616667 0.286849 0.617130 0.289583 0.621991 0.289844 0.621991 0.294792 0.630787 0.296354 0.632639 0.297526 0.634722 0.297786 0.637037 0.296875 0.638194
 8 0.299219 0.643287 0.298828 0.642593 0.298828 0.641204 0.299349 0.641667 0.299219 0.643287
 8 0.303125 0.650231 0.301823 0.650231 0.300911 0.648611 0.301563 0.646991 0.302344 0.646991 0.303255 0.648148 0.303125 0.650231
 8 0.283594 0.656713 0.283464 0.654630 0.283724 0.654630 0.283594 0.656713
 8 0.310417 0.665972 0.308594 0.665972 0.308333 0.665509 0.307031 0.665509 0.305859 0.663426 0.305599 0.662500 0.305599 0.655093 0.305990 0.654398 0.306771 0.654398 0.307422 0.655556 0.307943 0.658333 0.308854 0.659954 0.309896 0.660417 0.311328 0.662037 0.311328 0.664352 0.310417 0.665972
 8 0.315625 0.678472 0.313802 0.678472 0.313151 0.677315 0.312891 0.675463 0.313802 0.672454 0.314844 0.672917 0.316146 0.675231 0.317057 0.675926 0.317057 0.676852 0.316406 0.678009 0.315625 0.678472
 8 0.299219 0.685880 0.298828 0.684722 0.299349 0.682870 0.299609 0.684722 0.299219 0.685880
 8 0.313802 0.716435 0.312891 0.710648 0.313411 0.708333 0.313411 0.706944 0.313802 0.705787 0.314844 0.705787 0.315495 0.709259 0.315495 0.712500 0.314974 0.714815 0.313802 0.716435
 8 0.000000 0.920139 0.002604 0.920139 0.005469 0.921528 0.007031 0.922917 0.007552 0.923843 0.008854 0.924769 0.009896 0.926157 0.013021 0.928472 0.014844 0.928935 0.016146 0.929861 0.016927 0.929861 0.018229 0.930787 0.019531 0.930787 0.019792 0.931250 0.022135 0.931713 0.024479 0.933102 0.027604 0.933102 0.027865 0.932639 0.029167 0.932639 0.030990 0.934491 0.032552 0.936806 0.035937 0.936806 0.036198 0.936343 0.037500 0.936343 0.037760 0.936806 0.040104 0.937269 0.040365 0.937731 0.041667 0.937731 0.041927 0.938194 0.043490 0.938194 0.045312 0.939583 0.045833 0.940509 0.047656 0.942361 0.049479 0.942824 0.049740 0.943287 0.052604 0.943287 0.052865 0.943750 0.054167 0.943750 0.054427 0.944213 0.055729 0.944213 0.055990 0.944676 0.057292 0.944676 0.057552 0.945139 0.058854 0.945139 0.060156 0.946065 0.060937 0.946065 0.063802 0.948380 0.064844 0.948843 0.066146 0.948843 0.067448 0.949306 0.069010 0.950694 0.069792 0.952083 0.071354 0.953935 0.072656 0.954861 0.075260 0.956250 0.076823 0.956713 0.078125 0.958102 0.079948 0.959491 0.081771 0.959491 0.082031 0.959954 0.084115 0.959954 0.084896 0.960417 0.086719 0.962269 0.088281 0.964583 0.089063 0.964583 0.090625 0.965509 0.092448 0.967824 0.094010 0.969213 0.095573 0.969676 0.095833 0.970139 0.097135 0.970139 0.097396 0.970602 0.099219 0.970602 0.103125 0.973380 0.105208 0.974306 0.105990 0.975231 0.107292 0.975694 0.108594 0.977083 0.109115 0.977083 0.111458 0.979398 0.112240 0.979398 0.113281 0.980324 0.114062 0.980324 0.114844 0.981250 0.116146 0.981713 0.117188 0.982639 0.119010 0.983102 0.120313 0.984028 0.123177 0.984954 0.124479 0.985880 0.125521 0.985880 0.126823 0.986806 0.128646 0.987269 0.128906 0.987731 0.130990 0.988194 0.133073 0.990046 0.134115 0.991898 0.135937 0.993750 0.136979 0.995602 0.134896 0.996065 0.134635 0.996528 0.132292 0.996528 0.132031 0.996991 0.127865 0.996991 0.126823 0.997454 0.126562 0.996991 0.124479 0.996991 0.124219 0.996528 0.117969 0.996528 0.117708 0.996991 0.101042 0.996991 0.100781 0.997454 0.094271 0.997454 0.094010 0.996991 0.061458 0.996991 0.061198 0.996528 0.059115 0.996528 0.058854 0.996991 0.039323 0.996991 0.039062 0.996528 0.026823 0.996528 0.026562 0.996991 0.024219 0.996991 0.023958 0.996528 0.016406 0.996528 0.016146 0.996991 0.000000 0.996991
