 6 0.475260 0.954398 0.472917 0.954398 0.472656 0.953935 0.470313 0.953935 0.470052 0.953472 0.467187 0.953472 0.466406 0.953009 0.464062 0.950694 0.463021 0.950231 0.461328 0.947222 0.460807 0.945370 0.458203 0.940741 0.457943 0.939815 0.457943 0.936574 0.457682 0.936111 0.457682 0.932870 0.457422 0.931019 0.456641 0.927778 0.456641 0.924537 0.456901 0.924074 0.456901 0.917130 0.456380 0.914815 0.456380 0.911111 0.456901 0.908796 0.456901 0.903241 0.456380 0.900926 0.456120 0.898611 0.456641 0.895833 0.456641 0.893519 0.456901 0.893056 0.456641 0.889352 0.456120 0.887037 0.456120 0.883333 0.456641 0.881481 0.456901 0.877315 0.456380 0.875000 0.456380 0.873611 0.455859 0.871759 0.455859 0.869907 0.456380 0.867593 0.456380 0.862037 0.455859 0.860185 0.455599 0.856481 0.456120 0.854630 0.456120 0.853241 0.456641 0.850926 0.456380 0.847685 0.455599 0.844444 0.455599 0.842130 0.456120 0.839815 0.456120 0.834259 0.455339 0.830556 0.455339 0.828704 0.456120 0.824537 0.456380 0.824074 0.456380 0.821296 0.455599 0.817593 0.455599 0.812963 0.455859 0.812500 0.455859 0.810185 0.456120 0.808333 0.455859 0.806019 0.455339 0.804167 0.455339 0.800000 0.455859 0.797685 0.455859 0.792130 0.455339 0.789815 0.455339 0.784259 0.455599 0.783796 0.455599 0.779630 0.455339 0.779167 0.455339 0.776852 0.455078 0.776389 0.455078 0.771296 0.455339 0.770833 0.455339 0.768519 0.455599 0.768056 0.455599 0.765741 0.455339 0.765278 0.455339 0.762500 0.455078 0.762037 0.455078 0.756481 0.455339 0.756019 0.455339 0.751852 0.455078 0.751389 0.455078 0.749074 0.454818 0.748611 0.454818 0.743056 0.455078 0.742593 0.455078 0.736111 0.454818 0.735648 0.454818 0.724074 0.454557 0.723611 0.454557 0.719444 0.454297 0.717593 0.454557 0.717130 0.454557 0.705093 0.454297 0.704630 0.454297 0.692593 0.454036 0.692130 0.454036 0.686574 0.454297 0.686111 0.454297 0.679167 0.454036 0.678704 0.454036 0.668981 0.453776 0.668519 0.453776 0.645370 0.453516 0.644907 0.453516 0.619907 0.453255 0.619444 0.453255 0.611111 0.453516 0.610648 0.453516 0.557870 0.453255 0.557407 0.453255 0.552778 0.452995 0.552315 0.452995 0.548148 0.453255 0.547685 0.453255 0.530093 0.452995 0.529630 0.452995 0.498611 0.452734 0.498148 0.452734 0.484259 0.452995 0.483796 0.452995 0.480093 0.452734 0.479630 0.452734 0.469907 0.452474 0.469444 0.452474 0.459722 0.452734 0.459259 0.452734 0.450926 0.452995 0.450463 0.452995 0.445833 0.453516 0.441667 0.454297 0.438426 0.455469 0.436343 0.457292 0.434491 0.459375 0.433102 0.461719 0.432176 0.466406 0.432176 0.467969 0.431250 0.469010 0.431250 0.470313 0.430324 0.473438 0.430324 0.473698 0.429861 0.476302 0.429861 0.476562 0.429398 0.478125 0.429398 0.478385 0.428935 0.481250 0.428935 0.481510 0.428472 0.484635 0.428472 0.484896 0.428009 0.487240 0.428009 0.487500 0.427546 0.494531 0.427546 0.495573 0.426620 0.497135 0.426157 0.498177 0.424769 0.499740 0.421991 0.501563 0.420602 0.503385 0.420602 0.503646 0.420139 0.508594 0.420139 0.508854 0.419676 0.510156 0.419676 0.511458 0.418750 0.512760 0.418750 0.513021 0.418287 0.514323 0.418287 0.515625 0.417361 0.517969 0.416898 0.518229 0.416435 0.520312 0.416435 0.520573 0.415972 0.522656 0.415972 0.522917 0.415509 0.524740 0.415509 0.525000 0.415046 0.527344 0.415046 0.527604 0.415509 0.528906 0.415509 0.529948 0.415046 0.531510 0.413657 0.533073 0.411806 0.536458 0.411806 0.537500 0.411343 0.538281 0.410417 0.541667 0.408102 0.544531 0.408102 0.544792 0.407639 0.547135 0.407639 0.548698 0.406713 0.550000 0.406713 0.550260 0.406250 0.551823 0.406250 0.552083 0.405787 0.553646 0.405787 0.553906 0.405324 0.555208 0.405324 0.555469 0.404861 0.560677 0.404861 0.560937 0.404398 0.562760 0.403935 0.563802 0.403009 0.565365 0.403009 0.565625 0.403472 0.567187 0.403472 0.567448 0.403935 0.569271 0.403472 0.572135 0.401157 0.576823 0.401157 0.578385 0.400231 0.579948 0.398843 0.581250 0.398380 0.582552 0.398380 0.582812 0.397917 0.584115 0.397917 0.585677 0.396991 0.587240 0.395602 0.588542 0.395139 0.592448 0.395139 0.592708 0.394676 0.594792 0.394676 0.595052 0.394213 0.596354 0.394213 0.596615 0.394676 0.597917 0.394676 0.598177 0.395139 0.599740 0.395139 0.601302 0.393750 0.601823 0.392824 0.603646 0.391435 0.607812 0.391435 0.608073 0.390972 0.610156 0.390972 0.610417 0.390509 0.612500 0.390509 0.612760 0.390046 0.615104 0.390046 0.615365 0.389583 0.619010 0.387731 0.622396 0.387731 0.622656 0.388194 0.627083 0.388194 0.629687 0.389120 0.630990 0.390046 0.631901 0.391667 0.632422 0.393519 0.632422 0.394907 0.632943 0.396759 0.633724 0.402315 0.635026 0.406019 0.636068 0.411111 0.636849 0.413889 0.638411 0.417130 0.638411 0.418056 0.639193 0.420833 0.639193 0.423611 0.639453 0.424074 0.639453 0.426852 0.639714 0.427315 0.639714 0.432870 0.639974 0.435185 0.640495 0.437037 0.640495 0.438426 0.641016 0.440741 0.641016 0.448148 0.641276 0.449537 0.642839 0.455093 0.643099 0.459259 0.643620 0.462500 0.644141 0.463889 0.644401 0.466204 0.644922 0.468056 0.644922 0.469444 0.645964 0.473611 0.646484 0.476389 0.646745 0.479630 0.647266 0.482407 0.647266 0.485185 0.647526 0.485648 0.647526 0.488426 0.647786 0.488889 0.647786 0.491204 0.648568 0.496296 0.648568 0.499074 0.648828 0.499537 0.648828 0.502315 0.649089 0.502778 0.649089 0.506019 0.649349 0.506481 0.649349 0.510185 0.649609 0.512500 0.650130 0.514352 0.650391 0.516667 0.650911 0.518056 0.651172 0.520833 0.651693 0.522685 0.651953 0.526389 0.652474 0.528241 0.652995 0.532407 0.653776 0.535648 0.653776 0.537037 0.654297 0.539352 0.654297 0.541204 0.654818 0.543519 0.654818 0.545833 0.655078 0.546296 0.655078 0.548611 0.655339 0.549074 0.655339 0.551852 0.655599 0.552315 0.655599 0.555556 0.655859 0.556019 0.655859 0.559259 0.656120 0.559722 0.656120 0.562500 0.656380 0.562963 0.656380 0.565278 0.656641 0.565741 0.656641 0.568056 0.658203 0.575926 0.658724 0.577315 0.658984 0.580093 0.659505 0.582407 0.659766 0.584722 0.660807 0.591204 0.661068 0.594444 0.661589 0.596296 0.661589 0.597685 0.662370 0.601852 0.662370 0.604167 0.662630 0.604630 0.662630 0.607407 0.663411 0.611574 0.664714 0.615278 0.664714 0.622222 0.664974 0.622685 0.664974 0.625926 0.665234 0.626389 0.665234 0.628704 0.665495 0.629167 0.665495 0.631481 0.665755 0.631944 0.665755 0.634259 0.666016 0.636111 0.667057 0.639352 0.667839 0.642593 0.667578 0.644907 0.667578 0.649537 0.668359 0.653241 0.668620 0.656019 0.669401 0.658796 0.669401 0.660185 0.670703 0.666667 0.670703 0.668981 0.670964 0.669444 0.670964 0.672685 0.671224 0.673148 0.671224 0.677315 0.671484 0.677778 0.671484 0.680093 0.672526 0.687963 0.673307 0.691667 0.673307 0.694907 0.673568 0.697222 0.674349 0.701389 0.674870 0.703241 0.674870 0.705093 0.675391 0.708796 0.676172 0.711574 0.676172 0.712963 0.676693 0.715278 0.676693 0.716667 0.677214 0.718519 0.677214 0.719907 0.677995 0.723148 0.678255 0.725000 0.678255 0.729167 0.678516 0.729630 0.678516 0.734722 0.678776 0.735185 0.678776 0.738889 0.679036 0.739352 0.679036 0.741667 0.679818 0.745833 0.679818 0.748148 0.680078 0.748611 0.680078 0.752315 0.680339 0.752778 0.681120 0.756944 0.682161 0.759259 0.682422 0.761111 0.682422 0.764352 0.682682 0.766667 0.684245 0.771296 0.685026 0.774074 0.685026 0.777778 0.685286 0.778241 0.685286 0.781944 0.686068 0.785648 0.686068 0.788426 0.686328 0.788889 0.686328 0.795370 0.687370 0.801389 0.687891 0.803704 0.687891 0.805556 0.688411 0.807870 0.688411 0.810185 0.689193 0.815278 0.689193 0.818519 0.689453 0.818981 0.689453 0.821296 0.689974 0.824074 0.691016 0.827778 0.691797 0.831481 0.693359 0.835648 0.693620 0.837037 0.693620 0.845370 0.693880 0.845833 0.693880 0.850463 0.694401 0.853241 0.694401 0.855093 0.694922 0.857870 0.694922 0.860185 0.695443 0.862963 0.695443 0.864815 0.695964 0.868056 0.697005 0.871759 0.697005 0.877315 0.698047 0.880093 0.698568 0.882407 0.699089 0.883333 0.699349 0.885185 0.700911 0.891204 0.700911 0.899074 0.701172 0.899537 0.701172 0.902778 0.701432 0.903241 0.701432 0.914815 0.700651 0.918519 0.699740 0.920139 0.696875 0.922454 0.694010 0.927546 0.693490 0.928009 0.691927 0.928009 0.691667 0.928472 0.687760 0.928472 0.687500 0.928935 0.683854 0.928935 0.683594 0.929398 0.674479 0.929398 0.674219 0.929861 0.672135 0.929861 0.671875 0.930324 0.670312 0.930324 0.670052 0.930787 0.667969 0.930787 0.667708 0.931250 0.664844 0.931250 0.663281 0.930324 0.660937 0.930324 0.660677 0.930787 0.658854 0.931250 0.658594 0.931713 0.656771 0.931713 0.656510 0.931250 0.652604 0.931250 0.651042 0.932176 0.648438 0.932176 0.648177 0.931713 0.645833 0.931713 0.642708 0.933565 0.638281 0.933565 0.635156 0.935417 0.633333 0.935417 0.633073 0.934954 0.629427 0.934954 0.627865 0.935880 0.626302 0.935880 0.626042 0.936343 0.624219 0.936343 0.623958 0.936806 0.622135 0.936806 0.621875 0.937269 0.618490 0.937269 0.618229 0.937731 0.613281 0.937731 0.613021 0.938194 0.610677 0.938194 0.610417 0.938657 0.608854 0.938657 0.608594 0.939120 0.602083 0.939120 0.600521 0.940046 0.594792 0.940046 0.594531 0.940509 0.592969 0.940509 0.592708 0.940972 0.589063 0.940972 0.588802 0.940509 0.587500 0.940509 0.587240 0.940972 0.585156 0.940972 0.584896 0.941435 0.577865 0.941435 0.577604 0.941898 0.563542 0.941898 0.563281 0.942361 0.560937 0.942361 0.560677 0.942824 0.554948 0.942824 0.554688 0.943287 0.551042 0.943287 0.550781 0.943750 0.546615 0.943750 0.546354 0.944213 0.542708 0.944213 0.542448 0.944676 0.539062 0.944676 0.538802 0.945139 0.535677 0.945139 0.535417 0.945602 0.532292 0.945602 0.532031 0.946065 0.530208 0.946065 0.529948 0.946528 0.528646 0.946528 0.525781 0.947917 0.520833 0.947917 0.520573 0.948380 0.518229 0.948380 0.517969 0.948843 0.513021 0.948843 0.512760 0.949306 0.510417 0.949306 0.510156 0.949769 0.507552 0.949769 0.507292 0.950231 0.503385 0.950231 0.503125 0.950694 0.499479 0.950694 0.499219 0.951157 0.493229 0.951157 0.492969 0.951620 0.491667 0.951620 0.491406 0.952083 0.485156 0.952083 0.483854 0.953009 0.482552 0.953472 0.480729 0.953472 0.480469 0.953009 0.477865 0.953009 0.476562 0.953935 0.475260 0.954398
 6 0.627474 0.718981 0.628776 0.717593 0.627083 0.716435 0.625911 0.717593 0.626563 0.718750 0.627474 0.718981
 6 0.647005 0.857407 0.647526 0.856481 0.647005 0.854167 0.645833 0.852546 0.645182 0.854167 0.644922 0.856481 0.645573 0.857639 0.647005 0.857407
 3 0.364714 0.000000 0.364714 0.012037 0.364974 0.012500 0.365755 0.018519 0.366797 0.023148 0.366797 0.025463 0.366276 0.027315 0.364844 0.029861 0.362500 0.032176 0.359635 0.034491 0.358594 0.034491 0.355729 0.035880 0.354167 0.035880 0.353906 0.036343 0.352344 0.036343 0.352083 0.035880 0.350000 0.035880 0.348698 0.035417 0.346875 0.034028 0.346094 0.033102 0.343099 0.027778 0.342578 0.026389 0.341797 0.022222 0.341016 0.019444 0.338672 0.012963 0.338411 0.010185 0.338151 0.009722 0.338151 0.006944 0.338411 0.006481 0.338411 0.000000
 3 0.336198 0.155324 0.332813 0.155324 0.331771 0.154398 0.330208 0.153935 0.328906 0.152546 0.328125 0.151157 0.327083 0.150231 0.325911 0.148148 0.325391 0.146296 0.323307 0.141204 0.322266 0.137037 0.320964 0.132870 0.319141 0.128704 0.318359 0.124537 0.317839 0.123148 0.317578 0.120370 0.317839 0.119907 0.318359 0.115741 0.319141 0.112500 0.319141 0.111574 0.319922 0.108796 0.320964 0.106019 0.321615 0.105324 0.325000 0.099306 0.328125 0.096065 0.329688 0.094676 0.330990 0.094213 0.332813 0.092824 0.333854 0.092361 0.335156 0.092361 0.335417 0.091898 0.338802 0.091898 0.339062 0.092361 0.340365 0.092361 0.342187 0.093287 0.344792 0.096528 0.345052 0.096528 0.346484 0.099074 0.347266 0.100926 0.347786 0.103241 0.348307 0.104167 0.349089 0.107407 0.350391 0.110185 0.351432 0.112963 0.351693 0.114352 0.352474 0.116204 0.352995 0.118981 0.353516 0.120370 0.353776 0.122222 0.353776 0.130556 0.353516 0.131019 0.353255 0.134259 0.351172 0.137963 0.350130 0.142130 0.348958 0.144213 0.348177 0.144676 0.345573 0.149306 0.344531 0.150231 0.343229 0.150694 0.341146 0.152546 0.338802 0.153472 0.338021 0.154398 0.336198 0.155324
 3 0.304557 0.000000 0.304688 0.002546 0.305990 0.002546 0.308854 0.004861 0.310807 0.008333 0.311328 0.009722 0.311328 0.011574 0.310026 0.016667 0.307682 0.020833 0.306901 0.024074 0.306901 0.026389 0.306641 0.026852 0.306641 0.032870 0.306901 0.033333 0.307161 0.036574 0.307422 0.037037 0.307682 0.039815 0.308464 0.042593 0.309245 0.044444 0.309245 0.049074 0.308594 0.050694 0.307812 0.051157 0.306250 0.051157 0.305469 0.050231 0.303385 0.049306 0.302083 0.048380 0.300521 0.048380 0.300260 0.047917 0.297135 0.047917 0.296875 0.048380 0.295052 0.048380 0.294792 0.048843 0.292448 0.048843 0.291146 0.049306 0.290365 0.048843 0.289453 0.045833 0.288932 0.044907 0.288151 0.042130 0.287370 0.040741 0.286849 0.038889 0.286068 0.037500 0.285026 0.033796 0.284505 0.031019 0.284505 0.022685 0.285286 0.019907 0.285286 0.018981 0.286328 0.015741 0.287109 0.013889 0.288802 0.010880 0.289062 0.010880 0.290885 0.008102 0.292448 0.006250 0.294792 0.004398 0.296615 0.003935 0.297396 0.003009 0.298828 0.002315 0.298828 0.000000
 4 0.295573 0.115972 0.293490 0.114583 0.292448 0.114583 0.290365 0.113194 0.288411 0.109722 0.287630 0.107870 0.286068 0.103241 0.284245 0.099074 0.283984 0.097685 0.282943 0.095370 0.282422 0.093056 0.281120 0.090278 0.281120 0.089815 0.279557 0.086574 0.279297 0.083796 0.278516 0.080556 0.278516 0.072222 0.280078 0.066204 0.281380 0.063426 0.282161 0.061111 0.283594 0.058565 0.284635 0.057639 0.285938 0.055787 0.287240 0.054398 0.288542 0.053472 0.290625 0.050694 0.291927 0.049769 0.293229 0.049769 0.293490 0.049306 0.295312 0.049306 0.295573 0.048843 0.296875 0.048843 0.297135 0.048380 0.301042 0.048380 0.302344 0.048843 0.305729 0.051620 0.306250 0.052546 0.307812 0.053935 0.309505 0.056944 0.310286 0.059722 0.312891 0.065278 0.313672 0.068056 0.315234 0.072222 0.315495 0.073611 0.316536 0.076389 0.317839 0.081481 0.318359 0.084259 0.318359 0.092593 0.317839 0.094907 0.313411 0.102778 0.313411 0.103241 0.310937 0.107639 0.308594 0.109954 0.304688 0.112731 0.302604 0.114583 0.301042 0.114583 0.300781 0.115046 0.298958 0.115046 0.298698 0.115509 0.295833 0.115509 0.295573 0.115972
 4 0.324479 0.070139 0.321875 0.070139 0.320312 0.068750 0.318750 0.067824 0.316406 0.065509 0.314714 0.062037 0.314453 0.060648 0.312630 0.056944 0.311589 0.052315 0.310026 0.047222 0.310026 0.046296 0.308464 0.040278 0.307943 0.039352 0.307422 0.037037 0.307161 0.034722 0.306380 0.031944 0.306380 0.028241 0.306641 0.025926 0.307422 0.022685 0.308464 0.020833 0.309245 0.018519 0.311979 0.013657 0.312760 0.012731 0.315104 0.010880 0.315625 0.009954 0.317708 0.008102 0.318229 0.008102 0.319531 0.006713 0.320052 0.006713 0.321354 0.005324 0.323177 0.004861 0.323437 0.004398 0.328385 0.004398 0.329427 0.003935 0.331250 0.004861 0.332552 0.006250 0.334375 0.007639 0.337370 0.012963 0.340234 0.020833 0.342839 0.030093 0.343359 0.031019 0.344661 0.036111 0.344922 0.037963 0.344922 0.040741 0.345182 0.041204 0.345182 0.046759 0.344141 0.050926 0.343099 0.052778 0.341536 0.056944 0.340104 0.059028 0.339323 0.059491 0.337500 0.061806 0.336458 0.063657 0.333854 0.066435 0.329688 0.068750 0.328385 0.068750 0.326823 0.069676 0.324740 0.069676 0.324479 0.070139
 4 0.398828 0.000000 0.398828 0.002315 0.399089 0.003704 0.400130 0.006019 0.400911 0.008796 0.401172 0.011574 0.401693 0.013426 0.401953 0.017130 0.402214 0.017593 0.402214 0.020833 0.402474 0.021296 0.402474 0.025926 0.401953 0.028704 0.399609 0.032870 0.399089 0.034722 0.398047 0.037037 0.396354 0.040046 0.396094 0.040046 0.392969 0.042824 0.390625 0.046065 0.389062 0.047454 0.387760 0.047917 0.385937 0.049306 0.384635 0.049769 0.381250 0.049769 0.380990 0.049306 0.378125 0.049306 0.376042 0.047917 0.375260 0.046528 0.374219 0.045602 0.373047 0.043981 0.370443 0.036574 0.370443 0.035648 0.369401 0.031944 0.368880 0.031019 0.367318 0.025463 0.366276 0.020370 0.365495 0.018056 0.364714 0.012963 0.364453 0.012500 0.364193 0.008796 0.364453 0.008333 0.364453 0.005556 0.364714 0.005093 0.364714 0.002778 0.364974 0.002315 0.364974 0.000000
 6 0.330469 0.012731 0.329688 0.012731 0.328516 0.011111 0.328906 0.009028 0.330990 0.009028 0.331641 0.010648 0.331250 0.011806 0.330469 0.012731
 6 0.427865 0.377546 0.426563 0.377546 0.426302 0.377083 0.425000 0.377083 0.423177 0.376157 0.422135 0.374769 0.421354 0.374306 0.419531 0.372454 0.417448 0.369676 0.414062 0.366898 0.413542 0.365972 0.412240 0.365046 0.410417 0.362731 0.407552 0.360417 0.404427 0.357176 0.403646 0.356713 0.401823 0.354398 0.399219 0.352546 0.398698 0.351620 0.396615 0.349769 0.395313 0.347917 0.392969 0.346065 0.391146 0.343750 0.388802 0.341898 0.387760 0.340509 0.386458 0.339583 0.385937 0.338657 0.383594 0.336806 0.382292 0.334954 0.380990 0.334028 0.380469 0.333102 0.379167 0.332176 0.378646 0.331250 0.376302 0.328935 0.375521 0.327546 0.373698 0.325694 0.371094 0.323843 0.370573 0.322917 0.368750 0.321528 0.367448 0.320139 0.363802 0.316898 0.362500 0.315046 0.361198 0.314120 0.360677 0.313194 0.358854 0.311806 0.357552 0.310417 0.357031 0.310417 0.354948 0.308102 0.354167 0.306713 0.352865 0.305787 0.352344 0.304861 0.350000 0.303009 0.347656 0.299769 0.344010 0.296528 0.342708 0.294676 0.340625 0.292824 0.337240 0.290509 0.334896 0.287731 0.334115 0.287269 0.333333 0.285880 0.330990 0.284028 0.330208 0.283102 0.328906 0.282639 0.326823 0.280324 0.326562 0.280324 0.325000 0.277546 0.323698 0.275694 0.322917 0.275231 0.320703 0.271296 0.320703 0.270833 0.318490 0.266898 0.318229 0.266898 0.314714 0.260648 0.314714 0.260185 0.313151 0.257407 0.313151 0.256944 0.311849 0.254630 0.311068 0.252778 0.310807 0.251389 0.310026 0.250000 0.309505 0.248148 0.308724 0.246759 0.308203 0.244907 0.306641 0.242130 0.306641 0.241667 0.305339 0.239352 0.304557 0.237037 0.301953 0.232407 0.301172 0.230093 0.299089 0.226389 0.298047 0.223611 0.297786 0.222222 0.296745 0.219907 0.296224 0.218056 0.293880 0.213889 0.293099 0.211574 0.288932 0.204167 0.288411 0.201852 0.287370 0.199074 0.285807 0.195833 0.285807 0.195370 0.282943 0.190278 0.282422 0.187963 0.280859 0.183796 0.279036 0.180556 0.278255 0.178704 0.277995 0.177315 0.277214 0.175463 0.275260 0.171991 0.275000 0.171991 0.273307 0.168981 0.272005 0.165741 0.271224 0.162963 0.269661 0.160185 0.268620 0.157870 0.267578 0.154630 0.264974 0.150000 0.262891 0.143981 0.262370 0.142130 0.260807 0.139352 0.260807 0.138889 0.259505 0.136574 0.259505 0.136111 0.257161 0.131944 0.255599 0.127315 0.254036 0.124537 0.252214 0.119444 0.249870 0.115278 0.249870 0.114815 0.247786 0.109722 0.247266 0.107870 0.247266 0.100000 0.248828 0.095833 0.250781 0.092361 0.251042 0.092361 0.254297 0.086574 0.254297 0.086111 0.255469 0.084028 0.255729 0.084028 0.259115 0.078009 0.261198 0.075694 0.262109 0.074074 0.262891 0.071759 0.264844 0.068750 0.265104 0.068750 0.267188 0.065046 0.267448 0.065046 0.269661 0.061111 0.269661 0.060648 0.271875 0.056713 0.272917 0.055787 0.276042 0.050231 0.276302 0.050231 0.277734 0.047685 0.278516 0.045370 0.279427 0.043750 0.280990 0.042361 0.282813 0.039120 0.283333 0.038657 0.284115 0.039120 0.286328 0.043056 0.287370 0.046759 0.287370 0.047685 0.288281 0.049306 0.290104 0.050694 0.293229 0.050694 0.293490 0.050231 0.295312 0.050231 0.295573 0.050694 0.297135 0.050694 0.297786 0.051852 0.297656 0.053009 0.295833 0.053472 0.295573 0.053935 0.293750 0.053935 0.293490 0.053472 0.291927 0.053472 0.291667 0.053009 0.289844 0.053009 0.289583 0.053472 0.288021 0.053472 0.286979 0.053935 0.285677 0.055324 0.283854 0.056713 0.282422 0.060185 0.281901 0.063426 0.281380 0.064352 0.280599 0.067130 0.279297 0.072685 0.279297 0.075000 0.279036 0.075463 0.279036 0.082407 0.279297 0.084722 0.280078 0.087500 0.281120 0.089352 0.281901 0.091667 0.282422 0.094907 0.282422 0.098148 0.282682 0.100000 0.284115 0.102546 0.284375 0.102546 0.286719 0.106713 0.288542 0.108565 0.291406 0.113657 0.292708 0.114583 0.294141 0.117130 0.294661 0.118519 0.294922 0.120370 0.298958 0.127546 0.300000 0.128009 0.302083 0.128009 0.302344 0.128472 0.305208 0.128472 0.305469 0.128935 0.307292 0.128472 0.308594 0.127546 0.309375 0.126157 0.311198 0.124769 0.312760 0.124769 0.313021 0.124306 0.315104 0.124306 0.316406 0.124769 0.317708 0.125694 0.320443 0.130556 0.320964 0.131944 0.321745 0.135185 0.322266 0.136574 0.323177 0.137731 0.325130 0.142130 0.325391 0.143519 0.326172 0.145370 0.328125 0.148843 0.329167 0.150231 0.329948 0.150694 0.334896 0.150694 0.335156 0.151157 0.338021 0.151157 0.339583 0.150231 0.340365 0.149306 0.341927 0.146528 0.345052 0.146528 0.347656 0.143750 0.348698 0.141898 0.349609 0.138889 0.350651 0.136111 0.351562 0.134954 0.352734 0.132407 0.353516 0.129167 0.353516 0.122222 0.353255 0.120833 0.352214 0.118519 0.351172 0.114815 0.350391 0.112963 0.348958 0.110417 0.348698 0.110417 0.347266 0.107407 0.346745 0.105093 0.346224 0.100463 0.344792 0.097917 0.343490 0.096528 0.342187 0.094213 0.340625 0.092824 0.339062 0.092361 0.338802 0.091898 0.336458 0.091435 0.336198 0.091898 0.333594 0.091898 0.333333 0.092361 0.331771 0.092361 0.331510 0.092824 0.329688 0.093287 0.328255 0.095370 0.327474 0.097685 0.327214 0.100463 0.327995 0.103241 0.328516 0.106019 0.328516 0.108796 0.327734 0.111574 0.326562 0.113194 0.324740 0.113194 0.323958 0.112731 0.322526 0.110648 0.322005 0.108796 0.322005 0.104630 0.322526 0.102315 0.322526 0.099537 0.321484 0.096759 0.320443 0.091667 0.319922 0.090278 0.319401 0.085185 0.319922 0.082870 0.320573 0.081713 0.322396 0.081250 0.325781 0.084954 0.327344 0.084954 0.328646 0.084028 0.329948 0.084028 0.331510 0.083102 0.336198 0.080787 0.337240 0.080787 0.339062 0.079398 0.342318 0.073611 0.343359 0.069907 0.346224 0.064815 0.345964 0.062500 0.345182 0.059722 0.345182 0.058796 0.346224 0.055556 0.346745 0.050926 0.347266 0.048611 0.347266 0.045833 0.348047 0.042130 0.349219 0.040046 0.351562 0.038657 0.352604 0.037731 0.353906 0.037731 0.354167 0.037269 0.357292 0.037269 0.357552 0.036806 0.358854 0.036806 0.359115 0.036343 0.360938 0.036343 0.361198 0.035880 0.363542 0.034491 0.364583 0.033565 0.367708 0.033565 0.369010 0.034491 0.369922 0.036111 0.370703 0.038426 0.371745 0.040278 0.372266 0.042130 0.373437 0.044213 0.375000 0.045139 0.376172 0.047222 0.377214 0.050926 0.377214 0.051852 0.378646 0.053009 0.379818 0.055093 0.380339 0.057407 0.381250 0.058565 0.382552 0.059028 0.384635 0.059028 0.384896 0.059491 0.387240 0.059491 0.388281 0.059954 0.390625 0.058102 0.392188 0.055787 0.393490 0.054398 0.397396 0.051157 0.398177 0.049769 0.399740 0.048843 0.400911 0.046759 0.401953 0.045370 0.402474 0.043981 0.402734 0.041667 0.403776 0.038889 0.403776 0.030093 0.403255 0.028241 0.403255 0.024537 0.402995 0.024074 0.402995 0.021759 0.403255 0.021296 0.403255 0.015278 0.403776 0.012963 0.404687 0.011343 0.405729 0.010880 0.408073 0.010880 0.409635 0.012269 0.411719 0.013194 0.413542 0.014583 0.415365 0.015046 0.415625 0.015509 0.419531 0.017824 0.420312 0.018750 0.422917 0.019676 0.423958 0.020602 0.427083 0.021991 0.427344 0.022454 0.430208 0.024306 0.432552 0.025231 0.433594 0.026157 0.435417 0.026620 0.436979 0.027546 0.437760 0.028472 0.439063 0.028935 0.440885 0.030787 0.441406 0.030787 0.442708 0.032176 0.443229 0.032176 0.446615 0.034028 0.447656 0.034954 0.448437 0.034954 0.451302 0.037269 0.452604 0.037731 0.453906 0.039120 0.456510 0.040972 0.458594 0.041898 0.460417 0.043750 0.461198 0.044213 0.462630 0.046759 0.463672 0.050000 0.463932 0.051389 0.463932 0.053704 0.464193 0.054167 0.464193 0.059722 0.463672 0.064352 0.463411 0.064815 0.463411 0.067130 0.463672 0.067593 0.463672 0.070370 0.463932 0.070833 0.463932 0.073148 0.464193 0.073611 0.464453 0.076852 0.464974 0.079630 0.464974 0.081481 0.465495 0.083796 0.465495 0.085185 0.466016 0.087500 0.466016 0.088889 0.467578 0.094444 0.467578 0.095370 0.468359 0.098611 0.468620 0.100926 0.469401 0.103241 0.469922 0.105556 0.473307 0.111574 0.474089 0.114352 0.474089 0.115278 0.475130 0.118519 0.475651 0.121296 0.475911 0.124537 0.476693 0.127778 0.476693 0.128704 0.477474 0.131944 0.477995 0.136111 0.478255 0.136574 0.478255 0.138889 0.479036 0.142593 0.479557 0.146759 0.480078 0.148148 0.480339 0.150000 0.480339 0.152778 0.480599 0.153241 0.480599 0.155556 0.480859 0.156019 0.480859 0.158796 0.481120 0.159259 0.481120 0.161574 0.481380 0.162963 0.482682 0.167130 0.482943 0.169444 0.484245 0.175463 0.484245 0.176852 0.484766 0.178704 0.485026 0.181481 0.485547 0.183796 0.486328 0.188426 0.486849 0.190278 0.486849 0.192130 0.487370 0.194444 0.487370 0.196296 0.488151 0.200000 0.489193 0.206019 0.489193 0.207407 0.489714 0.209259 0.490234 0.212963 0.490755 0.214352 0.490755 0.215741 0.491536 0.218981 0.491797 0.222222 0.492057 0.222685 0.492578 0.227778 0.493359 0.231481 0.493359 0.238889 0.493099 0.240741 0.492057 0.243981 0.489714 0.249074 0.488411 0.254167 0.486849 0.257407 0.486849 0.257870 0.485677 0.259954 0.484115 0.261806 0.482943 0.263889 0.481641 0.267593 0.479818 0.272222 0.477734 0.275926 0.476693 0.278241 0.475651 0.281944 0.472786 0.287037 0.472786 0.287500 0.468620 0.294907 0.467318 0.298611 0.465234 0.302778 0.464193 0.305556 0.462370 0.308796 0.461068 0.312500 0.458203 0.317593 0.456120 0.322685 0.452995 0.328241 0.452995 0.328704 0.450911 0.332407 0.450911 0.332870 0.448307 0.338889 0.446745 0.343519 0.445182 0.346296 0.445182 0.346759 0.443099 0.350926 0.443099 0.351389 0.441016 0.355093 0.440234 0.357407 0.438542 0.360417 0.437370 0.362037 0.435807 0.366204 0.434766 0.368056 0.433984 0.370370 0.432552 0.372917 0.431250 0.374769 0.427865 0.377546
 6 0.310677 0.032639 0.310156 0.032639 0.309505 0.031019 0.309245 0.029167 0.309245 0.026852 0.308984 0.024537 0.309505 0.022685 0.310156 0.021528 0.310937 0.021528 0.311589 0.022685 0.311849 0.024074 0.311849 0.026389 0.311328 0.029167 0.311328 0.031019 0.310677 0.032639
 6 0.472005 0.194444 0.472656 0.194213 0.473568 0.193056 0.473828 0.192130 0.472005 0.184722 0.472005 0.183333 0.471484 0.181944 0.471224 0.179630 0.470182 0.176389 0.470182 0.175463 0.468620 0.169907 0.468359 0.168056 0.468359 0.165741 0.468099 0.165278 0.468099 0.162500 0.467578 0.159722 0.467057 0.158333 0.466276 0.153241 0.465625 0.152083 0.464323 0.151157 0.462760 0.151620 0.460938 0.154861 0.459375 0.156250 0.457943 0.159259 0.457943 0.159722 0.456641 0.162037 0.455859 0.163889 0.455599 0.165278 0.453516 0.168981 0.452474 0.171759 0.450911 0.174537 0.450391 0.175926 0.450130 0.178241 0.450391 0.179630 0.451302 0.181250 0.453906 0.183565 0.455208 0.184028 0.455990 0.184954 0.457292 0.185417 0.458073 0.186343 0.460938 0.188194 0.462500 0.190509 0.463542 0.190972 0.464323 0.191898 0.465104 0.191898 0.467187 0.193287 0.468490 0.193287 0.470573 0.194676 0.472005 0.194444
 6 0.310286 0.206019 0.310156 0.204861 0.307031 0.204861 0.306901 0.205556 0.307552 0.206250 0.310156 0.206250 0.310286 0.206019
 6 0.318880 0.228241 0.321875 0.225694 0.323568 0.222685 0.324609 0.219444 0.323437 0.217361 0.321615 0.215509 0.321094 0.215509 0.319531 0.214120 0.317969 0.211806 0.315885 0.210880 0.315104 0.209954 0.313281 0.209954 0.312630 0.211111 0.312370 0.212500 0.312370 0.218519 0.314193 0.223611 0.315625 0.226157 0.317708 0.228472 0.318880 0.228241
 6 0.369922 0.273148 0.370443 0.269444 0.370964 0.268056 0.370703 0.265741 0.370182 0.264352 0.369922 0.261111 0.369271 0.259954 0.368229 0.259491 0.367448 0.260417 0.365625 0.263657 0.364583 0.263657 0.363672 0.262037 0.363411 0.260648 0.361458 0.257176 0.360286 0.256019 0.359766 0.253241 0.359115 0.252083 0.357812 0.250694 0.357031 0.250694 0.355469 0.249769 0.354557 0.247685 0.353125 0.245139 0.351823 0.244676 0.350781 0.243750 0.350000 0.242361 0.348958 0.241435 0.347396 0.242824 0.346224 0.245370 0.347917 0.247454 0.349479 0.248380 0.350260 0.249306 0.351302 0.249769 0.352214 0.251389 0.352474 0.252778 0.353906 0.254861 0.355469 0.255787 0.357292 0.257639 0.358854 0.258102 0.359505 0.259259 0.360807 0.264815 0.361719 0.266898 0.363281 0.268287 0.366927 0.270139 0.368099 0.272222 0.368490 0.273380 0.369922 0.273148
 2 0.140104 0.685880 0.136198 0.685880 0.135937 0.685417 0.134115 0.685417 0.132812 0.684954 0.130469 0.683565 0.129167 0.683565 0.126823 0.682639 0.125000 0.681250 0.124219 0.681250 0.121615 0.679398 0.120833 0.679398 0.118750 0.678009 0.117708 0.678009 0.116667 0.677083 0.114844 0.676620 0.113802 0.675694 0.110937 0.674769 0.105469 0.671528 0.104427 0.670602 0.101953 0.666204 0.100911 0.662963 0.100911 0.655556 0.101432 0.653241 0.102604 0.651157 0.103906 0.650694 0.105990 0.652546 0.107813 0.655324 0.109635 0.656713 0.110417 0.656713 0.112500 0.658102 0.113802 0.658565 0.115365 0.658565 0.115625 0.659028 0.119531 0.659028 0.119792 0.658565 0.121615 0.658565 0.121875 0.658102 0.123958 0.658102 0.124219 0.657639 0.126302 0.657639 0.126562 0.657176 0.128125 0.657176 0.128385 0.656713 0.129688 0.656713 0.129948 0.656250 0.131771 0.656250 0.132031 0.655787 0.133594 0.655787 0.133854 0.655324 0.135156 0.655324 0.135417 0.654861 0.136979 0.654861 0.137240 0.654398 0.138802 0.654398 0.140365 0.653472 0.141667 0.653472 0.141927 0.653009 0.143229 0.653009 0.144792 0.652083 0.146094 0.652083 0.146354 0.651620 0.148958 0.651620 0.149219 0.651157 0.151302 0.651157 0.151562 0.650694 0.152865 0.650694 0.153125 0.650231 0.154427 0.650231 0.154688 0.649769 0.155990 0.649769 0.156250 0.649306 0.157552 0.649306 0.157812 0.648843 0.159375 0.648843 0.159635 0.648380 0.160938 0.648380 0.161198 0.647917 0.162760 0.647917 0.163021 0.647454 0.164323 0.647454 0.164583 0.646991 0.166146 0.646991 0.166406 0.646528 0.167969 0.646528 0.168229 0.646065 0.169531 0.646065 0.169792 0.645602 0.171615 0.645602 0.171875 0.645139 0.173177 0.645139 0.173437 0.644676 0.174740 0.644676 0.175000 0.644213 0.176302 0.644213 0.176563 0.643750 0.178385 0.643750 0.178646 0.643287 0.180469 0.643287 0.180729 0.642824 0.182031 0.642824 0.182292 0.642361 0.183594 0.642361 0.183854 0.641898 0.185156 0.641898 0.186719 0.640972 0.188021 0.640972 0.190885 0.639583 0.192188 0.639583 0.192448 0.639120 0.193750 0.639120 0.194010 0.638657 0.196094 0.638657 0.196354 0.638194 0.198177 0.638194 0.198437 0.637731 0.199740 0.637731 0.200000 0.637269 0.201823 0.637269 0.202083 0.636806 0.204167 0.636806 0.204427 0.636343 0.206771 0.636343 0.207031 0.635880 0.208854 0.635880 0.209115 0.635417 0.210417 0.635417 0.210677 0.634954 0.211979 0.634954 0.212240 0.634491 0.213542 0.634491 0.213802 0.634028 0.215625 0.634028 0.215885 0.633565 0.217188 0.633565 0.217448 0.633102 0.219010 0.633102 0.219271 0.632639 0.220833 0.632639 0.222396 0.631713 0.223698 0.631713 0.223958 0.631250 0.225521 0.631250 0.225781 0.630787 0.227604 0.630787 0.227865 0.630324 0.229427 0.630324 0.229687 0.629861 0.231250 0.629861 0.231510 0.629398 0.232813 0.629398 0.235417 0.628472 0.235677 0.628009 0.236979 0.628009 0.238542 0.627083 0.239844 0.627083 0.240104 0.626620 0.241667 0.626620 0.241927 0.626157 0.244010 0.626157 0.244271 0.625694 0.245573 0.625694 0.245833 0.625231 0.247396 0.625231 0.247656 0.624769 0.248958 0.624769 0.249219 0.624306 0.250781 0.624306 0.251042 0.623843 0.252344 0.623843 0.252604 0.623380 0.254167 0.623380 0.254427 0.622917 0.256250 0.622917 0.256510 0.622454 0.258594 0.622454 0.258854 0.621991 0.261198 0.621991 0.261458 0.621528 0.263542 0.621528 0.263802 0.621065 0.265104 0.621065 0.266667 0.620139 0.267969 0.620139 0.268229 0.619676 0.269531 0.619676 0.269792 0.619213 0.271354 0.619213 0.271615 0.618750 0.272917 0.618750 0.273177 0.618287 0.274740 0.618287 0.275000 0.617824 0.276562 0.617824 0.276823 0.617361 0.278125 0.617361 0.278385 0.616898 0.280208 0.616898 0.280469 0.616435 0.282292 0.616435 0.282552 0.615972 0.283854 0.615972 0.284896 0.615046 0.286719 0.614120 0.288542 0.610880 0.288802 0.610880 0.290104 0.608565 0.291276 0.606944 0.292318 0.603241 0.292839 0.599537 0.292839 0.596296 0.293099 0.595833 0.293099 0.593056 0.293359 0.592593 0.293359 0.590278 0.293620 0.589815 0.293620 0.587500 0.293880 0.585185 0.294401 0.582870 0.294661 0.579630 0.294922 0.579167 0.294922 0.575926 0.295182 0.575463 0.295182 0.570833 0.295443 0.570370 0.295443 0.564815 0.295703 0.564352 0.295703 0.561111 0.295964 0.560648 0.295964 0.556944 0.296224 0.556481 0.296224 0.552315 0.296484 0.551852 0.296484 0.546759 0.296745 0.546296 0.296745 0.540741 0.297005 0.540278 0.297005 0.536574 0.297266 0.536111 0.297266 0.532870 0.297526 0.532407 0.297526 0.530093 0.297786 0.529630 0.297786 0.526852 0.298047 0.526389 0.298047 0.523611 0.298307 0.523148 0.298307 0.520370 0.298568 0.519907 0.298568 0.516667 0.298828 0.516204 0.298828 0.512500 0.299089 0.512037 0.299089 0.508333 0.299349 0.507870 0.299349 0.504630 0.299609 0.504167 0.299609 0.500926 0.299870 0.500463 0.299870 0.497222 0.300130 0.496759 0.300130 0.493519 0.300391 0.493056 0.300391 0.489815 0.300651 0.489352 0.300651 0.485185 0.300911 0.484722 0.300911 0.480556 0.301172 0.480093 0.301172 0.476389 0.301432 0.475926 0.301432 0.473148 0.301693 0.472685 0.301953 0.468519 0.302214 0.468056 0.302214 0.463426 0.302474 0.462963 0.302474 0.459259 0.302734 0.458796 0.302734 0.455556 0.302995 0.455093 0.302995 0.450000 0.303255 0.449537 0.303255 0.444444 0.303516 0.443981 0.303516 0.440741 0.303776 0.440278 0.303776 0.437037 0.304036 0.436574 0.304036 0.433333 0.304297 0.432870 0.304297 0.428241 0.304557 0.427778 0.304557 0.424074 0.304818 0.423611 0.304818 0.420370 0.305078 0.419907 0.305078 0.417130 0.305599 0.414815 0.305599 0.411574 0.304557 0.407407 0.304557 0.402778 0.305078 0.400000 0.305990 0.398380 0.307031 0.398380 0.308854 0.400231 0.309896 0.400231 0.310937 0.401157 0.313932 0.406481 0.313932 0.406944 0.316927 0.412269 0.317969 0.413194 0.326172 0.427778 0.326953 0.430556 0.327214 0.432407 0.327214 0.437963 0.326953 0.438426 0.326953 0.443519 0.326693 0.443981 0.326693 0.450000 0.326432 0.450463 0.326432 0.453704 0.326172 0.454167 0.326172 0.458333 0.325911 0.458796 0.325911 0.464352 0.325651 0.464815 0.325651 0.470833 0.325391 0.471296 0.325391 0.475926 0.325130 0.476389 0.325130 0.481481 0.324870 0.481944 0.324870 0.485648 0.324609 0.486111 0.324609 0.491204 0.324349 0.491667 0.324349 0.497222 0.324089 0.497685 0.324089 0.501852 0.323828 0.502315 0.323828 0.506481 0.323568 0.506944 0.323568 0.511111 0.323307 0.511574 0.323307 0.516204 0.323047 0.516667 0.323047 0.522222 0.322786 0.522685 0.322786 0.526852 0.322526 0.527315 0.322526 0.530556 0.322266 0.531019 0.322266 0.535648 0.322005 0.536111 0.322005 0.540278 0.321745 0.540741 0.321745 0.544444 0.321484 0.544907 0.321484 0.550463 0.321224 0.550926 0.321224 0.555093 0.320964 0.555556 0.320964 0.559722 0.320703 0.560185 0.320703 0.563426 0.320443 0.563889 0.320443 0.568056 0.320182 0.568519 0.320182 0.574074 0.319922 0.574537 0.319922 0.578704 0.319661 0.579167 0.319661 0.584259 0.319401 0.584722 0.319401 0.588426 0.319141 0.588889 0.319141 0.592130 0.318880 0.592593 0.318880 0.597222 0.318620 0.597685 0.318620 0.600463 0.318359 0.600926 0.318359 0.604630 0.318099 0.605093 0.318099 0.610185 0.317839 0.610648 0.317839 0.614815 0.317578 0.615278 0.317578 0.618519 0.317318 0.618981 0.317318 0.621759 0.316797 0.624537 0.315755 0.628241 0.314974 0.630093 0.309896 0.639120 0.308594 0.640046 0.307292 0.641435 0.306250 0.641898 0.304948 0.641898 0.302083 0.643287 0.300260 0.643287 0.300000 0.643750 0.298698 0.643750 0.295833 0.645139 0.294531 0.645139 0.294271 0.645602 0.292969 0.645602 0.292708 0.646065 0.291146 0.646065 0.290885 0.646528 0.289323 0.646528 0.289062 0.646991 0.287760 0.646991 0.287500 0.647454 0.285938 0.647454 0.285677 0.647917 0.284115 0.647917 0.283854 0.648380 0.282031 0.648380 0.281771 0.648843 0.280208 0.648843 0.279948 0.649306 0.278646 0.649306 0.278385 0.649769 0.277083 0.649769 0.276823 0.650231 0.275000 0.650231 0.274740 0.650694 0.273177 0.650694 0.272917 0.651157 0.271354 0.651157 0.271094 0.651620 0.269531 0.651620 0.269271 0.652083 0.267969 0.652083 0.267708 0.652546 0.266146 0.652546 0.265885 0.653009 0.264062 0.653009 0.263802 0.653472 0.261979 0.653472 0.261719 0.653935 0.260156 0.653935 0.259896 0.654398 0.258594 0.654398 0.258333 0.654861 0.257031 0.654861 0.256771 0.655324 0.255208 0.655324 0.254948 0.655787 0.252865 0.655787 0.252604 0.656250 0.251302 0.656250 0.251042 0.656713 0.249740 0.656713 0.249479 0.657176 0.247917 0.657176 0.247656 0.657639 0.246354 0.657639 0.246094 0.658102 0.244531 0.658102 0.244271 0.658565 0.242708 0.658565 0.242448 0.659028 0.240885 0.659028 0.240625 0.659491 0.239323 0.659491 0.239063 0.659954 0.237760 0.659954 0.236198 0.660880 0.234115 0.660880 0.233854 0.661343 0.232031 0.661343 0.231771 0.661806 0.230469 0.661806 0.230208 0.662269 0.228646 0.662269 0.228385 0.662731 0.226562 0.662731 0.226302 0.663194 0.225000 0.663194 0.224740 0.663657 0.223438 0.663657 0.223177 0.664120 0.221354 0.664120 0.221094 0.664583 0.219792 0.664583 0.219531 0.665046 0.218229 0.665046 0.217969 0.665509 0.216667 0.665509 0.216406 0.665972 0.214844 0.665972 0.214583 0.666435 0.213281 0.666435 0.213021 0.666898 0.211719 0.666898 0.210156 0.667824 0.208854 0.667824 0.208594 0.668287 0.206510 0.668287 0.206250 0.668750 0.204687 0.668750 0.204427 0.669213 0.203125 0.669213 0.202865 0.669676 0.201302 0.669676 0.201042 0.670139 0.199219 0.670139 0.198958 0.670602 0.197656 0.670602 0.197396 0.671065 0.195312 0.671065 0.195052 0.671528 0.193750 0.671528 0.193490 0.671991 0.191927 0.671991 0.191667 0.672454 0.190104 0.672454 0.189844 0.672917 0.188542 0.672917 0.188281 0.673380 0.186979 0.673380 0.186719 0.673843 0.185156 0.673843 0.184896 0.674306 0.183073 0.674306 0.182812 0.674769 0.181250 0.674769 0.180990 0.675231 0.178385 0.676157 0.176302 0.676157 0.176042 0.676620 0.173958 0.676620 0.173698 0.677083 0.172396 0.677083 0.172135 0.677546 0.170573 0.677546 0.170313 0.678009 0.168750 0.678009 0.168490 0.678472 0.166927 0.678472 0.166667 0.678935 0.165365 0.678935 0.165104 0.679398 0.163802 0.679398 0.163542 0.679861 0.162240 0.679861 0.161979 0.680324 0.160677 0.680324 0.158073 0.681250 0.157812 0.681713 0.155990 0.681713 0.155729 0.682176 0.153646 0.682176 0.153385 0.682639 0.151302 0.682639 0.151042 0.683102 0.149219 0.683102 0.148958 0.683565 0.147396 0.683565 0.147135 0.684028 0.145833 0.684028 0.145573 0.684491 0.144271 0.684491 0.144010 0.684954 0.142448 0.684954 0.142187 0.685417 0.140365 0.685417 0.140104 0.685880
 2 0.114583 0.594676 0.114193 0.593056 0.114583 0.591898 0.114974 0.593519 0.114583 0.594676
 2 0.111719 0.607176 0.111328 0.606481 0.111589 0.605556 0.112109 0.606481 0.111719 0.607176
 2 0.288542 0.998380 0.280990 0.998380 0.280729 0.997917 0.269271 0.997917 0.269010 0.997454 0.260677 0.997454 0.260417 0.997917 0.252344 0.997917 0.252083 0.997454 0.203646 0.997454 0.203385 0.996991 0.198958 0.996991 0.198698 0.997454 0.186719 0.997454 0.186458 0.997917 0.177083 0.997917 0.176823 0.997454 0.154948 0.997454 0.154688 0.996991 0.153385 0.996991 0.153125 0.997454 0.146615 0.997454 0.146354 0.996991 0.144531 0.996991 0.144271 0.997454 0.142187 0.997454 0.141927 0.996991 0.136198 0.996991 0.135937 0.997454 0.125521 0.997454 0.125260 0.996991 0.121875 0.996991 0.121615 0.997454 0.088802 0.997454 0.088542 0.997917 0.079427 0.997917 0.079167 0.997454 0.070833 0.997454 0.070573 0.997917 0.048177 0.997917 0.047917 0.998380 0.043750 0.998380 0.042969 0.997917 0.042057 0.996296 0.042057 0.992593 0.042318 0.992130 0.042318 0.988889 0.043099 0.981944 0.043359 0.981481 0.044922 0.973148 0.045703 0.967593 0.045703 0.966204 0.046224 0.964352 0.046484 0.961111 0.047005 0.959259 0.047005 0.957870 0.047786 0.952315 0.048307 0.950463 0.048828 0.946296 0.049349 0.944444 0.049349 0.943056 0.049870 0.941204 0.049870 0.939815 0.050391 0.937963 0.050391 0.936574 0.050911 0.934722 0.050911 0.933333 0.051432 0.931481 0.051432 0.930093 0.051953 0.928241 0.051953 0.926852 0.052734 0.923611 0.052995 0.920370 0.053516 0.918056 0.053516 0.916667 0.054557 0.912500 0.054557 0.911111 0.055078 0.909259 0.055078 0.907870 0.055599 0.905556 0.055599 0.903704 0.056120 0.899537 0.056641 0.897685 0.057422 0.892593 0.058724 0.888426 0.058724 0.887500 0.059766 0.883796 0.060026 0.881481 0.060026 0.878704 0.060547 0.876389 0.060807 0.872222 0.061589 0.869444 0.061849 0.867130 0.062370 0.865741 0.062630 0.863426 0.063151 0.862037 0.063672 0.859259 0.063672 0.857870 0.064714 0.853241 0.065755 0.845370 0.066536 0.842130 0.067578 0.835648 0.068359 0.833333 0.068880 0.830093 0.069922 0.827315 0.070182 0.825926 0.072005 0.821759 0.075000 0.816435 0.075260 0.816435 0.076563 0.814120 0.078125 0.812269 0.080469 0.810417 0.082031 0.810417 0.082292 0.809954 0.083854 0.809954 0.084115 0.809491 0.085417 0.809491 0.085677 0.809028 0.086979 0.809028 0.087240 0.808565 0.089063 0.808565 0.089323 0.808102 0.091406 0.808102 0.091667 0.807639 0.094531 0.807639 0.094792 0.807176 0.096615 0.807176 0.096875 0.806713 0.098437 0.806713 0.098698 0.806250 0.100260 0.806250 0.100521 0.805787 0.102083 0.805787 0.102344 0.805324 0.103906 0.805324 0.104167 0.804861 0.105469 0.804861 0.105729 0.804398 0.107031 0.804398 0.107292 0.803935 0.109115 0.803935 0.109375 0.803472 0.111198 0.803472 0.111458 0.803009 0.113281 0.803009 0.113542 0.802546 0.115625 0.802546 0.115885 0.802083 0.118490 0.802083 0.118750 0.801620 0.120313 0.801620 0.120573 0.801157 0.122135 0.801157 0.122396 0.800694 0.123958 0.800694 0.124219 0.800231 0.126302 0.800231 0.126562 0.799769 0.128646 0.799769 0.128906 0.799306 0.130469 0.799306 0.130729 0.798843 0.132292 0.798843 0.132552 0.798380 0.134375 0.798380 0.134635 0.797917 0.136198 0.797917 0.136458 0.797454 0.138281 0.797454 0.138542 0.796991 0.140625 0.796991 0.140885 0.796528 0.142969 0.796528 0.143229 0.796065 0.144792 0.796065 0.145052 0.795602 0.146615 0.795602 0.146875 0.795139 0.149479 0.795139 0.149740 0.794676 0.151562 0.794676 0.153125 0.793750 0.154688 0.793750 0.154948 0.793287 0.156510 0.793287 0.156771 0.792824 0.158073 0.792824 0.158333 0.792361 0.160156 0.792361 0.160417 0.791898 0.161979 0.791898 0.162240 0.791435 0.164323 0.791435 0.164583 0.790972 0.166667 0.790972 0.166927 0.790509 0.168750 0.790509 0.169010 0.790046 0.170833 0.790046 0.171094 0.789583 0.172656 0.789583 0.172917 0.789120 0.175000 0.789120 0.175260 0.788657 0.177344 0.788657 0.177604 0.788194 0.180208 0.788194 0.180469 0.787731 0.183073 0.787731 0.183333 0.787269 0.185156 0.787269 0.185417 0.786806 0.187500 0.786806 0.187760 0.786343 0.189844 0.786343 0.190104 0.785880 0.191667 0.785880 0.191927 0.785417 0.193490 0.785417 0.193750 0.784954 0.195573 0.784954 0.195833 0.784491 0.197656 0.784491 0.197917 0.784028 0.200000 0.784028 0.200260 0.783565 0.202083 0.783565 0.202344 0.783102 0.204167 0.783102 0.204427 0.782639 0.206510 0.782639 0.206771 0.782176 0.209115 0.782176 0.209375 0.781713 0.211719 0.781713 0.211979 0.781250 0.214583 0.781250 0.214844 0.780787 0.217188 0.780787 0.217448 0.780324 0.219531 0.780324 0.219792 0.779861 0.221875 0.779861 0.222135 0.779398 0.223698 0.779398 0.223958 0.778935 0.225781 0.778935 0.226042 0.778472 0.227865 0.778472 0.228125 0.778009 0.229948 0.778009 0.230208 0.777546 0.232031 0.777546 0.232292 0.777083 0.234115 0.777083 0.234375 0.776620 0.236198 0.776620 0.236458 0.776157 0.238542 0.776157 0.238802 0.775694 0.240885 0.775694 0.241146 0.775231 0.242708 0.775231 0.242969 0.774769 0.244792 0.774769 0.245052 0.774306 0.246615 0.774306 0.246875 0.773843 0.248177 0.773843 0.248438 0.773380 0.250260 0.773380 0.250521 0.772917 0.253125 0.772917 0.253385 0.772454 0.255208 0.772454 0.255469 0.771991 0.256771 0.771991 0.257031 0.771528 0.258333 0.771528 0.258594 0.771065 0.260156 0.771065 0.260417 0.770602 0.261979 0.770602 0.262240 0.770139 0.264062 0.770139 0.264323 0.769676 0.266406 0.769676 0.266667 0.769213 0.268750 0.769213 0.269010 0.768750 0.271094 0.768750 0.271354 0.768287 0.276562 0.768287 0.276823 0.768750 0.278125 0.768750 0.278385 0.769213 0.280729 0.769676 0.280990 0.770139 0.283333 0.770602 0.284635 0.771528 0.285677 0.771528 0.287760 0.772917 0.288542 0.772917 0.289583 0.773843 0.291927 0.774769 0.292969 0.775694 0.295573 0.776620 0.296875 0.778009 0.298177 0.778935 0.299740 0.780787 0.302995 0.786574 0.303776 0.789352 0.304557 0.794907 0.304557 0.799074 0.304297 0.799537 0.304297 0.805556 0.304036 0.806019 0.304036 0.811111 0.303776 0.811574 0.303776 0.816204 0.303516 0.816667 0.303516 0.819907 0.303255 0.820370 0.303255 0.823611 0.302995 0.824074 0.302995 0.826852 0.302734 0.827315 0.302734 0.830556 0.302474 0.831019 0.302474 0.835648 0.302214 0.836111 0.302214 0.840278 0.301953 0.840741 0.301953 0.844444 0.301693 0.844907 0.301693 0.848148 0.301432 0.848611 0.301432 0.851389 0.301172 0.851852 0.301172 0.854630 0.300911 0.855093 0.300911 0.858333 0.300651 0.858796 0.300651 0.861574 0.300391 0.862037 0.300391 0.864815 0.300130 0.865278 0.300130 0.869444 0.299870 0.869907 0.299870 0.872685 0.299609 0.873148 0.299609 0.875463 0.299349 0.875926 0.299349 0.878241 0.299089 0.878704 0.299089 0.882407 0.298828 0.882870 0.298828 0.886574 0.298568 0.887037 0.298568 0.889815 0.298307 0.890278 0.298307 0.895833 0.298047 0.896296 0.298047 0.900463 0.297786 0.900926 0.297786 0.903704 0.297526 0.904167 0.297526 0.906944 0.297266 0.907407 0.297266 0.910185 0.297005 0.910648 0.297005 0.913889 0.296745 0.914352 0.296745 0.917593 0.296484 0.918056 0.296484 0.921759 0.296224 0.922222 0.296224 0.925926 0.295964 0.926389 0.295964 0.929630 0.295703 0.930093 0.295703 0.932407 0.295443 0.932870 0.295443 0.935648 0.295182 0.936111 0.295182 0.938889 0.294922 0.939352 0.294922 0.942593 0.294661 0.943056 0.294661 0.947222 0.294401 0.947685 0.294401 0.952778 0.294141 0.953241 0.294141 0.956481 0.293880 0.956944 0.293880 0.959722 0.293620 0.960185 0.293620 0.963889 0.293359 0.964352 0.293359 0.967593 0.293099 0.968056 0.293099 0.970833 0.292839 0.971296 0.292839 0.973611 0.292578 0.974074 0.292578 0.977778 0.292318 0.978241 0.292318 0.982407 0.292057 0.982870 0.292057 0.985185 0.291536 0.987963 0.291536 0.990278 0.291016 0.993056 0.290755 0.995833 0.290104 0.997454 0.288542 0.998380
 5 0.131250 0.363194 0.129948 0.363194 0.129688 0.362731 0.127865 0.362731 0.127604 0.362269 0.125260 0.361343 0.123958 0.359954 0.122656 0.359028 0.121094 0.356250 0.120833 0.356250 0.118750 0.353472 0.116927 0.350231 0.114844 0.347917 0.114062 0.346528 0.113021 0.345602 0.111198 0.342824 0.110156 0.341898 0.109375 0.340509 0.108333 0.339583 0.107552 0.338194 0.105729 0.336806 0.104948 0.335417 0.103646 0.334028 0.102083 0.331250 0.101823 0.331250 0.099219 0.326620 0.098958 0.326620 0.097656 0.324306 0.096615 0.322917 0.095052 0.321528 0.094141 0.319907 0.093359 0.316204 0.093359 0.312963 0.093099 0.312500 0.093099 0.308333 0.094141 0.305093 0.094141 0.304167 0.094922 0.301389 0.096745 0.297222 0.097005 0.295833 0.100000 0.290509 0.101042 0.290046 0.103125 0.287269 0.107292 0.283565 0.109115 0.283102 0.110417 0.282176 0.111719 0.281713 0.119531 0.281713 0.122396 0.284028 0.122786 0.285185 0.125260 0.289583 0.127344 0.291435 0.128646 0.293750 0.129688 0.295139 0.130469 0.295602 0.133073 0.298843 0.135156 0.302546 0.135417 0.302546 0.137760 0.306250 0.142708 0.311806 0.144010 0.312731 0.146875 0.316435 0.147917 0.317361 0.150391 0.321759 0.151172 0.325000 0.151432 0.327315 0.151432 0.331019 0.150651 0.336111 0.149870 0.338889 0.149349 0.339815 0.148047 0.343981 0.147266 0.345833 0.142708 0.353935 0.142448 0.353935 0.139844 0.357639 0.137240 0.359491 0.135937 0.360880 0.133594 0.362269 0.132552 0.362269 0.131250 0.363194
 5 0.084115 0.374306 0.080729 0.374306 0.080469 0.373843 0.077865 0.373843 0.077604 0.373380 0.075781 0.372917 0.073958 0.370602 0.073177 0.370139 0.072135 0.368750 0.069010 0.363194 0.066927 0.360880 0.066146 0.359491 0.065365 0.359028 0.062500 0.355787 0.061198 0.353935 0.059635 0.353009 0.058333 0.351620 0.057031 0.349306 0.056771 0.349306 0.053906 0.345602 0.052604 0.344676 0.051562 0.343287 0.049219 0.339120 0.046354 0.335880 0.045573 0.335417 0.044141 0.332870 0.043359 0.330093 0.043099 0.328241 0.043099 0.321759 0.043880 0.319444 0.043880 0.318519 0.044922 0.315278 0.047266 0.311111 0.047266 0.310648 0.050260 0.305324 0.050521 0.305324 0.052344 0.302083 0.056250 0.298380 0.058333 0.297454 0.058594 0.296991 0.061719 0.295602 0.063281 0.294676 0.067708 0.294676 0.067969 0.295139 0.070052 0.295602 0.070833 0.296528 0.072917 0.297917 0.073698 0.298843 0.076042 0.303009 0.076302 0.303009 0.078125 0.305787 0.079427 0.306713 0.080990 0.309028 0.082031 0.309954 0.082812 0.311343 0.084635 0.312731 0.086458 0.315509 0.086719 0.315509 0.088021 0.317824 0.088802 0.318287 0.090885 0.321065 0.093750 0.323843 0.096094 0.328009 0.097656 0.328935 0.098698 0.328935 0.100521 0.330324 0.101302 0.331250 0.102474 0.333333 0.103516 0.336574 0.103776 0.338426 0.103776 0.344444 0.103255 0.345833 0.102734 0.349537 0.101953 0.352315 0.099349 0.358796 0.096094 0.364583 0.095052 0.365972 0.094271 0.366435 0.092188 0.369213 0.090625 0.370602 0.090104 0.370602 0.088802 0.371991 0.087500 0.372917 0.084375 0.373843 0.084115 0.374306
 5 0.000000 0.329398 0.001302 0.329398 0.003906 0.324769 0.006510 0.321991 0.008333 0.321065 0.010417 0.319676 0.012760 0.319213 0.013021 0.318750 0.014844 0.318750 0.015104 0.319213 0.016927 0.319213 0.020052 0.321065 0.020573 0.321991 0.022656 0.323843 0.023698 0.324306 0.025260 0.326620 0.025521 0.326620 0.026823 0.328935 0.028646 0.330324 0.029427 0.331250 0.030469 0.331713 0.030990 0.332639 0.032292 0.333565 0.032813 0.334491 0.034115 0.335417 0.035937 0.337731 0.037760 0.338657 0.039323 0.340046 0.040885 0.342361 0.043750 0.344676 0.044531 0.345602 0.046615 0.346528 0.048438 0.348380 0.049219 0.349769 0.049740 0.349769 0.052344 0.352546 0.054297 0.355556 0.054818 0.357407 0.054818 0.364352 0.053776 0.367130 0.053516 0.368519 0.052344 0.370139 0.051042 0.370139 0.050781 0.369676 0.048958 0.369676 0.047656 0.368750 0.046615 0.368750 0.045312 0.367824 0.042708 0.367824 0.042448 0.368287 0.040365 0.368287 0.040104 0.368750 0.037760 0.369676 0.034115 0.373380 0.032813 0.375231 0.031510 0.377546 0.031250 0.377546 0.029948 0.379861 0.029687 0.379861 0.026953 0.384722 0.026953 0.385185 0.025521 0.387731 0.025000 0.388194 0.023438 0.387269 0.021615 0.386806 0.020052 0.384954 0.017969 0.383565 0.015625 0.381250 0.015104 0.381250 0.013802 0.379861 0.011719 0.378935 0.010156 0.377083 0.007292 0.374769 0.005208 0.371991 0.003385 0.370139 0.002344 0.368287 0.001302 0.367361 0.000000 0.367361
 5 0.067708 0.447454 0.062500 0.447454 0.062240 0.446991 0.060677 0.446991 0.058333 0.445139 0.056771 0.443287 0.054948 0.440509 0.052865 0.438657 0.052344 0.438657 0.050521 0.436806 0.049219 0.435880 0.045573 0.432639 0.044010 0.432176 0.042969 0.431250 0.041667 0.430787 0.040365 0.429398 0.037760 0.427546 0.037240 0.427546 0.035677 0.426157 0.034896 0.424769 0.033333 0.422917 0.030990 0.421065 0.027083 0.417361 0.025781 0.416898 0.024740 0.415972 0.023047 0.413426 0.022526 0.412037 0.022266 0.409722 0.022266 0.403704 0.022526 0.403241 0.022526 0.400463 0.022786 0.398148 0.024089 0.391667 0.024349 0.389352 0.025781 0.386806 0.028255 0.383333 0.029948 0.378935 0.030990 0.377546 0.033854 0.374306 0.034635 0.373843 0.035937 0.371991 0.039062 0.370139 0.040885 0.368750 0.042188 0.368287 0.043750 0.368287 0.044010 0.367824 0.047135 0.368750 0.048177 0.369676 0.049740 0.370139 0.053125 0.372917 0.053906 0.374306 0.056250 0.376620 0.056771 0.376620 0.058333 0.378472 0.060156 0.379398 0.060677 0.380324 0.061979 0.381250 0.062500 0.382176 0.064062 0.383102 0.066927 0.385880 0.067448 0.385880 0.069792 0.388657 0.071875 0.390509 0.072396 0.390509 0.073698 0.391898 0.074219 0.391898 0.076563 0.393750 0.077344 0.394676 0.078646 0.395139 0.079427 0.396065 0.080729 0.396528 0.082812 0.398380 0.083854 0.399769 0.085286 0.402315 0.086328 0.405093 0.086589 0.406481 0.086589 0.409722 0.086849 0.410185 0.086849 0.414352 0.086589 0.414815 0.086328 0.418981 0.084766 0.424074 0.084505 0.425463 0.083464 0.428241 0.077083 0.439583 0.076042 0.440509 0.074740 0.442361 0.073438 0.443750 0.070573 0.445602 0.069010 0.446991 0.067708 0.447454
 5 0.000000 0.396528 0.002083 0.396528 0.004948 0.399306 0.005469 0.399306 0.007031 0.400694 0.012240 0.406250 0.013542 0.406713 0.015104 0.408102 0.016406 0.409954 0.017969 0.411343 0.018750 0.411343 0.020052 0.412731 0.020573 0.412731 0.026042 0.417824 0.026562 0.417824 0.027604 0.419213 0.029427 0.420602 0.031250 0.422454 0.032031 0.422917 0.033594 0.425231 0.034375 0.425694 0.035286 0.427778 0.035026 0.430093 0.035026 0.435185 0.033724 0.442593 0.033203 0.444907 0.032161 0.448148 0.027083 0.457176 0.025260 0.459491 0.023698 0.460880 0.023177 0.460880 0.021875 0.462269 0.020313 0.462731 0.019010 0.463657 0.017708 0.463657 0.017448 0.464120 0.013802 0.464120 0.012760 0.463657 0.009635 0.461343 0.009115 0.460417 0.007292 0.458565 0.006510 0.457176 0.004687 0.455787 0.002344 0.453472 0.001563 0.453009 0.000000 0.453009
 7 0.000000 0.455324 0.001823 0.455324 0.002083 0.455787 0.003385 0.455787 0.003646 0.456250 0.005208 0.456713 0.006771 0.458102 0.008073 0.459954 0.009635 0.462731 0.011198 0.463657 0.013542 0.464583 0.013802 0.465046 0.018750 0.465046 0.020052 0.464120 0.020833 0.464120 0.021875 0.463194 0.023958 0.459491 0.025000 0.459028 0.025781 0.458102 0.028125 0.456713 0.029167 0.455787 0.030599 0.453241 0.031901 0.449537 0.033594 0.446528 0.035156 0.444676 0.036849 0.441667 0.037891 0.438889 0.039323 0.436343 0.041406 0.434028 0.043750 0.432639 0.045312 0.433102 0.047396 0.436343 0.048958 0.437731 0.051823 0.439120 0.052604 0.440046 0.054167 0.440972 0.055469 0.442361 0.057031 0.444676 0.062760 0.448843 0.063802 0.449306 0.065365 0.449306 0.065625 0.448843 0.067187 0.448843 0.068490 0.448380 0.070312 0.446991 0.071875 0.446528 0.074479 0.443750 0.076563 0.441898 0.077604 0.440509 0.078906 0.438194 0.079167 0.438194 0.083203 0.431019 0.085547 0.424537 0.085547 0.423611 0.086328 0.421296 0.086589 0.418519 0.087109 0.416204 0.087109 0.410648 0.086849 0.410185 0.086328 0.405093 0.085547 0.402778 0.083854 0.399769 0.083594 0.399769 0.081380 0.395833 0.080599 0.392593 0.079427 0.390972 0.078125 0.390972 0.076823 0.390046 0.076042 0.390046 0.075000 0.389120 0.071354 0.387269 0.069271 0.385417 0.067448 0.384491 0.066276 0.382407 0.065495 0.377315 0.064323 0.375694 0.063021 0.375231 0.061458 0.375231 0.060677 0.374769 0.059245 0.372685 0.058464 0.369907 0.058464 0.367130 0.058203 0.366667 0.058203 0.364352 0.058464 0.363426 0.059896 0.360880 0.062760 0.360880 0.063021 0.361343 0.064323 0.361343 0.065365 0.362269 0.068229 0.367361 0.069271 0.368287 0.072135 0.372454 0.074219 0.374306 0.074740 0.375231 0.076042 0.376157 0.082552 0.376157 0.082812 0.376620 0.083854 0.376157 0.085677 0.374769 0.088281 0.373380 0.091146 0.372454 0.091927 0.371528 0.094010 0.367824 0.096094 0.365509 0.098437 0.361343 0.098698 0.361343 0.100130 0.358796 0.101172 0.355093 0.101693 0.354167 0.103255 0.349074 0.103255 0.348148 0.104427 0.345139 0.106771 0.343287 0.107813 0.343287 0.109896 0.344676 0.111198 0.344676 0.112240 0.345602 0.113542 0.346065 0.114844 0.347454 0.116536 0.350463 0.116536 0.350926 0.119792 0.356713 0.120833 0.358102 0.123438 0.360880 0.123958 0.360880 0.126562 0.362731 0.128125 0.362731 0.128385 0.363194 0.130990 0.363194 0.132552 0.361806 0.135417 0.360880 0.136458 0.359954 0.137240 0.359954 0.138281 0.359028 0.139583 0.358565 0.140104 0.357639 0.141406 0.356713 0.142708 0.354398 0.142969 0.354398 0.145052 0.350694 0.145964 0.349537 0.148568 0.342593 0.149349 0.339352 0.150651 0.336574 0.150911 0.334722 0.152214 0.330556 0.152474 0.329167 0.151432 0.324074 0.150000 0.321528 0.148958 0.320602 0.145964 0.315278 0.145964 0.314815 0.143880 0.311111 0.143229 0.309491 0.141146 0.307639 0.139714 0.305093 0.139193 0.303241 0.139193 0.299537 0.139453 0.298148 0.140625 0.295602 0.142448 0.295139 0.144792 0.293750 0.145833 0.293750 0.147396 0.292824 0.148438 0.292824 0.149740 0.291898 0.151042 0.291435 0.152604 0.291435 0.152865 0.290972 0.154427 0.290972 0.154688 0.290509 0.155990 0.290509 0.156250 0.290046 0.158073 0.289583 0.158333 0.289120 0.159635 0.289120 0.159896 0.288657 0.161458 0.288657 0.164323 0.287269 0.165885 0.285880 0.167187 0.285417 0.169271 0.285417 0.171094 0.284028 0.172396 0.282639 0.174219 0.281250 0.177604 0.281250 0.177865 0.280787 0.180469 0.279398 0.181771 0.279398 0.182031 0.278935 0.185417 0.278935 0.185677 0.278472 0.188021 0.277546 0.189323 0.276620 0.193750 0.276620 0.195573 0.275231 0.198177 0.273843 0.199219 0.273843 0.200781 0.272917 0.202344 0.272917 0.202604 0.273380 0.205729 0.273380 0.207813 0.271528 0.209375 0.270602 0.210417 0.270602 0.211979 0.269676 0.213802 0.269676 0.214062 0.269213 0.216406 0.269213 0.217969 0.271065 0.219531 0.273843 0.221875 0.276157 0.223828 0.279630 0.224349 0.281944 0.224349 0.283796 0.225130 0.287963 0.225911 0.290741 0.228776 0.295833 0.229297 0.297685 0.231510 0.301620 0.232552 0.302546 0.233854 0.304861 0.236719 0.308565 0.238542 0.311806 0.239583 0.312731 0.240755 0.314815 0.241536 0.317593 0.243229 0.320602 0.245312 0.321991 0.248177 0.323380 0.248828 0.324537 0.249870 0.327778 0.251302 0.330324 0.253385 0.331250 0.254688 0.331250 0.256250 0.332176 0.258464 0.336111 0.259505 0.338889 0.261719 0.342361 0.263021 0.343750 0.264193 0.345833 0.264193 0.346296 0.266536 0.351389 0.266797 0.353241 0.268490 0.356250 0.269531 0.357639 0.271354 0.359491 0.273438 0.362731 0.274219 0.363194 0.275521 0.365046 0.277083 0.367824 0.278385 0.369213 0.279818 0.371759 0.280599 0.374537 0.284245 0.381019 0.284896 0.382639 0.286198 0.384028 0.287109 0.386111 0.288542 0.388657 0.289844 0.390046 0.290365 0.390046 0.292187 0.391898 0.297135 0.400694 0.298438 0.402083 0.300000 0.402546 0.302344 0.404398 0.303516 0.406481 0.303776 0.407407 0.303776 0.409722 0.304036 0.410185 0.304036 0.414815 0.303516 0.417593 0.303516 0.419907 0.303255 0.420370 0.303255 0.428241 0.302474 0.431481 0.302214 0.433796 0.302214 0.441204 0.301953 0.441667 0.301953 0.444907 0.301693 0.445370 0.301693 0.454630 0.301432 0.455093 0.301432 0.457407 0.301172 0.457870 0.301172 0.460185 0.300911 0.460648 0.300911 0.471759 0.300651 0.472222 0.300651 0.475463 0.300391 0.475926 0.300391 0.481944 0.299349 0.487963 0.299349 0.498148 0.299089 0.498611 0.299089 0.508333 0.299349 0.508796 0.297786 0.516667 0.297786 0.519907 0.298047 0.520370 0.298047 0.525926 0.297786 0.526389 0.297786 0.530093 0.297526 0.531944 0.297786 0.532407 0.297786 0.541204 0.297526 0.541667 0.297526 0.544444 0.297266 0.544907 0.297526 0.547222 0.297526 0.553241 0.297266 0.553704 0.297266 0.556481 0.297005 0.556944 0.297005 0.560185 0.297266 0.560648 0.297786 0.564352 0.297786 0.567130 0.297526 0.568519 0.296484 0.571759 0.296224 0.573148 0.296224 0.575926 0.295964 0.576389 0.295964 0.578704 0.295182 0.580556 0.294922 0.582870 0.294141 0.586111 0.294141 0.593981 0.293620 0.596759 0.292318 0.601389 0.292057 0.604167 0.290234 0.608333 0.290234 0.608796 0.288542 0.611343 0.286719 0.612731 0.284896 0.613194 0.284635 0.613657 0.282292 0.615046 0.281250 0.616435 0.279948 0.617361 0.278646 0.617824 0.276823 0.617824 0.276562 0.618287 0.273438 0.618287 0.273177 0.618750 0.270573 0.618750 0.269271 0.619676 0.267969 0.620139 0.263281 0.620139 0.261979 0.621065 0.259375 0.622454 0.256510 0.622454 0.256250 0.622917 0.254948 0.622917 0.253385 0.623843 0.252083 0.623843 0.251823 0.624306 0.250000 0.624306 0.249740 0.624769 0.247917 0.624769 0.247656 0.625231 0.245573 0.625231 0.245312 0.625694 0.240625 0.625694 0.240365 0.626157 0.236979 0.626157 0.236719 0.626620 0.234635 0.626620 0.234375 0.627083 0.232813 0.627083 0.232552 0.627546 0.231250 0.627546 0.230990 0.628009 0.229687 0.628009 0.228125 0.628935 0.227083 0.628935 0.225000 0.630324 0.220052 0.630324 0.218229 0.632176 0.217708 0.632176 0.216146 0.633565 0.213802 0.633565 0.213542 0.634028 0.211719 0.634028 0.210156 0.634954 0.208854 0.634954 0.208594 0.635417 0.206771 0.635417 0.206510 0.635880 0.204948 0.635880 0.202865 0.637269 0.200781 0.637731 0.200521 0.638194 0.198437 0.638194 0.198177 0.638657 0.194531 0.638657 0.194271 0.639120 0.189583 0.639120 0.189323 0.639583 0.188021 0.639583 0.186458 0.640509 0.184635 0.640509 0.184375 0.640972 0.181250 0.640972 0.180208 0.641898 0.173437 0.644213 0.172135 0.645139 0.169792 0.645602 0.169531 0.646065 0.167708 0.646065 0.167448 0.646528 0.161458 0.646528 0.159115 0.647917 0.157812 0.648380 0.156510 0.648380 0.156250 0.648843 0.154688 0.648843 0.153385 0.649306 0.150521 0.651157 0.148438 0.651157 0.148177 0.651620 0.145573 0.651620 0.145313 0.652083 0.142969 0.652083 0.142708 0.652546 0.141406 0.652546 0.139844 0.653472 0.138542 0.653472 0.138281 0.653935 0.136198 0.653935 0.135937 0.654398 0.130729 0.654398 0.130469 0.654861 0.127344 0.654861 0.126042 0.655324 0.123698 0.656713 0.123047 0.657870 0.122396 0.659954 0.121354 0.660417 0.119010 0.660417 0.118490 0.659954 0.115625 0.654861 0.115104 0.654398 0.113281 0.654398 0.113021 0.653935 0.111198 0.653935 0.109115 0.652546 0.107292 0.652083 0.106250 0.651157 0.104427 0.647917 0.103125 0.646991 0.101823 0.646528 0.099740 0.646528 0.099479 0.646065 0.096094 0.646065 0.094531 0.644676 0.092448 0.643750 0.091146 0.642824 0.090625 0.641898 0.088802 0.640509 0.088021 0.639583 0.083073 0.637731 0.081771 0.636806 0.080990 0.636806 0.079167 0.635417 0.078385 0.635417 0.074479 0.633102 0.072917 0.631713 0.072135 0.631713 0.071354 0.630787 0.067448 0.628472 0.065885 0.627083 0.063542 0.626157 0.061979 0.626157 0.061719 0.625694 0.059635 0.625694 0.058333 0.625231 0.057292 0.624306 0.056510 0.624306 0.052083 0.621528 0.050781 0.620139 0.049479 0.619676 0.047396 0.617824 0.046094 0.617361 0.043490 0.615509 0.042708 0.614120 0.040885 0.612269 0.037500 0.612269 0.037240 0.611806 0.032813 0.611806 0.031510 0.610880 0.030729 0.610880 0.028906 0.609491 0.028125 0.609491 0.026562 0.608102 0.024740 0.607176 0.024219 0.606250 0.022917 0.605787 0.021875 0.604861 0.020573 0.604398 0.019271 0.604398 0.016406 0.603009 0.014063 0.600694 0.013021 0.600231 0.011719 0.600231 0.011458 0.599769 0.010156 0.599769 0.008854 0.599306 0.007812 0.598380 0.006510 0.597917 0.005469 0.596991 0.003646 0.596528 0.001823 0.594676 0.000000 0.594676
 7 0.252995 0.409722 0.254948 0.409491 0.255208 0.409028 0.256510 0.409028 0.256771 0.408565 0.258073 0.408565 0.258333 0.408102 0.260937 0.408102 0.261198 0.408565 0.262500 0.408565 0.263802 0.409028 0.265625 0.408102 0.266927 0.406713 0.269531 0.406713 0.269792 0.407176 0.271354 0.407176 0.272656 0.405787 0.274479 0.402546 0.275521 0.401620 0.278906 0.402546 0.279818 0.400463 0.279818 0.398148 0.275781 0.390972 0.274219 0.389120 0.272135 0.387731 0.270833 0.387731 0.270573 0.387269 0.269271 0.387269 0.267969 0.386806 0.266797 0.385185 0.266016 0.379630 0.265495 0.377315 0.264844 0.376157 0.262760 0.374769 0.261198 0.374769 0.258333 0.372454 0.257682 0.371296 0.256641 0.368056 0.256380 0.365741 0.255990 0.365046 0.254948 0.365046 0.254557 0.366204 0.254297 0.368519 0.253255 0.372222 0.252344 0.372917 0.251172 0.375000 0.250391 0.378704 0.250391 0.384259 0.250130 0.384722 0.250130 0.387500 0.249870 0.387963 0.249870 0.390278 0.249609 0.390741 0.249609 0.394444 0.249870 0.394907 0.249870 0.401389 0.249349 0.404167 0.249349 0.407407 0.250521 0.409491 0.251302 0.409954 0.252995 0.409722
 7 0.014583 0.401157 0.012500 0.401157 0.010937 0.399769 0.010026 0.398148 0.011328 0.393056 0.013021 0.390046 0.014063 0.389583 0.015755 0.392593 0.016536 0.395370 0.017057 0.398148 0.015885 0.400231 0.014583 0.401157
 7 0.232943 0.462963 0.232943 0.460648 0.232031 0.459954 0.231641 0.460648 0.231641 0.462500 0.232943 0.462963
 7 0.114714 0.591667 0.114974 0.589352 0.115495 0.587963 0.115365 0.587269 0.114062 0.587269 0.114193 0.590741 0.114714 0.591667
 7 0.114714 0.615741 0.115234 0.614815 0.115234 0.613426 0.114583 0.612269 0.113411 0.613426 0.113672 0.615278 0.114714 0.615741
 7 0.000000 0.596065 0.002344 0.596065 0.004427 0.597454 0.006771 0.598380 0.008073 0.599306 0.010417 0.601620 0.011719 0.602546 0.012500 0.602546 0.013542 0.603472 0.015885 0.604398 0.017708 0.605787 0.020313 0.607176 0.021094 0.607176 0.022135 0.608102 0.022917 0.608102 0.024219 0.609028 0.025260 0.609028 0.027344 0.610417 0.029427 0.611343 0.033594 0.614583 0.034635 0.614583 0.036198 0.615509 0.037500 0.615509 0.039583 0.616898 0.040365 0.616898 0.041406 0.617824 0.042448 0.617824 0.044010 0.618750 0.045312 0.620139 0.047917 0.621065 0.049740 0.622454 0.050521 0.622454 0.051562 0.623380 0.052344 0.623380 0.053385 0.624306 0.054167 0.624306 0.055729 0.625694 0.059375 0.628472 0.060937 0.629398 0.062240 0.629398 0.063542 0.629861 0.065625 0.631250 0.066927 0.631713 0.067708 0.632639 0.069531 0.633565 0.070573 0.633565 0.074219 0.635417 0.075260 0.636343 0.076563 0.636343 0.078125 0.637269 0.079948 0.637731 0.081250 0.638657 0.083333 0.640972 0.086979 0.643287 0.087760 0.643287 0.089063 0.644676 0.089583 0.644676 0.092188 0.646991 0.093750 0.647917 0.094531 0.647917 0.096094 0.648843 0.097396 0.650231 0.098828 0.653241 0.099349 0.655556 0.099349 0.656944 0.099870 0.659259 0.100391 0.663889 0.100911 0.664815 0.101172 0.666667 0.101953 0.668981 0.102214 0.670833 0.102214 0.678241 0.101953 0.678704 0.101432 0.682407 0.100911 0.684259 0.100651 0.687500 0.100130 0.689815 0.100130 0.691667 0.099349 0.695370 0.099089 0.698148 0.098568 0.699537 0.098047 0.703704 0.097005 0.708796 0.095964 0.712500 0.095182 0.717593 0.094922 0.720833 0.094401 0.722685 0.094401 0.724074 0.093880 0.725926 0.093359 0.731019 0.092839 0.732870 0.092318 0.737037 0.091536 0.740278 0.091536 0.741667 0.090755 0.744907 0.089714 0.750926 0.089714 0.752315 0.089193 0.754167 0.088672 0.759259 0.088151 0.762037 0.087630 0.763426 0.087109 0.767593 0.085807 0.774074 0.084245 0.779167 0.082552 0.782176 0.082292 0.782176 0.079427 0.786343 0.072656 0.789120 0.070833 0.789120 0.070573 0.789583 0.068490 0.789583 0.068229 0.790046 0.066146 0.790046 0.065885 0.790509 0.063802 0.790509 0.063542 0.790972 0.061719 0.790972 0.061458 0.791435 0.059896 0.791435 0.059635 0.791898 0.058073 0.791898 0.057813 0.792361 0.056250 0.792361 0.055990 0.792824 0.054167 0.792824 0.053906 0.793287 0.051823 0.793287 0.051562 0.793750 0.049740 0.793750 0.049479 0.794213 0.047396 0.794213 0.047135 0.794676 0.045573 0.794676 0.045312 0.795139 0.043750 0.795139 0.043490 0.795602 0.041927 0.795602 0.041667 0.796065 0.039844 0.796065 0.039583 0.796528 0.038281 0.796528 0.038021 0.796991 0.036719 0.796991 0.036458 0.797454 0.033854 0.797454 0.033594 0.797917 0.032031 0.797917 0.030469 0.798843 0.028906 0.798843 0.028646 0.799306 0.026562 0.799306 0.026302 0.799769 0.024479 0.799769 0.024219 0.800231 0.022917 0.800231 0.022656 0.800694 0.020833 0.800694 0.020573 0.801157 0.017969 0.801157 0.017708 0.801620 0.015885 0.801620 0.015625 0.802083 0.014063 0.802083 0.013802 0.802546 0.012240 0.802546 0.011979 0.803009 0.009896 0.803009 0.009635 0.803472 0.007031 0.803472 0.006771 0.803935 0.004167 0.803935 0.003906 0.804398 0.001563 0.804398 0.001302 0.804861 0.000000 0.804861
 4 0.824219 0.373380 0.819792 0.373380 0.819531 0.372917 0.816927 0.372917 0.816667 0.372454 0.815104 0.372454 0.813802 0.371991 0.812500 0.371065 0.810417 0.370602 0.808594 0.369213 0.807292 0.368750 0.805990 0.367824 0.801302 0.363657 0.799740 0.361806 0.796745 0.356481 0.796745 0.356019 0.794922 0.352778 0.793620 0.349074 0.793099 0.348148 0.791797 0.343519 0.791016 0.337500 0.791016 0.330556 0.791536 0.327778 0.792057 0.323611 0.793359 0.319907 0.794401 0.318056 0.795182 0.315741 0.797266 0.310648 0.797786 0.308333 0.798828 0.305556 0.799089 0.304167 0.799870 0.302778 0.800391 0.300926 0.800391 0.299537 0.801172 0.296296 0.802344 0.293750 0.802604 0.293750 0.806771 0.286343 0.808333 0.284954 0.808854 0.284028 0.812240 0.280787 0.814063 0.280324 0.814323 0.279861 0.816667 0.278935 0.819271 0.277083 0.821354 0.276620 0.821615 0.276157 0.823698 0.276157 0.823958 0.275694 0.827344 0.275694 0.827604 0.275231 0.834375 0.275231 0.835677 0.276157 0.836719 0.276157 0.837760 0.277083 0.839063 0.277546 0.840365 0.278472 0.842187 0.280324 0.842708 0.280324 0.844531 0.282176 0.845052 0.282176 0.846875 0.284028 0.848177 0.285880 0.850000 0.287731 0.851302 0.290046 0.851562 0.290046 0.852734 0.292130 0.852734 0.292593 0.854036 0.294907 0.854557 0.296759 0.855599 0.299074 0.856380 0.301852 0.856641 0.304630 0.857161 0.306481 0.857422 0.308796 0.857422 0.312963 0.857682 0.313426 0.857682 0.316667 0.857422 0.317130 0.857422 0.319444 0.856901 0.323611 0.855339 0.329630 0.854036 0.332407 0.852995 0.335648 0.851953 0.337500 0.850130 0.341667 0.849089 0.344907 0.847526 0.348148 0.847005 0.350000 0.846224 0.351389 0.844922 0.355093 0.843620 0.357407 0.843620 0.357870 0.842448 0.359954 0.842187 0.359954 0.838802 0.364583 0.835156 0.367824 0.833854 0.369213 0.832552 0.369676 0.830729 0.371065 0.828906 0.371528 0.827865 0.372454 0.826562 0.372917 0.824479 0.372917 0.824219 0.373380
 4 0.999740 0.148380 0.998437 0.148380 0.994792 0.153472 0.992969 0.154861 0.992188 0.154861 0.990104 0.156713 0.989062 0.156713 0.986198 0.158102 0.972917 0.158102 0.972656 0.157639 0.971354 0.157639 0.969792 0.156713 0.968490 0.156713 0.965625 0.155324 0.963542 0.153472 0.961458 0.150694 0.958594 0.148843 0.957031 0.147454 0.955469 0.145602 0.953906 0.142824 0.952865 0.141898 0.950651 0.137963 0.949870 0.135648 0.948828 0.131481 0.948568 0.129167 0.948568 0.121759 0.949349 0.117130 0.949870 0.115741 0.950391 0.112500 0.951432 0.110185 0.952214 0.106944 0.952734 0.106019 0.955078 0.098611 0.955859 0.097222 0.956380 0.095370 0.958724 0.089815 0.960286 0.085185 0.961328 0.082870 0.963802 0.078472 0.964063 0.078472 0.966667 0.073843 0.968229 0.072454 0.970833 0.069676 0.975781 0.067361 0.977083 0.066898 0.978646 0.065509 0.980208 0.065509 0.980469 0.065046 0.984375 0.065046 0.984635 0.064583 0.988021 0.064583 0.988281 0.065046 0.991406 0.065046 0.991667 0.065509 0.994531 0.065509 0.994792 0.065972 0.996615 0.066435 0.997396 0.067361 0.999740 0.067361
 4 0.999740 0.372917 0.998437 0.372917 0.996745 0.375926 0.996745 0.376389 0.994531 0.380324 0.994271 0.380324 0.992448 0.383565 0.992188 0.383565 0.990625 0.386343 0.989062 0.388194 0.986198 0.393287 0.985938 0.393287 0.983854 0.396528 0.982292 0.397917 0.979167 0.403472 0.977865 0.404861 0.975521 0.409028 0.974479 0.409954 0.970833 0.416435 0.969271 0.418287 0.967448 0.421528 0.966406 0.422454 0.964714 0.425000 0.964714 0.425463 0.962240 0.429861 0.961198 0.430787 0.959635 0.433565 0.959375 0.433565 0.958073 0.435880 0.956771 0.437269 0.955469 0.439583 0.951562 0.444213 0.949740 0.446065 0.949219 0.446065 0.947917 0.447454 0.947396 0.447454 0.944010 0.449306 0.942708 0.450231 0.941667 0.451620 0.941016 0.453241 0.939844 0.455324 0.936719 0.457639 0.934375 0.459954 0.933594 0.460417 0.932292 0.462269 0.928906 0.465046 0.927344 0.465972 0.919792 0.465972 0.919531 0.465509 0.917708 0.465046 0.913802 0.462731 0.912240 0.461343 0.910286 0.456944 0.908984 0.454630 0.908464 0.452315 0.908464 0.450926 0.907682 0.448611 0.906380 0.441204 0.906641 0.439352 0.907422 0.436574 0.908594 0.434491 0.909115 0.434954 0.910937 0.435417 0.911458 0.436343 0.912240 0.434491 0.913021 0.434028 0.914844 0.432176 0.916536 0.429167 0.916797 0.427778 0.918880 0.424074 0.918880 0.423611 0.921094 0.419676 0.921354 0.419676 0.922786 0.417130 0.923828 0.414352 0.925521 0.411806 0.927083 0.410417 0.928385 0.408565 0.929688 0.406250 0.929948 0.406250 0.931120 0.404167 0.932161 0.401389 0.932422 0.400000 0.934245 0.396759 0.934245 0.396296 0.935937 0.393287 0.936198 0.393287 0.937630 0.390741 0.938932 0.386574 0.939714 0.383333 0.940234 0.381944 0.941667 0.379398 0.943229 0.377546 0.946875 0.371065 0.947656 0.370139 0.949479 0.368750 0.950260 0.367824 0.952604 0.365972 0.953906 0.364583 0.955208 0.363657 0.955990 0.363657 0.957292 0.362731 0.958333 0.362731 0.959896 0.361806 0.960938 0.361806 0.962500 0.360880 0.963542 0.360880 0.964583 0.359954 0.965365 0.359954 0.966667 0.359028 0.969010 0.358565 0.969271 0.358102 0.970833 0.358102 0.971094 0.357639 0.972396 0.357639 0.973958 0.356713 0.983073 0.356713 0.983333 0.356250 0.986198 0.356250 0.986458 0.355787 0.987760 0.355787 0.989062 0.354861 0.991406 0.354398 0.992708 0.353472 0.994792 0.352546 0.996354 0.352546 0.996615 0.352083 0.999740 0.352083
 4 0.766927 0.506713 0.766667 0.506250 0.763802 0.506250 0.762760 0.505787 0.761979 0.504861 0.761198 0.504861 0.759635 0.503935 0.758203 0.502315 0.758203 0.498611 0.757943 0.497222 0.758724 0.494444 0.759766 0.492130 0.760547 0.488889 0.762891 0.483333 0.763672 0.481019 0.765234 0.478241 0.765755 0.476389 0.766927 0.474306 0.768750 0.472917 0.769661 0.470833 0.770182 0.467593 0.771745 0.463889 0.774349 0.455093 0.774870 0.452778 0.775911 0.450000 0.776693 0.448611 0.778516 0.442130 0.778516 0.441204 0.780599 0.437500 0.781380 0.434722 0.781901 0.433796 0.782943 0.430093 0.782943 0.429167 0.786589 0.416204 0.788281 0.411806 0.790365 0.409954 0.798177 0.409954 0.798438 0.409491 0.799740 0.409491 0.801302 0.408565 0.802604 0.408565 0.802865 0.408102 0.805990 0.408102 0.806250 0.407639 0.807552 0.407639 0.809115 0.406713 0.813542 0.406713 0.813151 0.407407 0.812891 0.409259 0.812891 0.412500 0.812370 0.414352 0.811328 0.416667 0.810026 0.418981 0.809505 0.420833 0.807943 0.424074 0.807943 0.424537 0.806380 0.428241 0.804818 0.431019 0.804818 0.431481 0.803516 0.433796 0.803516 0.434259 0.801172 0.438426 0.800391 0.441667 0.799349 0.443981 0.797786 0.446759 0.797786 0.447222 0.796224 0.450000 0.796224 0.450463 0.794922 0.452778 0.794922 0.453241 0.793359 0.456481 0.792578 0.458796 0.791536 0.461111 0.790234 0.463426 0.789193 0.465741 0.788411 0.468056 0.784766 0.476389 0.782552 0.480324 0.781510 0.481250 0.779557 0.484722 0.779557 0.485185 0.777995 0.488426 0.777474 0.490741 0.777214 0.493056 0.777214 0.495370 0.776432 0.498148 0.774479 0.501620 0.772917 0.503009 0.772396 0.503935 0.770833 0.505324 0.768750 0.506250 0.767188 0.506250 0.766927 0.506713
