 6 0.413021 0.303935 0.410938 0.303935 0.410677 0.303472 0.408594 0.303472 0.408333 0.303009 0.406510 0.303009 0.406250 0.302546 0.404948 0.302546 0.403385 0.301620 0.402344 0.301620 0.401302 0.300694 0.399740 0.300231 0.398438 0.299306 0.396615 0.297454 0.395833 0.296991 0.392188 0.296991 0.390104 0.295139 0.388021 0.294213 0.386719 0.294213 0.386458 0.293750 0.385156 0.293750 0.381250 0.292361 0.380990 0.291898 0.379688 0.291898 0.378385 0.290972 0.377344 0.290972 0.375000 0.289583 0.372656 0.289120 0.371354 0.288194 0.370052 0.287731 0.368750 0.287731 0.368490 0.287269 0.366927 0.287269 0.365365 0.286343 0.364323 0.286343 0.363281 0.285417 0.360156 0.284028 0.358854 0.284028 0.358594 0.283565 0.357292 0.283565 0.357031 0.283102 0.352604 0.281250 0.351562 0.280324 0.349740 0.279861 0.348698 0.278935 0.346875 0.278472 0.345833 0.277546 0.345052 0.277546 0.344010 0.276620 0.340625 0.275231 0.339323 0.275231 0.337760 0.274306 0.335938 0.274306 0.335677 0.273843 0.333594 0.273843 0.333333 0.273380 0.332031 0.273380 0.330469 0.272454 0.329427 0.272454 0.327083 0.271065 0.321875 0.269213 0.320833 0.268287 0.320052 0.268287 0.319010 0.267361 0.317188 0.266898 0.315885 0.265972 0.314844 0.265972 0.313542 0.265046 0.311719 0.262731 0.310937 0.262269 0.309245 0.259259 0.307943 0.256019 0.306641 0.250926 0.305599 0.248611 0.304297 0.246296 0.303255 0.242593 0.301953 0.239352 0.299349 0.234722 0.298307 0.231944 0.298047 0.230556 0.297005 0.228241 0.296484 0.225926 0.294661 0.221296 0.293359 0.218981 0.293359 0.218519 0.291536 0.214352 0.291016 0.212500 0.288932 0.207870 0.288932 0.207407 0.286849 0.203704 0.286328 0.201852 0.285286 0.199537 0.285026 0.198148 0.283984 0.195370 0.282422 0.192593 0.281380 0.187963 0.280859 0.186574 0.279036 0.183333 0.276693 0.175926 0.274609 0.172222 0.273828 0.169907 0.272005 0.166204 0.271745 0.164815 0.270443 0.162037 0.270443 0.161574 0.268620 0.157870 0.268359 0.156481 0.267578 0.154630 0.265495 0.150926 0.264714 0.148148 0.264193 0.147222 0.263672 0.144907 0.262630 0.142593 0.262109 0.140741 0.261068 0.138426 0.260026 0.134722 0.257943 0.131019 0.256120 0.126389 0.255859 0.125000 0.254557 0.122222 0.254557 0.121759 0.252995 0.118056 0.252474 0.115741 0.251693 0.113889 0.251432 0.111574 0.251432 0.109259 0.251172 0.108796 0.251432 0.106481 0.252474 0.104167 0.253255 0.100926 0.253776 0.099537 0.255859 0.095833 0.255859 0.095370 0.257161 0.093056 0.257161 0.092593 0.258594 0.090046 0.258854 0.090046 0.260807 0.087037 0.262370 0.082407 0.266406 0.075231 0.266667 0.075231 0.268099 0.072685 0.268620 0.070833 0.272005 0.064815 0.272005 0.064352 0.275911 0.057407 0.276693 0.055093 0.280469 0.048380 0.280729 0.048380 0.285807 0.039352 0.287891 0.034259 0.296354 0.019213 0.298177 0.017824 0.299349 0.015741 0.299609 0.014352 0.303646 0.007176 0.305208 0.005324 0.306771 0.004398 0.308854 0.004398 0.309115 0.003935 0.310937 0.003935 0.311198 0.003472 0.317188 0.003472 0.317448 0.003935 0.328906 0.003935 0.329167 0.004398 0.333333 0.004398 0.333594 0.004861 0.338802 0.004861 0.339062 0.005324 0.341406 0.005324 0.341667 0.005787 0.345313 0.005787 0.345573 0.006250 0.347917 0.006250 0.348177 0.006713 0.351302 0.006713 0.351562 0.007176 0.355469 0.007176 0.355729 0.007639 0.358854 0.007639 0.359115 0.008102 0.362760 0.008102 0.363021 0.008565 0.365885 0.008565 0.366146 0.009028 0.369271 0.009028 0.369531 0.009491 0.371094 0.009491 0.371354 0.009954 0.374479 0.009954 0.374740 0.010417 0.378385 0.010417 0.378646 0.010880 0.381510 0.010880 0.381771 0.011343 0.386198 0.011343 0.386458 0.011806 0.388802 0.011806 0.389062 0.012269 0.393750 0.012269 0.394010 0.012731 0.397396 0.012731 0.397656 0.013194 0.400260 0.013194 0.400521 0.013657 0.402344 0.013657 0.402604 0.014120 0.404687 0.014120 0.404948 0.014583 0.407031 0.014583 0.407292 0.015046 0.414844 0.015046 0.415104 0.015509 0.416927 0.015509 0.417187 0.015972 0.418490 0.015972 0.420052 0.016898 0.421615 0.016898 0.423958 0.018287 0.424870 0.019907 0.425651 0.023611 0.425911 0.024074 0.425911 0.034259 0.426172 0.034722 0.426172 0.037963 0.426693 0.040741 0.427214 0.042130 0.428255 0.047685 0.428776 0.049074 0.429557 0.054167 0.430078 0.055556 0.430599 0.058333 0.431120 0.062500 0.431641 0.065278 0.432422 0.067593 0.432943 0.070370 0.433464 0.071296 0.434245 0.074537 0.435026 0.076852 0.436068 0.079167 0.436589 0.081944 0.437109 0.083333 0.437370 0.085648 0.437891 0.087037 0.438151 0.089352 0.439453 0.093981 0.440234 0.098148 0.440755 0.099537 0.441016 0.101852 0.441536 0.103241 0.442057 0.106481 0.442318 0.109722 0.442839 0.111574 0.443359 0.115278 0.444141 0.117593 0.444141 0.118519 0.445182 0.122685 0.445182 0.124074 0.445964 0.127315 0.445964 0.128704 0.446745 0.133333 0.447266 0.135185 0.447786 0.139352 0.449089 0.143519 0.449609 0.147222 0.450130 0.149074 0.450911 0.153241 0.450911 0.154630 0.451432 0.156481 0.451432 0.158333 0.451953 0.161111 0.452474 0.166204 0.452995 0.168056 0.452995 0.169444 0.454036 0.175463 0.454557 0.176852 0.454818 0.179167 0.455339 0.180556 0.455859 0.183333 0.456120 0.186574 0.456641 0.189352 0.456641 0.193056 0.456380 0.193519 0.456380 0.196296 0.456120 0.197685 0.455078 0.200926 0.454036 0.203241 0.453776 0.204630 0.452474 0.207407 0.451953 0.209259 0.450651 0.212037 0.449089 0.217593 0.446745 0.222685 0.445443 0.227778 0.443620 0.232870 0.442057 0.235648 0.441276 0.237500 0.440755 0.239815 0.439453 0.243056 0.438932 0.244907 0.434505 0.252778 0.433984 0.255556 0.433203 0.258333 0.431901 0.262037 0.431380 0.265278 0.430859 0.266667 0.430599 0.268981 0.429297 0.274074 0.427995 0.277315 0.427214 0.278704 0.425911 0.282870 0.424349 0.287037 0.424349 0.287500 0.421745 0.292130 0.420964 0.293981 0.420703 0.295370 0.416927 0.302083 0.414844 0.303472 0.413281 0.303472 0.413021 0.303935
 6 0.436328 0.162037 0.436849 0.159259 0.436849 0.156944 0.437109 0.156481 0.437109 0.153704 0.437370 0.153241 0.437370 0.147685 0.436849 0.144907 0.436849 0.142593 0.436068 0.138426 0.435807 0.134722 0.435286 0.132870 0.435026 0.129630 0.433724 0.126389 0.432422 0.119444 0.431901 0.118056 0.431380 0.114352 0.430859 0.112500 0.429167 0.109491 0.428125 0.108565 0.426693 0.111111 0.426693 0.111574 0.424740 0.115046 0.424089 0.115741 0.424089 0.116667 0.423307 0.118519 0.422005 0.122685 0.419661 0.126852 0.418099 0.131944 0.416276 0.136111 0.416016 0.137500 0.414974 0.140278 0.413411 0.143056 0.412370 0.145370 0.412109 0.146759 0.411328 0.148148 0.411068 0.150000 0.411068 0.153241 0.410807 0.155556 0.411719 0.157176 0.419271 0.157176 0.419531 0.157639 0.421094 0.158102 0.421875 0.159028 0.423698 0.159954 0.426302 0.159954 0.427344 0.159491 0.429427 0.160417 0.430469 0.161343 0.431771 0.161343 0.432031 0.161806 0.433854 0.161806 0.434115 0.162269 0.436328 0.162037
 6 0.307422 0.218981 0.308333 0.217824 0.309896 0.216435 0.310937 0.215972 0.312240 0.215972 0.312500 0.215509 0.313802 0.215509 0.314583 0.214583 0.316406 0.211343 0.316667 0.211343 0.322786 0.200463 0.324349 0.196296 0.326953 0.191667 0.326953 0.189815 0.325521 0.187731 0.322656 0.185417 0.321875 0.184491 0.319792 0.183565 0.318490 0.182639 0.316927 0.182639 0.316667 0.182176 0.314323 0.182176 0.314063 0.181713 0.312500 0.181713 0.310937 0.180787 0.306250 0.180787 0.304167 0.178935 0.303385 0.177546 0.301302 0.176620 0.300000 0.176620 0.299740 0.176157 0.297917 0.176157 0.297656 0.175694 0.291927 0.175694 0.290625 0.176620 0.289974 0.177778 0.291276 0.180093 0.292839 0.185185 0.293880 0.187500 0.294922 0.191204 0.296484 0.193981 0.297786 0.197685 0.298698 0.199306 0.299740 0.200231 0.301172 0.202778 0.303516 0.210185 0.304557 0.212037 0.305599 0.214815 0.305859 0.216667 0.307031 0.219213 0.307422 0.218981
 5 0.236719 0.385417 0.231771 0.385417 0.230729 0.384954 0.228385 0.383102 0.226172 0.379167 0.224349 0.375000 0.223828 0.373148 0.222266 0.369907 0.221484 0.367593 0.220312 0.365509 0.220052 0.365509 0.218359 0.362500 0.217318 0.360185 0.216536 0.357870 0.213542 0.352546 0.213281 0.352546 0.212109 0.350463 0.211328 0.347685 0.208984 0.343519 0.207943 0.337963 0.208203 0.335185 0.208984 0.333333 0.209766 0.329167 0.212109 0.323148 0.215104 0.317824 0.218750 0.314120 0.220573 0.313194 0.222396 0.311806 0.223177 0.311806 0.224219 0.310880 0.226302 0.310880 0.226562 0.310417 0.228385 0.310417 0.231510 0.311806 0.233333 0.313657 0.235417 0.317361 0.236979 0.318750 0.238411 0.321296 0.239193 0.324074 0.240625 0.326620 0.240885 0.326620 0.241797 0.329167 0.244141 0.333333 0.244141 0.333796 0.250000 0.344213 0.250260 0.344213 0.252995 0.349074 0.254036 0.352778 0.254297 0.355093 0.254297 0.358796 0.254036 0.360648 0.253255 0.363889 0.251432 0.368981 0.248698 0.373843 0.248438 0.373843 0.247135 0.376157 0.246875 0.376157 0.245573 0.378472 0.244531 0.379861 0.241406 0.383102 0.239583 0.384491 0.238281 0.384954 0.236979 0.384954 0.236719 0.385417
 5 0.193229 0.395139 0.188542 0.395139 0.185938 0.393750 0.184375 0.391898 0.180859 0.385648 0.180859 0.385185 0.177083 0.378472 0.176823 0.378472 0.175260 0.375694 0.175000 0.375694 0.173177 0.372454 0.172917 0.372454 0.171094 0.369213 0.170833 0.369213 0.167057 0.362500 0.167057 0.362037 0.163932 0.356481 0.162891 0.354167 0.161849 0.350926 0.161849 0.343981 0.162109 0.342593 0.163672 0.338889 0.163932 0.337500 0.165234 0.334722 0.165234 0.334259 0.167708 0.329861 0.169792 0.327083 0.171094 0.326157 0.172917 0.324306 0.174219 0.323380 0.176302 0.322454 0.178385 0.321065 0.179948 0.321065 0.180208 0.320602 0.182292 0.320602 0.185156 0.321991 0.186979 0.323843 0.190365 0.328935 0.191667 0.330324 0.193880 0.334259 0.193880 0.334722 0.198828 0.343519 0.198828 0.343981 0.200000 0.345602 0.203776 0.352315 0.203776 0.352778 0.205469 0.355787 0.208073 0.358565 0.209505 0.361111 0.210026 0.363889 0.210026 0.370370 0.209766 0.372222 0.208984 0.374074 0.208203 0.376852 0.207422 0.378704 0.206120 0.381019 0.206120 0.381481 0.204167 0.384954 0.202604 0.386806 0.201823 0.387269 0.197656 0.391898 0.195573 0.393750 0.193229 0.395139
 5 0.139844 0.409954 0.139063 0.409954 0.138281 0.409028 0.137370 0.406944 0.134635 0.402083 0.133073 0.400231 0.131510 0.397454 0.128646 0.394213 0.127083 0.392824 0.124740 0.388657 0.122656 0.386343 0.121875 0.384954 0.119531 0.382639 0.118490 0.381250 0.117188 0.378935 0.116927 0.378935 0.114453 0.374537 0.113411 0.370833 0.113411 0.368519 0.113672 0.368056 0.113672 0.364815 0.114714 0.360648 0.115755 0.358333 0.116536 0.355556 0.121615 0.346528 0.123438 0.344676 0.130469 0.340046 0.134115 0.340046 0.134375 0.340509 0.136719 0.341435 0.138021 0.342361 0.139583 0.344213 0.140885 0.346528 0.141927 0.347454 0.143229 0.349306 0.145573 0.353472 0.148438 0.356713 0.150521 0.360417 0.150781 0.360417 0.152604 0.363657 0.153646 0.365046 0.155990 0.367361 0.157292 0.369213 0.161198 0.372454 0.164193 0.377778 0.164714 0.379167 0.164193 0.381481 0.163542 0.382639 0.162240 0.383565 0.160677 0.383565 0.160417 0.384028 0.158073 0.384028 0.155208 0.385417 0.153906 0.386343 0.152865 0.387731 0.150521 0.390046 0.147656 0.393750 0.145964 0.396759 0.145443 0.398611 0.143880 0.402315 0.143620 0.403704 0.141927 0.409491 0.140104 0.409491 0.139844 0.409954
 5 0.130469 0.471991 0.127083 0.471991 0.124479 0.470602 0.122656 0.468750 0.121354 0.467824 0.119531 0.465509 0.117578 0.462037 0.116667 0.459954 0.115625 0.458565 0.114844 0.458102 0.113021 0.456250 0.111198 0.454861 0.109115 0.452083 0.106771 0.450231 0.103646 0.446065 0.102604 0.445139 0.101823 0.443750 0.099740 0.441435 0.097786 0.437963 0.097786 0.437500 0.096224 0.433796 0.095964 0.432407 0.095964 0.429167 0.095703 0.428704 0.095964 0.425926 0.097005 0.422222 0.098047 0.419907 0.099089 0.416667 0.101302 0.412731 0.101562 0.412731 0.104427 0.408565 0.105729 0.407176 0.107552 0.403935 0.108854 0.403009 0.110417 0.401157 0.112240 0.401157 0.113281 0.402083 0.114062 0.402083 0.116406 0.403935 0.118229 0.406250 0.120573 0.408102 0.121094 0.409028 0.122917 0.410880 0.123698 0.411343 0.125260 0.413657 0.128385 0.416435 0.131250 0.420139 0.134115 0.424306 0.135937 0.425694 0.137240 0.427546 0.140625 0.430324 0.141927 0.432639 0.143229 0.434491 0.144271 0.435417 0.146484 0.439352 0.147266 0.442593 0.147266 0.444907 0.147526 0.445370 0.147526 0.448611 0.147005 0.451389 0.145964 0.455093 0.143750 0.459028 0.143490 0.459028 0.140625 0.464120 0.140365 0.464120 0.139063 0.466435 0.136979 0.468287 0.136458 0.468287 0.134375 0.470139 0.130729 0.471528 0.130469 0.471991
 5 0.177865 0.458565 0.174219 0.458565 0.173958 0.458102 0.172396 0.458102 0.172135 0.457639 0.170573 0.457176 0.168490 0.455324 0.166927 0.453472 0.165234 0.450463 0.164844 0.450231 0.163542 0.447917 0.162500 0.446991 0.159635 0.442824 0.156771 0.440046 0.155208 0.437731 0.153385 0.436343 0.152083 0.434954 0.150000 0.431250 0.149740 0.431250 0.148438 0.428935 0.146875 0.427546 0.144922 0.424537 0.144922 0.424074 0.142839 0.420370 0.142578 0.417593 0.142057 0.415278 0.142057 0.409722 0.142318 0.407870 0.143620 0.403241 0.144141 0.402315 0.144922 0.399074 0.145443 0.397685 0.147135 0.394676 0.148698 0.392824 0.151042 0.389120 0.151823 0.388194 0.155469 0.385417 0.157292 0.384954 0.158594 0.384028 0.159896 0.384028 0.161458 0.383102 0.163802 0.383102 0.164062 0.383565 0.165625 0.383565 0.167187 0.385417 0.168490 0.386343 0.171875 0.392361 0.173177 0.393287 0.174479 0.394676 0.176563 0.397917 0.177604 0.398843 0.179948 0.402083 0.183073 0.404861 0.184635 0.407176 0.185677 0.408102 0.186458 0.409491 0.188021 0.410880 0.188542 0.411806 0.190365 0.413194 0.191406 0.414583 0.194922 0.420833 0.195182 0.422685 0.195703 0.424074 0.195964 0.427778 0.195443 0.430093 0.195443 0.432407 0.194401 0.436574 0.192578 0.441667 0.188802 0.448380 0.185677 0.452546 0.181250 0.456713 0.179948 0.457176 0.177865 0.458565
 7 0.201563 0.668750 0.197656 0.668750 0.197396 0.668287 0.195312 0.668287 0.195052 0.667824 0.193750 0.667824 0.192708 0.667361 0.191146 0.665972 0.190104 0.665509 0.188151 0.662037 0.188151 0.661574 0.186979 0.659491 0.185156 0.657176 0.184115 0.656713 0.183333 0.655787 0.180990 0.654398 0.177083 0.650231 0.176302 0.649769 0.173698 0.647454 0.172656 0.646991 0.171354 0.645602 0.169531 0.642824 0.167187 0.641435 0.166146 0.640509 0.162500 0.639120 0.161198 0.638194 0.158854 0.635417 0.157812 0.633565 0.156250 0.632176 0.155208 0.630787 0.154688 0.630787 0.150521 0.626620 0.149219 0.625694 0.147917 0.625231 0.146615 0.623843 0.144792 0.622917 0.143229 0.621065 0.139323 0.617824 0.138021 0.615972 0.136979 0.615046 0.136198 0.613657 0.134375 0.612269 0.132292 0.612269 0.132031 0.611806 0.130469 0.611806 0.128646 0.610417 0.127865 0.609491 0.126562 0.607176 0.124219 0.604861 0.123698 0.604861 0.121875 0.603009 0.120313 0.602083 0.117188 0.599306 0.115885 0.598843 0.114583 0.597917 0.112240 0.595602 0.108594 0.592361 0.108073 0.591435 0.105208 0.589120 0.102865 0.586343 0.101562 0.585417 0.100781 0.585417 0.098958 0.584491 0.096875 0.582639 0.094792 0.579861 0.091667 0.577546 0.088021 0.573380 0.085156 0.571065 0.082943 0.567130 0.082422 0.564815 0.082422 0.557870 0.083984 0.554167 0.084505 0.552315 0.084505 0.550926 0.085286 0.546296 0.086068 0.543981 0.086589 0.541204 0.087630 0.538889 0.088411 0.536111 0.089453 0.529630 0.089974 0.527778 0.091536 0.525000 0.092318 0.521296 0.092318 0.519444 0.092839 0.516204 0.093880 0.512963 0.093880 0.512037 0.094922 0.508333 0.095443 0.507407 0.097526 0.499074 0.099349 0.495833 0.099609 0.493056 0.100391 0.487963 0.100911 0.485648 0.101693 0.483333 0.101693 0.482407 0.102995 0.478704 0.104036 0.475000 0.104036 0.474074 0.104818 0.471296 0.106120 0.468981 0.107161 0.466667 0.107682 0.463889 0.108464 0.461111 0.109896 0.458565 0.110677 0.457639 0.111719 0.457639 0.113281 0.459491 0.115365 0.463194 0.115625 0.463194 0.116797 0.465278 0.117708 0.467824 0.119531 0.469213 0.120833 0.469213 0.121094 0.469676 0.122656 0.469676 0.122917 0.470139 0.124479 0.470139 0.124740 0.470602 0.126042 0.470602 0.126302 0.471065 0.132031 0.471065 0.133333 0.470602 0.134635 0.469676 0.135677 0.469676 0.136979 0.468750 0.137760 0.468750 0.138802 0.467824 0.141406 0.463194 0.142448 0.462269 0.143750 0.459954 0.144010 0.459954 0.146745 0.455093 0.147526 0.452315 0.147526 0.451389 0.148568 0.447685 0.150000 0.444213 0.151823 0.442361 0.152865 0.441898 0.157552 0.441898 0.158594 0.442361 0.160156 0.443750 0.161458 0.446065 0.162500 0.447454 0.163281 0.447917 0.164844 0.449769 0.167187 0.453935 0.167448 0.453935 0.169271 0.456250 0.170313 0.456713 0.173698 0.456713 0.173958 0.457176 0.178385 0.457176 0.178646 0.456713 0.180208 0.456713 0.184635 0.453935 0.186198 0.452083 0.186979 0.450694 0.188802 0.448843 0.189974 0.446759 0.190755 0.443981 0.191927 0.441898 0.192839 0.440741 0.193880 0.437037 0.194661 0.432870 0.194661 0.430556 0.194922 0.430093 0.194922 0.424537 0.194141 0.420370 0.192188 0.416898 0.191927 0.416898 0.190495 0.414352 0.190495 0.413889 0.188281 0.409954 0.188021 0.409954 0.185677 0.406713 0.184896 0.406250 0.182812 0.403935 0.182292 0.403935 0.178906 0.400231 0.178125 0.398843 0.176302 0.396991 0.175000 0.395139 0.173177 0.391898 0.172917 0.391898 0.169271 0.385417 0.167969 0.384491 0.166276 0.381481 0.165755 0.379167 0.162630 0.373611 0.160938 0.371991 0.160156 0.371991 0.158594 0.370602 0.157682 0.368519 0.156380 0.366204 0.156380 0.365741 0.154948 0.363194 0.153385 0.361806 0.151693 0.358796 0.151693 0.357870 0.152344 0.356713 0.154427 0.355324 0.155729 0.355324 0.157292 0.354398 0.159375 0.354398 0.160938 0.355324 0.162240 0.356713 0.168229 0.356713 0.168490 0.357176 0.171094 0.357176 0.171354 0.357639 0.172917 0.357639 0.173958 0.356250 0.175781 0.354861 0.177344 0.353009 0.179427 0.353009 0.180078 0.354167 0.180339 0.356944 0.180078 0.358333 0.178906 0.360417 0.178125 0.360880 0.176823 0.360880 0.173958 0.358565 0.171875 0.358565 0.171094 0.359028 0.169661 0.361574 0.169401 0.363426 0.169922 0.364815 0.172005 0.368519 0.172526 0.370370 0.173698 0.372454 0.174479 0.372917 0.176432 0.376389 0.177214 0.379167 0.178125 0.380787 0.180469 0.383102 0.182161 0.387037 0.182161 0.387500 0.183594 0.390046 0.185938 0.391898 0.187500 0.393750 0.188802 0.394213 0.190625 0.394213 0.190885 0.393750 0.192969 0.393750 0.194271 0.393287 0.196094 0.391898 0.197005 0.390741 0.198437 0.387269 0.200260 0.385880 0.201693 0.384259 0.201693 0.382870 0.202344 0.381250 0.203125 0.380787 0.204427 0.380787 0.205599 0.379167 0.205859 0.377778 0.205859 0.372222 0.205599 0.370833 0.204948 0.369676 0.202865 0.368287 0.201953 0.365278 0.204557 0.360648 0.205078 0.358796 0.204818 0.356019 0.202604 0.352083 0.202344 0.352083 0.200651 0.349074 0.200391 0.347685 0.199219 0.346065 0.198437 0.345602 0.197135 0.345602 0.196875 0.345139 0.193750 0.345139 0.192708 0.344676 0.191536 0.342130 0.191536 0.340278 0.190755 0.337500 0.191927 0.336806 0.192969 0.336806 0.193880 0.337963 0.194141 0.339815 0.194792 0.340972 0.196094 0.341898 0.198177 0.341898 0.198437 0.342361 0.200781 0.342361 0.202344 0.340972 0.204167 0.340046 0.205729 0.340046 0.207552 0.340972 0.208854 0.342361 0.210547 0.345833 0.211328 0.348611 0.211589 0.350463 0.212760 0.352546 0.214323 0.353935 0.216536 0.357870 0.218099 0.362037 0.220312 0.365972 0.221875 0.367361 0.223568 0.370370 0.223568 0.370833 0.225911 0.375000 0.226953 0.378704 0.228906 0.382176 0.230729 0.383102 0.231510 0.384028 0.232552 0.384491 0.233854 0.384491 0.234115 0.384954 0.236979 0.384954 0.238802 0.383565 0.239583 0.383565 0.241146 0.381713 0.244271 0.378935 0.245443 0.376852 0.246354 0.374769 0.247917 0.373380 0.249870 0.369907 0.250130 0.368519 0.251042 0.367361 0.252214 0.365278 0.252734 0.362500 0.252734 0.359259 0.252995 0.358796 0.252995 0.356019 0.252734 0.355556 0.252734 0.352778 0.252214 0.350000 0.250521 0.346991 0.250260 0.346991 0.247786 0.342593 0.247526 0.339352 0.246094 0.336806 0.244661 0.335185 0.243880 0.332407 0.242969 0.331250 0.241667 0.331250 0.241406 0.330787 0.239583 0.330787 0.238932 0.329630 0.239063 0.328472 0.241667 0.328472 0.242448 0.329398 0.243490 0.329861 0.245052 0.328472 0.246615 0.327546 0.247396 0.327546 0.248698 0.325694 0.251563 0.323843 0.252604 0.323843 0.253906 0.322917 0.257031 0.321528 0.258333 0.321528 0.258594 0.321065 0.259896 0.321065 0.260156 0.320602 0.261458 0.320602 0.263021 0.319676 0.264844 0.319676 0.265104 0.319213 0.266667 0.319213 0.266927 0.318750 0.268229 0.318750 0.269531 0.318287 0.270833 0.317361 0.272135 0.317361 0.272396 0.316898 0.273698 0.316898 0.275000 0.316435 0.276302 0.315509 0.277344 0.315509 0.278646 0.314583 0.281510 0.313657 0.283594 0.311806 0.285156 0.311806 0.285417 0.311343 0.286979 0.311343 0.287240 0.310880 0.288802 0.310880 0.289062 0.310417 0.290365 0.310417 0.290625 0.309954 0.295833 0.309954 0.297396 0.309028 0.299219 0.309028 0.302083 0.307639 0.303385 0.307639 0.303646 0.307176 0.305469 0.307176 0.305729 0.306713 0.307031 0.306713 0.308594 0.305787 0.309896 0.305787 0.311198 0.305324 0.311458 0.305787 0.313802 0.305787 0.314844 0.306250 0.316667 0.308102 0.318880 0.312037 0.319401 0.313889 0.319661 0.316204 0.320182 0.317593 0.320443 0.319907 0.321224 0.321759 0.321745 0.324074 0.324870 0.332870 0.326953 0.336574 0.328255 0.340278 0.330339 0.344907 0.332422 0.348611 0.332422 0.349074 0.333724 0.351389 0.333724 0.351852 0.335677 0.355324 0.336979 0.356713 0.341797 0.365278 0.342578 0.368056 0.343620 0.370370 0.344401 0.373148 0.346224 0.376389 0.347266 0.378704 0.347526 0.380093 0.348568 0.382407 0.350130 0.386574 0.351172 0.388889 0.352734 0.391667 0.356510 0.401157 0.358464 0.404630 0.360026 0.409722 0.361068 0.411574 0.362630 0.415741 0.365234 0.421759 0.366016 0.423148 0.367057 0.426852 0.369010 0.430324 0.370312 0.431250 0.371094 0.431250 0.372917 0.432639 0.373698 0.432639 0.375391 0.434722 0.375651 0.437037 0.375651 0.440741 0.375911 0.441204 0.376432 0.445370 0.376953 0.448148 0.376953 0.462037 0.376172 0.467130 0.376172 0.470370 0.375911 0.470833 0.375911 0.473148 0.375651 0.473611 0.375651 0.478241 0.375391 0.478704 0.375391 0.487963 0.375130 0.488426 0.375130 0.491667 0.374609 0.494444 0.374609 0.502778 0.374349 0.503241 0.374349 0.511574 0.373568 0.515741 0.373307 0.518056 0.373307 0.521296 0.373568 0.523148 0.373307 0.525463 0.372526 0.529630 0.372526 0.536111 0.372786 0.537963 0.372266 0.540278 0.372266 0.541667 0.371745 0.543981 0.371745 0.548148 0.372005 0.548611 0.372005 0.551852 0.371224 0.553704 0.370182 0.557870 0.369922 0.558333 0.369922 0.562500 0.370182 0.562963 0.370182 0.567130 0.369401 0.570370 0.369401 0.573611 0.369141 0.574074 0.369141 0.578704 0.368359 0.582407 0.368099 0.584722 0.368099 0.589815 0.367839 0.590278 0.367839 0.595370 0.367578 0.595833 0.367578 0.598148 0.367057 0.600926 0.367057 0.603241 0.366797 0.603704 0.366797 0.606019 0.366016 0.609722 0.365755 0.612037 0.365234 0.613889 0.364974 0.616204 0.364453 0.618056 0.364453 0.619907 0.363672 0.623148 0.362500 0.625231 0.361458 0.626157 0.360547 0.627778 0.360026 0.630093 0.358854 0.632176 0.357031 0.633565 0.355469 0.633565 0.355208 0.634028 0.353646 0.634028 0.352344 0.634491 0.351042 0.635417 0.349740 0.635880 0.348438 0.635880 0.348177 0.636343 0.346094 0.636343 0.345833 0.636806 0.344271 0.636806 0.344010 0.637269 0.342708 0.637269 0.342448 0.637731 0.340625 0.637731 0.340365 0.638194 0.336979 0.638194 0.336719 0.638657 0.334635 0.638657 0.334375 0.639120 0.329948 0.639120 0.329688 0.639583 0.327865 0.639583 0.327604 0.640046 0.322656 0.640046 0.322396 0.640509 0.320052 0.640509 0.319792 0.640972 0.317969 0.640972 0.317708 0.641435 0.315365 0.641435 0.315104 0.641898 0.313802 0.641898 0.313542 0.642361 0.311198 0.643287 0.310937 0.643750 0.309635 0.643750 0.309375 0.644213 0.306250 0.644213 0.305990 0.644676 0.303906 0.644676 0.303646 0.645139 0.301042 0.645139 0.300781 0.645602 0.298438 0.645602 0.296875 0.646528 0.295573 0.646528 0.295312 0.646991 0.293229 0.646991 0.292969 0.647454 0.290885 0.647454 0.290625 0.647917 0.286198 0.647917 0.284896 0.648843 0.282552 0.649306 0.280990 0.650231 0.279687 0.650231 0.279427 0.650694 0.277865 0.650694 0.277604 0.651157 0.275521 0.651157 0.275260 0.651620 0.272917 0.651620 0.272656 0.652083 0.270573 0.652083 0.270313 0.652546 0.267448 0.652546 0.267188 0.653009 0.265885 0.653009 0.264323 0.653935 0.262240 0.653935 0.261979 0.654398 0.258594 0.654398 0.258333 0.654861 0.256771 0.654861 0.256510 0.655324 0.252344 0.655324 0.251042 0.655787 0.248177 0.657639 0.244010 0.657639 0.240885 0.659491 0.235156 0.659491 0.233854 0.660417 0.232552 0.660417 0.232292 0.660880 0.229167 0.660880 0.228906 0.661343 0.227604 0.661343 0.227344 0.661806 0.225000 0.663194 0.223698 0.663194 0.223438 0.663657 0.220312 0.663657 0.220052 0.664120 0.218229 0.664120 0.217969 0.664583 0.216667 0.664583 0.216406 0.665046 0.213281 0.665046 0.213021 0.665509 0.211719 0.665509 0.210417 0.666435 0.209115 0.666898 0.204427 0.666898 0.203385 0.667824 0.202604 0.667824 0.201563 0.668750
 7 0.166406 0.340509 0.165495 0.337500 0.166406 0.335880 0.167187 0.335880 0.168620 0.337500 0.167708 0.339120 0.166406 0.340509
 7 0.174740 0.343750 0.173177 0.343750 0.172526 0.342593 0.172526 0.340278 0.172005 0.337500 0.172917 0.336806 0.175000 0.336806 0.176042 0.337269 0.175651 0.339815 0.175651 0.342593 0.174740 0.343750
 7 0.183073 0.351620 0.180990 0.351620 0.180599 0.350463 0.180339 0.347222 0.179818 0.345370 0.179818 0.343981 0.180729 0.342361 0.181771 0.342361 0.182812 0.341435 0.184115 0.340972 0.184896 0.340046 0.186458 0.340046 0.187370 0.341667 0.187370 0.344444 0.186328 0.348148 0.184896 0.350694 0.183333 0.351157 0.183073 0.351620
 7 0.189844 0.384954 0.187891 0.378704 0.187891 0.375926 0.188932 0.371296 0.188411 0.366667 0.187891 0.365278 0.189062 0.364120 0.191927 0.364120 0.192188 0.363657 0.195052 0.363657 0.195312 0.363194 0.197396 0.363194 0.198437 0.364583 0.199349 0.365278 0.199349 0.370833 0.200391 0.375000 0.200651 0.376852 0.200391 0.379167 0.199219 0.380324 0.197917 0.380787 0.196615 0.380787 0.194271 0.382639 0.192708 0.384491 0.190104 0.384491 0.189844 0.384954
 7 0.135677 0.418287 0.134115 0.418287 0.133073 0.417361 0.132292 0.417361 0.129688 0.415509 0.126823 0.411806 0.125130 0.408796 0.124349 0.406481 0.124349 0.405093 0.125130 0.402778 0.125391 0.400000 0.125911 0.397685 0.127083 0.396065 0.128125 0.396065 0.129427 0.396991 0.131250 0.398843 0.132943 0.401389 0.134245 0.405556 0.134896 0.407176 0.135677 0.407639 0.137370 0.410648 0.137891 0.412500 0.137891 0.414352 0.137370 0.416204 0.136719 0.417361 0.135677 0.418287
 7 0.347005 0.440278 0.347786 0.439352 0.349089 0.437037 0.349870 0.434259 0.350130 0.431944 0.349870 0.431481 0.349870 0.423611 0.349609 0.423148 0.349609 0.420370 0.348958 0.419213 0.347135 0.419213 0.346875 0.418750 0.344792 0.418750 0.344141 0.420370 0.344271 0.421065 0.346875 0.422454 0.348047 0.424537 0.348307 0.425463 0.348307 0.428704 0.347396 0.430787 0.346615 0.431250 0.343229 0.431250 0.342187 0.430324 0.341536 0.429167 0.341016 0.425000 0.339974 0.421759 0.339323 0.420602 0.338281 0.420139 0.337891 0.420833 0.337109 0.425463 0.337109 0.428241 0.337891 0.431019 0.338151 0.432870 0.338542 0.433102 0.340104 0.435880 0.341146 0.436343 0.341927 0.437269 0.343490 0.440046 0.344271 0.440509 0.346875 0.440509 0.347005 0.440278
 7 0.143229 0.428009 0.142187 0.428009 0.141536 0.426389 0.141927 0.424769 0.142969 0.424769 0.143620 0.425926 0.143229 0.428009
 2 0.213281 0.700231 0.213021 0.699769 0.211719 0.699769 0.211458 0.699306 0.209115 0.698843 0.207292 0.697454 0.205208 0.696991 0.203125 0.695139 0.202604 0.694213 0.199740 0.691898 0.198958 0.690972 0.197135 0.690046 0.195312 0.688194 0.194010 0.687731 0.191927 0.685880 0.191406 0.685880 0.190104 0.684491 0.188281 0.683565 0.186458 0.681713 0.185156 0.679861 0.183724 0.677315 0.181380 0.670833 0.181380 0.664815 0.181641 0.662500 0.182031 0.661343 0.184115 0.659491 0.185938 0.659491 0.187240 0.661343 0.188672 0.663889 0.188672 0.664352 0.190104 0.666898 0.192969 0.669213 0.198958 0.669213 0.199219 0.668750 0.201563 0.668750 0.201823 0.668287 0.204427 0.667361 0.205729 0.667361 0.205990 0.666898 0.207552 0.666898 0.207813 0.666435 0.209635 0.666435 0.209896 0.665972 0.211719 0.665972 0.211979 0.665509 0.213802 0.665509 0.214062 0.665046 0.215885 0.665046 0.216146 0.664583 0.219010 0.664583 0.219271 0.664120 0.221875 0.664120 0.222135 0.663657 0.224479 0.663657 0.224740 0.663194 0.226562 0.663194 0.226823 0.662731 0.228385 0.662731 0.228646 0.662269 0.230729 0.662269 0.230990 0.661806 0.232813 0.661806 0.233073 0.661343 0.234635 0.661343 0.234896 0.660880 0.236198 0.660880 0.236458 0.660417 0.238802 0.660417 0.239063 0.659954 0.240885 0.659954 0.241146 0.659491 0.243229 0.659491 0.243490 0.659028 0.245573 0.659028 0.245833 0.658565 0.247396 0.658565 0.247656 0.658102 0.248958 0.658102 0.250521 0.657176 0.251823 0.657176 0.252083 0.656713 0.254427 0.656713 0.254688 0.656250 0.257031 0.656250 0.257292 0.655787 0.259375 0.655787 0.259635 0.655324 0.260937 0.655324 0.261198 0.654861 0.262760 0.654861 0.263021 0.654398 0.264844 0.654398 0.265104 0.653935 0.266927 0.653935 0.267188 0.653472 0.268750 0.653472 0.269010 0.653009 0.270573 0.653009 0.270833 0.652546 0.273438 0.652546 0.273698 0.652083 0.276302 0.652083 0.276562 0.651620 0.277865 0.651620 0.278125 0.651157 0.279687 0.651157 0.279948 0.650694 0.281250 0.650694 0.281510 0.650231 0.283073 0.650231 0.283333 0.649769 0.285417 0.649769 0.285677 0.649306 0.288021 0.649306 0.288281 0.648843 0.290104 0.648843 0.290365 0.648380 0.292448 0.648380 0.292708 0.647917 0.294792 0.647917 0.295052 0.647454 0.296875 0.647454 0.297135 0.646991 0.298438 0.646991 0.298698 0.646528 0.300521 0.646528 0.300781 0.646065 0.302865 0.646065 0.303125 0.645602 0.305208 0.645602 0.305469 0.645139 0.307292 0.645139 0.307552 0.644676 0.309115 0.644676 0.309375 0.644213 0.311198 0.644213 0.311458 0.643750 0.313281 0.643750 0.313542 0.643287 0.315104 0.643287 0.315365 0.642824 0.316667 0.642824 0.316927 0.642361 0.318750 0.642361 0.319010 0.641898 0.320833 0.641898 0.321094 0.641435 0.322917 0.641435 0.323177 0.640972 0.325000 0.640972 0.325260 0.640509 0.326823 0.640509 0.327083 0.640046 0.328646 0.640046 0.328906 0.639583 0.330208 0.639583 0.330469 0.639120 0.331771 0.639120 0.332031 0.638657 0.333333 0.638657 0.333594 0.638194 0.336719 0.638194 0.336979 0.637731 0.339323 0.637731 0.339583 0.637269 0.341406 0.637269 0.341667 0.636806 0.343490 0.636806 0.343750 0.636343 0.345573 0.636343 0.345833 0.635880 0.347656 0.635880 0.347917 0.635417 0.349740 0.635417 0.350000 0.634954 0.351823 0.634954 0.352083 0.634491 0.353906 0.634491 0.354167 0.634028 0.356510 0.634028 0.357812 0.633565 0.360417 0.631250 0.361719 0.629861 0.362891 0.627778 0.364974 0.622685 0.365495 0.619444 0.365495 0.616204 0.365755 0.615741 0.365755 0.612500 0.366016 0.612037 0.366016 0.609259 0.366276 0.608796 0.366276 0.606481 0.366797 0.603704 0.367318 0.599074 0.367318 0.596296 0.367839 0.593519 0.367839 0.589352 0.368099 0.588889 0.368099 0.584722 0.368359 0.584259 0.368359 0.579167 0.368620 0.578704 0.368620 0.574537 0.368880 0.574074 0.368880 0.566204 0.369141 0.565741 0.369141 0.562037 0.369401 0.561574 0.369401 0.558333 0.369661 0.557870 0.369661 0.552315 0.369922 0.551852 0.369922 0.549074 0.370182 0.548611 0.370182 0.545370 0.370443 0.544907 0.370443 0.539352 0.370703 0.538889 0.370703 0.535185 0.370964 0.534722 0.370964 0.531944 0.371224 0.531481 0.371224 0.529167 0.371745 0.524537 0.372005 0.524074 0.372005 0.520833 0.372266 0.520370 0.372266 0.516667 0.372526 0.516204 0.372526 0.513889 0.372786 0.513426 0.372786 0.511111 0.373047 0.510648 0.373047 0.506481 0.373307 0.506019 0.373307 0.501389 0.373568 0.500926 0.373568 0.496296 0.373828 0.495833 0.373828 0.490741 0.374089 0.490278 0.374089 0.485648 0.374349 0.485185 0.374349 0.481481 0.374609 0.481019 0.374609 0.478241 0.374870 0.477778 0.374870 0.475000 0.375130 0.474537 0.375130 0.471759 0.375391 0.471296 0.375391 0.468981 0.375651 0.468519 0.375651 0.464352 0.375911 0.463889 0.375911 0.459722 0.376172 0.459259 0.376172 0.456019 0.376432 0.455556 0.376432 0.446759 0.375391 0.443981 0.373828 0.441204 0.373568 0.438426 0.373828 0.437963 0.374089 0.434722 0.375260 0.432639 0.376302 0.431713 0.378125 0.432176 0.378646 0.433102 0.380990 0.434954 0.384245 0.440741 0.385286 0.443519 0.385807 0.445833 0.386328 0.446759 0.387370 0.450000 0.388932 0.452778 0.389714 0.455093 0.390495 0.456481 0.392578 0.462500 0.392578 0.463426 0.393880 0.467593 0.394141 0.469444 0.394141 0.477778 0.393880 0.478241 0.393880 0.483796 0.393620 0.484259 0.393620 0.487963 0.393359 0.488426 0.393359 0.493519 0.393099 0.493981 0.393099 0.498611 0.392839 0.499074 0.392839 0.502778 0.392578 0.503241 0.392578 0.507407 0.392318 0.507870 0.392318 0.512037 0.392057 0.512500 0.392057 0.516667 0.391797 0.517130 0.391797 0.521296 0.391536 0.521759 0.391536 0.527315 0.391276 0.527778 0.391276 0.531944 0.391016 0.532407 0.391016 0.534722 0.390755 0.535185 0.390755 0.537963 0.390495 0.538426 0.390495 0.543981 0.390234 0.544444 0.390234 0.547685 0.389974 0.548148 0.389974 0.551852 0.389714 0.552315 0.389714 0.560648 0.389453 0.561111 0.389453 0.564815 0.389193 0.565278 0.389193 0.570833 0.388932 0.571296 0.388932 0.575000 0.388672 0.575463 0.388672 0.579630 0.388411 0.580093 0.388411 0.584259 0.388151 0.584722 0.388151 0.589815 0.387891 0.590278 0.387891 0.594907 0.387630 0.595370 0.387630 0.598148 0.387370 0.598611 0.387370 0.603241 0.387109 0.603704 0.387109 0.609722 0.386849 0.610185 0.386849 0.614352 0.386589 0.614815 0.386589 0.619444 0.386328 0.619907 0.386328 0.623611 0.386068 0.624074 0.386068 0.628241 0.385807 0.628704 0.385807 0.632870 0.385547 0.633333 0.385547 0.637037 0.385286 0.637500 0.385286 0.640278 0.385026 0.640741 0.385026 0.643056 0.384766 0.643519 0.384766 0.646296 0.384505 0.648611 0.383464 0.652778 0.382682 0.654630 0.381510 0.656713 0.381250 0.656713 0.379688 0.659028 0.378906 0.659491 0.377604 0.661343 0.375781 0.662731 0.375260 0.662731 0.373177 0.664120 0.371875 0.664120 0.371615 0.664583 0.370312 0.664583 0.370052 0.665046 0.368750 0.665046 0.368490 0.665509 0.366667 0.665509 0.366406 0.665972 0.364583 0.665972 0.364323 0.666435 0.363021 0.666435 0.362760 0.666898 0.361458 0.666898 0.361198 0.667361 0.359375 0.667361 0.359115 0.667824 0.357552 0.667824 0.357292 0.668287 0.355729 0.668287 0.355469 0.668750 0.354167 0.668750 0.353906 0.669213 0.352083 0.669213 0.351823 0.669676 0.350260 0.669676 0.350000 0.670139 0.347917 0.670139 0.347656 0.670602 0.345833 0.670602 0.345573 0.671065 0.342969 0.671065 0.342708 0.671528 0.340625 0.671528 0.340365 0.671991 0.338281 0.671991 0.338021 0.672454 0.336458 0.672454 0.336198 0.672917 0.334635 0.672917 0.334375 0.673380 0.332813 0.673380 0.332552 0.673843 0.330990 0.673843 0.330729 0.674306 0.329167 0.674306 0.328906 0.674769 0.326562 0.674769 0.326302 0.675231 0.324219 0.675231 0.323958 0.675694 0.322135 0.675694 0.321875 0.676157 0.319531 0.676157 0.319271 0.676620 0.317448 0.676620 0.317188 0.677083 0.315625 0.677083 0.315365 0.677546 0.313802 0.677546 0.313542 0.678009 0.311198 0.678009 0.310937 0.678472 0.308854 0.678472 0.308594 0.678935 0.306771 0.678935 0.306510 0.679398 0.304427 0.679398 0.304167 0.679861 0.302604 0.679861 0.302344 0.680324 0.300781 0.680324 0.300521 0.680787 0.299219 0.680787 0.298958 0.681250 0.296875 0.681250 0.296615 0.681713 0.294271 0.681713 0.294010 0.682176 0.291667 0.682176 0.291406 0.682639 0.289844 0.682639 0.289583 0.683102 0.288021 0.683102 0.287760 0.683565 0.285677 0.683565 0.285417 0.684028 0.283333 0.684028 0.283073 0.684491 0.281771 0.684491 0.281510 0.684954 0.279687 0.684954 0.279427 0.685417 0.277604 0.685417 0.277344 0.685880 0.275521 0.685880 0.275260 0.686343 0.273438 0.686343 0.273177 0.686806 0.271615 0.686806 0.271354 0.687269 0.269792 0.687269 0.269531 0.687731 0.268229 0.687731 0.267969 0.688194 0.266406 0.688194 0.266146 0.688657 0.263802 0.688657 0.263542 0.689120 0.261458 0.689120 0.261198 0.689583 0.259635 0.689583 0.259375 0.690046 0.257292 0.690046 0.257031 0.690509 0.254688 0.690509 0.254427 0.690972 0.252865 0.690972 0.252604 0.691435 0.250781 0.691435 0.250521 0.691898 0.248177 0.691898 0.247917 0.692361 0.246354 0.692361 0.246094 0.692824 0.244792 0.692824 0.244531 0.693287 0.242969 0.693287 0.242708 0.693750 0.240885 0.693750 0.240625 0.694213 0.238802 0.694213 0.238542 0.694676 0.236979 0.694676 0.236719 0.695139 0.235156 0.695139 0.234896 0.695602 0.232813 0.695602 0.232552 0.696065 0.230729 0.696065 0.230469 0.696528 0.228906 0.696528 0.228646 0.696991 0.226823 0.696991 0.226562 0.697454 0.224740 0.697454 0.224479 0.697917 0.222656 0.697917 0.222396 0.698380 0.220312 0.698380 0.220052 0.698843 0.217188 0.698843 0.216927 0.699306 0.215365 0.699306 0.215104 0.699769 0.213542 0.699769 0.213281 0.700231
 7 0.000000 0.429398 0.001823 0.429398 0.002604 0.428935 0.004427 0.427083 0.005990 0.426157 0.009115 0.425231 0.010417 0.424306 0.011458 0.424306 0.013021 0.423380 0.014583 0.423380 0.014844 0.422917 0.016406 0.422917 0.016667 0.422454 0.018229 0.422454 0.018490 0.421991 0.019792 0.421991 0.020052 0.421528 0.021615 0.421528 0.021875 0.421065 0.023438 0.421065 0.023698 0.420602 0.025000 0.420602 0.025260 0.420139 0.026823 0.420139 0.027083 0.419676 0.028646 0.419676 0.033073 0.417361 0.036458 0.415972 0.038542 0.415972 0.038802 0.415509 0.041146 0.415509 0.041406 0.415046 0.042708 0.415046 0.042969 0.414583 0.044531 0.414583 0.044792 0.414120 0.047135 0.414120 0.047396 0.413657 0.049740 0.413657 0.050000 0.413194 0.052865 0.413194 0.053125 0.412731 0.055469 0.412269 0.056771 0.411343 0.059115 0.410880 0.061719 0.409491 0.063802 0.408102 0.065104 0.408102 0.065365 0.407639 0.067448 0.407639 0.067708 0.407176 0.072135 0.405324 0.073438 0.405324 0.073698 0.404861 0.075521 0.404861 0.075781 0.404398 0.077344 0.404398 0.077604 0.403935 0.078906 0.403935 0.080469 0.403009 0.081771 0.403009 0.082031 0.402546 0.083594 0.402546 0.083854 0.402083 0.085417 0.402083 0.085677 0.401620 0.086979 0.401620 0.087240 0.401157 0.088802 0.401157 0.089063 0.400694 0.090885 0.400694 0.091146 0.400231 0.092448 0.400231 0.093750 0.399769 0.094792 0.398843 0.096094 0.398380 0.097396 0.398380 0.097656 0.397917 0.100521 0.397917 0.100781 0.397454 0.104167 0.397454 0.106250 0.398843 0.106901 0.400000 0.106380 0.402778 0.105339 0.406019 0.103385 0.409491 0.102083 0.411343 0.100521 0.412731 0.098828 0.415741 0.098568 0.417130 0.096484 0.421296 0.095443 0.425926 0.095443 0.431944 0.095703 0.432407 0.095703 0.434722 0.096224 0.436574 0.097266 0.438889 0.098958 0.441898 0.100260 0.443287 0.101432 0.445370 0.102214 0.447685 0.103125 0.449306 0.104427 0.450694 0.106380 0.454167 0.106380 0.456019 0.105859 0.458333 0.105078 0.460648 0.104557 0.462963 0.104297 0.465278 0.103255 0.468981 0.102214 0.474537 0.101693 0.475926 0.100651 0.482407 0.099870 0.485185 0.098568 0.487963 0.097266 0.493056 0.097005 0.495370 0.094661 0.503704 0.094661 0.505093 0.093880 0.508333 0.093880 0.509259 0.093099 0.511574 0.091276 0.515278 0.090234 0.518519 0.089453 0.521759 0.089193 0.524074 0.088672 0.526389 0.087109 0.531944 0.087109 0.533333 0.086589 0.535185 0.086328 0.538426 0.085026 0.543519 0.083724 0.546759 0.082161 0.553241 0.082161 0.554630 0.081641 0.556944 0.081380 0.559259 0.081380 0.563426 0.081120 0.564815 0.081380 0.566667 0.082422 0.568981 0.084375 0.571991 0.086198 0.573843 0.086979 0.575231 0.087760 0.575694 0.090104 0.578009 0.091406 0.579861 0.092969 0.581250 0.095052 0.582176 0.095833 0.583102 0.096875 0.583565 0.100000 0.589120 0.100781 0.589583 0.102083 0.591435 0.103125 0.592361 0.104688 0.594676 0.105990 0.595602 0.107813 0.596065 0.108854 0.596991 0.109635 0.596991 0.113021 0.599306 0.114323 0.599769 0.115625 0.601157 0.116927 0.602083 0.117448 0.603009 0.118750 0.603935 0.120052 0.605324 0.121354 0.607176 0.124479 0.609491 0.125260 0.610417 0.127604 0.611343 0.129948 0.614120 0.131771 0.615972 0.133333 0.616898 0.133854 0.617824 0.135677 0.619213 0.136198 0.620139 0.138021 0.621528 0.138802 0.622454 0.141667 0.623843 0.142448 0.624769 0.143229 0.624769 0.145052 0.626157 0.146354 0.626620 0.148698 0.628935 0.150260 0.631713 0.150521 0.631713 0.152344 0.634491 0.153385 0.634954 0.154948 0.636343 0.157292 0.637269 0.158594 0.637269 0.159635 0.637731 0.161458 0.639583 0.162240 0.640046 0.163021 0.641435 0.165365 0.644213 0.165625 0.644213 0.167969 0.647454 0.168229 0.647454 0.170573 0.650231 0.171094 0.650231 0.172656 0.652083 0.173437 0.652546 0.174740 0.654398 0.176172 0.656944 0.177214 0.659259 0.178255 0.662963 0.178516 0.665278 0.178516 0.668056 0.178776 0.668519 0.178776 0.672685 0.178516 0.673148 0.178516 0.677778 0.178255 0.678241 0.177734 0.683333 0.177214 0.686111 0.176693 0.687500 0.176172 0.690741 0.175651 0.692130 0.175391 0.693981 0.175130 0.698148 0.174870 0.698611 0.174609 0.701852 0.174349 0.702315 0.174089 0.705093 0.172786 0.709259 0.172266 0.712963 0.170703 0.721759 0.170443 0.722222 0.169401 0.728704 0.169401 0.730556 0.168099 0.735185 0.167318 0.739352 0.167057 0.739815 0.166797 0.743056 0.166536 0.743519 0.166016 0.747222 0.165495 0.748611 0.164714 0.753704 0.164714 0.755556 0.164193 0.757870 0.163932 0.761111 0.163411 0.762963 0.161849 0.774537 0.159766 0.781944 0.158984 0.784259 0.157552 0.787269 0.155469 0.789120 0.154427 0.790509 0.151302 0.792361 0.149219 0.792824 0.148958 0.793287 0.147396 0.793287 0.147135 0.793750 0.145313 0.793750 0.145052 0.794213 0.142708 0.794213 0.142448 0.794676 0.141146 0.794676 0.139844 0.795602 0.138542 0.796065 0.135937 0.796065 0.135677 0.796528 0.134115 0.796528 0.132812 0.797454 0.131771 0.797454 0.130208 0.798380 0.127604 0.798380 0.127344 0.798843 0.124740 0.798843 0.124479 0.799306 0.121875 0.799306 0.121615 0.799769 0.120052 0.799769 0.119792 0.800231 0.118229 0.800231 0.116667 0.801157 0.113542 0.801157 0.113281 0.801620 0.107031 0.801620 0.106771 0.802083 0.104688 0.802083 0.104427 0.802546 0.102604 0.802546 0.102344 0.803009 0.099740 0.803009 0.099479 0.803472 0.096875 0.803472 0.096615 0.803935 0.092708 0.803935 0.092448 0.804398 0.090365 0.804398 0.090104 0.804861 0.088802 0.804861 0.086198 0.805787 0.085938 0.806250 0.084635 0.806250 0.084375 0.806713 0.083073 0.806713 0.082812 0.807176 0.081250 0.807176 0.079687 0.808102 0.078125 0.808102 0.077865 0.808565 0.076563 0.808565 0.076302 0.809028 0.075000 0.809028 0.074740 0.809491 0.073438 0.809491 0.073177 0.809954 0.071354 0.809954 0.071094 0.810417 0.069271 0.810417 0.069010 0.810880 0.066406 0.810880 0.066146 0.811343 0.062760 0.811343 0.062500 0.811806 0.059375 0.811806 0.059115 0.812269 0.056771 0.812269 0.056510 0.812731 0.053906 0.812731 0.053646 0.813194 0.051302 0.813194 0.051042 0.812731 0.048698 0.812731 0.047396 0.811806 0.045052 0.811343 0.043750 0.810417 0.041667 0.809491 0.040104 0.808102 0.039323 0.808102 0.038281 0.807176 0.036458 0.806713 0.034635 0.805324 0.032292 0.804398 0.031250 0.803472 0.029948 0.803472 0.029687 0.803009 0.027344 0.803009 0.027083 0.802546 0.025521 0.802546 0.024219 0.801620 0.022917 0.801157 0.021615 0.801157 0.018490 0.799769 0.015104 0.797454 0.014323 0.797454 0.011979 0.796065 0.010937 0.796065 0.009896 0.795139 0.008594 0.794676 0.006771 0.793287 0.004427 0.792824 0.002865 0.791898 0.000000 0.791898
 2 0.358073 0.998380 0.354687 0.998380 0.354427 0.997917 0.342448 0.997917 0.342187 0.997454 0.341146 0.997917 0.317708 0.997917 0.317448 0.997454 0.272396 0.997454 0.272135 0.997917 0.253125 0.997917 0.252865 0.997454 0.249740 0.997454 0.249479 0.997917 0.241146 0.997917 0.240885 0.997454 0.230469 0.997454 0.230208 0.997917 0.220052 0.997917 0.219792 0.997454 0.167187 0.997454 0.166927 0.997917 0.155208 0.997917 0.154948 0.998380 0.153385 0.998380 0.153125 0.997917 0.151042 0.997917 0.150781 0.997454 0.147135 0.997454 0.146875 0.997917 0.125260 0.997917 0.125000 0.998380 0.118490 0.998380 0.117188 0.997454 0.116536 0.995833 0.116536 0.989815 0.116797 0.987963 0.117318 0.986574 0.118099 0.981481 0.119401 0.977315 0.119922 0.974537 0.119922 0.973148 0.120703 0.968056 0.121224 0.966667 0.122526 0.959722 0.122786 0.957407 0.123307 0.955556 0.123828 0.951389 0.124349 0.950000 0.124870 0.946296 0.125911 0.942130 0.126172 0.939815 0.126953 0.937500 0.127474 0.935185 0.127474 0.933796 0.128776 0.928241 0.129557 0.923148 0.130339 0.920833 0.131380 0.914352 0.132161 0.912037 0.132161 0.911111 0.133724 0.904630 0.133724 0.903241 0.134766 0.898611 0.134766 0.897222 0.135286 0.895833 0.135547 0.893519 0.136068 0.892130 0.136849 0.887037 0.136849 0.885185 0.137370 0.882407 0.137891 0.881019 0.138151 0.878704 0.139193 0.874074 0.139193 0.872685 0.139714 0.870370 0.141276 0.865278 0.141797 0.862963 0.142057 0.860648 0.142578 0.859259 0.143099 0.855556 0.143620 0.854167 0.144141 0.850000 0.144661 0.848611 0.144922 0.846296 0.145443 0.844907 0.145703 0.842593 0.146745 0.838889 0.147005 0.836574 0.147526 0.835185 0.147786 0.832870 0.149349 0.826852 0.150911 0.823611 0.151432 0.821759 0.154167 0.816898 0.155208 0.815972 0.157552 0.812731 0.158854 0.811806 0.160677 0.811343 0.162240 0.810417 0.164062 0.810417 0.164323 0.809954 0.166146 0.809954 0.166406 0.809491 0.169531 0.809491 0.169792 0.809028 0.173958 0.809028 0.174219 0.808565 0.176042 0.808565 0.176302 0.808102 0.177865 0.808102 0.178125 0.807639 0.180990 0.807639 0.181250 0.807176 0.183333 0.807176 0.183594 0.806713 0.185677 0.806713 0.185938 0.806250 0.188802 0.806250 0.189062 0.805787 0.190885 0.805787 0.191146 0.805324 0.192708 0.805324 0.192969 0.804861 0.195312 0.804861 0.195573 0.804398 0.197656 0.804398 0.197917 0.803935 0.199479 0.803935 0.199740 0.803472 0.201563 0.803472 0.201823 0.803009 0.205469 0.803009 0.205729 0.802546 0.208594 0.802546 0.208854 0.802083 0.211198 0.802083 0.211458 0.801620 0.213802 0.801620 0.214062 0.801157 0.215885 0.801157 0.216146 0.800694 0.218750 0.800694 0.219010 0.800231 0.222135 0.800231 0.222396 0.799769 0.225000 0.799769 0.225260 0.799306 0.226823 0.799306 0.227083 0.798843 0.229167 0.798843 0.229427 0.798380 0.231510 0.798380 0.231771 0.797917 0.233594 0.797917 0.233854 0.797454 0.235937 0.797454 0.236198 0.796991 0.238542 0.796991 0.238802 0.796528 0.241927 0.796528 0.242188 0.796065 0.245573 0.796065 0.245833 0.795602 0.248438 0.795602 0.248698 0.795139 0.251302 0.795139 0.251563 0.794676 0.253385 0.794676 0.253646 0.794213 0.254948 0.794213 0.255208 0.793750 0.259115 0.793750 0.259375 0.793287 0.262500 0.793287 0.262760 0.792824 0.265365 0.792824 0.265625 0.792361 0.267969 0.792361 0.268229 0.791898 0.270573 0.791898 0.270833 0.791435 0.273438 0.791435 0.273698 0.790972 0.276302 0.790972 0.276562 0.790509 0.279167 0.790509 0.279427 0.790046 0.282292 0.790046 0.282552 0.789583 0.285938 0.789583 0.286198 0.789120 0.288802 0.789120 0.289062 0.788657 0.291927 0.788657 0.292187 0.788194 0.295573 0.788194 0.295833 0.787731 0.297656 0.787731 0.297917 0.787269 0.300260 0.787269 0.300521 0.786806 0.303385 0.786806 0.303646 0.786343 0.305729 0.786343 0.305990 0.785880 0.308073 0.785880 0.308333 0.785417 0.310937 0.785417 0.311198 0.784954 0.314323 0.784954 0.314583 0.784491 0.316667 0.784491 0.316927 0.784028 0.318750 0.784028 0.319010 0.783565 0.320833 0.783565 0.321094 0.783102 0.323958 0.783102 0.324219 0.782639 0.328125 0.782639 0.328385 0.782176 0.331771 0.782176 0.332031 0.781713 0.334896 0.781713 0.335156 0.781250 0.338021 0.781250 0.338281 0.780787 0.340365 0.780787 0.340625 0.780324 0.343490 0.780324 0.343750 0.779861 0.349740 0.779861 0.351042 0.780787 0.353385 0.781713 0.354167 0.782639 0.355469 0.783102 0.356250 0.784028 0.357552 0.784491 0.359635 0.786343 0.360156 0.787269 0.362500 0.789120 0.365625 0.792824 0.367318 0.795833 0.368099 0.797685 0.368359 0.799074 0.369141 0.800926 0.370964 0.804167 0.370964 0.804630 0.372266 0.807870 0.372526 0.809722 0.372526 0.813426 0.372786 0.813889 0.372786 0.818981 0.372526 0.819444 0.372526 0.825463 0.372266 0.825926 0.372266 0.831481 0.372005 0.831944 0.372005 0.836111 0.371745 0.836574 0.371745 0.842593 0.371484 0.843056 0.371484 0.846296 0.371224 0.846759 0.371224 0.850000 0.370964 0.850463 0.370964 0.853241 0.370703 0.853704 0.370703 0.856944 0.370443 0.857407 0.370182 0.861574 0.369922 0.862037 0.369922 0.864352 0.369661 0.864815 0.369661 0.871296 0.369401 0.871759 0.369401 0.874074 0.368880 0.876852 0.368880 0.881019 0.368620 0.881481 0.368620 0.886111 0.368359 0.886574 0.368359 0.890278 0.368099 0.890741 0.368099 0.894907 0.367839 0.895370 0.367839 0.900000 0.367578 0.900463 0.367578 0.905556 0.367318 0.906019 0.367318 0.909259 0.367057 0.909722 0.367057 0.912500 0.366797 0.912963 0.366797 0.917130 0.366536 0.917593 0.366536 0.921759 0.366276 0.922222 0.366276 0.926852 0.366016 0.927315 0.366016 0.930093 0.365755 0.930556 0.365234 0.935185 0.365234 0.938426 0.364974 0.938889 0.364974 0.943056 0.364714 0.943519 0.364714 0.948611 0.364453 0.949074 0.364453 0.953241 0.364193 0.953704 0.364193 0.956481 0.363672 0.959259 0.363672 0.961574 0.363411 0.962037 0.363411 0.964815 0.363151 0.965278 0.363151 0.968519 0.362891 0.968981 0.362891 0.972222 0.362630 0.972685 0.362630 0.975926 0.362370 0.976389 0.362370 0.981481 0.362109 0.983796 0.361589 0.985648 0.361068 0.989352 0.361068 0.992130 0.360807 0.992593 0.360807 0.994907 0.360286 0.996759 0.359115 0.997917 0.358073 0.998380
 4 0.562500 0.435417 0.559635 0.435417 0.559375 0.434954 0.557292 0.434954 0.555990 0.434491 0.554688 0.433102 0.552344 0.431713 0.551042 0.429861 0.550260 0.429398 0.548698 0.427083 0.548438 0.427083 0.546224 0.423148 0.545182 0.420833 0.543880 0.415741 0.543620 0.412037 0.542839 0.406019 0.542578 0.405556 0.542578 0.402315 0.542318 0.401852 0.542318 0.399074 0.542057 0.398611 0.542057 0.395833 0.541797 0.395370 0.541797 0.392593 0.541536 0.392130 0.541536 0.382870 0.541797 0.382407 0.541797 0.379630 0.542578 0.375926 0.543099 0.375000 0.543620 0.372685 0.544661 0.370370 0.544922 0.368981 0.545703 0.367130 0.547135 0.364583 0.548438 0.362731 0.549740 0.361343 0.551302 0.359028 0.552865 0.357639 0.553385 0.357639 0.555208 0.356250 0.556250 0.355787 0.558594 0.355324 0.559896 0.354398 0.561198 0.354398 0.561458 0.353935 0.564844 0.353935 0.565104 0.354398 0.566406 0.354398 0.566667 0.354861 0.567969 0.354861 0.568229 0.355324 0.569531 0.355324 0.569792 0.355787 0.571094 0.355787 0.572396 0.356250 0.574219 0.357639 0.575260 0.359491 0.576562 0.360880 0.578516 0.364352 0.578516 0.364815 0.579818 0.367130 0.581380 0.371296 0.582161 0.375000 0.582943 0.377778 0.582943 0.380556 0.583203 0.381019 0.583203 0.387037 0.583464 0.387500 0.583464 0.394444 0.583724 0.394907 0.583724 0.406944 0.582682 0.413426 0.581901 0.416667 0.580339 0.419907 0.579557 0.422222 0.577604 0.425694 0.575000 0.428935 0.571354 0.432176 0.567969 0.434491 0.565625 0.434491 0.565365 0.434954 0.562760 0.434954 0.562500 0.435417
 3 0.518229 0.465972 0.514583 0.465972 0.514323 0.465509 0.512760 0.465509 0.512500 0.465046 0.509115 0.463657 0.507292 0.461806 0.506250 0.460417 0.503255 0.455093 0.502734 0.453704 0.502214 0.450926 0.501693 0.449537 0.500651 0.443981 0.499609 0.437037 0.499089 0.435648 0.498568 0.432870 0.498568 0.429630 0.498307 0.429167 0.498307 0.425463 0.498828 0.423148 0.498828 0.421296 0.499349 0.418519 0.500130 0.415741 0.500651 0.414815 0.501953 0.410648 0.505990 0.403472 0.507031 0.402083 0.509635 0.400231 0.510417 0.399306 0.512500 0.398380 0.513281 0.397454 0.514583 0.396991 0.521615 0.396991 0.523958 0.397917 0.525000 0.398843 0.525781 0.398843 0.529167 0.401620 0.530208 0.403009 0.532682 0.407407 0.532943 0.408796 0.533984 0.411111 0.534505 0.413426 0.534766 0.416667 0.535286 0.418519 0.535807 0.424074 0.536328 0.425926 0.536589 0.428241 0.536589 0.430556 0.536849 0.431019 0.536849 0.433796 0.537109 0.434259 0.537109 0.440278 0.536328 0.445833 0.535286 0.449074 0.532943 0.453241 0.532161 0.455556 0.531250 0.457176 0.529687 0.458565 0.527604 0.459491 0.525521 0.461343 0.524219 0.461806 0.522917 0.463194 0.522396 0.463194 0.521094 0.464583 0.518229 0.465972
 3 0.583073 0.520602 0.579167 0.520602 0.578906 0.520139 0.577604 0.520139 0.576302 0.519676 0.573958 0.518287 0.571094 0.515972 0.569271 0.513657 0.566536 0.508796 0.566016 0.506944 0.565234 0.505556 0.564453 0.503241 0.563151 0.495370 0.563151 0.492593 0.562891 0.492130 0.562891 0.489815 0.562630 0.489352 0.562109 0.483796 0.561849 0.483333 0.561849 0.473148 0.562109 0.470833 0.562891 0.466204 0.564453 0.461111 0.565234 0.459259 0.567969 0.454398 0.570833 0.451157 0.572396 0.449769 0.575260 0.447917 0.576823 0.447454 0.578385 0.446528 0.581250 0.446528 0.581510 0.446065 0.584635 0.446065 0.584896 0.446528 0.586458 0.446528 0.587760 0.446991 0.591406 0.448843 0.594271 0.452083 0.595833 0.453472 0.599089 0.459259 0.600130 0.462037 0.600651 0.464815 0.601432 0.467130 0.602214 0.472222 0.602214 0.474537 0.602474 0.475000 0.602474 0.480093 0.602734 0.480556 0.602734 0.493519 0.602474 0.493981 0.602474 0.496759 0.601953 0.499074 0.600911 0.501852 0.600130 0.504630 0.596094 0.511806 0.594010 0.513657 0.592187 0.515972 0.591667 0.515972 0.590625 0.517361 0.588802 0.518287 0.587760 0.519213 0.585417 0.520139 0.583333 0.520139 0.583073 0.520602
 3 0.506250 0.675694 0.500781 0.675694 0.500521 0.675231 0.498958 0.675231 0.497656 0.674769 0.496094 0.673380 0.494792 0.672917 0.491927 0.670139 0.490365 0.667361 0.488802 0.665509 0.486589 0.661574 0.485547 0.658796 0.485547 0.657870 0.484505 0.655093 0.483724 0.651852 0.483203 0.650926 0.481641 0.645370 0.481120 0.642130 0.480599 0.640278 0.480599 0.638426 0.480078 0.635648 0.480078 0.626852 0.480859 0.620833 0.482682 0.613426 0.484766 0.608333 0.486198 0.605787 0.486458 0.605787 0.487760 0.603472 0.489063 0.601620 0.490104 0.600694 0.490885 0.599306 0.492188 0.597917 0.494531 0.596528 0.495573 0.595602 0.496354 0.595602 0.497396 0.594676 0.499219 0.594676 0.499479 0.594213 0.505729 0.594213 0.507031 0.595139 0.508073 0.595139 0.511458 0.597454 0.514583 0.601157 0.518620 0.608333 0.519661 0.612037 0.520443 0.613889 0.521484 0.618981 0.522786 0.624074 0.523307 0.625463 0.523568 0.627778 0.524089 0.629630 0.524349 0.633796 0.524609 0.634259 0.524609 0.641667 0.524349 0.642130 0.524349 0.644444 0.523828 0.646759 0.523828 0.648611 0.523047 0.651389 0.523047 0.652315 0.522005 0.655556 0.520703 0.660185 0.518490 0.664120 0.518229 0.664120 0.516146 0.666898 0.514844 0.669213 0.512760 0.671528 0.510417 0.673380 0.507292 0.674769 0.506250 0.675694
 4 0.486719 0.571991 0.481510 0.571991 0.481250 0.571528 0.479948 0.571528 0.476823 0.569676 0.474479 0.567361 0.473698 0.566898 0.471875 0.564583 0.470443 0.562037 0.469401 0.559259 0.467839 0.556481 0.467057 0.554167 0.466536 0.550926 0.466016 0.550000 0.465755 0.548148 0.465234 0.547222 0.464714 0.544444 0.464193 0.543056 0.463411 0.539815 0.462891 0.538426 0.462630 0.536111 0.462109 0.534722 0.461849 0.531944 0.461328 0.530093 0.461328 0.527315 0.461068 0.526852 0.461068 0.518981 0.461328 0.518519 0.461328 0.516204 0.462370 0.511111 0.462891 0.509722 0.463411 0.506944 0.465234 0.502315 0.466536 0.500000 0.467448 0.497917 0.467708 0.497917 0.469271 0.495139 0.470313 0.494213 0.471615 0.492361 0.475000 0.489120 0.476302 0.488657 0.477083 0.487731 0.477865 0.487731 0.479167 0.486806 0.480469 0.486806 0.480729 0.486343 0.482031 0.486343 0.482292 0.485880 0.484115 0.485880 0.484375 0.486343 0.487500 0.486343 0.487760 0.486806 0.489063 0.486806 0.491927 0.489120 0.493490 0.489583 0.496094 0.492361 0.497396 0.494213 0.500391 0.499537 0.501693 0.502778 0.502474 0.506019 0.504036 0.511111 0.504557 0.514815 0.505078 0.516204 0.505339 0.518519 0.506380 0.523148 0.506641 0.527315 0.507161 0.529630 0.507161 0.534722 0.507422 0.535185 0.507422 0.537963 0.507161 0.538426 0.507161 0.540741 0.506901 0.541204 0.506641 0.544444 0.506120 0.546296 0.506120 0.547685 0.504297 0.555093 0.502865 0.557639 0.502604 0.557639 0.501172 0.560185 0.501172 0.560648 0.499479 0.563657 0.498698 0.564583 0.495052 0.567824 0.491927 0.569676 0.491146 0.570602 0.488802 0.571528 0.486979 0.571528 0.486719 0.571991
 4 0.536979 0.545602 0.529427 0.545602 0.528125 0.545139 0.527083 0.544213 0.525521 0.543750 0.523958 0.542361 0.523438 0.541435 0.521615 0.540046 0.520052 0.538194 0.518359 0.535185 0.517578 0.533333 0.517057 0.531019 0.516536 0.530093 0.516016 0.527778 0.515495 0.526852 0.514974 0.524074 0.513932 0.520370 0.513672 0.518056 0.513151 0.516667 0.512630 0.512963 0.511589 0.508333 0.511589 0.507407 0.510807 0.503704 0.510807 0.500463 0.510547 0.500000 0.510547 0.489815 0.511328 0.485185 0.512891 0.479630 0.513932 0.476852 0.514714 0.475463 0.515234 0.473611 0.517448 0.469676 0.517708 0.469676 0.520833 0.465509 0.522917 0.463657 0.523438 0.463657 0.524740 0.462269 0.525521 0.462269 0.526823 0.461343 0.527604 0.461343 0.529687 0.459954 0.531771 0.459954 0.532031 0.459491 0.533333 0.459491 0.533594 0.459954 0.535156 0.459954 0.535417 0.460417 0.537500 0.460417 0.538802 0.461343 0.540104 0.461343 0.541146 0.461806 0.545573 0.466435 0.547656 0.468750 0.549089 0.471296 0.549870 0.473148 0.551693 0.478241 0.553255 0.483796 0.553255 0.485185 0.554036 0.490741 0.554557 0.492593 0.555078 0.498148 0.555339 0.498611 0.555339 0.500926 0.555599 0.501389 0.555599 0.504630 0.555859 0.505093 0.555859 0.514352 0.555599 0.514815 0.555599 0.518056 0.555078 0.520833 0.553255 0.527315 0.552214 0.530093 0.547917 0.537731 0.547135 0.538194 0.544531 0.540972 0.541406 0.543750 0.538542 0.545139 0.537240 0.545139 0.536979 0.545602
 4 0.607812 0.611343 0.605208 0.611343 0.604948 0.610880 0.602865 0.610880 0.602604 0.610417 0.600260 0.609954 0.600000 0.609491 0.598437 0.609028 0.596875 0.607639 0.596094 0.607639 0.593229 0.604861 0.591146 0.602083 0.589063 0.599769 0.586589 0.595370 0.584505 0.590278 0.582943 0.584259 0.582943 0.583333 0.582161 0.580556 0.581901 0.578704 0.581901 0.575926 0.581641 0.575463 0.581641 0.571296 0.581380 0.570833 0.581380 0.550463 0.581901 0.547685 0.582161 0.543981 0.583203 0.540278 0.583203 0.539352 0.584505 0.535185 0.585286 0.533333 0.586589 0.531019 0.586589 0.530556 0.589063 0.526157 0.590365 0.525231 0.591927 0.523380 0.592969 0.521528 0.595573 0.519676 0.600000 0.517824 0.601302 0.517824 0.601562 0.517361 0.607552 0.517361 0.607812 0.517824 0.609375 0.517824 0.609635 0.518287 0.611198 0.518287 0.613021 0.519676 0.615625 0.521065 0.619271 0.524306 0.620833 0.526157 0.622135 0.528472 0.622396 0.528472 0.623828 0.531019 0.623828 0.531481 0.625651 0.534722 0.625651 0.535185 0.626953 0.537963 0.627995 0.542130 0.628516 0.543056 0.629297 0.546296 0.629297 0.548148 0.629818 0.550463 0.629818 0.553241 0.630078 0.553704 0.630078 0.559259 0.630339 0.559722 0.630339 0.567130 0.630078 0.567593 0.630078 0.574537 0.629818 0.575000 0.629818 0.579167 0.629297 0.581481 0.629036 0.583796 0.627734 0.588426 0.625911 0.594444 0.622656 0.600231 0.622396 0.600231 0.621094 0.602546 0.619792 0.604398 0.617448 0.606713 0.615625 0.608102 0.613021 0.609028 0.611719 0.609954 0.610677 0.609954 0.608073 0.610880 0.607812 0.611343
 4 0.902344 0.414120 0.895573 0.414120 0.895312 0.413657 0.893750 0.413657 0.892188 0.412731 0.890625 0.412731 0.890365 0.412269 0.889062 0.412269 0.886198 0.410880 0.885156 0.409954 0.883854 0.409491 0.882292 0.408102 0.880990 0.406250 0.878646 0.404861 0.876302 0.402546 0.874609 0.400000 0.874609 0.399537 0.873307 0.397222 0.873307 0.396759 0.868359 0.387963 0.867839 0.386574 0.866797 0.381019 0.866797 0.372685 0.867057 0.372222 0.867318 0.369444 0.868620 0.365278 0.869401 0.363426 0.870703 0.361111 0.870703 0.360648 0.873047 0.356481 0.873568 0.355093 0.875651 0.347685 0.876693 0.345833 0.877995 0.342130 0.878516 0.339815 0.880729 0.335880 0.880990 0.335880 0.883073 0.332176 0.885417 0.329861 0.886719 0.329398 0.888021 0.328472 0.890365 0.326157 0.891667 0.325694 0.892708 0.324769 0.893750 0.324769 0.895052 0.323843 0.896354 0.323843 0.896615 0.323380 0.899740 0.321991 0.902865 0.321991 0.903125 0.321528 0.904427 0.321991 0.907813 0.321991 0.908073 0.322454 0.909635 0.322454 0.909896 0.322917 0.911198 0.322917 0.912760 0.323843 0.914323 0.323843 0.914583 0.324306 0.915885 0.324306 0.916146 0.324769 0.917969 0.325231 0.919271 0.326620 0.920833 0.327546 0.921615 0.328935 0.922396 0.329398 0.923438 0.330787 0.925000 0.331250 0.926823 0.332639 0.928255 0.335185 0.928255 0.335648 0.929688 0.338194 0.930990 0.339583 0.932682 0.342593 0.935026 0.350463 0.935547 0.355093 0.935807 0.355556 0.935807 0.364815 0.935026 0.367593 0.934766 0.369907 0.934245 0.372222 0.932943 0.375463 0.930859 0.379167 0.930599 0.380556 0.929818 0.382407 0.928255 0.385185 0.928255 0.385648 0.926562 0.388657 0.926302 0.388657 0.923568 0.393519 0.921484 0.399537 0.919010 0.403935 0.918229 0.404398 0.916927 0.406250 0.916146 0.406713 0.913542 0.409954 0.912500 0.410880 0.909375 0.411806 0.908073 0.412731 0.906771 0.412731 0.906510 0.413194 0.905208 0.413194 0.904948 0.413657 0.902604 0.413657 0.902344 0.414120
 4 0.863281 0.420602 0.861198 0.420602 0.860156 0.419676 0.858854 0.417824 0.857161 0.413889 0.857161 0.412037 0.857943 0.409259 0.858854 0.407639 0.860677 0.405787 0.864583 0.405787 0.866667 0.407176 0.867969 0.409028 0.869010 0.409954 0.870182 0.412037 0.870182 0.414352 0.869922 0.415278 0.868229 0.418287 0.864844 0.420139 0.863542 0.420139 0.863281 0.420602
 4 0.846615 0.528472 0.844010 0.528472 0.841927 0.527083 0.840625 0.526620 0.839063 0.526620 0.838021 0.526157 0.836849 0.524537 0.836849 0.522222 0.837109 0.521759 0.837891 0.518056 0.839063 0.515972 0.840365 0.514583 0.841536 0.512500 0.842839 0.508333 0.843099 0.505556 0.843620 0.502778 0.845313 0.499769 0.846354 0.499306 0.847917 0.497917 0.849349 0.495370 0.849870 0.489815 0.850911 0.487500 0.851432 0.484722 0.851432 0.483333 0.851953 0.481019 0.853776 0.475463 0.857292 0.469213 0.859635 0.467361 0.860547 0.464815 0.860807 0.462500 0.861589 0.459722 0.862630 0.457407 0.862891 0.456019 0.864583 0.453009 0.865365 0.452546 0.866927 0.452546 0.867188 0.452083 0.868750 0.452083 0.871094 0.450694 0.872135 0.450694 0.874219 0.448380 0.876823 0.446991 0.878385 0.446991 0.878646 0.446528 0.885417 0.446528 0.886458 0.446991 0.888151 0.448611 0.888151 0.450926 0.888411 0.451389 0.888411 0.454167 0.887630 0.456481 0.882812 0.465046 0.881510 0.466898 0.880208 0.468287 0.878646 0.471065 0.878385 0.471065 0.876693 0.474074 0.876693 0.474537 0.875391 0.476852 0.875391 0.477315 0.873828 0.480093 0.873828 0.480556 0.868099 0.490741 0.868099 0.491204 0.861068 0.503704 0.861068 0.504167 0.859505 0.506944 0.858464 0.509722 0.857031 0.512269 0.856771 0.512269 0.855078 0.515278 0.854297 0.517593 0.849479 0.526157 0.846615 0.528472
 6 0.534375 0.903009 0.530469 0.903009 0.529167 0.902546 0.526302 0.899769 0.524740 0.897454 0.524479 0.897454 0.522656 0.894213 0.522396 0.894213 0.519792 0.889583 0.517969 0.887731 0.515885 0.884491 0.515625 0.884491 0.514323 0.882176 0.514062 0.882176 0.510417 0.875694 0.510156 0.875694 0.508333 0.872917 0.506771 0.871065 0.505208 0.869676 0.503255 0.866204 0.501953 0.862500 0.500781 0.860880 0.499479 0.858565 0.497917 0.856713 0.495052 0.856713 0.494010 0.856250 0.493099 0.854630 0.491797 0.849537 0.491016 0.848148 0.489453 0.842130 0.488932 0.838426 0.488672 0.837963 0.488151 0.833796 0.487891 0.833333 0.487891 0.831019 0.487630 0.830556 0.487630 0.828241 0.487370 0.827778 0.487370 0.825463 0.487109 0.823148 0.486589 0.820833 0.486068 0.816667 0.485547 0.814815 0.485286 0.810648 0.484766 0.808333 0.484505 0.805093 0.483724 0.801852 0.483724 0.800000 0.483203 0.797222 0.483203 0.794907 0.482422 0.790741 0.482422 0.788889 0.481380 0.782870 0.481120 0.780556 0.481120 0.778241 0.480599 0.775463 0.480599 0.773611 0.480078 0.771296 0.479557 0.764815 0.478776 0.761111 0.478776 0.759722 0.478255 0.757407 0.478255 0.756019 0.477734 0.754167 0.477214 0.749074 0.476693 0.747222 0.476432 0.743519 0.475911 0.740741 0.475651 0.737500 0.475391 0.737037 0.475130 0.733796 0.474609 0.731481 0.474609 0.728704 0.474349 0.726389 0.473568 0.722222 0.473568 0.720833 0.472786 0.716667 0.472786 0.714815 0.472266 0.712500 0.472266 0.710648 0.471745 0.708333 0.471484 0.705093 0.470964 0.702778 0.470443 0.697685 0.470182 0.697222 0.469922 0.693981 0.469401 0.691667 0.469401 0.690278 0.468880 0.686574 0.468620 0.686111 0.468359 0.682870 0.467839 0.680556 0.467839 0.679167 0.467318 0.677315 0.467057 0.675000 0.467057 0.672222 0.466797 0.671759 0.466797 0.669444 0.466536 0.667130 0.466016 0.664815 0.466016 0.662963 0.465495 0.661111 0.465234 0.657870 0.464714 0.655556 0.464714 0.653704 0.463932 0.649537 0.462891 0.639352 0.462370 0.637500 0.461849 0.632407 0.461589 0.631944 0.461328 0.628704 0.460807 0.626852 0.460807 0.625463 0.460026 0.622222 0.459766 0.620370 0.459766 0.617130 0.459505 0.616667 0.459505 0.614352 0.459245 0.612037 0.458724 0.610185 0.458724 0.608796 0.458203 0.606944 0.457161 0.598148 0.456641 0.596296 0.456120 0.592593 0.455859 0.588426 0.455339 0.586111 0.455078 0.581944 0.454297 0.578704 0.454036 0.575463 0.453516 0.573148 0.453516 0.571759 0.452214 0.565741 0.451953 0.563426 0.451953 0.560185 0.451693 0.559722 0.451693 0.557407 0.451432 0.556944 0.451432 0.554630 0.451172 0.552778 0.450391 0.549537 0.450391 0.548148 0.449870 0.545833 0.449870 0.543981 0.449349 0.541667 0.449349 0.540278 0.448828 0.537963 0.448568 0.535648 0.448568 0.533333 0.447786 0.526389 0.447266 0.524074 0.447266 0.522685 0.446484 0.519444 0.446484 0.518056 0.445703 0.514815 0.445703 0.513426 0.445182 0.511574 0.444922 0.507870 0.444401 0.505093 0.444401 0.502778 0.444141 0.502315 0.443359 0.496296 0.442578 0.493056 0.442578 0.491204 0.442057 0.488889 0.442057 0.487500 0.441276 0.483333 0.441016 0.481019 0.441016 0.478704 0.440495 0.476389 0.440495 0.473611 0.440234 0.473148 0.440234 0.470833 0.439974 0.468519 0.439453 0.466204 0.439453 0.464815 0.438411 0.457407 0.437891 0.455556 0.437891 0.450463 0.438151 0.450000 0.438151 0.447222 0.438672 0.444907 0.439453 0.442593 0.440885 0.440046 0.443490 0.437269 0.444792 0.436343 0.446094 0.435880 0.447396 0.434491 0.448698 0.434028 0.451562 0.431713 0.452344 0.431713 0.454948 0.429861 0.458073 0.428009 0.460156 0.427083 0.460938 0.426157 0.463021 0.425231 0.463802 0.424306 0.465104 0.423843 0.465885 0.422917 0.467708 0.422454 0.469271 0.421528 0.471354 0.419676 0.473698 0.418287 0.474479 0.418287 0.475781 0.417361 0.476562 0.417361 0.478385 0.415972 0.482031 0.414120 0.482292 0.413657 0.487500 0.413657 0.489063 0.412731 0.491406 0.411806 0.493229 0.410417 0.496615 0.410417 0.496875 0.410880 0.498177 0.410880 0.499089 0.408796 0.500260 0.406713 0.501823 0.405787 0.504167 0.405324 0.506510 0.404398 0.508594 0.402546 0.510156 0.399769 0.513021 0.397454 0.515104 0.396528 0.516667 0.395139 0.517969 0.393287 0.519271 0.392361 0.520052 0.392361 0.521094 0.391435 0.523177 0.390972 0.525000 0.390046 0.528385 0.387269 0.532031 0.383102 0.534896 0.381250 0.535677 0.380324 0.537240 0.379398 0.540104 0.379398 0.540365 0.378935 0.544271 0.378935 0.544792 0.378472 0.546224 0.375926 0.546745 0.372222 0.548828 0.365278 0.549219 0.364583 0.550521 0.364120 0.551302 0.363194 0.553646 0.362269 0.554948 0.362269 0.555859 0.361111 0.556380 0.358333 0.559375 0.356250 0.561719 0.356250 0.563281 0.357639 0.564583 0.359954 0.566146 0.359954 0.566406 0.360417 0.567969 0.360417 0.568229 0.359954 0.569792 0.359954 0.570052 0.359491 0.572396 0.359491 0.574219 0.361343 0.575781 0.362269 0.577083 0.362269 0.579167 0.361343 0.580469 0.359028 0.582812 0.357639 0.585156 0.358565 0.585938 0.359491 0.588542 0.364120 0.588802 0.364120 0.590495 0.367130 0.591276 0.370833 0.592057 0.373611 0.592578 0.374537 0.593359 0.378241 0.594141 0.380556 0.594922 0.384722 0.594922 0.386574 0.595703 0.390741 0.597005 0.393519 0.598307 0.397222 0.599089 0.400463 0.600651 0.404167 0.601172 0.406481 0.601953 0.408796 0.602734 0.413889 0.604818 0.418981 0.605859 0.422685 0.606380 0.423611 0.607422 0.427778 0.608464 0.430093 0.609245 0.432407 0.610547 0.439815 0.611328 0.442593 0.613932 0.447222 0.614453 0.449074 0.615234 0.450463 0.616016 0.453704 0.617057 0.456944 0.618359 0.463426 0.618359 0.465741 0.618620 0.467593 0.619401 0.470370 0.619922 0.471296 0.620703 0.475463 0.621745 0.478241 0.623307 0.483796 0.624349 0.486574 0.625130 0.487963 0.625911 0.491204 0.626172 0.494907 0.626693 0.496759 0.627995 0.499074 0.629297 0.503241 0.629818 0.506019 0.631901 0.512500 0.632682 0.515741 0.633724 0.518981 0.633984 0.521296 0.634766 0.523611 0.634766 0.524537 0.636328 0.529167 0.637630 0.534259 0.638151 0.535648 0.638932 0.538889 0.639714 0.541204 0.640755 0.543519 0.641536 0.545833 0.641797 0.549537 0.642578 0.552778 0.644141 0.555556 0.645182 0.560648 0.646224 0.564352 0.646745 0.565278 0.647266 0.567593 0.648047 0.569907 0.649089 0.572222 0.650130 0.577778 0.651953 0.583796 0.651953 0.584722 0.653516 0.589815 0.654036 0.592130 0.654557 0.593056 0.655078 0.595370 0.656641 0.599074 0.657422 0.602315 0.657943 0.606481 0.659245 0.609259 0.660547 0.612963 0.660807 0.614352 0.662109 0.618981 0.662370 0.620370 0.663672 0.624074 0.664714 0.628241 0.665234 0.629630 0.665495 0.631944 0.666016 0.633333 0.666276 0.635185 0.666797 0.636111 0.667318 0.638426 0.667839 0.639352 0.668099 0.641204 0.668880 0.643519 0.669922 0.647685 0.670443 0.648611 0.671484 0.652315 0.672786 0.655556 0.673307 0.660648 0.673828 0.662963 0.675651 0.666204 0.676693 0.669444 0.676693 0.670370 0.677734 0.674074 0.678516 0.675926 0.678516 0.676852 0.679297 0.678704 0.680078 0.681944 0.680859 0.683796 0.680859 0.684722 0.681901 0.687963 0.681901 0.688889 0.683724 0.693981 0.684505 0.698148 0.685286 0.700926 0.686328 0.703241 0.687370 0.706944 0.688411 0.709722 0.689453 0.713889 0.689974 0.718056 0.690495 0.718981 0.692057 0.724074 0.692318 0.725926 0.692318 0.729630 0.692578 0.730093 0.692578 0.733333 0.692318 0.733796 0.692057 0.736574 0.691016 0.740278 0.689714 0.743056 0.689714 0.743519 0.688281 0.746065 0.687240 0.746991 0.685807 0.749537 0.684766 0.752315 0.684505 0.754630 0.684766 0.755093 0.684766 0.757407 0.685026 0.757870 0.685026 0.762963 0.684766 0.763426 0.684766 0.767130 0.683724 0.772222 0.681901 0.778704 0.681380 0.779630 0.680859 0.782407 0.680599 0.786574 0.680078 0.788426 0.679818 0.790741 0.679297 0.792130 0.679036 0.794444 0.678516 0.796759 0.677214 0.801389 0.676432 0.806481 0.675911 0.807870 0.675391 0.811111 0.674609 0.813426 0.674609 0.814352 0.673307 0.819444 0.671224 0.824074 0.670443 0.827315 0.669010 0.829861 0.668229 0.830787 0.663021 0.834491 0.657552 0.834491 0.655990 0.833565 0.652083 0.833565 0.651823 0.834028 0.650521 0.834028 0.649219 0.834954 0.645833 0.836806 0.642969 0.838657 0.642188 0.838657 0.641146 0.839583 0.639844 0.840046 0.639062 0.840972 0.636198 0.842824 0.635677 0.842824 0.633854 0.844213 0.633073 0.844213 0.630729 0.845602 0.628385 0.846065 0.627083 0.846991 0.626302 0.846991 0.623437 0.849306 0.620573 0.850694 0.619792 0.851620 0.618490 0.852083 0.617188 0.853009 0.615885 0.854398 0.614583 0.855324 0.611719 0.856250 0.611458 0.856713 0.608333 0.857639 0.607031 0.858565 0.606250 0.858565 0.604948 0.859491 0.601562 0.860880 0.598958 0.862731 0.596354 0.864120 0.595052 0.864583 0.594271 0.865509 0.592969 0.865972 0.589844 0.867824 0.589063 0.868750 0.587760 0.869213 0.584635 0.871528 0.580990 0.872917 0.580729 0.873380 0.578385 0.874306 0.578125 0.874769 0.576042 0.875694 0.575000 0.876620 0.571615 0.878009 0.570312 0.879398 0.568490 0.880324 0.567187 0.881713 0.566667 0.881713 0.565104 0.883102 0.564583 0.884028 0.563021 0.884954 0.561719 0.886343 0.559375 0.887731 0.558333 0.887731 0.557031 0.888657 0.556250 0.888657 0.553906 0.890972 0.552604 0.891898 0.551302 0.893287 0.550000 0.893750 0.549219 0.894676 0.547656 0.895139 0.546094 0.896528 0.545573 0.896528 0.543750 0.898380 0.542448 0.898843 0.541667 0.899769 0.539062 0.901157 0.538281 0.901157 0.537240 0.902083 0.535937 0.902546 0.534635 0.902546 0.534375 0.903009
 6 0.557161 0.389815 0.558854 0.388657 0.560156 0.387269 0.561328 0.384722 0.561328 0.383796 0.562891 0.379167 0.562891 0.377778 0.561328 0.373611 0.560417 0.371991 0.557552 0.371991 0.557292 0.372454 0.555729 0.372454 0.555469 0.372917 0.553646 0.372917 0.553125 0.373380 0.551693 0.375926 0.551172 0.377315 0.550911 0.379630 0.551172 0.381944 0.551693 0.384259 0.552474 0.386111 0.553646 0.388194 0.555729 0.390046 0.557161 0.389815
 6 0.565234 0.393981 0.565495 0.392593 0.564844 0.390972 0.563802 0.390972 0.563411 0.393056 0.564063 0.394213 0.565234 0.393981
 6 0.564974 0.412963 0.565104 0.412731 0.567969 0.412731 0.568229 0.412269 0.571354 0.412269 0.571745 0.411111 0.571745 0.406481 0.571484 0.405556 0.569792 0.402546 0.568750 0.401157 0.567969 0.400694 0.566406 0.400694 0.566146 0.401157 0.563542 0.401157 0.561198 0.402546 0.559635 0.402546 0.555729 0.399306 0.553385 0.396991 0.552083 0.397454 0.551432 0.398611 0.551432 0.404630 0.551693 0.405093 0.551693 0.407407 0.551953 0.407870 0.552214 0.410648 0.552865 0.412269 0.554948 0.413194 0.558333 0.413194 0.558594 0.412731 0.563802 0.412731 0.564974 0.412963
 6 0.513411 0.442130 0.514062 0.441898 0.514714 0.439815 0.514453 0.438889 0.514453 0.436574 0.514193 0.435185 0.513542 0.434028 0.512760 0.433565 0.510417 0.435417 0.509766 0.436574 0.509245 0.438426 0.509245 0.440278 0.509896 0.441898 0.511719 0.441898 0.511979 0.442361 0.513411 0.442130
 6 0.518099 0.465278 0.519271 0.464583 0.520312 0.464583 0.522917 0.462731 0.524089 0.460648 0.524089 0.459259 0.523177 0.457639 0.521615 0.457639 0.521354 0.457176 0.518750 0.457176 0.518490 0.456713 0.517188 0.456713 0.515625 0.457639 0.513281 0.459954 0.511198 0.459954 0.510156 0.460880 0.510938 0.461343 0.512240 0.461343 0.514062 0.462731 0.516406 0.465046 0.518099 0.465278
