 1 0.847526 0.000000 0.847526 0.003241 0.848047 0.006019 0.848047 0.008333 0.848307 0.008796 0.848047 0.010648 0.848047 0.012963 0.847526 0.015278 0.847266 0.018519 0.846745 0.020833 0.846745 0.022685 0.846224 0.025000 0.846224 0.026852 0.845443 0.031019 0.845443 0.035648 0.845182 0.036111 0.845182 0.038426 0.844661 0.040278 0.844661 0.041667 0.844141 0.043519 0.844141 0.044907 0.843359 0.049074 0.843359 0.050463 0.842839 0.052778 0.842839 0.054630 0.841797 0.061111 0.841536 0.063426 0.841536 0.065741 0.840755 0.069444 0.840495 0.072685 0.840234 0.073148 0.839193 0.080556 0.838151 0.085648 0.837891 0.087500 0.837891 0.090741 0.837630 0.091204 0.837630 0.094444 0.837109 0.096296 0.837109 0.098148 0.836589 0.100463 0.836589 0.102315 0.835286 0.110185 0.835026 0.113426 0.834766 0.113889 0.834505 0.117130 0.834245 0.117593 0.832943 0.125463 0.831901 0.131019 0.831901 0.132407 0.831380 0.134722 0.831120 0.138889 0.830599 0.141204 0.830599 0.143056 0.830078 0.145370 0.829557 0.150926 0.829297 0.151389 0.828255 0.157870 0.827995 0.162037 0.827734 0.162500 0.827734 0.165278 0.827474 0.165741 0.827474 0.169444 0.827214 0.169907 0.827214 0.172222 0.826693 0.174537 0.826693 0.176389 0.825911 0.179167 0.825651 0.181481 0.825130 0.182870 0.824609 0.186574 0.824609 0.188889 0.823828 0.192593 0.823568 0.194907 0.823047 0.196759 0.822005 0.204167 0.822005 0.205556 0.821484 0.206944 0.820964 0.210648 0.820703 0.211111 0.820443 0.214352 0.819922 0.216204 0.819661 0.219444 0.819401 0.219907 0.818880 0.225463 0.818099 0.229630 0.818099 0.231481 0.817318 0.236574 0.817057 0.237037 0.816536 0.240741 0.816016 0.243056 0.816016 0.244907 0.815495 0.247222 0.815495 0.249074 0.814974 0.251852 0.814974 0.254167 0.814193 0.258333 0.814193 0.260185 0.813672 0.263889 0.813151 0.265741 0.813151 0.267130 0.812630 0.268981 0.812109 0.275463 0.811589 0.277778 0.811328 0.280093 0.811328 0.282407 0.811068 0.282870 0.811068 0.285648 0.810807 0.287963 0.810286 0.290278 0.809245 0.296296 0.808984 0.298611 0.808984 0.300926 0.808464 0.303241 0.808464 0.305093 0.807943 0.307407 0.807943 0.309259 0.807422 0.312037 0.807422 0.313889 0.806380 0.319907 0.806120 0.320370 0.805599 0.324074 0.805339 0.327315 0.802995 0.337500 0.801953 0.339815 0.801432 0.342130 0.800651 0.344444 0.798177 0.348843 0.797917 0.348843 0.796615 0.351157 0.795312 0.352546 0.794010 0.354398 0.793229 0.354861 0.791927 0.357176 0.790885 0.358565 0.786979 0.362269 0.785677 0.362731 0.784896 0.363657 0.781771 0.365509 0.779427 0.365972 0.779167 0.366435 0.777865 0.366435 0.777604 0.366898 0.775781 0.366898 0.775521 0.367361 0.769531 0.367361 0.769271 0.367824 0.754427 0.367824 0.754167 0.368287 0.740365 0.368287 0.740104 0.368750 0.721354 0.368750 0.720052 0.369213 0.719792 0.368750 0.716146 0.368750 0.715885 0.369213 0.713281 0.369213 0.713021 0.369676 0.711719 0.369213 0.702344 0.369213 0.702083 0.369676 0.699219 0.369676 0.698958 0.370139 0.685677 0.370139 0.685417 0.370602 0.682552 0.370602 0.682292 0.371065 0.661458 0.371065 0.661198 0.371528 0.652865 0.371528 0.652604 0.371991 0.644792 0.371991 0.644531 0.372454 0.642188 0.372454 0.641927 0.371991 0.640365 0.371991 0.640104 0.371528 0.638802 0.371528 0.637500 0.370602 0.634635 0.369676 0.632812 0.367824 0.630339 0.363426 0.629557 0.361574 0.628255 0.356944 0.627734 0.354630 0.627214 0.350926 0.627214 0.332870 0.627474 0.332407 0.627474 0.322222 0.627734 0.321759 0.627734 0.310648 0.627995 0.310185 0.627995 0.302778 0.628255 0.302315 0.628255 0.288426 0.628516 0.287963 0.628516 0.280093 0.628776 0.279630 0.628776 0.271759 0.629036 0.271296 0.629036 0.258796 0.629297 0.258333 0.629297 0.251389 0.629557 0.250926 0.629557 0.238426 0.629818 0.237963 0.629818 0.224537 0.630078 0.224074 0.630078 0.211111 0.630339 0.210648 0.630339 0.203241 0.630599 0.202778 0.630599 0.187500 0.631120 0.184722 0.631120 0.182407 0.631380 0.181944 0.631380 0.175463 0.631641 0.175000 0.631641 0.171296 0.631901 0.170833 0.631901 0.165741 0.632161 0.165278 0.632161 0.146296 0.632422 0.145833 0.632422 0.139352 0.632161 0.138889 0.632161 0.132870 0.632422 0.132407 0.632422 0.129167 0.632943 0.126389 0.632943 0.124074 0.633203 0.123611 0.633203 0.119907 0.633464 0.119444 0.633464 0.114352 0.633724 0.113889 0.633724 0.107407 0.633984 0.106944 0.633984 0.097685 0.634245 0.097222 0.634245 0.090741 0.634505 0.090278 0.634505 0.084259 0.634766 0.083796 0.634766 0.075926 0.635026 0.075463 0.635026 0.061574 0.635286 0.061111 0.635286 0.055556 0.635547 0.055093 0.635547 0.048148 0.635807 0.047685 0.635807 0.029167 0.636068 0.028704 0.636068 0.023148 0.636328 0.022685 0.636328 0.018981 0.636589 0.018519 0.636589 0.010648 0.636849 0.010185 0.636849 0.007870 0.637891 0.003241 0.637891 0.000000
 0 0.174219 0.478935 0.165885 0.478935 0.165104 0.478472 0.164062 0.477083 0.161328 0.472222 0.160547 0.470370 0.159766 0.467593 0.159245 0.464815 0.157812 0.462269 0.155469 0.461343 0.154167 0.461343 0.153906 0.460880 0.151302 0.460880 0.151042 0.460417 0.149740 0.460880 0.148438 0.460880 0.144792 0.463194 0.142969 0.465046 0.141667 0.465046 0.139583 0.463194 0.138411 0.461111 0.136589 0.455556 0.136328 0.454167 0.133984 0.450000 0.133984 0.449537 0.132682 0.447222 0.131901 0.445370 0.130599 0.440278 0.128776 0.436574 0.127474 0.432407 0.124870 0.427778 0.124089 0.425463 0.123307 0.422222 0.122786 0.420833 0.120313 0.417361 0.118750 0.415972 0.117839 0.414352 0.116797 0.410648 0.116536 0.408333 0.116016 0.406481 0.116016 0.405093 0.115234 0.402315 0.114974 0.400000 0.114193 0.397685 0.113411 0.396296 0.113151 0.394907 0.112370 0.393056 0.111849 0.390741 0.111068 0.385648 0.110026 0.381944 0.109766 0.379630 0.108464 0.374537 0.107943 0.373611 0.107161 0.368981 0.106641 0.367593 0.105859 0.362037 0.105339 0.360648 0.104036 0.354630 0.103516 0.350926 0.102734 0.349074 0.101953 0.345833 0.101432 0.344907 0.100651 0.341204 0.100130 0.337037 0.099349 0.333796 0.099349 0.332870 0.098307 0.329630 0.098307 0.328704 0.097526 0.326389 0.096484 0.319907 0.095964 0.318519 0.095182 0.312963 0.094922 0.312500 0.094922 0.309722 0.094661 0.309259 0.094922 0.306944 0.094922 0.302778 0.095703 0.300000 0.096484 0.298611 0.097266 0.296296 0.097786 0.293981 0.102604 0.285417 0.104427 0.283565 0.106771 0.279398 0.108073 0.278009 0.109375 0.277083 0.112500 0.273380 0.113802 0.271528 0.116406 0.269213 0.118750 0.265972 0.120573 0.264583 0.123438 0.261806 0.125521 0.259028 0.128125 0.257176 0.129427 0.255787 0.132031 0.253472 0.133854 0.251620 0.134375 0.251620 0.138281 0.247917 0.138802 0.247917 0.140104 0.246528 0.140625 0.246528 0.141927 0.245139 0.143229 0.244676 0.144531 0.243750 0.145833 0.242361 0.147917 0.241435 0.151302 0.238194 0.153385 0.237269 0.154167 0.236343 0.155729 0.235880 0.158073 0.234028 0.158854 0.234028 0.159896 0.233102 0.161198 0.232639 0.161979 0.231713 0.163542 0.230787 0.164323 0.230787 0.165365 0.229861 0.166406 0.229861 0.167708 0.228935 0.170052 0.228472 0.170313 0.228009 0.171615 0.228009 0.172656 0.227083 0.173958 0.226620 0.175260 0.225694 0.176563 0.225694 0.177865 0.225231 0.179167 0.224306 0.180729 0.224306 0.180990 0.223843 0.183073 0.223843 0.183333 0.223380 0.186458 0.223380 0.186719 0.222917 0.189323 0.222917 0.189583 0.222454 0.193490 0.222454 0.193750 0.221991 0.196615 0.221991 0.196875 0.221528 0.201042 0.221528 0.201302 0.221065 0.203385 0.221065 0.203646 0.220602 0.210677 0.220602 0.210938 0.220139 0.217708 0.220139 0.217969 0.219676 0.221875 0.219676 0.222135 0.220139 0.227083 0.220139 0.227344 0.220602 0.230208 0.220602 0.230469 0.221065 0.232292 0.221065 0.232552 0.221528 0.233854 0.221528 0.234115 0.221991 0.235417 0.221991 0.236719 0.222454 0.238021 0.223380 0.241146 0.224306 0.241406 0.224769 0.244531 0.226157 0.245833 0.227546 0.246354 0.227546 0.249740 0.230787 0.252474 0.235648 0.253516 0.238426 0.254557 0.243056 0.255599 0.245370 0.257161 0.251389 0.259375 0.255324 0.259635 0.255324 0.261328 0.258796 0.262891 0.265741 0.263672 0.268519 0.264714 0.270833 0.266016 0.275926 0.267057 0.278704 0.267839 0.281944 0.269401 0.286574 0.269922 0.289352 0.271224 0.293519 0.274089 0.298611 0.274609 0.300000 0.275130 0.302778 0.275651 0.304167 0.275911 0.306944 0.276432 0.309722 0.279036 0.318981 0.279036 0.319907 0.280078 0.323148 0.280599 0.325463 0.283203 0.332870 0.283724 0.335185 0.283724 0.336574 0.284505 0.339352 0.285547 0.344444 0.285547 0.345833 0.286068 0.348611 0.287891 0.354630 0.288932 0.358796 0.289453 0.362500 0.289453 0.368519 0.289193 0.368981 0.289193 0.371296 0.288932 0.371759 0.289193 0.373611 0.289193 0.376852 0.290755 0.380093 0.290755 0.381019 0.291536 0.383796 0.291536 0.386111 0.290495 0.389352 0.289974 0.392130 0.289974 0.393519 0.289193 0.397685 0.288672 0.399537 0.285677 0.404861 0.285417 0.404861 0.283073 0.409028 0.282813 0.409028 0.281641 0.411111 0.281641 0.411574 0.280208 0.414120 0.278906 0.415509 0.277604 0.415972 0.276302 0.417361 0.275000 0.418287 0.273177 0.421065 0.272396 0.421528 0.270833 0.423380 0.268490 0.425231 0.267969 0.426157 0.265104 0.428472 0.263281 0.430324 0.261979 0.430787 0.259896 0.432639 0.257031 0.434028 0.256250 0.434954 0.254688 0.435417 0.253646 0.436343 0.252865 0.436343 0.250000 0.438657 0.249219 0.440046 0.247396 0.441435 0.246094 0.441898 0.244531 0.441898 0.243229 0.442361 0.241927 0.443287 0.240104 0.443750 0.238802 0.444676 0.237760 0.444676 0.234115 0.446528 0.230990 0.448843 0.229167 0.449306 0.228125 0.450231 0.226042 0.451157 0.224219 0.452546 0.223177 0.452546 0.221094 0.453935 0.218750 0.454861 0.217969 0.455787 0.215365 0.457176 0.214583 0.457176 0.213542 0.458102 0.212760 0.458102 0.211719 0.459028 0.210938 0.459028 0.210156 0.459954 0.207292 0.461343 0.206250 0.461343 0.203646 0.462731 0.202083 0.464120 0.201563 0.465046 0.199740 0.466435 0.196615 0.467824 0.195312 0.468750 0.194531 0.468750 0.193490 0.469676 0.191667 0.469676 0.191406 0.470139 0.189844 0.470139 0.186719 0.471528 0.184375 0.473380 0.183333 0.473380 0.179167 0.475694 0.178385 0.476620 0.177604 0.476620 0.175260 0.478009 0.174219 0.478935
 7 0.245052 0.889120 0.242969 0.889120 0.242448 0.888657 0.240755 0.885648 0.239974 0.880556 0.239974 0.873611 0.240234 0.873148 0.240234 0.866667 0.239974 0.866204 0.239974 0.858333 0.239453 0.856019 0.238281 0.854398 0.236458 0.853009 0.232031 0.853009 0.231771 0.853472 0.228646 0.853472 0.228385 0.853935 0.226562 0.853935 0.226302 0.854398 0.224479 0.854398 0.224219 0.854861 0.220573 0.854861 0.220312 0.855324 0.216667 0.855324 0.215104 0.856713 0.213281 0.857639 0.211719 0.857639 0.211458 0.858102 0.209375 0.858102 0.209115 0.858565 0.207031 0.858565 0.206771 0.859028 0.202083 0.859028 0.201823 0.858565 0.199479 0.858565 0.199219 0.859028 0.196094 0.859028 0.195833 0.858565 0.194271 0.858565 0.193359 0.857407 0.192578 0.854630 0.192057 0.850926 0.191536 0.849074 0.189583 0.845602 0.188021 0.843750 0.186719 0.841435 0.185677 0.840046 0.183854 0.838194 0.183333 0.837269 0.181771 0.835880 0.180208 0.834954 0.179427 0.834954 0.178385 0.834028 0.177604 0.834028 0.175781 0.832639 0.175000 0.832639 0.172917 0.831250 0.170833 0.828009 0.169271 0.826620 0.167969 0.824769 0.166927 0.823843 0.165625 0.821991 0.164323 0.819676 0.161198 0.815972 0.159375 0.814583 0.158854 0.813657 0.156510 0.812269 0.155208 0.812269 0.154948 0.811806 0.152604 0.811806 0.152344 0.811343 0.139844 0.811343 0.139583 0.811806 0.130729 0.811806 0.130469 0.811343 0.127865 0.811343 0.127604 0.810880 0.125781 0.810880 0.125521 0.810417 0.124219 0.810417 0.122917 0.809954 0.121094 0.808102 0.120573 0.808102 0.119010 0.806713 0.116667 0.806713 0.116406 0.806250 0.114583 0.806250 0.114323 0.806713 0.111719 0.806713 0.109635 0.808102 0.107292 0.809028 0.105990 0.809028 0.104427 0.809954 0.103125 0.809954 0.100521 0.810880 0.100260 0.811343 0.098958 0.811343 0.098698 0.811806 0.096615 0.811806 0.096354 0.812269 0.094792 0.812269 0.094531 0.812731 0.093229 0.812731 0.092969 0.813194 0.091146 0.813194 0.089974 0.811111 0.089453 0.809722 0.089714 0.807870 0.091536 0.803704 0.092578 0.800000 0.094401 0.795833 0.095182 0.793056 0.095703 0.792130 0.096745 0.788426 0.097266 0.787500 0.097526 0.785648 0.098828 0.781019 0.099870 0.778241 0.101172 0.775926 0.102214 0.773611 0.102734 0.770833 0.104036 0.766667 0.105599 0.763889 0.107422 0.757870 0.108464 0.755093 0.111328 0.748611 0.111849 0.746759 0.112891 0.744907 0.113672 0.742593 0.114974 0.740278 0.115755 0.738426 0.116016 0.737037 0.116797 0.735185 0.118359 0.732407 0.119661 0.727315 0.120182 0.725926 0.123307 0.720370 0.124089 0.716667 0.124870 0.714352 0.126432 0.711111 0.127995 0.706481 0.129557 0.703704 0.131120 0.699537 0.131901 0.696759 0.133203 0.694444 0.134766 0.689815 0.136328 0.686111 0.137109 0.682870 0.138151 0.680093 0.139453 0.677778 0.139453 0.677315 0.142448 0.671991 0.143229 0.671065 0.146094 0.668750 0.146875 0.668750 0.149219 0.667361 0.150521 0.666898 0.152083 0.666898 0.152344 0.666435 0.153646 0.666435 0.153906 0.665972 0.155729 0.665972 0.155990 0.665509 0.157552 0.665509 0.157812 0.665046 0.159115 0.665046 0.161458 0.663657 0.162760 0.663657 0.163021 0.663194 0.164323 0.663194 0.164583 0.662731 0.166927 0.662269 0.169792 0.660880 0.171094 0.660880 0.171354 0.660417 0.172656 0.660417 0.172917 0.659954 0.174479 0.659954 0.174740 0.659491 0.176823 0.659491 0.177083 0.659028 0.178385 0.659028 0.178646 0.658565 0.180469 0.658102 0.182031 0.656713 0.183333 0.656713 0.183594 0.656250 0.184896 0.656250 0.185156 0.655787 0.186458 0.655787 0.186719 0.655324 0.188281 0.655324 0.188542 0.654861 0.190104 0.654861 0.190365 0.654398 0.192708 0.653935 0.192969 0.653472 0.194271 0.653472 0.196875 0.652546 0.198177 0.651620 0.199219 0.651620 0.200521 0.650694 0.204427 0.649306 0.206250 0.649306 0.206510 0.648843 0.208073 0.648843 0.209635 0.647917 0.210938 0.647917 0.212500 0.646991 0.216146 0.646065 0.218750 0.645139 0.220573 0.643750 0.221615 0.643287 0.222917 0.643287 0.223177 0.642824 0.224479 0.642824 0.224740 0.642361 0.226042 0.642361 0.227344 0.641435 0.228385 0.641435 0.231250 0.640046 0.232552 0.640046 0.232813 0.639583 0.234635 0.639583 0.234896 0.639120 0.236719 0.639120 0.236979 0.638657 0.238281 0.638657 0.239844 0.637731 0.241146 0.637731 0.242448 0.637269 0.243750 0.636343 0.245052 0.636343 0.245312 0.635880 0.246875 0.635880 0.247135 0.635417 0.248438 0.635417 0.249740 0.634954 0.250781 0.634028 0.253385 0.633102 0.254688 0.633102 0.254948 0.632639 0.256250 0.632639 0.256510 0.632176 0.257812 0.632176 0.259375 0.631250 0.261198 0.631250 0.261458 0.630787 0.263021 0.630787 0.267188 0.628472 0.269531 0.628009 0.270833 0.627083 0.272656 0.627083 0.272917 0.626620 0.274479 0.626620 0.274740 0.626157 0.276042 0.626157 0.277604 0.625231 0.278906 0.625231 0.279167 0.624769 0.280469 0.624769 0.280729 0.624306 0.282292 0.624306 0.283333 0.623843 0.285677 0.625231 0.287109 0.627778 0.287630 0.630093 0.288411 0.632407 0.289453 0.637500 0.290755 0.641204 0.294401 0.654167 0.295443 0.656481 0.295964 0.658796 0.297266 0.662500 0.298307 0.666667 0.299089 0.668981 0.299870 0.672685 0.300911 0.675463 0.301172 0.676852 0.302214 0.679167 0.302995 0.681481 0.304297 0.687037 0.305859 0.691204 0.306380 0.693519 0.306901 0.694444 0.310547 0.707407 0.311068 0.708796 0.311849 0.712037 0.313411 0.716204 0.314844 0.718287 0.315625 0.718750 0.316536 0.720370 0.317318 0.723611 0.317318 0.728704 0.317057 0.729167 0.317057 0.733333 0.316797 0.733796 0.316797 0.736111 0.316536 0.736574 0.316536 0.738889 0.315755 0.742593 0.315755 0.743981 0.315234 0.745833 0.314974 0.749074 0.314453 0.751389 0.313411 0.757407 0.313151 0.760648 0.312630 0.762500 0.312630 0.763889 0.312109 0.765741 0.311849 0.768981 0.311328 0.770833 0.311328 0.772222 0.310547 0.775000 0.310547 0.776852 0.309505 0.784722 0.308984 0.786574 0.308724 0.789815 0.308464 0.790278 0.308203 0.793981 0.307682 0.795833 0.307161 0.800926 0.306901 0.801389 0.306641 0.804630 0.305859 0.807870 0.305859 0.809259 0.304818 0.813889 0.304557 0.817593 0.304036 0.819907 0.304036 0.821759 0.303255 0.825000 0.303255 0.826389 0.302474 0.829167 0.302214 0.831019 0.302214 0.834259 0.301953 0.834722 0.301953 0.837037 0.301172 0.840278 0.300911 0.843519 0.300391 0.845833 0.300391 0.847685 0.299870 0.850000 0.299349 0.854167 0.298828 0.856019 0.298828 0.857407 0.297526 0.863426 0.295573 0.866898 0.294792 0.867824 0.293750 0.868287 0.291927 0.869676 0.287500 0.871528 0.286458 0.872454 0.285417 0.872454 0.284115 0.873380 0.282552 0.873380 0.282292 0.873843 0.279948 0.873843 0.279687 0.874306 0.278385 0.874306 0.276302 0.875694 0.275000 0.876157 0.272135 0.876157 0.271875 0.876620 0.270313 0.876620 0.266927 0.878009 0.265885 0.878935 0.265104 0.878935 0.263281 0.880324 0.261979 0.880787 0.260677 0.880787 0.259375 0.881250 0.258073 0.882176 0.256250 0.882639 0.255990 0.883102 0.254167 0.883565 0.253125 0.884491 0.250000 0.885417 0.248958 0.886343 0.247656 0.886806 0.246354 0.887731 0.245052 0.889120
 7 0.291536 0.726389 0.292708 0.725694 0.293880 0.724537 0.293099 0.721296 0.292839 0.717593 0.291406 0.715046 0.291016 0.718056 0.290755 0.718519 0.290755 0.720833 0.290495 0.721296 0.290495 0.725463 0.291536 0.726389
 6 0.000000 0.732639 0.001302 0.732639 0.002474 0.730093 0.002995 0.727778 0.007552 0.719676 0.009505 0.717130 0.010807 0.713426 0.012240 0.710880 0.012500 0.710880 0.017188 0.702546 0.020052 0.700231 0.022917 0.699306 0.023958 0.698380 0.025260 0.697917 0.028125 0.697917 0.028385 0.697454 0.030469 0.697454 0.030729 0.696991 0.032031 0.696991 0.032292 0.696528 0.034896 0.696528 0.035156 0.696065 0.038542 0.696065 0.038802 0.695602 0.041406 0.695602 0.041667 0.695139 0.044792 0.695139 0.045052 0.694676 0.047396 0.694676 0.047656 0.694213 0.050521 0.694213 0.050781 0.693750 0.053646 0.693750 0.053906 0.693287 0.055208 0.693287 0.055469 0.692824 0.056771 0.692824 0.057031 0.692361 0.060677 0.692361 0.061979 0.691435 0.063281 0.690972 0.064583 0.690972 0.064844 0.690509 0.067448 0.690509 0.067708 0.690046 0.069010 0.690046 0.069271 0.689583 0.070573 0.689583 0.070833 0.689120 0.072396 0.689120 0.072656 0.688657 0.074740 0.688657 0.075000 0.688194 0.076823 0.688194 0.077083 0.687731 0.078385 0.687731 0.078646 0.687269 0.079948 0.687269 0.080208 0.686806 0.082031 0.686806 0.082292 0.686343 0.084375 0.686343 0.084635 0.685880 0.085938 0.685880 0.087500 0.684954 0.092969 0.684954 0.094271 0.685417 0.095312 0.686343 0.096094 0.686343 0.097917 0.684954 0.098698 0.684028 0.099740 0.683565 0.101302 0.683565 0.101562 0.683102 0.103385 0.683102 0.103646 0.682639 0.105729 0.682639 0.105990 0.682176 0.107813 0.682176 0.109115 0.682639 0.110417 0.683565 0.111068 0.684722 0.111328 0.687500 0.111849 0.689815 0.112370 0.693519 0.112891 0.694907 0.115495 0.699537 0.116016 0.700926 0.116797 0.704167 0.117318 0.705556 0.117318 0.706944 0.117839 0.709259 0.117839 0.713426 0.117057 0.716204 0.117057 0.717130 0.116276 0.719444 0.115495 0.722685 0.114323 0.724769 0.113281 0.725694 0.112109 0.727778 0.111589 0.729630 0.111589 0.731019 0.108464 0.742130 0.107422 0.744907 0.106641 0.747685 0.106380 0.749537 0.104688 0.752546 0.104427 0.752546 0.103255 0.754630 0.102214 0.758796 0.101693 0.759722 0.100391 0.765741 0.100130 0.768056 0.099349 0.770370 0.098568 0.771759 0.097266 0.776389 0.095964 0.779167 0.095182 0.781944 0.094661 0.787500 0.093880 0.790278 0.093359 0.791204 0.092318 0.795370 0.090234 0.799537 0.089453 0.802315 0.086589 0.807407 0.085807 0.809722 0.084115 0.812269 0.082552 0.812731 0.082292 0.813194 0.080729 0.813657 0.079427 0.815046 0.077344 0.815972 0.076302 0.816898 0.075260 0.816898 0.073958 0.817824 0.071615 0.818287 0.070573 0.819213 0.068229 0.820139 0.066146 0.820139 0.065885 0.820602 0.064323 0.820602 0.063281 0.821065 0.061719 0.822454 0.060156 0.823380 0.058854 0.823380 0.058594 0.823843 0.057031 0.823843 0.056771 0.824306 0.055469 0.824306 0.054167 0.825231 0.052865 0.825694 0.050260 0.825694 0.050000 0.826157 0.048438 0.826157 0.046615 0.827546 0.043229 0.828472 0.040885 0.829861 0.040104 0.829861 0.036719 0.831250 0.036458 0.831713 0.034115 0.831713 0.033854 0.832176 0.028906 0.832176 0.028646 0.832639 0.021354 0.832639 0.021094 0.833102 0.019792 0.833102 0.019531 0.832639 0.017969 0.832639 0.017708 0.833102 0.016146 0.833102 0.013802 0.834028 0.012760 0.834954 0.010417 0.835417 0.006510 0.838657 0.005208 0.839583 0.003906 0.840972 0.003385 0.840972 0.001823 0.842361 0.000000 0.842361
 4 0.432812 0.723843 0.430469 0.723380 0.427604 0.721065 0.426302 0.719213 0.424870 0.716667 0.424870 0.716204 0.423568 0.712963 0.422526 0.708333 0.422266 0.706019 0.421745 0.704167 0.421745 0.702778 0.420964 0.699074 0.420964 0.690278 0.421745 0.687500 0.421745 0.686574 0.422786 0.683333 0.423307 0.681019 0.424089 0.679167 0.426042 0.675694 0.426302 0.675694 0.428906 0.671991 0.429688 0.671528 0.431250 0.669676 0.433333 0.668750 0.433594 0.668287 0.435937 0.666898 0.437760 0.666898 0.438021 0.666435 0.440104 0.666435 0.440365 0.666898 0.441667 0.666898 0.441927 0.667361 0.443750 0.667824 0.445833 0.670139 0.447786 0.673611 0.448568 0.675926 0.449089 0.679167 0.450130 0.683796 0.450130 0.685648 0.450651 0.687963 0.450911 0.690278 0.450911 0.700463 0.450651 0.702778 0.449349 0.707870 0.448307 0.710185 0.445052 0.715972 0.442708 0.718750 0.440365 0.720602 0.438281 0.721528 0.437500 0.722454 0.435937 0.723380 0.433073 0.723380 0.432812 0.723843
 4 0.348958 0.549769 0.348698 0.549306 0.345573 0.549306 0.343750 0.547454 0.341406 0.546065 0.340885 0.545139 0.339583 0.544213 0.337891 0.541204 0.337109 0.538889 0.337109 0.537963 0.336328 0.535648 0.336068 0.532870 0.335807 0.532407 0.335807 0.528241 0.336068 0.527778 0.336068 0.525463 0.337370 0.521296 0.339844 0.516898 0.340885 0.515509 0.344271 0.512269 0.345833 0.511806 0.346094 0.511343 0.347396 0.511343 0.347656 0.510880 0.349479 0.510880 0.349740 0.510417 0.351042 0.510880 0.353646 0.510880 0.354687 0.511806 0.356641 0.515278 0.357161 0.518519 0.358464 0.523148 0.358984 0.524537 0.359505 0.529167 0.359766 0.529630 0.359766 0.531944 0.359245 0.534259 0.357943 0.538889 0.357422 0.540278 0.356250 0.542361 0.355990 0.542361 0.353646 0.546528 0.351823 0.548380 0.350521 0.549306 0.349219 0.549306 0.348958 0.549769
 3 0.387240 0.543287 0.383854 0.543287 0.381250 0.541435 0.379818 0.538889 0.379036 0.536574 0.378516 0.534259 0.377734 0.529167 0.377734 0.525926 0.377474 0.523611 0.378776 0.518056 0.380469 0.515046 0.382031 0.513194 0.383594 0.511806 0.385156 0.510880 0.386458 0.510880 0.386719 0.510417 0.388021 0.510417 0.388281 0.509954 0.391927 0.509954 0.393229 0.510417 0.395964 0.513889 0.397005 0.518056 0.397005 0.521296 0.397266 0.521759 0.397266 0.527315 0.397526 0.527778 0.397526 0.530556 0.397266 0.532407 0.396224 0.535648 0.394271 0.539120 0.391927 0.541435 0.389323 0.542824 0.387500 0.542824 0.387240 0.543287
 4 0.477865 0.636806 0.474219 0.636806 0.473958 0.636343 0.472396 0.635880 0.471615 0.634954 0.470573 0.634491 0.468880 0.631481 0.467318 0.626852 0.467057 0.624537 0.466536 0.622685 0.466536 0.621296 0.466016 0.619444 0.466016 0.617593 0.465495 0.615278 0.465495 0.612037 0.465234 0.611574 0.465234 0.605556 0.466016 0.602778 0.467318 0.600000 0.467318 0.599537 0.470833 0.593287 0.473177 0.590509 0.476302 0.588657 0.477604 0.588194 0.482552 0.588194 0.485156 0.589583 0.486719 0.590972 0.488802 0.593750 0.489063 0.593750 0.490495 0.596296 0.491536 0.599537 0.491797 0.600926 0.491797 0.603704 0.492057 0.604167 0.492057 0.608333 0.492318 0.608796 0.492318 0.616667 0.492057 0.617130 0.492057 0.619444 0.491536 0.622222 0.490234 0.625926 0.489063 0.627546 0.487240 0.630787 0.486979 0.630787 0.485417 0.633102 0.483333 0.634954 0.481771 0.635880 0.480208 0.635880 0.479948 0.636343 0.478125 0.636343 0.477865 0.636806
 3 0.443750 0.645139 0.443490 0.644676 0.441927 0.644676 0.440885 0.644213 0.437760 0.641435 0.436068 0.637500 0.434766 0.631019 0.433984 0.628241 0.433984 0.622222 0.434245 0.620370 0.435547 0.616667 0.436068 0.614352 0.437630 0.610185 0.438802 0.608102 0.440885 0.606250 0.442188 0.605787 0.443229 0.604861 0.444531 0.604861 0.444792 0.604398 0.446615 0.604398 0.446875 0.603935 0.451823 0.603935 0.452083 0.604398 0.453646 0.604398 0.454948 0.604861 0.456250 0.605787 0.457422 0.607870 0.457943 0.610648 0.457943 0.612963 0.458203 0.613426 0.458203 0.617593 0.458464 0.618056 0.458464 0.624074 0.458203 0.624537 0.458203 0.627315 0.457943 0.629167 0.456380 0.634259 0.454167 0.638194 0.452344 0.640046 0.451823 0.640972 0.449479 0.642361 0.448698 0.643287 0.445833 0.644676 0.444010 0.644676 0.443750 0.645139
 3 0.412760 0.648843 0.408594 0.648843 0.407552 0.648380 0.405990 0.646991 0.404948 0.645602 0.403255 0.642130 0.401432 0.636111 0.401172 0.633333 0.400651 0.630556 0.400651 0.626852 0.400911 0.626389 0.401693 0.622222 0.402734 0.618519 0.406250 0.612269 0.410417 0.609028 0.411979 0.607639 0.413021 0.607176 0.414323 0.607176 0.414583 0.606713 0.418229 0.606713 0.418490 0.607176 0.420052 0.607176 0.422917 0.609028 0.424349 0.611111 0.425130 0.614815 0.425130 0.617130 0.425391 0.617593 0.425391 0.619907 0.425651 0.620370 0.425651 0.629167 0.425391 0.629630 0.424870 0.634259 0.424089 0.636574 0.420833 0.642361 0.418229 0.645139 0.417448 0.645602 0.415625 0.647454 0.414062 0.647917 0.412760 0.648843
 3 0.510156 0.715972 0.508854 0.715972 0.508594 0.715509 0.506250 0.715509 0.505990 0.715046 0.503646 0.714120 0.502865 0.713194 0.501823 0.712731 0.500781 0.711343 0.499870 0.709259 0.498047 0.706019 0.497005 0.702315 0.496484 0.699537 0.495964 0.694444 0.495182 0.690741 0.495182 0.688426 0.494922 0.687963 0.494922 0.682407 0.495443 0.680093 0.495703 0.677778 0.496484 0.675463 0.497786 0.670370 0.501172 0.664352 0.501172 0.661574 0.499870 0.657407 0.499349 0.654167 0.499349 0.647685 0.500911 0.641667 0.501693 0.639815 0.503385 0.636806 0.506250 0.633565 0.507031 0.633102 0.508854 0.631250 0.511979 0.630324 0.513281 0.629398 0.518229 0.629398 0.518490 0.629861 0.520833 0.630787 0.522396 0.632176 0.524349 0.635648 0.525130 0.638889 0.525391 0.640741 0.525391 0.643519 0.525651 0.643981 0.525651 0.652315 0.525391 0.652778 0.525391 0.655556 0.524870 0.657870 0.523568 0.666204 0.523047 0.668056 0.523047 0.671296 0.523568 0.672685 0.524089 0.675926 0.524609 0.677778 0.525651 0.684259 0.525651 0.693056 0.525391 0.693519 0.525391 0.695833 0.525130 0.697685 0.524349 0.700926 0.522786 0.705093 0.520833 0.708102 0.519271 0.709491 0.518490 0.710880 0.516146 0.713194 0.514844 0.713657 0.514062 0.714583 0.511719 0.715509 0.510417 0.715509 0.510156 0.715972
 4 0.701562 0.566898 0.700260 0.566898 0.700000 0.566435 0.697396 0.566435 0.696094 0.565972 0.695052 0.565046 0.694271 0.565046 0.691927 0.563194 0.689323 0.559954 0.687891 0.557407 0.687370 0.556019 0.686589 0.551852 0.686328 0.551389 0.686328 0.549074 0.686068 0.548611 0.686068 0.537037 0.686589 0.534722 0.686589 0.533333 0.687370 0.530556 0.688542 0.528472 0.689583 0.527083 0.691927 0.524769 0.693229 0.523843 0.694531 0.523380 0.696875 0.521991 0.700000 0.521991 0.700260 0.521528 0.701562 0.521528 0.701823 0.521991 0.703906 0.521991 0.704167 0.522454 0.705729 0.522454 0.705990 0.522917 0.707292 0.522917 0.708594 0.523843 0.709375 0.523843 0.711458 0.525694 0.713672 0.529630 0.714453 0.532407 0.714714 0.535648 0.714974 0.536111 0.714974 0.540278 0.714453 0.542593 0.714193 0.544907 0.713151 0.548148 0.712370 0.554167 0.712109 0.554630 0.711849 0.557407 0.711068 0.560185 0.709375 0.563194 0.707031 0.564583 0.705208 0.565972 0.703906 0.565972 0.703646 0.566435 0.701823 0.566435 0.701562 0.566898
 4 0.630208 0.663657 0.626042 0.663657 0.625781 0.663194 0.622396 0.662269 0.620313 0.660417 0.618229 0.657639 0.617969 0.657639 0.616536 0.655093 0.615755 0.653241 0.614974 0.650463 0.614714 0.647685 0.614453 0.647222 0.614453 0.644444 0.614193 0.643981 0.614193 0.628241 0.614453 0.626852 0.615755 0.622685 0.615755 0.622222 0.618490 0.617361 0.619271 0.616435 0.621615 0.615046 0.622917 0.614583 0.633854 0.614583 0.636198 0.615972 0.636979 0.616898 0.639453 0.621296 0.640495 0.624537 0.640495 0.625463 0.641276 0.629167 0.641276 0.631944 0.641536 0.632407 0.641536 0.640741 0.641276 0.641204 0.641276 0.649074 0.641016 0.649537 0.640755 0.652315 0.640234 0.653704 0.639974 0.655556 0.639193 0.657407 0.637500 0.659954 0.635417 0.661806 0.632552 0.662731 0.632292 0.663194 0.630469 0.663194 0.630208 0.663657
 3 0.729427 0.631713 0.727344 0.631713 0.727083 0.631250 0.725521 0.631250 0.725260 0.630787 0.723177 0.630324 0.721354 0.628935 0.720052 0.628472 0.716406 0.625231 0.714063 0.622917 0.712109 0.619444 0.710547 0.613889 0.710547 0.611574 0.710286 0.611111 0.710286 0.606481 0.710807 0.604167 0.711068 0.601852 0.711068 0.598611 0.711328 0.598148 0.711328 0.594907 0.711589 0.594444 0.712370 0.589815 0.712891 0.588426 0.714323 0.585880 0.715104 0.585417 0.717708 0.583102 0.718490 0.582176 0.720833 0.580324 0.725260 0.580324 0.725521 0.580787 0.726823 0.580787 0.728906 0.582176 0.729427 0.582176 0.731771 0.584491 0.734375 0.586806 0.736198 0.588657 0.737500 0.590509 0.738932 0.593519 0.739974 0.596759 0.740495 0.599537 0.740495 0.608796 0.739714 0.613889 0.739714 0.615741 0.739193 0.618056 0.739193 0.619907 0.738151 0.623611 0.735677 0.628009 0.733333 0.630324 0.731771 0.631250 0.729688 0.631250 0.729427 0.631713
 3 0.884896 0.511343 0.883594 0.511343 0.883333 0.510880 0.880990 0.510880 0.880729 0.510417 0.878906 0.510417 0.878646 0.509954 0.877344 0.509954 0.876042 0.509028 0.874219 0.508565 0.873958 0.508102 0.872396 0.507639 0.867708 0.503009 0.866016 0.500000 0.864974 0.496759 0.864714 0.493519 0.864193 0.491667 0.863932 0.489352 0.864193 0.487500 0.864193 0.481944 0.865234 0.478241 0.865495 0.476389 0.865885 0.476157 0.867448 0.473380 0.868750 0.471991 0.872917 0.468287 0.873698 0.468287 0.874740 0.467361 0.876042 0.466898 0.877604 0.466898 0.877865 0.466435 0.885417 0.466435 0.885677 0.466898 0.887500 0.466898 0.887760 0.467361 0.889323 0.467361 0.890365 0.468287 0.893490 0.469213 0.894792 0.470139 0.896354 0.470602 0.898177 0.472454 0.899870 0.475926 0.899609 0.478241 0.898047 0.483333 0.897786 0.483796 0.897786 0.489352 0.897005 0.492130 0.896745 0.494444 0.894401 0.502778 0.893880 0.504167 0.892188 0.507176 0.890365 0.509028 0.889062 0.509491 0.887760 0.510417 0.886458 0.510417 0.884896 0.511343
 6 0.422396 0.871065 0.407813 0.871065 0.406771 0.870139 0.404818 0.866667 0.404297 0.864352 0.403776 0.863426 0.403255 0.861111 0.401953 0.856481 0.401172 0.854167 0.399609 0.847685 0.398307 0.843519 0.397786 0.840278 0.397005 0.837963 0.396484 0.834722 0.395703 0.832407 0.395703 0.831481 0.394922 0.829167 0.394922 0.828241 0.393880 0.825000 0.393880 0.824074 0.393099 0.821759 0.392839 0.819444 0.392318 0.817130 0.391536 0.814815 0.391536 0.813889 0.390755 0.811574 0.390755 0.810648 0.389974 0.808333 0.389714 0.806019 0.388932 0.804167 0.387891 0.800463 0.387370 0.796759 0.386849 0.795370 0.385807 0.790741 0.385286 0.789815 0.384766 0.787500 0.384766 0.785185 0.384505 0.784722 0.384505 0.781944 0.384245 0.781481 0.384245 0.778704 0.383984 0.778241 0.383984 0.775463 0.383724 0.775000 0.383464 0.772222 0.382943 0.769907 0.382161 0.767593 0.381641 0.764352 0.380599 0.761111 0.380599 0.760185 0.379818 0.757870 0.377865 0.754398 0.377604 0.754398 0.376172 0.751852 0.375391 0.747685 0.375391 0.744907 0.375911 0.742593 0.376172 0.739352 0.376693 0.737500 0.376693 0.736111 0.377214 0.734259 0.377214 0.732870 0.378255 0.728241 0.378255 0.726852 0.380078 0.717593 0.380078 0.715278 0.380859 0.710185 0.382422 0.705093 0.382422 0.704167 0.383203 0.701852 0.383203 0.700926 0.383984 0.698611 0.385026 0.693056 0.385026 0.691667 0.385807 0.688889 0.386068 0.686574 0.387109 0.681944 0.387370 0.679630 0.387891 0.677778 0.387891 0.676389 0.388672 0.673148 0.388672 0.672222 0.389453 0.668981 0.389453 0.667593 0.390234 0.661574 0.390755 0.659259 0.390755 0.657870 0.391276 0.655093 0.392057 0.652778 0.392057 0.651852 0.393099 0.648148 0.393359 0.645833 0.394401 0.641667 0.394661 0.639352 0.395443 0.637037 0.396615 0.634491 0.397396 0.634028 0.399479 0.634028 0.400651 0.635648 0.401172 0.637500 0.401953 0.638889 0.402474 0.640741 0.403516 0.643056 0.404687 0.645139 0.404948 0.645139 0.407292 0.648843 0.408333 0.649769 0.409635 0.649769 0.409896 0.650231 0.411719 0.650231 0.411979 0.649769 0.414583 0.648380 0.415365 0.648380 0.417708 0.646528 0.419271 0.645602 0.420833 0.642824 0.421094 0.642824 0.422786 0.639815 0.423828 0.637037 0.425130 0.634722 0.425651 0.632870 0.425651 0.631481 0.426172 0.629167 0.426172 0.625926 0.425911 0.625463 0.425911 0.622222 0.425651 0.621759 0.425651 0.618981 0.425391 0.618519 0.425391 0.615741 0.425130 0.614815 0.425651 0.612500 0.426563 0.610880 0.428646 0.609491 0.429948 0.609028 0.432552 0.609028 0.433854 0.609954 0.435286 0.612500 0.435547 0.613426 0.435286 0.616204 0.434505 0.618519 0.433984 0.620833 0.433984 0.628241 0.434505 0.630556 0.435286 0.632870 0.435807 0.636574 0.436589 0.639352 0.437500 0.641435 0.439844 0.643750 0.441927 0.644676 0.447656 0.644676 0.449219 0.643750 0.451042 0.641898 0.451823 0.641435 0.453646 0.639120 0.454948 0.636806 0.455208 0.636806 0.456641 0.634259 0.457682 0.631019 0.458203 0.628704 0.458464 0.626389 0.458464 0.624074 0.458724 0.623611 0.458724 0.613426 0.459245 0.611111 0.460156 0.609954 0.461979 0.609028 0.462240 0.608565 0.463672 0.611111 0.464193 0.613889 0.464714 0.615278 0.464714 0.616667 0.465495 0.619907 0.465755 0.622685 0.466536 0.625000 0.466536 0.625926 0.467318 0.628241 0.467578 0.630093 0.468620 0.632870 0.470573 0.636806 0.471354 0.637731 0.473438 0.638657 0.473698 0.639120 0.475000 0.639120 0.475260 0.639583 0.477604 0.639583 0.477865 0.640046 0.479167 0.640046 0.479427 0.639583 0.481250 0.639583 0.483333 0.638194 0.485417 0.634954 0.486719 0.633565 0.489193 0.629167 0.489714 0.627315 0.490755 0.625463 0.491797 0.622685 0.492318 0.619907 0.492318 0.617593 0.492578 0.617130 0.492578 0.604630 0.492839 0.604167 0.492839 0.601389 0.493359 0.600000 0.494010 0.599306 0.496354 0.599306 0.496615 0.598843 0.498958 0.598843 0.499219 0.598380 0.501563 0.598380 0.501823 0.597917 0.507812 0.597917 0.508073 0.597454 0.511458 0.597454 0.511719 0.597917 0.515365 0.597917 0.515625 0.597454 0.526823 0.597454 0.527083 0.596991 0.533073 0.596991 0.533594 0.597454 0.534766 0.599537 0.535286 0.600926 0.535547 0.603241 0.536068 0.604630 0.536328 0.606944 0.536849 0.609259 0.536849 0.613426 0.537109 0.613889 0.537109 0.617593 0.537370 0.618056 0.537370 0.629630 0.537630 0.630093 0.537630 0.632870 0.537891 0.633333 0.537891 0.637037 0.537630 0.637500 0.537630 0.644907 0.537891 0.645370 0.537891 0.648148 0.538151 0.648611 0.538151 0.654167 0.538411 0.654630 0.538411 0.659722 0.538672 0.660185 0.538672 0.670833 0.538932 0.673148 0.539453 0.675463 0.540234 0.682407 0.541016 0.684722 0.541016 0.686111 0.541536 0.687963 0.541536 0.690278 0.541797 0.690741 0.541797 0.696296 0.542057 0.696759 0.542057 0.699074 0.542578 0.701389 0.542839 0.703704 0.542839 0.715278 0.543099 0.715741 0.543099 0.722685 0.543359 0.723148 0.543359 0.728241 0.543620 0.728704 0.543620 0.735185 0.543880 0.735648 0.543880 0.754167 0.544141 0.754630 0.544141 0.782407 0.544401 0.782870 0.544401 0.798148 0.544661 0.798611 0.544661 0.813426 0.544922 0.813889 0.544922 0.831944 0.545182 0.832407 0.545182 0.838426 0.545443 0.838889 0.545443 0.853241 0.545182 0.853704 0.544661 0.857870 0.543750 0.859491 0.542708 0.860417 0.539844 0.861343 0.538542 0.862269 0.537240 0.862731 0.535156 0.862731 0.534896 0.863194 0.526302 0.863194 0.526042 0.863657 0.522396 0.863657 0.522135 0.864120 0.518490 0.864120 0.518229 0.864583 0.516667 0.864583 0.516406 0.865046 0.515104 0.865046 0.514844 0.865509 0.512500 0.865509 0.512240 0.865972 0.510417 0.865972 0.509375 0.866435 0.509115 0.865972 0.507812 0.865972 0.507552 0.865509 0.504687 0.865509 0.504427 0.865046 0.492708 0.865046 0.492448 0.865509 0.487500 0.865509 0.487240 0.865972 0.481510 0.865972 0.481250 0.866435 0.476562 0.866435 0.476302 0.866898 0.470573 0.866898 0.470313 0.867361 0.466667 0.867361 0.466406 0.867824 0.459635 0.867824 0.459375 0.868287 0.450781 0.868287 0.450521 0.868750 0.444010 0.868750 0.443750 0.869213 0.439583 0.869213 0.439323 0.869676 0.435156 0.869676 0.434896 0.870139 0.429948 0.870139 0.429688 0.870602 0.422656 0.870602 0.422396 0.871065
 6 0.511328 0.715278 0.512760 0.715046 0.514583 0.714120 0.517708 0.711343 0.520052 0.708565 0.522266 0.704630 0.524349 0.699537 0.525911 0.692593 0.525911 0.683333 0.525391 0.681019 0.525391 0.679630 0.524609 0.675926 0.524609 0.674074 0.523828 0.669907 0.523828 0.666204 0.524089 0.665741 0.524089 0.662500 0.525130 0.658796 0.525911 0.654167 0.525911 0.651852 0.526172 0.651389 0.526172 0.642130 0.525391 0.639352 0.521615 0.632639 0.521354 0.632639 0.519792 0.630324 0.517708 0.628472 0.516406 0.628472 0.516146 0.628935 0.511719 0.630787 0.510417 0.630787 0.510156 0.631250 0.508854 0.631250 0.506250 0.633102 0.505469 0.634491 0.504167 0.635417 0.503646 0.636343 0.502344 0.637269 0.500911 0.639815 0.499870 0.642593 0.499089 0.646759 0.499089 0.655556 0.499870 0.659722 0.500651 0.662037 0.500651 0.663426 0.499089 0.666667 0.499089 0.667130 0.497005 0.671759 0.497005 0.672222 0.495703 0.676389 0.495443 0.679630 0.495182 0.680093 0.495182 0.682407 0.494922 0.682870 0.495182 0.685185 0.495182 0.687500 0.495443 0.687963 0.495443 0.691204 0.495703 0.691667 0.495703 0.697222 0.496224 0.700000 0.497266 0.703241 0.497786 0.705556 0.498568 0.707407 0.501563 0.712731 0.502344 0.713657 0.503646 0.714120 0.505469 0.715509 0.511198 0.715509 0.511328 0.715278
 6 0.435547 0.723611 0.437240 0.722917 0.439583 0.721065 0.440365 0.721065 0.441667 0.720139 0.442969 0.718750 0.445573 0.715509 0.448047 0.711111 0.450130 0.706019 0.450911 0.702778 0.451172 0.699537 0.451432 0.699074 0.451432 0.694444 0.451172 0.693981 0.451172 0.690278 0.450911 0.689815 0.450911 0.687500 0.450651 0.687037 0.450651 0.684722 0.450391 0.684259 0.449870 0.680093 0.449349 0.677778 0.448568 0.675463 0.448047 0.672685 0.446875 0.670139 0.445573 0.668750 0.442448 0.666898 0.440625 0.666898 0.440365 0.666435 0.436458 0.666435 0.436198 0.666898 0.434896 0.666898 0.433594 0.667824 0.432292 0.669213 0.431771 0.669213 0.429427 0.671065 0.427865 0.672917 0.426042 0.676157 0.425781 0.676157 0.423828 0.679630 0.422526 0.683796 0.422266 0.686111 0.421745 0.687500 0.421484 0.690278 0.421224 0.690741 0.421224 0.693519 0.420964 0.693981 0.420964 0.699537 0.421745 0.703704 0.421745 0.705093 0.422266 0.706944 0.422786 0.711111 0.424089 0.715278 0.426563 0.719676 0.427604 0.721065 0.429167 0.721991 0.429948 0.722917 0.430990 0.723380 0.433333 0.723380 0.433594 0.723843 0.435547 0.723611
 5 0.133073 0.950694 0.129688 0.950694 0.127344 0.948843 0.126432 0.947222 0.125391 0.943981 0.125391 0.943056 0.124609 0.940278 0.124349 0.937963 0.124349 0.935648 0.124089 0.935185 0.124089 0.928241 0.123828 0.927778 0.123828 0.919444 0.124089 0.918981 0.124089 0.916667 0.124349 0.914352 0.124870 0.912500 0.127083 0.908565 0.129167 0.906713 0.132031 0.904861 0.133594 0.903009 0.134896 0.902083 0.136458 0.900231 0.138281 0.896991 0.139583 0.895139 0.140625 0.894213 0.141406 0.892824 0.142969 0.891435 0.143490 0.890509 0.146615 0.888194 0.147396 0.887269 0.148958 0.886806 0.150000 0.885880 0.152083 0.885880 0.152344 0.885417 0.154427 0.885417 0.155469 0.885880 0.158073 0.887731 0.159766 0.890741 0.161068 0.895833 0.162109 0.898611 0.163411 0.904630 0.163411 0.907870 0.162630 0.913426 0.162109 0.914352 0.161589 0.916667 0.160807 0.918981 0.158984 0.922685 0.157422 0.927315 0.153906 0.932176 0.152344 0.934954 0.152083 0.934954 0.150781 0.937269 0.149219 0.938657 0.147656 0.940509 0.142187 0.945139 0.140885 0.946065 0.139583 0.947454 0.135677 0.949769 0.134635 0.950231 0.133333 0.950231 0.133073 0.950694
 5 0.079427 0.974769 0.077344 0.972454 0.074479 0.970139 0.072917 0.967824 0.070573 0.965972 0.070052 0.965046 0.068750 0.964120 0.067578 0.961574 0.066797 0.958333 0.065234 0.954167 0.064453 0.949074 0.064453 0.941204 0.064714 0.939815 0.065495 0.937963 0.066016 0.935648 0.067969 0.932176 0.069271 0.930787 0.070312 0.928935 0.072396 0.926620 0.074479 0.923380 0.079948 0.916898 0.080729 0.916435 0.082812 0.913657 0.084115 0.912731 0.084635 0.911806 0.085938 0.910880 0.087760 0.908565 0.090104 0.906713 0.090885 0.905787 0.093490 0.904861 0.093750 0.904398 0.096354 0.904398 0.097786 0.906944 0.098568 0.909259 0.099609 0.913889 0.100651 0.916204 0.100911 0.917593 0.102214 0.920370 0.102734 0.922685 0.103776 0.925926 0.104036 0.929167 0.104557 0.931481 0.104557 0.935648 0.104036 0.938426 0.102995 0.941667 0.102214 0.943519 0.100911 0.945833 0.100911 0.946296 0.096615 0.953935 0.096354 0.953935 0.095052 0.956250 0.094010 0.957176 0.093229 0.958565 0.090365 0.961343 0.088542 0.964120 0.086979 0.965972 0.083073 0.969676 0.081771 0.970602 0.079427 0.974769
 5 0.053385 0.997454 0.051562 0.997454 0.051172 0.995833 0.052083 0.994213 0.053125 0.993287 0.054688 0.993750 0.055859 0.995370 0.055208 0.995602 0.053385 0.997454
 7 0.088151 0.999537 0.087500 0.998380 0.085938 0.997454 0.084766 0.995370 0.084505 0.993519 0.083984 0.992130 0.083464 0.988889 0.082943 0.987963 0.082682 0.986111 0.082161 0.984722 0.081901 0.982870 0.081901 0.976389 0.082161 0.974537 0.084115 0.970139 0.085156 0.968750 0.088542 0.965972 0.091146 0.962269 0.091406 0.962269 0.096094 0.955787 0.097396 0.953472 0.097656 0.953472 0.101953 0.945833 0.102734 0.943519 0.103906 0.941435 0.105208 0.940046 0.106120 0.937963 0.106641 0.936111 0.107422 0.934722 0.107813 0.933102 0.111979 0.933102 0.113542 0.932176 0.114844 0.932176 0.115104 0.931713 0.116406 0.931713 0.116667 0.931250 0.117969 0.931250 0.118750 0.930787 0.119271 0.931250 0.121354 0.934954 0.122526 0.936574 0.123568 0.940278 0.123828 0.942130 0.124870 0.944444 0.125391 0.946296 0.126823 0.948843 0.128125 0.950231 0.129427 0.951157 0.133333 0.951157 0.133594 0.950694 0.134896 0.950694 0.136979 0.949306 0.138281 0.948843 0.139063 0.947917 0.140365 0.947454 0.141406 0.946528 0.142187 0.946528 0.143750 0.945139 0.146615 0.941435 0.149740 0.938657 0.151042 0.937269 0.151823 0.935880 0.152865 0.934954 0.155469 0.930324 0.155729 0.930324 0.159245 0.924074 0.159245 0.923611 0.161328 0.919907 0.161849 0.918519 0.162891 0.914352 0.163411 0.911574 0.163932 0.906944 0.163932 0.904630 0.163672 0.904167 0.163672 0.901852 0.163151 0.899537 0.162630 0.895833 0.162109 0.894444 0.161589 0.889352 0.160807 0.886111 0.162240 0.884028 0.163542 0.883102 0.166406 0.882176 0.168229 0.880787 0.168750 0.880787 0.170573 0.878935 0.171094 0.878935 0.173177 0.877083 0.174479 0.876620 0.176563 0.874769 0.178125 0.873843 0.178906 0.873843 0.182292 0.871528 0.182812 0.871528 0.185677 0.868750 0.186979 0.867824 0.188281 0.867361 0.189323 0.866435 0.190625 0.865972 0.192448 0.865972 0.192708 0.865509 0.194792 0.865509 0.195052 0.865046 0.196615 0.865046 0.196875 0.864583 0.198437 0.864583 0.201302 0.863194 0.202604 0.863194 0.202865 0.862731 0.204427 0.862731 0.204687 0.862269 0.206250 0.862269 0.206510 0.861806 0.207813 0.861806 0.209375 0.860880 0.210677 0.860880 0.212240 0.859954 0.213802 0.859954 0.214062 0.859491 0.216146 0.859491 0.218229 0.858565 0.220052 0.857176 0.221354 0.857176 0.221615 0.856713 0.223698 0.856713 0.223958 0.856250 0.226042 0.856250 0.226302 0.855787 0.228646 0.855787 0.228906 0.855324 0.230990 0.855324 0.231250 0.854861 0.234896 0.854861 0.235156 0.855324 0.236458 0.855324 0.237891 0.856944 0.238411 0.858333 0.238411 0.864352 0.238151 0.864815 0.238151 0.868519 0.237891 0.868981 0.237891 0.872222 0.237109 0.877315 0.237109 0.879630 0.236849 0.880093 0.236849 0.882870 0.236589 0.883333 0.236589 0.886574 0.236849 0.887037 0.236849 0.889352 0.237109 0.891204 0.238672 0.895833 0.239453 0.897685 0.240625 0.899306 0.241927 0.901620 0.244401 0.905093 0.245964 0.909722 0.246224 0.911111 0.247005 0.912500 0.247526 0.914352 0.248568 0.916667 0.249609 0.920833 0.252995 0.926852 0.253776 0.930093 0.255078 0.933333 0.256901 0.939815 0.256901 0.940741 0.257682 0.943056 0.258464 0.946759 0.258984 0.948148 0.261068 0.955556 0.261068 0.956481 0.261849 0.959259 0.262630 0.961111 0.263151 0.964352 0.264193 0.968056 0.264714 0.971296 0.265495 0.973148 0.267578 0.979630 0.269661 0.988426 0.269661 0.994444 0.269922 0.995370 0.268750 0.997917 0.267578 0.999537
 7 0.045312 0.970139 0.044401 0.969444 0.044661 0.967593 0.045312 0.966435 0.045703 0.967130 0.045703 0.969444 0.045312 0.970139
 7 0.244922 0.999537 0.244792 0.998843 0.240365 0.998843 0.240104 0.998380 0.238021 0.998380 0.237760 0.997917 0.210156 0.997917 0.209896 0.998380 0.208073 0.998380 0.207161 0.999537
 7 0.107943 0.999537 0.107813 0.998843 0.099479 0.998843 0.099349 0.999537
 7 0.115755 0.999537 0.115625 0.998843 0.114583 0.998843 0.114453 0.999537
 7 0.181380 0.999537 0.181250 0.998843 0.177865 0.998843 0.177734 0.999537
 2 0.255469 0.921991 0.253646 0.921528 0.252083 0.920602 0.250391 0.917593 0.248828 0.912500 0.248047 0.909259 0.247005 0.906481 0.243750 0.900694 0.243490 0.900694 0.242318 0.898611 0.241797 0.895833 0.241536 0.892593 0.242188 0.891435 0.244792 0.889583 0.245312 0.888657 0.247396 0.886806 0.248958 0.885880 0.250521 0.885880 0.250781 0.885417 0.252344 0.885417 0.252604 0.884954 0.254688 0.884028 0.255729 0.884028 0.257812 0.883102 0.259115 0.882176 0.261458 0.881713 0.262760 0.880787 0.263802 0.880787 0.266667 0.879398 0.267969 0.879398 0.269531 0.878472 0.270833 0.878472 0.272135 0.878009 0.273438 0.877083 0.274740 0.877083 0.275000 0.876620 0.277344 0.876157 0.278646 0.875231 0.280990 0.874769 0.281250 0.874306 0.284896 0.873380 0.286198 0.872454 0.287500 0.871991 0.288802 0.871991 0.289062 0.871528 0.290365 0.871528 0.291667 0.871065 0.294792 0.868750 0.295573 0.867824 0.297526 0.864352 0.299089 0.859259 0.299349 0.856944 0.300130 0.853241 0.300130 0.851389 0.301172 0.845370 0.301432 0.841204 0.301693 0.840741 0.302474 0.833333 0.302995 0.831481 0.303255 0.827778 0.303776 0.825463 0.303776 0.823611 0.304297 0.821296 0.304557 0.818056 0.305078 0.816204 0.305078 0.814815 0.305599 0.812963 0.305859 0.809722 0.306380 0.807407 0.306641 0.803241 0.306901 0.802778 0.307422 0.796296 0.307943 0.793981 0.308203 0.790741 0.309245 0.786111 0.309245 0.784722 0.309766 0.782870 0.309766 0.781481 0.310547 0.775926 0.311068 0.774074 0.311068 0.772685 0.311589 0.770833 0.311589 0.768981 0.312109 0.766204 0.312370 0.762037 0.313151 0.758333 0.313151 0.756944 0.313672 0.755093 0.314714 0.749074 0.314714 0.747222 0.315495 0.743056 0.315495 0.741204 0.316016 0.737500 0.316536 0.735648 0.317057 0.731944 0.317057 0.719444 0.317969 0.718287 0.320052 0.718287 0.320312 0.718750 0.321615 0.718750 0.322005 0.720833 0.322786 0.723148 0.322786 0.724537 0.324089 0.729630 0.325911 0.733796 0.326693 0.736111 0.328516 0.742593 0.328516 0.743519 0.329297 0.746296 0.329036 0.748148 0.329036 0.750926 0.328776 0.751389 0.328776 0.753704 0.328255 0.755556 0.328255 0.756944 0.327734 0.759259 0.327214 0.764815 0.326693 0.767130 0.326693 0.769444 0.326432 0.769907 0.326172 0.773148 0.325911 0.773611 0.325651 0.777778 0.325130 0.780093 0.324609 0.786574 0.324089 0.788889 0.324089 0.790278 0.323568 0.792593 0.323307 0.794907 0.323307 0.797222 0.322786 0.800000 0.322526 0.803704 0.322005 0.805556 0.322005 0.807407 0.321484 0.809722 0.321224 0.812037 0.321224 0.814352 0.320964 0.816667 0.320443 0.818981 0.320443 0.820833 0.319922 0.823148 0.319661 0.826389 0.318880 0.830093 0.318880 0.831944 0.318359 0.834259 0.318359 0.836574 0.318099 0.837037 0.318099 0.839352 0.317839 0.839815 0.317839 0.842130 0.317578 0.844444 0.316276 0.850463 0.315234 0.858333 0.315234 0.860185 0.314193 0.867593 0.314193 0.870370 0.313932 0.870833 0.313411 0.877315 0.312630 0.880556 0.312630 0.881944 0.312109 0.883796 0.312109 0.885185 0.311589 0.888889 0.310807 0.892130 0.309766 0.894444 0.307552 0.898380 0.306250 0.900231 0.304427 0.902083 0.303125 0.903009 0.300781 0.903935 0.299740 0.903935 0.297396 0.905324 0.296615 0.905324 0.295573 0.906250 0.292448 0.907639 0.291406 0.907639 0.290104 0.908565 0.289062 0.908565 0.287760 0.909491 0.282292 0.911806 0.280990 0.911806 0.280729 0.912269 0.279427 0.912269 0.279167 0.912731 0.277865 0.912731 0.275000 0.914120 0.273438 0.914120 0.273177 0.914583 0.271875 0.914583 0.270573 0.915046 0.268229 0.916435 0.265365 0.917361 0.264062 0.918287 0.263281 0.918287 0.261979 0.919213 0.260937 0.919213 0.258594 0.920139 0.257552 0.921065 0.256771 0.921065 0.255469 0.921991
