 0 0.277214 0.000000 0.277214 0.002315 0.278906 0.004398 0.280208 0.005324 0.281380 0.007407 0.282422 0.011574 0.282422 0.012963 0.282943 0.014352 0.283203 0.016667 0.285286 0.020370 0.285807 0.021759 0.286589 0.025463 0.287370 0.027315 0.288672 0.029630 0.288672 0.030093 0.289974 0.032407 0.290755 0.035185 0.291276 0.038426 0.292839 0.041204 0.293620 0.043519 0.293620 0.044444 0.294401 0.046759 0.294922 0.049074 0.296484 0.054167 0.297266 0.058333 0.297266 0.059722 0.299089 0.067130 0.300130 0.069444 0.301432 0.074537 0.301953 0.077778 0.302474 0.079167 0.304818 0.083333 0.305599 0.085185 0.306641 0.089352 0.307682 0.091204 0.309245 0.094907 0.309766 0.097222 0.312370 0.105556 0.312370 0.106481 0.313672 0.110185 0.314714 0.115278 0.315755 0.118519 0.316276 0.121759 0.317578 0.125926 0.318099 0.128241 0.318359 0.131944 0.319661 0.137500 0.320182 0.138426 0.321484 0.143519 0.321484 0.145833 0.321745 0.146296 0.321745 0.148611 0.322266 0.151389 0.322526 0.154630 0.322786 0.155093 0.322786 0.157407 0.323047 0.157870 0.323047 0.165741 0.322526 0.168519 0.322526 0.175926 0.322266 0.177778 0.321224 0.181019 0.321224 0.181944 0.318359 0.191204 0.314193 0.198611 0.314193 0.199074 0.312370 0.202315 0.311589 0.204630 0.310677 0.206250 0.309115 0.207639 0.307031 0.209954 0.306250 0.210417 0.304688 0.213194 0.304427 0.213194 0.303125 0.215509 0.302083 0.216435 0.300781 0.218287 0.297917 0.220602 0.297135 0.221528 0.295312 0.222917 0.294792 0.223843 0.292969 0.225231 0.292448 0.226157 0.291146 0.227083 0.289583 0.228935 0.289062 0.228935 0.287760 0.230324 0.286458 0.230787 0.285677 0.231713 0.282813 0.233102 0.280208 0.234954 0.279687 0.234954 0.277083 0.236806 0.276302 0.236806 0.275260 0.237731 0.272917 0.238657 0.270833 0.240509 0.269010 0.241435 0.268229 0.242361 0.266406 0.243287 0.265625 0.244213 0.262240 0.246065 0.261198 0.246991 0.259115 0.247917 0.257812 0.248843 0.256510 0.250231 0.254948 0.250694 0.253906 0.251620 0.251042 0.253009 0.249219 0.254398 0.245573 0.257639 0.242448 0.259954 0.239583 0.261343 0.237760 0.262731 0.236719 0.262731 0.235677 0.263657 0.234896 0.263657 0.233854 0.264583 0.231771 0.265509 0.229427 0.266898 0.228125 0.268287 0.223698 0.271991 0.222917 0.271991 0.221094 0.273380 0.220052 0.273380 0.215885 0.275694 0.214844 0.276620 0.214062 0.276620 0.212500 0.277546 0.209375 0.279861 0.204948 0.281713 0.200260 0.281713 0.200000 0.282176 0.198177 0.282176 0.197917 0.282639 0.192708 0.282639 0.192448 0.283102 0.190625 0.283102 0.190365 0.283565 0.188802 0.283565 0.187760 0.283102 0.185417 0.281250 0.184375 0.279861 0.178516 0.269444 0.178516 0.268981 0.176823 0.265972 0.175260 0.265509 0.175000 0.265046 0.171354 0.265046 0.171094 0.264583 0.168229 0.264583 0.167969 0.264120 0.166667 0.264120 0.166406 0.263657 0.165104 0.263657 0.163542 0.262731 0.162500 0.260880 0.159635 0.258565 0.158333 0.258102 0.157552 0.257176 0.155339 0.253241 0.154036 0.249074 0.153776 0.246759 0.153255 0.245370 0.151693 0.242593 0.151172 0.240741 0.149609 0.237037 0.148828 0.234722 0.148828 0.233796 0.147526 0.230556 0.146224 0.225463 0.144661 0.222685 0.144141 0.219444 0.142318 0.214352 0.142057 0.212963 0.140755 0.210648 0.139453 0.207407 0.139453 0.206481 0.138672 0.204167 0.138672 0.203241 0.137891 0.200463 0.137370 0.199537 0.136068 0.195370 0.135026 0.192593 0.134766 0.191204 0.133203 0.188426 0.131641 0.183796 0.131641 0.182870 0.130859 0.180556 0.130339 0.177778 0.128255 0.173148 0.127214 0.168981 0.124870 0.163426 0.124609 0.162037 0.123828 0.160185 0.123568 0.157870 0.122786 0.155093 0.121484 0.152778 0.120443 0.150000 0.118880 0.143056 0.117057 0.139815 0.116016 0.136574 0.115755 0.134259 0.115234 0.131944 0.113932 0.127778 0.112891 0.125926 0.111849 0.122222 0.111068 0.118519 0.110026 0.116204 0.109245 0.113889 0.107161 0.106944 0.106901 0.103241 0.105859 0.099074 0.105078 0.097222 0.102734 0.093056 0.101693 0.089815 0.100651 0.084259 0.098568 0.077315 0.097786 0.072222 0.097786 0.067593 0.098047 0.067130 0.098047 0.064352 0.098568 0.062500 0.099609 0.057407 0.100911 0.054167 0.101693 0.050926 0.102214 0.049537 0.104297 0.045833 0.105078 0.043519 0.106510 0.040972 0.106771 0.040972 0.108464 0.037963 0.109245 0.035648 0.111458 0.031713 0.111719 0.031713 0.113542 0.028472 0.115625 0.026157 0.116276 0.024537 0.118750 0.020139 0.120573 0.018287 0.121875 0.015972 0.123177 0.014583 0.124479 0.012731 0.126302 0.009491 0.126562 0.009491 0.128125 0.006713 0.129948 0.004861 0.132292 0.003935 0.133594 0.002546 0.134245 0.002315 0.134245 0.000000
 6 0.408073 0.473380 0.403646 0.473380 0.402344 0.472454 0.400521 0.471991 0.399479 0.471065 0.397656 0.470602 0.396615 0.469676 0.394271 0.469676 0.394010 0.469213 0.392448 0.469213 0.390104 0.467361 0.386458 0.466435 0.383073 0.464583 0.380729 0.464120 0.378385 0.462731 0.377344 0.462731 0.375000 0.461343 0.373958 0.460417 0.372656 0.459954 0.371354 0.459954 0.371094 0.459491 0.369531 0.459491 0.368229 0.459028 0.366927 0.458102 0.363281 0.457176 0.361979 0.456250 0.359635 0.455787 0.358333 0.454861 0.357552 0.454861 0.356250 0.453935 0.353125 0.453009 0.351562 0.452083 0.349219 0.451620 0.347917 0.450694 0.347135 0.450694 0.345052 0.449306 0.343750 0.449306 0.343490 0.448843 0.341927 0.448843 0.341667 0.448380 0.339844 0.447917 0.338021 0.446528 0.337240 0.446528 0.335938 0.445602 0.333594 0.445139 0.332292 0.444213 0.331250 0.444213 0.329948 0.443287 0.328646 0.442824 0.327344 0.442824 0.325781 0.441898 0.324740 0.441898 0.323437 0.440972 0.322656 0.440972 0.321615 0.440046 0.318359 0.434259 0.318359 0.433796 0.317057 0.431481 0.315495 0.427315 0.314974 0.425000 0.313802 0.422917 0.313542 0.422917 0.312370 0.420833 0.311589 0.418056 0.311068 0.417130 0.310286 0.413889 0.309766 0.412500 0.307943 0.408796 0.307422 0.406481 0.306641 0.404167 0.305078 0.400926 0.305078 0.400463 0.303255 0.395833 0.303255 0.395370 0.301693 0.392593 0.300911 0.390278 0.299609 0.387963 0.298828 0.386111 0.298047 0.383333 0.298047 0.382407 0.295964 0.376852 0.294401 0.374074 0.293359 0.370833 0.292057 0.368519 0.289974 0.363426 0.288932 0.361574 0.287630 0.357407 0.285547 0.352315 0.284505 0.348611 0.283724 0.346759 0.281641 0.343056 0.280078 0.338889 0.279557 0.336574 0.278516 0.333796 0.277734 0.332407 0.276953 0.330093 0.276953 0.325926 0.277214 0.323611 0.277734 0.321759 0.282813 0.312731 0.283073 0.312731 0.285286 0.308796 0.286328 0.306019 0.287891 0.303241 0.287891 0.302778 0.289062 0.300694 0.290365 0.298843 0.291406 0.297917 0.292839 0.295370 0.293620 0.293056 0.295312 0.290046 0.295573 0.290046 0.300651 0.281019 0.301953 0.277315 0.304427 0.272917 0.305469 0.271528 0.307292 0.269676 0.308203 0.268056 0.308724 0.266204 0.311328 0.261574 0.312630 0.257870 0.317188 0.249769 0.317448 0.249769 0.318620 0.247685 0.318620 0.247222 0.320052 0.244213 0.321354 0.242361 0.323958 0.240509 0.324479 0.239583 0.326302 0.238194 0.327604 0.238194 0.327865 0.238657 0.330990 0.238657 0.331250 0.239120 0.333073 0.239120 0.333333 0.239583 0.334896 0.239583 0.335156 0.240046 0.336458 0.240046 0.336719 0.240509 0.338542 0.240509 0.338802 0.240972 0.341406 0.240972 0.341667 0.241435 0.344531 0.241435 0.344792 0.241898 0.346875 0.241898 0.347135 0.242361 0.348438 0.242361 0.348698 0.242824 0.350521 0.242824 0.350781 0.243287 0.352865 0.243287 0.353125 0.243750 0.355208 0.243750 0.355469 0.244213 0.356771 0.244213 0.357031 0.244676 0.360156 0.244676 0.360417 0.245139 0.364063 0.245139 0.364323 0.245602 0.366406 0.245602 0.366667 0.246065 0.368750 0.246065 0.369010 0.246528 0.370833 0.246528 0.371094 0.246991 0.372917 0.246991 0.374219 0.247917 0.375521 0.248380 0.376823 0.248380 0.377083 0.248843 0.380208 0.248843 0.380469 0.249306 0.382812 0.249769 0.384115 0.250694 0.385937 0.250694 0.386198 0.251157 0.388281 0.251157 0.388542 0.251620 0.391927 0.251620 0.394792 0.253009 0.396094 0.253009 0.396354 0.253472 0.397917 0.253472 0.398177 0.253935 0.400260 0.253935 0.400521 0.254398 0.404687 0.254398 0.404948 0.254861 0.407813 0.254861 0.408073 0.255324 0.409635 0.255324 0.409896 0.255787 0.411458 0.255787 0.411719 0.256250 0.414062 0.256250 0.414323 0.256713 0.415885 0.256713 0.416927 0.257176 0.418490 0.258565 0.419401 0.260648 0.419661 0.263426 0.420182 0.265741 0.420182 0.267593 0.420703 0.270370 0.420703 0.273148 0.420964 0.273611 0.422005 0.278704 0.422526 0.280093 0.423047 0.284259 0.423828 0.287037 0.424089 0.289352 0.424870 0.291667 0.425391 0.293981 0.426563 0.296065 0.427604 0.296991 0.428776 0.299074 0.429557 0.303241 0.429557 0.305093 0.430078 0.307407 0.430078 0.309259 0.430599 0.312037 0.430859 0.314815 0.431380 0.316204 0.432422 0.320370 0.432943 0.321296 0.434245 0.326389 0.434766 0.329167 0.435547 0.334722 0.436068 0.336111 0.436849 0.341204 0.437891 0.346296 0.439453 0.351852 0.439974 0.353241 0.440755 0.357870 0.440755 0.359722 0.441536 0.363889 0.442057 0.365741 0.442578 0.369907 0.443359 0.374074 0.443880 0.375463 0.444141 0.377315 0.444141 0.382870 0.443620 0.385648 0.442578 0.387500 0.442057 0.389352 0.441276 0.390741 0.441016 0.392130 0.439193 0.396296 0.439193 0.396759 0.437891 0.399074 0.437109 0.401389 0.435286 0.405556 0.435026 0.406944 0.433984 0.409259 0.433203 0.411574 0.431120 0.416204 0.431120 0.416667 0.429818 0.419444 0.429036 0.422685 0.427995 0.425463 0.424870 0.431019 0.423828 0.433333 0.423307 0.435185 0.422786 0.438889 0.420964 0.443981 0.420964 0.444444 0.419401 0.448148 0.418880 0.450463 0.418359 0.451389 0.417839 0.453704 0.415495 0.458796 0.414453 0.462500 0.413932 0.463426 0.412891 0.466667 0.410156 0.471528 0.408073 0.473380
 6 0.424870 0.357407 0.426823 0.356713 0.427734 0.355093 0.428255 0.353241 0.428255 0.348611 0.427734 0.346296 0.427474 0.342130 0.426693 0.337037 0.425391 0.332870 0.425130 0.330556 0.424349 0.325926 0.423828 0.324074 0.423177 0.322917 0.421875 0.323843 0.420312 0.324306 0.419141 0.326389 0.419141 0.326852 0.417839 0.329630 0.416797 0.333333 0.415495 0.335648 0.414714 0.338889 0.414193 0.340278 0.413021 0.342361 0.412760 0.342361 0.411849 0.344444 0.411849 0.345370 0.410286 0.351389 0.411458 0.353009 0.412760 0.353009 0.413021 0.353472 0.417708 0.353472 0.417969 0.353935 0.419531 0.353935 0.421875 0.355787 0.422917 0.357176 0.423698 0.357639 0.424870 0.357407
 6 0.318880 0.406944 0.321354 0.404398 0.323698 0.400231 0.323958 0.400231 0.325651 0.397222 0.326432 0.394907 0.327344 0.393287 0.328646 0.391898 0.329818 0.389815 0.331120 0.386111 0.330859 0.384259 0.329688 0.382639 0.326562 0.381250 0.325260 0.381250 0.325000 0.380787 0.323177 0.380324 0.320833 0.378472 0.320052 0.378472 0.318750 0.377546 0.317448 0.377083 0.315365 0.377083 0.315104 0.376620 0.311979 0.376620 0.311719 0.376157 0.309375 0.376157 0.307422 0.377315 0.307422 0.379167 0.308984 0.381944 0.311849 0.392130 0.313411 0.395833 0.313932 0.397685 0.315104 0.399306 0.317057 0.402778 0.317578 0.405093 0.318750 0.407176 0.318880 0.406944
 4 0.483333 0.646991 0.478646 0.646991 0.477344 0.646528 0.475781 0.645139 0.474740 0.644676 0.473438 0.643287 0.472656 0.641898 0.471615 0.640972 0.470182 0.638426 0.469661 0.637037 0.467839 0.630093 0.466276 0.625000 0.465755 0.622685 0.464974 0.617130 0.464714 0.616667 0.464714 0.613889 0.464453 0.613426 0.464714 0.611574 0.464714 0.606481 0.465234 0.605093 0.465495 0.602778 0.466016 0.601389 0.466797 0.598148 0.467318 0.596759 0.471354 0.589583 0.472917 0.588194 0.473438 0.587269 0.475000 0.586343 0.475781 0.585417 0.478646 0.584491 0.478906 0.584028 0.480469 0.584028 0.480729 0.583565 0.483594 0.583565 0.483854 0.584028 0.485417 0.584028 0.485677 0.584491 0.488542 0.585880 0.489844 0.587731 0.490625 0.588194 0.493620 0.593519 0.494401 0.596296 0.494922 0.597222 0.495443 0.599537 0.496484 0.602778 0.496484 0.603704 0.497526 0.606944 0.497526 0.607870 0.498307 0.612037 0.498568 0.612500 0.498568 0.614815 0.498828 0.615278 0.498828 0.622222 0.498568 0.624537 0.498047 0.625926 0.497526 0.629167 0.495964 0.634259 0.493750 0.638194 0.491406 0.640972 0.490625 0.642361 0.489323 0.643287 0.488021 0.644676 0.487500 0.644676 0.485938 0.646065 0.484896 0.646528 0.483594 0.646528 0.483333 0.646991
 4 0.529427 0.709028 0.524219 0.709028 0.522917 0.708102 0.521094 0.707639 0.517188 0.703935 0.515885 0.702083 0.513672 0.698148 0.512109 0.693981 0.512109 0.693056 0.511328 0.690741 0.510547 0.685648 0.510026 0.684259 0.509505 0.681481 0.508984 0.676852 0.508724 0.676389 0.508724 0.672685 0.508464 0.672222 0.508464 0.668056 0.508724 0.667593 0.508724 0.664352 0.508984 0.663889 0.508984 0.661574 0.509766 0.658796 0.509766 0.657407 0.510286 0.655556 0.512370 0.651852 0.512370 0.651389 0.513542 0.649306 0.516927 0.644676 0.518229 0.643287 0.518750 0.643287 0.519792 0.641898 0.522135 0.640509 0.523438 0.640046 0.524740 0.640046 0.525000 0.639583 0.526823 0.639583 0.527083 0.640046 0.529167 0.640046 0.530469 0.641435 0.533333 0.642824 0.535417 0.644676 0.539714 0.652315 0.540755 0.656481 0.541536 0.658796 0.542839 0.665741 0.542839 0.667130 0.543620 0.670370 0.543620 0.672222 0.544141 0.674537 0.544141 0.677315 0.544401 0.677778 0.544401 0.683333 0.544141 0.683796 0.544141 0.686111 0.543880 0.686574 0.543359 0.690741 0.542578 0.693519 0.541536 0.696296 0.537240 0.703935 0.533854 0.706713 0.530729 0.708102 0.529427 0.709028
 4 0.497917 0.808102 0.493750 0.808102 0.492188 0.807176 0.490885 0.807176 0.489583 0.806713 0.488021 0.805324 0.486719 0.804861 0.481771 0.800231 0.479557 0.796296 0.477734 0.791204 0.477214 0.788889 0.476172 0.786111 0.475651 0.783796 0.474609 0.781019 0.474089 0.778704 0.473828 0.776389 0.473307 0.775000 0.473307 0.773611 0.472786 0.771296 0.472786 0.768981 0.472526 0.768519 0.472526 0.759722 0.472786 0.757870 0.473568 0.754630 0.473828 0.752315 0.475130 0.747685 0.476172 0.744907 0.476953 0.743519 0.477734 0.741204 0.478906 0.739120 0.480990 0.736806 0.481771 0.735417 0.483333 0.734028 0.484635 0.733565 0.485938 0.732176 0.487500 0.731713 0.488542 0.730787 0.489844 0.730324 0.491667 0.730324 0.491927 0.730787 0.494271 0.730787 0.494531 0.731250 0.496354 0.731713 0.499479 0.733565 0.501302 0.735417 0.502865 0.738194 0.503125 0.738194 0.504557 0.740741 0.508464 0.751852 0.508984 0.754167 0.509766 0.756481 0.510807 0.761111 0.510807 0.762500 0.511328 0.764815 0.511328 0.767130 0.511589 0.767593 0.511589 0.774074 0.511328 0.774537 0.511328 0.776852 0.511068 0.779167 0.510547 0.781481 0.510026 0.785648 0.508464 0.792130 0.506641 0.795833 0.506380 0.797222 0.504948 0.800231 0.503646 0.801620 0.501563 0.805324 0.500781 0.805787 0.498958 0.807639 0.497917 0.808102
 4 0.565365 0.693750 0.563281 0.693750 0.563021 0.693287 0.560937 0.693287 0.560156 0.692824 0.555208 0.688194 0.552474 0.683333 0.551432 0.681019 0.550651 0.678241 0.550130 0.677315 0.549609 0.673611 0.548828 0.670370 0.548568 0.666667 0.548307 0.666204 0.548047 0.662963 0.547526 0.660648 0.547266 0.658333 0.547266 0.649074 0.547526 0.646759 0.548307 0.642130 0.548828 0.640741 0.550130 0.636111 0.550911 0.634259 0.552604 0.631250 0.554167 0.629861 0.555469 0.628009 0.557292 0.626620 0.558594 0.625231 0.560937 0.623843 0.562760 0.623843 0.563021 0.623380 0.565104 0.623380 0.565365 0.623843 0.566927 0.623843 0.568229 0.624306 0.569792 0.625694 0.570312 0.625694 0.573438 0.628009 0.575260 0.630787 0.575521 0.630787 0.578516 0.636111 0.578776 0.637500 0.580078 0.641204 0.580859 0.643981 0.581120 0.646296 0.581901 0.650000 0.581901 0.652315 0.582422 0.655093 0.582422 0.657870 0.582682 0.658333 0.582682 0.670833 0.582422 0.671296 0.581901 0.675000 0.580859 0.678704 0.579557 0.681944 0.576562 0.687269 0.575521 0.688657 0.573698 0.690046 0.572917 0.690972 0.569271 0.692824 0.567969 0.692824 0.567708 0.693287 0.565625 0.693287 0.565365 0.693750
 3 0.555990 0.624306 0.555729 0.623843 0.553906 0.623843 0.552865 0.623380 0.551302 0.621991 0.548177 0.620139 0.546875 0.617824 0.546615 0.617824 0.544661 0.613426 0.543359 0.609722 0.543359 0.608796 0.542318 0.602778 0.541797 0.600926 0.541536 0.598611 0.541536 0.596296 0.541276 0.595833 0.541276 0.589352 0.541536 0.588889 0.541536 0.586111 0.542318 0.583333 0.542318 0.582407 0.543099 0.580093 0.544401 0.577778 0.544401 0.577315 0.546094 0.574306 0.548438 0.571528 0.550000 0.570139 0.550521 0.570139 0.552083 0.568750 0.553385 0.568750 0.553646 0.568287 0.559635 0.568287 0.560937 0.568750 0.563021 0.570602 0.564583 0.571528 0.565104 0.572454 0.566406 0.573380 0.568359 0.576852 0.569922 0.581019 0.570964 0.585185 0.571224 0.587500 0.571224 0.589815 0.571484 0.590278 0.571484 0.592593 0.571745 0.593056 0.571745 0.602778 0.571484 0.603241 0.571484 0.605556 0.571224 0.607870 0.569401 0.613426 0.567187 0.616898 0.566927 0.616898 0.564323 0.620602 0.563281 0.621065 0.561719 0.622454 0.560677 0.622917 0.559375 0.622917 0.557813 0.623843 0.556250 0.623843 0.555990 0.624306
 3 0.489844 0.725231 0.488802 0.724769 0.486719 0.724769 0.485417 0.724306 0.484635 0.723380 0.482552 0.722454 0.481510 0.721528 0.479167 0.718750 0.477474 0.715741 0.477474 0.715278 0.476172 0.712500 0.475651 0.710185 0.475130 0.709259 0.473828 0.704630 0.473568 0.702315 0.472786 0.699537 0.472526 0.697685 0.472526 0.689352 0.472786 0.687037 0.473828 0.681481 0.474349 0.680556 0.475391 0.676852 0.476693 0.674537 0.476693 0.674074 0.478646 0.670602 0.480208 0.668750 0.481510 0.667824 0.482812 0.666435 0.484375 0.665972 0.485677 0.665046 0.487240 0.665046 0.487500 0.664583 0.491146 0.664583 0.491406 0.665046 0.492969 0.665046 0.494010 0.665509 0.495833 0.666898 0.496354 0.667824 0.497917 0.669213 0.499609 0.672222 0.499609 0.672685 0.500911 0.675463 0.501953 0.679630 0.502474 0.681019 0.503516 0.686111 0.503776 0.688426 0.504297 0.689815 0.504557 0.693519 0.504818 0.693981 0.504818 0.696296 0.505078 0.696759 0.505078 0.699537 0.504818 0.700000 0.504818 0.703704 0.504297 0.706481 0.503776 0.707407 0.503255 0.709722 0.500911 0.714815 0.500911 0.715278 0.499479 0.717824 0.498177 0.719213 0.495052 0.721991 0.494271 0.722917 0.490104 0.724769 0.489844 0.725231
 3 0.538802 0.794676 0.533854 0.794676 0.532552 0.794213 0.530729 0.792824 0.530208 0.792824 0.528646 0.791435 0.527344 0.789583 0.525781 0.788194 0.524609 0.786111 0.524089 0.784259 0.523307 0.782870 0.522266 0.780093 0.521224 0.775463 0.520443 0.773148 0.520182 0.770833 0.519661 0.769444 0.519401 0.766667 0.518880 0.764815 0.518880 0.762963 0.518359 0.760648 0.518359 0.752778 0.518620 0.752315 0.518880 0.749074 0.519141 0.748611 0.519401 0.745833 0.521745 0.738426 0.525000 0.732639 0.525781 0.731713 0.527604 0.730324 0.528646 0.728935 0.530208 0.728009 0.531250 0.728009 0.532552 0.727083 0.537500 0.727083 0.541667 0.728935 0.543750 0.730787 0.545573 0.733102 0.548568 0.738426 0.549349 0.740741 0.550130 0.743981 0.551172 0.747222 0.551172 0.748611 0.552214 0.753241 0.552995 0.758796 0.552995 0.761574 0.553255 0.762037 0.553255 0.768981 0.552995 0.769444 0.552995 0.771759 0.552734 0.772222 0.552474 0.775463 0.551432 0.779167 0.550651 0.781019 0.549349 0.783333 0.548568 0.785648 0.547135 0.788194 0.544271 0.791435 0.542708 0.792361 0.541406 0.793750 0.540365 0.794213 0.539062 0.794213 0.538802 0.794676
 4 0.766406 0.584491 0.760938 0.584491 0.760677 0.584028 0.759375 0.584028 0.758333 0.583102 0.757552 0.583102 0.755990 0.581713 0.754687 0.581250 0.751823 0.578472 0.751302 0.578472 0.749219 0.576157 0.746354 0.571065 0.746094 0.571065 0.743359 0.566204 0.742578 0.562037 0.741797 0.559259 0.741797 0.552315 0.742839 0.548611 0.742839 0.547685 0.743620 0.545370 0.743880 0.543519 0.744401 0.542593 0.745703 0.537500 0.745964 0.534259 0.747005 0.530093 0.749479 0.525694 0.750521 0.524306 0.752344 0.522454 0.753125 0.522454 0.754167 0.521528 0.754948 0.521528 0.755729 0.520602 0.758854 0.518750 0.765885 0.518750 0.766927 0.518287 0.769792 0.519676 0.771094 0.521065 0.771615 0.521065 0.773958 0.523380 0.775000 0.523843 0.775781 0.525231 0.777083 0.526620 0.781380 0.534259 0.782682 0.537500 0.783203 0.539815 0.783203 0.541204 0.783724 0.543056 0.783724 0.553241 0.783203 0.555093 0.782682 0.558333 0.781120 0.563426 0.780078 0.568981 0.779297 0.571296 0.778776 0.573611 0.776302 0.578009 0.774740 0.579861 0.773438 0.580787 0.768750 0.583565 0.766406 0.584491
 4 0.865104 0.448380 0.864323 0.447917 0.861458 0.447917 0.861198 0.447454 0.859635 0.447454 0.859375 0.446991 0.858073 0.446991 0.853906 0.445139 0.852604 0.444213 0.850781 0.442361 0.850260 0.442361 0.846354 0.438657 0.842578 0.431944 0.841797 0.429630 0.841276 0.426389 0.841276 0.422685 0.841536 0.422222 0.841536 0.418519 0.842057 0.416667 0.843099 0.411574 0.843620 0.410648 0.844922 0.404630 0.845443 0.403704 0.846745 0.398611 0.847526 0.396759 0.848958 0.394213 0.852604 0.390509 0.854688 0.389583 0.855469 0.388657 0.857812 0.387269 0.860156 0.387269 0.860417 0.386806 0.866146 0.386806 0.866406 0.387269 0.868229 0.387269 0.869531 0.387731 0.872135 0.389583 0.874740 0.390972 0.875521 0.390972 0.876823 0.391898 0.879167 0.394213 0.882031 0.397917 0.883724 0.400926 0.883724 0.401389 0.885026 0.405093 0.885286 0.406481 0.885286 0.413889 0.884766 0.416667 0.883724 0.420370 0.883464 0.422222 0.882161 0.426389 0.881901 0.427778 0.880599 0.431944 0.880599 0.432870 0.879557 0.436111 0.878776 0.437963 0.877604 0.440046 0.875781 0.442361 0.874479 0.443287 0.873437 0.444676 0.872135 0.445602 0.870052 0.446528 0.869010 0.447454 0.867708 0.447454 0.867448 0.447917 0.865365 0.447917 0.865104 0.448380
 4 0.885677 0.511343 0.880990 0.511343 0.880078 0.509259 0.881120 0.504630 0.881120 0.503704 0.882422 0.500463 0.883464 0.498611 0.883984 0.496759 0.886328 0.491667 0.887630 0.487963 0.889583 0.484491 0.891406 0.482639 0.894271 0.480787 0.895052 0.480787 0.896094 0.479861 0.897917 0.479398 0.899740 0.478009 0.902083 0.478009 0.902344 0.478472 0.905729 0.478472 0.905990 0.478935 0.908594 0.478935 0.910156 0.479861 0.911458 0.479861 0.913542 0.481250 0.914323 0.481250 0.917969 0.483565 0.920833 0.485880 0.922135 0.487269 0.924479 0.490509 0.924740 0.490509 0.927734 0.495833 0.927995 0.497222 0.927474 0.499537 0.926823 0.500694 0.925521 0.501620 0.923958 0.501620 0.923698 0.502083 0.921615 0.502083 0.921354 0.502546 0.919271 0.502546 0.919010 0.503009 0.917188 0.503009 0.916927 0.503472 0.915625 0.503472 0.915365 0.503935 0.913802 0.503935 0.913542 0.504398 0.911719 0.504398 0.911458 0.504861 0.909896 0.504861 0.909635 0.505324 0.908073 0.505324 0.907813 0.505787 0.906250 0.505787 0.905990 0.506250 0.904167 0.506250 0.903906 0.506713 0.902083 0.506713 0.901823 0.507176 0.900260 0.507176 0.900000 0.507639 0.898698 0.507639 0.898438 0.508102 0.897135 0.508102 0.896875 0.508565 0.895312 0.508565 0.895052 0.509028 0.893750 0.509028 0.893490 0.509491 0.891667 0.509491 0.891406 0.509954 0.889062 0.509954 0.888802 0.510417 0.887500 0.510417 0.887240 0.510880 0.885938 0.510880 0.885677 0.511343
 5 0.263802 0.559028 0.261719 0.558565 0.259375 0.557176 0.256641 0.553241 0.255859 0.550926 0.255078 0.549537 0.254036 0.546759 0.253516 0.544444 0.252474 0.541667 0.249870 0.537037 0.249609 0.535648 0.248438 0.534028 0.246484 0.530556 0.244401 0.525000 0.244401 0.518981 0.244661 0.517130 0.246745 0.512037 0.247917 0.509954 0.248958 0.508565 0.249740 0.508102 0.251302 0.505787 0.255208 0.502546 0.255990 0.501620 0.257031 0.501157 0.261198 0.501157 0.261458 0.501620 0.263021 0.501620 0.264062 0.502083 0.265885 0.503935 0.267448 0.506713 0.267708 0.506713 0.269141 0.509259 0.270182 0.512037 0.272266 0.515741 0.272266 0.516204 0.276823 0.524306 0.277995 0.525926 0.277995 0.526389 0.279297 0.529167 0.279818 0.531481 0.279818 0.538426 0.278255 0.543056 0.277474 0.544444 0.276693 0.546759 0.274479 0.550694 0.273438 0.551620 0.272135 0.553472 0.270833 0.554861 0.269010 0.556250 0.268229 0.557176 0.265365 0.558102 0.263802 0.559028
 5 0.225781 0.567361 0.224740 0.567361 0.222917 0.565972 0.220312 0.562269 0.219141 0.560185 0.218359 0.557870 0.217318 0.556019 0.216536 0.553704 0.213802 0.548843 0.213542 0.548843 0.211589 0.545370 0.211068 0.543519 0.208464 0.538889 0.208203 0.537500 0.206641 0.531944 0.206641 0.529630 0.207161 0.526852 0.207943 0.524074 0.209505 0.520370 0.211458 0.516898 0.211719 0.516898 0.213281 0.514120 0.216146 0.511806 0.218490 0.510417 0.219792 0.509028 0.225260 0.509028 0.227604 0.510880 0.231510 0.517824 0.231771 0.517824 0.234766 0.523148 0.234766 0.523611 0.236719 0.527083 0.236979 0.527083 0.238151 0.529167 0.238151 0.529630 0.240365 0.533565 0.240625 0.533565 0.242057 0.536111 0.242578 0.537500 0.243359 0.542593 0.243359 0.545833 0.242839 0.548148 0.241797 0.551389 0.240755 0.553704 0.237240 0.559954 0.235937 0.561806 0.233333 0.564583 0.231510 0.565972 0.230469 0.565972 0.229167 0.566898 0.226042 0.566898 0.225781 0.567361
 5 0.216146 0.619676 0.211719 0.619676 0.210677 0.619213 0.208854 0.617824 0.207813 0.616435 0.204167 0.609954 0.202865 0.608102 0.201823 0.607176 0.200521 0.605324 0.198698 0.603472 0.196875 0.600694 0.196615 0.600694 0.195052 0.597917 0.193750 0.596528 0.191797 0.593056 0.190495 0.587037 0.190755 0.583333 0.191797 0.579630 0.192578 0.578241 0.193359 0.575926 0.193880 0.573611 0.195312 0.571065 0.195573 0.571065 0.197917 0.566898 0.200000 0.565046 0.201823 0.564120 0.205208 0.560880 0.206510 0.560417 0.209375 0.560417 0.210677 0.561806 0.211979 0.562731 0.213802 0.564583 0.215885 0.568287 0.216667 0.568750 0.218229 0.570602 0.220052 0.573843 0.220312 0.573843 0.222396 0.577083 0.226562 0.580787 0.227344 0.581713 0.229167 0.584954 0.230078 0.586111 0.230859 0.587963 0.231120 0.589815 0.231901 0.592593 0.231901 0.594444 0.231380 0.596296 0.231380 0.597685 0.230339 0.601852 0.229557 0.603241 0.228776 0.605556 0.226562 0.609491 0.226302 0.609491 0.225000 0.611806 0.224740 0.611806 0.223177 0.614120 0.222396 0.614583 0.221094 0.616435 0.219010 0.617824 0.217448 0.619213 0.216146 0.619676
 5 0.189062 0.582176 0.187240 0.581713 0.186979 0.581250 0.185677 0.581250 0.184635 0.580787 0.182552 0.578935 0.180599 0.575463 0.180078 0.573611 0.177604 0.569213 0.176563 0.568287 0.173437 0.563657 0.173177 0.563657 0.170573 0.559028 0.170313 0.559028 0.167057 0.553241 0.166536 0.551389 0.166536 0.543981 0.167578 0.540741 0.168359 0.538889 0.171615 0.533102 0.174219 0.529861 0.175000 0.529398 0.177604 0.526620 0.179167 0.526157 0.180469 0.525231 0.181771 0.525231 0.182031 0.524769 0.184896 0.524769 0.185938 0.525231 0.188021 0.527546 0.188281 0.527546 0.192448 0.534954 0.192708 0.534954 0.195312 0.539583 0.195573 0.539583 0.197135 0.541898 0.198437 0.542824 0.200521 0.545602 0.202604 0.546991 0.204427 0.549769 0.204687 0.549769 0.205599 0.552315 0.205599 0.554630 0.206120 0.557870 0.205859 0.558796 0.204427 0.560880 0.198698 0.565972 0.197656 0.567361 0.196094 0.570139 0.195833 0.570139 0.194661 0.572222 0.193880 0.574074 0.192839 0.577315 0.191146 0.580324 0.189062 0.582176
 5 0.177604 0.631250 0.172917 0.631250 0.171354 0.630324 0.169531 0.628472 0.167969 0.625694 0.167708 0.625694 0.165885 0.622454 0.165625 0.622454 0.163021 0.618750 0.160156 0.616435 0.158594 0.614583 0.157812 0.613194 0.156510 0.611806 0.155208 0.609954 0.153906 0.607639 0.153646 0.607639 0.152474 0.605556 0.151432 0.601852 0.151432 0.598148 0.151953 0.594907 0.154036 0.589352 0.157031 0.584028 0.158073 0.583102 0.158854 0.581713 0.159635 0.581250 0.161458 0.578472 0.162240 0.578009 0.167708 0.578009 0.167969 0.578472 0.169271 0.578472 0.170573 0.579398 0.172656 0.581713 0.173437 0.582176 0.175000 0.584491 0.175260 0.584491 0.176823 0.586806 0.178125 0.587731 0.182031 0.593287 0.186458 0.596991 0.187240 0.597917 0.188411 0.600000 0.189453 0.603704 0.190234 0.608796 0.190234 0.614352 0.189193 0.617130 0.188411 0.619907 0.187240 0.621991 0.186198 0.622917 0.185417 0.624306 0.183854 0.626157 0.179167 0.630324 0.177604 0.631250
 7 0.217188 0.796528 0.213021 0.796528 0.212240 0.796065 0.209766 0.791667 0.208984 0.789352 0.206250 0.785880 0.203385 0.783102 0.201823 0.780787 0.200521 0.779861 0.199219 0.778472 0.197656 0.777546 0.195833 0.775694 0.194271 0.772917 0.193490 0.772454 0.190885 0.769676 0.188542 0.766435 0.187500 0.765972 0.186719 0.765046 0.185417 0.764583 0.184115 0.763194 0.182292 0.761806 0.179427 0.757639 0.178125 0.756250 0.176823 0.755324 0.173958 0.751620 0.170573 0.748380 0.168490 0.746991 0.165104 0.743750 0.164323 0.743287 0.161719 0.740509 0.160417 0.739583 0.159896 0.738657 0.157812 0.736806 0.157292 0.736806 0.154948 0.734491 0.152865 0.731250 0.152083 0.730787 0.150781 0.728935 0.148698 0.727083 0.147656 0.725694 0.147135 0.725694 0.145833 0.724306 0.143750 0.722917 0.142187 0.720602 0.140365 0.718750 0.138281 0.715509 0.138021 0.715509 0.136589 0.712500 0.136328 0.710648 0.136589 0.709259 0.136589 0.704167 0.136849 0.703704 0.137891 0.697685 0.138672 0.695833 0.139714 0.691204 0.140234 0.687037 0.141276 0.684259 0.141797 0.681944 0.142318 0.681019 0.143620 0.676389 0.143880 0.674074 0.144401 0.672685 0.144661 0.670370 0.145443 0.667593 0.146484 0.665278 0.147526 0.659259 0.149349 0.652778 0.150911 0.648611 0.151432 0.645833 0.151693 0.643056 0.152214 0.640741 0.152995 0.638426 0.154818 0.635185 0.155339 0.632407 0.155339 0.630093 0.155599 0.628241 0.157161 0.622685 0.157422 0.620370 0.158594 0.618287 0.161458 0.619676 0.162240 0.620602 0.163021 0.620602 0.164583 0.621991 0.165625 0.623380 0.166667 0.625694 0.167969 0.627546 0.171354 0.631250 0.172917 0.631713 0.173177 0.632176 0.174479 0.632176 0.174740 0.631713 0.176563 0.631713 0.177865 0.631250 0.179427 0.629861 0.180990 0.628935 0.182292 0.627546 0.183073 0.626157 0.184896 0.624769 0.186198 0.622917 0.187240 0.621991 0.189193 0.618519 0.189193 0.618056 0.195182 0.607407 0.195964 0.605093 0.196875 0.603935 0.197656 0.603935 0.198958 0.605324 0.199479 0.605324 0.200781 0.606713 0.201823 0.607176 0.202604 0.608565 0.203385 0.609028 0.205469 0.612731 0.207031 0.614120 0.208333 0.615972 0.209896 0.616898 0.210677 0.617824 0.212240 0.618750 0.214583 0.618750 0.214844 0.618287 0.216927 0.618287 0.217188 0.617824 0.219010 0.617824 0.220312 0.617361 0.223177 0.614120 0.223438 0.614120 0.226042 0.609491 0.226302 0.609491 0.229557 0.603704 0.230859 0.600000 0.231641 0.594444 0.231641 0.592593 0.231120 0.590278 0.229818 0.586111 0.228125 0.583102 0.226823 0.581713 0.225651 0.579630 0.224609 0.575000 0.223828 0.573611 0.224089 0.572222 0.225521 0.571065 0.227865 0.570602 0.229687 0.568750 0.232813 0.564583 0.235677 0.562269 0.237500 0.559491 0.237760 0.559491 0.241536 0.552778 0.242318 0.550926 0.243620 0.545833 0.243880 0.543981 0.243880 0.537500 0.244531 0.535880 0.247396 0.535880 0.249089 0.538889 0.249089 0.539352 0.252734 0.545833 0.253776 0.548611 0.255859 0.552315 0.255859 0.552778 0.258333 0.557176 0.260156 0.559028 0.264323 0.559028 0.266146 0.557639 0.266927 0.557639 0.270052 0.554861 0.270573 0.554861 0.272656 0.553009 0.273698 0.551157 0.275260 0.549306 0.277474 0.545370 0.278516 0.542593 0.279818 0.537500 0.279818 0.531019 0.279557 0.529167 0.279036 0.527778 0.278776 0.525926 0.276432 0.521759 0.275130 0.515741 0.273568 0.512500 0.273307 0.510648 0.273958 0.509028 0.274740 0.508565 0.276562 0.508565 0.276823 0.508102 0.278646 0.508102 0.280990 0.506250 0.282292 0.505787 0.283854 0.505787 0.284115 0.505324 0.285938 0.505324 0.286198 0.504861 0.287500 0.504861 0.287760 0.504398 0.289062 0.504398 0.289323 0.503935 0.290625 0.503935 0.290885 0.503472 0.292448 0.503472 0.292708 0.503009 0.294010 0.503009 0.294271 0.502546 0.295573 0.502546 0.295833 0.502083 0.298177 0.501620 0.298438 0.501157 0.299740 0.501157 0.300000 0.500694 0.302083 0.500694 0.302344 0.500231 0.304167 0.500231 0.304427 0.499769 0.305729 0.499769 0.305990 0.499306 0.307552 0.499306 0.307812 0.498843 0.309896 0.498843 0.310937 0.498380 0.313281 0.496528 0.314323 0.496065 0.315625 0.496065 0.315885 0.495602 0.317708 0.495602 0.317969 0.495139 0.319271 0.495139 0.320833 0.494213 0.322396 0.494213 0.322656 0.493750 0.324740 0.493750 0.325000 0.493287 0.329427 0.493287 0.330729 0.494213 0.332422 0.497222 0.333724 0.502778 0.335026 0.506944 0.335547 0.507870 0.336068 0.510185 0.337109 0.512963 0.338672 0.515741 0.339193 0.517130 0.340234 0.521296 0.341276 0.524074 0.343490 0.528009 0.345833 0.530324 0.346745 0.531944 0.347526 0.534259 0.348568 0.536111 0.350391 0.540741 0.350391 0.541204 0.352995 0.545833 0.353516 0.547685 0.355078 0.551389 0.355859 0.554167 0.357161 0.556481 0.358203 0.558796 0.358984 0.561574 0.359505 0.562500 0.360286 0.565278 0.362891 0.569907 0.362891 0.570370 0.364193 0.573148 0.364453 0.574537 0.366276 0.577778 0.367578 0.581481 0.368099 0.582407 0.368620 0.584722 0.369531 0.586806 0.371094 0.588194 0.372266 0.590278 0.373828 0.594907 0.374609 0.596296 0.375651 0.600463 0.375391 0.602315 0.375391 0.604630 0.375130 0.605093 0.375130 0.607870 0.374870 0.610185 0.374349 0.612500 0.374089 0.614815 0.374089 0.618519 0.373828 0.618981 0.373828 0.621759 0.373568 0.622222 0.373568 0.624537 0.373307 0.625000 0.373307 0.627315 0.373047 0.627778 0.373047 0.630556 0.372786 0.631019 0.372786 0.633796 0.372526 0.634259 0.372526 0.640741 0.372266 0.641204 0.372266 0.648611 0.372005 0.649074 0.372005 0.651389 0.371484 0.654167 0.371484 0.656481 0.371224 0.656944 0.371224 0.660648 0.370964 0.661111 0.370964 0.663426 0.370703 0.663889 0.370443 0.667130 0.369922 0.668981 0.369922 0.671296 0.369661 0.671759 0.369661 0.676852 0.369401 0.677315 0.369401 0.680093 0.369141 0.680556 0.369141 0.683333 0.368880 0.683796 0.368880 0.687037 0.368620 0.687500 0.368620 0.690278 0.368359 0.690741 0.368359 0.693056 0.367839 0.695370 0.367578 0.697685 0.367578 0.701389 0.367318 0.701852 0.367318 0.706019 0.367057 0.706481 0.367057 0.711111 0.366797 0.711574 0.366797 0.713889 0.366276 0.716667 0.366276 0.718981 0.366016 0.719444 0.366016 0.723611 0.365755 0.724074 0.365755 0.726852 0.365234 0.728704 0.364453 0.733333 0.364453 0.737037 0.364193 0.737500 0.364193 0.740278 0.363932 0.740741 0.363932 0.743519 0.363672 0.743981 0.363672 0.746296 0.362630 0.750000 0.361589 0.751852 0.360547 0.755093 0.359375 0.757176 0.358594 0.758102 0.355208 0.759954 0.353125 0.761343 0.351302 0.761343 0.351042 0.761806 0.349219 0.761806 0.346615 0.762731 0.346354 0.763194 0.341667 0.763194 0.341406 0.763657 0.339844 0.763657 0.339583 0.764120 0.338281 0.764120 0.338021 0.764583 0.336198 0.764583 0.335938 0.765046 0.334115 0.765046 0.333854 0.765509 0.331510 0.765509 0.331250 0.765972 0.329427 0.765972 0.328125 0.766435 0.326823 0.767361 0.325521 0.767361 0.325260 0.767824 0.323437 0.767824 0.323177 0.768287 0.321875 0.768287 0.320573 0.769213 0.319271 0.769676 0.317969 0.769676 0.317708 0.770139 0.313802 0.770139 0.310937 0.771528 0.309115 0.771528 0.308854 0.771991 0.306771 0.771991 0.305208 0.772917 0.302865 0.773380 0.302604 0.773843 0.301042 0.773843 0.300781 0.774306 0.298958 0.774306 0.298698 0.774769 0.296094 0.775694 0.294792 0.775694 0.294531 0.776157 0.293229 0.776157 0.292969 0.776620 0.291146 0.776620 0.290885 0.777083 0.289583 0.777083 0.289323 0.777546 0.288021 0.777546 0.287760 0.778009 0.285938 0.778009 0.285677 0.778472 0.283333 0.778472 0.283073 0.778935 0.281250 0.778935 0.280990 0.779398 0.279687 0.779398 0.279427 0.779861 0.276562 0.779861 0.276302 0.780324 0.274740 0.780324 0.274479 0.780787 0.272656 0.781250 0.272396 0.781713 0.271094 0.781713 0.270833 0.782176 0.268750 0.782176 0.268490 0.782639 0.266927 0.782639 0.264583 0.784028 0.263281 0.784491 0.261458 0.784491 0.261198 0.784954 0.259635 0.784954 0.259375 0.785417 0.257552 0.785417 0.257292 0.785880 0.255208 0.785880 0.254948 0.786343 0.253125 0.786343 0.252865 0.786806 0.251302 0.786806 0.251042 0.787269 0.249219 0.787269 0.248958 0.787731 0.247656 0.787731 0.245573 0.789120 0.244271 0.789583 0.241406 0.789583 0.241146 0.790046 0.239323 0.790046 0.239063 0.790509 0.237500 0.790509 0.237240 0.790972 0.235937 0.790972 0.235677 0.791435 0.234375 0.791435 0.234115 0.791898 0.232813 0.791898 0.232552 0.792361 0.231250 0.792361 0.230990 0.792824 0.228906 0.792824 0.228646 0.793287 0.226302 0.793287 0.226042 0.793750 0.224479 0.793750 0.224219 0.794213 0.221875 0.794213 0.221615 0.794676 0.220052 0.794676 0.219010 0.795139 0.217188 0.796528
 7 0.240625 0.525694 0.239323 0.525694 0.238932 0.525000 0.239583 0.524306 0.240365 0.524306 0.240625 0.525694
 7 0.178125 0.580787 0.177083 0.580787 0.176042 0.578935 0.173437 0.578009 0.172526 0.576389 0.172005 0.574074 0.172005 0.572685 0.172526 0.570833 0.173437 0.569213 0.174479 0.569213 0.176432 0.571759 0.176953 0.573611 0.176953 0.575926 0.178255 0.578704 0.178516 0.580093 0.178125 0.580787
 7 0.347786 0.592593 0.349219 0.591898 0.350521 0.590046 0.352214 0.587037 0.352474 0.585648 0.351172 0.582407 0.349349 0.578704 0.349089 0.576852 0.347396 0.575231 0.345964 0.574537 0.345964 0.575926 0.345443 0.578704 0.344922 0.579630 0.344141 0.584259 0.344141 0.588426 0.344401 0.590278 0.345052 0.592824 0.347656 0.592824 0.347786 0.592593
 2 0.229167 0.823843 0.225521 0.823843 0.225260 0.823380 0.223958 0.823380 0.222656 0.822454 0.221354 0.821065 0.219531 0.819676 0.216406 0.815972 0.212760 0.812731 0.210417 0.810417 0.209115 0.809954 0.207292 0.808102 0.204557 0.803241 0.204036 0.801389 0.204036 0.799074 0.203776 0.798611 0.203776 0.793981 0.204297 0.791204 0.205469 0.789120 0.206771 0.790046 0.208073 0.791435 0.208724 0.793056 0.210677 0.796528 0.212760 0.798380 0.214062 0.797917 0.215885 0.797917 0.216146 0.797454 0.217969 0.797454 0.218229 0.796991 0.219792 0.796991 0.220052 0.796528 0.221354 0.796528 0.221615 0.796065 0.222917 0.796065 0.223177 0.795602 0.224479 0.795602 0.224740 0.795139 0.226302 0.795139 0.226562 0.794676 0.228125 0.794676 0.228385 0.794213 0.229948 0.794213 0.230208 0.793750 0.232031 0.793750 0.232292 0.793287 0.233594 0.793287 0.233854 0.792824 0.235417 0.792824 0.235677 0.792361 0.236979 0.792361 0.237240 0.791898 0.238542 0.791898 0.238802 0.791435 0.240104 0.791435 0.240365 0.790972 0.242448 0.790972 0.242708 0.790509 0.244531 0.790509 0.246094 0.789583 0.247396 0.789583 0.247656 0.789120 0.248958 0.789120 0.249219 0.788657 0.250781 0.788657 0.251042 0.788194 0.252865 0.788194 0.253125 0.787731 0.254948 0.787731 0.255208 0.787269 0.256771 0.787269 0.257031 0.786806 0.258854 0.786806 0.259115 0.786343 0.260937 0.786343 0.261198 0.785880 0.262500 0.785880 0.262760 0.785417 0.264062 0.785417 0.264323 0.784954 0.265885 0.784954 0.267448 0.784028 0.268750 0.784028 0.269010 0.783565 0.270313 0.783565 0.270573 0.783102 0.272135 0.783102 0.272396 0.782639 0.273698 0.782639 0.273958 0.782176 0.275260 0.782176 0.275521 0.781713 0.276823 0.781713 0.277083 0.781250 0.278906 0.781250 0.279167 0.780787 0.280729 0.780787 0.280990 0.780324 0.282292 0.780324 0.282552 0.779861 0.284115 0.779861 0.285677 0.778935 0.286979 0.778935 0.287240 0.778472 0.289062 0.778472 0.289323 0.778009 0.291146 0.778009 0.292708 0.777083 0.295052 0.776620 0.295312 0.776157 0.297656 0.776157 0.297917 0.775694 0.299740 0.775694 0.300000 0.775231 0.301302 0.775231 0.301563 0.774769 0.303385 0.774769 0.303646 0.774306 0.304948 0.774306 0.305208 0.773843 0.306771 0.773843 0.307031 0.773380 0.308594 0.773380 0.308854 0.772917 0.310417 0.772917 0.310677 0.772454 0.311979 0.772454 0.312240 0.771991 0.313802 0.771991 0.314063 0.771528 0.315365 0.771528 0.315625 0.771065 0.316927 0.771065 0.317188 0.770602 0.318490 0.770602 0.318750 0.770139 0.320312 0.770139 0.320573 0.769676 0.322135 0.769676 0.322396 0.769213 0.323958 0.769213 0.324219 0.768750 0.325781 0.768750 0.326042 0.768287 0.327344 0.768287 0.327604 0.767824 0.328906 0.767824 0.329167 0.767361 0.330990 0.767361 0.331250 0.766898 0.332813 0.766898 0.333073 0.766435 0.334635 0.766435 0.334896 0.765972 0.336979 0.765972 0.337240 0.765509 0.338802 0.765509 0.339062 0.765046 0.340625 0.765046 0.340885 0.764583 0.342448 0.764583 0.342708 0.764120 0.344271 0.764120 0.344531 0.763657 0.346094 0.763657 0.346354 0.763194 0.347917 0.763194 0.348177 0.762731 0.350000 0.762731 0.350260 0.762269 0.352083 0.762269 0.352344 0.761806 0.353906 0.761806 0.354167 0.761343 0.355990 0.761343 0.357292 0.760880 0.359115 0.759491 0.360677 0.757639 0.362370 0.754630 0.363151 0.752778 0.364193 0.747685 0.364453 0.747222 0.364453 0.744907 0.364714 0.744444 0.364714 0.741667 0.364974 0.741204 0.364974 0.738426 0.365234 0.736111 0.365755 0.733796 0.365755 0.731481 0.366016 0.731019 0.366016 0.727778 0.366276 0.727315 0.366276 0.724074 0.366536 0.723611 0.366536 0.719444 0.366797 0.718981 0.366797 0.714815 0.367057 0.714352 0.367057 0.710185 0.367318 0.709722 0.367318 0.706019 0.367578 0.705556 0.367578 0.701852 0.367839 0.701389 0.367839 0.697222 0.368099 0.696759 0.368099 0.693981 0.368359 0.693519 0.368359 0.690741 0.368620 0.690278 0.368620 0.687963 0.368880 0.687500 0.368880 0.684259 0.369141 0.683796 0.369141 0.680093 0.369401 0.679630 0.369401 0.675926 0.369661 0.675463 0.369661 0.672222 0.369922 0.671759 0.369922 0.668981 0.370182 0.668519 0.370182 0.665741 0.370443 0.665278 0.370443 0.662500 0.370703 0.662037 0.370703 0.659722 0.370964 0.659259 0.370964 0.656481 0.371224 0.656019 0.371224 0.652778 0.371484 0.652315 0.371484 0.649537 0.371745 0.649074 0.371745 0.646759 0.372005 0.646296 0.372005 0.643519 0.372266 0.643056 0.372266 0.639815 0.372526 0.639352 0.372526 0.637037 0.372786 0.636574 0.372786 0.633796 0.373047 0.633333 0.373047 0.630556 0.373307 0.630093 0.373307 0.626389 0.373568 0.625926 0.373568 0.622685 0.373828 0.622222 0.373828 0.619444 0.374089 0.618981 0.374089 0.616204 0.374349 0.615741 0.374349 0.611574 0.374609 0.611111 0.374609 0.604630 0.374870 0.604167 0.374870 0.599537 0.374609 0.599074 0.374089 0.594907 0.373568 0.593519 0.373307 0.589352 0.372786 0.587500 0.373958 0.585880 0.375260 0.585417 0.376563 0.585417 0.377083 0.585880 0.378646 0.588657 0.380339 0.590278 0.381380 0.592593 0.382161 0.595370 0.383464 0.598148 0.385286 0.603241 0.385547 0.604630 0.386849 0.606944 0.387891 0.610185 0.388411 0.614815 0.388672 0.615278 0.388411 0.617593 0.388411 0.626389 0.388151 0.626852 0.388151 0.631944 0.387891 0.632407 0.387891 0.635648 0.387630 0.636111 0.387630 0.638889 0.387370 0.639352 0.387370 0.642593 0.387109 0.643056 0.387109 0.646296 0.386849 0.646759 0.386849 0.650463 0.386589 0.650926 0.386589 0.655093 0.386328 0.655556 0.386328 0.659722 0.386068 0.660185 0.386068 0.663889 0.385807 0.664352 0.385807 0.667593 0.385547 0.668056 0.385547 0.672222 0.385286 0.672685 0.385286 0.676852 0.385026 0.677315 0.385026 0.680093 0.384766 0.680556 0.384766 0.684722 0.384505 0.685185 0.384505 0.691204 0.384245 0.691667 0.384245 0.694907 0.383984 0.695370 0.383984 0.698611 0.383724 0.699074 0.383724 0.702315 0.383464 0.702778 0.383464 0.706019 0.383203 0.706481 0.383203 0.710185 0.382943 0.710648 0.382943 0.714352 0.382682 0.714815 0.382682 0.718056 0.382422 0.718519 0.382422 0.722222 0.382161 0.722685 0.382161 0.726389 0.381901 0.726852 0.381901 0.729167 0.381641 0.729630 0.381641 0.733333 0.381380 0.733796 0.381380 0.737037 0.381120 0.737500 0.381120 0.740278 0.380859 0.740741 0.380859 0.743981 0.380599 0.744444 0.380599 0.749074 0.380339 0.749537 0.380339 0.754167 0.380078 0.754630 0.380078 0.760648 0.379818 0.761111 0.379818 0.763426 0.379557 0.763889 0.379557 0.766667 0.379297 0.767130 0.379297 0.769444 0.379036 0.769907 0.378776 0.773611 0.377474 0.777778 0.374740 0.782639 0.373437 0.784491 0.372396 0.785417 0.371615 0.785417 0.369010 0.787269 0.367448 0.787269 0.367188 0.787731 0.365365 0.787731 0.365104 0.788194 0.363802 0.788194 0.362240 0.789120 0.360677 0.789120 0.360417 0.789583 0.358854 0.789583 0.358594 0.790046 0.357031 0.790046 0.356771 0.790509 0.355208 0.790509 0.354948 0.790972 0.353125 0.790972 0.352865 0.791435 0.351302 0.791435 0.351042 0.791898 0.349479 0.791898 0.349219 0.792361 0.347656 0.792361 0.347396 0.792824 0.346094 0.792824 0.345833 0.793287 0.344531 0.793287 0.344271 0.793750 0.342969 0.793750 0.342708 0.794213 0.340885 0.794213 0.340625 0.794676 0.338281 0.794676 0.338021 0.795139 0.336719 0.795139 0.335156 0.796065 0.333594 0.796065 0.333333 0.796528 0.331771 0.796528 0.330208 0.797454 0.328646 0.797454 0.328385 0.797917 0.326562 0.797917 0.326302 0.798380 0.325000 0.798380 0.324740 0.798843 0.323177 0.798843 0.322917 0.799306 0.321615 0.799306 0.321354 0.799769 0.319792 0.799769 0.319531 0.800231 0.317969 0.800231 0.317708 0.800694 0.316406 0.800694 0.316146 0.801157 0.314583 0.801157 0.314323 0.801620 0.312240 0.801620 0.311979 0.802083 0.310417 0.802083 0.310156 0.802546 0.308854 0.802546 0.308594 0.803009 0.307031 0.803009 0.306771 0.803472 0.305208 0.803472 0.304948 0.803935 0.303385 0.803935 0.303125 0.804398 0.301563 0.804398 0.301302 0.804861 0.299740 0.804861 0.299479 0.805324 0.297917 0.805324 0.297656 0.805787 0.296094 0.805787 0.295833 0.806250 0.294531 0.806250 0.294271 0.806713 0.292708 0.806713 0.292448 0.807176 0.291146 0.807176 0.289583 0.808102 0.288281 0.808102 0.288021 0.808565 0.286458 0.808565 0.286198 0.809028 0.284115 0.809028 0.283854 0.809491 0.282552 0.809491 0.282292 0.809954 0.280469 0.809954 0.280208 0.810417 0.278906 0.810417 0.278646 0.810880 0.276562 0.810880 0.276302 0.811343 0.275000 0.811343 0.274740 0.811806 0.273438 0.811806 0.271875 0.812731 0.270573 0.812731 0.270313 0.813194 0.269010 0.813194 0.268750 0.813657 0.267448 0.813657 0.267188 0.814120 0.265104 0.814120 0.264844 0.814583 0.263281 0.814583 0.263021 0.815046 0.260937 0.815046 0.260677 0.815509 0.259115 0.815509 0.257812 0.816435 0.256510 0.816898 0.254948 0.816898 0.254688 0.817361 0.253385 0.817361 0.253125 0.817824 0.251823 0.817824 0.251563 0.818287 0.249219 0.818287 0.248958 0.818750 0.246875 0.818750 0.246615 0.819213 0.244531 0.819213 0.244271 0.819676 0.242969 0.819676 0.242708 0.820139 0.241406 0.820139 0.239844 0.821065 0.238281 0.821065 0.238021 0.821528 0.236719 0.821528 0.236458 0.821991 0.234635 0.821991 0.234375 0.822454 0.232552 0.822454 0.232292 0.822917 0.230990 0.822917 0.230729 0.823380 0.229427 0.823380 0.229167 0.823843
 7 0.000000 0.756713 0.001302 0.756713 0.001693 0.756019 0.002474 0.753241 0.002474 0.751852 0.002995 0.749537 0.004297 0.746296 0.005078 0.744907 0.006120 0.741204 0.006120 0.740278 0.008203 0.734259 0.009245 0.731944 0.011068 0.725000 0.012109 0.722222 0.013672 0.719444 0.014193 0.718056 0.014453 0.715741 0.016276 0.709722 0.018099 0.706019 0.018620 0.703241 0.019401 0.700463 0.021484 0.695370 0.022005 0.693056 0.023828 0.687037 0.024609 0.685648 0.025911 0.682407 0.026432 0.680093 0.027474 0.677778 0.028776 0.673611 0.029818 0.671296 0.030078 0.669907 0.031120 0.667593 0.032682 0.662963 0.033724 0.660648 0.034766 0.656944 0.035026 0.655093 0.035807 0.652778 0.037370 0.649074 0.037891 0.646759 0.039193 0.643981 0.039714 0.642130 0.040495 0.640741 0.040755 0.639352 0.041797 0.637037 0.042839 0.633796 0.043099 0.632407 0.044661 0.628704 0.046224 0.623611 0.047786 0.620370 0.047786 0.619907 0.050130 0.613426 0.050391 0.612037 0.051432 0.609259 0.052474 0.607407 0.054297 0.601852 0.054557 0.600463 0.056250 0.597454 0.057031 0.596528 0.060417 0.593750 0.062760 0.592824 0.063802 0.591898 0.064583 0.591898 0.065625 0.590972 0.068229 0.590046 0.069792 0.590046 0.070052 0.589583 0.071615 0.589583 0.071875 0.589120 0.073438 0.589120 0.073698 0.588657 0.075260 0.588657 0.075521 0.588194 0.077344 0.588194 0.077604 0.587731 0.079687 0.587731 0.081250 0.586806 0.083594 0.586343 0.085156 0.584954 0.085938 0.584954 0.087240 0.584028 0.088542 0.584028 0.088802 0.583565 0.090365 0.583565 0.090625 0.583102 0.092188 0.583102 0.092448 0.582639 0.095312 0.582639 0.095573 0.582176 0.097135 0.582176 0.097396 0.581713 0.099219 0.581713 0.099479 0.581250 0.101562 0.581250 0.101823 0.580787 0.104688 0.580787 0.104948 0.580324 0.107031 0.580324 0.110156 0.578472 0.111458 0.578472 0.111719 0.578009 0.114062 0.577546 0.116406 0.576157 0.118229 0.575694 0.118490 0.575231 0.119792 0.575231 0.120052 0.574769 0.122396 0.574769 0.122656 0.574306 0.124740 0.574306 0.125000 0.573843 0.126562 0.573843 0.126823 0.573380 0.128125 0.573380 0.128385 0.572917 0.129688 0.572917 0.132552 0.571528 0.133854 0.571528 0.134115 0.571065 0.135677 0.571065 0.135937 0.570602 0.137240 0.570602 0.137500 0.570139 0.138802 0.570139 0.139063 0.569676 0.140365 0.569676 0.141927 0.568750 0.143229 0.568750 0.143490 0.568287 0.145052 0.568287 0.145313 0.567824 0.146875 0.567824 0.147135 0.567361 0.148698 0.567361 0.148958 0.566898 0.152865 0.566898 0.154948 0.567824 0.156250 0.569213 0.158464 0.572222 0.158984 0.573611 0.158724 0.575926 0.158724 0.578704 0.158464 0.579630 0.155729 0.584491 0.155469 0.584491 0.153776 0.587500 0.152734 0.591667 0.151693 0.593981 0.151172 0.596759 0.150651 0.598148 0.150651 0.602315 0.151172 0.603704 0.151693 0.606481 0.153516 0.609722 0.154297 0.612037 0.155859 0.614815 0.157422 0.618981 0.157682 0.621759 0.156380 0.624537 0.156380 0.625000 0.154036 0.629167 0.153255 0.631944 0.152734 0.636111 0.152214 0.638889 0.150651 0.644444 0.150651 0.645370 0.149870 0.647685 0.149609 0.650463 0.149089 0.652778 0.145964 0.661574 0.145443 0.663889 0.145182 0.666204 0.143880 0.670370 0.143620 0.672685 0.142578 0.676852 0.141797 0.679167 0.141797 0.680556 0.141276 0.683333 0.140234 0.687037 0.138672 0.689815 0.138151 0.691204 0.137630 0.694444 0.137109 0.696296 0.137109 0.697685 0.136589 0.699537 0.136589 0.700926 0.135807 0.703241 0.135286 0.706019 0.135286 0.708796 0.135026 0.711111 0.135286 0.712500 0.136589 0.714815 0.137370 0.717130 0.139063 0.719676 0.140885 0.721065 0.142448 0.722917 0.143880 0.725463 0.144401 0.727778 0.145573 0.729861 0.146094 0.729861 0.148438 0.732176 0.151042 0.734028 0.152604 0.735417 0.153385 0.735417 0.155729 0.737269 0.157031 0.738657 0.159896 0.742824 0.161198 0.743750 0.163021 0.746065 0.164844 0.747454 0.166406 0.747917 0.169271 0.750231 0.172135 0.753935 0.173437 0.756250 0.175260 0.758102 0.176042 0.759491 0.177604 0.761343 0.178125 0.761343 0.179427 0.762731 0.180729 0.763657 0.182031 0.764120 0.184115 0.766435 0.185156 0.768287 0.186719 0.769213 0.188411 0.771759 0.189323 0.773843 0.190885 0.775231 0.192708 0.775694 0.194010 0.776620 0.195573 0.778472 0.196354 0.778935 0.198568 0.782870 0.199349 0.785185 0.200391 0.787037 0.200651 0.789352 0.200391 0.789815 0.200391 0.793981 0.199609 0.798611 0.198568 0.802778 0.198568 0.803704 0.197526 0.807407 0.197266 0.809722 0.195703 0.817130 0.194661 0.820370 0.194401 0.822685 0.193880 0.824537 0.193880 0.825926 0.192839 0.829630 0.192839 0.830556 0.192057 0.832870 0.191797 0.835648 0.191536 0.836111 0.190234 0.843056 0.190234 0.843981 0.188411 0.850000 0.188411 0.850926 0.186589 0.859259 0.186328 0.862500 0.186068 0.862963 0.185807 0.866204 0.185547 0.866667 0.185026 0.871759 0.184245 0.873611 0.183984 0.875463 0.183203 0.878704 0.182682 0.883796 0.182161 0.886574 0.181120 0.889815 0.180339 0.894907 0.179036 0.900000 0.177083 0.904398 0.176823 0.904398 0.174479 0.908102 0.170052 0.912269 0.169010 0.912731 0.167448 0.912731 0.167187 0.913194 0.165885 0.913194 0.164583 0.914120 0.163281 0.914120 0.163021 0.914583 0.161458 0.914583 0.161198 0.915046 0.158854 0.915046 0.158594 0.915509 0.157292 0.915509 0.157031 0.915972 0.155729 0.915972 0.155469 0.916435 0.154167 0.916435 0.153906 0.916898 0.152083 0.916898 0.151823 0.917361 0.150000 0.917361 0.149740 0.917824 0.148438 0.917824 0.146875 0.918750 0.144531 0.918750 0.144271 0.919213 0.141927 0.919213 0.141667 0.919676 0.140365 0.919676 0.138802 0.920602 0.137500 0.920602 0.137240 0.921065 0.135937 0.921065 0.135677 0.921528 0.134375 0.921528 0.134115 0.921991 0.132552 0.921991 0.132292 0.922454 0.130990 0.922454 0.130729 0.922917 0.129167 0.922917 0.128906 0.923380 0.127344 0.923380 0.127083 0.923843 0.125521 0.923843 0.125260 0.924306 0.123698 0.924306 0.123438 0.924769 0.121875 0.924769 0.121615 0.925231 0.120313 0.925231 0.120052 0.925694 0.118750 0.925694 0.118490 0.926157 0.115885 0.926157 0.115625 0.926620 0.113802 0.926620 0.113542 0.927083 0.111719 0.927083 0.111458 0.927546 0.110156 0.927546 0.109896 0.928009 0.107813 0.928009 0.107552 0.928472 0.105729 0.928472 0.105469 0.928935 0.103646 0.928935 0.103385 0.929398 0.101823 0.929398 0.101562 0.929861 0.100260 0.929861 0.100000 0.930324 0.098437 0.930324 0.098177 0.930787 0.096615 0.930787 0.096354 0.931250 0.094531 0.931250 0.094271 0.931713 0.092708 0.931713 0.092448 0.932176 0.090104 0.932176 0.089844 0.932639 0.087760 0.932639 0.087500 0.933102 0.085417 0.933102 0.085156 0.933565 0.082292 0.933565 0.082031 0.934028 0.079427 0.934028 0.079167 0.933565 0.077604 0.933565 0.077344 0.933102 0.076042 0.933102 0.075781 0.932639 0.073698 0.931713 0.072656 0.931713 0.070573 0.930324 0.069792 0.930324 0.068750 0.929398 0.067969 0.929398 0.065625 0.928009 0.064583 0.928009 0.062760 0.926620 0.059635 0.924769 0.057552 0.923843 0.054948 0.921991 0.052604 0.921065 0.050000 0.919213 0.049219 0.919213 0.047396 0.917824 0.045312 0.917361 0.042708 0.916435 0.042448 0.915972 0.040885 0.915509 0.039583 0.914120 0.039062 0.914120 0.038021 0.912731 0.037500 0.912731 0.036198 0.911343 0.034896 0.910417 0.032813 0.909491 0.031510 0.908102 0.029687 0.907176 0.028385 0.905787 0.026823 0.904861 0.024479 0.903935 0.023438 0.903009 0.022656 0.903009 0.021615 0.902083 0.020833 0.902083 0.019531 0.901157 0.017188 0.900231 0.014323 0.897917 0.011719 0.895602 0.010417 0.894676 0.008854 0.894213 0.005469 0.891898 0.004427 0.890972 0.003125 0.890509 0.001823 0.889583 0.000000 0.889583
 2 0.163672 0.999537 0.162109 0.997222 0.162109 0.994444 0.162370 0.993981 0.162370 0.991667 0.163151 0.987037 0.163672 0.985185 0.163932 0.982407 0.164714 0.980093 0.164714 0.979167 0.166016 0.974537 0.166276 0.972222 0.168099 0.966204 0.168880 0.961574 0.168880 0.960185 0.169661 0.957407 0.170182 0.953704 0.170703 0.952315 0.171484 0.947222 0.172526 0.943981 0.173307 0.940278 0.175651 0.936111 0.176432 0.933333 0.178646 0.929398 0.178906 0.929398 0.180990 0.926157 0.182552 0.925231 0.183333 0.924306 0.185938 0.922917 0.189062 0.922917 0.189323 0.922454 0.190885 0.922454 0.192448 0.921528 0.194010 0.921528 0.194271 0.921065 0.196094 0.921065 0.196354 0.920602 0.198958 0.920602 0.199219 0.920139 0.201302 0.920139 0.201563 0.919676 0.203125 0.919676 0.203385 0.919213 0.204687 0.919213 0.204948 0.918750 0.207031 0.918750 0.207292 0.918287 0.209115 0.918287 0.209375 0.917824 0.211979 0.917824 0.212240 0.917361 0.214062 0.917361 0.214323 0.916898 0.215885 0.916898 0.216146 0.916435 0.217448 0.916435 0.219010 0.915509 0.220312 0.915509 0.220573 0.915046 0.222135 0.915046 0.223698 0.914120 0.225000 0.914120 0.225260 0.913657 0.227604 0.913657 0.227865 0.913194 0.230208 0.913194 0.230469 0.912731 0.231771 0.912731 0.232031 0.912269 0.233333 0.912269 0.233594 0.911806 0.235937 0.911806 0.236198 0.911343 0.238542 0.911343 0.238802 0.910880 0.240625 0.910880 0.240885 0.910417 0.242969 0.910417 0.243229 0.909954 0.245312 0.909954 0.245573 0.909491 0.247135 0.909491 0.247396 0.909028 0.249219 0.909028 0.249479 0.908565 0.251563 0.908565 0.251823 0.908102 0.253385 0.908102 0.256250 0.906713 0.259115 0.906713 0.259375 0.906250 0.261458 0.906250 0.261719 0.905787 0.263021 0.905787 0.263281 0.905324 0.265104 0.905324 0.265365 0.904861 0.267969 0.904861 0.268229 0.904398 0.270052 0.904398 0.270313 0.903935 0.272135 0.903935 0.272396 0.903472 0.274740 0.903472 0.275000 0.903009 0.277083 0.903009 0.277344 0.902546 0.278906 0.902546 0.279167 0.902083 0.280729 0.902083 0.280990 0.901620 0.282552 0.901620 0.282813 0.901157 0.284635 0.901157 0.284896 0.900694 0.286719 0.900694 0.286979 0.900231 0.288281 0.900231 0.288542 0.899769 0.290104 0.899769 0.290365 0.899306 0.292708 0.899306 0.292969 0.898843 0.295052 0.898843 0.295312 0.898380 0.296875 0.898380 0.297135 0.897917 0.299219 0.897917 0.299479 0.897454 0.301563 0.897454 0.301823 0.896991 0.304427 0.896991 0.304688 0.896528 0.307031 0.896528 0.307292 0.896065 0.309115 0.896065 0.309375 0.895602 0.311719 0.895602 0.311979 0.895139 0.314323 0.895139 0.314583 0.894676 0.316406 0.894676 0.316667 0.894213 0.317969 0.894213 0.318229 0.893750 0.319531 0.893750 0.319792 0.893287 0.321094 0.893287 0.321354 0.892824 0.323437 0.892824 0.323698 0.892361 0.325781 0.892361 0.326042 0.891898 0.328125 0.891898 0.328385 0.891435 0.330208 0.891435 0.330469 0.890972 0.332552 0.890972 0.332813 0.890509 0.334635 0.890509 0.334896 0.890046 0.337500 0.890046 0.337760 0.889583 0.339323 0.889583 0.339583 0.889120 0.341146 0.889120 0.341406 0.888657 0.343750 0.888657 0.344010 0.888194 0.348438 0.888194 0.348698 0.888657 0.350000 0.888657 0.350781 0.889583 0.352344 0.890509 0.355469 0.894213 0.358073 0.896991 0.360938 0.900694 0.362240 0.902083 0.363542 0.903935 0.364974 0.906481 0.365755 0.909722 0.367057 0.913889 0.367318 0.916204 0.367318 0.925000 0.367057 0.925463 0.367057 0.932407 0.366797 0.932870 0.366797 0.936111 0.366536 0.936574 0.366536 0.939352 0.366276 0.939815 0.366276 0.943519 0.366016 0.943981 0.366016 0.947685 0.365755 0.948148 0.365755 0.955093 0.365495 0.955556 0.365495 0.957870 0.365234 0.958333 0.365234 0.960648 0.364974 0.961111 0.364974 0.964352 0.364714 0.964815 0.364714 0.967130 0.364453 0.967593 0.364453 0.971296 0.364193 0.971759 0.364193 0.976852 0.363932 0.977315 0.363932 0.981944 0.363411 0.983796 0.363151 0.986111 0.362630 0.987500 0.362109 0.990741 0.362109 0.995370 0.361849 0.996759 0.360677 0.998843 0.360026 0.999537
 2 0.338672 0.972222 0.340104 0.971065 0.341016 0.969444 0.341016 0.967593 0.338542 0.964120 0.337240 0.964120 0.336198 0.965509 0.334245 0.967130 0.333984 0.969907 0.334245 0.970833 0.336458 0.972454 0.338672 0.972222
 2 0.212630 0.999537 0.212500 0.998843 0.211198 0.997917 0.210417 0.997917 0.209375 0.996991 0.206771 0.996991 0.206510 0.997454 0.199479 0.997454 0.199219 0.997917 0.197656 0.997917 0.196615 0.998380 0.195964 0.999537
 2 0.320964 0.999537 0.320833 0.998843 0.319010 0.998843 0.318750 0.998380 0.310677 0.998380 0.310417 0.998843 0.304167 0.998843 0.303906 0.998380 0.291667 0.998380 0.291406 0.998843 0.290365 0.998380 0.245312 0.998380 0.245052 0.998843 0.242188 0.998843 0.241927 0.998380 0.238281 0.998380 0.238021 0.998843 0.227344 0.998843 0.227214 0.999537
 2 0.335547 0.999537 0.335417 0.998843 0.332292 0.998843 0.332031 0.998380 0.329167 0.998380 0.328906 0.998843 0.324219 0.998843 0.324089 0.999537
 8 0.000000 0.469213 0.001823 0.469213 0.002604 0.469676 0.004427 0.471991 0.005469 0.472917 0.006771 0.474769 0.008073 0.477083 0.011458 0.480787 0.012500 0.482639 0.015104 0.485417 0.017969 0.489583 0.018229 0.489583 0.020313 0.492361 0.021354 0.493287 0.023698 0.496991 0.027604 0.500694 0.028906 0.502546 0.029948 0.503472 0.031250 0.505324 0.033073 0.506713 0.034896 0.509028 0.035937 0.510880 0.039583 0.514120 0.040625 0.515509 0.042188 0.518287 0.043750 0.519676 0.045052 0.521528 0.045833 0.521991 0.050781 0.528009 0.052344 0.529398 0.056771 0.531713 0.058854 0.534491 0.060677 0.535880 0.062500 0.538194 0.064583 0.540046 0.066406 0.542361 0.067187 0.542824 0.070312 0.546991 0.071875 0.548380 0.073177 0.550231 0.073958 0.550694 0.075521 0.553472 0.077604 0.555324 0.079687 0.557639 0.085938 0.557639 0.086198 0.557176 0.089063 0.557176 0.089323 0.556713 0.092188 0.556713 0.094271 0.559028 0.094531 0.559028 0.095443 0.561111 0.096875 0.563657 0.097656 0.564120 0.099479 0.565972 0.101302 0.569676 0.103385 0.571528 0.104557 0.573611 0.103255 0.577315 0.102344 0.578935 0.101042 0.578935 0.100781 0.579398 0.099219 0.579398 0.098958 0.579861 0.096354 0.579861 0.096094 0.580324 0.094531 0.580324 0.094271 0.580787 0.090625 0.580787 0.090365 0.581250 0.087240 0.581250 0.083854 0.582639 0.083594 0.583102 0.081771 0.583565 0.080990 0.584491 0.079948 0.584954 0.079427 0.585880 0.077344 0.586343 0.077083 0.586806 0.075781 0.586806 0.075521 0.587269 0.073958 0.587269 0.073698 0.587731 0.072135 0.587731 0.071875 0.588194 0.070573 0.588194 0.070312 0.588657 0.069010 0.588657 0.068750 0.589120 0.066927 0.589120 0.066667 0.589583 0.065365 0.589583 0.065104 0.590046 0.062760 0.590972 0.061719 0.591898 0.059896 0.592824 0.058594 0.594213 0.056771 0.595602 0.054557 0.599537 0.053255 0.603241 0.050911 0.607407 0.050130 0.610185 0.048568 0.613889 0.048307 0.615278 0.047266 0.617593 0.047005 0.618981 0.044401 0.626389 0.043880 0.628704 0.041797 0.633796 0.039714 0.640278 0.037630 0.646296 0.036328 0.648611 0.035286 0.651389 0.033984 0.656481 0.032682 0.659259 0.031380 0.662500 0.030339 0.666204 0.029818 0.669444 0.027995 0.673611 0.026172 0.679630 0.025130 0.681944 0.024349 0.685185 0.023307 0.687500 0.022786 0.689352 0.021224 0.692593 0.020443 0.694907 0.020182 0.696759 0.018099 0.703241 0.016016 0.707870 0.013932 0.715278 0.012109 0.718981 0.011328 0.721296 0.009766 0.727315 0.007682 0.732870 0.006901 0.736111 0.006380 0.737500 0.006120 0.739352 0.004557 0.742593 0.003776 0.745370 0.003255 0.746296 0.002214 0.750463 0.001302 0.753009 0.000000 0.753009
 8 0.000000 0.890972 0.001823 0.890972 0.003255 0.893056 0.003255 0.894444 0.004427 0.897454 0.005339 0.898148 0.005339 0.900463 0.004557 0.901852 0.004036 0.903704 0.004036 0.905093 0.003255 0.907870 0.002995 0.910185 0.002474 0.912037 0.002474 0.913426 0.001953 0.914352 0.001302 0.916898 0.000000 0.916898
 1 0.999740 0.029861 0.998437 0.029861 0.997786 0.031944 0.997266 0.035185 0.997266 0.037500 0.995703 0.043519 0.994661 0.046296 0.994401 0.048611 0.993880 0.050000 0.993620 0.052315 0.992839 0.054630 0.991797 0.058796 0.991016 0.061111 0.991016 0.062037 0.990234 0.064352 0.990234 0.065278 0.988932 0.069907 0.988932 0.070833 0.988151 0.073611 0.987370 0.075463 0.986849 0.078704 0.985547 0.082870 0.984505 0.085185 0.983464 0.089815 0.981901 0.093981 0.981901 0.094444 0.979948 0.097917 0.978385 0.099306 0.976953 0.101852 0.976953 0.102315 0.974479 0.106713 0.973437 0.108102 0.969531 0.112269 0.969010 0.112269 0.967448 0.114120 0.964583 0.116435 0.962760 0.118287 0.960938 0.119213 0.959635 0.120602 0.958333 0.121528 0.956250 0.122454 0.955469 0.123380 0.952865 0.124306 0.951302 0.125231 0.941146 0.125231 0.940885 0.125694 0.933594 0.125694 0.933333 0.126157 0.919531 0.126157 0.919271 0.126620 0.910417 0.126620 0.910156 0.127083 0.903646 0.127083 0.903385 0.127546 0.894010 0.127546 0.893750 0.128009 0.881771 0.128009 0.881510 0.128472 0.875521 0.128472 0.875260 0.128935 0.872396 0.128935 0.872135 0.129398 0.866667 0.129398 0.866406 0.129861 0.860417 0.129861 0.860156 0.130324 0.852604 0.130324 0.852344 0.130787 0.847917 0.130787 0.847656 0.131250 0.837240 0.131250 0.836979 0.131713 0.834375 0.131713 0.834115 0.132176 0.828125 0.132176 0.827865 0.132639 0.825781 0.132639 0.825521 0.133102 0.819792 0.133102 0.819531 0.133565 0.811979 0.133565 0.811719 0.134028 0.805469 0.134028 0.805208 0.134491 0.798698 0.134491 0.798438 0.134954 0.794792 0.134954 0.794531 0.135417 0.789323 0.135417 0.789062 0.135880 0.782031 0.135880 0.781771 0.136343 0.776563 0.136343 0.776302 0.136806 0.766667 0.136806 0.766406 0.137269 0.759115 0.137269 0.758854 0.137731 0.752344 0.137731 0.752083 0.137269 0.748698 0.135880 0.745313 0.132639 0.743490 0.131250 0.742318 0.129167 0.741276 0.126389 0.738932 0.122222 0.738151 0.118981 0.737630 0.114815 0.737370 0.114352 0.737370 0.109259 0.737109 0.108796 0.737370 0.106481 0.737370 0.102778 0.737630 0.102315 0.737630 0.099074 0.737891 0.098611 0.737891 0.096296 0.738151 0.095833 0.738151 0.093519 0.738411 0.093056 0.738411 0.090278 0.738672 0.089815 0.738672 0.087037 0.738932 0.086574 0.738932 0.082870 0.738672 0.082407 0.738672 0.078704 0.738932 0.078241 0.738932 0.070833 0.739193 0.070370 0.739193 0.064815 0.739453 0.064352 0.739453 0.057407 0.739974 0.055093 0.740495 0.049537 0.741016 0.047222 0.741276 0.043981 0.741536 0.043519 0.741797 0.040278 0.742318 0.038426 0.742578 0.035185 0.743359 0.031944 0.743359 0.024074 0.743620 0.023611 0.744141 0.019907 0.745182 0.015278 0.745182 0.012963 0.745443 0.012500 0.745443 0.010185 0.745964 0.007407 0.747005 0.004167 0.747266 0.002315 0.747266 0.000000
 6 0.507292 0.924769 0.503906 0.924769 0.503646 0.924306 0.502083 0.923843 0.500391 0.920833 0.499349 0.917593 0.498568 0.915741 0.497266 0.913426 0.496484 0.911111 0.494401 0.906944 0.493359 0.904167 0.492578 0.901389 0.491276 0.899074 0.490495 0.896759 0.489453 0.894907 0.488672 0.892593 0.487630 0.890741 0.486849 0.888426 0.485547 0.885648 0.484245 0.881019 0.483984 0.879630 0.482422 0.875926 0.481380 0.872222 0.480339 0.869907 0.479818 0.868056 0.478255 0.865278 0.477734 0.863426 0.475911 0.858333 0.475391 0.856019 0.473177 0.852083 0.470313 0.849306 0.468099 0.845370 0.467318 0.842593 0.467318 0.839352 0.467057 0.838889 0.467057 0.835648 0.466797 0.835185 0.466797 0.832870 0.466536 0.832407 0.466536 0.829630 0.466276 0.829167 0.466276 0.822685 0.466016 0.822222 0.466016 0.816667 0.465755 0.816204 0.465755 0.811111 0.465495 0.810648 0.465495 0.805556 0.465234 0.805093 0.465234 0.799537 0.464974 0.799074 0.464974 0.794444 0.464714 0.793981 0.464714 0.787037 0.464453 0.786574 0.464453 0.782870 0.464193 0.782407 0.464193 0.778241 0.463932 0.777778 0.463932 0.770833 0.463672 0.770370 0.463672 0.764815 0.463411 0.764352 0.463411 0.760185 0.463151 0.759722 0.463151 0.755556 0.462891 0.755093 0.462891 0.750463 0.462630 0.750000 0.462630 0.743981 0.462370 0.743519 0.462370 0.737963 0.462109 0.737500 0.462109 0.731019 0.461849 0.730556 0.461849 0.724074 0.461589 0.723611 0.461589 0.719444 0.461328 0.718981 0.461328 0.713889 0.461068 0.713426 0.461068 0.707870 0.460807 0.707407 0.460807 0.701389 0.460547 0.700926 0.460547 0.696296 0.460286 0.695833 0.460286 0.693056 0.460026 0.692593 0.460026 0.688889 0.459766 0.688426 0.459766 0.681944 0.459505 0.681481 0.459505 0.675926 0.459245 0.675463 0.459245 0.667593 0.458984 0.667130 0.458984 0.662037 0.458724 0.661574 0.458724 0.654167 0.458464 0.653704 0.458464 0.649537 0.458203 0.649074 0.458203 0.642130 0.457943 0.641667 0.457943 0.637037 0.457682 0.636574 0.457682 0.632407 0.457422 0.631944 0.457422 0.627778 0.457161 0.627315 0.457161 0.620833 0.456901 0.620370 0.456901 0.615741 0.456641 0.615278 0.456641 0.609259 0.456380 0.608796 0.456380 0.604167 0.456120 0.603704 0.456120 0.598148 0.455859 0.597685 0.455859 0.591667 0.455599 0.591204 0.455599 0.585648 0.455339 0.585185 0.455339 0.580093 0.455078 0.579630 0.455078 0.573148 0.454818 0.572685 0.454818 0.565741 0.454557 0.565278 0.454557 0.549537 0.454818 0.549074 0.454818 0.546759 0.455339 0.543981 0.457552 0.540972 0.459375 0.539583 0.460156 0.539583 0.461198 0.538657 0.464062 0.537731 0.465365 0.536806 0.470313 0.535417 0.471615 0.534491 0.472396 0.534491 0.474479 0.533102 0.475781 0.533102 0.479948 0.531250 0.484115 0.529861 0.485417 0.528935 0.486458 0.528935 0.487760 0.528009 0.489844 0.527083 0.493750 0.525694 0.496094 0.525231 0.498958 0.523843 0.500260 0.523843 0.500521 0.523380 0.501823 0.523380 0.502083 0.522917 0.503385 0.522917 0.505990 0.521991 0.507292 0.521065 0.508073 0.521065 0.509375 0.520139 0.510417 0.520139 0.511719 0.519213 0.513542 0.518750 0.514583 0.517824 0.518490 0.516435 0.518750 0.515972 0.520052 0.515972 0.520312 0.515509 0.521615 0.515509 0.521875 0.515046 0.523177 0.515046 0.525521 0.513657 0.528646 0.512731 0.529687 0.511806 0.530990 0.511806 0.531250 0.511343 0.533073 0.511343 0.533333 0.510880 0.535417 0.510417 0.537500 0.509028 0.538802 0.509028 0.539062 0.508565 0.540365 0.508565 0.541667 0.508102 0.542969 0.507176 0.545052 0.506250 0.546875 0.505787 0.548177 0.504861 0.549479 0.504861 0.549740 0.504398 0.551562 0.504398 0.552865 0.503472 0.554167 0.503009 0.555469 0.502083 0.556510 0.502083 0.557813 0.501157 0.560417 0.500231 0.562240 0.500231 0.562500 0.499769 0.565885 0.499769 0.566146 0.500231 0.568750 0.501157 0.570052 0.502546 0.570964 0.504167 0.571745 0.507870 0.572005 0.511574 0.572266 0.512037 0.572526 0.516204 0.573047 0.518981 0.573828 0.521759 0.574349 0.522685 0.575130 0.525463 0.575391 0.527315 0.575391 0.530093 0.575651 0.532407 0.576432 0.536111 0.576432 0.537037 0.577214 0.539352 0.577734 0.542593 0.577995 0.546296 0.579036 0.550926 0.579557 0.556019 0.580078 0.557870 0.580599 0.563426 0.581641 0.566204 0.582422 0.568981 0.582943 0.571759 0.583203 0.575463 0.583724 0.577315 0.584245 0.581481 0.584505 0.581944 0.585026 0.587500 0.586068 0.592130 0.586328 0.595370 0.586849 0.597222 0.587630 0.601389 0.587891 0.605556 0.588411 0.607407 0.588672 0.610185 0.589193 0.611574 0.589453 0.613889 0.589974 0.615278 0.590495 0.619444 0.590755 0.619907 0.591276 0.624074 0.592057 0.627315 0.592057 0.628241 0.592839 0.632407 0.593099 0.632870 0.593880 0.637500 0.594661 0.643056 0.595182 0.648611 0.595443 0.649074 0.595703 0.652315 0.596224 0.654167 0.596745 0.657870 0.596745 0.659259 0.597526 0.662500 0.597786 0.664815 0.598828 0.668519 0.599349 0.672685 0.600130 0.677315 0.600651 0.679167 0.600651 0.680556 0.601432 0.685185 0.601953 0.687037 0.601953 0.688426 0.602474 0.690741 0.602734 0.693981 0.603516 0.697222 0.604297 0.703241 0.605078 0.706481 0.605078 0.707407 0.606120 0.711574 0.606120 0.712963 0.606901 0.717593 0.607422 0.719444 0.607422 0.720833 0.607943 0.722685 0.607943 0.724074 0.608724 0.727315 0.609245 0.731481 0.609766 0.733796 0.610026 0.737037 0.610807 0.740741 0.610807 0.743056 0.611068 0.745370 0.612109 0.748611 0.612630 0.750926 0.612891 0.753241 0.613672 0.756481 0.614193 0.760648 0.614714 0.762500 0.614974 0.765741 0.616016 0.770370 0.616016 0.771759 0.616536 0.773611 0.616797 0.776852 0.617839 0.781481 0.618099 0.785648 0.618359 0.786111 0.618359 0.788889 0.618620 0.789352 0.618620 0.804167 0.618880 0.804630 0.618880 0.826389 0.619141 0.826852 0.619141 0.860185 0.619401 0.860648 0.619401 0.872685 0.619141 0.873148 0.619141 0.878241 0.618880 0.878704 0.618880 0.881019 0.618359 0.884259 0.616667 0.887269 0.614844 0.888657 0.613021 0.889120 0.611719 0.890046 0.610417 0.890509 0.609115 0.890509 0.608854 0.890972 0.607292 0.890972 0.607031 0.891435 0.603385 0.891435 0.603125 0.891898 0.601823 0.891898 0.600521 0.892824 0.599219 0.893287 0.597396 0.893287 0.597135 0.893750 0.595833 0.893750 0.594531 0.894676 0.592708 0.895139 0.591406 0.896065 0.590104 0.896065 0.589844 0.896528 0.588542 0.896528 0.585938 0.897454 0.584896 0.898380 0.583333 0.898380 0.583073 0.898843 0.581250 0.898843 0.579948 0.899306 0.578646 0.900231 0.577344 0.900231 0.575781 0.901157 0.574219 0.901157 0.573958 0.901620 0.572656 0.901620 0.571094 0.902546 0.565885 0.904398 0.563542 0.904861 0.563281 0.905324 0.561719 0.905324 0.560156 0.906250 0.558854 0.906250 0.557292 0.907176 0.555990 0.907176 0.554688 0.908102 0.553646 0.908102 0.552083 0.909028 0.550521 0.909028 0.548958 0.909954 0.545312 0.910880 0.545052 0.911343 0.542448 0.912269 0.540885 0.913657 0.540104 0.913657 0.539062 0.914583 0.536719 0.915509 0.535156 0.916435 0.533594 0.916435 0.533333 0.916898 0.531771 0.916898 0.531510 0.917361 0.529687 0.917361 0.529427 0.917824 0.527604 0.917824 0.527344 0.918287 0.525521 0.918287 0.525260 0.918750 0.523958 0.918750 0.522396 0.919676 0.521094 0.919676 0.520833 0.920139 0.519010 0.920139 0.517448 0.921065 0.514323 0.921991 0.513021 0.922917 0.511719 0.922917 0.511458 0.923380 0.510156 0.923380 0.507292 0.924769
 6 0.565755 0.695370 0.565885 0.695139 0.569010 0.695139 0.569271 0.694676 0.571354 0.694213 0.573177 0.692824 0.573698 0.691898 0.575521 0.690509 0.575651 0.689815 0.576953 0.687500 0.577995 0.684722 0.579557 0.681944 0.580859 0.678704 0.581901 0.675000 0.581901 0.673611 0.582422 0.671759 0.582682 0.669444 0.582682 0.662500 0.582422 0.662037 0.582422 0.658333 0.582161 0.657870 0.582161 0.654630 0.581901 0.654167 0.581901 0.651852 0.581641 0.651389 0.581641 0.649074 0.581120 0.647222 0.581120 0.645833 0.580599 0.643981 0.580339 0.641667 0.579557 0.638889 0.578776 0.637037 0.574219 0.628935 0.573177 0.627546 0.571615 0.626157 0.571094 0.626157 0.569792 0.624769 0.569271 0.624769 0.567448 0.622917 0.566146 0.622454 0.565234 0.620833 0.565234 0.619907 0.567839 0.615278 0.569271 0.613657 0.570443 0.611111 0.571224 0.607870 0.571484 0.605556 0.571484 0.602778 0.571745 0.602315 0.571745 0.593519 0.571484 0.593056 0.571484 0.590741 0.571224 0.590278 0.571224 0.587963 0.570964 0.585648 0.569661 0.580556 0.564844 0.571991 0.563802 0.571065 0.563021 0.571065 0.561198 0.569676 0.557552 0.568287 0.554427 0.568287 0.554167 0.568750 0.552344 0.568750 0.551302 0.569213 0.549479 0.570602 0.548698 0.571991 0.546875 0.573843 0.544922 0.576852 0.542839 0.581481 0.541797 0.585185 0.541536 0.587037 0.541536 0.589815 0.541276 0.590278 0.541276 0.595370 0.541797 0.597685 0.541797 0.599537 0.542318 0.601852 0.542318 0.603704 0.542839 0.606019 0.543099 0.608796 0.544141 0.612500 0.545182 0.615278 0.548177 0.620602 0.548958 0.621528 0.550000 0.621991 0.550781 0.622917 0.552604 0.626157 0.554036 0.627315 0.554036 0.628704 0.553385 0.629398 0.551953 0.631944 0.551432 0.633796 0.550000 0.636343 0.549089 0.637500 0.548307 0.639815 0.547266 0.644907 0.547266 0.646296 0.546745 0.648148 0.546745 0.654167 0.547005 0.654630 0.547005 0.659722 0.547266 0.660185 0.547266 0.662963 0.547526 0.663426 0.547526 0.668981 0.549349 0.675000 0.549349 0.675926 0.550130 0.678704 0.551693 0.682407 0.554688 0.687731 0.554948 0.687731 0.556510 0.690046 0.558854 0.691898 0.560156 0.693287 0.562240 0.694213 0.563281 0.695139 0.564583 0.695602 0.565755 0.695370
 6 0.483724 0.647222 0.485938 0.646528 0.487760 0.645139 0.488281 0.645139 0.489844 0.643750 0.490365 0.642824 0.491406 0.642361 0.495052 0.638194 0.496745 0.635185 0.497786 0.630093 0.498047 0.629630 0.499089 0.623611 0.499089 0.613889 0.498568 0.610648 0.498047 0.609259 0.497786 0.606944 0.495964 0.599537 0.494661 0.596296 0.494141 0.594444 0.489583 0.586343 0.487760 0.584491 0.485938 0.584028 0.484896 0.583102 0.483594 0.582639 0.480208 0.582639 0.479948 0.583102 0.478646 0.583102 0.478385 0.583565 0.477083 0.583565 0.476823 0.584028 0.474479 0.584954 0.472917 0.585880 0.471094 0.587731 0.468620 0.593056 0.467839 0.595370 0.467057 0.596759 0.466016 0.600000 0.465495 0.602315 0.465234 0.604630 0.464714 0.606019 0.464453 0.607870 0.464453 0.615741 0.464974 0.618056 0.465234 0.621759 0.466016 0.624537 0.466016 0.625463 0.466797 0.627778 0.467318 0.630093 0.468099 0.632407 0.468099 0.633333 0.468880 0.636111 0.469922 0.638889 0.471354 0.641435 0.472396 0.642361 0.473698 0.644213 0.475260 0.645602 0.477865 0.646991 0.479427 0.646991 0.479687 0.647454 0.483594 0.647454 0.483724 0.647222
 6 0.529036 0.709259 0.530729 0.709028 0.530990 0.708565 0.533073 0.708102 0.535156 0.706250 0.538281 0.702546 0.539583 0.700694 0.541016 0.698148 0.541797 0.696296 0.542057 0.694907 0.543099 0.692593 0.543880 0.689352 0.544141 0.687500 0.544141 0.685185 0.544401 0.684722 0.544401 0.681944 0.544661 0.681481 0.544661 0.675000 0.544141 0.672685 0.544141 0.670833 0.543359 0.667593 0.542578 0.665278 0.542057 0.662963 0.541276 0.657870 0.540495 0.655556 0.539974 0.653241 0.539193 0.651389 0.535156 0.644213 0.531510 0.640972 0.530990 0.640046 0.528906 0.638194 0.525521 0.638194 0.525260 0.638657 0.523177 0.638657 0.522917 0.639120 0.521615 0.639120 0.521354 0.639583 0.519010 0.640509 0.517969 0.641435 0.513151 0.650000 0.512370 0.652315 0.510807 0.655556 0.510286 0.657870 0.509505 0.660185 0.508984 0.662500 0.508984 0.663889 0.508203 0.668056 0.508203 0.674074 0.508464 0.674537 0.508464 0.677315 0.509245 0.682407 0.510547 0.687500 0.510807 0.690278 0.511589 0.693056 0.512109 0.693981 0.512891 0.696759 0.513672 0.698611 0.515625 0.702083 0.516927 0.703935 0.517969 0.704861 0.519271 0.706713 0.521615 0.708565 0.522917 0.709028 0.524219 0.709028 0.524479 0.709491 0.528906 0.709491 0.529036 0.709259
 6 0.498047 0.809259 0.499219 0.808565 0.500000 0.808565 0.501823 0.807176 0.503385 0.804861 0.505208 0.803472 0.506901 0.800463 0.507682 0.797685 0.509245 0.793519 0.510286 0.787963 0.510807 0.786574 0.511068 0.784259 0.511589 0.782407 0.511589 0.780093 0.511849 0.779630 0.511849 0.775926 0.512109 0.775463 0.512109 0.768056 0.511849 0.767593 0.510807 0.759722 0.510286 0.757407 0.509505 0.755093 0.509505 0.754167 0.508464 0.751389 0.506380 0.744907 0.505599 0.743519 0.505078 0.741667 0.503385 0.738194 0.503125 0.738194 0.501823 0.735880 0.498958 0.732639 0.496875 0.728935 0.494531 0.726620 0.493750 0.726620 0.495312 0.724306 0.496615 0.723843 0.497917 0.722454 0.498828 0.720370 0.501693 0.715278 0.501693 0.714815 0.503776 0.710185 0.504036 0.708333 0.505078 0.704167 0.505339 0.700000 0.505599 0.699537 0.505599 0.695833 0.504818 0.691667 0.504297 0.689815 0.504297 0.688426 0.503516 0.683333 0.501953 0.678241 0.501953 0.677315 0.500391 0.671759 0.498958 0.669213 0.497396 0.667824 0.496875 0.667824 0.495573 0.666435 0.494271 0.665972 0.492969 0.665046 0.491667 0.665046 0.491406 0.664583 0.485677 0.664583 0.483854 0.665972 0.482031 0.666898 0.481510 0.667824 0.480208 0.668750 0.478646 0.670602 0.475911 0.675463 0.475391 0.677315 0.473828 0.681019 0.473047 0.684259 0.472786 0.686111 0.472786 0.688426 0.472526 0.688889 0.472526 0.694444 0.472266 0.694907 0.472526 0.699074 0.473307 0.701852 0.473828 0.705556 0.474870 0.708796 0.475130 0.710648 0.475911 0.712963 0.476953 0.715278 0.479948 0.720602 0.481510 0.722454 0.483594 0.724306 0.484635 0.724769 0.485547 0.726389 0.484766 0.731481 0.483333 0.734028 0.482552 0.734491 0.480990 0.736806 0.479948 0.737731 0.478646 0.739583 0.476953 0.742593 0.476953 0.743056 0.475651 0.745370 0.475130 0.746759 0.474349 0.750000 0.473828 0.751389 0.473047 0.755556 0.473047 0.756944 0.472526 0.759259 0.472526 0.762963 0.472266 0.763426 0.472266 0.768519 0.472526 0.768981 0.472526 0.771296 0.472786 0.773611 0.473307 0.775463 0.473568 0.777778 0.474349 0.780093 0.475130 0.783333 0.477214 0.789815 0.478516 0.794907 0.479297 0.796759 0.480729 0.799306 0.482812 0.801620 0.483594 0.803009 0.486458 0.805324 0.488021 0.806250 0.489583 0.807639 0.490625 0.807639 0.492969 0.809028 0.494271 0.809028 0.494531 0.809491 0.497917 0.809491 0.498047 0.809259
 6 0.538411 0.794907 0.539844 0.794676 0.540104 0.794213 0.542448 0.793287 0.543750 0.791898 0.545052 0.790972 0.547656 0.787731 0.549609 0.784259 0.550651 0.781944 0.552734 0.775000 0.553516 0.769907 0.553516 0.762963 0.553255 0.762500 0.553255 0.759259 0.552734 0.756944 0.552734 0.755556 0.551953 0.752315 0.551172 0.747222 0.549609 0.741204 0.548568 0.737963 0.546615 0.734491 0.545312 0.732639 0.543750 0.731250 0.543229 0.730324 0.540365 0.728009 0.537760 0.727083 0.535417 0.727083 0.535156 0.726620 0.532552 0.726620 0.531510 0.727546 0.529427 0.728472 0.528646 0.729398 0.526302 0.731250 0.524740 0.733102 0.521484 0.738889 0.520443 0.742130 0.520443 0.743056 0.519401 0.746296 0.519141 0.749074 0.518359 0.752778 0.518359 0.762500 0.518620 0.762963 0.518880 0.767130 0.519401 0.769907 0.520182 0.772222 0.520703 0.775463 0.521484 0.777778 0.521484 0.778704 0.522266 0.781481 0.523047 0.783333 0.525000 0.786806 0.525260 0.786806 0.527604 0.790972 0.529687 0.793287 0.531771 0.794213 0.532552 0.795139 0.538281 0.795139 0.538411 0.794907
