 1 0.904036 0.000000 0.904167 0.002546 0.905729 0.002546 0.907031 0.003009 0.908854 0.004861 0.910156 0.004861 0.910417 0.005324 0.915104 0.005324 0.915365 0.004861 0.916536 0.006944 0.917318 0.009722 0.917318 0.013426 0.917578 0.013889 0.917578 0.016204 0.917318 0.018056 0.916276 0.021296 0.915495 0.022685 0.915495 0.025000 0.916927 0.027546 0.917188 0.027546 0.918620 0.030093 0.919141 0.031481 0.919401 0.033333 0.919401 0.038889 0.919010 0.039120 0.917839 0.042593 0.917578 0.044444 0.917578 0.046759 0.917057 0.049537 0.917057 0.051389 0.916276 0.055556 0.916276 0.057870 0.915234 0.062963 0.913672 0.066667 0.912891 0.070370 0.912630 0.074537 0.912109 0.076852 0.912109 0.078704 0.910807 0.084259 0.910807 0.085648 0.909766 0.089352 0.908984 0.093981 0.908724 0.096296 0.908724 0.098611 0.908464 0.099074 0.907682 0.102778 0.906120 0.105093 0.905339 0.107870 0.904818 0.110648 0.904818 0.113426 0.904297 0.116204 0.904297 0.118981 0.904036 0.121296 0.903516 0.123611 0.902734 0.125000 0.902214 0.126852 0.901953 0.129167 0.901432 0.130556 0.901432 0.131944 0.900911 0.135185 0.900130 0.137037 0.898568 0.139815 0.897266 0.144907 0.897266 0.146296 0.896745 0.149074 0.895573 0.151157 0.895312 0.151157 0.894141 0.153241 0.893620 0.155093 0.892448 0.157176 0.890365 0.158565 0.889193 0.160648 0.889193 0.161111 0.888021 0.163194 0.886198 0.164120 0.884115 0.165972 0.881250 0.171065 0.877865 0.173843 0.877344 0.174769 0.875260 0.176157 0.873958 0.176157 0.866927 0.180324 0.865625 0.181713 0.863281 0.183102 0.861979 0.183565 0.854948 0.183565 0.854688 0.184028 0.852083 0.184028 0.851823 0.184491 0.849479 0.184491 0.849219 0.184954 0.846354 0.184954 0.846094 0.185417 0.835938 0.185417 0.835677 0.185880 0.831250 0.185880 0.830990 0.186343 0.822656 0.186343 0.822396 0.186806 0.819010 0.186806 0.818750 0.187269 0.815104 0.187269 0.814844 0.187731 0.811719 0.187731 0.811458 0.187269 0.809635 0.187269 0.809375 0.187731 0.805208 0.187731 0.804948 0.188194 0.803125 0.188194 0.802865 0.188657 0.800521 0.188657 0.800260 0.189120 0.791927 0.189120 0.791667 0.189583 0.790365 0.189583 0.790104 0.190046 0.787760 0.190046 0.787500 0.190509 0.783333 0.190509 0.783073 0.190972 0.775781 0.190972 0.775521 0.191435 0.773958 0.191435 0.773698 0.191898 0.766927 0.191898 0.766667 0.192361 0.765365 0.192361 0.765104 0.192824 0.757812 0.192824 0.757552 0.193287 0.751302 0.193287 0.750000 0.194213 0.749219 0.194213 0.747917 0.195139 0.742448 0.195139 0.742188 0.195602 0.740625 0.195602 0.740365 0.196065 0.739062 0.195602 0.734375 0.195602 0.734115 0.196065 0.727865 0.196065 0.727604 0.196528 0.725781 0.196528 0.725521 0.196991 0.719531 0.196991 0.719271 0.197454 0.716146 0.197454 0.715885 0.197917 0.713021 0.197917 0.712760 0.198380 0.710417 0.198380 0.710156 0.198843 0.706250 0.198843 0.705990 0.199306 0.695312 0.199306 0.695052 0.198843 0.692708 0.198843 0.691406 0.197917 0.690365 0.197917 0.689063 0.196991 0.688281 0.195602 0.686458 0.193750 0.685937 0.193750 0.684635 0.192361 0.683203 0.189815 0.682682 0.187963 0.680859 0.184722 0.680339 0.182407 0.679297 0.176389 0.679297 0.172685 0.679036 0.172222 0.679036 0.169444 0.679297 0.168981 0.680078 0.164352 0.680078 0.157870 0.680339 0.157407 0.680339 0.148611 0.680599 0.148148 0.680599 0.140278 0.680859 0.139815 0.680859 0.128704 0.681120 0.128241 0.681120 0.124537 0.681380 0.124074 0.681380 0.121296 0.681641 0.120833 0.681641 0.114815 0.681901 0.114352 0.681901 0.112037 0.682161 0.111574 0.682161 0.109259 0.682422 0.108796 0.682422 0.105556 0.682682 0.105093 0.682682 0.100463 0.682943 0.100000 0.682943 0.093056 0.683203 0.092593 0.683203 0.087500 0.683464 0.087037 0.683464 0.080556 0.683724 0.080093 0.683724 0.075463 0.683984 0.075000 0.683984 0.069444 0.684245 0.068981 0.684245 0.061574 0.684505 0.061111 0.684505 0.056481 0.684766 0.056019 0.684766 0.052778 0.685026 0.052315 0.685026 0.048611 0.685286 0.048148 0.685286 0.044444 0.685807 0.039815 0.686328 0.037500 0.686328 0.031944 0.687109 0.028241 0.687370 0.024537 0.687630 0.024074 0.687630 0.021296 0.687891 0.020833 0.687891 0.016667 0.688151 0.016204 0.688151 0.010648 0.688672 0.007407 0.689844 0.004861 0.691146 0.004861 0.692448 0.004398 0.693490 0.003472 0.694792 0.003009 0.695443 0.002315 0.695443 0.000000
 1 0.832422 0.000000 0.832552 0.002546 0.844010 0.002546 0.844141 0.000000
 1 0.846484 0.000000 0.846484 0.002315 0.847917 0.003009 0.861979 0.003009 0.863281 0.003935 0.864583 0.004398 0.866146 0.004398 0.866406 0.003935 0.873437 0.003935 0.875130 0.002315 0.875130 0.000000
 1 0.880078 0.000000 0.880208 0.002546 0.881510 0.002546 0.881641 0.000000
 1 0.887109 0.000000 0.887240 0.002546 0.889323 0.002546 0.889453 0.000000
 1 0.923177 0.022917 0.922786 0.022222 0.922005 0.019444 0.922005 0.015741 0.923047 0.012500 0.923828 0.013889 0.924349 0.016204 0.924349 0.018056 0.923568 0.020370 0.923177 0.022917
 1 0.177604 0.341435 0.172656 0.341435 0.170313 0.340046 0.168229 0.336343 0.167187 0.334954 0.165625 0.333565 0.164323 0.331250 0.164062 0.331250 0.162630 0.328704 0.161719 0.326620 0.160417 0.325694 0.159115 0.325231 0.156771 0.325231 0.156510 0.324769 0.147656 0.324769 0.146354 0.325231 0.145052 0.324306 0.142969 0.323380 0.141146 0.323380 0.139063 0.322454 0.137760 0.321065 0.135286 0.316667 0.135286 0.316204 0.134115 0.314583 0.132161 0.311111 0.131901 0.309722 0.129036 0.304630 0.128255 0.300926 0.126823 0.298380 0.126562 0.298380 0.124349 0.294444 0.123568 0.291667 0.123047 0.290741 0.122266 0.287037 0.121745 0.286111 0.120703 0.281944 0.119531 0.279861 0.118229 0.278472 0.116797 0.275463 0.116016 0.272685 0.115495 0.268981 0.114714 0.266204 0.113151 0.263426 0.111328 0.258333 0.110547 0.255093 0.110026 0.253704 0.109766 0.251389 0.108724 0.247685 0.107422 0.244444 0.106380 0.240278 0.105859 0.239352 0.105078 0.236574 0.104297 0.235185 0.103516 0.232870 0.102734 0.231481 0.101953 0.228241 0.101172 0.225926 0.100391 0.222222 0.098047 0.214815 0.097266 0.211574 0.096745 0.210185 0.094922 0.206481 0.094141 0.203704 0.093620 0.200000 0.092839 0.196296 0.089974 0.191204 0.087370 0.182407 0.086849 0.181481 0.086328 0.179167 0.085547 0.177315 0.085026 0.174074 0.084766 0.170370 0.083984 0.168056 0.081641 0.163889 0.080859 0.160648 0.080339 0.159259 0.079818 0.155093 0.079297 0.152778 0.079297 0.149537 0.079036 0.149074 0.079036 0.143981 0.079297 0.143519 0.079297 0.140741 0.079818 0.139352 0.080599 0.135648 0.081901 0.132870 0.081901 0.132407 0.087240 0.122917 0.087500 0.122917 0.088932 0.120370 0.088932 0.119907 0.090365 0.117361 0.090625 0.117361 0.091927 0.115046 0.094271 0.112269 0.095312 0.110417 0.096615 0.109028 0.098177 0.106250 0.100260 0.103935 0.102865 0.099306 0.105990 0.096528 0.107813 0.094676 0.108594 0.093287 0.109635 0.092361 0.110937 0.090509 0.112760 0.089120 0.114062 0.087269 0.116406 0.085417 0.116927 0.084491 0.120052 0.082176 0.122135 0.080324 0.123958 0.078009 0.125781 0.075231 0.129688 0.071528 0.130990 0.071065 0.133594 0.069213 0.134375 0.068287 0.135156 0.068287 0.136979 0.067361 0.137760 0.066435 0.140365 0.064583 0.142969 0.061806 0.144531 0.061343 0.147656 0.059028 0.148958 0.057639 0.151042 0.056713 0.153125 0.056713 0.153385 0.056250 0.155208 0.056250 0.158073 0.054861 0.158333 0.054398 0.160156 0.054398 0.160417 0.053935 0.161979 0.053935 0.163542 0.053009 0.164323 0.052083 0.165625 0.051620 0.166667 0.050694 0.167969 0.050694 0.169531 0.049769 0.170833 0.049769 0.171094 0.049306 0.172656 0.049306 0.172917 0.048843 0.174740 0.048843 0.175000 0.048380 0.177083 0.048380 0.177344 0.047917 0.179427 0.047917 0.179688 0.047454 0.180990 0.047454 0.181250 0.046991 0.182812 0.046991 0.183073 0.046528 0.184635 0.046528 0.184896 0.046065 0.186979 0.046065 0.187240 0.045602 0.189583 0.045602 0.189844 0.045139 0.191406 0.045139 0.191667 0.044676 0.196615 0.044676 0.196875 0.044213 0.199219 0.044213 0.199479 0.043750 0.219792 0.043750 0.220052 0.044213 0.222656 0.044213 0.222917 0.043750 0.224479 0.043750 0.224740 0.044213 0.226302 0.044213 0.226562 0.044676 0.228125 0.044676 0.228385 0.045139 0.232292 0.045139 0.233333 0.045602 0.234115 0.046528 0.236198 0.047454 0.236979 0.048380 0.239844 0.050694 0.240625 0.051620 0.242188 0.054398 0.244010 0.056713 0.244792 0.057176 0.248047 0.062963 0.248828 0.065278 0.249089 0.067593 0.249609 0.069907 0.251432 0.076852 0.252604 0.078935 0.254948 0.080787 0.256120 0.082870 0.256901 0.087037 0.257682 0.088889 0.257943 0.090278 0.259245 0.094444 0.261068 0.097685 0.263411 0.103704 0.264193 0.106019 0.264714 0.109722 0.265755 0.112963 0.268099 0.117130 0.269141 0.119444 0.270443 0.123148 0.272526 0.127315 0.273307 0.129630 0.275391 0.133333 0.275391 0.133796 0.276693 0.136111 0.277474 0.138426 0.277995 0.140741 0.278255 0.143056 0.279818 0.147685 0.279818 0.148611 0.280599 0.152778 0.280859 0.153241 0.282682 0.160185 0.283724 0.162500 0.283984 0.163889 0.285026 0.166204 0.286328 0.171296 0.288151 0.176852 0.288672 0.179630 0.289974 0.183796 0.290495 0.187037 0.291276 0.189352 0.291276 0.190278 0.292318 0.193519 0.292839 0.195833 0.293620 0.198148 0.294661 0.200463 0.295703 0.204167 0.295964 0.206481 0.297005 0.211111 0.297526 0.214815 0.297526 0.216204 0.298307 0.220370 0.298568 0.224537 0.299089 0.226852 0.299609 0.231019 0.300130 0.233333 0.300391 0.235648 0.300391 0.237963 0.300651 0.238426 0.300651 0.243519 0.300911 0.243981 0.300651 0.247222 0.298047 0.253704 0.297266 0.256944 0.296745 0.257870 0.295964 0.260648 0.294792 0.262731 0.293229 0.264120 0.292708 0.265046 0.291146 0.266435 0.287500 0.272917 0.286458 0.274306 0.285156 0.275231 0.284635 0.276157 0.282813 0.277546 0.280208 0.281250 0.278646 0.283102 0.277344 0.284028 0.276042 0.284491 0.271094 0.289120 0.269271 0.290046 0.268490 0.290046 0.266667 0.290972 0.262760 0.294676 0.259115 0.296528 0.257031 0.298380 0.254167 0.299769 0.253385 0.300694 0.250521 0.302083 0.248958 0.303472 0.248177 0.303472 0.246875 0.304398 0.244531 0.304861 0.242188 0.306250 0.239844 0.308565 0.239063 0.308565 0.238021 0.309491 0.237240 0.309491 0.235417 0.310880 0.234896 0.310880 0.232552 0.313194 0.230729 0.314120 0.229948 0.315046 0.226042 0.316898 0.225000 0.317824 0.221875 0.319213 0.221094 0.319213 0.218490 0.321528 0.215885 0.324306 0.213542 0.325231 0.210677 0.327083 0.208594 0.328935 0.205469 0.329861 0.204427 0.330787 0.203646 0.330787 0.200000 0.333565 0.197656 0.334028 0.195312 0.335417 0.191146 0.337269 0.190885 0.337731 0.187760 0.338657 0.187500 0.339120 0.184115 0.340509 0.182812 0.340509 0.182552 0.340972 0.177865 0.340972 0.177604 0.341435
 4 0.521094 0.525694 0.520052 0.525231 0.516927 0.525231 0.515625 0.524306 0.513802 0.523843 0.511198 0.521065 0.509245 0.517593 0.508464 0.515741 0.507422 0.512037 0.507161 0.509259 0.506901 0.508796 0.506120 0.503241 0.506120 0.501389 0.505599 0.498611 0.505599 0.496296 0.505339 0.495833 0.505599 0.493981 0.505599 0.489352 0.506901 0.485648 0.509245 0.481481 0.509245 0.481019 0.513021 0.474306 0.514844 0.472917 0.515625 0.471991 0.517969 0.470602 0.519271 0.470139 0.520573 0.470139 0.520833 0.469676 0.522917 0.469676 0.523177 0.469213 0.526302 0.469213 0.526563 0.469676 0.527865 0.469676 0.529167 0.470139 0.530729 0.471528 0.531250 0.471528 0.533333 0.473843 0.535547 0.477315 0.536068 0.479167 0.537370 0.482407 0.537630 0.484259 0.537630 0.490278 0.537891 0.490741 0.537891 0.493981 0.538151 0.494444 0.538151 0.500000 0.538411 0.500463 0.538411 0.502778 0.538151 0.505093 0.537370 0.509259 0.536589 0.512037 0.533594 0.517361 0.530729 0.521065 0.528385 0.522454 0.526302 0.523380 0.525260 0.524306 0.522917 0.524769 0.522656 0.525231 0.521354 0.525231 0.521094 0.525694
 4 0.477865 0.625231 0.473177 0.625231 0.472917 0.624769 0.471615 0.624769 0.471354 0.624306 0.469531 0.623843 0.468229 0.622917 0.465885 0.620602 0.463672 0.616667 0.462891 0.614815 0.461068 0.608333 0.460026 0.603241 0.459245 0.600463 0.459245 0.599074 0.458724 0.596759 0.458464 0.594444 0.458464 0.591667 0.458724 0.591204 0.458724 0.587500 0.458984 0.587037 0.459245 0.584259 0.460026 0.582407 0.460547 0.580093 0.461328 0.577778 0.463542 0.573843 0.465104 0.571991 0.465885 0.571528 0.467187 0.569676 0.469010 0.568287 0.470313 0.566898 0.474479 0.564583 0.475781 0.564120 0.477083 0.564120 0.477344 0.563657 0.480208 0.563657 0.480469 0.564120 0.482812 0.564120 0.483073 0.564583 0.484896 0.565046 0.487760 0.567361 0.488802 0.568750 0.491797 0.575463 0.492839 0.579167 0.493359 0.584259 0.493620 0.584722 0.493880 0.587963 0.494401 0.589815 0.494661 0.593519 0.494922 0.593981 0.494922 0.600926 0.494401 0.602778 0.493359 0.607870 0.492057 0.611111 0.488802 0.616898 0.487760 0.618287 0.485156 0.620602 0.484375 0.621065 0.482552 0.622917 0.481250 0.623380 0.480208 0.624306 0.478125 0.624769 0.477865 0.625231
 4 0.792448 0.435417 0.787240 0.435417 0.786979 0.434954 0.785417 0.434954 0.784115 0.434491 0.780990 0.432639 0.780208 0.432639 0.778646 0.431250 0.778125 0.431250 0.776563 0.429398 0.775000 0.428009 0.773047 0.424537 0.772266 0.422222 0.771484 0.418056 0.771484 0.415741 0.771224 0.415278 0.771224 0.399537 0.771484 0.397685 0.772526 0.394444 0.775260 0.389583 0.775521 0.389583 0.778125 0.386343 0.779687 0.384954 0.780469 0.384954 0.781510 0.384028 0.782813 0.384028 0.784375 0.383102 0.785677 0.383102 0.785937 0.382639 0.787760 0.382639 0.788021 0.382176 0.792969 0.382176 0.793229 0.382639 0.795573 0.382639 0.795833 0.383102 0.797135 0.383102 0.797396 0.383565 0.799479 0.384028 0.801302 0.385417 0.802083 0.385417 0.804427 0.387269 0.805208 0.388194 0.807422 0.392130 0.808984 0.398148 0.808984 0.400463 0.807943 0.404630 0.806901 0.406944 0.806641 0.408333 0.805599 0.411574 0.805339 0.412963 0.804818 0.418519 0.804297 0.421296 0.802734 0.426389 0.800260 0.430787 0.798438 0.432639 0.796354 0.433565 0.794271 0.434954 0.792708 0.434954 0.792448 0.435417
 4 0.706510 0.556713 0.700781 0.556713 0.699479 0.556250 0.695833 0.554398 0.692448 0.551620 0.691927 0.550694 0.690365 0.549306 0.688151 0.545370 0.686328 0.540741 0.685547 0.537500 0.685547 0.535185 0.685286 0.534722 0.685286 0.532407 0.685026 0.531944 0.685026 0.529630 0.685286 0.529167 0.685286 0.525463 0.685547 0.525000 0.685547 0.522685 0.685807 0.522222 0.685807 0.519907 0.686068 0.519444 0.686068 0.517130 0.686328 0.516667 0.686328 0.513889 0.686849 0.511111 0.691146 0.503472 0.692708 0.502083 0.693229 0.501157 0.694792 0.499769 0.697656 0.498380 0.699479 0.498380 0.699740 0.497917 0.701823 0.497917 0.702083 0.497454 0.704167 0.497454 0.704427 0.496991 0.708073 0.496991 0.708333 0.497454 0.709635 0.497454 0.710417 0.498380 0.713021 0.500231 0.714583 0.502083 0.716536 0.505556 0.718359 0.511574 0.719922 0.515741 0.720182 0.517130 0.720182 0.519444 0.720443 0.519907 0.720443 0.525000 0.719922 0.528704 0.719661 0.529167 0.719401 0.532407 0.718880 0.534259 0.718880 0.536111 0.718359 0.538426 0.717839 0.543981 0.716797 0.547222 0.714063 0.552083 0.713281 0.553009 0.711198 0.554398 0.710417 0.555324 0.709635 0.555324 0.708333 0.556250 0.706771 0.556250 0.706510 0.556713
 4 0.830729 0.514583 0.826302 0.514583 0.826042 0.514120 0.824740 0.514120 0.824479 0.513657 0.822135 0.513194 0.820052 0.511806 0.817187 0.510417 0.815885 0.509491 0.811458 0.504861 0.809375 0.502546 0.807422 0.499074 0.807422 0.498611 0.806120 0.494907 0.805339 0.490278 0.805339 0.487500 0.805599 0.487037 0.805599 0.483333 0.805859 0.481944 0.807422 0.476852 0.807682 0.475463 0.807943 0.471759 0.808984 0.467593 0.809505 0.466667 0.810286 0.463889 0.811979 0.460880 0.816406 0.456713 0.817969 0.455787 0.819531 0.455787 0.819792 0.455324 0.823958 0.455324 0.824219 0.455787 0.826823 0.455787 0.827083 0.456250 0.828385 0.456250 0.828646 0.456713 0.830729 0.457176 0.831510 0.458102 0.833333 0.459028 0.834635 0.460417 0.838281 0.463194 0.839844 0.465046 0.841146 0.467361 0.842448 0.468750 0.843620 0.470833 0.844922 0.475000 0.845703 0.479167 0.846484 0.481944 0.845182 0.488426 0.842839 0.496296 0.841797 0.499074 0.841797 0.500000 0.840234 0.505093 0.839193 0.507407 0.838021 0.509491 0.836979 0.510880 0.833594 0.513657 0.832292 0.514120 0.830990 0.514120 0.830729 0.514583
 3 0.572656 0.559954 0.572396 0.559491 0.571094 0.559491 0.569271 0.558102 0.568490 0.558102 0.567448 0.557176 0.566146 0.556713 0.564844 0.556713 0.564583 0.556250 0.559896 0.556250 0.558594 0.557176 0.557552 0.557176 0.555208 0.558565 0.554427 0.558565 0.553385 0.559491 0.551823 0.559491 0.550521 0.558102 0.549089 0.555556 0.548047 0.550926 0.547786 0.548611 0.547005 0.544907 0.547005 0.538426 0.547266 0.536574 0.548828 0.531481 0.551562 0.526620 0.552604 0.525231 0.554427 0.523380 0.557031 0.521528 0.558854 0.521065 0.560677 0.519676 0.562500 0.519213 0.562760 0.518750 0.564063 0.518750 0.564323 0.518287 0.567187 0.518287 0.567448 0.518750 0.569531 0.518750 0.572656 0.520139 0.575000 0.522454 0.577474 0.526852 0.578776 0.531019 0.579036 0.532870 0.579036 0.535185 0.579297 0.535648 0.579297 0.544907 0.579036 0.547222 0.577995 0.552778 0.577474 0.553704 0.576953 0.556019 0.575521 0.558565 0.572656 0.559954
 4 0.560937 0.618287 0.559896 0.617824 0.558594 0.617824 0.558333 0.617361 0.556250 0.616898 0.552865 0.614120 0.551042 0.611806 0.548307 0.606944 0.546745 0.601852 0.546224 0.599074 0.546224 0.597222 0.545443 0.591667 0.544922 0.588889 0.544922 0.586574 0.544661 0.586111 0.544661 0.577315 0.545182 0.573148 0.546224 0.569907 0.547005 0.568056 0.550260 0.562269 0.550521 0.562269 0.554688 0.558102 0.555990 0.557176 0.558854 0.556250 0.559115 0.555787 0.560417 0.555787 0.560677 0.555324 0.562760 0.555324 0.563021 0.555787 0.565625 0.555787 0.565885 0.556250 0.567187 0.556250 0.567448 0.556713 0.569792 0.557639 0.571875 0.559491 0.573438 0.559954 0.575521 0.561343 0.576302 0.562269 0.576693 0.563426 0.578516 0.566667 0.579557 0.569444 0.580339 0.574074 0.580339 0.575926 0.580859 0.578704 0.580859 0.581019 0.581120 0.581481 0.581120 0.584259 0.581380 0.584722 0.581380 0.592593 0.581120 0.594907 0.580339 0.599074 0.579557 0.601852 0.578255 0.605093 0.576302 0.608565 0.574219 0.610880 0.573698 0.611806 0.571615 0.613657 0.571094 0.613657 0.569792 0.615046 0.567448 0.616435 0.566406 0.616435 0.564844 0.617361 0.563281 0.617361 0.563021 0.617824 0.561198 0.617824 0.560937 0.618287
 3 0.483594 0.533565 0.479427 0.533565 0.479167 0.533102 0.477865 0.533102 0.477083 0.532176 0.476042 0.531713 0.474740 0.530324 0.473047 0.527315 0.473047 0.526852 0.471745 0.523611 0.471745 0.522685 0.470703 0.518981 0.470443 0.516667 0.469661 0.512963 0.469661 0.507870 0.470443 0.503704 0.471484 0.500463 0.473307 0.497222 0.473307 0.496759 0.475521 0.492824 0.475781 0.492824 0.478125 0.490509 0.482031 0.489120 0.483594 0.488194 0.484896 0.488194 0.485156 0.487731 0.487760 0.487731 0.488021 0.487269 0.490365 0.487269 0.494531 0.489120 0.495312 0.490046 0.496745 0.492593 0.497526 0.494444 0.498307 0.497685 0.498307 0.500000 0.498568 0.500463 0.498568 0.506019 0.498828 0.506481 0.498828 0.511111 0.498568 0.511574 0.498568 0.514352 0.497786 0.519444 0.497005 0.522222 0.495312 0.525231 0.493229 0.527546 0.492708 0.528472 0.490625 0.530324 0.490104 0.530324 0.486458 0.532639 0.485156 0.533102 0.483854 0.533102 0.483594 0.533565
 3 0.445573 0.538194 0.442708 0.538194 0.442448 0.537731 0.441146 0.537731 0.439844 0.537269 0.438281 0.535880 0.437240 0.534491 0.435807 0.531944 0.434505 0.526852 0.433984 0.525926 0.432161 0.519907 0.431641 0.517593 0.431641 0.514352 0.431901 0.513889 0.431901 0.510648 0.433203 0.505556 0.435026 0.501852 0.435026 0.501389 0.436979 0.497917 0.438281 0.496528 0.439583 0.495602 0.441667 0.494676 0.442448 0.493750 0.443490 0.493287 0.444792 0.493287 0.446354 0.492361 0.452083 0.492361 0.452344 0.492824 0.454688 0.492824 0.455990 0.493287 0.457292 0.494213 0.458594 0.494676 0.459766 0.496759 0.460286 0.498148 0.461328 0.503241 0.461589 0.505556 0.461589 0.508333 0.461849 0.508796 0.461849 0.515741 0.461589 0.518056 0.461068 0.519907 0.460807 0.522222 0.458724 0.527778 0.457031 0.530787 0.454688 0.533565 0.451302 0.536343 0.447656 0.537731 0.445833 0.537731 0.445573 0.538194
 3 0.413542 0.415972 0.409896 0.415972 0.408594 0.415509 0.406250 0.413657 0.405469 0.412731 0.404297 0.410648 0.402995 0.406481 0.402474 0.402778 0.401953 0.401389 0.401172 0.398148 0.400911 0.395833 0.400911 0.390278 0.401432 0.388426 0.403125 0.385417 0.403906 0.384954 0.405729 0.383102 0.407552 0.382176 0.408333 0.381250 0.411198 0.379861 0.412500 0.379861 0.412760 0.379398 0.417448 0.379398 0.417708 0.379861 0.419010 0.379861 0.421094 0.381713 0.422526 0.384259 0.423047 0.386111 0.423047 0.389815 0.423307 0.390278 0.423307 0.393056 0.423828 0.395370 0.423828 0.397685 0.424089 0.399074 0.423307 0.404167 0.422526 0.406944 0.419792 0.411806 0.415885 0.415046 0.413542 0.415972
 4 0.371875 0.423380 0.369531 0.423380 0.368229 0.421991 0.366667 0.421528 0.366406 0.421065 0.365104 0.421065 0.363021 0.419676 0.361198 0.418750 0.360156 0.417361 0.358724 0.414815 0.358724 0.414352 0.356380 0.410185 0.355599 0.407407 0.354818 0.401389 0.354557 0.400926 0.354557 0.397685 0.355599 0.393056 0.356641 0.390741 0.357812 0.388657 0.359115 0.386806 0.361979 0.384028 0.362500 0.384028 0.365365 0.381713 0.366667 0.381250 0.367969 0.381250 0.368229 0.380787 0.373698 0.380787 0.376302 0.382639 0.377734 0.385185 0.379557 0.391204 0.380078 0.393519 0.381380 0.398148 0.381641 0.400000 0.381380 0.402315 0.381380 0.406944 0.379818 0.412963 0.378776 0.415741 0.376563 0.419676 0.375000 0.420602 0.373958 0.420602 0.372656 0.422917 0.371875 0.423380
 5 0.447917 0.870602 0.446615 0.870602 0.445052 0.869676 0.443229 0.869213 0.441146 0.867361 0.439844 0.865509 0.439063 0.865046 0.438021 0.863657 0.436719 0.861343 0.436458 0.861343 0.434766 0.857407 0.433203 0.852778 0.432682 0.851852 0.431641 0.847222 0.429818 0.842130 0.429297 0.840278 0.428255 0.837963 0.426432 0.832407 0.425911 0.830093 0.425130 0.824537 0.425130 0.820833 0.425651 0.818056 0.425651 0.816204 0.426953 0.812037 0.427214 0.810648 0.428776 0.805556 0.431250 0.801157 0.432812 0.799306 0.434635 0.796528 0.436458 0.795139 0.437240 0.794213 0.438542 0.793750 0.440625 0.792361 0.441927 0.792361 0.442188 0.791898 0.446615 0.791898 0.449740 0.793750 0.451302 0.795602 0.453125 0.798843 0.453385 0.798843 0.455859 0.803241 0.456641 0.805556 0.457943 0.807870 0.458724 0.810185 0.459766 0.812037 0.460286 0.813889 0.461068 0.815278 0.462630 0.819907 0.463672 0.822222 0.465234 0.827778 0.465755 0.830556 0.465755 0.832407 0.466276 0.835185 0.466276 0.838889 0.466016 0.839352 0.466016 0.842593 0.464714 0.849074 0.463672 0.852778 0.462630 0.855556 0.461328 0.857870 0.461328 0.858333 0.458333 0.863657 0.456510 0.865972 0.453646 0.868287 0.453125 0.868287 0.451302 0.869676 0.450000 0.870139 0.448177 0.870139 0.447917 0.870602
 5 0.498958 0.869676 0.497656 0.869213 0.496354 0.869213 0.492448 0.866435 0.491667 0.865509 0.488932 0.860648 0.487630 0.857407 0.485807 0.850463 0.485026 0.848148 0.485026 0.847222 0.483984 0.843519 0.482943 0.837963 0.482422 0.836111 0.482422 0.834259 0.480859 0.826852 0.480339 0.822685 0.480078 0.822222 0.480078 0.814352 0.480339 0.813889 0.480599 0.809722 0.481641 0.805556 0.483203 0.801389 0.486979 0.794676 0.490625 0.790972 0.491406 0.790972 0.492708 0.790046 0.494010 0.789583 0.496354 0.789583 0.496615 0.789120 0.499479 0.789120 0.499740 0.789583 0.502083 0.789583 0.503906 0.790972 0.504427 0.790972 0.506250 0.792824 0.507812 0.795602 0.508073 0.795602 0.510807 0.800463 0.511589 0.802315 0.511849 0.803704 0.514193 0.811111 0.516276 0.818981 0.517057 0.821296 0.518359 0.825926 0.518880 0.828704 0.518880 0.831481 0.519141 0.831944 0.519141 0.838426 0.518880 0.838889 0.518880 0.842593 0.518359 0.845833 0.517318 0.849074 0.517318 0.850000 0.516276 0.852315 0.514974 0.856019 0.512240 0.860880 0.511979 0.860880 0.510417 0.863657 0.509635 0.864583 0.504948 0.868287 0.503646 0.868750 0.502344 0.868750 0.502083 0.869213 0.499219 0.869213 0.498958 0.869676
 5 0.397656 0.871528 0.394531 0.871528 0.394271 0.871065 0.392708 0.871065 0.392448 0.870602 0.389062 0.869213 0.387760 0.868287 0.386198 0.866435 0.384766 0.863889 0.384245 0.861574 0.383464 0.859259 0.382422 0.856944 0.381641 0.854630 0.380078 0.851852 0.379557 0.850463 0.378516 0.846296 0.377214 0.843056 0.375651 0.839815 0.374870 0.837500 0.374089 0.832407 0.374089 0.827315 0.374349 0.826852 0.374609 0.822685 0.375130 0.820370 0.375130 0.818981 0.375651 0.817130 0.375651 0.815741 0.376693 0.811574 0.378516 0.806481 0.379818 0.804167 0.379818 0.803704 0.381250 0.801157 0.382292 0.799769 0.383073 0.799306 0.384896 0.797454 0.387760 0.796065 0.388542 0.795139 0.389844 0.795139 0.390104 0.794676 0.393750 0.794676 0.394010 0.795139 0.396615 0.796528 0.397656 0.797917 0.398958 0.800231 0.399219 0.800231 0.402604 0.806250 0.402865 0.806250 0.404687 0.809491 0.405990 0.811343 0.407292 0.812269 0.408594 0.813657 0.412891 0.821296 0.413672 0.825000 0.414193 0.826389 0.414974 0.830556 0.414974 0.833796 0.415234 0.834259 0.415234 0.841667 0.414974 0.842130 0.414974 0.844444 0.414453 0.845833 0.413932 0.849537 0.412109 0.854630 0.411589 0.856481 0.409896 0.859491 0.409635 0.859491 0.407292 0.863657 0.405990 0.865046 0.403385 0.868287 0.402865 0.868287 0.401042 0.870139 0.399479 0.870602 0.399219 0.871065 0.397917 0.871065 0.397656 0.871528
 5 0.385417 0.954861 0.384375 0.954398 0.382812 0.954398 0.382552 0.953935 0.381250 0.953935 0.379948 0.953009 0.377344 0.949769 0.368620 0.934259 0.367578 0.931019 0.365495 0.925926 0.364714 0.923148 0.363932 0.921759 0.362891 0.918519 0.362370 0.914815 0.362370 0.905093 0.363411 0.899537 0.364193 0.897222 0.365234 0.895370 0.366016 0.893056 0.368490 0.888657 0.370573 0.885880 0.372396 0.884491 0.374219 0.882639 0.376823 0.881713 0.377083 0.881250 0.378906 0.881250 0.379167 0.880787 0.381510 0.880787 0.383333 0.882176 0.383854 0.882176 0.386979 0.885417 0.387760 0.886806 0.390365 0.890046 0.391146 0.890509 0.392448 0.892361 0.393229 0.892824 0.395573 0.896065 0.396354 0.896528 0.399740 0.901157 0.401042 0.902546 0.403255 0.906019 0.405078 0.912037 0.405078 0.914352 0.405339 0.914815 0.405339 0.920833 0.404297 0.928241 0.403776 0.929630 0.402214 0.935185 0.400651 0.939352 0.400651 0.939815 0.396094 0.947917 0.395052 0.948843 0.393750 0.950694 0.391667 0.952546 0.388542 0.953935 0.388281 0.954398 0.385677 0.954398 0.385417 0.954861
 5 0.440885 0.956250 0.436198 0.956250 0.435937 0.955787 0.434635 0.955787 0.433854 0.954861 0.431771 0.953935 0.430208 0.951620 0.429948 0.951620 0.427995 0.948148 0.427214 0.945370 0.425651 0.941667 0.424870 0.938426 0.422005 0.931019 0.421224 0.929630 0.419661 0.925000 0.419401 0.923611 0.418359 0.920833 0.418359 0.919907 0.417578 0.917593 0.417057 0.914352 0.416536 0.912963 0.416536 0.911574 0.416016 0.909259 0.416016 0.903704 0.416536 0.901389 0.416536 0.900000 0.417057 0.897222 0.417839 0.894907 0.417839 0.893981 0.418620 0.891204 0.419922 0.887963 0.421484 0.885185 0.421484 0.884722 0.424740 0.878935 0.426302 0.877083 0.427083 0.876620 0.429427 0.874306 0.431510 0.873380 0.431771 0.872917 0.433073 0.872917 0.433333 0.872454 0.434635 0.872454 0.434896 0.871991 0.436458 0.871991 0.436719 0.872454 0.438802 0.872454 0.439063 0.872917 0.440885 0.873380 0.442448 0.874306 0.443750 0.875694 0.445052 0.876620 0.446875 0.879861 0.449740 0.883565 0.451693 0.887037 0.451693 0.887500 0.453255 0.891204 0.453516 0.892593 0.454818 0.895370 0.454818 0.895833 0.456641 0.900000 0.457422 0.902778 0.458464 0.904630 0.459505 0.908333 0.459505 0.909722 0.460026 0.911574 0.460286 0.913889 0.460286 0.923148 0.460026 0.923611 0.460026 0.926389 0.458984 0.932870 0.457422 0.937963 0.456120 0.941204 0.454427 0.944213 0.454167 0.944213 0.451562 0.948843 0.450521 0.950231 0.449740 0.950694 0.446875 0.953935 0.445312 0.954398 0.443229 0.955787 0.441146 0.955787 0.440885 0.956250
 7 0.575781 0.998843 0.573698 0.998843 0.573438 0.998380 0.569531 0.998380 0.569271 0.997917 0.567708 0.997917 0.567448 0.997454 0.565625 0.997454 0.565365 0.996991 0.563802 0.996991 0.563542 0.997454 0.561719 0.997454 0.561458 0.997917 0.552604 0.997917 0.552344 0.998380 0.548177 0.998380 0.547917 0.997917 0.541146 0.997917 0.540885 0.998380 0.537760 0.998380 0.537500 0.998843 0.532292 0.998843 0.532031 0.998380 0.515365 0.998380 0.515104 0.998843 0.512760 0.998843 0.512500 0.998380 0.510938 0.998380 0.510677 0.997917 0.509115 0.997917 0.508854 0.997454 0.499219 0.997454 0.498958 0.997917 0.479948 0.997917 0.479687 0.998380 0.456250 0.998380 0.455990 0.997917 0.450260 0.997917 0.450000 0.997454 0.430990 0.997454 0.430729 0.997917 0.426823 0.997917 0.426563 0.998380 0.424479 0.998380 0.424219 0.998843 0.422656 0.998843 0.422396 0.998380 0.405208 0.998380 0.404948 0.998843 0.401562 0.998843 0.401302 0.998380 0.398177 0.998380 0.397917 0.997917 0.395573 0.997917 0.395313 0.997454 0.389583 0.997454 0.389323 0.997917 0.375000 0.997917 0.374740 0.997454 0.371094 0.997454 0.370833 0.997917 0.369271 0.997917 0.369010 0.998380 0.366667 0.998380 0.366406 0.998843 0.357031 0.998843 0.356771 0.998380 0.351823 0.998380 0.350521 0.997917 0.349349 0.996296 0.349349 0.989815 0.349870 0.987037 0.349870 0.984722 0.350130 0.982407 0.350651 0.980093 0.350651 0.978704 0.351432 0.974074 0.351953 0.971759 0.352734 0.964352 0.353516 0.961111 0.354297 0.955556 0.354297 0.953704 0.354818 0.951389 0.356641 0.936574 0.356641 0.934259 0.357422 0.931019 0.357682 0.927778 0.358464 0.925926 0.359245 0.923148 0.359245 0.922222 0.360026 0.919907 0.360547 0.917593 0.361458 0.915972 0.362370 0.917593 0.363151 0.920833 0.365234 0.926389 0.365755 0.927315 0.366276 0.930093 0.366797 0.931019 0.367318 0.933333 0.373307 0.943981 0.373307 0.944444 0.375000 0.947454 0.375260 0.947454 0.377083 0.950231 0.378125 0.951157 0.379427 0.953009 0.380729 0.953935 0.383333 0.955324 0.386979 0.955324 0.387240 0.954861 0.388542 0.954861 0.389844 0.953935 0.392708 0.953009 0.395573 0.950231 0.396875 0.947917 0.397135 0.947917 0.399609 0.943519 0.399609 0.943056 0.402474 0.937963 0.403255 0.935648 0.403776 0.932407 0.405078 0.928241 0.406120 0.921759 0.406120 0.919444 0.406380 0.918981 0.406120 0.917130 0.406120 0.912037 0.405599 0.909259 0.404297 0.905093 0.402344 0.901620 0.402083 0.901620 0.399479 0.898380 0.398177 0.896528 0.395573 0.893750 0.394792 0.893287 0.393750 0.891898 0.393229 0.891898 0.391667 0.890046 0.389844 0.887269 0.388542 0.886343 0.386979 0.884028 0.384896 0.881713 0.383333 0.880787 0.382031 0.880787 0.381771 0.880324 0.378385 0.880324 0.378125 0.880787 0.376302 0.880787 0.373698 0.882176 0.372396 0.883102 0.369792 0.885880 0.367188 0.889120 0.365755 0.891667 0.364583 0.893287 0.363542 0.894213 0.362370 0.896759 0.362109 0.899074 0.361589 0.900926 0.361589 0.898611 0.361328 0.898148 0.361328 0.892130 0.361589 0.891204 0.362500 0.890509 0.363151 0.888426 0.363151 0.886111 0.363932 0.879167 0.364453 0.876852 0.365495 0.870370 0.365495 0.868981 0.366016 0.867130 0.366276 0.864815 0.367057 0.861574 0.367057 0.860185 0.367578 0.858333 0.368099 0.854630 0.368359 0.851389 0.368880 0.849537 0.369401 0.845370 0.370182 0.842593 0.372396 0.836343 0.373437 0.836343 0.374349 0.839352 0.375911 0.843056 0.377734 0.846759 0.379297 0.851389 0.381901 0.856019 0.382422 0.857407 0.384245 0.864352 0.385417 0.866435 0.387760 0.868750 0.389323 0.869676 0.392969 0.871065 0.393229 0.871528 0.395052 0.871528 0.395313 0.871991 0.397135 0.871991 0.397396 0.871528 0.398698 0.871528 0.401562 0.870139 0.402865 0.869213 0.403906 0.867824 0.404687 0.867361 0.407813 0.863657 0.412109 0.856019 0.412109 0.855556 0.414193 0.850463 0.414714 0.847222 0.415234 0.845833 0.415755 0.843056 0.415755 0.840741 0.416016 0.840278 0.416016 0.835185 0.415495 0.832870 0.415495 0.831019 0.414193 0.824537 0.411589 0.818056 0.411589 0.817593 0.405990 0.807639 0.403646 0.804861 0.401823 0.803472 0.400000 0.800694 0.399740 0.800694 0.397917 0.797454 0.395573 0.795139 0.394010 0.794213 0.393880 0.793519 0.394401 0.791667 0.396094 0.789120 0.397656 0.788194 0.399219 0.788194 0.399479 0.787731 0.401823 0.787731 0.402083 0.787269 0.412500 0.787269 0.412760 0.786806 0.419531 0.786806 0.419792 0.786343 0.433854 0.786343 0.434115 0.785880 0.435937 0.785880 0.436198 0.786343 0.437760 0.786343 0.439453 0.787963 0.439714 0.788889 0.439063 0.789583 0.436979 0.793287 0.435417 0.794676 0.434375 0.796065 0.432031 0.800231 0.431771 0.800231 0.429036 0.805093 0.429036 0.805556 0.427474 0.808333 0.426432 0.811111 0.425130 0.816667 0.425130 0.819907 0.424870 0.820370 0.424870 0.828241 0.425130 0.830093 0.425911 0.833333 0.426693 0.835648 0.428255 0.839352 0.428516 0.840741 0.429297 0.842130 0.430078 0.844907 0.431901 0.850463 0.431901 0.851389 0.433203 0.855556 0.433464 0.856944 0.434505 0.859722 0.436849 0.863889 0.437109 0.864815 0.437109 0.870370 0.435937 0.871065 0.434896 0.871065 0.433854 0.871991 0.430729 0.872917 0.428125 0.874769 0.426302 0.877083 0.423438 0.880324 0.419922 0.886574 0.418099 0.891667 0.417057 0.895370 0.416276 0.899537 0.416016 0.902778 0.415495 0.905093 0.415495 0.909259 0.415755 0.909722 0.415755 0.912500 0.416276 0.915278 0.416797 0.916667 0.417057 0.918981 0.419141 0.925926 0.420182 0.928241 0.420703 0.930093 0.421484 0.931481 0.422786 0.934722 0.423307 0.937037 0.423828 0.937963 0.424089 0.939815 0.425651 0.942593 0.425651 0.943056 0.427474 0.947222 0.427474 0.947685 0.429167 0.950694 0.432292 0.954398 0.435156 0.956713 0.436979 0.956713 0.437240 0.957176 0.439844 0.957176 0.440104 0.956713 0.441667 0.956713 0.441927 0.956250 0.443229 0.956250 0.447396 0.953935 0.449479 0.952083 0.451823 0.949306 0.453125 0.947454 0.456641 0.941204 0.457682 0.938889 0.458464 0.936574 0.459766 0.931481 0.460547 0.927315 0.460547 0.925463 0.461328 0.920370 0.461068 0.918056 0.461068 0.914815 0.460807 0.912500 0.460026 0.908333 0.459505 0.906944 0.459245 0.905093 0.457943 0.901389 0.457682 0.900000 0.456120 0.896296 0.455599 0.894444 0.454818 0.893056 0.454557 0.891667 0.453776 0.889815 0.450651 0.884259 0.450391 0.882870 0.448047 0.878704 0.447786 0.876852 0.449089 0.872685 0.450000 0.871528 0.452344 0.869676 0.454427 0.868750 0.455990 0.867361 0.456510 0.866435 0.458594 0.864120 0.459505 0.862037 0.462109 0.857407 0.462109 0.856944 0.463672 0.854167 0.464974 0.850463 0.465495 0.848148 0.465755 0.845833 0.466276 0.843981 0.466276 0.841667 0.466536 0.841204 0.466536 0.837963 0.466797 0.835648 0.466016 0.829167 0.465234 0.826389 0.464714 0.823611 0.464193 0.822685 0.463672 0.820370 0.460286 0.811111 0.458333 0.807176 0.456120 0.803241 0.455339 0.800926 0.453646 0.797917 0.452344 0.796528 0.450000 0.792361 0.448177 0.790509 0.446615 0.790046 0.444792 0.789120 0.444401 0.788426 0.445052 0.786806 0.446094 0.786343 0.447396 0.786343 0.447656 0.785880 0.449219 0.785880 0.450521 0.785417 0.451823 0.784491 0.453646 0.784491 0.453906 0.784028 0.457813 0.784028 0.458073 0.783565 0.461458 0.783565 0.461719 0.783102 0.466406 0.783102 0.466667 0.782639 0.479167 0.782639 0.479427 0.782176 0.484375 0.782176 0.484635 0.781713 0.491927 0.781713 0.492188 0.781250 0.496615 0.781250 0.496875 0.780787 0.500521 0.780787 0.500781 0.781250 0.503125 0.781250 0.503385 0.780787 0.511458 0.780787 0.511719 0.780324 0.518229 0.780324 0.518490 0.779861 0.527865 0.779861 0.528125 0.779398 0.531250 0.779398 0.531510 0.779861 0.534375 0.779861 0.534635 0.779398 0.542708 0.779398 0.542969 0.778935 0.557552 0.778935 0.557813 0.778472 0.559375 0.778472 0.559635 0.778009 0.562760 0.778009 0.563021 0.778472 0.566406 0.778472 0.566667 0.778009 0.569792 0.778009 0.570052 0.778472 0.573438 0.778472 0.573698 0.778009 0.577344 0.778009 0.577604 0.778472 0.580208 0.778472 0.580469 0.778935 0.581771 0.778935 0.582812 0.779398 0.584375 0.780787 0.586068 0.783796 0.586589 0.785185 0.588151 0.793519 0.588672 0.795833 0.588672 0.800000 0.588932 0.800463 0.588932 0.807870 0.589193 0.808333 0.589193 0.813889 0.589453 0.814352 0.589453 0.818519 0.589714 0.818981 0.589714 0.823148 0.589974 0.823611 0.589974 0.827315 0.590234 0.827778 0.590234 0.832870 0.590495 0.833333 0.590495 0.838889 0.590755 0.839352 0.590755 0.843519 0.591016 0.843981 0.591016 0.849074 0.591276 0.849537 0.591276 0.853704 0.591536 0.854167 0.591536 0.862037 0.591797 0.862500 0.591797 0.866667 0.592057 0.867130 0.592057 0.869444 0.592318 0.869907 0.592318 0.872685 0.592578 0.873148 0.592578 0.876389 0.592839 0.876852 0.592839 0.879630 0.593099 0.880093 0.593099 0.882407 0.593359 0.882870 0.593359 0.887037 0.593620 0.887500 0.593620 0.893056 0.594141 0.895833 0.594141 0.898148 0.594401 0.898611 0.594401 0.901852 0.594661 0.902315 0.594661 0.905093 0.594922 0.905556 0.594922 0.908796 0.595182 0.909259 0.595182 0.913426 0.595443 0.913889 0.595443 0.916667 0.595703 0.917130 0.595703 0.920370 0.595964 0.920833 0.595964 0.925000 0.596224 0.925463 0.596224 0.929167 0.596484 0.929630 0.596484 0.933333 0.596745 0.933796 0.596745 0.938889 0.597005 0.939352 0.597005 0.942593 0.597266 0.943056 0.597266 0.945370 0.597526 0.945833 0.597526 0.949537 0.597786 0.950000 0.597786 0.956019 0.598047 0.956481 0.598047 0.961111 0.598307 0.961574 0.598307 0.965278 0.598568 0.965741 0.598568 0.968981 0.598828 0.969444 0.598828 0.973148 0.599089 0.973611 0.599089 0.978241 0.599349 0.978704 0.599349 0.983333 0.599609 0.983796 0.599609 0.992593 0.599349 0.993056 0.599349 0.995370 0.598177 0.997454 0.596094 0.998380 0.576042 0.998380 0.575781 0.998843
 7 0.502474 0.869444 0.503646 0.868750 0.504427 0.868750 0.505469 0.867824 0.506771 0.867361 0.508073 0.866435 0.510938 0.863657 0.512240 0.861806 0.513542 0.859491 0.513802 0.859491 0.515495 0.856019 0.516016 0.854167 0.517057 0.851852 0.517839 0.849074 0.518880 0.843519 0.519141 0.843056 0.519141 0.840741 0.519401 0.840278 0.519401 0.837963 0.519661 0.837500 0.519661 0.833796 0.519401 0.833333 0.519401 0.829167 0.519141 0.828704 0.518620 0.825000 0.518099 0.822685 0.516536 0.817593 0.516536 0.816667 0.514974 0.810185 0.514453 0.808796 0.513672 0.805556 0.512370 0.802778 0.511849 0.800926 0.508854 0.795602 0.508073 0.795139 0.506510 0.793287 0.505729 0.791898 0.503906 0.790046 0.502604 0.789120 0.501302 0.788657 0.498958 0.788657 0.498698 0.788194 0.496875 0.788194 0.496615 0.788657 0.494271 0.788657 0.494010 0.789120 0.492448 0.789120 0.492188 0.789583 0.490885 0.789583 0.489583 0.790509 0.486979 0.794213 0.486719 0.794213 0.485417 0.796528 0.485156 0.796528 0.483464 0.799537 0.482422 0.801852 0.481380 0.806019 0.480339 0.808796 0.479557 0.813889 0.479557 0.822685 0.480078 0.826852 0.481380 0.832870 0.481641 0.836111 0.482161 0.837500 0.483203 0.843056 0.483984 0.845370 0.485286 0.850000 0.485807 0.853241 0.486589 0.855556 0.487109 0.857870 0.487891 0.859722 0.491146 0.865509 0.492708 0.866898 0.493229 0.867824 0.494531 0.868750 0.495312 0.868750 0.496615 0.869676 0.502344 0.869676 0.502474 0.869444
 7 0.377344 0.804398 0.376172 0.802778 0.376172 0.800926 0.376693 0.799537 0.377214 0.795370 0.378906 0.793287 0.382031 0.791435 0.383073 0.791435 0.384115 0.790509 0.385417 0.790509 0.386719 0.791435 0.387891 0.793981 0.386458 0.796065 0.384896 0.797454 0.380990 0.799306 0.379427 0.800694 0.377344 0.804398
 7 0.564193 0.860648 0.564844 0.859954 0.566016 0.856944 0.566016 0.852315 0.565495 0.849537 0.564844 0.847917 0.563802 0.848380 0.562630 0.851389 0.562370 0.853704 0.562370 0.860185 0.562760 0.860880 0.564193 0.860648
 7 0.553776 0.867130 0.553906 0.866898 0.557292 0.866898 0.557552 0.866435 0.559115 0.866435 0.560937 0.865509 0.562109 0.863426 0.562109 0.862037 0.561719 0.861343 0.560156 0.861343 0.559896 0.860880 0.557552 0.860880 0.557292 0.860417 0.554427 0.860417 0.554167 0.859954 0.549219 0.859954 0.548307 0.861574 0.548047 0.863426 0.549219 0.865509 0.551823 0.866898 0.553776 0.867130
 6 0.491406 0.766435 0.484896 0.766435 0.484635 0.765972 0.481771 0.765972 0.481510 0.765509 0.477083 0.765509 0.476823 0.765972 0.475260 0.765972 0.475000 0.766435 0.472917 0.766435 0.472656 0.765972 0.469531 0.765972 0.469271 0.765509 0.466406 0.765509 0.466146 0.765046 0.460938 0.765046 0.460677 0.765509 0.456771 0.765509 0.456510 0.765046 0.454948 0.765046 0.453906 0.764583 0.453125 0.763657 0.451562 0.762731 0.449609 0.759259 0.449349 0.757870 0.447526 0.753704 0.447526 0.752778 0.446484 0.749074 0.446484 0.748148 0.445443 0.744444 0.444401 0.741667 0.442578 0.737963 0.442318 0.736574 0.439193 0.731019 0.436849 0.722685 0.435937 0.721528 0.434766 0.719444 0.434766 0.718981 0.432161 0.712500 0.431380 0.709259 0.429557 0.703704 0.429036 0.700463 0.428516 0.699074 0.427604 0.697917 0.425781 0.694676 0.425521 0.694676 0.423828 0.691667 0.423047 0.688426 0.422786 0.686111 0.422786 0.683796 0.422005 0.679167 0.421484 0.677778 0.420703 0.674537 0.419661 0.671296 0.419141 0.668519 0.418359 0.666204 0.418359 0.665278 0.417578 0.662963 0.416667 0.661343 0.415365 0.659954 0.414062 0.658102 0.412109 0.654630 0.411068 0.650463 0.411068 0.645833 0.411328 0.645370 0.411328 0.641204 0.411849 0.638426 0.411849 0.636111 0.412370 0.633796 0.412370 0.632407 0.412891 0.630093 0.412891 0.628704 0.413411 0.626389 0.413411 0.624537 0.413932 0.622222 0.413932 0.620370 0.414453 0.618056 0.414453 0.616667 0.414974 0.614352 0.414974 0.611574 0.415234 0.611111 0.415234 0.608333 0.415755 0.606019 0.416276 0.601852 0.417057 0.598148 0.417578 0.592130 0.418620 0.588426 0.418620 0.587500 0.419661 0.584259 0.420182 0.581944 0.420964 0.579630 0.420964 0.578241 0.421484 0.575926 0.421484 0.574074 0.422005 0.571759 0.422266 0.567593 0.423047 0.563426 0.423047 0.562037 0.423828 0.558796 0.423828 0.555093 0.424089 0.554630 0.424089 0.551852 0.424609 0.549537 0.424870 0.546296 0.425130 0.545833 0.425130 0.543519 0.425391 0.543056 0.425391 0.540278 0.425651 0.539815 0.425911 0.536574 0.428255 0.528241 0.429688 0.525694 0.430729 0.524769 0.432292 0.525231 0.433984 0.528241 0.435026 0.531481 0.438021 0.536806 0.439063 0.538194 0.440365 0.539120 0.441667 0.539583 0.442969 0.539583 0.443229 0.540046 0.447917 0.540046 0.450781 0.538657 0.452344 0.536806 0.452865 0.536806 0.455990 0.533565 0.456771 0.533102 0.459505 0.528241 0.459505 0.527778 0.461589 0.523148 0.461589 0.522222 0.462370 0.519907 0.462891 0.517130 0.462891 0.513426 0.463151 0.512963 0.463151 0.509259 0.462891 0.508796 0.462630 0.504630 0.462109 0.502778 0.461849 0.500463 0.460807 0.497685 0.460807 0.495370 0.461458 0.494213 0.462500 0.493287 0.463802 0.493287 0.464062 0.492824 0.467969 0.492824 0.469271 0.493750 0.470573 0.494213 0.471484 0.495833 0.471224 0.496759 0.469401 0.500000 0.468620 0.502778 0.467839 0.507870 0.467839 0.511111 0.469401 0.517130 0.469661 0.519444 0.470964 0.524537 0.473438 0.528935 0.474479 0.529861 0.475260 0.531250 0.477604 0.533565 0.478646 0.534028 0.480469 0.534028 0.480729 0.534491 0.484896 0.534491 0.485156 0.534028 0.486719 0.534028 0.489583 0.532176 0.491927 0.529861 0.492448 0.529861 0.494010 0.528009 0.496875 0.525231 0.498307 0.522685 0.498568 0.520833 0.499349 0.517593 0.499609 0.513889 0.500130 0.511111 0.500130 0.508333 0.499870 0.507870 0.499870 0.502315 0.499609 0.501852 0.499609 0.497222 0.499349 0.496759 0.499349 0.493056 0.499609 0.492593 0.499609 0.490278 0.501302 0.488657 0.502344 0.488657 0.503255 0.490278 0.503776 0.493981 0.503776 0.496296 0.504297 0.498148 0.504557 0.500463 0.505078 0.502315 0.505599 0.506481 0.505859 0.506944 0.506641 0.511574 0.507682 0.516667 0.510677 0.521991 0.515365 0.527083 0.516927 0.528472 0.517969 0.528935 0.526042 0.528935 0.527344 0.528009 0.528125 0.528009 0.529427 0.527083 0.531380 0.524074 0.531380 0.523611 0.534766 0.517593 0.534766 0.517130 0.536068 0.514815 0.537109 0.512500 0.538151 0.509259 0.538411 0.506944 0.538932 0.505093 0.538932 0.495833 0.538672 0.495370 0.538672 0.492593 0.538411 0.492130 0.538411 0.486574 0.538932 0.483333 0.540365 0.481713 0.542448 0.481713 0.542708 0.481250 0.548177 0.481250 0.548438 0.480787 0.553646 0.480787 0.553906 0.480324 0.556250 0.480324 0.556510 0.479861 0.560677 0.479861 0.560937 0.479398 0.565365 0.479398 0.565625 0.478935 0.567969 0.478935 0.568229 0.478472 0.571615 0.478472 0.572917 0.478009 0.575000 0.476620 0.576302 0.476620 0.576562 0.476157 0.580469 0.476157 0.581510 0.476620 0.583333 0.478009 0.584766 0.480556 0.585807 0.485648 0.586068 0.487963 0.586589 0.489815 0.586589 0.491204 0.587109 0.493519 0.587109 0.494907 0.587630 0.497685 0.588151 0.499074 0.588672 0.502778 0.589193 0.505093 0.589714 0.509722 0.589714 0.512500 0.589974 0.512963 0.589974 0.515278 0.590234 0.515741 0.590234 0.518519 0.590495 0.518981 0.590495 0.521759 0.590755 0.522222 0.590755 0.525000 0.589714 0.532407 0.589714 0.534259 0.589193 0.536574 0.589193 0.542593 0.589453 0.543056 0.589453 0.549537 0.589714 0.550000 0.589714 0.554167 0.589974 0.554630 0.589974 0.557407 0.590234 0.557870 0.590234 0.561111 0.590495 0.561574 0.590495 0.564815 0.591016 0.567130 0.591016 0.568981 0.591536 0.570833 0.591536 0.573148 0.591797 0.573611 0.591797 0.576852 0.592057 0.577315 0.592057 0.580093 0.592318 0.580556 0.593099 0.587500 0.593099 0.590278 0.593359 0.590741 0.593359 0.594444 0.593620 0.594907 0.593620 0.597222 0.593880 0.597685 0.593880 0.600000 0.594141 0.600463 0.594141 0.605093 0.594401 0.605556 0.594401 0.615741 0.594661 0.616204 0.594661 0.620370 0.594922 0.620833 0.594922 0.625463 0.595182 0.625926 0.595182 0.631019 0.595443 0.631481 0.595443 0.636111 0.595703 0.636574 0.595703 0.638889 0.595964 0.639352 0.595964 0.642130 0.596224 0.642593 0.596224 0.650000 0.596484 0.650463 0.596484 0.656944 0.596745 0.657407 0.596745 0.663889 0.597005 0.664352 0.597005 0.673148 0.597266 0.673611 0.597266 0.680556 0.597526 0.681019 0.597526 0.687037 0.597786 0.687500 0.597786 0.691667 0.598047 0.693981 0.598568 0.696296 0.598828 0.698611 0.598828 0.701389 0.599089 0.701852 0.599089 0.708796 0.599349 0.709259 0.599349 0.715741 0.599609 0.716204 0.599609 0.720370 0.599870 0.720833 0.599870 0.723611 0.600130 0.724074 0.600130 0.737037 0.600391 0.737500 0.600391 0.749074 0.600651 0.749537 0.600651 0.753704 0.599870 0.756944 0.598177 0.759954 0.597396 0.760880 0.595052 0.762269 0.593229 0.762269 0.592969 0.762731 0.590625 0.762731 0.590365 0.763194 0.586458 0.763194 0.586198 0.763657 0.582031 0.763657 0.581771 0.764120 0.569531 0.764120 0.569271 0.764583 0.541667 0.764583 0.541406 0.765046 0.538021 0.765046 0.537760 0.765509 0.531510 0.765509 0.531250 0.765046 0.522135 0.765046 0.521875 0.765509 0.519271 0.765509 0.519010 0.765046 0.514844 0.765046 0.514583 0.764583 0.508854 0.764583 0.508594 0.765046 0.506510 0.765046 0.506250 0.765509 0.492969 0.765509 0.491406 0.766435
 6 0.564714 0.618056 0.566146 0.617361 0.567969 0.616898 0.571094 0.614120 0.571875 0.613194 0.572917 0.612731 0.576042 0.609491 0.577214 0.607407 0.577995 0.605093 0.580078 0.600926 0.580599 0.599074 0.581380 0.594444 0.581380 0.583796 0.581120 0.583333 0.581120 0.580556 0.580599 0.577778 0.580599 0.575463 0.580078 0.571296 0.579557 0.568981 0.578516 0.566204 0.578516 0.565278 0.577214 0.559722 0.577214 0.557870 0.577734 0.556481 0.577995 0.554167 0.578516 0.552778 0.578776 0.549074 0.579036 0.548611 0.579036 0.545833 0.579297 0.545370 0.579297 0.540278 0.579557 0.539815 0.579557 0.537500 0.579297 0.537037 0.579297 0.534722 0.579036 0.534259 0.579036 0.531944 0.578776 0.530556 0.577734 0.527315 0.575260 0.522917 0.573698 0.521065 0.572135 0.519676 0.571094 0.519213 0.569271 0.519213 0.569010 0.518750 0.566927 0.518750 0.566667 0.518287 0.563021 0.518287 0.560677 0.519676 0.559375 0.521065 0.557813 0.521528 0.556771 0.522454 0.555990 0.522454 0.554688 0.523380 0.551562 0.526157 0.551042 0.527083 0.549479 0.528472 0.548047 0.531019 0.547526 0.532870 0.546745 0.537500 0.546745 0.542130 0.547005 0.542593 0.547005 0.546296 0.547266 0.548611 0.547786 0.550926 0.547786 0.553704 0.548047 0.554167 0.548047 0.556944 0.548307 0.557407 0.548307 0.560185 0.548047 0.560648 0.547526 0.565278 0.546484 0.568981 0.545964 0.569907 0.545182 0.573148 0.544661 0.579167 0.544401 0.579630 0.544401 0.587037 0.544661 0.587500 0.545182 0.591204 0.545443 0.591667 0.545964 0.595370 0.545964 0.597222 0.546745 0.602315 0.548047 0.606944 0.549740 0.609954 0.550000 0.609954 0.552083 0.612731 0.552865 0.614120 0.554167 0.615509 0.556771 0.617361 0.558073 0.617824 0.559375 0.617824 0.559635 0.618287 0.564583 0.618287 0.564714 0.618056
 6 0.478776 0.625926 0.482031 0.624306 0.486458 0.620139 0.487240 0.619676 0.489844 0.616435 0.491536 0.613426 0.493099 0.608796 0.493620 0.607870 0.494661 0.604167 0.495182 0.601389 0.495182 0.592593 0.494661 0.587963 0.494141 0.585185 0.492839 0.581019 0.492318 0.577778 0.490755 0.572685 0.487760 0.567361 0.485156 0.565046 0.484635 0.564120 0.482552 0.562269 0.474219 0.562269 0.473438 0.562731 0.470313 0.565509 0.469792 0.566435 0.467969 0.567824 0.467448 0.568750 0.465885 0.570139 0.464844 0.571528 0.463281 0.574306 0.463021 0.574306 0.461589 0.576852 0.461068 0.578241 0.460286 0.581481 0.459766 0.582407 0.458464 0.586574 0.458464 0.595370 0.458724 0.595833 0.458724 0.598148 0.458984 0.600463 0.460807 0.606481 0.461328 0.610185 0.462370 0.614815 0.462891 0.616204 0.464844 0.619676 0.465104 0.619676 0.466406 0.621991 0.467708 0.622917 0.469010 0.624306 0.470573 0.625231 0.471875 0.625231 0.472135 0.625694 0.473438 0.625694 0.473698 0.626157 0.478646 0.626157 0.478776 0.625926
 7 0.186198 0.814120 0.184896 0.814120 0.184115 0.813657 0.182422 0.810648 0.181380 0.806481 0.178906 0.802083 0.177344 0.800694 0.173177 0.796065 0.171615 0.793287 0.170573 0.791898 0.168750 0.790046 0.168229 0.789120 0.166667 0.787731 0.163802 0.783565 0.161458 0.781713 0.160417 0.780324 0.159115 0.778009 0.158073 0.777083 0.157292 0.775694 0.155729 0.773843 0.154167 0.772454 0.152344 0.769213 0.151302 0.768287 0.148958 0.764583 0.147396 0.763194 0.145313 0.762269 0.144010 0.762269 0.143750 0.761806 0.142187 0.761806 0.141927 0.761343 0.138802 0.760417 0.137760 0.759491 0.134766 0.754167 0.133984 0.749074 0.133724 0.746296 0.133203 0.744907 0.132031 0.742824 0.130208 0.740972 0.129427 0.739583 0.128385 0.738657 0.125521 0.734491 0.123958 0.732639 0.121615 0.730787 0.120052 0.730324 0.119792 0.729861 0.118490 0.729861 0.118229 0.729398 0.112500 0.729398 0.112240 0.728935 0.110677 0.728935 0.109635 0.728472 0.108073 0.727083 0.107161 0.725463 0.107161 0.718519 0.107422 0.717130 0.108203 0.715278 0.109245 0.711111 0.110547 0.707870 0.111068 0.705556 0.112109 0.703241 0.112370 0.701852 0.113411 0.699537 0.117318 0.684722 0.117839 0.683333 0.119141 0.678241 0.120964 0.673148 0.121745 0.669907 0.122786 0.667593 0.123307 0.665741 0.124089 0.664352 0.125391 0.660185 0.125391 0.659259 0.126953 0.654630 0.127214 0.653241 0.128255 0.650463 0.128255 0.649537 0.129036 0.646759 0.129557 0.645833 0.130599 0.641667 0.131641 0.639352 0.131901 0.637963 0.132943 0.634722 0.133464 0.632407 0.135026 0.627778 0.135286 0.626389 0.136068 0.624537 0.136589 0.621296 0.137370 0.618981 0.137891 0.616204 0.141536 0.607870 0.141797 0.606481 0.143359 0.603241 0.143880 0.600926 0.144922 0.598611 0.145703 0.596296 0.146745 0.592130 0.147266 0.591204 0.148047 0.588426 0.148047 0.587500 0.148828 0.585185 0.149349 0.582870 0.149609 0.580093 0.150651 0.576389 0.151693 0.573611 0.151953 0.572222 0.153255 0.569444 0.153255 0.568981 0.156250 0.563657 0.157292 0.562269 0.159115 0.560880 0.160417 0.559491 0.161979 0.558565 0.163021 0.558565 0.164323 0.557639 0.165365 0.557639 0.166927 0.556713 0.168229 0.556713 0.171094 0.555324 0.172396 0.555324 0.175260 0.553935 0.177604 0.553472 0.178906 0.552546 0.180208 0.552546 0.180469 0.552083 0.181771 0.552083 0.183073 0.551620 0.185417 0.550231 0.187240 0.549769 0.188281 0.548843 0.190365 0.548380 0.190625 0.547917 0.191927 0.547917 0.192188 0.547454 0.193490 0.547454 0.193750 0.546991 0.196094 0.546528 0.197396 0.545602 0.198958 0.545602 0.199219 0.545139 0.201042 0.545139 0.201302 0.544676 0.202865 0.544676 0.203125 0.544213 0.204427 0.544213 0.204687 0.543750 0.205990 0.543750 0.208854 0.542361 0.210156 0.542361 0.213021 0.540972 0.214323 0.540972 0.215625 0.540509 0.216927 0.539583 0.219010 0.538657 0.219792 0.538657 0.221094 0.537731 0.222656 0.537731 0.222917 0.537269 0.224219 0.537269 0.224479 0.536806 0.225781 0.536806 0.227083 0.536343 0.228906 0.534954 0.230990 0.534491 0.234375 0.533102 0.236198 0.531713 0.237500 0.531250 0.239063 0.531250 0.239323 0.530787 0.240625 0.530787 0.240885 0.530324 0.243490 0.530324 0.243750 0.529861 0.246094 0.529861 0.246354 0.529398 0.247656 0.529398 0.249740 0.528009 0.250521 0.528009 0.252865 0.526620 0.254167 0.526157 0.255469 0.526157 0.257031 0.525231 0.258333 0.525231 0.258594 0.524769 0.259896 0.524769 0.260156 0.524306 0.261458 0.524306 0.262760 0.523843 0.264062 0.522917 0.265365 0.522917 0.266667 0.521991 0.267448 0.521991 0.269792 0.520602 0.270573 0.520602 0.271875 0.519676 0.272917 0.519676 0.274479 0.518750 0.275781 0.518750 0.276042 0.518287 0.278125 0.518287 0.279427 0.517824 0.282552 0.515972 0.283854 0.515972 0.284115 0.515509 0.285677 0.515509 0.285938 0.515046 0.287500 0.515046 0.288802 0.514120 0.290104 0.513657 0.291406 0.513657 0.291667 0.513194 0.294271 0.512269 0.295573 0.512269 0.297135 0.511343 0.298438 0.511343 0.298698 0.510880 0.300781 0.510880 0.301042 0.510417 0.303125 0.510417 0.304167 0.510880 0.305990 0.512269 0.307422 0.514352 0.308724 0.517593 0.308984 0.519444 0.310026 0.522222 0.311328 0.525000 0.312109 0.528241 0.314714 0.534259 0.315755 0.537500 0.318099 0.542593 0.319141 0.545833 0.320182 0.548148 0.320703 0.550000 0.321484 0.551389 0.322266 0.554167 0.322786 0.555093 0.323307 0.557407 0.324349 0.560185 0.324609 0.561574 0.325391 0.563426 0.326693 0.565741 0.326953 0.567130 0.328776 0.571759 0.330599 0.575463 0.332682 0.581481 0.333724 0.583333 0.334505 0.585648 0.335547 0.587963 0.335807 0.589352 0.337370 0.593519 0.338151 0.594907 0.339193 0.598148 0.339974 0.599537 0.341016 0.603704 0.342187 0.605787 0.344271 0.608102 0.344922 0.610185 0.345182 0.612500 0.345182 0.621759 0.344922 0.622222 0.344922 0.626852 0.344661 0.627315 0.344661 0.630556 0.344401 0.631019 0.344401 0.634259 0.343880 0.637037 0.343880 0.639352 0.343620 0.639815 0.343620 0.642130 0.343359 0.642593 0.343359 0.644907 0.343099 0.645370 0.343099 0.647685 0.342839 0.648148 0.342839 0.650463 0.342057 0.655556 0.342057 0.658333 0.341797 0.658796 0.341797 0.661574 0.341276 0.664352 0.341276 0.666667 0.341016 0.667130 0.341016 0.670370 0.340495 0.673148 0.340495 0.675463 0.340234 0.675926 0.340234 0.678241 0.339974 0.678704 0.339974 0.681019 0.339714 0.681481 0.339714 0.683796 0.338932 0.688889 0.338932 0.691204 0.338672 0.691667 0.338672 0.693981 0.338411 0.694444 0.338411 0.696759 0.338151 0.697222 0.338151 0.699537 0.337891 0.700000 0.337891 0.702778 0.337630 0.703241 0.337630 0.706019 0.337370 0.706481 0.337370 0.708796 0.337109 0.709259 0.337109 0.712963 0.336849 0.713426 0.336849 0.717593 0.336589 0.718056 0.336589 0.722222 0.336328 0.722685 0.336328 0.726389 0.336068 0.726852 0.336068 0.730093 0.335807 0.730556 0.335807 0.733796 0.335547 0.734259 0.335547 0.736574 0.335286 0.737037 0.335286 0.739352 0.334766 0.742130 0.334505 0.745370 0.333984 0.747222 0.333984 0.749074 0.333203 0.753241 0.333203 0.754630 0.332422 0.757407 0.332422 0.758333 0.331380 0.762037 0.329948 0.764583 0.328385 0.765972 0.326823 0.766435 0.325521 0.767361 0.321615 0.768750 0.320312 0.768750 0.318750 0.769676 0.317448 0.769676 0.315885 0.770602 0.314583 0.770602 0.314323 0.771065 0.313021 0.771065 0.312760 0.771528 0.311458 0.771528 0.309896 0.772454 0.308594 0.772454 0.307292 0.772917 0.305990 0.773843 0.302083 0.775231 0.300781 0.775231 0.300521 0.775694 0.299219 0.775694 0.297917 0.776620 0.296875 0.776620 0.295573 0.777546 0.294271 0.778009 0.292969 0.778009 0.292708 0.778472 0.291406 0.778472 0.291146 0.778935 0.289844 0.778935 0.288281 0.779861 0.285938 0.780324 0.284635 0.781250 0.283594 0.781250 0.282292 0.782176 0.278385 0.783565 0.277083 0.783565 0.275521 0.784491 0.274219 0.784491 0.272656 0.785417 0.271354 0.785417 0.271094 0.785880 0.266146 0.787269 0.263802 0.788657 0.262500 0.789120 0.261198 0.789120 0.260937 0.789583 0.259635 0.789583 0.258073 0.790509 0.256771 0.790509 0.253906 0.791898 0.252604 0.791898 0.252344 0.792361 0.251042 0.792361 0.248177 0.793750 0.246615 0.793750 0.245052 0.794676 0.243750 0.794676 0.242448 0.795139 0.241146 0.796065 0.239844 0.796065 0.239583 0.796528 0.238281 0.796528 0.235677 0.797454 0.234635 0.798380 0.230469 0.799769 0.230208 0.800231 0.228906 0.800231 0.228646 0.800694 0.227083 0.800694 0.226823 0.801157 0.224219 0.802083 0.221875 0.802546 0.221615 0.803009 0.220312 0.803009 0.220052 0.803472 0.217708 0.803935 0.217448 0.804398 0.216146 0.804398 0.215885 0.804861 0.213281 0.805787 0.211979 0.805787 0.211719 0.806250 0.210156 0.806250 0.209896 0.806713 0.208594 0.806713 0.208333 0.807176 0.206771 0.807176 0.206510 0.807639 0.204948 0.807639 0.204687 0.808102 0.203385 0.808102 0.203125 0.808565 0.201302 0.809028 0.199740 0.809954 0.198437 0.809954 0.198177 0.810417 0.196615 0.810417 0.196354 0.810880 0.194792 0.810880 0.194531 0.811343 0.193229 0.811343 0.192969 0.811806 0.191406 0.811806 0.191146 0.812269 0.189844 0.812269 0.188542 0.812731 0.186198 0.814120
 7 0.177474 0.775926 0.179167 0.775694 0.179427 0.775231 0.180990 0.775231 0.181250 0.774769 0.182552 0.774769 0.182812 0.774306 0.184375 0.774306 0.185156 0.773843 0.185807 0.772685 0.186068 0.770833 0.187630 0.765741 0.188932 0.762963 0.189193 0.761111 0.189714 0.759722 0.190234 0.756019 0.191016 0.753241 0.191276 0.749074 0.192188 0.746991 0.188542 0.746991 0.187500 0.747917 0.186198 0.748380 0.184896 0.748380 0.184635 0.748843 0.183333 0.748843 0.183073 0.749306 0.181250 0.749306 0.180990 0.749769 0.177865 0.749769 0.177604 0.750231 0.176302 0.750231 0.176042 0.750694 0.174740 0.750694 0.174479 0.751157 0.172917 0.751157 0.171354 0.752083 0.170052 0.752083 0.166927 0.753935 0.165885 0.755324 0.163672 0.759259 0.163932 0.761111 0.165104 0.762731 0.166667 0.764120 0.167448 0.765509 0.169531 0.767824 0.170443 0.769907 0.173437 0.775231 0.174219 0.775694 0.176563 0.775694 0.177474 0.775926
 2 0.185677 0.837269 0.180990 0.837269 0.178906 0.835880 0.178125 0.835880 0.176823 0.834491 0.176042 0.833102 0.173698 0.830324 0.172526 0.828241 0.170182 0.822685 0.170182 0.817593 0.170703 0.815741 0.172786 0.812037 0.173437 0.810417 0.174219 0.809491 0.176302 0.809491 0.177083 0.809028 0.178776 0.811574 0.178776 0.812037 0.180469 0.815046 0.181250 0.815509 0.186198 0.815509 0.187500 0.814583 0.188802 0.814120 0.190104 0.814120 0.190365 0.813657 0.191667 0.813657 0.191927 0.813194 0.193229 0.813194 0.194792 0.812269 0.196094 0.812269 0.197656 0.811343 0.198958 0.811343 0.201823 0.809954 0.202865 0.809954 0.204687 0.808565 0.205729 0.808565 0.207292 0.807639 0.208594 0.807639 0.208854 0.807176 0.210156 0.807176 0.210417 0.806713 0.211719 0.806713 0.215104 0.805324 0.216146 0.804398 0.217448 0.803935 0.218750 0.803935 0.219010 0.803472 0.220573 0.803472 0.220833 0.803009 0.222656 0.803009 0.222917 0.802546 0.224219 0.802546 0.224479 0.802083 0.225781 0.802083 0.227083 0.801157 0.228385 0.800694 0.229948 0.800694 0.230208 0.800231 0.231510 0.800231 0.231771 0.799769 0.233594 0.799306 0.233854 0.798843 0.237240 0.797454 0.239583 0.796991 0.239844 0.796528 0.242969 0.795602 0.244531 0.794676 0.245833 0.794676 0.246094 0.794213 0.247396 0.794213 0.247656 0.793750 0.248958 0.793750 0.249219 0.793287 0.250781 0.793287 0.251042 0.792824 0.255729 0.790972 0.257031 0.790972 0.257292 0.790509 0.259115 0.790509 0.259375 0.790046 0.260677 0.790046 0.262240 0.789120 0.264583 0.788657 0.266146 0.787731 0.267188 0.787731 0.268490 0.786806 0.269792 0.786343 0.271094 0.786343 0.272656 0.785417 0.273958 0.785417 0.275521 0.784491 0.276562 0.784491 0.279427 0.783102 0.280729 0.783102 0.282292 0.782176 0.283333 0.782176 0.284635 0.781250 0.285938 0.780787 0.287240 0.780787 0.288802 0.779861 0.290104 0.779861 0.291406 0.779398 0.293750 0.778009 0.294792 0.778009 0.296094 0.777083 0.298438 0.776620 0.300000 0.775694 0.302344 0.775231 0.302604 0.774769 0.304948 0.774306 0.306510 0.773380 0.307812 0.773380 0.308073 0.772917 0.309375 0.772917 0.313542 0.771065 0.314844 0.771065 0.316406 0.770139 0.317708 0.770139 0.317969 0.769676 0.319531 0.769676 0.319792 0.769213 0.321094 0.769213 0.321354 0.768750 0.322656 0.768750 0.322917 0.768287 0.324219 0.768287 0.326823 0.767361 0.329427 0.765509 0.330599 0.763889 0.331380 0.762037 0.331901 0.759722 0.332682 0.757407 0.333724 0.751852 0.333724 0.750000 0.334505 0.745833 0.334505 0.743519 0.335026 0.740741 0.335026 0.737037 0.335286 0.736574 0.335286 0.732407 0.335547 0.731944 0.335547 0.728704 0.335807 0.728241 0.335807 0.724537 0.336068 0.724074 0.336068 0.719444 0.336328 0.718981 0.336328 0.716204 0.336589 0.715741 0.336589 0.712963 0.336849 0.712500 0.336849 0.710185 0.337109 0.709722 0.337109 0.707407 0.337370 0.706944 0.337370 0.704630 0.337630 0.704167 0.337630 0.701852 0.337891 0.701389 0.337891 0.699074 0.338151 0.698611 0.338151 0.695833 0.338411 0.695370 0.338411 0.692130 0.338672 0.691667 0.338672 0.689352 0.338932 0.688889 0.338932 0.686574 0.339193 0.686111 0.339193 0.683796 0.339714 0.681019 0.339714 0.678704 0.340495 0.673611 0.340495 0.671296 0.341016 0.668519 0.341016 0.666667 0.341536 0.664352 0.341797 0.662037 0.341797 0.659722 0.342057 0.659259 0.342057 0.656481 0.342318 0.656019 0.342318 0.652778 0.342578 0.652315 0.342578 0.649074 0.343099 0.646296 0.343359 0.642130 0.343620 0.641667 0.343620 0.638889 0.343880 0.638426 0.343880 0.636111 0.344141 0.635648 0.344141 0.632870 0.344401 0.632407 0.344401 0.629167 0.344661 0.628704 0.344661 0.625926 0.344922 0.625463 0.344922 0.622685 0.345182 0.622222 0.345182 0.619907 0.345443 0.619444 0.345443 0.616204 0.345703 0.615741 0.345703 0.613426 0.345443 0.612963 0.344922 0.609722 0.344141 0.608333 0.344141 0.606944 0.348698 0.603009 0.350521 0.603009 0.352604 0.604398 0.353776 0.606944 0.354036 0.608333 0.354036 0.610648 0.354297 0.611111 0.354297 0.613426 0.355078 0.617130 0.355078 0.618056 0.356120 0.621759 0.356901 0.623611 0.358203 0.625926 0.358984 0.628241 0.359245 0.630556 0.359766 0.632870 0.360026 0.635185 0.360026 0.646759 0.360286 0.647222 0.360286 0.660185 0.360026 0.660648 0.360026 0.670833 0.359766 0.671296 0.359766 0.678241 0.359505 0.678704 0.359505 0.683333 0.359245 0.683796 0.359245 0.687037 0.358984 0.687500 0.358984 0.690278 0.358724 0.690741 0.358724 0.697222 0.358464 0.697685 0.358464 0.700463 0.358203 0.700926 0.358203 0.704167 0.357943 0.704630 0.357943 0.708333 0.357682 0.708796 0.357682 0.711574 0.357422 0.712037 0.357422 0.714815 0.357161 0.715278 0.357161 0.718519 0.356901 0.718981 0.356901 0.723611 0.356641 0.724074 0.356641 0.727778 0.356380 0.728241 0.356380 0.733333 0.356120 0.733796 0.356120 0.737037 0.355859 0.737500 0.355859 0.742130 0.355599 0.742593 0.355599 0.748148 0.355339 0.748611 0.355339 0.752315 0.355078 0.752778 0.355078 0.756944 0.354818 0.757407 0.354818 0.760648 0.354557 0.761111 0.354557 0.763889 0.354297 0.764352 0.354297 0.766667 0.354036 0.767130 0.354036 0.770370 0.353776 0.770833 0.353776 0.773611 0.353516 0.774074 0.353516 0.776389 0.353255 0.776852 0.353255 0.779630 0.352214 0.783333 0.350521 0.786343 0.348698 0.788194 0.347917 0.789583 0.343750 0.794213 0.342187 0.795602 0.341667 0.795602 0.338802 0.797454 0.336719 0.797917 0.333594 0.799769 0.331250 0.800231 0.329688 0.801157 0.328385 0.801157 0.328125 0.801620 0.326823 0.801620 0.323958 0.803009 0.322656 0.803009 0.321094 0.803935 0.319792 0.803935 0.319531 0.804398 0.318229 0.804398 0.316667 0.805324 0.315365 0.805324 0.313802 0.806250 0.312500 0.806250 0.310937 0.807176 0.309635 0.807176 0.308073 0.808102 0.306771 0.808102 0.306510 0.808565 0.305208 0.808565 0.304948 0.809028 0.303125 0.809491 0.302865 0.809954 0.301042 0.809954 0.300781 0.810417 0.299219 0.810417 0.295833 0.811806 0.294531 0.812731 0.290625 0.814120 0.289323 0.814120 0.288021 0.815046 0.286719 0.815046 0.286458 0.815509 0.285156 0.815509 0.284896 0.815972 0.283594 0.815972 0.282292 0.816898 0.280990 0.816898 0.279427 0.817824 0.277083 0.818287 0.275781 0.819213 0.273438 0.819676 0.272135 0.820602 0.270833 0.821065 0.269531 0.821065 0.269271 0.821528 0.267969 0.821528 0.267708 0.821991 0.265885 0.821991 0.265625 0.822454 0.264323 0.822454 0.264062 0.822917 0.259115 0.822917 0.256771 0.820602 0.254427 0.819213 0.253125 0.818750 0.250781 0.818750 0.250521 0.819213 0.248438 0.819213 0.248177 0.819676 0.246875 0.819676 0.246615 0.820139 0.245312 0.820139 0.243750 0.821065 0.242448 0.821065 0.242188 0.821528 0.240885 0.821528 0.240625 0.821991 0.239063 0.821991 0.238802 0.822454 0.236979 0.822454 0.236719 0.822917 0.235156 0.822917 0.234896 0.823380 0.233594 0.823380 0.233333 0.823843 0.232031 0.823843 0.231771 0.824306 0.230208 0.824306 0.229948 0.824769 0.228646 0.824769 0.228385 0.825231 0.227083 0.825231 0.226823 0.825694 0.225521 0.825694 0.223958 0.826620 0.222396 0.826620 0.221094 0.827083 0.219792 0.828009 0.218490 0.828472 0.217188 0.828472 0.216927 0.828935 0.215104 0.828935 0.214844 0.829398 0.213281 0.829398 0.213021 0.829861 0.210677 0.830324 0.210417 0.830787 0.208854 0.830787 0.208594 0.831250 0.207031 0.831250 0.206771 0.831713 0.205469 0.831713 0.204167 0.832176 0.202865 0.833102 0.201563 0.833565 0.200260 0.833565 0.200000 0.834028 0.198698 0.834028 0.198437 0.834491 0.196875 0.834491 0.196615 0.834954 0.194792 0.834954 0.194531 0.835417 0.192708 0.835417 0.192448 0.835880 0.189844 0.835880 0.189583 0.836343 0.187760 0.836343 0.187500 0.836806 0.185938 0.836806 0.185677 0.837269
 6 0.035547 0.999537 0.035417 0.998843 0.031771 0.998843 0.031510 0.998380 0.027344 0.998380 0.027083 0.997917 0.025260 0.997917 0.024479 0.997454 0.023828 0.996296 0.023828 0.990741 0.024089 0.989352 0.025391 0.985185 0.026432 0.981019 0.027214 0.979167 0.027214 0.978241 0.027995 0.975926 0.028255 0.973148 0.028776 0.971759 0.029297 0.968519 0.031120 0.962500 0.033203 0.957407 0.034505 0.952778 0.034766 0.951389 0.036068 0.948148 0.037630 0.945370 0.038411 0.942593 0.038932 0.941667 0.039453 0.939352 0.039714 0.936111 0.040234 0.933333 0.041016 0.931019 0.041276 0.928241 0.043620 0.920370 0.044401 0.916204 0.044922 0.915278 0.045443 0.912963 0.047526 0.907870 0.049870 0.900926 0.049870 0.900000 0.050911 0.896759 0.051432 0.894444 0.051953 0.893519 0.052474 0.891204 0.052995 0.890278 0.053776 0.887500 0.054036 0.885648 0.055339 0.882407 0.056510 0.880787 0.059375 0.875694 0.060156 0.874769 0.063542 0.872454 0.064323 0.871528 0.067708 0.869676 0.068750 0.869676 0.070052 0.868750 0.071354 0.868287 0.072656 0.868287 0.072917 0.867824 0.075260 0.867824 0.075521 0.867361 0.077344 0.867361 0.077604 0.866898 0.079167 0.866898 0.079427 0.866435 0.081771 0.866435 0.082031 0.865972 0.084115 0.865972 0.084375 0.865509 0.085677 0.865509 0.085938 0.865046 0.087240 0.865046 0.087500 0.864583 0.089323 0.864583 0.089583 0.864120 0.091406 0.864120 0.091667 0.863657 0.094010 0.863194 0.094271 0.862731 0.095573 0.862731 0.095833 0.862269 0.097135 0.862269 0.097396 0.861806 0.098958 0.861806 0.099219 0.861343 0.101042 0.861343 0.101302 0.860880 0.102865 0.860880 0.103125 0.860417 0.104427 0.860417 0.105990 0.859491 0.107292 0.859491 0.107552 0.859028 0.109115 0.859028 0.109375 0.858565 0.110937 0.858565 0.111198 0.858102 0.113021 0.858102 0.113281 0.857639 0.114583 0.857639 0.118750 0.855787 0.120573 0.855787 0.120833 0.855324 0.122656 0.855324 0.124219 0.854398 0.125521 0.854398 0.125781 0.853935 0.127604 0.853935 0.127865 0.853472 0.129948 0.853472 0.130208 0.853009 0.131510 0.853009 0.134375 0.851620 0.135677 0.851620 0.135937 0.851157 0.137240 0.851157 0.137500 0.850694 0.138802 0.850694 0.140104 0.849769 0.141406 0.849306 0.142969 0.849306 0.143229 0.848843 0.144531 0.848843 0.144792 0.848380 0.146094 0.848380 0.146354 0.847917 0.147656 0.847917 0.147917 0.847454 0.149479 0.847454 0.149740 0.846991 0.151562 0.846991 0.151823 0.846528 0.153906 0.846528 0.154167 0.846065 0.155729 0.846065 0.155990 0.845602 0.157552 0.845602 0.157812 0.845139 0.159375 0.845139 0.159635 0.844676 0.160938 0.844676 0.161198 0.844213 0.162500 0.844213 0.162760 0.843750 0.164062 0.843750 0.165625 0.842824 0.166927 0.842824 0.167187 0.842361 0.169010 0.842361 0.169271 0.841898 0.171354 0.841898 0.171615 0.841435 0.173437 0.841435 0.173698 0.840972 0.175521 0.840972 0.175781 0.840509 0.177344 0.840509 0.177604 0.840046 0.182292 0.840046 0.182552 0.839583 0.185156 0.839583 0.185417 0.839120 0.187240 0.839120 0.187500 0.838657 0.189323 0.838657 0.189583 0.838194 0.191406 0.838194 0.191667 0.837731 0.193229 0.837731 0.194531 0.836806 0.196615 0.835880 0.197917 0.835880 0.198177 0.835417 0.200260 0.835417 0.200521 0.834954 0.201823 0.834954 0.203385 0.834028 0.204687 0.834028 0.204948 0.833565 0.206250 0.833565 0.206510 0.833102 0.207813 0.833102 0.208073 0.832639 0.209896 0.832639 0.210156 0.832176 0.212240 0.832176 0.212500 0.831713 0.214323 0.831713 0.214583 0.831250 0.215885 0.831250 0.216146 0.830787 0.217969 0.830787 0.218229 0.830324 0.219792 0.830324 0.220052 0.829861 0.221875 0.829861 0.222135 0.829398 0.223958 0.829398 0.224219 0.828935 0.228385 0.827083 0.229948 0.827083 0.230208 0.826620 0.231771 0.826620 0.232031 0.826157 0.233333 0.826157 0.233594 0.825694 0.234896 0.825694 0.235156 0.825231 0.236719 0.825231 0.236979 0.824769 0.239323 0.824769 0.240625 0.824306 0.241667 0.823380 0.242448 0.823380 0.243490 0.822454 0.244792 0.821991 0.246354 0.821991 0.246615 0.821528 0.248958 0.821528 0.249219 0.821065 0.252083 0.821065 0.254167 0.822917 0.256641 0.827315 0.257422 0.830093 0.257682 0.832407 0.257682 0.834722 0.257943 0.835185 0.257943 0.837500 0.258464 0.840278 0.258984 0.841667 0.260156 0.843750 0.260937 0.844676 0.262760 0.846065 0.264062 0.847454 0.265365 0.848380 0.267448 0.849306 0.269010 0.850694 0.270833 0.851157 0.271615 0.852083 0.275260 0.853935 0.277604 0.856250 0.278385 0.856713 0.280208 0.859954 0.281250 0.861343 0.283594 0.863194 0.284896 0.865046 0.288802 0.871991 0.289844 0.873380 0.291146 0.874306 0.293750 0.877083 0.295052 0.878935 0.296875 0.882176 0.298698 0.884028 0.300521 0.887269 0.301563 0.888657 0.304688 0.891435 0.307031 0.894213 0.308333 0.894213 0.308594 0.894676 0.310156 0.894676 0.310417 0.895139 0.313021 0.896065 0.314844 0.897454 0.315625 0.897454 0.317188 0.898380 0.318099 0.900000 0.318620 0.901852 0.318620 0.903704 0.319401 0.905093 0.319401 0.906944 0.318620 0.908333 0.318620 0.911111 0.318359 0.911574 0.318359 0.914352 0.318099 0.914815 0.318099 0.917593 0.317839 0.918056 0.317839 0.920833 0.317578 0.921296 0.317578 0.925463 0.317318 0.927778 0.316797 0.929630 0.316797 0.931019 0.316276 0.932870 0.316016 0.935185 0.316016 0.942593 0.315755 0.944907 0.315234 0.947222 0.315234 0.948611 0.314714 0.950463 0.314714 0.952315 0.314193 0.955093 0.314193 0.959259 0.313672 0.962037 0.313672 0.963889 0.312891 0.968056 0.312891 0.972222 0.313151 0.972685 0.313151 0.975463 0.312891 0.977315 0.312109 0.980093 0.311589 0.983796 0.310807 0.986111 0.310286 0.989815 0.310286 0.993056 0.310026 0.995370 0.308333 0.997454 0.307292 0.997917 0.303385 0.997917 0.303125 0.997454 0.297917 0.997454 0.297656 0.997917 0.280208 0.997917 0.279948 0.998380 0.275260 0.998380 0.275000 0.997917 0.241406 0.997917 0.241146 0.997454 0.234896 0.997454 0.234635 0.996991 0.230729 0.996991 0.230469 0.997454 0.226562 0.997454 0.226302 0.997917 0.209115 0.997917 0.208854 0.998380 0.203906 0.998380 0.203646 0.997917 0.202083 0.997917 0.201823 0.997454 0.191927 0.997454 0.191667 0.997917 0.187500 0.997917 0.187240 0.997454 0.180469 0.997454 0.180208 0.997917 0.166146 0.997917 0.165885 0.998380 0.161979 0.998380 0.161719 0.998843 0.157552 0.998843 0.157292 0.998380 0.155469 0.998380 0.155208 0.997917 0.152083 0.997917 0.151823 0.998380 0.147917 0.998380 0.147656 0.998843 0.141406 0.998843 0.141146 0.998380 0.139323 0.998380 0.139063 0.997917 0.136198 0.997917 0.135937 0.998380 0.133073 0.998380 0.132812 0.997917 0.129427 0.997917 0.129167 0.998380 0.123698 0.998380 0.123438 0.997917 0.119271 0.997917 0.119010 0.998380 0.116406 0.998380 0.116146 0.998843 0.112500 0.998843 0.112240 0.998380 0.105469 0.998380 0.105208 0.998843 0.096615 0.998843 0.096484 0.999537
 6 0.094922 0.999537 0.094792 0.998843 0.092969 0.998843 0.092708 0.998380 0.088542 0.998380 0.087240 0.998843 0.086979 0.998380 0.065365 0.998380 0.065104 0.997917 0.060417 0.997917 0.060156 0.998380 0.052865 0.998380 0.052604 0.998843 0.046875 0.998843 0.046615 0.998380 0.040104 0.998380 0.039844 0.998843 0.038281 0.998843 0.038151 0.999537
 2 0.309505 0.999537 0.308984 0.997222 0.308984 0.994907 0.309245 0.994444 0.310026 0.986574 0.310286 0.986111 0.310807 0.981481 0.310807 0.978704 0.311068 0.978241 0.311068 0.975463 0.311328 0.975000 0.311328 0.972685 0.311849 0.969907 0.311849 0.967593 0.312370 0.964815 0.312370 0.962500 0.312630 0.962037 0.312891 0.957870 0.313411 0.955093 0.313672 0.950926 0.314193 0.948611 0.314453 0.946296 0.314453 0.943519 0.314714 0.943056 0.314714 0.940278 0.315495 0.935185 0.315495 0.932870 0.315755 0.932407 0.315755 0.930093 0.316016 0.929630 0.316016 0.926852 0.316276 0.926389 0.316797 0.920833 0.317057 0.920370 0.317057 0.918056 0.317318 0.917593 0.317318 0.914815 0.317578 0.914352 0.317578 0.909722 0.317839 0.909259 0.317839 0.905093 0.317578 0.902778 0.317057 0.900463 0.315625 0.897917 0.313802 0.896528 0.312500 0.896528 0.312240 0.896065 0.310937 0.896065 0.310677 0.895602 0.308854 0.895602 0.308594 0.895139 0.307031 0.894676 0.306120 0.893056 0.307031 0.890972 0.310677 0.888194 0.311979 0.887731 0.313542 0.887731 0.313802 0.887269 0.315104 0.887269 0.316406 0.886806 0.317708 0.885880 0.322917 0.885880 0.323698 0.886806 0.325781 0.888194 0.328516 0.893056 0.329036 0.895370 0.329557 0.896296 0.330078 0.898611 0.331641 0.903241 0.333203 0.906481 0.335286 0.913889 0.335807 0.914815 0.336589 0.918519 0.337109 0.919907 0.337109 0.921296 0.337891 0.925000 0.337891 0.927315 0.338151 0.927778 0.338151 0.933333 0.338411 0.933796 0.338411 0.943981 0.338151 0.944444 0.338151 0.950000 0.337891 0.950463 0.337891 0.955093 0.337630 0.955556 0.337630 0.960185 0.337370 0.960648 0.337370 0.966667 0.337109 0.967130 0.337109 0.970370 0.336849 0.970833 0.336849 0.974537 0.336589 0.975000 0.336589 0.977778 0.336328 0.978241 0.336328 0.981019 0.336068 0.981481 0.336068 0.984259 0.335807 0.984722 0.335807 0.987037 0.335547 0.987500 0.335547 0.990278 0.335286 0.990741 0.335286 0.993519 0.335026 0.995833 0.334505 0.997685 0.333464 0.999537
 8 0.000000 0.537731 0.001563 0.537731 0.003385 0.540046 0.004687 0.540972 0.005208 0.541898 0.006771 0.543287 0.008073 0.545139 0.009896 0.548380 0.010156 0.548380 0.011719 0.551157 0.011979 0.551157 0.013281 0.553472 0.013542 0.553472 0.015625 0.556713 0.016927 0.557639 0.017969 0.559028 0.019792 0.562269 0.021354 0.563657 0.023177 0.566898 0.023438 0.566898 0.025000 0.569213 0.026302 0.570139 0.026823 0.571065 0.029167 0.573380 0.031510 0.577546 0.032552 0.578472 0.033333 0.579861 0.034375 0.580787 0.035677 0.582639 0.038021 0.584491 0.039323 0.585880 0.040495 0.587963 0.041276 0.590741 0.042448 0.592824 0.044010 0.594213 0.045052 0.595602 0.046875 0.598843 0.048958 0.600694 0.050260 0.601157 0.054948 0.601157 0.055208 0.600694 0.058333 0.600694 0.058594 0.600231 0.060417 0.600231 0.060677 0.599769 0.062240 0.599769 0.062500 0.599306 0.065365 0.599306 0.068490 0.601157 0.070312 0.604398 0.070573 0.604398 0.073568 0.609722 0.073568 0.610185 0.074740 0.612269 0.075000 0.612269 0.080599 0.622222 0.080859 0.624537 0.081380 0.625926 0.081641 0.627778 0.081380 0.629630 0.080599 0.631481 0.080078 0.633796 0.079297 0.635648 0.077734 0.638426 0.076693 0.642593 0.075911 0.643981 0.075391 0.645833 0.074609 0.647222 0.074349 0.648611 0.073307 0.651389 0.071484 0.655093 0.070443 0.657870 0.069401 0.661574 0.067839 0.665741 0.066797 0.669907 0.065755 0.672222 0.065495 0.673611 0.064193 0.677778 0.063151 0.679630 0.061589 0.685185 0.060807 0.687500 0.059505 0.690278 0.058984 0.692593 0.057682 0.695833 0.056380 0.700000 0.055078 0.703704 0.054818 0.705093 0.053776 0.707407 0.053516 0.708796 0.051432 0.713426 0.050130 0.716667 0.049870 0.718056 0.048828 0.720833 0.047266 0.724074 0.046745 0.725926 0.045703 0.728241 0.045443 0.729630 0.043359 0.735185 0.042578 0.736574 0.042057 0.738426 0.039193 0.744907 0.038672 0.747222 0.038151 0.748148 0.037109 0.752315 0.035547 0.756481 0.034245 0.760648 0.034245 0.761574 0.033464 0.763889 0.032682 0.767130 0.031641 0.769444 0.031380 0.770833 0.030339 0.773611 0.029818 0.776389 0.027995 0.781019 0.025911 0.787037 0.023828 0.792593 0.023307 0.794907 0.022786 0.795833 0.022266 0.798148 0.020964 0.801389 0.020182 0.804630 0.019661 0.805556 0.019141 0.807870 0.018359 0.810185 0.017318 0.812500 0.016276 0.816204 0.015234 0.818519 0.014193 0.822685 0.013672 0.823611 0.012370 0.827778 0.011849 0.828704 0.010286 0.834722 0.008203 0.840741 0.007422 0.844444 0.006901 0.845370 0.005599 0.850463 0.005078 0.851389 0.004557 0.853704 0.002995 0.858796 0.002995 0.859722 0.001302 0.864120 0.000000 0.864120
