 6 0.545312 0.338657 0.543490 0.338657 0.543229 0.338194 0.541146 0.338194 0.540104 0.337731 0.537760 0.335417 0.536198 0.334954 0.535937 0.334491 0.533854 0.333565 0.532552 0.332176 0.530208 0.331713 0.528906 0.330787 0.528125 0.330787 0.527083 0.329861 0.525781 0.329861 0.524479 0.329398 0.523177 0.328472 0.520833 0.328009 0.517188 0.326157 0.515885 0.325231 0.514062 0.324769 0.513802 0.324306 0.510938 0.323380 0.509635 0.322454 0.508594 0.322454 0.506250 0.321065 0.501823 0.319213 0.500000 0.318750 0.497396 0.316435 0.491406 0.314120 0.490365 0.313194 0.489583 0.313194 0.485417 0.310880 0.484635 0.309954 0.483333 0.309491 0.482292 0.308565 0.481510 0.308565 0.480208 0.307639 0.478906 0.307639 0.478646 0.307176 0.476823 0.306713 0.473438 0.305324 0.472135 0.304398 0.469792 0.303935 0.468490 0.303009 0.467448 0.303009 0.465885 0.302083 0.463802 0.299769 0.462370 0.296759 0.461068 0.292130 0.460547 0.289815 0.459245 0.282407 0.457682 0.275926 0.457682 0.275000 0.456901 0.272685 0.455859 0.267593 0.455859 0.266204 0.455339 0.263889 0.454297 0.260648 0.453776 0.257870 0.452995 0.252315 0.452214 0.249537 0.451693 0.248611 0.450651 0.244444 0.450130 0.241667 0.449609 0.236574 0.449089 0.234722 0.448307 0.229630 0.445703 0.220370 0.445182 0.217130 0.444141 0.213426 0.444141 0.212500 0.442057 0.204167 0.441797 0.201852 0.441276 0.200463 0.441016 0.198148 0.440495 0.196296 0.440495 0.194444 0.439974 0.192593 0.439453 0.188426 0.438672 0.185648 0.438672 0.179167 0.438932 0.177315 0.439714 0.175000 0.441276 0.172222 0.441276 0.171759 0.442578 0.169444 0.442578 0.168981 0.445573 0.163657 0.446875 0.161806 0.448437 0.160417 0.450130 0.157407 0.451172 0.154167 0.459375 0.139583 0.459635 0.139583 0.460807 0.137500 0.460807 0.137037 0.463021 0.133102 0.464062 0.132176 0.465234 0.130093 0.465755 0.128241 0.473307 0.114815 0.473307 0.114352 0.476823 0.108102 0.477865 0.106713 0.481250 0.103935 0.481771 0.103009 0.485156 0.103009 0.485417 0.103472 0.487500 0.103472 0.487760 0.103935 0.489844 0.103935 0.490104 0.104398 0.491667 0.104398 0.491927 0.104861 0.493750 0.104861 0.494010 0.105324 0.496094 0.105324 0.496354 0.105787 0.498437 0.105787 0.498698 0.106250 0.501563 0.106250 0.501823 0.106713 0.505208 0.106713 0.505469 0.107176 0.507552 0.107176 0.507812 0.107639 0.509635 0.107639 0.509896 0.108102 0.511198 0.108102 0.511458 0.108565 0.512760 0.108565 0.513021 0.109028 0.514844 0.109028 0.515104 0.109491 0.517188 0.109491 0.517448 0.109954 0.519010 0.109954 0.519271 0.110417 0.520833 0.110417 0.521094 0.110880 0.522917 0.110880 0.523177 0.111343 0.525781 0.111343 0.526042 0.111806 0.528125 0.111806 0.528385 0.112269 0.529948 0.112269 0.530208 0.112731 0.531510 0.112731 0.531771 0.113194 0.535417 0.114120 0.535677 0.114583 0.537240 0.114583 0.537500 0.115046 0.541406 0.115046 0.544271 0.116435 0.545833 0.116435 0.546094 0.116898 0.548177 0.116898 0.548438 0.117361 0.550781 0.117361 0.551042 0.117824 0.553646 0.117824 0.553906 0.118287 0.557292 0.118287 0.557552 0.118750 0.560156 0.118750 0.560417 0.119213 0.562240 0.119213 0.562500 0.119676 0.564323 0.119676 0.564583 0.120139 0.567448 0.120139 0.567708 0.120602 0.569010 0.120602 0.569271 0.121065 0.572396 0.121991 0.573828 0.124074 0.574870 0.127315 0.574870 0.132407 0.574609 0.132870 0.574609 0.143981 0.574870 0.144444 0.574870 0.146759 0.575130 0.147222 0.575130 0.150000 0.575391 0.150463 0.575391 0.153704 0.575651 0.154167 0.575651 0.156944 0.575911 0.157407 0.575911 0.159722 0.576172 0.162037 0.577214 0.165741 0.577734 0.170370 0.577995 0.170833 0.577995 0.173611 0.578255 0.174074 0.578255 0.177778 0.578516 0.178241 0.578516 0.181481 0.578776 0.181944 0.578776 0.184722 0.579036 0.187037 0.579557 0.189352 0.579557 0.198148 0.580078 0.200926 0.580078 0.202778 0.580599 0.205556 0.580599 0.210648 0.580859 0.211111 0.580859 0.214815 0.581120 0.215278 0.581120 0.218519 0.581380 0.218981 0.581380 0.221759 0.581641 0.222222 0.581641 0.224537 0.581901 0.225000 0.581901 0.229167 0.582161 0.229630 0.582161 0.234259 0.582422 0.234722 0.582422 0.239352 0.582682 0.239815 0.582682 0.243056 0.582943 0.243519 0.582943 0.246296 0.583203 0.246759 0.583203 0.249537 0.583464 0.250000 0.583464 0.255556 0.582682 0.260648 0.579948 0.265509 0.579688 0.265509 0.578516 0.267593 0.577734 0.269444 0.577474 0.270833 0.575911 0.275000 0.574349 0.277778 0.573568 0.280093 0.572786 0.281481 0.572266 0.283333 0.571484 0.284722 0.570703 0.287500 0.569401 0.289815 0.569401 0.290278 0.567318 0.293981 0.566536 0.296296 0.564583 0.299769 0.564323 0.299769 0.563151 0.301852 0.561589 0.306019 0.561068 0.308333 0.559505 0.311574 0.557943 0.316667 0.555599 0.320833 0.554557 0.323611 0.554297 0.325000 0.552734 0.328241 0.551693 0.331019 0.550000 0.334028 0.548698 0.335880 0.546354 0.338194 0.545312 0.338657
 6 0.571745 0.231019 0.572266 0.228704 0.572526 0.226389 0.572526 0.222685 0.572266 0.222222 0.572266 0.217130 0.572005 0.216667 0.572005 0.214352 0.571745 0.213889 0.571745 0.203704 0.571484 0.201852 0.569922 0.196759 0.568750 0.195139 0.567708 0.195602 0.565625 0.199306 0.564453 0.200926 0.563151 0.204167 0.562370 0.206944 0.559505 0.212037 0.558203 0.215741 0.556641 0.218519 0.555599 0.222222 0.554297 0.224537 0.553776 0.226389 0.554688 0.227546 0.556510 0.228009 0.556771 0.228472 0.558594 0.228472 0.558854 0.228935 0.560677 0.228935 0.561979 0.229861 0.563021 0.229861 0.564583 0.230787 0.566927 0.230787 0.567187 0.231250 0.571615 0.231250 0.571745 0.231019
 6 0.466536 0.264815 0.467969 0.262269 0.470052 0.260417 0.471484 0.257870 0.472266 0.255556 0.474089 0.251852 0.474349 0.250463 0.475130 0.248611 0.476953 0.245370 0.477995 0.242130 0.478776 0.240741 0.478776 0.239352 0.478385 0.238194 0.477865 0.238194 0.475521 0.235880 0.471094 0.234028 0.469792 0.233102 0.466146 0.232176 0.464844 0.231250 0.463542 0.230787 0.459635 0.230787 0.458333 0.231250 0.457422 0.233333 0.458203 0.234722 0.458984 0.239352 0.460026 0.242593 0.460286 0.245370 0.460807 0.248148 0.460807 0.250463 0.461328 0.252778 0.461328 0.254167 0.461849 0.256481 0.462630 0.258796 0.463151 0.261111 0.464844 0.264120 0.465885 0.265046 0.466536 0.264815
 4 0.646094 0.471528 0.638281 0.471528 0.637240 0.471065 0.633854 0.468750 0.633333 0.467824 0.631771 0.466435 0.629297 0.462037 0.627995 0.458333 0.627474 0.456019 0.627474 0.453704 0.627214 0.453241 0.627214 0.448148 0.626953 0.447685 0.626953 0.442130 0.626693 0.441667 0.626693 0.434259 0.627474 0.429630 0.629036 0.424074 0.631250 0.420139 0.633854 0.416898 0.635156 0.415509 0.636198 0.415046 0.636979 0.414120 0.638542 0.413194 0.639844 0.413194 0.640104 0.412731 0.642188 0.412731 0.642448 0.412269 0.644531 0.412269 0.644792 0.412731 0.647917 0.412731 0.649219 0.413194 0.651823 0.415046 0.653385 0.416898 0.654948 0.419676 0.655208 0.419676 0.656380 0.421759 0.658203 0.426852 0.658724 0.431019 0.658984 0.431481 0.658984 0.433796 0.659245 0.434259 0.659245 0.438889 0.659505 0.439352 0.659505 0.448611 0.658724 0.454630 0.657682 0.458333 0.656901 0.460185 0.653906 0.465509 0.651042 0.468287 0.650000 0.468750 0.647135 0.471065 0.646094 0.471528
 4 0.691927 0.530787 0.688021 0.530787 0.687760 0.530324 0.685937 0.530324 0.683854 0.528935 0.683333 0.528935 0.681510 0.527083 0.680208 0.526620 0.678125 0.524769 0.676302 0.522454 0.675130 0.520370 0.674349 0.518519 0.672526 0.513426 0.672005 0.511111 0.671745 0.507870 0.671484 0.507407 0.671484 0.505093 0.671224 0.504630 0.671224 0.499537 0.671484 0.499074 0.671484 0.494444 0.671745 0.493981 0.671745 0.490278 0.672005 0.487963 0.672526 0.485648 0.672526 0.484259 0.673568 0.480093 0.674870 0.477778 0.676172 0.474074 0.677344 0.471991 0.678125 0.471065 0.680208 0.469676 0.680990 0.468750 0.681771 0.468750 0.682813 0.467824 0.683594 0.467824 0.684635 0.466898 0.686719 0.466435 0.686979 0.465972 0.688542 0.465972 0.688802 0.465509 0.692708 0.465509 0.693750 0.465972 0.694531 0.466898 0.695312 0.466898 0.696354 0.467824 0.697917 0.468287 0.698698 0.469213 0.700521 0.470602 0.702604 0.473843 0.702865 0.473843 0.705599 0.478704 0.706901 0.482870 0.707422 0.487963 0.707682 0.488426 0.707682 0.501389 0.707422 0.501852 0.707422 0.505556 0.707161 0.506019 0.707161 0.509259 0.706901 0.509722 0.706380 0.513889 0.704818 0.518981 0.703385 0.521991 0.702344 0.523380 0.698438 0.527083 0.697917 0.527083 0.696615 0.528472 0.695312 0.528935 0.693750 0.530324 0.692187 0.530324 0.691927 0.530787
 4 0.736719 0.525231 0.734635 0.525231 0.734375 0.524769 0.733073 0.524769 0.732812 0.524306 0.731510 0.524306 0.731250 0.524769 0.727604 0.524769 0.727344 0.524306 0.725000 0.523380 0.723698 0.522454 0.721354 0.520139 0.719531 0.517824 0.717187 0.516435 0.716276 0.514815 0.715495 0.512037 0.713932 0.508333 0.713411 0.505093 0.712891 0.503241 0.712630 0.499074 0.712370 0.498611 0.712370 0.486574 0.712630 0.486111 0.712630 0.481944 0.713411 0.475463 0.714453 0.471759 0.715234 0.470370 0.716276 0.467130 0.717969 0.463657 0.721615 0.459954 0.724479 0.458102 0.725781 0.458102 0.726042 0.457639 0.727344 0.457639 0.727604 0.457176 0.729427 0.457176 0.729688 0.456713 0.731510 0.456713 0.732812 0.456250 0.733073 0.456713 0.734635 0.456713 0.734896 0.457176 0.736198 0.457176 0.738021 0.458565 0.738802 0.458565 0.741146 0.459954 0.741927 0.460880 0.744271 0.462731 0.745313 0.464120 0.748047 0.468981 0.748828 0.470833 0.750130 0.475000 0.750911 0.479630 0.751172 0.481944 0.751172 0.484722 0.750911 0.485185 0.750911 0.489815 0.750391 0.492593 0.750391 0.494444 0.749609 0.498611 0.749349 0.501852 0.748828 0.503704 0.748568 0.506019 0.747266 0.510185 0.746484 0.512037 0.744531 0.515509 0.742969 0.516898 0.741536 0.518519 0.741536 0.518981 0.739714 0.522222 0.739583 0.522917 0.738021 0.523843 0.736719 0.525231
 4 0.657552 0.607176 0.657292 0.606713 0.654167 0.606713 0.652604 0.605787 0.650781 0.605324 0.646354 0.601157 0.645573 0.600694 0.644792 0.599306 0.641927 0.596528 0.640625 0.594676 0.638932 0.591667 0.636849 0.585185 0.636849 0.583796 0.636328 0.581944 0.636068 0.579630 0.636068 0.574537 0.635807 0.574074 0.635807 0.559722 0.637109 0.552778 0.637891 0.549537 0.638932 0.546759 0.640365 0.544213 0.643229 0.540509 0.647135 0.537269 0.648958 0.536806 0.650260 0.535880 0.652604 0.535880 0.652865 0.535417 0.655729 0.535417 0.655990 0.535880 0.657813 0.535880 0.658854 0.536343 0.660156 0.537731 0.660677 0.537731 0.661979 0.539120 0.663542 0.540046 0.666667 0.543750 0.666927 0.543750 0.668880 0.547222 0.670443 0.551389 0.670964 0.553704 0.671224 0.556019 0.671745 0.557407 0.672266 0.560648 0.672266 0.563889 0.672526 0.564352 0.672526 0.573611 0.672266 0.574074 0.672266 0.577778 0.672005 0.578241 0.672005 0.581019 0.670964 0.587500 0.669661 0.591667 0.666146 0.597917 0.663281 0.600694 0.661719 0.603472 0.659896 0.604861 0.658854 0.606713 0.657552 0.607176
 3 0.717448 0.462269 0.716146 0.462269 0.715365 0.461343 0.713802 0.460417 0.712240 0.459954 0.710677 0.458102 0.708594 0.456250 0.706641 0.453241 0.705339 0.450000 0.704818 0.447222 0.704818 0.435648 0.705078 0.435185 0.705078 0.431944 0.705339 0.431481 0.705599 0.427315 0.706901 0.422222 0.707682 0.420370 0.709896 0.416898 0.710938 0.415972 0.711719 0.414583 0.714844 0.412269 0.715625 0.412269 0.716667 0.411343 0.717969 0.411343 0.718229 0.410880 0.725000 0.410880 0.726302 0.411806 0.727344 0.411806 0.729948 0.413194 0.732031 0.415046 0.733594 0.416898 0.736328 0.421759 0.737630 0.426852 0.737630 0.436574 0.737370 0.437037 0.737370 0.439815 0.737109 0.440278 0.737109 0.442593 0.736849 0.443056 0.736849 0.445370 0.736328 0.448148 0.735026 0.452315 0.733333 0.455324 0.732031 0.456250 0.730208 0.456250 0.729948 0.456713 0.727865 0.456713 0.727604 0.457176 0.724740 0.458102 0.720573 0.460880 0.718750 0.461343 0.717448 0.462269
 3 0.646354 0.537731 0.642708 0.537731 0.641406 0.536343 0.639583 0.534954 0.637240 0.532639 0.635807 0.530093 0.633984 0.524074 0.633984 0.523148 0.633203 0.519444 0.633203 0.517130 0.632943 0.516667 0.632943 0.512500 0.632682 0.512037 0.632682 0.508333 0.632943 0.507870 0.632943 0.503704 0.633724 0.500000 0.633724 0.499074 0.634766 0.495370 0.637500 0.490509 0.638281 0.490046 0.640885 0.487269 0.645312 0.484491 0.650781 0.484491 0.651042 0.484954 0.652344 0.484954 0.652604 0.485417 0.654687 0.485880 0.655469 0.486806 0.657292 0.487731 0.659635 0.490046 0.662370 0.494907 0.662370 0.495370 0.664193 0.502315 0.664453 0.504167 0.664453 0.514352 0.664193 0.514815 0.664193 0.518519 0.663932 0.520833 0.662891 0.525926 0.661589 0.528704 0.661589 0.529167 0.660026 0.531944 0.659375 0.533565 0.657813 0.534954 0.655208 0.535880 0.651823 0.535880 0.651563 0.536343 0.649479 0.536343 0.647917 0.537269 0.646615 0.537269 0.646354 0.537731
 3 0.697656 0.604398 0.697135 0.603935 0.694792 0.603935 0.694531 0.603472 0.692969 0.603472 0.691927 0.602546 0.690625 0.602083 0.687760 0.599769 0.687240 0.598843 0.685937 0.597917 0.684896 0.596528 0.682161 0.591667 0.681641 0.589352 0.680859 0.587500 0.680859 0.586111 0.680339 0.583796 0.680339 0.581481 0.680078 0.581019 0.680078 0.564352 0.680339 0.562037 0.680859 0.560185 0.681120 0.557870 0.682682 0.553704 0.684896 0.549769 0.685677 0.548843 0.689323 0.545602 0.690885 0.545139 0.692969 0.543750 0.698698 0.543750 0.698958 0.544213 0.700521 0.544213 0.702604 0.545602 0.704427 0.546065 0.706250 0.547454 0.708073 0.549306 0.709375 0.551620 0.709635 0.551620 0.712630 0.556944 0.713672 0.559722 0.713672 0.560648 0.714714 0.564352 0.714974 0.566204 0.714974 0.574074 0.714714 0.574537 0.714714 0.577778 0.714453 0.578241 0.714453 0.580556 0.714193 0.581019 0.713932 0.585185 0.713672 0.585648 0.713411 0.588426 0.711849 0.593519 0.710417 0.596065 0.710156 0.596065 0.708333 0.598843 0.704688 0.602083 0.701042 0.603935 0.697917 0.603935 0.697656 0.604398
 6 0.645833 0.739120 0.638802 0.739120 0.638542 0.738657 0.635156 0.738657 0.633594 0.737269 0.631901 0.734259 0.631120 0.731481 0.630339 0.725000 0.630339 0.721296 0.630078 0.720833 0.630078 0.714815 0.629818 0.714352 0.629818 0.710185 0.629297 0.707407 0.629297 0.704630 0.629036 0.704167 0.629036 0.700000 0.628776 0.699537 0.628776 0.695833 0.628516 0.695370 0.628516 0.691667 0.628255 0.691204 0.628255 0.682870 0.627995 0.682407 0.627995 0.680093 0.627734 0.679630 0.627734 0.677315 0.627474 0.676852 0.627474 0.673611 0.627214 0.673148 0.627214 0.668981 0.626953 0.668519 0.626953 0.665278 0.626693 0.664815 0.626693 0.662037 0.626172 0.659259 0.626172 0.656481 0.625911 0.656019 0.625911 0.653704 0.625651 0.653241 0.625651 0.650926 0.625391 0.650463 0.625391 0.646759 0.625130 0.646296 0.625130 0.642130 0.624870 0.641667 0.624870 0.633796 0.624349 0.631019 0.624349 0.628704 0.624089 0.628241 0.624089 0.625000 0.623828 0.624537 0.623828 0.620370 0.623568 0.619907 0.623568 0.614352 0.623307 0.613889 0.623307 0.604630 0.623047 0.604167 0.623047 0.600463 0.622786 0.600000 0.622786 0.596759 0.622526 0.596296 0.622526 0.593519 0.622266 0.593056 0.622266 0.590278 0.622005 0.589815 0.622005 0.587037 0.621745 0.586574 0.621745 0.578241 0.621484 0.577778 0.621484 0.574074 0.621224 0.573611 0.621224 0.566204 0.620964 0.565741 0.620964 0.562500 0.620703 0.562037 0.620703 0.558796 0.620443 0.558333 0.620443 0.555093 0.620182 0.554630 0.620182 0.550926 0.619922 0.550463 0.619922 0.544444 0.619661 0.543981 0.619661 0.541204 0.619401 0.540741 0.619401 0.537963 0.619141 0.537500 0.619141 0.535185 0.618359 0.530093 0.618359 0.527315 0.618099 0.526852 0.618099 0.523611 0.617839 0.523148 0.617839 0.519444 0.617578 0.518981 0.617578 0.515741 0.617318 0.515278 0.617318 0.512500 0.617057 0.512037 0.617057 0.508333 0.616797 0.507870 0.616797 0.503241 0.616536 0.502778 0.616536 0.497685 0.616276 0.497222 0.616276 0.489815 0.616016 0.489352 0.616016 0.484259 0.615755 0.483796 0.615755 0.476389 0.615495 0.475926 0.615495 0.472222 0.615234 0.471759 0.615234 0.466667 0.614974 0.466204 0.614974 0.462963 0.614714 0.462500 0.614714 0.460185 0.614453 0.459722 0.614453 0.456019 0.614193 0.455556 0.614193 0.449074 0.613932 0.448611 0.613932 0.441204 0.613672 0.440741 0.613672 0.436111 0.613411 0.435648 0.613411 0.430093 0.613151 0.429630 0.613151 0.424074 0.612891 0.423611 0.612891 0.420370 0.612630 0.419907 0.612630 0.417593 0.612370 0.417130 0.612370 0.414815 0.612109 0.414352 0.612109 0.399537 0.611849 0.399074 0.611849 0.392593 0.612109 0.392130 0.612109 0.388426 0.612370 0.386111 0.612891 0.384259 0.614844 0.380787 0.616667 0.379398 0.617448 0.379398 0.618490 0.378472 0.619792 0.378472 0.620052 0.378009 0.622396 0.378009 0.623437 0.377546 0.625000 0.376157 0.628125 0.375231 0.628385 0.374769 0.630208 0.374769 0.630469 0.374306 0.634635 0.374306 0.634896 0.373843 0.637240 0.373843 0.637500 0.373380 0.640625 0.373380 0.640885 0.372917 0.643490 0.372917 0.643750 0.372454 0.645052 0.372454 0.645312 0.371991 0.646875 0.371991 0.647135 0.371528 0.648698 0.371528 0.648958 0.371065 0.650260 0.371065 0.650521 0.370602 0.651823 0.370602 0.652083 0.370139 0.653906 0.370139 0.654167 0.369676 0.656771 0.369676 0.657031 0.369213 0.659375 0.369213 0.659635 0.368750 0.661458 0.368750 0.661719 0.368287 0.664844 0.368287 0.665104 0.367824 0.666927 0.367824 0.669792 0.366435 0.671094 0.366435 0.671354 0.365972 0.673177 0.365972 0.673438 0.365509 0.675521 0.365509 0.675781 0.365046 0.677604 0.365046 0.677865 0.364583 0.680469 0.364583 0.680729 0.364120 0.682031 0.364120 0.683073 0.363194 0.684896 0.362731 0.686198 0.361806 0.687240 0.361806 0.688802 0.360880 0.694010 0.360880 0.694271 0.360417 0.697396 0.360417 0.697656 0.359954 0.699740 0.359954 0.700000 0.359491 0.701823 0.359491 0.702083 0.359028 0.703385 0.359028 0.703646 0.358565 0.706510 0.358565 0.706771 0.358102 0.709635 0.358102 0.711979 0.356713 0.713281 0.356713 0.713542 0.356250 0.716406 0.356250 0.716667 0.355787 0.718490 0.355787 0.719792 0.354861 0.721354 0.354861 0.721615 0.355324 0.723698 0.356250 0.723958 0.356713 0.725000 0.356250 0.725521 0.355324 0.727604 0.353472 0.729688 0.353009 0.729948 0.353472 0.732292 0.353472 0.734115 0.354861 0.735807 0.357870 0.736068 0.359722 0.736589 0.361111 0.736589 0.362500 0.738672 0.368056 0.739193 0.370833 0.739453 0.374074 0.739974 0.375926 0.740495 0.379630 0.741016 0.381019 0.741016 0.382407 0.741797 0.385648 0.741797 0.386574 0.742578 0.390278 0.742578 0.392593 0.743099 0.395370 0.743620 0.400000 0.743620 0.402315 0.743880 0.402778 0.743880 0.405556 0.744141 0.407870 0.744922 0.410648 0.744922 0.411574 0.746745 0.416667 0.748568 0.423148 0.749089 0.425463 0.749349 0.428241 0.749870 0.430093 0.750130 0.433333 0.750391 0.433796 0.750391 0.436574 0.750651 0.437037 0.750651 0.439815 0.750911 0.441667 0.751953 0.444444 0.752734 0.447685 0.752734 0.449074 0.753255 0.450463 0.754557 0.456944 0.754818 0.460185 0.755599 0.463426 0.755859 0.465741 0.756380 0.467130 0.756641 0.469444 0.757161 0.470833 0.758464 0.476852 0.759245 0.482870 0.759245 0.484259 0.760026 0.487037 0.761589 0.496296 0.762109 0.498611 0.763151 0.505093 0.764714 0.511111 0.766016 0.518519 0.766536 0.524074 0.767578 0.530093 0.768099 0.531481 0.768099 0.532870 0.768620 0.534722 0.768880 0.537037 0.769401 0.538426 0.769661 0.540741 0.770182 0.542130 0.770443 0.544444 0.770964 0.545833 0.770964 0.547222 0.771745 0.551389 0.772266 0.552778 0.772786 0.556481 0.773307 0.557870 0.774609 0.564815 0.774870 0.568056 0.775391 0.569907 0.775651 0.572222 0.776172 0.574074 0.776953 0.579630 0.777474 0.581944 0.778255 0.584259 0.778776 0.587963 0.779818 0.591667 0.780599 0.596759 0.781380 0.600000 0.781380 0.601389 0.782161 0.605556 0.782161 0.607870 0.782422 0.608333 0.782422 0.619444 0.782161 0.619907 0.782161 0.622222 0.781641 0.623611 0.780599 0.630093 0.780078 0.631481 0.779557 0.634259 0.777734 0.640278 0.776693 0.646296 0.776172 0.647685 0.774609 0.654630 0.774089 0.658796 0.773047 0.662500 0.772526 0.663426 0.771745 0.666667 0.771224 0.667593 0.770964 0.669444 0.770182 0.672685 0.770182 0.674074 0.769661 0.676389 0.768359 0.681019 0.767057 0.686574 0.766276 0.688889 0.765755 0.692130 0.764974 0.694444 0.764453 0.698148 0.763411 0.702778 0.763411 0.704167 0.762370 0.706944 0.761589 0.709722 0.760807 0.714815 0.760286 0.717130 0.759505 0.719444 0.758984 0.721759 0.758724 0.724074 0.758203 0.726389 0.756901 0.729630 0.756901 0.730093 0.755729 0.732176 0.752083 0.735417 0.747135 0.735417 0.746875 0.735880 0.735156 0.735880 0.734896 0.736343 0.728125 0.736343 0.727865 0.736806 0.710417 0.736806 0.710156 0.737269 0.687500 0.737269 0.687240 0.736806 0.681510 0.736806 0.681250 0.736343 0.676562 0.736343 0.676302 0.736806 0.673698 0.736806 0.673438 0.737269 0.664583 0.737269 0.664323 0.737731 0.662500 0.737731 0.662240 0.738194 0.660937 0.737731 0.656510 0.737731 0.656250 0.738194 0.649740 0.738194 0.649479 0.738657 0.646094 0.738657 0.645833 0.739120
 6 0.717318 0.470370 0.717578 0.467593 0.717187 0.466898 0.716146 0.466898 0.715755 0.468056 0.715755 0.469444 0.716146 0.470602 0.717318 0.470370
 4 0.966146 0.453472 0.959115 0.453472 0.958854 0.453009 0.957292 0.453009 0.957031 0.452546 0.955469 0.452546 0.955208 0.452083 0.951302 0.450694 0.946615 0.447454 0.943750 0.445602 0.940625 0.442361 0.939844 0.441898 0.938281 0.440046 0.935807 0.435648 0.934766 0.432407 0.934505 0.430093 0.933984 0.428704 0.933984 0.421296 0.934245 0.419444 0.935547 0.414352 0.936068 0.412963 0.937891 0.409722 0.937891 0.409259 0.939193 0.406481 0.939714 0.404167 0.941016 0.401389 0.941016 0.400926 0.945573 0.392824 0.946615 0.391435 0.948698 0.389583 0.950260 0.389120 0.952083 0.387731 0.954427 0.386806 0.954688 0.386343 0.956250 0.386343 0.956510 0.385880 0.958594 0.385880 0.958854 0.385417 0.960938 0.385417 0.961198 0.384954 0.967187 0.384954 0.967448 0.385417 0.969271 0.385880 0.970573 0.386806 0.971875 0.387269 0.972656 0.388194 0.975521 0.390046 0.976042 0.390046 0.978125 0.391898 0.978646 0.392824 0.979948 0.393750 0.981510 0.396065 0.983594 0.398380 0.985807 0.402315 0.986849 0.406019 0.986849 0.407407 0.987891 0.412037 0.987891 0.414815 0.987630 0.415278 0.987630 0.417593 0.987109 0.420833 0.986328 0.422685 0.985026 0.427315 0.983724 0.429630 0.983724 0.430093 0.982422 0.432407 0.981641 0.434722 0.980599 0.436574 0.978516 0.442130 0.976302 0.446065 0.975521 0.446991 0.972917 0.449306 0.972396 0.449306 0.970052 0.451620 0.967708 0.452546 0.966146 0.453472
 4 0.915625 0.557639 0.911458 0.557639 0.909635 0.556250 0.907292 0.555324 0.905208 0.553009 0.904297 0.551389 0.903516 0.547222 0.903776 0.544444 0.905599 0.541204 0.905599 0.540741 0.906901 0.538426 0.906901 0.537963 0.912500 0.528009 0.912760 0.528009 0.914714 0.524537 0.914714 0.524074 0.916016 0.521296 0.917318 0.516204 0.918620 0.513889 0.918620 0.513426 0.921224 0.508796 0.921224 0.508333 0.923047 0.503704 0.923568 0.501852 0.924349 0.496759 0.925130 0.493981 0.925651 0.493056 0.926953 0.487500 0.928516 0.482407 0.929427 0.480787 0.930990 0.479398 0.932552 0.479398 0.932813 0.478935 0.938281 0.478935 0.938542 0.478472 0.947917 0.478472 0.948177 0.478935 0.951042 0.478935 0.951302 0.479398 0.953906 0.480324 0.954818 0.481481 0.954557 0.483333 0.952865 0.484954 0.952344 0.484954 0.948958 0.488194 0.946484 0.492593 0.946224 0.493981 0.945182 0.496296 0.944141 0.500463 0.944141 0.501389 0.943359 0.503704 0.942057 0.508796 0.940755 0.512037 0.939453 0.514352 0.938932 0.516204 0.938151 0.517593 0.937630 0.519444 0.936849 0.520833 0.936068 0.523148 0.934896 0.525231 0.933854 0.526157 0.930990 0.531250 0.930729 0.531250 0.927734 0.536574 0.926693 0.539815 0.925391 0.542130 0.925391 0.542593 0.923307 0.546296 0.922526 0.548611 0.920573 0.552083 0.919271 0.553935 0.918229 0.554861 0.916406 0.557176 0.915625 0.557639
 7 0.394792 0.571991 0.384375 0.571991 0.384115 0.571528 0.380208 0.571528 0.377604 0.569676 0.376432 0.567593 0.375651 0.563889 0.375651 0.561574 0.375391 0.559722 0.374870 0.558333 0.373177 0.556250 0.371484 0.553241 0.370443 0.550926 0.369661 0.548611 0.368620 0.546759 0.367578 0.543056 0.364453 0.537500 0.363932 0.535648 0.361589 0.531481 0.360026 0.526389 0.358724 0.524074 0.358724 0.523611 0.357422 0.521296 0.356641 0.518981 0.355599 0.516667 0.355078 0.514815 0.353776 0.512500 0.352734 0.508796 0.352474 0.505093 0.351953 0.503241 0.350130 0.500000 0.348828 0.496296 0.347786 0.494444 0.346224 0.490278 0.344271 0.486806 0.343229 0.485417 0.340365 0.483102 0.338672 0.480093 0.337891 0.476852 0.337891 0.473611 0.338672 0.468056 0.339193 0.466667 0.339714 0.462963 0.340234 0.461111 0.340495 0.458796 0.341536 0.455556 0.342057 0.453241 0.342057 0.451852 0.342578 0.450463 0.342839 0.448148 0.343620 0.445833 0.343620 0.444907 0.344661 0.441667 0.344922 0.439352 0.345443 0.437500 0.345443 0.436111 0.345964 0.434722 0.346484 0.431019 0.348568 0.425463 0.348568 0.424537 0.349349 0.422222 0.350130 0.417130 0.350651 0.415741 0.351693 0.411111 0.351693 0.410185 0.353516 0.403704 0.353776 0.402315 0.354818 0.399074 0.355339 0.395833 0.356901 0.391204 0.357422 0.388426 0.357422 0.387037 0.357943 0.385185 0.358203 0.382407 0.358984 0.379630 0.360026 0.376852 0.360026 0.375926 0.360807 0.373148 0.361328 0.372222 0.361849 0.369907 0.363151 0.362963 0.363932 0.360648 0.364453 0.356944 0.366016 0.351852 0.367448 0.349306 0.368750 0.347917 0.370052 0.347454 0.371354 0.346528 0.372656 0.346065 0.376563 0.346065 0.376823 0.345602 0.379427 0.345602 0.379688 0.345139 0.385417 0.345139 0.385677 0.344676 0.389062 0.344676 0.389323 0.344213 0.391667 0.344213 0.391927 0.343750 0.394271 0.343750 0.394531 0.343287 0.396354 0.343287 0.396615 0.342824 0.398958 0.342824 0.399219 0.342361 0.402083 0.342361 0.402344 0.341898 0.404167 0.341898 0.404427 0.341435 0.405990 0.341435 0.407552 0.340509 0.411719 0.340509 0.411979 0.340046 0.414062 0.340046 0.414323 0.339583 0.416927 0.339583 0.417187 0.339120 0.419792 0.339120 0.420052 0.338657 0.426042 0.338657 0.426302 0.338194 0.428646 0.338194 0.428906 0.337731 0.430729 0.337731 0.430990 0.337269 0.433333 0.337269 0.433594 0.336806 0.435417 0.336806 0.436719 0.335880 0.438542 0.335417 0.439583 0.334491 0.441927 0.334028 0.442188 0.333565 0.443750 0.333565 0.444010 0.333102 0.445312 0.333102 0.445573 0.332639 0.446875 0.332639 0.447135 0.332176 0.451823 0.332176 0.452083 0.332639 0.453906 0.332639 0.454167 0.333102 0.456250 0.333102 0.456510 0.332639 0.459375 0.332639 0.459635 0.332176 0.463021 0.332176 0.464323 0.331713 0.465625 0.330787 0.470313 0.330787 0.470573 0.330324 0.472656 0.330324 0.472917 0.329861 0.474479 0.329861 0.475781 0.329398 0.477604 0.328009 0.483594 0.328009 0.483854 0.327546 0.486458 0.327546 0.486719 0.327083 0.490365 0.327083 0.492448 0.326157 0.493490 0.325231 0.494531 0.325231 0.496354 0.326620 0.497396 0.327083 0.498568 0.329167 0.498828 0.331019 0.499349 0.332407 0.499870 0.336574 0.500651 0.339815 0.500651 0.341204 0.501432 0.344444 0.502214 0.348611 0.502474 0.350926 0.502995 0.352778 0.503255 0.356019 0.503776 0.357870 0.503776 0.359259 0.504297 0.362037 0.504818 0.363426 0.505339 0.366204 0.506120 0.371759 0.507682 0.378241 0.507682 0.381019 0.508203 0.383796 0.508464 0.386574 0.509245 0.388889 0.509766 0.391204 0.509766 0.392593 0.510286 0.394444 0.510547 0.397685 0.512891 0.406481 0.513411 0.412500 0.514193 0.415278 0.514453 0.417593 0.514974 0.418981 0.515234 0.421296 0.516797 0.428704 0.517578 0.431481 0.518880 0.433796 0.519401 0.435648 0.519661 0.437963 0.519661 0.442593 0.519401 0.443056 0.518880 0.447685 0.518880 0.452778 0.518620 0.453241 0.518620 0.456019 0.518359 0.458333 0.517839 0.460185 0.517839 0.462500 0.517578 0.462963 0.517578 0.466204 0.517318 0.466667 0.517318 0.468981 0.516797 0.471296 0.516797 0.473611 0.516536 0.474074 0.516536 0.477315 0.516276 0.477778 0.516276 0.481481 0.516016 0.481944 0.516016 0.491204 0.515755 0.491667 0.515495 0.494907 0.514974 0.496759 0.514714 0.500000 0.514453 0.500463 0.513932 0.504167 0.513932 0.506944 0.513672 0.507407 0.513672 0.510185 0.513411 0.510648 0.513411 0.516204 0.513151 0.516667 0.513151 0.518981 0.512891 0.519444 0.512891 0.522222 0.512630 0.522685 0.512630 0.525000 0.512370 0.525463 0.512370 0.528241 0.512109 0.528704 0.512109 0.534259 0.511849 0.534722 0.511849 0.539815 0.511589 0.540278 0.511589 0.542593 0.511328 0.543056 0.511328 0.545370 0.511068 0.545833 0.511068 0.551389 0.509245 0.558796 0.509245 0.560648 0.508464 0.564815 0.506771 0.567824 0.504948 0.569213 0.502865 0.569676 0.502604 0.570139 0.496615 0.570139 0.496354 0.570602 0.490625 0.570602 0.490365 0.570139 0.487760 0.570139 0.487500 0.570602 0.486198 0.570602 0.485938 0.570139 0.480208 0.570139 0.479948 0.570602 0.465104 0.570602 0.464844 0.571065 0.459896 0.571065 0.459635 0.570602 0.457813 0.570602 0.457552 0.571065 0.452344 0.571065 0.452083 0.570602 0.450260 0.570602 0.450000 0.571065 0.425781 0.571065 0.425521 0.571528 0.395052 0.571528 0.394792 0.571991
 7 0.377734 0.533796 0.377865 0.533565 0.380208 0.533565 0.381380 0.529630 0.381641 0.527315 0.382422 0.524537 0.382422 0.520833 0.382161 0.518519 0.381250 0.516898 0.380469 0.516435 0.376302 0.516435 0.375260 0.517361 0.373698 0.517824 0.372266 0.522222 0.372266 0.523611 0.372786 0.525000 0.374479 0.526620 0.375911 0.529167 0.376172 0.530556 0.377344 0.534028 0.377734 0.533796
 5 0.396875 0.647454 0.392448 0.647454 0.392188 0.646991 0.389583 0.646065 0.388021 0.644676 0.386589 0.642130 0.386589 0.641667 0.384766 0.637037 0.383984 0.635648 0.382943 0.632407 0.382161 0.631019 0.380859 0.627315 0.379557 0.625000 0.379557 0.624537 0.376953 0.619907 0.375651 0.616667 0.375130 0.613889 0.375130 0.606481 0.375651 0.604167 0.375651 0.602315 0.377214 0.595833 0.378255 0.593519 0.380469 0.589583 0.385417 0.584954 0.387500 0.584491 0.387760 0.584028 0.393490 0.584028 0.394792 0.584954 0.396094 0.585417 0.397786 0.587963 0.398828 0.590278 0.400130 0.594444 0.401693 0.597222 0.401693 0.597685 0.405990 0.605324 0.406250 0.605324 0.408203 0.608796 0.409766 0.613889 0.410547 0.619444 0.410547 0.622685 0.410286 0.624537 0.409505 0.627778 0.409505 0.628704 0.408724 0.631481 0.408203 0.632407 0.407682 0.634722 0.405208 0.639120 0.403906 0.640972 0.402865 0.641898 0.401302 0.644213 0.399219 0.646065 0.396875 0.647454
 5 0.354948 0.646065 0.352865 0.646065 0.351823 0.645602 0.350000 0.644213 0.348177 0.640972 0.347917 0.640972 0.346484 0.638426 0.345703 0.636111 0.342578 0.630556 0.340495 0.625926 0.340495 0.625463 0.339062 0.622917 0.337760 0.621528 0.336068 0.618519 0.335026 0.614815 0.335026 0.612500 0.334766 0.612037 0.334766 0.606481 0.335286 0.605093 0.335807 0.601389 0.336328 0.600000 0.337109 0.596759 0.339844 0.591898 0.340104 0.591898 0.342187 0.588194 0.345573 0.585417 0.347396 0.585417 0.347656 0.584954 0.353906 0.584954 0.355208 0.585880 0.357422 0.589815 0.358724 0.593519 0.359896 0.595602 0.361198 0.596991 0.362500 0.598843 0.364323 0.602083 0.364583 0.602083 0.366927 0.606250 0.367188 0.606250 0.368620 0.608796 0.369661 0.611574 0.370443 0.614815 0.370703 0.617130 0.370703 0.619444 0.370964 0.619907 0.370964 0.622222 0.370443 0.624537 0.369922 0.628704 0.368880 0.631481 0.368620 0.632870 0.364583 0.640046 0.361979 0.643287 0.361458 0.643287 0.359896 0.644676 0.358073 0.645139 0.357812 0.645602 0.355208 0.645602 0.354948 0.646065
 5 0.318490 0.645139 0.317448 0.644676 0.315885 0.644676 0.315625 0.644213 0.314323 0.644213 0.313021 0.643750 0.310937 0.641898 0.308984 0.638426 0.308203 0.636111 0.306250 0.632639 0.305990 0.632639 0.302083 0.625694 0.300781 0.624306 0.299479 0.622454 0.297266 0.617593 0.296484 0.615278 0.296484 0.606019 0.297005 0.603241 0.298307 0.597685 0.298828 0.596296 0.301302 0.591898 0.302344 0.590509 0.304167 0.588657 0.304688 0.588657 0.305990 0.587269 0.307812 0.586343 0.308594 0.586343 0.309896 0.585417 0.315104 0.585417 0.316667 0.586806 0.320833 0.594213 0.321615 0.594676 0.323177 0.596528 0.325260 0.599769 0.327083 0.601620 0.327865 0.603009 0.329948 0.605324 0.331641 0.608333 0.332682 0.611574 0.333203 0.614352 0.333203 0.617130 0.333464 0.617593 0.333464 0.621296 0.332682 0.624074 0.332682 0.625000 0.331120 0.630093 0.329557 0.632870 0.328776 0.635185 0.327083 0.638194 0.324740 0.640046 0.323958 0.641435 0.322396 0.643287 0.321094 0.643750 0.319792 0.644676 0.318490 0.645139
 5 0.307812 0.703009 0.305729 0.703009 0.305469 0.702546 0.303125 0.701620 0.302344 0.700694 0.296094 0.689583 0.294792 0.688657 0.293229 0.686343 0.292187 0.685417 0.291146 0.683565 0.289844 0.682176 0.287500 0.678472 0.286849 0.677778 0.286068 0.675000 0.285807 0.672685 0.285807 0.668519 0.286068 0.668056 0.286328 0.665278 0.287370 0.661574 0.288932 0.658333 0.289453 0.656481 0.291667 0.652546 0.294792 0.648843 0.296094 0.647917 0.297396 0.647454 0.302865 0.647454 0.307812 0.653009 0.309115 0.654861 0.311719 0.659491 0.313021 0.661343 0.315625 0.663657 0.317188 0.665972 0.317448 0.665972 0.319922 0.670370 0.320703 0.672685 0.321224 0.675463 0.321224 0.679630 0.320964 0.680093 0.320964 0.682870 0.319922 0.687037 0.317839 0.692130 0.314323 0.698380 0.312240 0.700231 0.311719 0.701157 0.309896 0.702546 0.308073 0.702546 0.307812 0.703009
 5 0.345833 0.703009 0.342448 0.703009 0.342187 0.702546 0.340365 0.702083 0.337760 0.699769 0.336719 0.698380 0.335286 0.695833 0.334245 0.693519 0.333464 0.691204 0.331901 0.688426 0.331120 0.686111 0.328385 0.679398 0.328125 0.679398 0.326562 0.677083 0.325781 0.676620 0.324349 0.674074 0.323047 0.669907 0.322786 0.668056 0.322786 0.665741 0.322526 0.665278 0.322526 0.661574 0.323047 0.659259 0.323047 0.657407 0.323828 0.654167 0.324870 0.651389 0.326432 0.648148 0.326432 0.647685 0.329167 0.642824 0.329427 0.642824 0.330729 0.640509 0.332552 0.639120 0.333594 0.639120 0.334896 0.638194 0.335938 0.638194 0.337240 0.637269 0.340885 0.637269 0.342187 0.636806 0.342448 0.637269 0.344531 0.637269 0.345052 0.637731 0.346745 0.640741 0.347526 0.643056 0.350651 0.648611 0.350651 0.649074 0.353646 0.654398 0.353906 0.654398 0.356250 0.658565 0.356510 0.658565 0.357682 0.660648 0.358724 0.662963 0.360026 0.667593 0.360547 0.669907 0.360547 0.673611 0.360807 0.674074 0.360807 0.677315 0.360286 0.679630 0.360026 0.682407 0.359245 0.685185 0.357422 0.690278 0.354427 0.695602 0.353125 0.696991 0.351042 0.699769 0.348958 0.701620 0.347135 0.702083 0.345833 0.703009
 2 0.484115 0.914120 0.478125 0.914120 0.477865 0.913657 0.476042 0.913657 0.475781 0.913194 0.471615 0.913194 0.471354 0.912731 0.467969 0.912731 0.467708 0.912269 0.464323 0.912269 0.464062 0.911806 0.461458 0.911806 0.461198 0.911343 0.459115 0.911343 0.458854 0.910880 0.454688 0.910880 0.454427 0.910417 0.452344 0.910417 0.452083 0.909954 0.450521 0.909954 0.450260 0.909491 0.448958 0.909491 0.447396 0.908565 0.445833 0.908565 0.445573 0.908102 0.442969 0.908102 0.442708 0.907639 0.439844 0.907639 0.439583 0.907176 0.435677 0.907176 0.435417 0.906713 0.433073 0.906713 0.432812 0.906250 0.428385 0.906250 0.428125 0.905787 0.421354 0.905787 0.421094 0.906250 0.419531 0.906250 0.419271 0.905787 0.417448 0.905787 0.417187 0.905324 0.414844 0.905324 0.414583 0.904861 0.408333 0.904861 0.405990 0.903009 0.402865 0.902083 0.402604 0.901620 0.401302 0.901620 0.401042 0.901157 0.399219 0.901157 0.398958 0.900694 0.396875 0.900694 0.396615 0.900231 0.393750 0.900231 0.393490 0.899769 0.391146 0.899769 0.390885 0.899306 0.388802 0.899306 0.388542 0.898843 0.385417 0.898843 0.385156 0.898380 0.380729 0.898380 0.380469 0.897917 0.377083 0.897917 0.376823 0.897454 0.374219 0.897454 0.373958 0.896991 0.372135 0.896991 0.371875 0.896528 0.370312 0.896528 0.370052 0.896065 0.368229 0.896065 0.367969 0.895602 0.364844 0.895602 0.364583 0.895139 0.362240 0.895139 0.361979 0.894676 0.359375 0.894676 0.359115 0.894213 0.356771 0.894213 0.356510 0.893750 0.354427 0.893750 0.354167 0.893287 0.351823 0.893287 0.351562 0.892824 0.349740 0.892824 0.349479 0.892361 0.346354 0.892361 0.346094 0.891898 0.342448 0.891898 0.342187 0.891435 0.339062 0.891435 0.338802 0.890972 0.337240 0.890972 0.336979 0.890509 0.335677 0.890509 0.335417 0.890046 0.334115 0.890046 0.332552 0.889120 0.329688 0.888194 0.327083 0.885880 0.324219 0.883102 0.322917 0.882639 0.321354 0.880787 0.319010 0.878935 0.318490 0.878009 0.316927 0.876620 0.314714 0.872685 0.313672 0.868519 0.313151 0.865741 0.313151 0.859259 0.313411 0.858796 0.313411 0.856481 0.313672 0.854630 0.314453 0.851852 0.314844 0.851157 0.316146 0.852083 0.316927 0.852083 0.317969 0.853009 0.319661 0.856019 0.320182 0.857870 0.320182 0.860648 0.320443 0.861111 0.320443 0.863426 0.321875 0.865046 0.322656 0.865509 0.326562 0.865509 0.326823 0.865972 0.328906 0.865972 0.329167 0.866435 0.330469 0.866435 0.332031 0.867361 0.333333 0.867361 0.333594 0.867824 0.335156 0.867824 0.335417 0.868287 0.336719 0.868287 0.336979 0.868750 0.341667 0.868750 0.341927 0.869213 0.344271 0.869213 0.344531 0.869676 0.347396 0.869676 0.347656 0.870139 0.350260 0.870139 0.350521 0.870602 0.352344 0.870602 0.352604 0.871065 0.357812 0.871065 0.358073 0.871528 0.359896 0.871528 0.360156 0.871991 0.361979 0.871991 0.362240 0.872454 0.365104 0.872454 0.365365 0.872917 0.367708 0.872917 0.367969 0.873380 0.374219 0.873380 0.374479 0.873843 0.376042 0.873843 0.376302 0.874306 0.380208 0.874306 0.380469 0.874769 0.382292 0.874769 0.382552 0.875231 0.384635 0.875231 0.384896 0.875694 0.389583 0.875694 0.389844 0.876157 0.391146 0.876157 0.391406 0.876620 0.394271 0.876620 0.394531 0.877083 0.398177 0.877083 0.398438 0.877546 0.401042 0.877546 0.401302 0.878009 0.403906 0.878009 0.404167 0.878472 0.406771 0.878472 0.407031 0.878935 0.409375 0.878935 0.409635 0.879398 0.413021 0.879398 0.413281 0.879861 0.416927 0.879861 0.418490 0.880787 0.420052 0.880787 0.420312 0.881250 0.423958 0.881250 0.424219 0.881713 0.426042 0.881713 0.426302 0.882176 0.428646 0.882176 0.428906 0.882639 0.431771 0.882639 0.432031 0.883102 0.433333 0.883102 0.433594 0.883565 0.434896 0.883565 0.435156 0.884028 0.436719 0.884028 0.436979 0.884491 0.438281 0.884491 0.438542 0.884954 0.441927 0.884954 0.442188 0.885417 0.446875 0.885417 0.447135 0.885880 0.451302 0.885880 0.451562 0.886343 0.453385 0.886343 0.453646 0.886806 0.459896 0.886806 0.460156 0.887269 0.461979 0.887269 0.462240 0.887731 0.465885 0.887731 0.466146 0.888194 0.468750 0.888194 0.469010 0.888657 0.471354 0.888657 0.471615 0.889120 0.475000 0.889120 0.478646 0.885880 0.479818 0.883796 0.480599 0.880556 0.481120 0.874537 0.481641 0.872222 0.481641 0.870833 0.482161 0.868981 0.482161 0.867593 0.483203 0.862963 0.483984 0.856944 0.483984 0.852315 0.484245 0.851852 0.484245 0.844907 0.484505 0.844444 0.484505 0.841204 0.484766 0.840741 0.484766 0.837963 0.485026 0.837500 0.485026 0.834722 0.485286 0.834259 0.485286 0.831019 0.485547 0.830556 0.485547 0.827315 0.485807 0.826852 0.485807 0.824074 0.486068 0.823611 0.486068 0.820833 0.486328 0.820370 0.486328 0.817593 0.486589 0.817130 0.486589 0.814352 0.486849 0.813889 0.486849 0.811111 0.487109 0.810648 0.487109 0.808333 0.487370 0.807870 0.487370 0.805556 0.487630 0.805093 0.487630 0.802778 0.487891 0.802315 0.487891 0.800000 0.488151 0.799537 0.488151 0.796759 0.488411 0.796296 0.488411 0.793519 0.488672 0.793056 0.488672 0.790278 0.488932 0.789815 0.488932 0.787037 0.489193 0.786574 0.489193 0.783796 0.489453 0.783333 0.489453 0.780556 0.490234 0.775463 0.490234 0.773148 0.490495 0.772685 0.490495 0.769907 0.490755 0.769444 0.490755 0.765741 0.491016 0.765278 0.491016 0.762037 0.491276 0.761574 0.491276 0.758796 0.491797 0.756019 0.491797 0.753704 0.492057 0.753241 0.492057 0.750926 0.492578 0.748611 0.493099 0.743981 0.493099 0.741667 0.493359 0.741204 0.493359 0.738889 0.493620 0.738426 0.493620 0.736111 0.494141 0.733333 0.494141 0.731019 0.494661 0.728241 0.494661 0.725926 0.494922 0.725463 0.494922 0.722685 0.495703 0.717593 0.495703 0.714815 0.495964 0.714352 0.495964 0.711574 0.496224 0.709259 0.496745 0.706944 0.497005 0.704630 0.497005 0.701389 0.497266 0.700926 0.497266 0.697222 0.497526 0.696759 0.497526 0.694444 0.497786 0.693981 0.497786 0.690741 0.498047 0.690278 0.498047 0.680093 0.497786 0.678241 0.497005 0.675926 0.496484 0.672222 0.495964 0.670833 0.497396 0.668750 0.498828 0.670833 0.499089 0.673148 0.500000 0.674769 0.501302 0.675231 0.502214 0.677315 0.503516 0.682407 0.504036 0.683333 0.505859 0.689815 0.506641 0.691667 0.507943 0.696759 0.508203 0.700000 0.508464 0.700463 0.508464 0.703241 0.508724 0.703704 0.508724 0.706481 0.508464 0.706944 0.508464 0.711111 0.508203 0.711574 0.508203 0.714352 0.507682 0.717130 0.507682 0.720370 0.507422 0.720833 0.507422 0.725463 0.506901 0.728241 0.506901 0.730556 0.506641 0.731019 0.506641 0.735185 0.506380 0.735648 0.506380 0.740278 0.506120 0.740741 0.506120 0.743056 0.505599 0.745370 0.505599 0.749074 0.505339 0.749537 0.505339 0.753704 0.505078 0.754167 0.505078 0.756481 0.504818 0.756944 0.504818 0.760185 0.504557 0.760648 0.504557 0.763889 0.504297 0.764352 0.504297 0.767593 0.504036 0.768056 0.504036 0.770370 0.503516 0.773148 0.503516 0.776389 0.503255 0.776852 0.503255 0.780556 0.502995 0.781019 0.502995 0.785185 0.502734 0.785648 0.502734 0.788889 0.502474 0.789352 0.502474 0.791667 0.501953 0.794444 0.501953 0.797222 0.501693 0.797685 0.501693 0.800926 0.501432 0.801389 0.501432 0.807870 0.501172 0.808333 0.501172 0.811111 0.500911 0.811574 0.500911 0.813889 0.500651 0.814352 0.500651 0.817130 0.500391 0.817593 0.500391 0.820833 0.500130 0.821296 0.500130 0.823611 0.499870 0.824074 0.499870 0.826389 0.499349 0.829167 0.499349 0.832870 0.499089 0.833333 0.499089 0.836111 0.498828 0.836574 0.498047 0.843519 0.498047 0.846296 0.497786 0.846759 0.497786 0.849537 0.497526 0.850000 0.497526 0.853241 0.497266 0.853704 0.497266 0.856481 0.497005 0.856944 0.497005 0.859722 0.496745 0.860185 0.496745 0.863426 0.496484 0.863889 0.496484 0.866204 0.496224 0.866667 0.496224 0.869444 0.495964 0.869907 0.495964 0.872222 0.495703 0.872685 0.495703 0.875000 0.495443 0.875463 0.495443 0.878704 0.495182 0.879167 0.495182 0.882407 0.494922 0.882870 0.494922 0.885648 0.494661 0.886111 0.494661 0.888889 0.494401 0.889352 0.494401 0.891667 0.494141 0.892130 0.494141 0.894907 0.493880 0.895370 0.493880 0.898611 0.492839 0.902778 0.492318 0.903704 0.491536 0.906481 0.490104 0.909028 0.488542 0.910417 0.486719 0.912731 0.484375 0.913657 0.484115 0.914120
 2 0.279427 0.810880 0.278385 0.810880 0.276823 0.809954 0.275651 0.807870 0.276562 0.807176 0.278385 0.806713 0.278646 0.806250 0.279818 0.807407 0.280078 0.809259 0.279427 0.810880
 2 0.478125 0.600694 0.473438 0.600694 0.472396 0.599769 0.471484 0.598148 0.471224 0.595370 0.470964 0.594907 0.470964 0.592593 0.470443 0.589815 0.469922 0.588426 0.467187 0.583565 0.465365 0.582176 0.463281 0.581250 0.449219 0.581250 0.448958 0.581713 0.432552 0.581713 0.432292 0.582176 0.418750 0.582176 0.418490 0.582639 0.413542 0.582639 0.413281 0.583102 0.402344 0.583102 0.402083 0.583565 0.399740 0.583565 0.399479 0.584028 0.395052 0.584028 0.393490 0.583102 0.391146 0.583102 0.390885 0.583565 0.388542 0.583565 0.388281 0.584028 0.385937 0.584028 0.385677 0.584491 0.379167 0.584491 0.378906 0.584028 0.377604 0.584028 0.375781 0.583102 0.374219 0.581713 0.373047 0.579630 0.372786 0.577315 0.372266 0.575926 0.372005 0.574074 0.372005 0.570370 0.372526 0.567130 0.373437 0.564120 0.374870 0.566667 0.374870 0.567130 0.376432 0.570370 0.376693 0.571759 0.379167 0.573843 0.380469 0.573843 0.380729 0.574306 0.387240 0.574306 0.387500 0.573843 0.397135 0.573843 0.397396 0.573380 0.406510 0.573380 0.406771 0.572917 0.418229 0.572917 0.418490 0.572454 0.424740 0.572454 0.425000 0.571991 0.432292 0.571991 0.432552 0.571528 0.451562 0.571528 0.451823 0.571065 0.457552 0.571065 0.457813 0.570602 0.468229 0.570602 0.468490 0.570139 0.484896 0.570139 0.485156 0.569676 0.502865 0.569676 0.503125 0.569213 0.505208 0.568750 0.506771 0.567361 0.507943 0.565278 0.508984 0.562037 0.508984 0.561111 0.509766 0.558333 0.509766 0.556019 0.510026 0.555556 0.510026 0.552778 0.510547 0.550000 0.510547 0.547222 0.510807 0.546759 0.510807 0.542130 0.511068 0.541667 0.511068 0.535648 0.511328 0.535185 0.511328 0.531944 0.511589 0.531481 0.511589 0.528241 0.511849 0.527778 0.511849 0.524537 0.512109 0.524074 0.512109 0.520833 0.512370 0.520370 0.512370 0.517130 0.512630 0.516667 0.512630 0.514352 0.512891 0.513889 0.512891 0.511574 0.513411 0.508796 0.513411 0.504167 0.513672 0.503704 0.513672 0.500463 0.513932 0.500000 0.513932 0.497685 0.514193 0.497222 0.514193 0.494444 0.514453 0.493981 0.514453 0.490278 0.514714 0.489815 0.514714 0.486111 0.514974 0.485648 0.514974 0.481944 0.515495 0.479630 0.515495 0.477778 0.516016 0.475463 0.516797 0.468519 0.516797 0.465278 0.517057 0.464815 0.517057 0.462500 0.517578 0.459722 0.517578 0.456944 0.517839 0.456481 0.517839 0.453704 0.518099 0.453241 0.518099 0.450926 0.518359 0.450463 0.518359 0.448148 0.518620 0.447685 0.518620 0.444907 0.518880 0.444444 0.518880 0.436574 0.518620 0.436111 0.518620 0.431481 0.519531 0.429861 0.520833 0.429398 0.522005 0.431481 0.523047 0.434722 0.523047 0.436111 0.523828 0.438889 0.524870 0.444907 0.524870 0.446759 0.525651 0.451389 0.526172 0.453241 0.526432 0.455556 0.526432 0.460185 0.526693 0.460648 0.526693 0.462963 0.526432 0.463426 0.526432 0.469444 0.526172 0.469907 0.526172 0.473611 0.525911 0.474074 0.525911 0.478704 0.525651 0.479167 0.525651 0.481944 0.525391 0.482407 0.525391 0.485185 0.525130 0.485648 0.525130 0.489352 0.524870 0.489815 0.524870 0.494444 0.524609 0.494907 0.524609 0.498148 0.524349 0.498611 0.524349 0.501852 0.524089 0.502315 0.524089 0.505093 0.523828 0.505556 0.523828 0.508333 0.523568 0.508796 0.523568 0.511574 0.523307 0.512037 0.523307 0.515741 0.523047 0.516204 0.523047 0.518981 0.522786 0.519444 0.522786 0.522222 0.522526 0.522685 0.522526 0.525463 0.522266 0.525926 0.522266 0.529167 0.522005 0.529630 0.522005 0.532870 0.521745 0.533333 0.521745 0.536574 0.521484 0.537037 0.521484 0.540741 0.521224 0.541204 0.521224 0.545833 0.520964 0.546296 0.520964 0.550000 0.520703 0.550463 0.520703 0.554167 0.520443 0.554630 0.520443 0.558796 0.520182 0.559259 0.520182 0.562963 0.519922 0.563426 0.519922 0.566667 0.519661 0.567130 0.519661 0.569907 0.519401 0.570370 0.519401 0.573148 0.519141 0.573611 0.519141 0.576852 0.518880 0.577315 0.518880 0.580556 0.518620 0.581019 0.518620 0.585185 0.518359 0.585648 0.518359 0.587963 0.518099 0.589815 0.517057 0.593519 0.516667 0.593750 0.513802 0.597917 0.511979 0.599306 0.510938 0.599769 0.509635 0.599769 0.509375 0.600231 0.478385 0.600231 0.478125 0.600694
 2 0.372917 0.523380 0.372266 0.523148 0.372266 0.521759 0.372656 0.521528 0.372917 0.523380
 7 0.475260 0.887731 0.470573 0.887731 0.468229 0.886806 0.467187 0.885880 0.462240 0.885880 0.459115 0.884028 0.457813 0.884028 0.457552 0.883565 0.455729 0.883565 0.455469 0.883102 0.448177 0.883102 0.447917 0.882639 0.442708 0.882639 0.442448 0.882176 0.441146 0.882176 0.439583 0.881250 0.434896 0.881250 0.434635 0.880787 0.433333 0.880787 0.431771 0.879861 0.427083 0.879861 0.426823 0.879398 0.424219 0.878009 0.420052 0.878009 0.419792 0.877546 0.418229 0.877546 0.417969 0.877083 0.416406 0.877083 0.416146 0.876620 0.414583 0.876620 0.414323 0.876157 0.412760 0.876157 0.412500 0.875694 0.410156 0.875694 0.409896 0.875231 0.400781 0.875231 0.400521 0.874769 0.398438 0.874769 0.398177 0.874306 0.396615 0.874306 0.396354 0.873843 0.387240 0.873843 0.386979 0.873380 0.383854 0.873380 0.383594 0.872917 0.381771 0.872454 0.380729 0.871528 0.368750 0.871528 0.366146 0.869676 0.365104 0.869213 0.362760 0.869213 0.362500 0.868750 0.360156 0.868750 0.359896 0.869213 0.354427 0.869213 0.354167 0.868750 0.352604 0.868750 0.352344 0.868287 0.350521 0.868287 0.350260 0.867824 0.347135 0.867824 0.346875 0.867361 0.344010 0.867361 0.343750 0.867824 0.338281 0.867824 0.338021 0.867361 0.336198 0.867361 0.335938 0.866898 0.334375 0.866898 0.334115 0.866435 0.332813 0.866435 0.332552 0.865972 0.330729 0.865509 0.329427 0.864583 0.328125 0.864583 0.327865 0.864120 0.326562 0.864120 0.326302 0.863657 0.324219 0.863657 0.323958 0.863194 0.322396 0.863194 0.321354 0.862269 0.320182 0.859722 0.319661 0.857407 0.319401 0.853241 0.319141 0.851389 0.317969 0.849306 0.317188 0.848843 0.314323 0.846065 0.309896 0.842361 0.309375 0.841435 0.308073 0.840509 0.307552 0.839583 0.306250 0.838657 0.304688 0.836343 0.302865 0.834028 0.301042 0.833102 0.300260 0.832176 0.298958 0.831713 0.296354 0.828935 0.294531 0.826157 0.292708 0.824769 0.291927 0.824769 0.290104 0.823380 0.286719 0.819676 0.285417 0.819213 0.281771 0.816898 0.280078 0.814352 0.280078 0.813889 0.278125 0.810880 0.276562 0.809954 0.275000 0.808565 0.274219 0.807176 0.272396 0.805324 0.271094 0.804861 0.270313 0.803935 0.268229 0.803009 0.266927 0.801620 0.265365 0.798843 0.262500 0.796528 0.261458 0.795139 0.259766 0.792130 0.258984 0.788889 0.259505 0.784259 0.260807 0.779167 0.261068 0.775926 0.262109 0.772222 0.262109 0.771296 0.262891 0.768981 0.262891 0.768056 0.263672 0.765278 0.264193 0.764352 0.265755 0.757870 0.266276 0.754630 0.267057 0.752315 0.267839 0.749074 0.267839 0.748148 0.269401 0.743056 0.269922 0.739352 0.270443 0.737963 0.271224 0.734722 0.271745 0.733796 0.272005 0.731944 0.274349 0.721759 0.275911 0.716667 0.276693 0.714815 0.276693 0.713889 0.277734 0.709722 0.277734 0.708796 0.279036 0.705093 0.279818 0.702315 0.280599 0.697222 0.282161 0.692593 0.282943 0.691204 0.283984 0.686574 0.285286 0.683796 0.286068 0.681481 0.286979 0.680324 0.287760 0.680324 0.289583 0.682176 0.290885 0.684491 0.291667 0.685417 0.293490 0.686343 0.295573 0.688194 0.297656 0.691898 0.297917 0.691898 0.299479 0.694676 0.299740 0.694676 0.302344 0.699306 0.304948 0.702083 0.305729 0.702546 0.307292 0.702546 0.307552 0.702083 0.311458 0.700231 0.312500 0.698843 0.313021 0.698843 0.315234 0.694907 0.315234 0.694444 0.316667 0.692361 0.317708 0.691898 0.318620 0.689815 0.319141 0.686111 0.319661 0.684722 0.319922 0.681019 0.320443 0.678704 0.320703 0.676389 0.320703 0.669444 0.320052 0.668287 0.318229 0.666898 0.315625 0.665509 0.315104 0.665509 0.313542 0.664120 0.312500 0.662731 0.310417 0.659028 0.310156 0.659028 0.308984 0.656944 0.307943 0.653241 0.307031 0.650694 0.305729 0.650694 0.304948 0.652083 0.303646 0.653009 0.300781 0.653935 0.299740 0.654861 0.298698 0.654861 0.297396 0.653472 0.294922 0.650000 0.294922 0.648148 0.295703 0.646759 0.296484 0.644444 0.297526 0.638426 0.297526 0.636574 0.298047 0.633333 0.299219 0.630324 0.300260 0.630787 0.302083 0.630787 0.302865 0.631250 0.304297 0.633333 0.305339 0.636574 0.305339 0.637500 0.307682 0.641667 0.308464 0.643981 0.309375 0.645139 0.310417 0.645602 0.315365 0.645602 0.316927 0.644676 0.320312 0.644676 0.320573 0.645139 0.322656 0.645139 0.324740 0.643750 0.326302 0.641898 0.327865 0.641435 0.329427 0.640046 0.330078 0.638889 0.330599 0.637037 0.330599 0.635648 0.331120 0.633796 0.332422 0.631019 0.333203 0.628241 0.334635 0.625694 0.335417 0.625694 0.336458 0.624769 0.338281 0.624769 0.338802 0.625694 0.340104 0.626620 0.341797 0.629167 0.343099 0.634259 0.343099 0.636574 0.342318 0.639815 0.341406 0.640972 0.339323 0.640972 0.339062 0.640509 0.336979 0.640972 0.335417 0.642361 0.333854 0.642824 0.332682 0.644907 0.332161 0.646759 0.329948 0.650694 0.328906 0.652083 0.327344 0.653472 0.326562 0.653472 0.323958 0.655324 0.323047 0.656944 0.323047 0.660648 0.323307 0.661111 0.323307 0.668981 0.323828 0.670833 0.327865 0.678009 0.329036 0.679630 0.329297 0.681019 0.330339 0.683333 0.330339 0.684259 0.331641 0.686574 0.332422 0.688889 0.333333 0.690509 0.334375 0.691435 0.336589 0.695370 0.337109 0.697685 0.338021 0.699306 0.340104 0.701157 0.341667 0.702083 0.345833 0.702083 0.347656 0.700694 0.348438 0.700694 0.350260 0.699306 0.353906 0.692824 0.355469 0.690972 0.356901 0.689815 0.357422 0.687037 0.357943 0.686111 0.358464 0.683333 0.358724 0.679167 0.358984 0.678704 0.358984 0.674074 0.358724 0.673611 0.358724 0.670833 0.357943 0.664352 0.356901 0.660648 0.353516 0.654630 0.353516 0.654167 0.351562 0.650694 0.350651 0.649537 0.350781 0.647917 0.351823 0.647454 0.353646 0.647454 0.355208 0.646528 0.356510 0.646528 0.357552 0.646065 0.359375 0.644213 0.359896 0.644213 0.361719 0.642361 0.363021 0.640509 0.364844 0.639120 0.366536 0.636111 0.367318 0.633796 0.367839 0.631019 0.368880 0.629167 0.369661 0.626852 0.369922 0.624537 0.370703 0.621759 0.370703 0.618519 0.370443 0.618056 0.370443 0.615741 0.369661 0.612500 0.368099 0.609722 0.367057 0.606481 0.365625 0.603935 0.364323 0.602546 0.362109 0.599074 0.362109 0.598611 0.358724 0.592593 0.358203 0.590278 0.357943 0.587500 0.359635 0.585417 0.360677 0.584954 0.364063 0.584954 0.364323 0.585417 0.365885 0.585417 0.366146 0.584954 0.369792 0.584954 0.370052 0.585417 0.371354 0.585417 0.372656 0.586343 0.377604 0.586343 0.378906 0.587269 0.379688 0.587269 0.380078 0.588889 0.380339 0.592593 0.379167 0.594676 0.377604 0.595602 0.376432 0.597685 0.375651 0.600926 0.375391 0.603241 0.375391 0.606481 0.375130 0.606944 0.375130 0.610185 0.374870 0.610648 0.374870 0.615278 0.375130 0.616667 0.376172 0.619907 0.377344 0.621991 0.378385 0.622917 0.380339 0.626389 0.381120 0.628704 0.382943 0.632870 0.383464 0.635185 0.384505 0.637500 0.385026 0.639815 0.386979 0.643287 0.388281 0.645139 0.390104 0.646528 0.391406 0.646991 0.396354 0.646991 0.397396 0.646528 0.398177 0.645602 0.399740 0.645139 0.401823 0.643287 0.403385 0.641435 0.406250 0.636343 0.406510 0.636343 0.407682 0.634259 0.408464 0.631944 0.409766 0.626389 0.410026 0.623148 0.410286 0.622685 0.410286 0.619444 0.410026 0.618981 0.409505 0.614815 0.408724 0.612500 0.406641 0.608333 0.405599 0.603704 0.403776 0.597685 0.401693 0.593981 0.401432 0.592593 0.401432 0.587963 0.402083 0.586806 0.402604 0.586806 0.403906 0.585417 0.405469 0.585417 0.405729 0.584954 0.407813 0.584954 0.408073 0.584491 0.416927 0.584491 0.417187 0.584028 0.422656 0.584028 0.422917 0.584491 0.424479 0.584491 0.424740 0.584028 0.429688 0.584028 0.429948 0.584491 0.433073 0.584491 0.433333 0.584028 0.436719 0.584028 0.436979 0.584491 0.445833 0.584491 0.446094 0.584028 0.457031 0.584028 0.457292 0.583565 0.459635 0.583565 0.459896 0.584028 0.462500 0.584028 0.462760 0.584491 0.465885 0.585417 0.466927 0.586343 0.468099 0.588426 0.468620 0.589815 0.469401 0.593519 0.469661 0.597222 0.470703 0.602778 0.471484 0.604630 0.471745 0.606019 0.473047 0.609259 0.474089 0.611111 0.474609 0.613426 0.475911 0.616667 0.477214 0.618981 0.477214 0.619444 0.479036 0.622685 0.479036 0.623148 0.480599 0.625926 0.481380 0.627778 0.481641 0.629167 0.482943 0.633796 0.483464 0.635185 0.483724 0.638426 0.484245 0.640741 0.484766 0.641667 0.485286 0.643981 0.486589 0.646759 0.487109 0.649074 0.488411 0.651852 0.488411 0.652315 0.490234 0.655556 0.490755 0.656944 0.491276 0.660648 0.492057 0.663889 0.493099 0.666667 0.494792 0.669676 0.495833 0.670602 0.497005 0.673148 0.497266 0.674537 0.498828 0.679167 0.499870 0.682870 0.500130 0.684722 0.500130 0.691204 0.500391 0.691667 0.500391 0.697685 0.500130 0.699537 0.498828 0.704630 0.498307 0.706019 0.498307 0.710185 0.498047 0.710648 0.498047 0.713426 0.497786 0.713889 0.497786 0.716204 0.497266 0.718519 0.497266 0.720370 0.495964 0.727778 0.495964 0.731019 0.495703 0.731481 0.495703 0.734722 0.495443 0.737037 0.494401 0.739815 0.494401 0.741667 0.493620 0.745833 0.493620 0.749074 0.493359 0.749537 0.493359 0.754630 0.493099 0.755093 0.493099 0.758333 0.492839 0.758796 0.492839 0.766204 0.492318 0.769444 0.491536 0.771759 0.491536 0.772685 0.490755 0.775000 0.490495 0.777315 0.490495 0.780093 0.489453 0.786574 0.489193 0.787037 0.489193 0.790741 0.488932 0.791204 0.488932 0.795370 0.488672 0.795833 0.488672 0.799074 0.488411 0.799537 0.488411 0.803241 0.488151 0.803704 0.488151 0.806944 0.487891 0.807407 0.487891 0.809722 0.487630 0.810185 0.487630 0.812500 0.486849 0.818056 0.485547 0.823148 0.485547 0.825463 0.485286 0.825926 0.485286 0.830556 0.485026 0.831019 0.485026 0.837963 0.484766 0.838426 0.484766 0.841667 0.484505 0.842130 0.484505 0.849537 0.484245 0.850000 0.484245 0.856481 0.483984 0.858796 0.482161 0.865278 0.481641 0.867593 0.481380 0.869907 0.481380 0.872685 0.481120 0.873148 0.481120 0.875463 0.480859 0.877778 0.480078 0.880556 0.480078 0.881481 0.479036 0.884259 0.477865 0.885880 0.475260 0.887731
 7 0.334375 0.607639 0.333333 0.607176 0.332161 0.603241 0.332161 0.602778 0.330729 0.600231 0.328646 0.598380 0.327214 0.595833 0.326693 0.593981 0.326693 0.592130 0.327214 0.590278 0.327214 0.588889 0.327865 0.587269 0.328646 0.586806 0.329948 0.586806 0.330208 0.586343 0.331510 0.586806 0.335677 0.586806 0.335938 0.587269 0.342969 0.587269 0.343880 0.589815 0.344401 0.592593 0.344141 0.594444 0.341927 0.598380 0.340365 0.599306 0.339323 0.599306 0.336979 0.601620 0.335807 0.603704 0.335026 0.606481 0.334375 0.607639
 7 0.459505 0.754167 0.459115 0.752083 0.458073 0.752083 0.458073 0.754398 0.459505 0.754167
 0 0.462630 0.000000 0.462630 0.002778 0.463672 0.006481 0.464193 0.011111 0.464453 0.011574 0.465234 0.016667 0.465755 0.018519 0.466016 0.020833 0.466016 0.023148 0.466536 0.025926 0.466797 0.030093 0.467057 0.030556 0.467057 0.033333 0.467318 0.033796 0.467318 0.043056 0.467057 0.043519 0.467057 0.046296 0.466797 0.046759 0.466797 0.049537 0.466536 0.050000 0.466536 0.052778 0.466276 0.053241 0.466276 0.056019 0.466016 0.056481 0.465755 0.059722 0.465234 0.061574 0.465234 0.062963 0.464193 0.066667 0.462891 0.068981 0.462891 0.069444 0.461589 0.071759 0.461589 0.072222 0.459766 0.076389 0.459766 0.076852 0.455469 0.084491 0.454167 0.085880 0.451562 0.090509 0.451302 0.090509 0.449740 0.093287 0.448958 0.094213 0.444792 0.097917 0.444271 0.098843 0.442708 0.099769 0.440885 0.101620 0.439063 0.103009 0.438542 0.103935 0.435417 0.106713 0.434635 0.106713 0.433594 0.107639 0.432812 0.107639 0.431771 0.108565 0.430990 0.108565 0.428385 0.110417 0.425521 0.111806 0.424219 0.113194 0.421354 0.114583 0.420573 0.115509 0.418490 0.116435 0.417708 0.117361 0.414062 0.119213 0.412760 0.120602 0.410938 0.121065 0.409896 0.121991 0.408073 0.122454 0.407031 0.123380 0.404948 0.124306 0.404167 0.125231 0.402604 0.125694 0.400781 0.127083 0.397917 0.128472 0.396615 0.129861 0.395313 0.130324 0.394271 0.131250 0.391406 0.132639 0.390625 0.133565 0.389323 0.134028 0.388281 0.134954 0.387500 0.134954 0.385677 0.136343 0.384896 0.136343 0.384115 0.137269 0.382812 0.137731 0.382031 0.138657 0.380469 0.139583 0.378125 0.140509 0.377344 0.141435 0.374219 0.142824 0.372396 0.144676 0.371875 0.144676 0.369531 0.146528 0.367708 0.146991 0.365625 0.147917 0.365365 0.148380 0.363802 0.148380 0.363542 0.148843 0.360417 0.148843 0.360156 0.149306 0.357292 0.149306 0.355990 0.147917 0.354818 0.145833 0.353776 0.143056 0.353516 0.141667 0.351953 0.137963 0.350911 0.133796 0.350651 0.130093 0.349740 0.128009 0.347917 0.127083 0.343490 0.127083 0.342448 0.128009 0.341667 0.128009 0.339844 0.126157 0.338802 0.124769 0.337370 0.122222 0.336589 0.119907 0.335547 0.117593 0.335026 0.115278 0.333984 0.112500 0.333464 0.109722 0.333464 0.108333 0.332422 0.105556 0.331641 0.104167 0.330599 0.100000 0.329818 0.098148 0.328255 0.095370 0.327995 0.093981 0.326953 0.091204 0.325651 0.084722 0.324089 0.081019 0.323568 0.079167 0.322396 0.076620 0.321615 0.075694 0.319792 0.075694 0.319531 0.075231 0.317448 0.075231 0.317188 0.075694 0.315365 0.075694 0.315104 0.076157 0.313802 0.076157 0.312240 0.075231 0.310677 0.073843 0.309505 0.071296 0.308464 0.067593 0.307943 0.063889 0.307422 0.062037 0.306901 0.057870 0.305599 0.053704 0.304036 0.048148 0.303776 0.044907 0.303255 0.043056 0.303255 0.041667 0.302734 0.040278 0.301953 0.035185 0.301432 0.033796 0.301172 0.031481 0.299609 0.025000 0.299089 0.021296 0.298568 0.018981 0.296745 0.012963 0.296224 0.010185 0.296224 0.007407 0.295443 0.002315 0.295443 0.000000
 8 0.006380 0.000000 0.006510 0.002546 0.009115 0.002546 0.009375 0.003009 0.017708 0.003009 0.017969 0.002546 0.026302 0.002546 0.026562 0.003009 0.029948 0.003009 0.030208 0.002546 0.032031 0.002546 0.032161 0.000000
 8 0.037370 0.000000 0.037370 0.002315 0.038542 0.003009 0.039323 0.003009 0.040365 0.003935 0.041927 0.003935 0.042188 0.004398 0.045573 0.004398 0.046875 0.003472 0.048438 0.003472 0.049479 0.003009 0.049740 0.003472 0.055990 0.003472 0.056250 0.003935 0.059115 0.003935 0.060417 0.004398 0.060677 0.003935 0.061979 0.003935 0.063281 0.003009 0.067969 0.003009 0.068229 0.003472 0.069792 0.003472 0.070052 0.003935 0.071354 0.003935 0.071615 0.004398 0.073698 0.004398 0.073958 0.004861 0.075781 0.004861 0.076042 0.005324 0.077865 0.005324 0.078125 0.004861 0.080469 0.004861 0.080729 0.005324 0.082552 0.005324 0.082812 0.005787 0.084375 0.005787 0.085677 0.006250 0.086979 0.007176 0.090365 0.008565 0.091927 0.009954 0.093229 0.009954 0.093490 0.009491 0.095312 0.009491 0.096484 0.011111 0.097005 0.014352 0.101042 0.021528 0.103385 0.022917 0.104297 0.025000 0.104036 0.025463 0.104036 0.031019 0.105339 0.034722 0.106510 0.036806 0.107161 0.038426 0.107161 0.044444 0.107813 0.046065 0.109115 0.046528 0.109896 0.047454 0.112630 0.052315 0.112891 0.053241 0.112891 0.058333 0.113151 0.059722 0.113932 0.061111 0.114453 0.062963 0.115885 0.065972 0.116146 0.065972 0.117318 0.068056 0.118359 0.071759 0.119271 0.073843 0.119531 0.073843 0.122005 0.078241 0.122005 0.078704 0.123438 0.080787 0.124479 0.081250 0.125391 0.082870 0.125911 0.084722 0.126172 0.087037 0.128255 0.090741 0.129036 0.092593 0.129557 0.094907 0.132161 0.099537 0.132682 0.101389 0.133724 0.103704 0.136458 0.108565 0.137500 0.109491 0.138802 0.111806 0.139063 0.111806 0.139974 0.113889 0.140495 0.115741 0.141536 0.118056 0.142318 0.120833 0.143750 0.123380 0.144010 0.123380 0.145182 0.125463 0.145182 0.125926 0.148568 0.131944 0.149089 0.134259 0.150260 0.136343 0.152083 0.137269 0.153385 0.138657 0.154557 0.140741 0.155078 0.143056 0.156380 0.146759 0.156901 0.150463 0.157943 0.153704 0.160807 0.158796 0.160807 0.159259 0.162891 0.162963 0.163411 0.164815 0.164453 0.167130 0.164714 0.168519 0.165885 0.171065 0.166927 0.171991 0.168359 0.174537 0.169141 0.177315 0.170443 0.179630 0.171745 0.183333 0.173437 0.186343 0.174740 0.187269 0.176693 0.190741 0.176693 0.191204 0.177995 0.193519 0.178776 0.195370 0.179297 0.198148 0.180599 0.201389 0.183724 0.206944 0.183724 0.207407 0.188411 0.215741 0.188411 0.216204 0.189844 0.218750 0.190365 0.218750 0.191927 0.220602 0.192839 0.222685 0.193359 0.225000 0.194661 0.227315 0.195703 0.230093 0.196224 0.232870 0.197135 0.234491 0.198437 0.235417 0.199349 0.237037 0.200130 0.239815 0.201042 0.241435 0.201823 0.241898 0.203255 0.244444 0.203776 0.246759 0.204818 0.249074 0.205339 0.250926 0.207161 0.254630 0.208984 0.259722 0.211328 0.264815 0.211589 0.266204 0.213021 0.268750 0.214062 0.269676 0.218099 0.276852 0.219661 0.281944 0.220833 0.283565 0.222786 0.287037 0.223828 0.290278 0.225391 0.292593 0.226172 0.295370 0.226953 0.297222 0.233984 0.309722 0.236068 0.315278 0.237630 0.318056 0.237630 0.318519 0.241536 0.325463 0.242839 0.328704 0.243099 0.330093 0.244271 0.332639 0.245833 0.334491 0.248568 0.339352 0.248828 0.340741 0.249870 0.343519 0.251042 0.345602 0.252344 0.346991 0.254036 0.350000 0.254036 0.350463 0.256641 0.355093 0.257943 0.358796 0.259115 0.360880 0.260156 0.361806 0.262109 0.365278 0.262370 0.366667 0.264062 0.369676 0.265104 0.370602 0.267188 0.373843 0.268229 0.373843 0.271094 0.372917 0.272917 0.374306 0.273438 0.375231 0.274479 0.375694 0.275911 0.377778 0.277865 0.381250 0.279036 0.382870 0.279818 0.384722 0.280339 0.388426 0.281380 0.391204 0.281641 0.392593 0.281641 0.396296 0.281380 0.396759 0.281380 0.399537 0.280599 0.401852 0.280599 0.402778 0.279818 0.405093 0.279297 0.407407 0.279036 0.409722 0.276953 0.416204 0.274609 0.424074 0.274609 0.425000 0.273828 0.427778 0.272526 0.430556 0.272266 0.431944 0.271224 0.434259 0.270964 0.435648 0.270182 0.437037 0.268620 0.442593 0.266797 0.445370 0.266016 0.447685 0.265495 0.450926 0.265495 0.452315 0.263151 0.462037 0.262109 0.465278 0.261589 0.468056 0.261068 0.469444 0.259766 0.471759 0.258724 0.475000 0.258203 0.478241 0.257422 0.480556 0.257422 0.481481 0.254297 0.489352 0.253776 0.491667 0.252734 0.494444 0.252474 0.495833 0.250391 0.499537 0.249349 0.503704 0.249349 0.505093 0.248828 0.506944 0.248828 0.508333 0.248307 0.510648 0.247526 0.512963 0.246745 0.514352 0.246484 0.515741 0.244922 0.520833 0.244661 0.522685 0.243880 0.524537 0.242578 0.526852 0.242057 0.529167 0.242057 0.530556 0.240755 0.535185 0.239974 0.537500 0.238672 0.540278 0.237891 0.543056 0.237370 0.545833 0.236068 0.549537 0.235807 0.550926 0.233984 0.554630 0.233203 0.556944 0.232943 0.559259 0.232422 0.560648 0.231901 0.563426 0.231901 0.564815 0.231380 0.566204 0.230078 0.568519 0.228516 0.572222 0.228516 0.572685 0.227214 0.575926 0.227214 0.576852 0.225911 0.581019 0.225130 0.584722 0.223307 0.590278 0.223047 0.592130 0.221484 0.596759 0.220182 0.599074 0.220182 0.599537 0.218880 0.601852 0.217839 0.605556 0.217839 0.606481 0.216797 0.609722 0.214714 0.613426 0.214193 0.616204 0.213411 0.618519 0.213151 0.620370 0.212370 0.622222 0.211068 0.624537 0.210286 0.627315 0.210286 0.628241 0.209505 0.630556 0.209505 0.631481 0.207422 0.636574 0.206641 0.639352 0.206380 0.641667 0.205078 0.645833 0.204818 0.647685 0.204036 0.649537 0.202474 0.654630 0.202474 0.655556 0.200911 0.661574 0.199349 0.664815 0.198568 0.667593 0.198568 0.668519 0.197526 0.672222 0.197005 0.673148 0.195964 0.677315 0.194922 0.679630 0.193880 0.683796 0.191797 0.689352 0.191276 0.692130 0.190495 0.694444 0.188932 0.698148 0.187891 0.701852 0.187630 0.704167 0.186849 0.706481 0.186068 0.709722 0.185026 0.712963 0.184505 0.713889 0.183464 0.718056 0.181380 0.721759 0.180599 0.723611 0.180339 0.725463 0.179297 0.728704 0.177995 0.734259 0.176693 0.737500 0.176172 0.739815 0.174609 0.745370 0.172266 0.750926 0.172266 0.751852 0.170443 0.757870 0.170443 0.758796 0.169401 0.762037 0.169401 0.762963 0.167839 0.767130 0.166016 0.773148 0.163932 0.776852 0.163151 0.779167 0.162891 0.781481 0.160547 0.787037 0.159505 0.789815 0.158724 0.792593 0.158724 0.793519 0.157943 0.795833 0.156641 0.798611 0.156380 0.800926 0.155599 0.803241 0.155599 0.804167 0.154297 0.808333 0.153776 0.811574 0.152995 0.813889 0.152995 0.814815 0.152214 0.817130 0.150130 0.821296 0.150130 0.821759 0.148828 0.824537 0.147526 0.830093 0.145443 0.837500 0.144661 0.839815 0.144141 0.843056 0.143359 0.845370 0.141536 0.848611 0.140495 0.851389 0.139974 0.854167 0.139453 0.855556 0.138932 0.858796 0.138411 0.859722 0.138151 0.861574 0.137109 0.864352 0.137109 0.865278 0.135547 0.870370 0.134245 0.872685 0.133203 0.875000 0.132422 0.877778 0.131380 0.882870 0.130078 0.886111 0.128516 0.889352 0.127734 0.892593 0.126172 0.896296 0.125911 0.897685 0.123828 0.904630 0.123568 0.906944 0.122786 0.909259 0.122526 0.911111 0.122005 0.912500 0.120443 0.915278 0.119141 0.918519 0.117839 0.923148 0.117318 0.925926 0.116797 0.927315 0.115755 0.931481 0.114453 0.934722 0.113411 0.938426 0.113411 0.939352 0.112370 0.942130 0.110807 0.947685 0.110026 0.949074 0.108984 0.952315 0.108724 0.954630 0.107943 0.956944 0.106380 0.963426 0.105339 0.966204 0.105078 0.967593 0.102995 0.971296 0.102474 0.972685 0.101693 0.976852 0.099870 0.982870 0.099870 0.983333 0.098568 0.986111 0.097526 0.989815 0.096484 0.992130 0.095052 0.993750 0.093229 0.993750 0.092969 0.994213 0.089844 0.994213 0.089583 0.994676 0.081510 0.994676 0.081250 0.994213 0.079687 0.994213 0.078125 0.995139 0.076823 0.995139 0.076563 0.995602 0.075000 0.995139 0.073438 0.993750 0.072656 0.992361 0.071875 0.991898 0.069010 0.992824 0.068750 0.993287 0.065625 0.993287 0.065365 0.993750 0.050521 0.993750 0.050260 0.994213 0.047917 0.994213 0.047656 0.994676 0.046094 0.994676 0.045833 0.995139 0.029687 0.995139 0.029427 0.995602 0.024479 0.995602 0.024219 0.995139 0.022396 0.995139 0.022135 0.994676 0.018229 0.994676 0.017969 0.995139 0.015104 0.995139 0.014844 0.995602 0.010677 0.995602 0.010417 0.995139 0.004687 0.995139 0.004427 0.994676 0.000000 0.994676
 1 0.999740 0.031713 0.997135 0.031713 0.996875 0.031250 0.993750 0.031250 0.993490 0.030787 0.985677 0.030787 0.985417 0.030324 0.979948 0.030324 0.979688 0.029861 0.973698 0.029861 0.973437 0.029398 0.967448 0.029398 0.967187 0.028935 0.961719 0.028935 0.961458 0.028472 0.956250 0.028472 0.955990 0.028009 0.950521 0.028009 0.950260 0.027546 0.947135 0.027546 0.942969 0.025231 0.940625 0.022917 0.938802 0.021528 0.937240 0.018750 0.936979 0.018750 0.934505 0.014352 0.933724 0.012500 0.932943 0.009722 0.932943 0.007407 0.932422 0.004630 0.932422 0.000000
