 1 0.541536 0.000000 0.541536 0.006019 0.541276 0.006481 0.541276 0.011111 0.541016 0.011574 0.541016 0.014352 0.540495 0.017130 0.540495 0.020370 0.540234 0.020833 0.540234 0.025000 0.539974 0.025463 0.539974 0.031019 0.539714 0.031481 0.539714 0.035648 0.539453 0.036111 0.539453 0.040278 0.539193 0.040741 0.539193 0.044444 0.538932 0.044907 0.538932 0.047222 0.538411 0.049537 0.538151 0.051852 0.538151 0.054630 0.537891 0.055093 0.537891 0.057870 0.537630 0.058333 0.537630 0.060648 0.537109 0.063426 0.537109 0.065741 0.536849 0.066204 0.536849 0.069444 0.536589 0.069907 0.536589 0.072685 0.536328 0.073148 0.536328 0.075926 0.536068 0.076389 0.536068 0.079630 0.535807 0.080093 0.535807 0.083333 0.535547 0.083796 0.535547 0.086574 0.535286 0.087037 0.535286 0.092130 0.535026 0.092593 0.535026 0.095833 0.534766 0.096296 0.534766 0.099074 0.534505 0.099537 0.534505 0.103241 0.534245 0.103704 0.534245 0.108333 0.533984 0.108796 0.533984 0.111574 0.533724 0.112037 0.533724 0.115741 0.533464 0.116204 0.533464 0.121296 0.533203 0.122685 0.531901 0.127315 0.531380 0.128704 0.529297 0.132407 0.528255 0.135648 0.526302 0.139120 0.525260 0.140509 0.524479 0.140972 0.522396 0.143750 0.520833 0.145139 0.517708 0.146991 0.505469 0.146991 0.505208 0.146528 0.489583 0.146528 0.489323 0.146065 0.477604 0.146065 0.477344 0.145602 0.471354 0.145602 0.471094 0.145139 0.457292 0.145139 0.457031 0.144676 0.452344 0.144676 0.452083 0.144213 0.448177 0.144213 0.447917 0.143750 0.442708 0.143750 0.442448 0.143287 0.438542 0.143287 0.436458 0.144213 0.436198 0.144676 0.426563 0.144676 0.426302 0.144213 0.410938 0.144213 0.410677 0.143750 0.401042 0.143750 0.400781 0.143287 0.385937 0.143287 0.385677 0.142824 0.378646 0.142824 0.378385 0.142361 0.376302 0.142361 0.376042 0.141898 0.373437 0.140972 0.371875 0.140046 0.369531 0.137731 0.368750 0.137269 0.366146 0.132639 0.364323 0.130787 0.363151 0.128704 0.363151 0.128241 0.360026 0.122685 0.359245 0.119907 0.358724 0.116204 0.357943 0.113426 0.357682 0.109259 0.357161 0.106481 0.357161 0.104167 0.356901 0.103704 0.356901 0.100926 0.356641 0.100463 0.356641 0.098148 0.355859 0.093056 0.355859 0.089815 0.355599 0.089352 0.355599 0.086574 0.355078 0.084259 0.354818 0.080093 0.354557 0.079630 0.354557 0.076389 0.354297 0.075926 0.354297 0.072685 0.354036 0.072222 0.354036 0.069907 0.353516 0.067130 0.353516 0.064815 0.353255 0.064352 0.353255 0.061574 0.352734 0.056944 0.351953 0.052778 0.351953 0.049537 0.351693 0.049074 0.351693 0.045370 0.350911 0.040278 0.350911 0.037963 0.350651 0.037500 0.350651 0.033333 0.350391 0.032870 0.350391 0.029630 0.350130 0.029167 0.350130 0.026852 0.349870 0.026389 0.349870 0.023148 0.349609 0.022685 0.349609 0.019444 0.349089 0.016667 0.348568 0.012037 0.348568 0.000000
 4 0.586979 0.340046 0.583333 0.340046 0.582292 0.339120 0.581510 0.339120 0.580469 0.338194 0.579688 0.338194 0.578385 0.336806 0.577865 0.336806 0.576302 0.335417 0.575000 0.333102 0.574740 0.333102 0.573047 0.330093 0.572526 0.328704 0.572266 0.326389 0.572266 0.324074 0.572005 0.323611 0.572266 0.321296 0.572266 0.318519 0.572526 0.316204 0.573307 0.313426 0.573307 0.312037 0.573828 0.310185 0.574870 0.304167 0.575911 0.300926 0.577083 0.298843 0.578385 0.297454 0.579688 0.296528 0.582031 0.296065 0.583333 0.295139 0.584896 0.295139 0.585156 0.295602 0.587240 0.295602 0.587500 0.296065 0.590625 0.297454 0.592448 0.299306 0.593750 0.301157 0.594792 0.302083 0.596224 0.305093 0.597005 0.308333 0.597005 0.311574 0.597266 0.312037 0.597266 0.315741 0.596484 0.319444 0.596224 0.322685 0.595443 0.325926 0.594922 0.330556 0.594141 0.333333 0.591927 0.337269 0.590885 0.338194 0.589583 0.338657 0.588542 0.339583 0.587240 0.339583 0.586979 0.340046
 4 0.427344 0.429398 0.425781 0.429398 0.425521 0.428935 0.422396 0.428935 0.422135 0.428472 0.420833 0.428472 0.419531 0.428009 0.417969 0.426620 0.416667 0.426157 0.415885 0.425231 0.413151 0.420370 0.411589 0.415741 0.411068 0.412963 0.411068 0.410185 0.410807 0.409722 0.410807 0.406019 0.410547 0.405556 0.410547 0.396296 0.410807 0.395833 0.410807 0.392593 0.411068 0.392130 0.411328 0.389352 0.412109 0.386574 0.414062 0.383102 0.416406 0.380324 0.417708 0.379861 0.419792 0.378472 0.421094 0.378472 0.421354 0.378009 0.422917 0.378009 0.423177 0.377546 0.424740 0.377546 0.425000 0.378009 0.427344 0.378009 0.429688 0.378935 0.431510 0.380324 0.432552 0.381713 0.433854 0.384028 0.434115 0.384028 0.435286 0.386111 0.436068 0.388889 0.436589 0.389815 0.437630 0.394444 0.437630 0.395833 0.438151 0.398148 0.438151 0.400926 0.437891 0.401389 0.437891 0.412500 0.437630 0.414815 0.436589 0.418981 0.433333 0.424769 0.430729 0.427546 0.430208 0.427546 0.428646 0.428935 0.427344 0.429398
 4 0.447656 0.503472 0.447396 0.503009 0.445833 0.503009 0.444531 0.502546 0.441927 0.501157 0.439063 0.498380 0.436849 0.494444 0.436068 0.492593 0.435026 0.489352 0.434766 0.486574 0.434245 0.484259 0.434245 0.478704 0.433984 0.478241 0.433984 0.474537 0.434245 0.474074 0.434245 0.468056 0.434505 0.467593 0.434505 0.465278 0.434766 0.464815 0.435026 0.461111 0.435807 0.458333 0.437500 0.455324 0.439323 0.453472 0.440104 0.452083 0.443750 0.449306 0.445052 0.449306 0.445312 0.448843 0.451302 0.448843 0.452865 0.450231 0.454948 0.451157 0.456510 0.453009 0.457292 0.453472 0.460026 0.458333 0.460807 0.460185 0.461589 0.463426 0.461589 0.464815 0.462109 0.466667 0.462109 0.483796 0.461589 0.486574 0.461589 0.488426 0.460286 0.493519 0.459766 0.494907 0.458073 0.497917 0.456510 0.499769 0.454427 0.501620 0.453385 0.501620 0.452083 0.502546 0.450781 0.502546 0.450521 0.503009 0.447917 0.503009 0.447656 0.503472
 4 0.345833 0.571065 0.340885 0.571065 0.340625 0.570602 0.338802 0.570602 0.338542 0.570139 0.337240 0.570139 0.335677 0.568750 0.335156 0.568750 0.333854 0.566898 0.332813 0.565972 0.330599 0.562037 0.330078 0.560648 0.329297 0.557407 0.329297 0.556019 0.328776 0.553704 0.328516 0.550926 0.327734 0.548611 0.326953 0.544444 0.326693 0.542130 0.326693 0.539815 0.326432 0.539352 0.326432 0.534259 0.326693 0.533796 0.326693 0.531019 0.327734 0.526852 0.329557 0.522222 0.332031 0.517824 0.334115 0.515509 0.334896 0.515509 0.340365 0.512269 0.341406 0.511343 0.342708 0.511806 0.344531 0.511806 0.344792 0.512269 0.346875 0.512269 0.347135 0.512731 0.348438 0.512731 0.351562 0.514120 0.353646 0.515972 0.356901 0.521759 0.357943 0.525000 0.358724 0.528241 0.359245 0.532407 0.359766 0.534259 0.359766 0.535648 0.360286 0.537500 0.360286 0.539815 0.360547 0.540278 0.360547 0.542593 0.360807 0.543056 0.360807 0.547685 0.360547 0.548148 0.360547 0.550926 0.358984 0.557407 0.357943 0.560185 0.355469 0.564583 0.353906 0.566435 0.352344 0.567361 0.349479 0.569676 0.346094 0.570602 0.345833 0.571065
 4 0.127865 0.771991 0.121875 0.771991 0.121615 0.771528 0.119271 0.771065 0.118229 0.770139 0.116927 0.769676 0.114583 0.767361 0.113802 0.766898 0.110677 0.762731 0.107552 0.759491 0.105208 0.756250 0.104948 0.756250 0.102214 0.751389 0.101172 0.748611 0.100651 0.746296 0.100651 0.744907 0.100130 0.742593 0.099870 0.740278 0.099870 0.737500 0.100130 0.737037 0.100130 0.733333 0.100391 0.732870 0.100911 0.728704 0.101953 0.725000 0.103776 0.719907 0.104297 0.718056 0.105599 0.715741 0.105599 0.715278 0.107813 0.711343 0.108073 0.711343 0.109375 0.709028 0.109635 0.709028 0.110937 0.706713 0.117188 0.700231 0.117708 0.700231 0.119010 0.698843 0.120313 0.698380 0.121094 0.697454 0.123958 0.696065 0.125260 0.696065 0.125521 0.695602 0.127083 0.695602 0.127344 0.695139 0.128646 0.695139 0.130208 0.694213 0.131250 0.694213 0.132552 0.695139 0.134375 0.695602 0.135417 0.696528 0.137500 0.697454 0.138281 0.697454 0.141406 0.699769 0.143490 0.702083 0.145313 0.704861 0.146094 0.705324 0.149740 0.709954 0.152214 0.714352 0.152995 0.716204 0.154297 0.722685 0.154557 0.725000 0.154557 0.732407 0.153776 0.736111 0.153516 0.738426 0.152995 0.740741 0.151693 0.744907 0.149609 0.750000 0.146875 0.754861 0.146615 0.754861 0.145313 0.757176 0.144010 0.759028 0.142969 0.759954 0.142187 0.761343 0.141406 0.761806 0.139323 0.764583 0.134635 0.768750 0.132552 0.769676 0.131510 0.770602 0.129688 0.771065 0.129427 0.771528 0.128125 0.771528 0.127865 0.771991
 4 0.073698 0.815046 0.066927 0.815046 0.066667 0.814583 0.064844 0.814120 0.063281 0.813194 0.061979 0.811806 0.061458 0.811806 0.060156 0.810417 0.057813 0.808565 0.053385 0.803935 0.052083 0.803009 0.050521 0.801157 0.048307 0.797685 0.048307 0.797222 0.046745 0.794444 0.046224 0.793056 0.045443 0.789815 0.045182 0.786574 0.044922 0.786111 0.044922 0.783333 0.044661 0.782870 0.044661 0.780093 0.045182 0.777315 0.045182 0.775000 0.045443 0.774537 0.045703 0.771759 0.046224 0.769444 0.047786 0.764352 0.049349 0.760648 0.049870 0.758796 0.051432 0.756019 0.052344 0.753935 0.052604 0.753935 0.053906 0.751620 0.054167 0.751620 0.055469 0.749306 0.055729 0.749306 0.057031 0.746991 0.057813 0.746528 0.058594 0.745139 0.059635 0.744213 0.060937 0.742361 0.061458 0.742361 0.062760 0.740972 0.063281 0.740972 0.064583 0.739583 0.065104 0.739583 0.066406 0.738194 0.066927 0.738194 0.068490 0.736806 0.069792 0.736343 0.071094 0.736343 0.071354 0.735880 0.072917 0.735880 0.073177 0.735417 0.074740 0.735417 0.075000 0.734954 0.078646 0.734954 0.079687 0.734491 0.079948 0.734954 0.081250 0.734954 0.084635 0.736343 0.087240 0.738194 0.088542 0.738657 0.089323 0.739583 0.091667 0.741435 0.092188 0.742361 0.093490 0.743287 0.094010 0.744213 0.095052 0.744676 0.096615 0.746065 0.097917 0.747917 0.099740 0.751157 0.100000 0.751157 0.101432 0.753704 0.102214 0.755556 0.103255 0.758796 0.103776 0.761111 0.103776 0.763426 0.104036 0.763889 0.104036 0.770370 0.103776 0.770833 0.103776 0.773611 0.102734 0.777315 0.101953 0.781019 0.100651 0.784259 0.099609 0.788426 0.093229 0.799769 0.091146 0.802083 0.089844 0.803935 0.089063 0.804398 0.085156 0.808565 0.083594 0.809954 0.083073 0.809954 0.080990 0.811806 0.077865 0.813194 0.076823 0.814120 0.075521 0.814583 0.073958 0.814583 0.073698 0.815046
 4 0.000000 0.696065 0.001563 0.696065 0.005990 0.692361 0.007292 0.692361 0.007552 0.691898 0.009635 0.691898 0.009896 0.691435 0.017448 0.691435 0.017708 0.691898 0.019010 0.691898 0.019271 0.692361 0.022656 0.693750 0.024479 0.695602 0.025260 0.696065 0.026562 0.697917 0.029427 0.700231 0.030729 0.702083 0.033073 0.703935 0.034896 0.705787 0.035937 0.707176 0.038411 0.711574 0.039453 0.715278 0.039974 0.718056 0.039974 0.726852 0.039453 0.728704 0.038672 0.733796 0.037109 0.738889 0.036068 0.741204 0.035026 0.744444 0.033984 0.746759 0.031250 0.751620 0.030990 0.751620 0.029687 0.753935 0.029427 0.753935 0.026302 0.758565 0.025521 0.759028 0.024219 0.760880 0.023438 0.761343 0.020833 0.764120 0.016927 0.766898 0.015625 0.767361 0.013802 0.768750 0.012760 0.769213 0.011458 0.769213 0.011198 0.769676 0.007552 0.769676 0.007292 0.770139 0.005990 0.770139 0.005729 0.769676 0.004427 0.769676 0.001302 0.767824 0.000000 0.767824
 4 0.000000 0.883565 0.001302 0.883565 0.001823 0.883102 0.002734 0.881019 0.004948 0.877083 0.005729 0.876620 0.007031 0.874769 0.007812 0.874306 0.010417 0.871528 0.013542 0.868750 0.014844 0.867824 0.016146 0.867361 0.016927 0.866435 0.019010 0.865509 0.020052 0.865509 0.021094 0.864583 0.022656 0.864583 0.022917 0.864120 0.029427 0.864120 0.029687 0.864583 0.031250 0.864583 0.031510 0.865046 0.032813 0.865046 0.035417 0.866898 0.037240 0.867824 0.038542 0.869213 0.040104 0.870139 0.040885 0.870139 0.044792 0.872454 0.046094 0.873380 0.047135 0.874769 0.047917 0.875231 0.049219 0.877083 0.050651 0.879630 0.051432 0.881944 0.052214 0.883333 0.052474 0.885185 0.052995 0.886574 0.053255 0.889815 0.053516 0.890278 0.053516 0.892593 0.053776 0.893056 0.053776 0.902315 0.053516 0.904630 0.052214 0.910185 0.051953 0.912500 0.050130 0.918519 0.048568 0.922222 0.047526 0.925463 0.040365 0.938194 0.039062 0.940046 0.037500 0.941435 0.035937 0.943750 0.034375 0.945602 0.032292 0.947454 0.030990 0.947917 0.027604 0.950694 0.025260 0.951620 0.023958 0.952546 0.022656 0.953009 0.017188 0.953009 0.014583 0.952083 0.013021 0.951157 0.011198 0.949306 0.009375 0.948380 0.008594 0.947454 0.007292 0.946991 0.006250 0.946065 0.004948 0.945602 0.003125 0.943750 0.002344 0.942361 0.001563 0.941898 0.000000 0.941898
 3 0.119792 0.696991 0.117969 0.696528 0.115625 0.695139 0.114844 0.694213 0.113021 0.692824 0.112500 0.691898 0.110937 0.690509 0.109635 0.688657 0.108333 0.686343 0.107031 0.684491 0.105990 0.683565 0.104688 0.681713 0.102995 0.678704 0.102474 0.677315 0.101432 0.671759 0.101432 0.662963 0.101953 0.660185 0.102734 0.657870 0.102734 0.656944 0.103776 0.654167 0.105078 0.651852 0.105078 0.651389 0.106250 0.649306 0.106510 0.649306 0.108854 0.645139 0.109115 0.645139 0.110937 0.642361 0.113021 0.640509 0.113542 0.639583 0.117188 0.636343 0.117708 0.636343 0.119010 0.634954 0.119792 0.634954 0.122135 0.633565 0.123438 0.633102 0.124740 0.633102 0.125000 0.632639 0.131250 0.632639 0.131510 0.633102 0.134896 0.634491 0.136979 0.636343 0.138802 0.638657 0.145964 0.651389 0.146745 0.653704 0.147266 0.656019 0.147266 0.660185 0.147526 0.660648 0.147266 0.664815 0.146745 0.667593 0.146224 0.668981 0.145964 0.670833 0.144401 0.674074 0.143880 0.675926 0.139323 0.684028 0.139063 0.684028 0.136979 0.686806 0.134635 0.689120 0.134115 0.689120 0.130729 0.692824 0.129427 0.693750 0.126562 0.695139 0.125521 0.695139 0.123958 0.696065 0.122656 0.696065 0.122396 0.696528 0.120052 0.696528 0.119792 0.696991
 3 0.000000 0.809954 0.001302 0.809954 0.002474 0.807870 0.003255 0.805556 0.005469 0.801620 0.005729 0.801620 0.008073 0.797454 0.008333 0.797454 0.009635 0.795139 0.010417 0.794676 0.011979 0.792824 0.012760 0.792361 0.016406 0.788657 0.018490 0.787731 0.019271 0.786806 0.020052 0.786806 0.021094 0.785880 0.023438 0.784954 0.024740 0.784954 0.025000 0.784491 0.028125 0.784491 0.028385 0.784028 0.029427 0.784491 0.031250 0.784491 0.031510 0.784954 0.033073 0.784954 0.034115 0.785880 0.035417 0.786343 0.038281 0.789120 0.039062 0.789583 0.040365 0.791898 0.041667 0.793287 0.043229 0.794213 0.043750 0.795139 0.045833 0.796991 0.050130 0.804630 0.050651 0.807407 0.050651 0.815741 0.050130 0.818519 0.049089 0.822222 0.049089 0.823148 0.047786 0.826852 0.047526 0.828241 0.045964 0.831944 0.044661 0.834259 0.044661 0.834722 0.040365 0.842361 0.040104 0.842361 0.038802 0.844676 0.038542 0.844676 0.036458 0.847454 0.030208 0.853009 0.029687 0.853935 0.027865 0.854861 0.026823 0.855787 0.024479 0.857176 0.022396 0.858102 0.018750 0.858102 0.018490 0.857639 0.016927 0.857639 0.015625 0.856713 0.013281 0.856250 0.011458 0.854861 0.010156 0.854398 0.008854 0.853472 0.008333 0.852546 0.007292 0.852083 0.005990 0.850694 0.003385 0.848843 0.001563 0.846528 0.000000 0.846528
 3 0.085417 0.905787 0.080990 0.905787 0.080729 0.905324 0.079167 0.905324 0.078906 0.904861 0.075000 0.903472 0.074219 0.902546 0.071875 0.901620 0.070573 0.900694 0.068750 0.898843 0.068229 0.898843 0.065104 0.895139 0.063672 0.892593 0.062630 0.889352 0.061328 0.886111 0.060807 0.883333 0.060807 0.880556 0.060547 0.880093 0.060547 0.875463 0.060807 0.875000 0.060807 0.871759 0.061328 0.869444 0.061849 0.865741 0.062891 0.862037 0.063411 0.861111 0.064453 0.857407 0.066276 0.853241 0.067057 0.850926 0.068620 0.848148 0.068620 0.847685 0.069792 0.845602 0.070052 0.845602 0.071354 0.843287 0.072656 0.841435 0.073958 0.840046 0.075260 0.838194 0.076563 0.836806 0.078906 0.834954 0.080208 0.833565 0.080729 0.833565 0.082031 0.832176 0.082552 0.832176 0.083854 0.830787 0.085677 0.830324 0.086979 0.829398 0.088281 0.829398 0.088542 0.828935 0.090365 0.828935 0.090625 0.828472 0.095833 0.828472 0.097135 0.828935 0.098437 0.829861 0.099219 0.829861 0.100781 0.831250 0.101302 0.831250 0.102604 0.832639 0.103906 0.833565 0.104427 0.834491 0.107292 0.836806 0.108333 0.838194 0.109896 0.839583 0.112891 0.844907 0.113672 0.847222 0.113932 0.849074 0.114453 0.850463 0.114453 0.852778 0.114714 0.853241 0.114714 0.856019 0.114974 0.856481 0.114714 0.858796 0.114714 0.862037 0.114453 0.864352 0.113411 0.868981 0.113411 0.869907 0.111328 0.875926 0.108724 0.881944 0.102865 0.892361 0.100521 0.895139 0.098958 0.897454 0.097135 0.898843 0.095052 0.901157 0.093490 0.902083 0.092708 0.903009 0.088802 0.904398 0.087500 0.905324 0.085677 0.905324 0.085417 0.905787
 6 0.000000 0.633565 0.001302 0.633565 0.004167 0.631250 0.007812 0.629398 0.009896 0.627546 0.011198 0.625694 0.013021 0.623843 0.014844 0.622917 0.016667 0.622917 0.016927 0.622454 0.018229 0.622454 0.019271 0.621528 0.020052 0.621528 0.021354 0.620602 0.024740 0.619213 0.026302 0.617824 0.027604 0.617361 0.028646 0.616435 0.030469 0.615972 0.033073 0.614120 0.033594 0.614120 0.035677 0.612269 0.036979 0.611806 0.037760 0.610880 0.039323 0.609954 0.041667 0.609028 0.042708 0.608102 0.044010 0.607639 0.045312 0.606713 0.046615 0.605324 0.048177 0.604861 0.050000 0.603472 0.051302 0.603009 0.052344 0.602083 0.054167 0.601620 0.058073 0.598843 0.059375 0.597454 0.061458 0.596528 0.062240 0.595602 0.063802 0.594676 0.064583 0.594676 0.065625 0.593750 0.068229 0.592824 0.068750 0.591898 0.070833 0.590509 0.073177 0.590046 0.073438 0.589583 0.074740 0.589583 0.076823 0.588657 0.077604 0.587731 0.078906 0.587269 0.080208 0.586343 0.081510 0.584954 0.082031 0.584954 0.084635 0.582639 0.085417 0.581713 0.088021 0.580787 0.089063 0.579861 0.091146 0.579398 0.092969 0.577546 0.094531 0.576620 0.096094 0.576157 0.096875 0.575231 0.100781 0.572917 0.101302 0.572917 0.102604 0.571528 0.103906 0.571065 0.104688 0.570139 0.105990 0.569676 0.106771 0.568750 0.108854 0.567824 0.109896 0.566898 0.111198 0.566435 0.112240 0.565509 0.114062 0.565046 0.114844 0.564120 0.117188 0.563194 0.117448 0.562731 0.119531 0.562269 0.121354 0.560880 0.122656 0.560417 0.123698 0.559491 0.125781 0.558565 0.128385 0.556250 0.128906 0.556250 0.130729 0.554861 0.132812 0.553935 0.133594 0.553009 0.134375 0.553009 0.135156 0.552083 0.138281 0.551157 0.139063 0.550231 0.140365 0.549769 0.141406 0.548843 0.142448 0.548843 0.144010 0.547917 0.145313 0.547917 0.145573 0.547454 0.146875 0.547454 0.150000 0.549306 0.151953 0.552778 0.152995 0.556019 0.153516 0.558333 0.153776 0.560648 0.155078 0.565741 0.155078 0.567130 0.155599 0.568981 0.155599 0.570370 0.156641 0.575000 0.157422 0.581019 0.158203 0.584259 0.158594 0.584954 0.159635 0.585417 0.165625 0.585417 0.167969 0.586806 0.169792 0.588657 0.171745 0.592130 0.173047 0.595833 0.174870 0.599074 0.175911 0.602778 0.180729 0.611343 0.180990 0.611343 0.184635 0.617824 0.184896 0.617824 0.186328 0.620370 0.186328 0.620833 0.188151 0.625000 0.188151 0.625463 0.189453 0.627778 0.190495 0.631019 0.192188 0.634028 0.193490 0.635417 0.194141 0.637037 0.196224 0.640741 0.196224 0.641204 0.197786 0.643981 0.197786 0.644444 0.199349 0.647222 0.201172 0.651852 0.204297 0.662963 0.205599 0.665741 0.206641 0.669444 0.206901 0.672685 0.207422 0.675463 0.208464 0.679630 0.208724 0.681944 0.209766 0.686574 0.210286 0.690741 0.210547 0.691204 0.210547 0.693519 0.211068 0.695833 0.211328 0.699537 0.212109 0.702778 0.212370 0.705093 0.213411 0.708796 0.213672 0.711111 0.214193 0.712963 0.214453 0.715278 0.215234 0.717593 0.215234 0.718519 0.216016 0.721296 0.216797 0.727315 0.217578 0.729630 0.217578 0.730556 0.218359 0.732870 0.219401 0.738426 0.219401 0.739815 0.220443 0.744444 0.220964 0.748148 0.221484 0.749537 0.222005 0.754167 0.222526 0.755556 0.223568 0.762500 0.224089 0.764352 0.224870 0.769444 0.225391 0.770833 0.225911 0.773611 0.226172 0.776852 0.227214 0.781481 0.227214 0.782870 0.227734 0.784722 0.227995 0.787500 0.228516 0.788889 0.228776 0.791204 0.229297 0.792593 0.229557 0.795370 0.230078 0.797222 0.230339 0.800463 0.230859 0.803241 0.231380 0.804630 0.231901 0.807407 0.231901 0.808796 0.232422 0.810648 0.232682 0.813889 0.233203 0.816204 0.233203 0.817593 0.233724 0.819444 0.233984 0.821759 0.234766 0.825000 0.235026 0.827315 0.235547 0.828704 0.235807 0.831481 0.237109 0.837500 0.237370 0.840741 0.237891 0.842593 0.237891 0.843981 0.238411 0.845833 0.238411 0.847222 0.238932 0.849074 0.238932 0.850463 0.239974 0.854630 0.240495 0.858796 0.241016 0.861111 0.241016 0.862963 0.241797 0.868519 0.242318 0.870370 0.242318 0.871759 0.242839 0.873611 0.243620 0.879167 0.243880 0.879630 0.244141 0.882870 0.245443 0.888889 0.245443 0.889815 0.246224 0.893056 0.246224 0.893981 0.247786 0.899537 0.247786 0.900926 0.248307 0.902778 0.248568 0.905093 0.248568 0.908796 0.248307 0.909259 0.248307 0.912500 0.247266 0.916204 0.245312 0.918750 0.242969 0.921528 0.241406 0.923843 0.240104 0.924769 0.239583 0.925694 0.238281 0.926620 0.236719 0.928935 0.235156 0.930324 0.233594 0.931250 0.232813 0.931250 0.229948 0.933565 0.226302 0.937731 0.224479 0.939120 0.221354 0.941898 0.220052 0.942824 0.218750 0.944213 0.215365 0.948843 0.212500 0.951157 0.210938 0.952083 0.209635 0.953935 0.208333 0.955324 0.205990 0.956713 0.204687 0.958102 0.203646 0.958565 0.202344 0.959954 0.200260 0.962731 0.197917 0.964583 0.197396 0.965509 0.196094 0.966435 0.194792 0.968287 0.194010 0.968750 0.191927 0.971065 0.189583 0.972917 0.186979 0.975231 0.185938 0.977083 0.184635 0.978009 0.181510 0.980787 0.180729 0.981713 0.175000 0.986806 0.173698 0.987731 0.169271 0.992361 0.166667 0.994213 0.163802 0.995602 0.162500 0.995602 0.162240 0.996065 0.160938 0.996065 0.160677 0.996528 0.158854 0.996528 0.158594 0.996991 0.142708 0.996991 0.142448 0.997454 0.135156 0.997454 0.134896 0.997917 0.108854 0.997917 0.108594 0.997454 0.099219 0.997454 0.098958 0.996991 0.094271 0.996991 0.092708 0.996065 0.087240 0.996065 0.086979 0.995602 0.082292 0.995602 0.082031 0.996065 0.080208 0.996065 0.079948 0.996528 0.077344 0.996528 0.077083 0.996991 0.072396 0.996991 0.072135 0.997454 0.062240 0.997454 0.061979 0.996991 0.039844 0.996991 0.039583 0.996528 0.030208 0.996528 0.029948 0.996991 0.026562 0.996991 0.026302 0.997454 0.000000 0.997454
 6 0.000000 0.943750 0.001823 0.943750 0.003906 0.945602 0.006771 0.946991 0.008073 0.947917 0.009375 0.949306 0.013802 0.951620 0.015104 0.952083 0.017188 0.953472 0.021094 0.953472 0.021354 0.953009 0.022917 0.953009 0.023177 0.952546 0.024479 0.952546 0.025781 0.952083 0.026823 0.951157 0.027604 0.951157 0.030990 0.948380 0.032292 0.947917 0.033073 0.946991 0.034375 0.946528 0.036979 0.944676 0.038802 0.942824 0.040625 0.939583 0.042448 0.937731 0.043099 0.936574 0.043359 0.935185 0.044531 0.932639 0.045573 0.931713 0.047266 0.928704 0.048047 0.925926 0.048047 0.925000 0.049349 0.920833 0.051432 0.916204 0.052214 0.912963 0.052995 0.910648 0.053776 0.909259 0.054557 0.906944 0.054818 0.905093 0.054818 0.893056 0.054557 0.892593 0.054036 0.888426 0.053516 0.887037 0.052474 0.882407 0.051953 0.881481 0.051172 0.878704 0.049740 0.876157 0.048438 0.874306 0.045573 0.871991 0.043490 0.871065 0.042708 0.870139 0.041406 0.869676 0.038281 0.866898 0.036719 0.865972 0.035937 0.865046 0.034635 0.864583 0.032292 0.863194 0.030469 0.861343 0.028776 0.858333 0.028776 0.857407 0.029427 0.855787 0.031250 0.853472 0.033594 0.851620 0.034896 0.850231 0.035677 0.848843 0.036458 0.848380 0.039323 0.844213 0.039583 0.844213 0.040885 0.841898 0.042188 0.840509 0.045964 0.833796 0.045964 0.833333 0.047266 0.830556 0.048047 0.827315 0.048568 0.825926 0.050391 0.819444 0.050391 0.818519 0.051172 0.815741 0.051172 0.812500 0.051432 0.812037 0.051432 0.809259 0.052083 0.807639 0.052865 0.807176 0.053385 0.807639 0.054688 0.807639 0.054948 0.808102 0.056250 0.808102 0.058594 0.809491 0.060417 0.811343 0.064844 0.815046 0.066146 0.815509 0.068229 0.815509 0.068490 0.815972 0.071615 0.815972 0.071875 0.815509 0.073438 0.815509 0.075000 0.814583 0.076042 0.814583 0.077604 0.813657 0.078906 0.813657 0.079948 0.813194 0.081510 0.811806 0.082031 0.811806 0.083854 0.809954 0.085677 0.808565 0.086198 0.808565 0.087760 0.807176 0.089063 0.805324 0.092188 0.802546 0.093490 0.800694 0.094792 0.798380 0.095052 0.798380 0.097266 0.794444 0.098307 0.791667 0.099349 0.789815 0.100651 0.786111 0.101693 0.783796 0.102734 0.780093 0.102734 0.779167 0.104557 0.772685 0.104557 0.770370 0.104818 0.769907 0.104818 0.767593 0.105078 0.765278 0.105599 0.762963 0.106771 0.760880 0.107552 0.760880 0.109115 0.763194 0.110677 0.764583 0.111198 0.765509 0.113021 0.766898 0.113542 0.767824 0.116667 0.770139 0.119531 0.771528 0.121094 0.771528 0.121354 0.771991 0.123177 0.771991 0.123438 0.772454 0.125000 0.772454 0.125260 0.772917 0.127865 0.772917 0.132292 0.771065 0.133854 0.770139 0.136719 0.767824 0.137240 0.766898 0.142969 0.761806 0.146615 0.755324 0.146875 0.755324 0.150651 0.748611 0.151432 0.746759 0.153255 0.740278 0.153255 0.739352 0.154297 0.736111 0.154818 0.733796 0.154818 0.724074 0.154297 0.722222 0.154297 0.720833 0.153516 0.717130 0.152474 0.714815 0.151953 0.712963 0.150260 0.709954 0.149219 0.709028 0.147917 0.707176 0.147135 0.706713 0.145573 0.704861 0.144010 0.702083 0.143750 0.702083 0.142448 0.699769 0.140625 0.697917 0.138281 0.694676 0.136198 0.692824 0.135286 0.691204 0.135547 0.689815 0.136458 0.689120 0.138021 0.687269 0.141406 0.681250 0.141667 0.681250 0.143620 0.677778 0.144922 0.674537 0.145443 0.672222 0.146224 0.670370 0.146745 0.667130 0.147526 0.664352 0.147526 0.656944 0.146745 0.653704 0.143620 0.646296 0.142318 0.643981 0.142318 0.643519 0.140885 0.640972 0.138802 0.638657 0.135677 0.635880 0.134896 0.634954 0.133333 0.634491 0.132031 0.633565 0.130729 0.633102 0.129167 0.633102 0.128906 0.632639 0.125521 0.632639 0.125260 0.633102 0.123698 0.633565 0.122917 0.634491 0.119271 0.635417 0.118229 0.636343 0.116406 0.636806 0.114844 0.637731 0.114062 0.638657 0.110677 0.640972 0.109245 0.643519 0.109245 0.643981 0.107943 0.646296 0.107943 0.646759 0.106120 0.650000 0.106120 0.650463 0.104818 0.652778 0.104818 0.653241 0.103516 0.655556 0.102474 0.658796 0.102474 0.659722 0.101693 0.662037 0.101693 0.665278 0.101432 0.665741 0.101432 0.669907 0.102214 0.675000 0.103255 0.678241 0.108203 0.687037 0.109766 0.690741 0.109766 0.691204 0.111719 0.694676 0.115104 0.696528 0.116016 0.698148 0.115625 0.699306 0.113802 0.701157 0.112500 0.703472 0.112240 0.703472 0.106901 0.712963 0.106380 0.714815 0.104818 0.718056 0.104818 0.718519 0.103255 0.721296 0.102474 0.723148 0.101432 0.726389 0.100130 0.734259 0.100130 0.736574 0.099870 0.737037 0.099870 0.739352 0.099609 0.739815 0.099609 0.743981 0.099870 0.745370 0.098958 0.746991 0.097396 0.746065 0.095833 0.746065 0.094531 0.744676 0.093750 0.743287 0.092708 0.742361 0.091406 0.740509 0.088542 0.737731 0.086458 0.736806 0.084635 0.735417 0.081250 0.734028 0.077604 0.734028 0.077344 0.734491 0.073438 0.734491 0.073177 0.734954 0.070833 0.734954 0.070573 0.735417 0.069271 0.735417 0.069010 0.735880 0.067708 0.735880 0.067448 0.736343 0.065104 0.737269 0.064062 0.739120 0.061979 0.741898 0.060677 0.742824 0.058594 0.745602 0.057292 0.746991 0.055990 0.747917 0.055208 0.749306 0.054167 0.750231 0.052865 0.752083 0.052344 0.752083 0.050781 0.753472 0.049349 0.756019 0.048828 0.758796 0.048307 0.760185 0.047786 0.762963 0.046224 0.768056 0.045703 0.772222 0.045182 0.775000 0.045182 0.777778 0.044922 0.778241 0.044922 0.789352 0.044401 0.791667 0.043750 0.791435 0.041146 0.791435 0.040104 0.790509 0.038281 0.787731 0.036198 0.786343 0.035417 0.785417 0.034115 0.784954 0.033073 0.784028 0.026562 0.784028 0.026302 0.784491 0.023698 0.784491 0.023438 0.784954 0.021875 0.784954 0.019792 0.786343 0.018229 0.786806 0.016667 0.788194 0.014583 0.790509 0.014063 0.790509 0.012760 0.791898 0.011458 0.793750 0.010677 0.794213 0.009115 0.796065 0.007292 0.798843 0.007031 0.798843 0.005729 0.801157 0.005469 0.801157 0.003906 0.803935 0.003646 0.803935 0.002344 0.806250 0.001563 0.806713 0.000000 0.806713
 6 0.000000 0.770139 0.002604 0.770139 0.002865 0.770602 0.004167 0.770602 0.004427 0.771065 0.010937 0.771065 0.011198 0.770602 0.012500 0.770602 0.013542 0.770139 0.015365 0.768750 0.015885 0.768750 0.017188 0.767361 0.017708 0.767361 0.019792 0.765509 0.023177 0.763194 0.024740 0.760880 0.025781 0.759954 0.027865 0.757176 0.028906 0.756250 0.029687 0.754861 0.030990 0.753472 0.034245 0.747685 0.035286 0.744907 0.036328 0.741204 0.037109 0.739815 0.037630 0.737963 0.038672 0.735648 0.039193 0.733796 0.039974 0.729167 0.040234 0.726852 0.040234 0.717593 0.039974 0.717130 0.039453 0.713426 0.038672 0.711111 0.036719 0.707639 0.035677 0.706713 0.033854 0.703935 0.031250 0.701157 0.030469 0.699769 0.029167 0.698380 0.027344 0.695139 0.024219 0.692361 0.023177 0.691898 0.021615 0.691898 0.021354 0.691435 0.019531 0.691435 0.019271 0.690972 0.016146 0.690972 0.015885 0.690509 0.011979 0.690509 0.011719 0.690972 0.008854 0.690972 0.008594 0.691435 0.007031 0.691435 0.006771 0.691898 0.005469 0.691898 0.004167 0.692824 0.002865 0.693287 0.001823 0.694213 0.000000 0.694213
 6 0.083724 0.906481 0.085417 0.906250 0.085677 0.905787 0.088802 0.904861 0.090885 0.903472 0.091927 0.903472 0.093229 0.902546 0.094271 0.902546 0.095833 0.901620 0.097135 0.900231 0.098437 0.898380 0.102083 0.893750 0.103125 0.892824 0.105469 0.888657 0.105729 0.888657 0.108984 0.882870 0.108984 0.882407 0.110547 0.879167 0.111068 0.877315 0.112109 0.875000 0.113672 0.869444 0.113932 0.867130 0.114453 0.865741 0.115234 0.859722 0.115234 0.855093 0.114974 0.854630 0.114974 0.852315 0.114193 0.847685 0.113151 0.844444 0.111328 0.840741 0.111328 0.840278 0.109896 0.837731 0.109115 0.836806 0.107292 0.835417 0.106771 0.835417 0.105469 0.834028 0.104167 0.833102 0.102865 0.831713 0.100000 0.830324 0.098958 0.829398 0.098177 0.829398 0.096094 0.828009 0.094271 0.828009 0.094010 0.828472 0.091406 0.828472 0.091146 0.828935 0.089583 0.828935 0.089323 0.829398 0.087500 0.829398 0.087240 0.829861 0.085677 0.829861 0.085417 0.830324 0.084115 0.830324 0.083854 0.830787 0.079948 0.832176 0.077865 0.834028 0.077344 0.834954 0.075260 0.836806 0.072135 0.840972 0.070052 0.844676 0.069792 0.844676 0.066016 0.851389 0.065495 0.853241 0.063151 0.859722 0.062891 0.861111 0.061849 0.863426 0.061589 0.866204 0.061328 0.866667 0.061328 0.869444 0.061068 0.869907 0.061068 0.874074 0.060807 0.874537 0.060807 0.881944 0.061068 0.882407 0.061068 0.885648 0.062109 0.890741 0.062630 0.892130 0.064323 0.895139 0.065625 0.896528 0.067969 0.898380 0.070833 0.901157 0.072396 0.902083 0.074740 0.903009 0.076563 0.904398 0.078646 0.905324 0.079427 0.906250 0.081510 0.906250 0.081771 0.906713 0.083724 0.906481
 6 0.000000 0.847454 0.001302 0.847454 0.002865 0.848843 0.003385 0.849769 0.006250 0.852083 0.007812 0.853935 0.009896 0.855787 0.011719 0.856250 0.013542 0.857639 0.014193 0.858796 0.014974 0.862963 0.014453 0.865278 0.012500 0.868287 0.011458 0.869213 0.009115 0.871991 0.006250 0.874306 0.004948 0.875694 0.001823 0.881250 0.001302 0.881713 0.000000 0.881713
