 4 0.314844 0.709491 0.309635 0.709491 0.305990 0.707639 0.303906 0.705787 0.302604 0.703935 0.301823 0.703472 0.299740 0.700694 0.297396 0.698380 0.296875 0.697454 0.295312 0.696528 0.293750 0.694676 0.290885 0.689583 0.288542 0.686343 0.287240 0.684954 0.283854 0.678935 0.281771 0.676620 0.279687 0.673380 0.277344 0.670602 0.276302 0.668750 0.274219 0.666435 0.271875 0.662269 0.270052 0.660880 0.268620 0.658796 0.268099 0.656944 0.267448 0.655787 0.264844 0.653009 0.261979 0.648843 0.260417 0.646991 0.259115 0.646065 0.257552 0.643750 0.256510 0.642824 0.255729 0.641435 0.254688 0.640509 0.253385 0.638657 0.250781 0.634028 0.250000 0.633102 0.247396 0.631250 0.246354 0.629861 0.245052 0.627546 0.244010 0.626620 0.241667 0.623380 0.240365 0.621065 0.239063 0.619676 0.237760 0.617824 0.236458 0.615509 0.234115 0.612731 0.232031 0.610880 0.229948 0.607176 0.228385 0.605324 0.227604 0.604861 0.226562 0.603472 0.225391 0.601389 0.223958 0.597917 0.222917 0.597454 0.215625 0.597454 0.213281 0.596065 0.211198 0.593750 0.209896 0.591435 0.207031 0.587731 0.205729 0.585417 0.203906 0.583565 0.201823 0.579861 0.199740 0.577546 0.197266 0.573148 0.196224 0.569907 0.195703 0.567593 0.195703 0.560648 0.195964 0.560185 0.196484 0.555556 0.198047 0.550463 0.200391 0.544444 0.201432 0.542130 0.202734 0.539815 0.202734 0.539352 0.204948 0.535417 0.206250 0.534028 0.208073 0.530787 0.208333 0.530787 0.209896 0.528009 0.212240 0.525231 0.216406 0.521991 0.217188 0.521065 0.220312 0.519676 0.220573 0.519213 0.222917 0.518750 0.223177 0.518287 0.225260 0.517824 0.225521 0.518287 0.228125 0.518287 0.229167 0.518750 0.230729 0.520139 0.231250 0.520139 0.233594 0.522454 0.234375 0.522917 0.235156 0.524306 0.237500 0.527083 0.240104 0.531713 0.242188 0.534028 0.244531 0.538194 0.244792 0.538194 0.246745 0.541667 0.247786 0.545833 0.247786 0.548611 0.248047 0.549074 0.248047 0.552778 0.248307 0.553241 0.248307 0.556019 0.248568 0.557870 0.249740 0.559954 0.251302 0.560417 0.252344 0.561343 0.253906 0.564120 0.254167 0.564120 0.256250 0.567824 0.257812 0.569676 0.260677 0.574769 0.260937 0.574769 0.264323 0.580787 0.266406 0.583102 0.267708 0.585417 0.269271 0.587269 0.270313 0.589120 0.271615 0.590509 0.279557 0.604630 0.280599 0.607407 0.283594 0.612731 0.285417 0.614583 0.286198 0.615972 0.289062 0.618287 0.293490 0.626157 0.295312 0.628009 0.297396 0.631250 0.298698 0.632639 0.302995 0.640278 0.302995 0.640741 0.308984 0.651389 0.308984 0.651852 0.310937 0.655324 0.312760 0.657176 0.314063 0.658102 0.315625 0.659954 0.318750 0.663194 0.320443 0.666204 0.321484 0.669444 0.321484 0.670370 0.322266 0.672685 0.322786 0.675000 0.323307 0.675926 0.324089 0.678704 0.324609 0.681481 0.325130 0.682407 0.325911 0.687500 0.325911 0.691667 0.324609 0.695370 0.323828 0.698148 0.321354 0.702546 0.321094 0.702546 0.319010 0.706250 0.317188 0.707639 0.316406 0.708565 0.314844 0.709491
 3 0.369010 0.646991 0.367969 0.646528 0.366406 0.646528 0.365365 0.646065 0.363802 0.644676 0.362109 0.641667 0.361589 0.639815 0.360807 0.638426 0.359505 0.634259 0.358984 0.633333 0.357422 0.627315 0.357422 0.625926 0.356641 0.622685 0.355859 0.614815 0.355599 0.614352 0.355599 0.612037 0.354818 0.607870 0.354557 0.604630 0.354036 0.602778 0.353516 0.597685 0.352734 0.594444 0.352474 0.590278 0.351693 0.587037 0.351693 0.584259 0.351432 0.583796 0.351432 0.580556 0.348047 0.574537 0.346745 0.569907 0.346224 0.568519 0.345703 0.565278 0.345443 0.562037 0.344661 0.558333 0.344661 0.556481 0.343880 0.552778 0.343880 0.547222 0.344141 0.546759 0.344141 0.543981 0.345182 0.540278 0.346224 0.537963 0.347005 0.535648 0.348177 0.533565 0.349219 0.532176 0.352865 0.528472 0.357292 0.525694 0.359635 0.525231 0.359896 0.524769 0.366146 0.524769 0.367448 0.525694 0.368490 0.525694 0.371094 0.527546 0.373177 0.529398 0.374219 0.530787 0.375391 0.532870 0.375391 0.533333 0.376953 0.536574 0.377734 0.540278 0.377995 0.543981 0.378516 0.546759 0.378516 0.549074 0.379036 0.551389 0.379036 0.560648 0.378776 0.562963 0.378255 0.564815 0.377995 0.568981 0.377474 0.571759 0.377474 0.574074 0.377995 0.576852 0.377995 0.579167 0.378255 0.579630 0.378255 0.581944 0.378776 0.584722 0.378776 0.587037 0.379297 0.589815 0.379297 0.592130 0.379557 0.592593 0.379557 0.595370 0.379818 0.595833 0.379818 0.598611 0.380339 0.601389 0.380339 0.604630 0.380599 0.605093 0.380599 0.607870 0.380859 0.608333 0.380859 0.611111 0.381380 0.613889 0.381641 0.618056 0.381901 0.618519 0.381901 0.625000 0.381641 0.625463 0.381380 0.629167 0.380339 0.632407 0.379036 0.637037 0.376823 0.640972 0.376042 0.641435 0.374219 0.643750 0.373698 0.643750 0.372396 0.645139 0.370312 0.646065 0.369010 0.646991
 3 0.458594 0.647454 0.458073 0.646991 0.455729 0.646991 0.454688 0.646528 0.452083 0.644213 0.450391 0.641667 0.449870 0.639815 0.449089 0.638426 0.447786 0.634722 0.446224 0.631944 0.445182 0.629630 0.444661 0.627778 0.442578 0.623611 0.441016 0.618519 0.440234 0.616667 0.438932 0.614352 0.438151 0.610648 0.436458 0.607639 0.434635 0.606250 0.434115 0.606250 0.431510 0.604398 0.429427 0.602083 0.427865 0.599306 0.427604 0.599306 0.426432 0.597222 0.425391 0.594907 0.424609 0.592130 0.423828 0.590278 0.421484 0.586111 0.420964 0.584259 0.420964 0.582870 0.420443 0.580556 0.420443 0.577315 0.420182 0.576852 0.420182 0.569907 0.420443 0.569444 0.420443 0.567130 0.420964 0.563889 0.422526 0.559259 0.423568 0.556944 0.424870 0.554630 0.424870 0.554167 0.427604 0.549306 0.431510 0.545602 0.432812 0.545139 0.434896 0.543287 0.436198 0.542824 0.438542 0.542824 0.439844 0.542361 0.440104 0.542824 0.441927 0.542824 0.443229 0.543287 0.447396 0.546991 0.448177 0.547917 0.449870 0.550926 0.450911 0.554630 0.453776 0.562037 0.454557 0.563426 0.455599 0.567130 0.455599 0.568519 0.456380 0.572222 0.456380 0.578241 0.456641 0.578704 0.456641 0.582407 0.457552 0.585417 0.458333 0.585880 0.459766 0.588426 0.460547 0.591204 0.462370 0.596759 0.463151 0.598148 0.463411 0.599537 0.464974 0.603241 0.465234 0.604630 0.466276 0.606944 0.466536 0.608333 0.467578 0.610648 0.469141 0.615741 0.469401 0.618056 0.470443 0.623611 0.470443 0.625926 0.470703 0.626389 0.470703 0.630093 0.470443 0.630556 0.470443 0.632870 0.469922 0.635648 0.469141 0.637500 0.467708 0.640046 0.465625 0.642824 0.463021 0.645139 0.462240 0.646065 0.460156 0.646991 0.458854 0.646991 0.458594 0.647454
 4 0.411458 0.496065 0.406771 0.496065 0.406510 0.495602 0.404948 0.495602 0.402604 0.494213 0.400781 0.492361 0.399740 0.490972 0.398047 0.487963 0.397526 0.486574 0.396745 0.483333 0.396484 0.480093 0.395703 0.477315 0.395703 0.476389 0.394661 0.470833 0.394141 0.469444 0.393880 0.467593 0.393880 0.461111 0.394401 0.458333 0.395443 0.455556 0.396224 0.452778 0.397526 0.450463 0.397526 0.450000 0.399219 0.446991 0.400260 0.445602 0.401042 0.445139 0.403125 0.442824 0.407552 0.440972 0.407813 0.440509 0.410677 0.440509 0.410938 0.440046 0.412500 0.440046 0.412760 0.440509 0.414062 0.440509 0.416406 0.441898 0.417708 0.443287 0.419271 0.445602 0.419531 0.445602 0.421224 0.448611 0.422005 0.450463 0.423568 0.456481 0.424089 0.457870 0.424349 0.461574 0.425130 0.466204 0.425651 0.467593 0.425651 0.475463 0.425130 0.478241 0.424089 0.481481 0.423828 0.482870 0.423047 0.484722 0.421615 0.487269 0.420312 0.489120 0.419271 0.490046 0.417708 0.492361 0.415885 0.493287 0.414323 0.494676 0.413542 0.494676 0.411458 0.496065
 4 0.490104 0.516435 0.486979 0.516435 0.486719 0.515972 0.484635 0.515972 0.483333 0.515509 0.480729 0.513657 0.480208 0.512731 0.478906 0.511806 0.476172 0.506944 0.474870 0.503704 0.474089 0.498148 0.473568 0.495370 0.473568 0.493056 0.473307 0.492593 0.473307 0.490278 0.472526 0.485185 0.472526 0.478241 0.472786 0.475926 0.473828 0.471296 0.474870 0.468519 0.478385 0.462269 0.480469 0.460417 0.483073 0.459028 0.483854 0.459028 0.486198 0.457176 0.487500 0.457639 0.489323 0.457639 0.490625 0.458102 0.491927 0.459028 0.494010 0.459491 0.495573 0.460417 0.497135 0.461806 0.498177 0.463194 0.500391 0.467130 0.502214 0.473148 0.502214 0.475000 0.502734 0.477778 0.502734 0.480093 0.502995 0.480556 0.502995 0.483333 0.503255 0.483796 0.503255 0.486111 0.503516 0.486574 0.503516 0.489352 0.503776 0.489815 0.503776 0.492130 0.503516 0.492593 0.503516 0.497685 0.502474 0.502315 0.501432 0.504630 0.501172 0.506019 0.498958 0.509954 0.497396 0.511806 0.495312 0.513194 0.494531 0.514120 0.492188 0.515509 0.491406 0.515509 0.490104 0.516435
 4 0.467187 0.419213 0.465885 0.418750 0.464062 0.417361 0.463542 0.417361 0.460417 0.414583 0.459896 0.414583 0.458333 0.412731 0.456901 0.409722 0.456120 0.407407 0.455859 0.405093 0.455339 0.403241 0.455078 0.400926 0.455078 0.398148 0.454818 0.397685 0.454818 0.394907 0.454557 0.394444 0.454557 0.391667 0.454297 0.391204 0.454297 0.388889 0.454036 0.388426 0.454036 0.380093 0.454557 0.377315 0.455339 0.375000 0.456250 0.373380 0.457292 0.372454 0.458073 0.371065 0.458854 0.370602 0.459896 0.368750 0.463542 0.365972 0.466146 0.364583 0.469010 0.364583 0.469271 0.365046 0.470833 0.365046 0.471875 0.365972 0.473438 0.366435 0.475260 0.368287 0.476042 0.368750 0.477604 0.370602 0.479297 0.373611 0.480078 0.375463 0.481120 0.378704 0.481641 0.382407 0.481641 0.384722 0.481901 0.385185 0.481901 0.387500 0.482161 0.387963 0.482161 0.393519 0.482422 0.393981 0.482422 0.400463 0.482161 0.402778 0.481380 0.406019 0.480859 0.406944 0.480078 0.409722 0.478385 0.412731 0.474479 0.416435 0.472396 0.417361 0.471354 0.418287 0.470052 0.418750 0.467448 0.418750 0.467187 0.419213
 3 0.502344 0.471528 0.502083 0.471528 0.500651 0.468981 0.500651 0.468519 0.497656 0.463194 0.494792 0.460417 0.492969 0.459491 0.492188 0.459491 0.491146 0.458565 0.488021 0.457639 0.486719 0.456713 0.485547 0.454167 0.485026 0.449074 0.484766 0.448611 0.484766 0.445833 0.485026 0.445370 0.485026 0.441204 0.485286 0.440741 0.485807 0.437037 0.486589 0.434722 0.488802 0.430787 0.490625 0.428472 0.491146 0.428472 0.493229 0.426620 0.494010 0.426620 0.495312 0.425694 0.496615 0.425694 0.496875 0.425231 0.499740 0.425231 0.500000 0.425694 0.502344 0.425694 0.503646 0.426620 0.504948 0.427083 0.507292 0.429398 0.510026 0.434259 0.510286 0.436111 0.511068 0.439352 0.511328 0.441667 0.511328 0.444444 0.511589 0.444907 0.511589 0.457870 0.511068 0.461574 0.510286 0.463889 0.508854 0.466435 0.508594 0.466435 0.507031 0.468750 0.505208 0.470139 0.504167 0.470139 0.502344 0.471528
 3 0.350000 0.304398 0.349479 0.303935 0.347917 0.303935 0.345573 0.303009 0.343750 0.301157 0.342318 0.298148 0.342057 0.296759 0.341016 0.293519 0.341016 0.292593 0.340234 0.290278 0.339453 0.284722 0.338932 0.282870 0.338932 0.278241 0.339453 0.275463 0.341146 0.272454 0.342187 0.271065 0.344010 0.269213 0.346615 0.267824 0.347917 0.267361 0.349219 0.267361 0.349479 0.266898 0.353906 0.266898 0.354167 0.267361 0.356510 0.267824 0.358073 0.269213 0.360026 0.272685 0.361328 0.277778 0.362109 0.281944 0.362109 0.283796 0.362630 0.286111 0.362630 0.289815 0.362370 0.290278 0.361849 0.293981 0.361328 0.295370 0.359115 0.299306 0.356771 0.301620 0.355469 0.302083 0.353906 0.303472 0.352604 0.303935 0.350260 0.303935 0.350000 0.304398
 4 0.702865 0.331250 0.700000 0.331250 0.699740 0.330787 0.698438 0.330787 0.698177 0.330324 0.696875 0.330324 0.696615 0.329861 0.695312 0.329861 0.695052 0.329398 0.693750 0.329398 0.691406 0.327546 0.689844 0.325231 0.689583 0.325231 0.687109 0.320833 0.686328 0.315741 0.686328 0.311574 0.686589 0.311111 0.686589 0.307407 0.686849 0.306944 0.687109 0.302778 0.688672 0.296759 0.688672 0.295370 0.689193 0.293981 0.689453 0.292130 0.691406 0.287731 0.692448 0.286343 0.694531 0.284491 0.695833 0.284028 0.696615 0.283102 0.697656 0.282639 0.699479 0.282639 0.699740 0.282176 0.705990 0.282176 0.706250 0.282639 0.709115 0.283565 0.710677 0.284954 0.714323 0.288657 0.715495 0.290741 0.716276 0.293056 0.716536 0.296296 0.716797 0.296759 0.716797 0.299074 0.717057 0.299537 0.717057 0.303704 0.716536 0.306481 0.715495 0.310185 0.714453 0.316667 0.714453 0.318056 0.713932 0.319444 0.713672 0.321296 0.712891 0.323148 0.710938 0.326620 0.709896 0.328009 0.708333 0.329398 0.706250 0.329861 0.705990 0.330324 0.704688 0.330324 0.704427 0.330787 0.703125 0.330787 0.702865 0.331250
 4 0.626823 0.437731 0.620573 0.437731 0.620313 0.437269 0.618750 0.437269 0.617708 0.436806 0.616146 0.435417 0.615625 0.435417 0.611979 0.431250 0.610938 0.430324 0.609505 0.427778 0.608464 0.424074 0.607943 0.421296 0.607943 0.417593 0.607682 0.417130 0.607682 0.413889 0.607943 0.413426 0.607943 0.411111 0.608203 0.410648 0.608464 0.407407 0.608724 0.406944 0.608724 0.402778 0.608984 0.402315 0.608984 0.400000 0.610026 0.396296 0.611068 0.393519 0.612500 0.390972 0.612760 0.390972 0.614062 0.388657 0.615365 0.386806 0.616406 0.386343 0.617188 0.385417 0.618229 0.384954 0.620833 0.384954 0.621094 0.384491 0.627344 0.384491 0.627604 0.384954 0.629687 0.384954 0.630469 0.385417 0.632812 0.387731 0.634375 0.390509 0.634635 0.390509 0.636849 0.394444 0.637891 0.399074 0.638151 0.403241 0.638411 0.403704 0.638411 0.408796 0.638151 0.409259 0.638151 0.411574 0.637630 0.414352 0.637630 0.416667 0.637370 0.417130 0.637370 0.419444 0.637109 0.421759 0.636589 0.424074 0.636589 0.425463 0.635807 0.428241 0.632812 0.433565 0.629687 0.436343 0.628906 0.436343 0.626823 0.437731
 4 0.731250 0.401157 0.726302 0.401157 0.726042 0.400694 0.724479 0.400694 0.723177 0.400231 0.722135 0.399306 0.719271 0.397917 0.717969 0.396528 0.717448 0.396528 0.715104 0.393750 0.713802 0.391435 0.713542 0.391435 0.711328 0.385185 0.711068 0.383333 0.711068 0.376389 0.711328 0.375926 0.711849 0.371759 0.712370 0.369444 0.713151 0.367130 0.713672 0.364352 0.713672 0.362500 0.714714 0.357870 0.716276 0.354630 0.717448 0.351620 0.719792 0.349306 0.724479 0.346528 0.725781 0.346528 0.726042 0.346991 0.732552 0.346991 0.732812 0.347454 0.735156 0.348380 0.736198 0.349306 0.737500 0.349769 0.739844 0.351620 0.742188 0.355787 0.742448 0.355787 0.743620 0.357870 0.744141 0.359259 0.744922 0.362500 0.745182 0.364352 0.745182 0.371759 0.744661 0.374537 0.743099 0.379167 0.742057 0.384722 0.741797 0.387037 0.740755 0.390741 0.739974 0.392593 0.737500 0.396991 0.736458 0.398380 0.735938 0.398380 0.732812 0.400694 0.731510 0.400694 0.731250 0.401157
 4 0.752344 0.393287 0.751302 0.393287 0.751172 0.391204 0.752344 0.390972 0.752344 0.393287
 4 0.897656 0.267361 0.894531 0.267361 0.894271 0.266898 0.891667 0.266898 0.891406 0.266435 0.890104 0.266435 0.889844 0.265972 0.887760 0.265509 0.885938 0.264120 0.885156 0.264120 0.880729 0.259491 0.879687 0.258565 0.878255 0.256019 0.877474 0.254167 0.877214 0.252778 0.877214 0.247222 0.877734 0.243981 0.878776 0.240278 0.879818 0.237963 0.880078 0.236574 0.881120 0.234259 0.881901 0.231481 0.882943 0.229630 0.884505 0.225463 0.886719 0.221528 0.887500 0.220602 0.889844 0.219213 0.891146 0.218750 0.892448 0.218750 0.892708 0.218287 0.895052 0.218287 0.895312 0.217824 0.897396 0.217824 0.897656 0.218287 0.900000 0.218287 0.900260 0.218750 0.901823 0.218750 0.902083 0.219213 0.903646 0.219213 0.903906 0.219676 0.905990 0.220139 0.907031 0.221065 0.907813 0.221065 0.910937 0.224306 0.911458 0.225231 0.913021 0.226620 0.914714 0.229630 0.915234 0.231481 0.915234 0.238426 0.914974 0.238889 0.914193 0.243056 0.912891 0.246296 0.911589 0.249074 0.910807 0.252315 0.909766 0.255093 0.908203 0.258333 0.907422 0.260648 0.905469 0.263657 0.903906 0.265046 0.902344 0.265509 0.900260 0.266898 0.897917 0.266898 0.897656 0.267361
 7 0.109635 0.698380 0.106250 0.698380 0.104688 0.696991 0.104167 0.696991 0.102344 0.694676 0.100000 0.690509 0.098437 0.689120 0.097917 0.689120 0.096094 0.687269 0.095052 0.685880 0.093229 0.682639 0.091406 0.681250 0.090885 0.680324 0.089583 0.679398 0.089063 0.678472 0.086979 0.676620 0.086198 0.675231 0.084896 0.673843 0.081771 0.671065 0.080208 0.669213 0.078385 0.665972 0.077604 0.665046 0.075521 0.663657 0.073698 0.660880 0.071615 0.659491 0.070312 0.658102 0.067187 0.653935 0.065365 0.652083 0.064323 0.651620 0.063021 0.650231 0.061719 0.648380 0.059635 0.644676 0.058854 0.643750 0.055729 0.641435 0.054036 0.638426 0.053255 0.634259 0.052214 0.629630 0.050781 0.627083 0.048698 0.625231 0.047135 0.622917 0.044010 0.619676 0.042448 0.617361 0.041146 0.616435 0.040625 0.615509 0.039323 0.614583 0.037500 0.612269 0.036979 0.612269 0.035677 0.610880 0.032813 0.609028 0.031250 0.609028 0.030990 0.608565 0.028385 0.608565 0.028125 0.608102 0.026823 0.608102 0.025521 0.607639 0.024219 0.606713 0.023047 0.604630 0.022266 0.601389 0.022266 0.599074 0.022526 0.598611 0.023047 0.592593 0.023568 0.590278 0.024609 0.587037 0.024870 0.583796 0.027734 0.575463 0.028776 0.573148 0.028776 0.572222 0.030599 0.566204 0.032161 0.559722 0.032682 0.558796 0.033724 0.554630 0.035286 0.550926 0.035547 0.549537 0.037370 0.544444 0.037891 0.542130 0.038672 0.539815 0.039453 0.536111 0.041536 0.528241 0.042839 0.525000 0.043880 0.523148 0.045443 0.518056 0.046745 0.512500 0.047786 0.510185 0.048828 0.506481 0.048828 0.505556 0.049870 0.502778 0.050911 0.499074 0.052474 0.496296 0.053516 0.492593 0.053516 0.491667 0.056641 0.481019 0.058464 0.475926 0.059505 0.473611 0.062370 0.463426 0.062891 0.462037 0.063151 0.459722 0.063672 0.457407 0.065234 0.451852 0.066016 0.449537 0.068490 0.445139 0.068750 0.445139 0.070312 0.442361 0.071615 0.440972 0.072917 0.440509 0.073958 0.439583 0.074740 0.439583 0.075781 0.438657 0.076563 0.438657 0.077865 0.437731 0.078906 0.437731 0.080469 0.436806 0.082292 0.436806 0.082552 0.436343 0.084115 0.436343 0.084375 0.435880 0.085677 0.435880 0.086979 0.435417 0.088281 0.434491 0.089583 0.434491 0.089844 0.434028 0.092188 0.433565 0.093490 0.432639 0.094792 0.432639 0.095052 0.432176 0.096615 0.432176 0.096875 0.431713 0.098177 0.431713 0.098437 0.431250 0.100000 0.431250 0.100260 0.430787 0.101562 0.430787 0.101823 0.430324 0.103125 0.430324 0.103385 0.429861 0.105208 0.429861 0.105469 0.429398 0.107292 0.429398 0.107552 0.428935 0.109115 0.428935 0.110677 0.428009 0.111979 0.428009 0.112240 0.427546 0.113802 0.427546 0.114062 0.427083 0.115365 0.427083 0.116667 0.426157 0.117969 0.425694 0.119271 0.425694 0.119531 0.425231 0.120833 0.425231 0.121094 0.424769 0.122396 0.424769 0.123958 0.423843 0.125260 0.423843 0.125521 0.423380 0.126823 0.423380 0.127083 0.422917 0.128385 0.422917 0.128646 0.422454 0.130208 0.422454 0.130469 0.421991 0.131771 0.421991 0.132031 0.421528 0.133594 0.421528 0.133854 0.421065 0.135417 0.421065 0.135677 0.420602 0.137240 0.420602 0.137500 0.420139 0.139063 0.420139 0.140365 0.419213 0.141667 0.418750 0.142969 0.418750 0.143229 0.418287 0.144531 0.418287 0.144792 0.417824 0.146354 0.417824 0.146615 0.417361 0.147917 0.417361 0.148177 0.416898 0.149479 0.416898 0.151042 0.415972 0.152344 0.415972 0.153646 0.415046 0.154948 0.415046 0.155208 0.414583 0.156771 0.414583 0.157031 0.414120 0.158333 0.414120 0.158594 0.413657 0.160677 0.413657 0.160938 0.413194 0.162500 0.413194 0.164583 0.411806 0.165885 0.411806 0.166146 0.411343 0.167708 0.411343 0.167969 0.410880 0.169531 0.410880 0.169792 0.410417 0.171094 0.410417 0.171354 0.409954 0.172917 0.409954 0.173177 0.409491 0.174740 0.409491 0.175000 0.409028 0.176823 0.409028 0.177083 0.408565 0.178385 0.408565 0.178646 0.408102 0.180990 0.407639 0.182292 0.406713 0.183594 0.406713 0.184896 0.406250 0.187240 0.404861 0.188281 0.404861 0.189844 0.403935 0.191146 0.403935 0.191406 0.403472 0.192708 0.403472 0.192969 0.403009 0.194531 0.403009 0.196094 0.402083 0.197656 0.402083 0.197917 0.401620 0.199740 0.401620 0.200000 0.401157 0.201302 0.401157 0.201563 0.400694 0.202865 0.400694 0.204427 0.399769 0.205990 0.399769 0.206250 0.399306 0.207813 0.399306 0.208073 0.398843 0.209375 0.398843 0.210677 0.397917 0.211979 0.397454 0.213281 0.397454 0.213542 0.396991 0.214844 0.396991 0.215104 0.396528 0.216406 0.396528 0.216667 0.396065 0.217969 0.396065 0.218229 0.395602 0.219531 0.395602 0.221094 0.394676 0.222656 0.394676 0.222917 0.394213 0.224479 0.394213 0.224740 0.393750 0.226562 0.393750 0.226823 0.393287 0.228385 0.393287 0.228646 0.392824 0.230208 0.392824 0.230469 0.392361 0.235937 0.392361 0.238021 0.394213 0.239193 0.396296 0.239193 0.396759 0.242578 0.402778 0.243620 0.406019 0.245182 0.409259 0.246224 0.412037 0.246484 0.413426 0.248828 0.419907 0.250651 0.423611 0.251953 0.427315 0.252734 0.428704 0.253255 0.430556 0.254818 0.433796 0.255339 0.435648 0.256901 0.438889 0.257943 0.442130 0.258464 0.444444 0.260547 0.448148 0.261589 0.451389 0.263151 0.454167 0.264453 0.458333 0.265755 0.461111 0.265755 0.461574 0.267057 0.463889 0.267057 0.464352 0.268620 0.467593 0.269141 0.469907 0.271224 0.475463 0.272266 0.477315 0.273307 0.480556 0.274089 0.481944 0.274870 0.484259 0.279167 0.491898 0.281771 0.494213 0.283073 0.494676 0.284375 0.495602 0.285286 0.497222 0.285286 0.499537 0.284766 0.502315 0.284766 0.506481 0.284505 0.506944 0.284505 0.515278 0.284245 0.517593 0.283464 0.519444 0.283464 0.522222 0.283203 0.522685 0.283203 0.525000 0.282422 0.528704 0.282422 0.531481 0.282161 0.531944 0.282161 0.539815 0.281901 0.540278 0.281901 0.545833 0.281641 0.546296 0.281641 0.549537 0.281380 0.550000 0.281380 0.553241 0.281120 0.553704 0.281120 0.568056 0.280859 0.568519 0.280859 0.571296 0.280599 0.571759 0.280599 0.581019 0.280078 0.583796 0.279557 0.585185 0.279297 0.587037 0.279297 0.590278 0.279818 0.592593 0.279427 0.593287 0.278646 0.593287 0.278255 0.591667 0.277083 0.590509 0.275781 0.590509 0.273698 0.589120 0.271875 0.588657 0.270833 0.587731 0.270443 0.586574 0.267448 0.581250 0.267188 0.581250 0.265365 0.578009 0.264062 0.576157 0.263281 0.575694 0.261979 0.573843 0.259896 0.570139 0.259635 0.570139 0.257812 0.566898 0.256510 0.565046 0.255469 0.564120 0.250911 0.556019 0.250130 0.554167 0.249349 0.550926 0.249349 0.545833 0.249089 0.543981 0.248568 0.542593 0.248307 0.540741 0.247266 0.537963 0.246354 0.536343 0.243490 0.533565 0.241667 0.530324 0.239323 0.527546 0.237240 0.524306 0.234896 0.521991 0.233333 0.520139 0.232813 0.520139 0.230729 0.518287 0.229167 0.517824 0.228906 0.517361 0.227604 0.517361 0.227344 0.516898 0.223438 0.516898 0.221875 0.517824 0.220573 0.517824 0.219271 0.518750 0.217708 0.519213 0.211979 0.524306 0.210156 0.527083 0.208594 0.528935 0.207813 0.529398 0.206250 0.531250 0.203516 0.536111 0.203516 0.536574 0.202214 0.538889 0.202214 0.539352 0.199349 0.544444 0.199349 0.544907 0.197266 0.550463 0.196224 0.554167 0.195703 0.557407 0.195182 0.559259 0.195182 0.567593 0.195964 0.570833 0.195964 0.571759 0.196745 0.574074 0.201042 0.581713 0.201302 0.581713 0.202604 0.584028 0.202865 0.584028 0.204427 0.586806 0.204687 0.586806 0.205990 0.589120 0.206250 0.589120 0.209375 0.594676 0.213542 0.598380 0.215885 0.599769 0.217448 0.600231 0.217708 0.599769 0.220833 0.599769 0.222917 0.602546 0.223958 0.603009 0.226302 0.605787 0.227344 0.607639 0.228385 0.608565 0.230729 0.611343 0.231510 0.612731 0.232813 0.614120 0.234115 0.616435 0.234375 0.616435 0.236719 0.620602 0.238281 0.622454 0.239583 0.623380 0.241406 0.625694 0.242969 0.628472 0.243229 0.628472 0.247396 0.633565 0.249219 0.636806 0.250260 0.638194 0.253385 0.640972 0.253646 0.640972 0.255078 0.643519 0.256380 0.648148 0.256120 0.650000 0.254948 0.651157 0.251563 0.652546 0.250000 0.652546 0.249740 0.653009 0.248177 0.653009 0.246875 0.653935 0.244531 0.654398 0.244271 0.654861 0.242969 0.654861 0.241667 0.655324 0.240365 0.656250 0.239323 0.656250 0.236979 0.657639 0.235677 0.657639 0.234375 0.658565 0.233073 0.659028 0.230990 0.660417 0.229427 0.660417 0.229167 0.660880 0.227604 0.660880 0.227344 0.661343 0.226042 0.661343 0.225781 0.661806 0.224479 0.661806 0.222917 0.662731 0.221875 0.662731 0.219531 0.664120 0.217708 0.664583 0.216406 0.665509 0.215365 0.665509 0.213802 0.666435 0.211979 0.666435 0.211719 0.666898 0.209115 0.666898 0.208854 0.667361 0.207552 0.667361 0.207292 0.667824 0.205990 0.667824 0.205729 0.668287 0.204427 0.668287 0.203125 0.668750 0.202083 0.669676 0.200000 0.670602 0.198958 0.670602 0.197656 0.671528 0.196354 0.671991 0.195052 0.671991 0.194792 0.672454 0.193490 0.672454 0.192188 0.672917 0.190885 0.673843 0.189583 0.673843 0.189323 0.674306 0.187760 0.674306 0.187500 0.674769 0.185938 0.674769 0.185677 0.675231 0.184375 0.675231 0.183073 0.676157 0.181510 0.676157 0.181250 0.676620 0.179427 0.676620 0.179167 0.677083 0.177865 0.677083 0.176302 0.678009 0.175000 0.678009 0.174740 0.678472 0.173177 0.678472 0.172917 0.678935 0.171615 0.678935 0.171354 0.679398 0.170052 0.679398 0.168490 0.680324 0.167187 0.680324 0.166927 0.680787 0.165625 0.680787 0.165365 0.681250 0.163802 0.681250 0.163542 0.681713 0.162240 0.681713 0.161979 0.682176 0.160677 0.682176 0.160417 0.682639 0.158854 0.682639 0.157552 0.683102 0.153385 0.685417 0.152083 0.685417 0.151823 0.685880 0.150521 0.685880 0.150260 0.686343 0.148958 0.686343 0.147656 0.687269 0.146615 0.687269 0.145052 0.688194 0.143750 0.688194 0.142187 0.689120 0.140625 0.689120 0.140365 0.689583 0.139063 0.689583 0.138802 0.690046 0.137240 0.690046 0.136979 0.690509 0.135677 0.690509 0.135417 0.690972 0.134115 0.690972 0.133854 0.691435 0.132292 0.691435 0.132031 0.691898 0.130208 0.691898 0.129948 0.692361 0.128385 0.692361 0.128125 0.692824 0.126823 0.692824 0.126562 0.693287 0.125260 0.693287 0.123698 0.694213 0.120573 0.694213 0.120313 0.694676 0.117708 0.694676 0.117448 0.695139 0.112500 0.696991 0.111198 0.697917 0.109896 0.697917 0.109635 0.698380
 7 0.252995 0.503704 0.254427 0.503009 0.255469 0.503009 0.257812 0.501157 0.258333 0.500231 0.259896 0.498843 0.261979 0.498843 0.262240 0.498380 0.263542 0.498380 0.264453 0.497222 0.264453 0.495370 0.263151 0.491667 0.263151 0.490741 0.261979 0.489583 0.260547 0.487037 0.260026 0.484722 0.260026 0.483333 0.259115 0.481250 0.258073 0.480324 0.256901 0.477778 0.256641 0.476389 0.255469 0.474306 0.254427 0.474769 0.253255 0.476852 0.252214 0.481019 0.252214 0.483333 0.251693 0.485648 0.251172 0.489352 0.251172 0.493056 0.250911 0.493519 0.250911 0.501389 0.251172 0.502778 0.252083 0.503935 0.252995 0.503704
 7 0.107161 0.664815 0.107813 0.664583 0.108724 0.662963 0.109245 0.660648 0.109766 0.656019 0.110286 0.653704 0.111589 0.650000 0.112109 0.647222 0.112891 0.644907 0.113411 0.642130 0.115234 0.638426 0.115755 0.636574 0.116016 0.633333 0.116797 0.630093 0.116797 0.628704 0.115625 0.627083 0.112500 0.627083 0.112240 0.627546 0.110937 0.627546 0.110677 0.628009 0.109115 0.628009 0.108854 0.628472 0.107031 0.628472 0.105729 0.628935 0.103385 0.630324 0.101562 0.630324 0.101302 0.630787 0.099740 0.630787 0.098698 0.631250 0.096094 0.633102 0.094792 0.633102 0.094531 0.633565 0.092448 0.633565 0.092188 0.634028 0.090885 0.634028 0.087760 0.635880 0.085286 0.640278 0.085026 0.641667 0.085547 0.643056 0.086458 0.643750 0.087500 0.645602 0.089063 0.646991 0.089583 0.647917 0.090885 0.648843 0.093229 0.651620 0.094531 0.653935 0.095573 0.655324 0.098177 0.657639 0.100521 0.660880 0.102344 0.664120 0.103125 0.665046 0.107031 0.665046 0.107161 0.664815
 6 0.514062 0.661343 0.512500 0.661343 0.511458 0.660880 0.509896 0.659491 0.504687 0.659491 0.504427 0.659028 0.502865 0.659028 0.501563 0.658102 0.500911 0.656944 0.500391 0.654167 0.499609 0.651852 0.499089 0.649537 0.498828 0.647222 0.498828 0.643981 0.498568 0.643519 0.498568 0.638426 0.498828 0.637963 0.498828 0.633333 0.498568 0.632870 0.498568 0.630556 0.498307 0.629167 0.497396 0.627083 0.496875 0.627083 0.495703 0.625463 0.494922 0.622222 0.494922 0.620833 0.494401 0.618056 0.493620 0.615278 0.493620 0.608333 0.493359 0.607870 0.493359 0.597222 0.493099 0.596759 0.493099 0.594444 0.492839 0.593981 0.492839 0.591667 0.492578 0.591204 0.492578 0.588426 0.492318 0.587037 0.491406 0.585417 0.490104 0.584491 0.484896 0.584491 0.484635 0.584028 0.482552 0.584028 0.482292 0.583565 0.481250 0.584028 0.468490 0.584028 0.468229 0.583565 0.465625 0.583565 0.464062 0.584491 0.462760 0.584491 0.462240 0.584028 0.460286 0.580556 0.459766 0.578704 0.459505 0.574537 0.456641 0.564352 0.455599 0.561111 0.455339 0.559722 0.453776 0.555556 0.451302 0.551157 0.451172 0.550463 0.449609 0.547685 0.448698 0.545602 0.446615 0.543287 0.446094 0.543287 0.444010 0.541898 0.441406 0.541898 0.441146 0.541435 0.438021 0.541435 0.437760 0.541898 0.434896 0.541898 0.434635 0.542361 0.431250 0.543287 0.429688 0.544676 0.428646 0.546065 0.426823 0.549306 0.426563 0.549306 0.425000 0.552083 0.423698 0.553472 0.421745 0.556944 0.420182 0.562500 0.418880 0.565741 0.418620 0.567593 0.417839 0.570833 0.417318 0.574537 0.416797 0.576389 0.416797 0.577778 0.416146 0.579398 0.414062 0.580787 0.407292 0.580787 0.407031 0.581250 0.404948 0.581250 0.404687 0.581713 0.403385 0.581713 0.403125 0.581250 0.401042 0.581250 0.400781 0.580787 0.399479 0.580787 0.399219 0.581250 0.385156 0.581250 0.384375 0.580787 0.383464 0.578704 0.383724 0.577315 0.383724 0.573611 0.383984 0.572222 0.385156 0.570139 0.386068 0.568981 0.386589 0.567593 0.387109 0.564815 0.388021 0.563194 0.389844 0.562269 0.390885 0.561343 0.391536 0.560185 0.391536 0.559259 0.390625 0.557639 0.387760 0.556250 0.386458 0.556250 0.385156 0.555787 0.384115 0.554861 0.382422 0.551852 0.382422 0.551389 0.380078 0.547222 0.379036 0.542130 0.378776 0.538889 0.378255 0.536111 0.376693 0.531944 0.375000 0.528935 0.373437 0.527546 0.371875 0.526620 0.370052 0.526157 0.367448 0.524306 0.365625 0.523843 0.365365 0.523380 0.362760 0.523380 0.362500 0.522917 0.359896 0.522917 0.359635 0.523380 0.356510 0.523380 0.353906 0.521528 0.352734 0.518981 0.351953 0.515278 0.351172 0.513426 0.350000 0.511806 0.349219 0.511343 0.348177 0.509954 0.345703 0.505556 0.345182 0.503704 0.345182 0.499537 0.345443 0.499074 0.345443 0.496759 0.345964 0.494444 0.346484 0.493519 0.347005 0.491204 0.347786 0.488889 0.348047 0.486574 0.349609 0.481944 0.350391 0.476852 0.350911 0.475463 0.351172 0.473611 0.351693 0.472222 0.353776 0.468519 0.354557 0.464815 0.354818 0.462500 0.356380 0.459259 0.357943 0.455093 0.357943 0.453704 0.360286 0.445370 0.360286 0.444907 0.361849 0.442130 0.362891 0.439352 0.364193 0.434722 0.364193 0.433796 0.365234 0.430093 0.365755 0.429167 0.366797 0.424537 0.369661 0.419444 0.369922 0.418056 0.372526 0.411574 0.373568 0.406944 0.374870 0.402778 0.375391 0.400463 0.375911 0.396759 0.376953 0.393056 0.378516 0.389815 0.378516 0.389352 0.380078 0.386111 0.381380 0.381944 0.381380 0.381019 0.382682 0.375926 0.384766 0.371296 0.385807 0.368519 0.387630 0.365278 0.388021 0.364120 0.389062 0.363194 0.390885 0.363194 0.391146 0.362731 0.393490 0.362731 0.393750 0.363194 0.395573 0.363194 0.395833 0.363657 0.397396 0.364120 0.398958 0.365509 0.400260 0.365972 0.401562 0.365972 0.401823 0.366435 0.410417 0.366435 0.410677 0.366898 0.414323 0.366898 0.414583 0.367361 0.418490 0.367361 0.418750 0.367824 0.421094 0.367824 0.421354 0.368287 0.422917 0.368287 0.423177 0.368750 0.425000 0.368750 0.425260 0.369213 0.427083 0.369213 0.427344 0.369676 0.430469 0.369676 0.430729 0.370139 0.432031 0.370139 0.433073 0.371065 0.434896 0.371528 0.436198 0.372454 0.437240 0.372454 0.438542 0.373380 0.439844 0.373843 0.447135 0.373843 0.447396 0.374306 0.448958 0.374306 0.450260 0.374769 0.452604 0.376157 0.453776 0.378241 0.453776 0.386111 0.454036 0.386574 0.454036 0.389815 0.454297 0.390278 0.454297 0.393056 0.454818 0.395833 0.454818 0.398148 0.455339 0.400926 0.456120 0.402315 0.457161 0.406019 0.457161 0.406944 0.457943 0.410185 0.458203 0.412500 0.459375 0.414583 0.460156 0.415046 0.461719 0.415046 0.461979 0.415509 0.463542 0.415509 0.463802 0.415972 0.465104 0.415972 0.466146 0.416898 0.468229 0.415972 0.469531 0.415046 0.472656 0.415046 0.472917 0.414583 0.474740 0.414583 0.475260 0.414120 0.476693 0.411574 0.477214 0.409259 0.477474 0.406944 0.478906 0.404861 0.479948 0.404861 0.481771 0.403472 0.482422 0.400926 0.482682 0.399074 0.482682 0.391667 0.482422 0.389352 0.481641 0.386574 0.481641 0.384259 0.482552 0.383102 0.483594 0.382639 0.486198 0.382639 0.487760 0.384491 0.489063 0.385417 0.491406 0.385417 0.492708 0.384491 0.497656 0.384491 0.497917 0.384954 0.499740 0.384954 0.500000 0.385417 0.501563 0.385417 0.501823 0.385880 0.503646 0.385880 0.503906 0.386343 0.506771 0.386343 0.507031 0.386806 0.510417 0.386806 0.510677 0.387269 0.514062 0.387269 0.514323 0.387731 0.518750 0.387731 0.519010 0.388194 0.521354 0.388194 0.521615 0.388657 0.523698 0.389120 0.524740 0.390046 0.530469 0.393287 0.532161 0.395833 0.533203 0.399074 0.533464 0.401389 0.534505 0.404167 0.535286 0.406944 0.535286 0.411574 0.535547 0.412037 0.535547 0.431019 0.535807 0.431481 0.535807 0.440278 0.536328 0.443056 0.536849 0.448611 0.536328 0.451389 0.536328 0.453241 0.535807 0.455093 0.535547 0.457407 0.535026 0.458796 0.534766 0.461574 0.534505 0.462037 0.534505 0.469444 0.536328 0.476389 0.536589 0.478704 0.536589 0.483333 0.536849 0.483796 0.536849 0.489815 0.537109 0.490278 0.537109 0.504167 0.537370 0.504630 0.537370 0.513889 0.537109 0.514352 0.537109 0.517593 0.536849 0.518056 0.536849 0.520370 0.536589 0.520833 0.536589 0.523148 0.536068 0.525000 0.535807 0.529167 0.535026 0.533333 0.534505 0.538889 0.533984 0.541204 0.533984 0.543056 0.533203 0.545833 0.532682 0.546759 0.531901 0.549537 0.531641 0.551389 0.531641 0.553704 0.531901 0.554167 0.531901 0.559722 0.531380 0.562037 0.531120 0.565278 0.530859 0.565741 0.530859 0.568056 0.530339 0.570833 0.530339 0.573148 0.530078 0.573611 0.530078 0.576389 0.529818 0.576852 0.529818 0.579630 0.528776 0.585648 0.527734 0.590278 0.527734 0.591667 0.527214 0.594444 0.526693 0.595370 0.526432 0.597222 0.525911 0.598611 0.525391 0.601389 0.525391 0.606944 0.524870 0.609722 0.524089 0.612500 0.524089 0.614815 0.523828 0.615278 0.523828 0.620370 0.523047 0.624537 0.522266 0.627315 0.522266 0.633333 0.522005 0.633796 0.522005 0.637500 0.521484 0.640278 0.521224 0.644444 0.520703 0.646759 0.520703 0.648148 0.520182 0.650463 0.516536 0.656944 0.516276 0.658333 0.515104 0.660417 0.514062 0.661343
 6 0.489714 0.519907 0.490495 0.518519 0.491016 0.516667 0.492839 0.512500 0.493359 0.509722 0.493359 0.506019 0.493620 0.504167 0.494010 0.503472 0.495312 0.503472 0.496094 0.503935 0.497005 0.507870 0.497526 0.508796 0.498047 0.504167 0.499479 0.501157 0.501042 0.499306 0.502344 0.498380 0.504948 0.497454 0.505859 0.495370 0.505599 0.493519 0.505599 0.488889 0.505339 0.488426 0.505339 0.483333 0.505078 0.482870 0.505078 0.480093 0.504297 0.476389 0.507552 0.470602 0.508594 0.469676 0.509766 0.467593 0.510026 0.465278 0.510026 0.462500 0.512109 0.458796 0.512891 0.455556 0.512891 0.449537 0.513151 0.448611 0.512891 0.447222 0.511198 0.444213 0.509635 0.442824 0.508333 0.442361 0.506641 0.439815 0.507161 0.438426 0.507422 0.434259 0.507161 0.433333 0.505990 0.431250 0.505469 0.430787 0.501823 0.430787 0.501302 0.430324 0.500391 0.428241 0.498958 0.425694 0.497396 0.425694 0.495833 0.428009 0.492969 0.430787 0.490104 0.431713 0.488281 0.433565 0.486068 0.437500 0.485286 0.440278 0.485286 0.442593 0.485026 0.443056 0.485026 0.446296 0.484766 0.448611 0.485026 0.449074 0.485026 0.455556 0.484505 0.457407 0.483594 0.459028 0.482552 0.459954 0.481250 0.460417 0.479167 0.462269 0.477474 0.465278 0.476432 0.467593 0.475911 0.469907 0.475130 0.471759 0.473828 0.474074 0.473307 0.476852 0.473307 0.479630 0.473047 0.480093 0.473047 0.496296 0.473828 0.499074 0.475000 0.501157 0.475781 0.501620 0.477474 0.504630 0.477734 0.506944 0.478906 0.509491 0.479687 0.509954 0.480990 0.509954 0.481771 0.510417 0.482943 0.512500 0.482943 0.512963 0.485156 0.516898 0.487240 0.519213 0.489714 0.519907
 6 0.408724 0.498148 0.410938 0.497454 0.411979 0.496528 0.413281 0.496528 0.414974 0.495370 0.414714 0.493981 0.414714 0.489815 0.415365 0.488194 0.416146 0.487731 0.420052 0.487731 0.422396 0.485417 0.423177 0.484954 0.424349 0.483333 0.424870 0.481944 0.425130 0.478241 0.425651 0.474537 0.426693 0.470370 0.426693 0.467593 0.425130 0.461574 0.424349 0.459259 0.422786 0.456019 0.421745 0.452778 0.421484 0.450000 0.420703 0.446759 0.419531 0.445602 0.416146 0.444676 0.414323 0.443287 0.413802 0.442361 0.411979 0.440972 0.410677 0.440972 0.410417 0.441435 0.408594 0.441435 0.406510 0.442824 0.404427 0.443287 0.402865 0.444213 0.402083 0.445139 0.400781 0.445602 0.399740 0.446528 0.398307 0.449074 0.397526 0.451852 0.396484 0.453704 0.395703 0.456481 0.394401 0.459722 0.393620 0.462963 0.393620 0.469444 0.394401 0.471759 0.395443 0.474074 0.396224 0.476389 0.396484 0.478704 0.396484 0.481481 0.397005 0.484722 0.398307 0.488889 0.399089 0.490278 0.399870 0.493519 0.400781 0.495602 0.402604 0.496528 0.404687 0.497917 0.406510 0.497917 0.406771 0.498380 0.408724 0.498148
 6 0.357812 0.539120 0.356641 0.538889 0.356641 0.536574 0.357552 0.536343 0.357943 0.537037 0.357812 0.539120
 6 0.373958 0.580787 0.371875 0.580787 0.371484 0.578704 0.372396 0.577546 0.373437 0.577546 0.374349 0.578704 0.373958 0.580787
 6 0.490885 0.908565 0.488021 0.908565 0.487760 0.908102 0.481510 0.908102 0.481250 0.907639 0.479687 0.907639 0.479427 0.907176 0.473698 0.907176 0.473438 0.906713 0.471354 0.906713 0.471094 0.906250 0.464583 0.906250 0.464323 0.905787 0.454948 0.905787 0.454688 0.905324 0.450521 0.905324 0.450260 0.904861 0.438542 0.904861 0.438281 0.904398 0.432812 0.904398 0.432552 0.903935 0.430990 0.903935 0.430729 0.904398 0.422656 0.904398 0.422396 0.903935 0.417187 0.903935 0.416927 0.903472 0.414844 0.903472 0.414583 0.903935 0.410156 0.903935 0.409896 0.903472 0.396875 0.903472 0.396615 0.903009 0.391667 0.903009 0.391406 0.902546 0.387760 0.902546 0.387500 0.903009 0.386198 0.903009 0.385937 0.903472 0.380469 0.903472 0.380208 0.903009 0.378906 0.903009 0.376563 0.901620 0.369010 0.901620 0.368750 0.901157 0.366146 0.901157 0.365885 0.900694 0.354427 0.900694 0.354167 0.900231 0.346875 0.900231 0.346615 0.899769 0.344271 0.899769 0.344010 0.900231 0.339062 0.900231 0.338802 0.899769 0.333333 0.899769 0.333073 0.899306 0.331510 0.899306 0.331250 0.898843 0.326302 0.898843 0.325521 0.898380 0.324740 0.896991 0.321875 0.895139 0.319531 0.892824 0.318490 0.892361 0.317969 0.891435 0.316667 0.890509 0.313802 0.887269 0.311458 0.883102 0.309896 0.881250 0.307292 0.876620 0.307031 0.876620 0.304948 0.873843 0.303646 0.872454 0.302344 0.870602 0.300781 0.867824 0.300521 0.867824 0.299089 0.865278 0.299089 0.864815 0.297656 0.862269 0.297396 0.862269 0.295312 0.858565 0.295052 0.858565 0.292969 0.854861 0.291406 0.853472 0.289844 0.851157 0.288021 0.849306 0.286719 0.848843 0.285417 0.847917 0.283333 0.845602 0.280208 0.842824 0.278125 0.840046 0.276042 0.836343 0.273958 0.834491 0.272005 0.831019 0.272005 0.830556 0.270833 0.828472 0.269792 0.827546 0.268099 0.824537 0.268099 0.824074 0.266406 0.821528 0.266146 0.821528 0.264714 0.818981 0.263672 0.814352 0.263672 0.812500 0.263151 0.810185 0.263151 0.807407 0.263672 0.805093 0.263672 0.802778 0.263932 0.802315 0.263932 0.793056 0.264193 0.792593 0.264193 0.788889 0.264453 0.788426 0.264453 0.785648 0.264714 0.785185 0.264974 0.782407 0.265755 0.780093 0.267578 0.771296 0.268099 0.769444 0.268099 0.767593 0.268880 0.764815 0.268880 0.763889 0.270964 0.757870 0.271484 0.755556 0.271484 0.754167 0.272005 0.752778 0.272526 0.749537 0.273828 0.742593 0.274609 0.740278 0.275391 0.737037 0.275911 0.735648 0.276172 0.733333 0.277214 0.730093 0.277214 0.729167 0.278516 0.725000 0.279818 0.719444 0.280339 0.713889 0.280599 0.713426 0.281380 0.707870 0.281901 0.705556 0.283203 0.701852 0.283984 0.699074 0.283984 0.698148 0.284766 0.694907 0.285938 0.692824 0.287500 0.691898 0.288281 0.692361 0.290625 0.692361 0.292187 0.693750 0.293620 0.696296 0.293620 0.696759 0.295052 0.699306 0.295833 0.699769 0.297786 0.703241 0.298047 0.704630 0.298698 0.705787 0.300000 0.706713 0.301563 0.706713 0.303125 0.707639 0.304427 0.709028 0.306510 0.711806 0.310937 0.711806 0.311198 0.711343 0.314063 0.711343 0.316927 0.709491 0.317708 0.709491 0.319792 0.706713 0.320573 0.706250 0.322135 0.704398 0.323568 0.701389 0.325651 0.696296 0.326693 0.692593 0.326953 0.690278 0.326953 0.684259 0.326693 0.683796 0.325391 0.678704 0.324349 0.676389 0.322526 0.669444 0.321484 0.666667 0.319141 0.661574 0.318880 0.660185 0.318099 0.658333 0.316406 0.655324 0.314583 0.653935 0.313802 0.653935 0.312500 0.653009 0.311068 0.650463 0.310547 0.648611 0.310286 0.646296 0.308333 0.642824 0.306250 0.641898 0.304688 0.640509 0.303516 0.638426 0.303255 0.637037 0.301563 0.634028 0.301302 0.634028 0.300130 0.631944 0.299609 0.629630 0.299609 0.625000 0.299870 0.624537 0.299870 0.621759 0.302734 0.610185 0.302995 0.607407 0.303516 0.605556 0.304036 0.601852 0.304818 0.598148 0.305599 0.595833 0.306380 0.594444 0.306901 0.592593 0.308594 0.590046 0.310156 0.588657 0.311198 0.588194 0.312500 0.588194 0.312760 0.587731 0.314583 0.587731 0.314844 0.587269 0.343229 0.587269 0.343490 0.586806 0.345573 0.586806 0.345833 0.587269 0.347135 0.587269 0.347396 0.587731 0.349740 0.588194 0.351562 0.589583 0.352734 0.591667 0.353255 0.593981 0.352995 0.596296 0.352995 0.600463 0.353776 0.604630 0.354557 0.607407 0.354557 0.610185 0.354818 0.610648 0.354818 0.613426 0.355339 0.615741 0.355339 0.618056 0.355599 0.618519 0.355599 0.620833 0.355859 0.621296 0.356641 0.625926 0.356641 0.627778 0.357422 0.631019 0.359245 0.634259 0.360286 0.637037 0.361068 0.639815 0.361068 0.640741 0.362240 0.642824 0.363542 0.643750 0.365104 0.645602 0.371875 0.645602 0.372917 0.645139 0.374740 0.643287 0.375260 0.643287 0.377474 0.640741 0.377734 0.639352 0.379427 0.636343 0.380599 0.634722 0.380599 0.633333 0.381380 0.630093 0.381641 0.627778 0.381641 0.620370 0.381380 0.619907 0.381380 0.615741 0.381120 0.615278 0.381120 0.612963 0.381380 0.612500 0.381380 0.602315 0.381120 0.601852 0.381120 0.594907 0.381380 0.594444 0.381380 0.592130 0.382161 0.588889 0.383073 0.587269 0.384115 0.586343 0.388021 0.586343 0.388281 0.585880 0.394010 0.585880 0.394271 0.586343 0.401562 0.586343 0.401823 0.586806 0.403646 0.586806 0.403906 0.587269 0.405208 0.587269 0.405469 0.586806 0.409375 0.586806 0.409635 0.587269 0.414062 0.587269 0.414323 0.586806 0.416927 0.586806 0.418229 0.587731 0.419531 0.587731 0.420833 0.588194 0.422656 0.589583 0.424089 0.593519 0.425000 0.595139 0.426042 0.596065 0.428255 0.599537 0.428776 0.601389 0.430208 0.603935 0.431510 0.605324 0.433594 0.606250 0.435417 0.608102 0.436589 0.612037 0.436589 0.612963 0.437370 0.614815 0.438672 0.617130 0.439453 0.618981 0.439714 0.620370 0.440885 0.622454 0.441146 0.622454 0.444661 0.628704 0.445182 0.630556 0.446224 0.632870 0.448307 0.636574 0.449349 0.639352 0.449870 0.641667 0.451302 0.644213 0.455208 0.647454 0.459635 0.647454 0.461458 0.646065 0.462760 0.645602 0.466146 0.642361 0.469661 0.636111 0.470182 0.634259 0.470182 0.630093 0.470443 0.629630 0.470443 0.617593 0.470182 0.615278 0.469661 0.613889 0.468359 0.611574 0.467318 0.608333 0.467057 0.606944 0.467057 0.603704 0.466797 0.603241 0.466797 0.600000 0.466276 0.597685 0.464193 0.593981 0.463932 0.592593 0.464714 0.590278 0.466406 0.587269 0.468490 0.585880 0.470052 0.585880 0.470313 0.585417 0.471354 0.585880 0.480729 0.585880 0.480990 0.586343 0.484375 0.586343 0.484635 0.586806 0.487760 0.586806 0.488021 0.587269 0.490104 0.587269 0.490755 0.588889 0.491276 0.592130 0.491276 0.593981 0.491797 0.596759 0.491797 0.599537 0.492839 0.607407 0.493099 0.607870 0.493099 0.616667 0.493359 0.617130 0.493359 0.619444 0.493620 0.619907 0.493620 0.622222 0.493880 0.622685 0.493880 0.627778 0.494141 0.628241 0.494141 0.630556 0.494661 0.634259 0.495703 0.637037 0.495964 0.639352 0.496484 0.641204 0.497266 0.648148 0.497266 0.651389 0.497526 0.651852 0.497526 0.656481 0.498047 0.658796 0.498047 0.660185 0.498828 0.662963 0.498828 0.663889 0.499609 0.667593 0.499609 0.669444 0.500130 0.674074 0.500391 0.674537 0.500391 0.676852 0.500651 0.677315 0.500651 0.680093 0.500911 0.680556 0.500911 0.683796 0.501172 0.684259 0.501172 0.700000 0.501432 0.700463 0.501432 0.722222 0.501172 0.722685 0.501172 0.729630 0.501432 0.730093 0.501432 0.733333 0.501172 0.733796 0.501172 0.737963 0.500911 0.738426 0.500911 0.746759 0.501172 0.747222 0.501172 0.764352 0.500911 0.764815 0.500911 0.769444 0.500651 0.769907 0.500651 0.773148 0.500391 0.773611 0.500391 0.784259 0.500130 0.784722 0.500130 0.793519 0.499870 0.793981 0.499870 0.798611 0.499609 0.799074 0.499609 0.812037 0.499349 0.812500 0.499349 0.817130 0.499089 0.817593 0.499089 0.820833 0.498828 0.821296 0.498828 0.825000 0.498568 0.825463 0.498568 0.841667 0.498307 0.842130 0.498307 0.850000 0.498047 0.850463 0.498047 0.853704 0.497786 0.854167 0.497786 0.860648 0.498307 0.863426 0.498307 0.874074 0.498047 0.874537 0.498047 0.878241 0.497786 0.878704 0.497786 0.891204 0.497526 0.891667 0.497526 0.896296 0.497266 0.898611 0.495964 0.902315 0.494531 0.904861 0.492969 0.906713 0.490885 0.908565
 2 0.290365 0.617361 0.289583 0.616435 0.286719 0.614583 0.283333 0.609954 0.283073 0.609954 0.281380 0.607407 0.281380 0.606944 0.279297 0.603241 0.279297 0.602778 0.277734 0.600000 0.276172 0.594907 0.276172 0.591667 0.276693 0.589815 0.277214 0.586111 0.277214 0.581944 0.277474 0.581481 0.277474 0.578704 0.278255 0.573611 0.278255 0.569907 0.278516 0.569444 0.278516 0.565741 0.278776 0.565278 0.279036 0.562037 0.279557 0.559722 0.279557 0.552315 0.279818 0.551852 0.279818 0.547685 0.280078 0.547222 0.280078 0.542593 0.280339 0.542130 0.280339 0.537963 0.280599 0.537500 0.280599 0.534722 0.280859 0.534259 0.280859 0.531944 0.281120 0.531481 0.281120 0.528241 0.281380 0.527778 0.281380 0.524074 0.281641 0.523611 0.281641 0.521296 0.282161 0.518981 0.283203 0.510648 0.283203 0.508333 0.283464 0.507870 0.283464 0.504167 0.283724 0.503704 0.283724 0.500463 0.283984 0.499074 0.285156 0.497454 0.287500 0.497454 0.288932 0.500000 0.289453 0.501852 0.289714 0.504167 0.290234 0.505556 0.292318 0.509259 0.292318 0.509722 0.293880 0.513426 0.295443 0.516204 0.295964 0.518981 0.297266 0.523148 0.297526 0.525000 0.297526 0.532870 0.297266 0.533333 0.297266 0.537963 0.297005 0.538426 0.297005 0.543056 0.296745 0.543519 0.296745 0.547222 0.296484 0.547685 0.296484 0.550463 0.296224 0.550926 0.296224 0.553704 0.295964 0.554167 0.295964 0.556944 0.295703 0.557407 0.295703 0.560185 0.295443 0.560648 0.295443 0.563889 0.295182 0.564352 0.295182 0.567593 0.294922 0.568056 0.294922 0.571759 0.294661 0.572222 0.294661 0.575000 0.294401 0.575463 0.294401 0.578241 0.294141 0.578704 0.294141 0.581019 0.293880 0.581481 0.293880 0.584722 0.293620 0.585185 0.293620 0.587963 0.293359 0.588426 0.293359 0.591667 0.293099 0.592130 0.293099 0.595370 0.292839 0.595833 0.292839 0.599537 0.292578 0.600000 0.292578 0.602778 0.292318 0.603241 0.292318 0.606019 0.292057 0.606481 0.292057 0.608796 0.291536 0.613426 0.291016 0.615741 0.290365 0.617361
 2 0.108333 0.666898 0.106771 0.666898 0.105339 0.664815 0.104818 0.662037 0.105599 0.659259 0.105599 0.657870 0.106120 0.656019 0.106120 0.654630 0.106641 0.652778 0.107422 0.647222 0.107943 0.645833 0.108464 0.642130 0.110286 0.636111 0.110547 0.633796 0.111328 0.631481 0.112760 0.628935 0.114323 0.628009 0.116667 0.628009 0.118099 0.629167 0.117578 0.631944 0.117578 0.637963 0.117839 0.639352 0.118880 0.641204 0.118880 0.643056 0.118229 0.644213 0.116406 0.645602 0.115495 0.646759 0.115495 0.647685 0.113672 0.652778 0.112891 0.656019 0.112370 0.657407 0.111589 0.662500 0.110156 0.665046 0.108333 0.666898
 2 0.209635 0.703472 0.208594 0.703472 0.205729 0.701157 0.204167 0.699306 0.203125 0.697454 0.200651 0.693981 0.199870 0.691204 0.199609 0.688426 0.199349 0.687963 0.198828 0.683333 0.198047 0.681019 0.197396 0.679861 0.195573 0.678009 0.194531 0.676157 0.194401 0.675000 0.195312 0.673380 0.196354 0.672454 0.198177 0.671991 0.198437 0.671528 0.199740 0.671528 0.200000 0.671065 0.201302 0.671065 0.202865 0.670139 0.204687 0.669676 0.206510 0.668287 0.207292 0.668287 0.208333 0.667361 0.209375 0.667361 0.210677 0.666435 0.211979 0.666435 0.212240 0.665972 0.213542 0.665972 0.215104 0.665046 0.216406 0.665046 0.216667 0.664583 0.218750 0.664583 0.219010 0.664120 0.220833 0.664120 0.223698 0.662731 0.224740 0.662731 0.225781 0.661806 0.228125 0.660880 0.230469 0.660417 0.232813 0.659028 0.234115 0.659028 0.234375 0.658565 0.235677 0.658565 0.235937 0.658102 0.237240 0.658102 0.240104 0.656713 0.241406 0.656713 0.241667 0.656250 0.242969 0.656250 0.244271 0.655787 0.245573 0.654861 0.246615 0.654861 0.248177 0.653935 0.249479 0.653935 0.251042 0.653009 0.253385 0.652546 0.254948 0.651620 0.256250 0.651620 0.258333 0.650694 0.258594 0.650231 0.260677 0.650231 0.262240 0.651157 0.264323 0.653009 0.265365 0.654398 0.269271 0.661343 0.272135 0.664120 0.273438 0.665972 0.274740 0.668287 0.276823 0.670602 0.278255 0.673148 0.279297 0.675926 0.278385 0.678009 0.276302 0.679398 0.272656 0.680787 0.271354 0.680787 0.271094 0.681250 0.269792 0.681250 0.268229 0.682176 0.267188 0.682176 0.265885 0.683102 0.264844 0.683102 0.263542 0.684028 0.262500 0.684028 0.261198 0.684954 0.257552 0.685880 0.256250 0.686806 0.254948 0.687269 0.253646 0.687269 0.252083 0.688194 0.250781 0.688194 0.250521 0.688657 0.249219 0.688657 0.248958 0.689120 0.246615 0.689583 0.246354 0.690046 0.244010 0.690509 0.242708 0.691435 0.241406 0.691898 0.240104 0.691898 0.238542 0.692824 0.231510 0.695602 0.230469 0.695602 0.228906 0.696528 0.227865 0.696528 0.226562 0.697454 0.225521 0.697454 0.222656 0.698843 0.221354 0.698843 0.221094 0.699306 0.218490 0.700231 0.217188 0.700231 0.215625 0.701157 0.214323 0.701157 0.213021 0.701620 0.209635 0.703472
 5 0.092708 0.783102 0.088542 0.783102 0.088281 0.782639 0.086979 0.782639 0.084896 0.780787 0.084375 0.780787 0.082292 0.778009 0.081250 0.776157 0.079427 0.773843 0.077344 0.771991 0.075781 0.771065 0.071875 0.766898 0.070312 0.764583 0.068229 0.762731 0.067708 0.762731 0.066667 0.761343 0.065885 0.760880 0.064844 0.759491 0.062370 0.755093 0.062370 0.754630 0.060026 0.750463 0.058984 0.747685 0.058724 0.746296 0.059245 0.742593 0.059245 0.739815 0.060026 0.736574 0.060807 0.734722 0.063932 0.729167 0.063932 0.728704 0.067187 0.722917 0.069010 0.721065 0.070833 0.718287 0.072656 0.716435 0.073177 0.715509 0.074479 0.714583 0.075000 0.713657 0.076042 0.713194 0.076823 0.712269 0.078646 0.711806 0.080208 0.710417 0.083594 0.709028 0.085677 0.709028 0.085938 0.709491 0.088802 0.709491 0.091146 0.710417 0.092188 0.711343 0.092969 0.712731 0.094531 0.714120 0.095052 0.714120 0.097396 0.716435 0.100000 0.718750 0.104427 0.723380 0.107552 0.725231 0.109635 0.727083 0.110937 0.727546 0.112760 0.729398 0.113542 0.729861 0.116536 0.733796 0.117057 0.735185 0.117839 0.738426 0.117839 0.747222 0.117057 0.750926 0.117057 0.751852 0.115234 0.756944 0.114193 0.760648 0.110677 0.766898 0.110417 0.766898 0.107813 0.771528 0.105469 0.773843 0.104167 0.775694 0.102344 0.777083 0.101562 0.778009 0.099740 0.779398 0.098958 0.780324 0.098177 0.780324 0.095573 0.782176 0.094271 0.782639 0.092969 0.782639 0.092708 0.783102
 5 0.037760 0.801620 0.034375 0.801620 0.033073 0.801157 0.031250 0.799769 0.030729 0.798843 0.029427 0.797917 0.028906 0.796991 0.027604 0.796065 0.023958 0.792361 0.020313 0.789583 0.017448 0.786806 0.015625 0.785880 0.014323 0.784491 0.012240 0.783565 0.010417 0.781713 0.009896 0.780787 0.007292 0.778009 0.007031 0.778009 0.004297 0.773148 0.003776 0.771759 0.002995 0.766667 0.002995 0.762963 0.003255 0.762500 0.003255 0.759722 0.005339 0.752315 0.006380 0.750000 0.007943 0.747222 0.007943 0.746759 0.013802 0.736343 0.016667 0.733102 0.017969 0.732639 0.019010 0.731713 0.020313 0.731250 0.022656 0.729398 0.023958 0.728935 0.025260 0.728935 0.025521 0.728472 0.027083 0.728472 0.027344 0.728009 0.029427 0.728009 0.029687 0.727546 0.033333 0.727546 0.036198 0.729861 0.037240 0.731250 0.038542 0.733565 0.039583 0.734491 0.040365 0.734491 0.046875 0.740509 0.050781 0.743287 0.052604 0.745139 0.053385 0.745139 0.058333 0.748380 0.060807 0.752778 0.060807 0.753241 0.062370 0.756019 0.063151 0.758796 0.063151 0.761111 0.062370 0.764352 0.062370 0.765741 0.061849 0.767593 0.061589 0.769907 0.060026 0.775000 0.060026 0.775463 0.058464 0.779167 0.058464 0.779630 0.053646 0.788194 0.052604 0.789583 0.050781 0.791435 0.048698 0.794213 0.044792 0.797454 0.043490 0.798843 0.042188 0.799769 0.039323 0.800694 0.037760 0.801620
 5 0.000000 0.801620 0.002083 0.801620 0.002604 0.800694 0.005729 0.797917 0.006510 0.797454 0.008333 0.797454 0.008594 0.796991 0.010417 0.796991 0.010677 0.797454 0.013542 0.797454 0.017969 0.799306 0.021615 0.802083 0.022135 0.803009 0.025781 0.806250 0.026562 0.806713 0.028385 0.808565 0.029167 0.809028 0.030990 0.810880 0.033073 0.811806 0.033854 0.812731 0.037500 0.815509 0.038802 0.815972 0.039583 0.816898 0.042708 0.819213 0.044010 0.821065 0.044922 0.823148 0.045443 0.825463 0.045443 0.826852 0.045964 0.829167 0.045964 0.831481 0.045703 0.831944 0.045703 0.835648 0.045443 0.836111 0.044661 0.840741 0.044401 0.843519 0.043359 0.847222 0.041016 0.852778 0.041016 0.853241 0.035677 0.862731 0.034635 0.863657 0.032552 0.866898 0.028906 0.870139 0.027083 0.871991 0.026562 0.871991 0.024479 0.873843 0.022656 0.874306 0.022396 0.874769 0.017708 0.874769 0.017448 0.874306 0.015365 0.874306 0.015104 0.873843 0.013802 0.873843 0.010677 0.871528 0.010156 0.871528 0.007031 0.867824 0.005990 0.865972 0.004427 0.864120 0.003646 0.863657 0.002865 0.862269 0.001302 0.860880 0.000000 0.860880
 7 0.000000 0.863657 0.002344 0.863657 0.003646 0.865046 0.005469 0.866435 0.006771 0.868287 0.008073 0.869213 0.008594 0.870139 0.010677 0.871991 0.011198 0.872917 0.012240 0.873380 0.013802 0.874769 0.014844 0.874769 0.016146 0.875694 0.017708 0.875694 0.017969 0.876157 0.021875 0.876157 0.022135 0.875694 0.023438 0.875694 0.025521 0.874769 0.027604 0.872917 0.029167 0.871065 0.030729 0.869676 0.032552 0.868750 0.033854 0.867361 0.035417 0.864583 0.035677 0.864583 0.041016 0.855093 0.044401 0.845370 0.045182 0.842130 0.045964 0.836111 0.046224 0.835648 0.046224 0.830093 0.045964 0.829630 0.045964 0.826852 0.045703 0.824537 0.044922 0.821759 0.044010 0.820139 0.041146 0.816898 0.040104 0.816435 0.038281 0.814583 0.036458 0.813657 0.035156 0.812269 0.032813 0.810417 0.031901 0.808796 0.031641 0.807407 0.032813 0.805324 0.033854 0.804861 0.034635 0.803935 0.035417 0.803935 0.036719 0.803009 0.038021 0.803009 0.040625 0.802083 0.041667 0.801157 0.043750 0.800231 0.045312 0.798843 0.045833 0.797917 0.048698 0.795139 0.049479 0.794676 0.051042 0.792361 0.053646 0.789583 0.054427 0.788194 0.055469 0.787269 0.058203 0.782407 0.059245 0.779630 0.060547 0.777315 0.061589 0.775000 0.062370 0.772685 0.062370 0.771759 0.063411 0.768056 0.063672 0.766204 0.064844 0.764120 0.066146 0.765046 0.069271 0.766435 0.070833 0.768287 0.072917 0.769213 0.076563 0.772454 0.078385 0.775231 0.081250 0.778472 0.083073 0.779861 0.083594 0.780787 0.085677 0.782639 0.087240 0.783565 0.095052 0.783565 0.097656 0.782176 0.098958 0.781250 0.102604 0.778009 0.103906 0.777083 0.104427 0.776157 0.106771 0.774306 0.109896 0.768750 0.110156 0.768750 0.113932 0.762037 0.114714 0.760185 0.116016 0.756019 0.116797 0.754630 0.117578 0.752315 0.118099 0.748148 0.118099 0.738426 0.117839 0.736574 0.117057 0.733796 0.114583 0.729398 0.114323 0.729398 0.111979 0.726157 0.110937 0.725694 0.109635 0.724306 0.105469 0.721528 0.103125 0.720602 0.101302 0.719213 0.100781 0.719213 0.099219 0.717824 0.098047 0.715278 0.097266 0.712963 0.097526 0.711111 0.098437 0.709954 0.098958 0.709954 0.101042 0.708102 0.101562 0.707176 0.103125 0.705787 0.105208 0.704861 0.106250 0.703935 0.107552 0.703472 0.109375 0.702083 0.110417 0.701620 0.111719 0.701620 0.115885 0.699769 0.117188 0.699769 0.117448 0.699306 0.119010 0.699306 0.119271 0.698843 0.121094 0.698843 0.121354 0.698380 0.122656 0.698380 0.122917 0.697917 0.124479 0.697917 0.124740 0.697454 0.126302 0.697454 0.127604 0.696528 0.129427 0.696065 0.130729 0.695139 0.132031 0.695139 0.132292 0.694676 0.133854 0.694676 0.134115 0.694213 0.135417 0.694213 0.136979 0.693287 0.138281 0.693287 0.138542 0.692824 0.140365 0.692824 0.140625 0.692361 0.142187 0.692361 0.142448 0.691898 0.144792 0.691435 0.146094 0.690509 0.147396 0.690509 0.148958 0.689583 0.150260 0.689583 0.151562 0.689120 0.152865 0.688194 0.154167 0.687731 0.155469 0.687731 0.155729 0.687269 0.157292 0.687269 0.157552 0.686806 0.158854 0.686806 0.160417 0.685880 0.161979 0.685880 0.162240 0.685417 0.163542 0.685417 0.163802 0.684954 0.165104 0.684954 0.165365 0.684491 0.166667 0.684491 0.166927 0.684028 0.168229 0.684028 0.168490 0.683565 0.169792 0.683565 0.171354 0.682639 0.172656 0.682639 0.172917 0.682176 0.174479 0.682176 0.174740 0.681713 0.177344 0.680787 0.178646 0.680787 0.178906 0.680324 0.180208 0.680324 0.180469 0.679861 0.182031 0.679861 0.182292 0.679398 0.184896 0.678472 0.187240 0.678472 0.187500 0.678009 0.191406 0.678009 0.191667 0.678472 0.193229 0.678472 0.194531 0.679398 0.196484 0.682407 0.197266 0.685185 0.197266 0.686574 0.198307 0.691667 0.199609 0.694444 0.200130 0.696296 0.201042 0.697917 0.202344 0.699306 0.204687 0.703472 0.204948 0.703472 0.208333 0.708102 0.210677 0.709954 0.213281 0.712269 0.216667 0.712269 0.219531 0.715509 0.220833 0.716435 0.222396 0.719213 0.225000 0.722917 0.225260 0.722917 0.227083 0.726157 0.228385 0.728009 0.229687 0.729398 0.230990 0.731250 0.232292 0.733565 0.232552 0.733565 0.234375 0.736806 0.235417 0.737731 0.236719 0.739583 0.239063 0.743750 0.240365 0.745139 0.242969 0.749769 0.244792 0.751620 0.247135 0.755324 0.248698 0.756713 0.249740 0.758102 0.251302 0.760880 0.252865 0.762731 0.253646 0.763194 0.255729 0.766435 0.257292 0.767824 0.258203 0.769444 0.258984 0.772685 0.258984 0.783333 0.258724 0.783796 0.258724 0.787037 0.258464 0.789352 0.257422 0.795370 0.257422 0.799074 0.257161 0.799537 0.257161 0.801852 0.256901 0.802315 0.256641 0.805556 0.256120 0.807407 0.256120 0.809722 0.255859 0.810185 0.255599 0.814352 0.255078 0.816667 0.255078 0.818981 0.254818 0.819444 0.254818 0.821759 0.254557 0.822222 0.254557 0.824537 0.254297 0.825000 0.254297 0.827315 0.254036 0.827778 0.253776 0.831944 0.253255 0.834259 0.252734 0.839815 0.252214 0.842130 0.252214 0.844444 0.251693 0.847222 0.251693 0.849074 0.251172 0.851852 0.251172 0.855093 0.250911 0.855556 0.250911 0.858333 0.250391 0.861111 0.250391 0.863426 0.250130 0.863889 0.250130 0.866204 0.249870 0.866667 0.249870 0.869444 0.249609 0.869907 0.249609 0.872222 0.249349 0.874537 0.248828 0.876852 0.248568 0.881019 0.248307 0.881481 0.248307 0.883796 0.248047 0.884259 0.248047 0.886574 0.247786 0.887037 0.247786 0.889352 0.247526 0.889815 0.247526 0.892130 0.247266 0.892593 0.247266 0.895370 0.246745 0.898148 0.246745 0.900926 0.246484 0.901389 0.246484 0.904167 0.246224 0.904630 0.246224 0.907407 0.245964 0.907870 0.245182 0.916667 0.244401 0.920833 0.244141 0.923148 0.244141 0.925463 0.243880 0.925926 0.243880 0.928241 0.243620 0.928704 0.243620 0.931019 0.243359 0.931481 0.243359 0.934259 0.243099 0.934722 0.243099 0.937037 0.242839 0.937500 0.242839 0.939815 0.242578 0.940278 0.242578 0.942593 0.242057 0.944907 0.241797 0.949074 0.241536 0.949537 0.241536 0.951852 0.241276 0.952315 0.241276 0.954630 0.241016 0.955093 0.241016 0.957407 0.240755 0.959722 0.240234 0.962037 0.239714 0.968519 0.239453 0.968981 0.239453 0.974537 0.239193 0.975000 0.239193 0.977315 0.238932 0.977778 0.238932 0.980093 0.238672 0.980556 0.238672 0.982870 0.238411 0.983333 0.238411 0.987037 0.238151 0.987500 0.238151 0.990278 0.237630 0.992593 0.236198 0.996528 0.234896 0.997454 0.233333 0.997454 0.233073 0.997917 0.217448 0.997917 0.217188 0.997454 0.212500 0.997454 0.212240 0.996991 0.209115 0.996991 0.208854 0.996528 0.205990 0.996528 0.205729 0.996065 0.201302 0.996065 0.201042 0.996528 0.189583 0.996528 0.189323 0.996991 0.173437 0.996991 0.173177 0.996528 0.165625 0.996528 0.165365 0.996065 0.161198 0.996065 0.160938 0.995602 0.159115 0.995602 0.158073 0.994676 0.155990 0.994213 0.155729 0.993750 0.153125 0.993750 0.152865 0.994213 0.151302 0.994213 0.151042 0.994676 0.146875 0.994676 0.146615 0.995139 0.145052 0.995139 0.144792 0.995602 0.142969 0.995602 0.142708 0.996065 0.136719 0.996065 0.136458 0.996528 0.133854 0.996528 0.133594 0.996991 0.130208 0.996991 0.129948 0.997454 0.123698 0.997454 0.123438 0.996991 0.121354 0.996991 0.121094 0.997454 0.080990 0.997454 0.080729 0.996991 0.070052 0.996991 0.069792 0.996528 0.067708 0.996528 0.067448 0.996065 0.064062 0.996065 0.063802 0.995602 0.062500 0.995602 0.061458 0.994676 0.056250 0.994676 0.055990 0.995139 0.053646 0.995139 0.053385 0.995602 0.049740 0.995602 0.049479 0.996065 0.039583 0.996065 0.039323 0.996528 0.036198 0.996528 0.035937 0.996991 0.022135 0.996991 0.021875 0.997454 0.008333 0.997454 0.008073 0.997917 0.000000 0.997917
 7 0.056510 0.744213 0.052865 0.743287 0.051302 0.741898 0.050781 0.741898 0.049479 0.740509 0.047917 0.739583 0.046354 0.738194 0.044531 0.735417 0.042708 0.734028 0.041276 0.731481 0.041016 0.728704 0.040365 0.726157 0.043229 0.726157 0.043490 0.725694 0.045052 0.725694 0.047135 0.724306 0.048438 0.724306 0.048698 0.723843 0.050260 0.723843 0.050521 0.723380 0.052083 0.723380 0.052344 0.722917 0.053646 0.722917 0.055990 0.721528 0.057292 0.721528 0.057552 0.721065 0.059115 0.721065 0.059375 0.720602 0.061198 0.720602 0.062500 0.721528 0.063672 0.724074 0.063672 0.726389 0.062630 0.730093 0.061328 0.732870 0.060286 0.736111 0.058203 0.741204 0.058203 0.741667 0.057031 0.743750 0.056510 0.744213
 7 0.000000 0.738194 0.002344 0.738194 0.002604 0.737731 0.004167 0.737731 0.004427 0.737269 0.008333 0.737269 0.010286 0.738426 0.010286 0.740278 0.008073 0.744213 0.007812 0.744213 0.004427 0.750231 0.004167 0.750231 0.002344 0.753009 0.001302 0.753935 0.000000 0.753935
 7 0.221484 0.769907 0.223307 0.768056 0.223568 0.766204 0.222396 0.765046 0.221354 0.764583 0.220052 0.765046 0.219401 0.766204 0.219401 0.768519 0.220312 0.770139 0.221484 0.769907
 7 0.026562 0.803009 0.025000 0.802546 0.023828 0.800926 0.025000 0.799306 0.025781 0.799306 0.026562 0.800231 0.028125 0.800694 0.027865 0.802546 0.026562 0.803009
 2 0.238151 0.999537 0.237109 0.997222 0.237109 0.995370 0.237891 0.993056 0.238411 0.989815 0.238411 0.987500 0.238672 0.987037 0.238672 0.984722 0.238932 0.984259 0.238932 0.981944 0.239193 0.981481 0.239193 0.978704 0.239453 0.978241 0.239453 0.975463 0.239714 0.975000 0.239714 0.972685 0.239974 0.972222 0.239974 0.969907 0.240234 0.969444 0.240234 0.967130 0.240495 0.966667 0.240495 0.963426 0.240755 0.962963 0.240755 0.958333 0.241016 0.957870 0.241016 0.953704 0.241276 0.953241 0.241276 0.950926 0.241536 0.950463 0.241536 0.948148 0.241797 0.945833 0.242318 0.943519 0.242318 0.941667 0.242839 0.938889 0.243359 0.934259 0.243359 0.931944 0.243620 0.931481 0.243880 0.927315 0.244141 0.926852 0.244141 0.924537 0.244401 0.924074 0.244401 0.921296 0.244661 0.920833 0.244661 0.918056 0.244922 0.917593 0.244922 0.915278 0.245443 0.912500 0.245443 0.910185 0.245703 0.909722 0.245703 0.907407 0.245964 0.905093 0.246484 0.902778 0.246745 0.898611 0.247005 0.898148 0.247005 0.895833 0.247266 0.895370 0.247266 0.893056 0.247526 0.892593 0.248047 0.887037 0.248307 0.886574 0.248307 0.884259 0.248568 0.883796 0.248568 0.881481 0.248828 0.881019 0.248828 0.877778 0.249349 0.875000 0.249349 0.872222 0.249609 0.871759 0.249609 0.869444 0.249870 0.868981 0.249870 0.866667 0.250391 0.862037 0.250911 0.859259 0.250911 0.856944 0.251172 0.856481 0.251172 0.854167 0.251432 0.853704 0.252474 0.844444 0.252734 0.840278 0.252995 0.839815 0.252995 0.837500 0.253516 0.834722 0.253516 0.832407 0.253776 0.831944 0.253776 0.829630 0.254036 0.829167 0.254036 0.826852 0.254557 0.824074 0.254557 0.821759 0.255078 0.819444 0.255078 0.817130 0.255599 0.814815 0.255599 0.812500 0.255859 0.812037 0.255859 0.809259 0.256120 0.808796 0.256120 0.806481 0.256901 0.804167 0.257161 0.802315 0.257161 0.800000 0.257422 0.799537 0.257422 0.796296 0.257682 0.795833 0.257682 0.792593 0.257943 0.792130 0.257943 0.789352 0.258203 0.788889 0.258203 0.786574 0.258724 0.783796 0.258724 0.781481 0.258984 0.781019 0.258984 0.772222 0.258464 0.769444 0.257682 0.767130 0.256510 0.765046 0.254948 0.763657 0.253646 0.761343 0.253255 0.761111 0.253255 0.759259 0.253906 0.758102 0.255208 0.757176 0.256510 0.757176 0.259635 0.759028 0.261068 0.761111 0.261849 0.763426 0.264193 0.767593 0.264453 0.768981 0.264453 0.771296 0.264714 0.771759 0.264714 0.775000 0.264193 0.777315 0.264193 0.779167 0.263151 0.782870 0.263151 0.784259 0.262630 0.786111 0.262630 0.787500 0.261849 0.790741 0.261589 0.793981 0.260547 0.798611 0.260286 0.800926 0.260286 0.803241 0.259766 0.805093 0.259505 0.807407 0.259505 0.812037 0.259766 0.814352 0.260547 0.817130 0.262240 0.820139 0.263802 0.821528 0.265104 0.823380 0.266927 0.826620 0.269271 0.829861 0.270833 0.831250 0.273307 0.835648 0.273828 0.837500 0.273828 0.844444 0.273307 0.847222 0.273307 0.849537 0.273047 0.850000 0.273047 0.852778 0.272786 0.853241 0.272786 0.855556 0.272266 0.858333 0.272266 0.860648 0.272005 0.861111 0.272005 0.863426 0.271484 0.865741 0.271484 0.868056 0.271224 0.868519 0.271224 0.871759 0.270964 0.872222 0.270964 0.875463 0.270703 0.875926 0.270703 0.878704 0.270443 0.879167 0.270443 0.882407 0.270182 0.882870 0.270182 0.886111 0.269922 0.886574 0.269922 0.888889 0.269661 0.889352 0.269661 0.892130 0.269401 0.892593 0.269401 0.895370 0.269141 0.895833 0.269141 0.898611 0.268880 0.899074 0.268880 0.901389 0.268359 0.904167 0.268359 0.906481 0.268099 0.906944 0.268099 0.910648 0.267839 0.911111 0.267839 0.913889 0.267578 0.914352 0.267578 0.916667 0.267318 0.917130 0.267318 0.919907 0.267057 0.920370 0.267057 0.923611 0.266797 0.924074 0.266797 0.926852 0.266536 0.927315 0.266536 0.929630 0.266276 0.930093 0.266276 0.932870 0.266016 0.933333 0.266016 0.935648 0.265755 0.936111 0.265755 0.938426 0.265495 0.938889 0.265495 0.941204 0.265234 0.941667 0.265234 0.945370 0.264974 0.945833 0.264974 0.948611 0.264714 0.949074 0.264714 0.951389 0.264453 0.951852 0.264453 0.954167 0.264193 0.954630 0.264193 0.956944 0.263411 0.962037 0.263411 0.965278 0.263151 0.965741 0.263151 0.969444 0.262891 0.969907 0.262891 0.972222 0.262630 0.972685 0.262630 0.975000 0.262370 0.975463 0.262370 0.978704 0.262109 0.979167 0.262109 0.981944 0.261328 0.987037 0.261328 0.989352 0.261068 0.989815 0.261068 0.993056 0.260807 0.993519 0.260807 0.995833 0.260026 0.998611 0.260026 0.999537
 1 0.826172 0.000000 0.826172 0.002315 0.825911 0.004630 0.825391 0.006481 0.824609 0.012963 0.823828 0.017130 0.822786 0.020833 0.822786 0.021759 0.822005 0.024074 0.822005 0.025000 0.820703 0.031944 0.819922 0.034259 0.819922 0.035185 0.819141 0.037500 0.818880 0.039815 0.817578 0.045370 0.817057 0.046296 0.816016 0.051389 0.815495 0.055093 0.813932 0.059259 0.813672 0.061574 0.813672 0.064815 0.812891 0.067593 0.811328 0.071296 0.810026 0.075926 0.809766 0.077315 0.807943 0.081481 0.804167 0.088194 0.802865 0.090046 0.801562 0.091435 0.798438 0.096065 0.796615 0.097454 0.794792 0.099306 0.790625 0.102083 0.789844 0.103009 0.787500 0.104398 0.786198 0.104398 0.785937 0.104861 0.783854 0.104861 0.783594 0.105324 0.781250 0.105324 0.780990 0.105787 0.758333 0.105787 0.758073 0.106250 0.738281 0.106250 0.738021 0.106713 0.706771 0.106713 0.706510 0.107176 0.704167 0.107176 0.703906 0.106713 0.695573 0.106713 0.695312 0.107176 0.682292 0.107176 0.682031 0.107639 0.680469 0.107639 0.680208 0.107176 0.677083 0.107176 0.676823 0.107639 0.661979 0.107639 0.661719 0.108102 0.658073 0.108102 0.657813 0.108565 0.653906 0.108565 0.653646 0.109028 0.635156 0.109028 0.634896 0.108565 0.633594 0.108565 0.632552 0.107639 0.631771 0.107639 0.630208 0.106713 0.626823 0.103472 0.622266 0.095370 0.621484 0.092593 0.621224 0.090278 0.620443 0.086574 0.620443 0.083333 0.620182 0.082870 0.620182 0.075000 0.620443 0.074537 0.620443 0.070370 0.620703 0.069907 0.620703 0.067130 0.620964 0.066667 0.620964 0.062963 0.621224 0.062500 0.621224 0.057407 0.621484 0.056944 0.621484 0.049537 0.621745 0.049074 0.621745 0.043519 0.622005 0.043056 0.622005 0.039815 0.622266 0.039352 0.622266 0.034259 0.622526 0.033796 0.622526 0.029630 0.622786 0.029167 0.622786 0.026389 0.623047 0.025926 0.623047 0.022685 0.623307 0.022222 0.623307 0.018519 0.623568 0.018056 0.623568 0.015278 0.623828 0.014815 0.623828 0.010185 0.624089 0.009722 0.624089 0.006944 0.624870 0.003241 0.624870 0.000000
 0 0.194661 0.000000 0.194661 0.002315 0.196094 0.004398 0.197526 0.007407 0.198307 0.011111 0.199609 0.014815 0.199609 0.015741 0.200391 0.018056 0.200391 0.018981 0.201953 0.022685 0.202474 0.025000 0.203516 0.027315 0.203776 0.028704 0.204818 0.031481 0.206380 0.034259 0.207161 0.036111 0.208203 0.039815 0.209766 0.043519 0.210807 0.046759 0.213151 0.055093 0.213151 0.056019 0.214714 0.061574 0.215495 0.063426 0.216016 0.065741 0.216276 0.068056 0.218880 0.077315 0.219922 0.083333 0.220964 0.087037 0.221484 0.090741 0.222266 0.093056 0.222786 0.095370 0.223047 0.097685 0.223828 0.101389 0.223828 0.104630 0.224089 0.105093 0.224089 0.115741 0.223568 0.118056 0.223568 0.119444 0.223047 0.122222 0.221484 0.127315 0.220052 0.130324 0.219792 0.130324 0.218359 0.133796 0.215885 0.138194 0.215625 0.138194 0.214193 0.140741 0.214193 0.141204 0.212500 0.144213 0.210417 0.146528 0.208854 0.149306 0.208073 0.150231 0.205208 0.152546 0.202865 0.154861 0.201563 0.157176 0.198958 0.159028 0.197656 0.160417 0.197135 0.160417 0.192708 0.164583 0.191406 0.165046 0.190625 0.165972 0.188802 0.166898 0.186979 0.167361 0.185417 0.168750 0.183594 0.169676 0.182292 0.171065 0.180469 0.171528 0.178646 0.172917 0.177344 0.173380 0.176042 0.174306 0.173958 0.174769 0.172917 0.175694 0.171094 0.176157 0.170052 0.177083 0.169271 0.177083 0.168229 0.178009 0.166146 0.178472 0.165104 0.179398 0.164323 0.179398 0.161719 0.181250 0.160938 0.181250 0.159896 0.182176 0.159115 0.182176 0.157292 0.183565 0.156771 0.183565 0.155469 0.184954 0.151823 0.186806 0.149740 0.187269 0.147917 0.188657 0.147396 0.188657 0.145833 0.190046 0.143490 0.190509 0.142187 0.191435 0.139844 0.191898 0.139583 0.192361 0.136979 0.193750 0.135677 0.194213 0.132031 0.196528 0.130729 0.197917 0.129167 0.198843 0.128125 0.198843 0.125781 0.200231 0.125000 0.200231 0.123177 0.201620 0.121354 0.202083 0.120313 0.203009 0.119531 0.203009 0.118490 0.203935 0.113802 0.205787 0.113542 0.206250 0.105990 0.209491 0.101302 0.211343 0.100000 0.212731 0.098698 0.213194 0.096875 0.213194 0.095312 0.214120 0.092969 0.215046 0.091927 0.215972 0.090365 0.215972 0.090104 0.216435 0.086979 0.216435 0.086719 0.216898 0.085417 0.216898 0.083854 0.217824 0.082292 0.217824 0.082031 0.218287 0.079687 0.218287 0.079427 0.218750 0.077083 0.218750 0.076823 0.219213 0.075521 0.218750 0.073438 0.215972 0.071875 0.214583 0.067969 0.207639 0.067708 0.207639 0.066536 0.205556 0.066536 0.205093 0.064453 0.200463 0.061979 0.196065 0.058333 0.192824 0.057031 0.190972 0.055990 0.190046 0.053125 0.188657 0.051042 0.188657 0.049479 0.189583 0.047656 0.189583 0.045052 0.187731 0.043490 0.188657 0.041146 0.189120 0.040365 0.188657 0.039583 0.187269 0.038281 0.185880 0.036068 0.181944 0.035286 0.179630 0.034245 0.177315 0.031120 0.171759 0.030339 0.169444 0.026172 0.162037 0.025130 0.159722 0.024349 0.157407 0.020703 0.150926 0.020703 0.150463 0.018359 0.146296 0.017057 0.142593 0.014974 0.138889 0.014974 0.138426 0.013151 0.134259 0.012109 0.131481 0.010807 0.127315 0.010547 0.125926 0.009505 0.124074 0.008464 0.121296 0.007943 0.118981 0.006641 0.115278 0.004818 0.108796 0.004297 0.107407 0.002734 0.101852 0.002474 0.099537 0.001302 0.096991 0.000000 0.096991
