 1 0.433203 0.000000 0.433203 0.003704 0.433984 0.006944 0.434245 0.009259 0.434245 0.012500 0.433984 0.012963 0.433984 0.052778 0.433724 0.053241 0.433724 0.071759 0.433464 0.072222 0.433464 0.088426 0.433203 0.088889 0.433203 0.107407 0.432943 0.107870 0.432943 0.110648 0.432682 0.111111 0.432682 0.113889 0.432422 0.114352 0.432422 0.123148 0.432161 0.123611 0.432161 0.126852 0.431901 0.127315 0.431901 0.134722 0.432161 0.135185 0.432161 0.137963 0.432682 0.140741 0.432682 0.143519 0.432422 0.143981 0.432422 0.146759 0.432161 0.147222 0.432161 0.150463 0.432422 0.150926 0.432422 0.193981 0.432161 0.194444 0.432161 0.219907 0.431380 0.223611 0.431380 0.225000 0.430859 0.227315 0.430859 0.229630 0.430599 0.230093 0.430599 0.232407 0.429297 0.236574 0.428516 0.238426 0.424740 0.245139 0.421875 0.248843 0.420573 0.250231 0.419271 0.251157 0.416927 0.251620 0.415365 0.252546 0.412760 0.252546 0.412500 0.253009 0.390625 0.253009 0.390365 0.253472 0.364063 0.253472 0.363802 0.253935 0.351562 0.253935 0.351302 0.254398 0.339323 0.254398 0.339062 0.254861 0.336198 0.254861 0.335938 0.254398 0.334375 0.254398 0.334115 0.253935 0.325000 0.253935 0.324740 0.254398 0.320833 0.254398 0.320573 0.254861 0.317448 0.254861 0.317188 0.254398 0.315365 0.254398 0.315104 0.253935 0.313281 0.253935 0.313021 0.254398 0.310417 0.254398 0.310156 0.254861 0.289062 0.254861 0.288802 0.255324 0.272917 0.255324 0.272656 0.255787 0.268490 0.255787 0.268229 0.256250 0.264583 0.256250 0.264323 0.255787 0.262500 0.255787 0.262240 0.256250 0.245052 0.256250 0.244792 0.255787 0.239323 0.255787 0.237760 0.254861 0.236458 0.254861 0.233594 0.253472 0.232813 0.252546 0.229167 0.250694 0.227604 0.249306 0.225521 0.245602 0.222396 0.242824 0.221354 0.241435 0.220052 0.239120 0.219792 0.239120 0.218229 0.236343 0.217969 0.236343 0.216016 0.232870 0.215495 0.231019 0.213932 0.227778 0.212891 0.225000 0.212891 0.222685 0.212370 0.218981 0.211068 0.214815 0.211068 0.213889 0.209766 0.209259 0.208724 0.206019 0.208464 0.203704 0.207422 0.200000 0.206901 0.199074 0.206641 0.197222 0.205859 0.194907 0.205339 0.192593 0.204818 0.188889 0.203776 0.185185 0.203516 0.182870 0.202734 0.180556 0.202474 0.178241 0.201953 0.176852 0.201693 0.174074 0.200911 0.170833 0.200391 0.169444 0.199870 0.166204 0.198828 0.157870 0.198307 0.156481 0.198047 0.154167 0.197005 0.150926 0.196484 0.150000 0.195703 0.144907 0.195182 0.143519 0.194922 0.141204 0.194401 0.139815 0.193880 0.137037 0.193880 0.135648 0.193359 0.134259 0.193099 0.131944 0.192318 0.128704 0.191797 0.127315 0.191536 0.125000 0.191016 0.123611 0.191016 0.122222 0.190234 0.118056 0.188672 0.112963 0.188151 0.110648 0.187370 0.108333 0.186849 0.105556 0.186328 0.101389 0.185286 0.097685 0.184766 0.094907 0.184245 0.090741 0.183724 0.087963 0.183203 0.086574 0.182422 0.082407 0.181901 0.078704 0.179818 0.069907 0.179297 0.068519 0.179036 0.066204 0.178516 0.064815 0.177995 0.061111 0.177474 0.058796 0.176693 0.056481 0.176693 0.055556 0.175651 0.052315 0.175130 0.049537 0.175130 0.048148 0.174349 0.045370 0.174349 0.044444 0.172526 0.038426 0.172266 0.035648 0.171224 0.030556 0.170182 0.026852 0.169661 0.023148 0.169141 0.020833 0.168359 0.018519 0.167839 0.014815 0.167318 0.012500 0.166536 0.010185 0.166536 0.006019 0.167057 0.003241 0.167057 0.000000
 4 0.482031 0.550231 0.479427 0.550231 0.479167 0.549769 0.477344 0.549769 0.476302 0.548843 0.475521 0.548843 0.472917 0.546991 0.470313 0.543750 0.468099 0.539815 0.467057 0.537037 0.467057 0.536111 0.466016 0.532407 0.465755 0.530093 0.465755 0.523148 0.466016 0.522685 0.466016 0.519907 0.466276 0.519444 0.467057 0.512037 0.467318 0.511574 0.467578 0.508796 0.468620 0.505556 0.468880 0.504167 0.471875 0.498843 0.474740 0.496065 0.476562 0.495602 0.476823 0.495139 0.483073 0.495139 0.484115 0.496065 0.484896 0.496065 0.485938 0.496991 0.486719 0.496991 0.488281 0.498843 0.489844 0.500231 0.492578 0.505093 0.493359 0.506944 0.494141 0.509722 0.494661 0.512500 0.494661 0.514815 0.494922 0.515278 0.494922 0.520370 0.494661 0.520833 0.494661 0.524537 0.494401 0.525000 0.493880 0.529630 0.493880 0.531944 0.492839 0.538426 0.491797 0.541204 0.489583 0.545139 0.488021 0.546991 0.485938 0.548843 0.483594 0.549769 0.482292 0.549769 0.482031 0.550231
 4 0.259115 0.733102 0.254427 0.733102 0.253125 0.732639 0.250260 0.730787 0.248177 0.728935 0.245573 0.725694 0.244141 0.723148 0.242839 0.719444 0.241016 0.714815 0.239974 0.712500 0.239193 0.710185 0.238932 0.708333 0.238151 0.706019 0.237630 0.702778 0.237630 0.700926 0.237109 0.698611 0.237109 0.696296 0.237370 0.695833 0.237370 0.692130 0.238151 0.687500 0.238672 0.685185 0.239453 0.682870 0.239974 0.680556 0.241016 0.677778 0.244271 0.671991 0.245573 0.670602 0.247917 0.667361 0.249219 0.666435 0.251042 0.664583 0.252604 0.663657 0.253385 0.663657 0.254688 0.662731 0.255990 0.662269 0.257292 0.662269 0.257552 0.661806 0.259635 0.661806 0.259896 0.661343 0.261458 0.661343 0.261719 0.661806 0.264323 0.661806 0.266406 0.663194 0.268229 0.663657 0.270313 0.665509 0.271354 0.666898 0.273568 0.670833 0.274609 0.673148 0.275391 0.675463 0.276172 0.676852 0.277214 0.680556 0.277995 0.685648 0.279297 0.688889 0.280078 0.692130 0.280078 0.694444 0.280339 0.694907 0.280339 0.699537 0.280078 0.700000 0.280078 0.702778 0.279818 0.703241 0.279297 0.707407 0.278255 0.710648 0.277734 0.713426 0.276172 0.717593 0.274479 0.720139 0.272917 0.721991 0.271354 0.724769 0.268490 0.727546 0.267969 0.727546 0.266667 0.728935 0.264844 0.730324 0.264062 0.731250 0.263281 0.731250 0.262240 0.732176 0.260937 0.732639 0.259375 0.732639 0.259115 0.733102
 4 0.287500 0.854398 0.283854 0.854398 0.283594 0.853935 0.282292 0.853935 0.281250 0.853009 0.279948 0.852546 0.276042 0.849306 0.274219 0.846528 0.273958 0.846528 0.271224 0.841667 0.271224 0.841204 0.269661 0.837500 0.268880 0.836111 0.267839 0.832407 0.267318 0.831481 0.266276 0.827778 0.266016 0.825463 0.265234 0.821759 0.265234 0.817593 0.264974 0.817130 0.264974 0.814815 0.265234 0.814352 0.265234 0.810185 0.265495 0.808333 0.266276 0.806019 0.266536 0.803704 0.267578 0.799074 0.268880 0.794907 0.270182 0.792593 0.270182 0.792130 0.271745 0.789352 0.271745 0.788889 0.275000 0.783102 0.277083 0.781250 0.277604 0.780324 0.279427 0.778935 0.280208 0.778009 0.282813 0.776620 0.284115 0.776157 0.285938 0.776157 0.286198 0.775694 0.288281 0.775694 0.288542 0.775231 0.293490 0.775231 0.293750 0.775694 0.295052 0.775694 0.298438 0.778472 0.301302 0.782176 0.301563 0.782176 0.302995 0.784722 0.302995 0.785185 0.305078 0.790741 0.306120 0.793981 0.306641 0.796759 0.307682 0.800000 0.308203 0.802778 0.308724 0.806944 0.308724 0.809722 0.308984 0.810185 0.308984 0.817130 0.308724 0.817593 0.308724 0.819907 0.308464 0.822222 0.307682 0.826389 0.306641 0.830093 0.305599 0.832870 0.304818 0.835648 0.303776 0.837963 0.300000 0.844676 0.298698 0.846528 0.295052 0.850231 0.294531 0.850231 0.292448 0.852083 0.289062 0.853472 0.287500 0.854398
 4 0.206510 0.933565 0.200521 0.933565 0.198958 0.932639 0.197917 0.932639 0.196354 0.931713 0.194010 0.929398 0.192708 0.928472 0.189844 0.924769 0.188802 0.922917 0.187500 0.921528 0.185807 0.918981 0.183984 0.913889 0.183464 0.911574 0.182682 0.909259 0.182161 0.906944 0.181901 0.904630 0.181901 0.900926 0.181641 0.900463 0.181641 0.897222 0.181901 0.896759 0.181901 0.892593 0.182422 0.888426 0.183724 0.882407 0.185547 0.875926 0.186589 0.873611 0.187370 0.871296 0.188672 0.868981 0.188672 0.868519 0.190885 0.864583 0.191146 0.864583 0.193229 0.860880 0.195573 0.857639 0.198437 0.854861 0.201042 0.853009 0.201823 0.852083 0.202604 0.852083 0.204427 0.850694 0.205469 0.850694 0.207813 0.849306 0.215104 0.849306 0.215365 0.849769 0.216667 0.849769 0.217969 0.850231 0.219271 0.851157 0.220052 0.851157 0.221615 0.852546 0.223958 0.855787 0.225000 0.857639 0.226042 0.858565 0.228516 0.862963 0.231120 0.868981 0.232161 0.872222 0.232422 0.874537 0.233203 0.877315 0.233203 0.880093 0.233464 0.880556 0.233464 0.887963 0.233203 0.888426 0.233203 0.890741 0.232943 0.892593 0.232161 0.895833 0.231641 0.899537 0.230339 0.904167 0.229557 0.906481 0.228516 0.908796 0.227214 0.912500 0.223958 0.918287 0.223698 0.918287 0.221615 0.921065 0.219792 0.924306 0.217708 0.927083 0.215625 0.928935 0.213542 0.930324 0.212760 0.931250 0.211979 0.931250 0.210938 0.932176 0.208854 0.932639 0.208594 0.933102 0.206771 0.933102 0.206510 0.933565
 4 0.083203 0.999537 0.082422 0.997222 0.082422 0.991204 0.082682 0.990741 0.082682 0.987963 0.082943 0.987500 0.082943 0.985185 0.083203 0.984722 0.083464 0.981019 0.083984 0.979167 0.084505 0.975463 0.085026 0.973148 0.086068 0.969907 0.086328 0.968519 0.087630 0.965741 0.087630 0.965278 0.089193 0.962500 0.089974 0.959259 0.091146 0.957176 0.092188 0.956250 0.094531 0.951157 0.096354 0.949306 0.098437 0.946065 0.099219 0.945602 0.100521 0.943750 0.103906 0.940972 0.105208 0.940509 0.105990 0.939583 0.107552 0.938657 0.110156 0.935880 0.112240 0.935417 0.112500 0.934954 0.114062 0.934954 0.114323 0.934491 0.122135 0.934491 0.122396 0.934954 0.123958 0.934954 0.124219 0.935417 0.126562 0.935880 0.127344 0.936343 0.129167 0.938194 0.130990 0.939120 0.134896 0.941898 0.135937 0.943287 0.136719 0.943750 0.139323 0.946991 0.141797 0.951389 0.141797 0.951852 0.143099 0.955093 0.143620 0.958796 0.144141 0.960648 0.144141 0.964352 0.144401 0.964815 0.144401 0.970370 0.144141 0.970833 0.144141 0.973611 0.143880 0.975463 0.142839 0.980093 0.142578 0.982407 0.141276 0.987037 0.140234 0.989815 0.139453 0.992593 0.138151 0.994907 0.138151 0.995370 0.136068 0.999074 0.136068 0.999537
 5 0.095312 0.867824 0.092188 0.867824 0.091927 0.867361 0.090625 0.867361 0.090365 0.866898 0.088281 0.865972 0.086979 0.864120 0.084896 0.862731 0.082552 0.862731 0.082292 0.862269 0.079948 0.862269 0.079687 0.861806 0.078385 0.861806 0.078125 0.861343 0.076823 0.861343 0.075260 0.860417 0.074479 0.859491 0.072656 0.858565 0.071354 0.857176 0.069792 0.856713 0.068750 0.855787 0.066406 0.855324 0.064844 0.854398 0.063542 0.854398 0.063281 0.853935 0.061458 0.853935 0.060156 0.853472 0.058333 0.852083 0.057161 0.850000 0.056250 0.847454 0.055469 0.846991 0.053906 0.846991 0.053646 0.846528 0.052083 0.846528 0.051042 0.845602 0.050260 0.845602 0.048438 0.844213 0.047917 0.843287 0.045833 0.840972 0.043620 0.837037 0.042578 0.833333 0.042318 0.831019 0.042318 0.826852 0.042578 0.826389 0.042578 0.822685 0.042839 0.822222 0.043359 0.818519 0.043880 0.817130 0.044401 0.814352 0.044922 0.813426 0.045964 0.809722 0.047005 0.806944 0.050260 0.801157 0.052083 0.798843 0.053385 0.797917 0.054427 0.796528 0.055729 0.794213 0.057813 0.792361 0.060156 0.789583 0.061719 0.788194 0.062240 0.788194 0.063542 0.786806 0.065104 0.785880 0.067708 0.784954 0.074219 0.784954 0.074479 0.785417 0.075781 0.785417 0.077604 0.786806 0.079427 0.787269 0.081510 0.788657 0.084635 0.789583 0.086198 0.790972 0.088542 0.791898 0.089844 0.793287 0.091927 0.794676 0.093750 0.796528 0.095833 0.797454 0.098437 0.799306 0.099740 0.800694 0.100260 0.800694 0.102604 0.803009 0.103385 0.803472 0.105208 0.805324 0.106641 0.807870 0.107682 0.810185 0.109375 0.809954 0.109635 0.809491 0.111719 0.809491 0.115625 0.812731 0.117448 0.814583 0.117969 0.814583 0.119531 0.815972 0.120703 0.818056 0.121484 0.819907 0.122266 0.822685 0.122266 0.826852 0.122005 0.827315 0.122005 0.829630 0.121224 0.831944 0.120443 0.837037 0.118620 0.843056 0.116536 0.847222 0.116536 0.847685 0.114062 0.852083 0.111979 0.854398 0.110677 0.856250 0.109896 0.856713 0.107813 0.859491 0.105729 0.861343 0.103906 0.864120 0.102083 0.865509 0.101302 0.865509 0.099219 0.866898 0.097656 0.866898 0.097396 0.867361 0.095573 0.867361 0.095312 0.867824
 5 0.184115 0.795602 0.180208 0.795602 0.179948 0.795139 0.177865 0.794676 0.175781 0.792361 0.175000 0.791898 0.172526 0.788889 0.172005 0.787037 0.172005 0.781944 0.171094 0.780324 0.169792 0.779398 0.168229 0.777083 0.165625 0.774306 0.164323 0.772454 0.163151 0.770370 0.163151 0.769907 0.161589 0.767130 0.161589 0.766667 0.157812 0.759954 0.155729 0.757639 0.154427 0.755324 0.153255 0.753704 0.153255 0.753241 0.151302 0.749769 0.150260 0.748843 0.148568 0.745833 0.148047 0.743056 0.147266 0.740278 0.147266 0.731944 0.148047 0.729167 0.148047 0.728241 0.149609 0.723148 0.150651 0.720833 0.151953 0.718519 0.151953 0.718056 0.153516 0.715741 0.154688 0.713657 0.155990 0.712269 0.157812 0.709491 0.159115 0.708565 0.160938 0.706250 0.162500 0.704861 0.164583 0.703935 0.165625 0.703009 0.167969 0.702546 0.169271 0.701620 0.174219 0.701620 0.175521 0.702546 0.177083 0.703009 0.179167 0.704861 0.179688 0.705787 0.181510 0.707639 0.184375 0.712731 0.184635 0.712731 0.190755 0.723611 0.190755 0.724074 0.193229 0.728472 0.194271 0.729398 0.195964 0.733333 0.196484 0.735648 0.197005 0.736574 0.198047 0.740278 0.198307 0.742593 0.198828 0.743981 0.200260 0.745602 0.201432 0.747685 0.202214 0.750463 0.203125 0.752083 0.204427 0.753472 0.205599 0.757870 0.205599 0.762963 0.205078 0.764815 0.205078 0.766204 0.204036 0.769907 0.203516 0.770833 0.202214 0.775926 0.199870 0.781481 0.199870 0.781944 0.197396 0.786343 0.193490 0.790046 0.192188 0.791435 0.191667 0.791435 0.189583 0.793287 0.187240 0.794213 0.185938 0.795139 0.184375 0.795139 0.184115 0.795602
 5 0.234115 0.824306 0.230729 0.824306 0.230469 0.823843 0.228906 0.823843 0.226562 0.821991 0.226042 0.821065 0.223958 0.819213 0.221745 0.815278 0.221745 0.814815 0.219922 0.809722 0.219401 0.806481 0.218359 0.803241 0.215755 0.798611 0.214714 0.795833 0.213151 0.793056 0.212109 0.790278 0.211328 0.787037 0.211328 0.783796 0.211068 0.783333 0.211068 0.780093 0.211328 0.777778 0.212891 0.770370 0.213932 0.767130 0.214193 0.765741 0.214974 0.763889 0.219010 0.756713 0.220833 0.754398 0.221615 0.753935 0.222917 0.752083 0.225260 0.750231 0.228125 0.748843 0.229427 0.748843 0.229687 0.748380 0.231510 0.748380 0.231771 0.747917 0.233854 0.747917 0.234115 0.748380 0.236458 0.748380 0.238802 0.749769 0.240885 0.751620 0.241927 0.753009 0.245443 0.759259 0.246224 0.762500 0.246224 0.763426 0.247005 0.765741 0.248698 0.768750 0.250781 0.770602 0.251302 0.770602 0.252344 0.771991 0.253516 0.775000 0.254297 0.781019 0.254557 0.781481 0.254557 0.790278 0.254036 0.793056 0.253776 0.796296 0.253255 0.798148 0.252995 0.800463 0.252474 0.802315 0.250911 0.805093 0.249870 0.807407 0.249089 0.809722 0.245573 0.815972 0.244010 0.817824 0.243229 0.818287 0.239583 0.821991 0.238802 0.821991 0.236979 0.823380 0.235937 0.823843 0.234375 0.823843 0.234115 0.824306
 5 0.432552 0.587269 0.430729 0.587269 0.428646 0.585880 0.428125 0.585880 0.426302 0.584028 0.425521 0.583565 0.424740 0.582176 0.422786 0.579630 0.421745 0.577315 0.420964 0.575000 0.420182 0.571759 0.419922 0.568056 0.419661 0.567593 0.419661 0.565278 0.419141 0.562500 0.419141 0.560185 0.418880 0.559722 0.418099 0.555093 0.417839 0.552778 0.417839 0.544444 0.419141 0.539352 0.420182 0.536574 0.422396 0.532639 0.423177 0.531713 0.424219 0.531250 0.425000 0.530324 0.426302 0.529861 0.427344 0.528935 0.429688 0.528935 0.429948 0.528472 0.431510 0.528472 0.432812 0.528935 0.434115 0.529861 0.434896 0.529861 0.436198 0.530787 0.438542 0.533565 0.440495 0.537037 0.441276 0.539352 0.441276 0.540278 0.442057 0.543981 0.442057 0.546296 0.442318 0.546759 0.442318 0.550000 0.442839 0.552778 0.442839 0.555093 0.444141 0.562037 0.444141 0.563426 0.444661 0.565278 0.444661 0.568056 0.444922 0.568519 0.444922 0.574074 0.443620 0.578241 0.441667 0.581713 0.438542 0.584491 0.436719 0.585880 0.435677 0.586343 0.434375 0.586343 0.434115 0.586806 0.432812 0.586806 0.432552 0.587269
