 1 0.590234 0.000000 0.590234 0.005556 0.590495 0.006019 0.590495 0.012500 0.589714 0.016667 0.589714 0.018981 0.589193 0.021296 0.589193 0.023148 0.588411 0.027315 0.588411 0.028704 0.587891 0.031019 0.587630 0.033333 0.587630 0.036111 0.587370 0.036574 0.587370 0.039352 0.587109 0.039815 0.587109 0.042593 0.586849 0.043056 0.586849 0.046759 0.586589 0.047222 0.586589 0.049537 0.586328 0.050000 0.586328 0.057870 0.586068 0.059722 0.585286 0.062963 0.585286 0.065278 0.585026 0.065741 0.584766 0.068981 0.584245 0.070370 0.583203 0.075463 0.582943 0.077778 0.582943 0.080093 0.582682 0.080556 0.582682 0.086111 0.582422 0.086574 0.582422 0.090278 0.582161 0.090741 0.582161 0.093519 0.581380 0.097222 0.581120 0.100463 0.580859 0.100926 0.580859 0.103241 0.580599 0.103704 0.580599 0.106944 0.580339 0.107407 0.580078 0.110648 0.579297 0.114352 0.579297 0.118519 0.579036 0.118981 0.579036 0.122222 0.578255 0.127315 0.577995 0.131481 0.577474 0.133796 0.577474 0.135648 0.576432 0.141667 0.576172 0.143981 0.576172 0.146296 0.575911 0.146759 0.575911 0.149074 0.575651 0.149537 0.574609 0.157870 0.574609 0.160185 0.574349 0.160648 0.574349 0.162963 0.573568 0.168056 0.573307 0.172222 0.573047 0.172685 0.573047 0.175000 0.572786 0.175463 0.572786 0.177778 0.572266 0.180556 0.571745 0.187037 0.571484 0.187500 0.571484 0.189815 0.571224 0.190278 0.570964 0.194444 0.570443 0.196759 0.570443 0.198611 0.569922 0.201389 0.569922 0.203704 0.569401 0.206481 0.569401 0.208796 0.569141 0.209259 0.568880 0.213426 0.568099 0.217593 0.567839 0.221759 0.567318 0.224074 0.567057 0.226389 0.567057 0.231481 0.566797 0.231944 0.566797 0.234259 0.566276 0.237037 0.566276 0.239352 0.566016 0.239815 0.566016 0.242593 0.565755 0.243056 0.565755 0.249074 0.565495 0.249537 0.565495 0.252778 0.564714 0.256019 0.564453 0.259259 0.563932 0.260648 0.561849 0.267593 0.560156 0.270602 0.559896 0.270602 0.557943 0.274074 0.557031 0.276157 0.555208 0.278009 0.551562 0.281250 0.550781 0.281250 0.548958 0.282639 0.547656 0.282639 0.547396 0.283102 0.543229 0.283102 0.542969 0.283565 0.540885 0.283565 0.540625 0.283102 0.535417 0.283102 0.535156 0.282639 0.528906 0.282639 0.528646 0.282176 0.520052 0.282176 0.519792 0.281713 0.516146 0.281713 0.515885 0.281250 0.508854 0.281250 0.508594 0.280787 0.503646 0.280787 0.503385 0.280324 0.498177 0.280324 0.497917 0.279861 0.484635 0.279861 0.484375 0.279398 0.481250 0.279398 0.480990 0.278935 0.468229 0.278935 0.467969 0.279398 0.465365 0.279398 0.465104 0.278935 0.458594 0.278935 0.458333 0.278472 0.454167 0.278472 0.453906 0.278009 0.448958 0.278009 0.448698 0.277546 0.440104 0.277546 0.439844 0.277083 0.428646 0.277083 0.428385 0.276620 0.421875 0.276620 0.421615 0.276157 0.415104 0.276157 0.414844 0.275694 0.409635 0.275694 0.409375 0.275231 0.406510 0.275231 0.406250 0.274769 0.403906 0.274306 0.402604 0.273380 0.398698 0.271991 0.397396 0.270602 0.396875 0.270602 0.395313 0.269213 0.394010 0.267361 0.391927 0.265509 0.388672 0.260648 0.388151 0.259259 0.387891 0.257407 0.386589 0.252778 0.386068 0.251389 0.385286 0.247222 0.385026 0.243981 0.384505 0.242130 0.384505 0.240741 0.383984 0.238426 0.383984 0.235185 0.383724 0.234722 0.383724 0.231944 0.383464 0.231481 0.383464 0.228241 0.383203 0.227778 0.383203 0.225000 0.382682 0.222685 0.382422 0.220370 0.382422 0.216667 0.382161 0.216204 0.382161 0.210648 0.381380 0.205556 0.381380 0.202315 0.381120 0.201852 0.381120 0.198148 0.380339 0.193056 0.380339 0.190741 0.380078 0.190278 0.380078 0.187963 0.379818 0.187500 0.379818 0.184722 0.379557 0.184259 0.379557 0.181019 0.379297 0.180556 0.379297 0.177315 0.379036 0.176852 0.379036 0.174074 0.378516 0.171296 0.378516 0.168981 0.378255 0.168519 0.378255 0.165278 0.377995 0.164815 0.377995 0.161574 0.377734 0.161111 0.377734 0.157407 0.377474 0.156944 0.377474 0.154630 0.377214 0.154167 0.377214 0.151389 0.376953 0.150926 0.376953 0.148148 0.376693 0.147685 0.376693 0.144907 0.376432 0.144444 0.376432 0.142130 0.375651 0.137037 0.375651 0.134722 0.375391 0.134259 0.375391 0.131019 0.375130 0.130556 0.375130 0.127315 0.374870 0.126852 0.374870 0.124074 0.374609 0.123611 0.374609 0.120370 0.374349 0.119907 0.374349 0.116204 0.374089 0.115741 0.374089 0.112963 0.373828 0.112500 0.373828 0.109722 0.373568 0.109259 0.373568 0.106481 0.373307 0.106019 0.373307 0.102315 0.373047 0.101852 0.373047 0.097685 0.372786 0.097222 0.372786 0.093519 0.372266 0.091204 0.372266 0.088889 0.372005 0.088426 0.372005 0.080556 0.371745 0.080093 0.371745 0.072685 0.371484 0.072222 0.370964 0.067593 0.370964 0.064352 0.370703 0.063889 0.370703 0.059722 0.370182 0.056944 0.369661 0.050926 0.368880 0.047222 0.368880 0.045370 0.368099 0.041204 0.368099 0.039815 0.367578 0.037963 0.367578 0.035648 0.367318 0.035185 0.367318 0.031944 0.367057 0.031481 0.366276 0.024537 0.366276 0.020833 0.366016 0.020370 0.366016 0.016667 0.365234 0.011574 0.365234 0.006019 0.365495 0.005556 0.365495 0.000000
 4 0.606771 0.549306 0.606510 0.548843 0.603646 0.548843 0.601042 0.547454 0.599740 0.546528 0.596615 0.543287 0.594141 0.538889 0.593359 0.537037 0.591797 0.531019 0.591797 0.527778 0.591536 0.527315 0.591536 0.523611 0.592578 0.519444 0.593099 0.516204 0.593620 0.515278 0.593880 0.513426 0.594661 0.511111 0.595703 0.506481 0.597917 0.502546 0.600000 0.500694 0.602865 0.498843 0.607031 0.498843 0.608333 0.499306 0.610677 0.501157 0.611198 0.501157 0.616146 0.505787 0.617318 0.507870 0.618359 0.510648 0.619141 0.513889 0.619661 0.515278 0.619922 0.517593 0.619922 0.523148 0.619661 0.525463 0.618620 0.530093 0.618620 0.531481 0.617578 0.536111 0.616276 0.540741 0.615755 0.542130 0.614323 0.544676 0.611979 0.547454 0.610677 0.548380 0.609375 0.548380 0.609115 0.548843 0.607031 0.548843 0.606771 0.549306
 5 0.564844 0.550231 0.559896 0.550231 0.558073 0.548843 0.557292 0.547917 0.555729 0.546991 0.554948 0.546065 0.554297 0.544444 0.552474 0.541204 0.551693 0.538889 0.551693 0.535185 0.551953 0.534722 0.551953 0.531019 0.552214 0.529167 0.552734 0.527778 0.552995 0.525463 0.554688 0.522454 0.554948 0.522454 0.556771 0.520139 0.558854 0.519213 0.560417 0.517824 0.563802 0.517824 0.567187 0.520602 0.567708 0.520602 0.570833 0.524306 0.572005 0.526389 0.572786 0.529630 0.572786 0.539352 0.571745 0.543519 0.570964 0.545370 0.569010 0.547917 0.566146 0.549306 0.564844 0.550231
 4 0.424219 0.652083 0.422135 0.652083 0.421875 0.651620 0.419271 0.651620 0.415104 0.649769 0.413802 0.648380 0.409505 0.640741 0.408724 0.637963 0.407943 0.632407 0.407943 0.630093 0.407682 0.629630 0.407682 0.627315 0.407422 0.626852 0.407422 0.623148 0.407161 0.622685 0.407161 0.617130 0.407422 0.616667 0.407422 0.613889 0.408203 0.611574 0.408203 0.610648 0.409245 0.606944 0.410547 0.604630 0.410547 0.604167 0.412240 0.601157 0.413281 0.599769 0.414062 0.599306 0.415885 0.597454 0.417187 0.596991 0.419010 0.595602 0.420312 0.595602 0.420573 0.595139 0.424219 0.595139 0.424479 0.595602 0.426823 0.596065 0.429167 0.597454 0.432292 0.600694 0.433464 0.602778 0.434505 0.605556 0.435286 0.608333 0.436849 0.614815 0.436849 0.617130 0.436589 0.617593 0.436589 0.621296 0.436849 0.621759 0.436849 0.624074 0.437370 0.626389 0.437370 0.630556 0.437109 0.632870 0.436589 0.634722 0.436589 0.636111 0.435026 0.641204 0.431771 0.646991 0.428646 0.650231 0.425781 0.651620 0.424479 0.651620 0.424219 0.652083
 4 0.443750 0.752083 0.439844 0.752083 0.437760 0.750694 0.436198 0.750231 0.434635 0.748843 0.434115 0.747917 0.432552 0.746528 0.430599 0.743056 0.430078 0.741204 0.429297 0.739815 0.427995 0.735648 0.427214 0.730093 0.427214 0.727778 0.426953 0.727315 0.426953 0.722222 0.426693 0.721759 0.426693 0.714815 0.426953 0.714352 0.426953 0.710648 0.427734 0.707870 0.427995 0.705556 0.428776 0.702778 0.430078 0.699537 0.431120 0.697685 0.431641 0.695833 0.433073 0.693287 0.435677 0.690972 0.436979 0.690509 0.437760 0.689583 0.440625 0.688657 0.440885 0.688194 0.442708 0.687731 0.442969 0.687269 0.444271 0.687269 0.445573 0.688194 0.446354 0.688194 0.450260 0.691898 0.450781 0.691898 0.452083 0.693287 0.455078 0.698611 0.455859 0.700463 0.456380 0.702778 0.457161 0.705093 0.457422 0.708333 0.457943 0.710648 0.457943 0.714815 0.458203 0.715278 0.458203 0.727315 0.457943 0.727778 0.457422 0.733796 0.456901 0.736111 0.455859 0.739352 0.455078 0.741204 0.452604 0.745602 0.450781 0.747454 0.447656 0.750231 0.444792 0.751157 0.443750 0.752083
 4 0.385417 0.792361 0.382812 0.792361 0.382552 0.791898 0.380469 0.791898 0.377865 0.790509 0.377083 0.789583 0.375521 0.788657 0.373177 0.785880 0.371484 0.782870 0.370443 0.780556 0.369401 0.776852 0.369141 0.773611 0.368620 0.771759 0.368099 0.766204 0.367839 0.765741 0.367839 0.763426 0.367578 0.762963 0.367578 0.753241 0.368099 0.750926 0.368359 0.747685 0.368880 0.746296 0.369141 0.743981 0.370182 0.740278 0.374479 0.732639 0.376042 0.730787 0.377604 0.729398 0.380729 0.727083 0.382812 0.726620 0.384115 0.725694 0.388542 0.725694 0.389844 0.726620 0.390885 0.726620 0.392708 0.727546 0.395052 0.729861 0.398307 0.735648 0.399870 0.740278 0.400130 0.742593 0.400911 0.745833 0.400911 0.747685 0.401432 0.750463 0.401432 0.752778 0.401693 0.753241 0.401693 0.758333 0.401953 0.758796 0.401953 0.761111 0.401693 0.761574 0.401693 0.764352 0.401432 0.764815 0.401432 0.767130 0.400130 0.773611 0.398828 0.777778 0.397786 0.780093 0.395833 0.783565 0.392969 0.787269 0.391667 0.788194 0.389323 0.790509 0.387760 0.791435 0.385417 0.792361
 4 0.320833 0.836343 0.316146 0.836343 0.315885 0.835880 0.314583 0.835880 0.313021 0.834954 0.310417 0.832176 0.309115 0.829861 0.308854 0.829861 0.305859 0.824537 0.305339 0.822685 0.303516 0.818519 0.301953 0.812500 0.301432 0.809722 0.301432 0.806944 0.301172 0.806481 0.301172 0.800463 0.301432 0.800000 0.301953 0.793519 0.304036 0.785648 0.304818 0.783796 0.306901 0.780093 0.307161 0.778704 0.308854 0.775694 0.310156 0.774769 0.311979 0.771991 0.312240 0.771991 0.314063 0.769676 0.314583 0.769676 0.316406 0.768287 0.318229 0.767824 0.318490 0.767361 0.319792 0.767361 0.320052 0.766898 0.325781 0.766898 0.326823 0.767361 0.328646 0.768750 0.329427 0.768750 0.330208 0.769676 0.331510 0.771991 0.331771 0.771991 0.334505 0.776852 0.335547 0.780093 0.336068 0.781019 0.337109 0.784722 0.337630 0.785648 0.338672 0.789352 0.339453 0.793981 0.339714 0.796296 0.339714 0.804167 0.339453 0.804630 0.339453 0.807407 0.338672 0.812037 0.337109 0.817593 0.335807 0.820370 0.335807 0.820833 0.332292 0.827083 0.329167 0.830787 0.327865 0.831713 0.325521 0.834028 0.324219 0.834954 0.323437 0.834954 0.322396 0.835880 0.321094 0.835880 0.320833 0.836343
 3 0.309896 0.718750 0.305208 0.718750 0.304948 0.718287 0.303385 0.718287 0.302344 0.717824 0.300000 0.715509 0.298307 0.712500 0.297266 0.709722 0.295443 0.705556 0.294401 0.701389 0.293359 0.699074 0.292578 0.696296 0.292578 0.688426 0.293099 0.685648 0.293099 0.683796 0.293620 0.681944 0.293880 0.679630 0.295182 0.675926 0.298438 0.670139 0.299479 0.668750 0.302344 0.665509 0.303906 0.664583 0.304688 0.663657 0.307031 0.662731 0.312760 0.662731 0.313021 0.663194 0.314583 0.663194 0.316406 0.664120 0.318490 0.665972 0.320703 0.669907 0.322786 0.675000 0.322786 0.675926 0.323568 0.679167 0.324089 0.680556 0.324609 0.684722 0.324870 0.685185 0.324870 0.687963 0.325130 0.688426 0.325130 0.694907 0.324870 0.695370 0.324870 0.697685 0.324609 0.699074 0.323568 0.702315 0.322526 0.704630 0.321745 0.706944 0.319531 0.710880 0.316927 0.714120 0.315625 0.715509 0.313281 0.717361 0.309896 0.718750
 5 0.364844 0.679398 0.364063 0.678935 0.361719 0.678935 0.359896 0.677546 0.358073 0.677083 0.355990 0.675231 0.353516 0.670833 0.352214 0.667130 0.351172 0.665278 0.349870 0.662037 0.349609 0.660648 0.348828 0.659259 0.348047 0.656481 0.346484 0.652778 0.346224 0.651389 0.345182 0.648611 0.344661 0.644444 0.344661 0.639352 0.344922 0.638889 0.344922 0.636111 0.345964 0.631944 0.346484 0.631019 0.347266 0.628241 0.350000 0.623380 0.351302 0.621991 0.353646 0.620139 0.354948 0.619676 0.356250 0.619676 0.356510 0.619213 0.360677 0.619213 0.360938 0.619676 0.362240 0.619676 0.363802 0.620602 0.366146 0.623380 0.366406 0.623380 0.369922 0.629630 0.370182 0.631019 0.371224 0.633333 0.371745 0.635648 0.372526 0.637963 0.373568 0.640278 0.373828 0.641667 0.375130 0.644444 0.375911 0.646759 0.376432 0.649537 0.376432 0.651852 0.376693 0.652315 0.376693 0.654630 0.376953 0.656944 0.375911 0.662963 0.375130 0.665741 0.374219 0.667824 0.373958 0.667824 0.372005 0.671296 0.372005 0.671759 0.370052 0.675231 0.369792 0.675231 0.367448 0.677546 0.366667 0.677546 0.366146 0.678472 0.364844 0.679398
 5 0.345052 0.753009 0.344792 0.752546 0.342187 0.752546 0.339323 0.750231 0.336719 0.746991 0.335026 0.743519 0.333984 0.739352 0.333724 0.735648 0.333203 0.733333 0.333203 0.730556 0.332682 0.728241 0.332682 0.726852 0.332161 0.725463 0.331641 0.721759 0.330859 0.718056 0.330859 0.710648 0.331641 0.707407 0.331641 0.706481 0.332682 0.702778 0.333984 0.699537 0.334896 0.697917 0.336198 0.696528 0.338281 0.693287 0.341146 0.690972 0.344271 0.689583 0.347396 0.689583 0.347656 0.690046 0.349219 0.690046 0.353646 0.693287 0.356380 0.698148 0.356901 0.700926 0.357422 0.702315 0.358203 0.707407 0.359766 0.712500 0.360286 0.714815 0.360807 0.715741 0.362109 0.721759 0.362370 0.724074 0.362370 0.729167 0.362109 0.729630 0.362109 0.732407 0.361849 0.733796 0.361068 0.735648 0.360286 0.738889 0.358984 0.741667 0.358203 0.743981 0.357031 0.746065 0.353385 0.749306 0.352604 0.750231 0.351302 0.750694 0.349219 0.752083 0.347917 0.752083 0.347656 0.752546 0.345313 0.752546 0.345052 0.753009
 5 0.404167 0.717824 0.403385 0.717361 0.401562 0.717361 0.400260 0.716898 0.398438 0.715509 0.395833 0.713194 0.394661 0.711111 0.394141 0.709259 0.393359 0.707870 0.392318 0.704630 0.392057 0.702778 0.392057 0.700463 0.391797 0.700000 0.391797 0.688889 0.391276 0.686111 0.391276 0.683796 0.391016 0.683333 0.391016 0.681019 0.390755 0.680556 0.390755 0.675000 0.391276 0.672685 0.391536 0.670370 0.392839 0.666667 0.392839 0.666204 0.395052 0.662269 0.395313 0.662269 0.396875 0.659954 0.399479 0.658102 0.400521 0.657639 0.402865 0.657639 0.403125 0.657176 0.405469 0.657176 0.405729 0.657639 0.407813 0.657639 0.408073 0.658102 0.409635 0.658565 0.411198 0.659954 0.414193 0.665278 0.415495 0.670833 0.415495 0.673611 0.415755 0.674074 0.415755 0.676389 0.416016 0.678704 0.416536 0.680556 0.418099 0.689352 0.418099 0.694907 0.417839 0.695370 0.417839 0.697685 0.416797 0.702315 0.416016 0.704630 0.415495 0.706944 0.414714 0.708796 0.412500 0.712731 0.410677 0.714583 0.410156 0.714583 0.408073 0.716435 0.405729 0.717361 0.404427 0.717361 0.404167 0.717824
 4 0.391927 0.847454 0.390625 0.847454 0.390365 0.846991 0.388802 0.846991 0.387630 0.845370 0.386849 0.841667 0.386589 0.839352 0.386068 0.837963 0.385547 0.834259 0.384245 0.830093 0.383984 0.826852 0.383464 0.824537 0.383464 0.819444 0.383984 0.817593 0.384245 0.815278 0.384766 0.813426 0.385026 0.811111 0.385937 0.809028 0.386719 0.808102 0.389844 0.805324 0.390625 0.804861 0.392708 0.802546 0.394010 0.802083 0.396354 0.800231 0.397656 0.799769 0.399219 0.799769 0.399479 0.799306 0.400521 0.799769 0.401432 0.801852 0.402474 0.805093 0.402734 0.807870 0.402995 0.808333 0.402995 0.810648 0.403255 0.811111 0.403255 0.813889 0.403516 0.814352 0.403516 0.816667 0.404036 0.818981 0.404036 0.820370 0.404557 0.822222 0.404557 0.825463 0.404818 0.825926 0.404818 0.828241 0.405078 0.828704 0.405078 0.831481 0.405339 0.831944 0.405208 0.835880 0.404167 0.837731 0.402865 0.838194 0.401302 0.839583 0.399479 0.842824 0.397917 0.844213 0.396615 0.844676 0.393229 0.846991 0.391927 0.847454
 4 0.442708 0.812731 0.439323 0.812731 0.438281 0.811343 0.436849 0.808796 0.436068 0.805093 0.436068 0.802315 0.435807 0.800463 0.436068 0.800000 0.436068 0.794444 0.435286 0.790278 0.435286 0.787963 0.435026 0.787500 0.435026 0.783333 0.434766 0.782870 0.434766 0.780556 0.435807 0.776852 0.438281 0.773380 0.439844 0.771991 0.441146 0.771528 0.442969 0.769676 0.444531 0.768750 0.447135 0.766435 0.450781 0.766435 0.451042 0.766898 0.454427 0.766898 0.455078 0.768056 0.455078 0.773148 0.454818 0.775463 0.453776 0.779630 0.453776 0.786574 0.454036 0.788889 0.454818 0.793056 0.454818 0.795833 0.455078 0.796296 0.455078 0.800926 0.453906 0.803009 0.453385 0.803009 0.451042 0.805787 0.450000 0.807639 0.448437 0.808565 0.447656 0.809491 0.446354 0.809954 0.445052 0.810880 0.443750 0.812269 0.442708 0.812731
 4 0.339844 0.882176 0.336979 0.882176 0.336458 0.881713 0.335286 0.879630 0.334766 0.876852 0.333464 0.872685 0.332031 0.870139 0.330729 0.868287 0.329688 0.867361 0.327734 0.864352 0.326693 0.861574 0.326693 0.860648 0.325911 0.857870 0.325911 0.856481 0.325391 0.854630 0.325391 0.853241 0.324870 0.851389 0.325130 0.850000 0.325781 0.848843 0.327604 0.847454 0.328385 0.846528 0.329948 0.845602 0.331771 0.845139 0.332813 0.844213 0.334375 0.843750 0.335156 0.842824 0.336719 0.841898 0.338281 0.841435 0.341667 0.838657 0.343229 0.838194 0.344531 0.837269 0.346615 0.837269 0.348698 0.838657 0.349609 0.840278 0.350391 0.843519 0.352214 0.849074 0.352474 0.852315 0.352734 0.852778 0.352734 0.855093 0.352995 0.857407 0.353776 0.861111 0.353776 0.862500 0.354297 0.863889 0.354297 0.870833 0.353385 0.872454 0.351302 0.874306 0.350781 0.875231 0.349479 0.876157 0.348177 0.877546 0.346875 0.878009 0.346094 0.878935 0.343229 0.880324 0.341667 0.881713 0.340104 0.881713 0.339844 0.882176
 3 0.120313 0.895602 0.118490 0.895139 0.116146 0.892824 0.114844 0.892361 0.111458 0.889120 0.109245 0.885185 0.108203 0.882407 0.107422 0.879167 0.107161 0.877315 0.107161 0.868981 0.107682 0.864815 0.108724 0.861574 0.108724 0.860648 0.110547 0.855093 0.111328 0.853704 0.112630 0.850000 0.116406 0.843287 0.116667 0.843287 0.118490 0.840046 0.120052 0.838657 0.120573 0.837731 0.121875 0.836806 0.122396 0.835880 0.124479 0.834028 0.125000 0.834028 0.126562 0.832176 0.130208 0.830324 0.131250 0.829398 0.132552 0.829398 0.134115 0.828472 0.135677 0.828472 0.135937 0.828935 0.138021 0.828935 0.140104 0.829861 0.141146 0.830787 0.142187 0.830787 0.145052 0.833565 0.147135 0.836806 0.148177 0.837731 0.148958 0.839120 0.150781 0.840972 0.152214 0.843519 0.153255 0.846759 0.153776 0.849074 0.154036 0.851389 0.154036 0.859722 0.153516 0.862500 0.153255 0.865278 0.151432 0.871759 0.150130 0.874537 0.149089 0.877315 0.145313 0.884028 0.144271 0.884954 0.143490 0.886343 0.141406 0.888194 0.139193 0.891204 0.138542 0.892824 0.136979 0.893750 0.133594 0.893750 0.133333 0.893287 0.128385 0.893287 0.128125 0.893750 0.126042 0.893750 0.125781 0.894213 0.124479 0.894213 0.122917 0.895139 0.120573 0.895139 0.120313 0.895602
 4 0.123698 0.978935 0.119010 0.978935 0.117708 0.978472 0.116667 0.977546 0.114844 0.977083 0.113542 0.976157 0.112240 0.974769 0.111719 0.974769 0.108333 0.971528 0.105990 0.969676 0.104688 0.968287 0.104167 0.968287 0.102865 0.966898 0.101172 0.963889 0.099870 0.960648 0.098828 0.956944 0.098568 0.954630 0.098047 0.952315 0.098047 0.950000 0.097786 0.949537 0.097786 0.943519 0.098047 0.943056 0.098047 0.939815 0.098568 0.937963 0.098568 0.936574 0.099349 0.933333 0.099349 0.932407 0.101172 0.925926 0.101953 0.924537 0.102995 0.921296 0.103776 0.919444 0.108594 0.910880 0.108854 0.910880 0.110937 0.907176 0.111979 0.905787 0.113542 0.904398 0.114062 0.903472 0.116667 0.901157 0.118229 0.900231 0.118750 0.899306 0.121875 0.896528 0.124219 0.895602 0.125781 0.894676 0.127604 0.894676 0.127865 0.894213 0.132552 0.894213 0.132812 0.894676 0.135156 0.894676 0.135417 0.895139 0.136719 0.895139 0.138281 0.896065 0.139583 0.897917 0.141146 0.898843 0.143490 0.901157 0.144792 0.902083 0.145313 0.903009 0.147917 0.905324 0.148958 0.906713 0.150130 0.908796 0.152214 0.913889 0.152214 0.914815 0.152995 0.917593 0.153255 0.919444 0.153255 0.923148 0.153516 0.923611 0.153516 0.928704 0.153255 0.929167 0.153255 0.931944 0.152734 0.936111 0.151953 0.939352 0.151693 0.941667 0.151172 0.943981 0.149609 0.947685 0.149349 0.949074 0.147266 0.954167 0.146484 0.956944 0.143750 0.961806 0.142187 0.963657 0.140625 0.966435 0.138542 0.968287 0.135937 0.971065 0.134635 0.971991 0.134115 0.972917 0.132812 0.973843 0.130990 0.975694 0.129427 0.976157 0.128385 0.977083 0.126302 0.977546 0.125000 0.978472 0.123698 0.978935
 3 0.062500 0.863657 0.056771 0.863657 0.053385 0.861806 0.049740 0.858565 0.049219 0.857639 0.047135 0.855787 0.042969 0.852546 0.042448 0.851620 0.040625 0.849769 0.038151 0.845370 0.037109 0.842130 0.036328 0.837037 0.036328 0.828704 0.037109 0.825000 0.037370 0.822222 0.038411 0.818519 0.038932 0.817593 0.039974 0.813889 0.042057 0.809722 0.043099 0.806481 0.044792 0.803472 0.046354 0.801620 0.048958 0.799306 0.049740 0.798843 0.051562 0.796528 0.054948 0.793287 0.056250 0.792824 0.057031 0.791898 0.058333 0.791435 0.059115 0.790509 0.060937 0.789583 0.062240 0.789583 0.063802 0.788657 0.065625 0.788657 0.065885 0.788194 0.069010 0.788194 0.069271 0.787731 0.072135 0.787731 0.074740 0.789120 0.077604 0.791898 0.078125 0.791898 0.082292 0.795602 0.082812 0.795602 0.084375 0.796991 0.087760 0.801157 0.088932 0.803241 0.089714 0.805093 0.090755 0.808796 0.091016 0.812037 0.091536 0.814352 0.091536 0.818056 0.090495 0.825926 0.089974 0.828241 0.088151 0.833333 0.088151 0.833796 0.086328 0.837963 0.085547 0.840278 0.083724 0.843519 0.083724 0.843981 0.082031 0.846991 0.080990 0.848380 0.080208 0.848843 0.078906 0.851157 0.078646 0.851157 0.077344 0.853472 0.075781 0.855324 0.074479 0.856250 0.073177 0.857639 0.069271 0.860417 0.064062 0.863194 0.062760 0.863194 0.062500 0.863657
 6 0.000000 0.826157 0.002083 0.826157 0.002344 0.825694 0.003906 0.825694 0.005208 0.825231 0.006771 0.823380 0.007812 0.822917 0.009115 0.821528 0.010937 0.821065 0.011979 0.820139 0.012760 0.820139 0.014323 0.818750 0.017448 0.817361 0.017708 0.816898 0.020052 0.815509 0.020833 0.815509 0.022135 0.814120 0.024479 0.812731 0.024740 0.812269 0.028646 0.809954 0.029948 0.809491 0.031250 0.809491 0.031510 0.809028 0.033594 0.808565 0.034375 0.807639 0.037500 0.806250 0.040625 0.806250 0.041406 0.806713 0.042057 0.807870 0.041797 0.809722 0.039453 0.813889 0.038932 0.816204 0.037891 0.819444 0.037891 0.820370 0.037109 0.822685 0.036849 0.825000 0.036068 0.828704 0.036068 0.832407 0.035807 0.832870 0.035807 0.838426 0.036068 0.838889 0.036328 0.841667 0.037109 0.844444 0.039193 0.849537 0.040625 0.851620 0.041927 0.853009 0.044010 0.854398 0.045312 0.855787 0.045833 0.855787 0.048698 0.858565 0.049479 0.859028 0.051302 0.861343 0.053125 0.862731 0.056250 0.864120 0.058594 0.864120 0.058854 0.864583 0.061198 0.864583 0.061458 0.864120 0.063542 0.864120 0.063802 0.863657 0.065104 0.863657 0.065365 0.863194 0.067708 0.862731 0.069792 0.861343 0.070312 0.861343 0.071615 0.859954 0.072135 0.859954 0.075260 0.856713 0.076563 0.855787 0.078125 0.853935 0.080729 0.849306 0.081771 0.848380 0.083203 0.845833 0.083203 0.845370 0.084896 0.842361 0.085156 0.842361 0.086328 0.840278 0.087109 0.837500 0.088411 0.834722 0.089453 0.831944 0.090495 0.827778 0.091536 0.822222 0.091797 0.819907 0.091797 0.814352 0.091276 0.812037 0.091276 0.810648 0.090495 0.806944 0.089974 0.806019 0.088932 0.802778 0.087240 0.799769 0.084375 0.796528 0.083854 0.796528 0.081250 0.793750 0.079948 0.792824 0.078646 0.791435 0.076953 0.788889 0.076693 0.787500 0.076953 0.786111 0.077865 0.784491 0.079427 0.783102 0.079948 0.783102 0.081771 0.781250 0.083854 0.780324 0.084635 0.779398 0.087500 0.778009 0.088281 0.777083 0.091927 0.775231 0.092969 0.775231 0.095833 0.773843 0.097135 0.772917 0.102344 0.769676 0.104167 0.769213 0.105208 0.768287 0.105990 0.768287 0.108073 0.766435 0.109635 0.765509 0.111719 0.765046 0.112500 0.764120 0.113802 0.763657 0.114583 0.762731 0.115625 0.762269 0.119531 0.759954 0.120313 0.759954 0.123698 0.757639 0.124479 0.757639 0.125521 0.756713 0.128125 0.755324 0.128906 0.755324 0.129948 0.754398 0.131771 0.753935 0.133073 0.753009 0.133854 0.753009 0.135677 0.751620 0.139323 0.749769 0.140365 0.748843 0.141146 0.748843 0.142187 0.747917 0.143490 0.747454 0.147396 0.744676 0.148177 0.744676 0.150000 0.743287 0.152083 0.742361 0.152344 0.741898 0.158073 0.738657 0.158854 0.738657 0.160677 0.737731 0.163021 0.735417 0.164844 0.734491 0.170573 0.734491 0.172135 0.735880 0.173568 0.738426 0.173568 0.738889 0.176042 0.743287 0.176302 0.743287 0.177604 0.745602 0.179427 0.747454 0.180990 0.748380 0.182812 0.750231 0.183464 0.751852 0.185677 0.755787 0.186979 0.757176 0.188411 0.759722 0.188411 0.760185 0.191016 0.764815 0.191797 0.767130 0.196224 0.775000 0.196224 0.775463 0.202344 0.786343 0.202604 0.786343 0.204948 0.790509 0.205990 0.791435 0.207422 0.793981 0.208073 0.795602 0.210417 0.798380 0.214062 0.804861 0.216146 0.807176 0.221094 0.815972 0.221354 0.815972 0.225130 0.822685 0.225911 0.824537 0.226953 0.828704 0.226953 0.831019 0.227214 0.831481 0.227214 0.838889 0.227474 0.839352 0.227474 0.843519 0.227734 0.843981 0.227734 0.847685 0.227995 0.848148 0.227995 0.852315 0.228255 0.852778 0.228255 0.856944 0.228516 0.857407 0.228516 0.861574 0.228776 0.862037 0.228776 0.866204 0.229036 0.866667 0.229036 0.874074 0.229297 0.874537 0.229297 0.881481 0.229557 0.881944 0.229557 0.887963 0.229818 0.888426 0.229818 0.894907 0.230078 0.895370 0.230078 0.900926 0.230339 0.901389 0.230339 0.906019 0.230599 0.906481 0.230599 0.910185 0.230859 0.910648 0.230859 0.914352 0.231120 0.914815 0.231120 0.918056 0.231380 0.918519 0.231380 0.922685 0.231641 0.923148 0.231641 0.928241 0.231901 0.928704 0.231901 0.935185 0.232161 0.935648 0.232161 0.938426 0.232422 0.938889 0.232422 0.942130 0.232682 0.942593 0.232682 0.944907 0.232943 0.945370 0.232943 0.953704 0.232422 0.955556 0.231120 0.958333 0.230599 0.960648 0.229557 0.962963 0.229297 0.964352 0.228255 0.966667 0.227995 0.968519 0.226172 0.974537 0.225130 0.981019 0.225130 0.983796 0.224870 0.984259 0.224870 0.989352 0.224609 0.989815 0.224609 0.992593 0.224349 0.993056 0.224349 0.995370 0.223698 0.996528 0.222396 0.997454 0.220052 0.997454 0.219792 0.997917 0.209635 0.997917 0.209375 0.998380 0.201823 0.998380 0.201563 0.997917 0.147656 0.997917 0.147396 0.998380 0.108073 0.998380 0.107813 0.997917 0.100781 0.997917 0.100521 0.998380 0.091927 0.998380 0.091667 0.997917 0.089583 0.997917 0.089323 0.997454 0.084896 0.997454 0.084635 0.997917 0.059115 0.997917 0.058854 0.997454 0.055469 0.997454 0.053906 0.998380 0.044010 0.998380 0.043750 0.997917 0.031510 0.997917 0.031250 0.998380 0.026823 0.998380 0.026562 0.997917 0.023177 0.997917 0.022917 0.998380 0.010677 0.998380 0.010417 0.997917 0.009115 0.997917 0.008854 0.998380 0.000000 0.998380
 6 0.121224 0.979167 0.121354 0.978935 0.125521 0.978935 0.125781 0.978472 0.127344 0.978472 0.132812 0.974769 0.134115 0.973380 0.134635 0.973380 0.135937 0.971991 0.136458 0.971991 0.138802 0.969676 0.139323 0.969676 0.141667 0.967361 0.142969 0.965509 0.145182 0.961574 0.145182 0.961111 0.146484 0.958796 0.146484 0.958333 0.148047 0.955093 0.150130 0.950000 0.151693 0.943981 0.151953 0.941667 0.152474 0.940278 0.153516 0.932870 0.153516 0.930093 0.153776 0.929630 0.153776 0.923148 0.153516 0.922685 0.153516 0.919907 0.152995 0.916204 0.151953 0.912037 0.151172 0.910648 0.150651 0.908796 0.149219 0.906250 0.147656 0.904861 0.146354 0.903009 0.145573 0.902546 0.144010 0.900694 0.141797 0.896759 0.141797 0.896296 0.140495 0.893981 0.140234 0.893056 0.140495 0.891667 0.141146 0.890509 0.142708 0.889120 0.144271 0.886343 0.144531 0.886343 0.148828 0.878704 0.148828 0.878241 0.151693 0.871759 0.153255 0.866204 0.153776 0.862963 0.153776 0.860648 0.154036 0.860185 0.154036 0.850000 0.153516 0.847222 0.152474 0.843981 0.149219 0.838194 0.148177 0.836806 0.146354 0.834954 0.144271 0.832176 0.141146 0.829861 0.139323 0.828009 0.138542 0.827546 0.133854 0.827546 0.133594 0.828009 0.132292 0.828009 0.132031 0.828472 0.128646 0.829398 0.125260 0.832176 0.123958 0.834028 0.122656 0.834954 0.122135 0.835880 0.120052 0.837731 0.117188 0.841898 0.116927 0.841898 0.112630 0.849537 0.111589 0.851852 0.109245 0.857870 0.107422 0.864815 0.107422 0.866204 0.106641 0.869907 0.106641 0.874074 0.106901 0.874537 0.106901 0.877315 0.107161 0.879167 0.109245 0.886111 0.110547 0.888426 0.111198 0.890046 0.111979 0.890972 0.113802 0.892361 0.114583 0.893287 0.117318 0.898148 0.116146 0.900231 0.115365 0.900694 0.113802 0.902546 0.113021 0.903935 0.110937 0.906250 0.108854 0.909954 0.108594 0.909954 0.104818 0.916667 0.104818 0.917130 0.103516 0.919444 0.102734 0.921296 0.101693 0.924537 0.101172 0.925463 0.100130 0.929630 0.099609 0.930556 0.098568 0.934259 0.098307 0.936574 0.097526 0.939815 0.097526 0.950000 0.097786 0.950463 0.097786 0.953241 0.098568 0.957870 0.100130 0.962963 0.102083 0.966435 0.103125 0.967824 0.104427 0.968750 0.107031 0.971065 0.108333 0.972454 0.110937 0.974769 0.114062 0.976620 0.115625 0.978009 0.117708 0.978935 0.119010 0.978935 0.119271 0.979398 0.121224 0.979167
 6 0.000000 0.898843 0.002344 0.898843 0.003906 0.899769 0.007812 0.899769 0.008073 0.899306 0.009375 0.899306 0.010417 0.898843 0.012240 0.897454 0.015104 0.896528 0.016667 0.895602 0.018229 0.894213 0.020052 0.891435 0.022135 0.889120 0.023438 0.886806 0.023698 0.886806 0.025781 0.883102 0.026042 0.883102 0.027734 0.880093 0.029297 0.876389 0.029818 0.874537 0.031641 0.870370 0.033464 0.863889 0.034505 0.858333 0.034505 0.853241 0.034245 0.852778 0.034245 0.850000 0.033984 0.848611 0.032161 0.843981 0.032161 0.843519 0.030469 0.840509 0.029167 0.839583 0.028646 0.838657 0.026823 0.837269 0.025521 0.835880 0.024219 0.834954 0.022135 0.832176 0.021094 0.831250 0.019792 0.830787 0.017708 0.829398 0.011719 0.829398 0.011458 0.829861 0.009896 0.829861 0.008594 0.830787 0.007292 0.830787 0.004948 0.831713 0.001563 0.834491 0.000000 0.834491
