 4 0.280208 0.302546 0.270833 0.302546 0.270573 0.302083 0.267448 0.302083 0.266406 0.301620 0.264844 0.300231 0.263802 0.299769 0.261979 0.298380 0.260937 0.296991 0.259505 0.294444 0.257682 0.287963 0.256901 0.285648 0.255599 0.282870 0.254818 0.279630 0.254557 0.277778 0.252474 0.265741 0.252474 0.263889 0.251953 0.261111 0.251953 0.257870 0.251693 0.257407 0.251693 0.247222 0.252214 0.244444 0.252995 0.243056 0.253776 0.240278 0.255469 0.237269 0.256771 0.236343 0.258073 0.235880 0.258854 0.234954 0.260937 0.234491 0.262240 0.233565 0.263021 0.233565 0.264323 0.232639 0.265104 0.232639 0.266406 0.231713 0.267708 0.231250 0.269792 0.231250 0.270052 0.230787 0.274740 0.230787 0.275000 0.231250 0.276562 0.231250 0.278385 0.232639 0.279818 0.235648 0.279818 0.236111 0.282422 0.240741 0.283594 0.241898 0.286198 0.241898 0.286458 0.242361 0.287500 0.241435 0.288281 0.240046 0.290365 0.238194 0.291406 0.237731 0.293229 0.237731 0.293490 0.237269 0.295052 0.237269 0.295312 0.236806 0.296615 0.236806 0.296875 0.236343 0.298698 0.236343 0.298958 0.235880 0.300260 0.235880 0.300521 0.235417 0.302865 0.234954 0.303125 0.234491 0.304427 0.234491 0.306771 0.233565 0.308594 0.232176 0.309635 0.231713 0.311458 0.231713 0.313542 0.233102 0.315365 0.233102 0.316667 0.232639 0.317969 0.231713 0.318750 0.231713 0.319792 0.230787 0.320573 0.230787 0.321615 0.229861 0.323437 0.229398 0.324740 0.228472 0.326042 0.228009 0.327344 0.228009 0.327604 0.227546 0.329427 0.227083 0.330729 0.226157 0.332031 0.225694 0.333333 0.225694 0.334635 0.225231 0.335938 0.224306 0.337760 0.224306 0.338021 0.223843 0.339323 0.223843 0.339583 0.223380 0.341146 0.223380 0.341406 0.222917 0.344010 0.222917 0.345313 0.221991 0.346354 0.221991 0.347917 0.223380 0.350000 0.224306 0.351172 0.226389 0.351172 0.226852 0.352604 0.228935 0.354167 0.228935 0.354948 0.228472 0.356771 0.226620 0.358594 0.228472 0.359896 0.228472 0.360156 0.228935 0.361719 0.228935 0.361979 0.228472 0.364323 0.228472 0.364583 0.228009 0.367188 0.228009 0.367448 0.227546 0.369271 0.227546 0.370833 0.226620 0.372135 0.226620 0.373958 0.225694 0.375130 0.224537 0.372396 0.221991 0.371094 0.221528 0.369792 0.221528 0.369531 0.221065 0.368229 0.221065 0.365365 0.219676 0.358854 0.219676 0.356771 0.221528 0.356380 0.219907 0.357292 0.218750 0.359375 0.218750 0.361458 0.217361 0.365365 0.217361 0.365625 0.216898 0.367969 0.216435 0.368229 0.215972 0.370312 0.215972 0.370573 0.215509 0.372917 0.215509 0.376302 0.212269 0.377604 0.212269 0.379948 0.214120 0.381250 0.214120 0.381771 0.213194 0.383594 0.211806 0.384896 0.211343 0.387500 0.211343 0.387760 0.210880 0.389062 0.210880 0.389323 0.210417 0.390625 0.210417 0.390885 0.209954 0.392708 0.209954 0.392969 0.209491 0.394531 0.209491 0.394792 0.209028 0.401823 0.209028 0.402083 0.208565 0.404427 0.208565 0.404687 0.209028 0.406250 0.209028 0.406510 0.209491 0.408594 0.209491 0.408854 0.209954 0.413281 0.209954 0.413542 0.210417 0.415104 0.210417 0.415365 0.210880 0.416667 0.210880 0.416927 0.210417 0.420833 0.210417 0.423958 0.213657 0.428125 0.213657 0.430469 0.215046 0.432031 0.216435 0.433073 0.216435 0.434635 0.217824 0.435156 0.217824 0.436719 0.219676 0.437240 0.219676 0.438802 0.221528 0.440755 0.224537 0.440755 0.226389 0.439323 0.228009 0.438542 0.229398 0.436719 0.231250 0.435547 0.233333 0.435547 0.238426 0.434635 0.240046 0.432552 0.240509 0.428646 0.243287 0.427083 0.245602 0.426563 0.245602 0.425260 0.246991 0.423438 0.247917 0.420312 0.247917 0.420052 0.248380 0.418750 0.248380 0.417708 0.248843 0.415885 0.250231 0.413932 0.254167 0.413411 0.256019 0.413151 0.260185 0.412630 0.262037 0.411719 0.263194 0.405208 0.263194 0.404948 0.263657 0.398438 0.263657 0.398177 0.264120 0.396354 0.264120 0.396094 0.264583 0.394792 0.264583 0.394531 0.265046 0.392708 0.265046 0.391406 0.265972 0.390625 0.265972 0.389583 0.266898 0.383854 0.266898 0.382292 0.267824 0.380729 0.267824 0.380469 0.268287 0.378906 0.268287 0.378646 0.268750 0.376563 0.268750 0.376302 0.269213 0.375000 0.269213 0.373437 0.270139 0.370833 0.270139 0.370573 0.270602 0.369271 0.270602 0.368490 0.271065 0.366927 0.272917 0.366146 0.274306 0.364583 0.275694 0.363021 0.274769 0.360677 0.274769 0.359635 0.275694 0.358073 0.275694 0.357812 0.276157 0.353906 0.276157 0.353646 0.276620 0.351823 0.276620 0.351562 0.277083 0.350000 0.277083 0.349740 0.277546 0.347917 0.277546 0.345052 0.279398 0.343750 0.279861 0.338802 0.279861 0.338542 0.279398 0.337240 0.279398 0.336979 0.279861 0.334896 0.279861 0.334635 0.280324 0.329688 0.280324 0.328385 0.281250 0.327604 0.281250 0.326562 0.282176 0.325000 0.282176 0.324740 0.282639 0.322135 0.282639 0.320833 0.283565 0.319531 0.284028 0.318229 0.284028 0.317969 0.284491 0.315625 0.284491 0.315365 0.284954 0.313281 0.284954 0.313021 0.285417 0.305729 0.285417 0.302083 0.287731 0.300781 0.287731 0.296875 0.289120 0.294531 0.290509 0.292448 0.290509 0.292187 0.290046 0.290625 0.290509 0.288932 0.293519 0.288151 0.296759 0.287630 0.298148 0.286198 0.300231 0.283854 0.301620 0.282552 0.301620 0.282292 0.302083 0.280469 0.302083 0.280208 0.302546
 3 0.350000 0.220602 0.347656 0.220602 0.347396 0.220139 0.346094 0.220139 0.344922 0.218056 0.344141 0.213889 0.343359 0.211111 0.343099 0.208796 0.343099 0.206481 0.342839 0.206019 0.342839 0.203704 0.343099 0.203241 0.343620 0.199537 0.344401 0.196759 0.345443 0.194444 0.350260 0.185880 0.351042 0.185417 0.352083 0.184028 0.354948 0.182176 0.355729 0.182176 0.357292 0.180787 0.358594 0.180324 0.359896 0.180324 0.360156 0.179861 0.366146 0.179861 0.366406 0.180324 0.367708 0.180324 0.368750 0.180787 0.372135 0.184028 0.373828 0.187037 0.375651 0.191667 0.376953 0.195833 0.377474 0.198148 0.377474 0.199537 0.378255 0.202778 0.379036 0.205093 0.379036 0.210185 0.378385 0.211343 0.376042 0.212731 0.372396 0.213657 0.372135 0.214120 0.370833 0.214120 0.369271 0.215046 0.367969 0.215046 0.367708 0.215509 0.366406 0.215509 0.366146 0.215972 0.364583 0.215972 0.364323 0.216435 0.362760 0.216435 0.362500 0.216898 0.360677 0.216898 0.360417 0.217361 0.359115 0.217361 0.358854 0.217824 0.357292 0.217824 0.357031 0.218287 0.355208 0.218287 0.354948 0.218750 0.353385 0.218750 0.353125 0.219213 0.351302 0.219676 0.350000 0.220602
 4 0.550000 0.478472 0.548177 0.478472 0.547917 0.478009 0.546615 0.478009 0.544271 0.477083 0.543229 0.476157 0.541667 0.476157 0.540365 0.475231 0.539844 0.474306 0.538021 0.472917 0.536458 0.471065 0.535677 0.469676 0.533854 0.467824 0.532813 0.466435 0.531380 0.463889 0.530339 0.461574 0.527995 0.454167 0.526693 0.449074 0.526432 0.447222 0.526432 0.444444 0.526172 0.443981 0.526172 0.441204 0.525911 0.440741 0.525911 0.436574 0.525651 0.436111 0.525651 0.432407 0.525391 0.431944 0.525391 0.429167 0.525130 0.428704 0.525130 0.424074 0.524870 0.423611 0.524870 0.418519 0.525130 0.418056 0.525130 0.415278 0.525391 0.414815 0.525391 0.412500 0.526172 0.408796 0.526172 0.407407 0.527474 0.403704 0.527734 0.402315 0.528516 0.400926 0.529297 0.398611 0.529818 0.395370 0.531510 0.392361 0.534896 0.389120 0.537240 0.385880 0.540625 0.383102 0.543490 0.381713 0.544531 0.380787 0.546615 0.380324 0.548177 0.379398 0.554948 0.379398 0.557813 0.380787 0.559635 0.382639 0.562500 0.383565 0.564583 0.385417 0.565104 0.386343 0.566667 0.387731 0.567708 0.389120 0.569141 0.392593 0.570703 0.395370 0.572786 0.400463 0.573828 0.404167 0.574089 0.406481 0.574609 0.408333 0.574870 0.411574 0.575130 0.412037 0.575130 0.415278 0.575391 0.415741 0.575391 0.420370 0.575651 0.420833 0.575651 0.429630 0.575911 0.430093 0.575911 0.441667 0.575651 0.442130 0.575391 0.446296 0.574870 0.448148 0.574870 0.449537 0.573568 0.454630 0.573047 0.455556 0.572266 0.458333 0.571224 0.460648 0.569401 0.463889 0.569401 0.464352 0.567969 0.466898 0.566667 0.468287 0.565365 0.470139 0.564583 0.470602 0.563281 0.472454 0.562500 0.472917 0.559115 0.475694 0.556771 0.476157 0.555729 0.477083 0.554427 0.477546 0.553125 0.477546 0.552865 0.478009 0.550260 0.478009 0.550000 0.478472
 3 0.639062 0.566898 0.623177 0.566898 0.620833 0.562731 0.619010 0.561343 0.616927 0.561343 0.616667 0.560880 0.613802 0.560880 0.613542 0.560417 0.611458 0.560417 0.611198 0.559954 0.609635 0.559954 0.609375 0.559491 0.608073 0.559491 0.606771 0.558565 0.605339 0.556019 0.605339 0.555556 0.603776 0.552315 0.601693 0.544907 0.601432 0.542130 0.601172 0.541667 0.600911 0.538426 0.600651 0.537963 0.600651 0.525926 0.600911 0.525463 0.600911 0.519907 0.601172 0.519444 0.601172 0.515741 0.601432 0.515278 0.601432 0.512963 0.601693 0.512500 0.601693 0.510185 0.602214 0.508333 0.602214 0.506944 0.602734 0.504167 0.604818 0.498611 0.605078 0.497222 0.610156 0.488194 0.612240 0.486343 0.613802 0.485417 0.615625 0.483565 0.619271 0.481250 0.620573 0.481250 0.620833 0.480787 0.622917 0.480787 0.623177 0.480324 0.630208 0.480324 0.632031 0.481250 0.632812 0.482176 0.634375 0.482639 0.635417 0.483565 0.637240 0.484028 0.639323 0.485417 0.641146 0.487731 0.641927 0.488194 0.642969 0.489583 0.644531 0.492361 0.645833 0.493750 0.647266 0.496296 0.648307 0.498611 0.649089 0.500926 0.649870 0.502315 0.650911 0.506944 0.651693 0.509722 0.651953 0.512037 0.651953 0.514352 0.652214 0.514815 0.652214 0.517130 0.652474 0.517593 0.652474 0.525926 0.652214 0.526389 0.652214 0.529630 0.651953 0.530093 0.651953 0.532407 0.651432 0.534722 0.651432 0.536574 0.650911 0.538889 0.650911 0.540278 0.650391 0.542130 0.650130 0.544444 0.649089 0.548148 0.649089 0.549074 0.647526 0.553704 0.647266 0.555093 0.646224 0.557870 0.645052 0.559954 0.644792 0.559954 0.641927 0.564120 0.641406 0.564120 0.639062 0.566898
 4 0.636198 0.682176 0.631510 0.682176 0.631250 0.681713 0.629687 0.681713 0.629427 0.681250 0.628125 0.681250 0.626823 0.680324 0.625000 0.679861 0.623958 0.678935 0.622656 0.678472 0.620573 0.676620 0.619271 0.676157 0.618750 0.675231 0.616406 0.672454 0.615365 0.671528 0.613281 0.668287 0.613021 0.668287 0.608984 0.661111 0.608984 0.660648 0.607682 0.658333 0.606901 0.656481 0.605859 0.653241 0.604036 0.648611 0.603516 0.644907 0.602734 0.641667 0.602734 0.640278 0.601953 0.636111 0.601953 0.633796 0.601693 0.633333 0.601693 0.621759 0.602214 0.618981 0.602214 0.617130 0.602734 0.614815 0.602734 0.612500 0.603255 0.609722 0.603255 0.607407 0.603516 0.606944 0.604036 0.601389 0.605339 0.596759 0.605599 0.595370 0.606641 0.593056 0.607161 0.590741 0.608203 0.587500 0.608984 0.585648 0.610286 0.583333 0.610286 0.582870 0.611979 0.580324 0.612760 0.579861 0.614844 0.577083 0.616406 0.576157 0.618229 0.574306 0.619271 0.573843 0.621615 0.570602 0.622917 0.569676 0.627865 0.569676 0.628125 0.569213 0.629948 0.569213 0.630208 0.568750 0.632812 0.568750 0.633073 0.569213 0.637240 0.569213 0.637500 0.569676 0.638802 0.569676 0.640885 0.571065 0.641927 0.571065 0.643490 0.572454 0.645573 0.573380 0.647917 0.575694 0.648438 0.576620 0.649740 0.577546 0.652344 0.580324 0.653646 0.582639 0.653906 0.582639 0.657682 0.589352 0.657682 0.589815 0.659245 0.592593 0.660026 0.594907 0.662370 0.603241 0.662891 0.605556 0.663151 0.607870 0.663672 0.609722 0.663932 0.612963 0.664193 0.613426 0.664193 0.616204 0.664453 0.616667 0.664453 0.629630 0.663932 0.632407 0.663672 0.635648 0.663151 0.637500 0.663151 0.638889 0.661849 0.644444 0.661068 0.649537 0.660286 0.651852 0.659245 0.656019 0.658724 0.656944 0.658203 0.659259 0.657682 0.660185 0.657161 0.662500 0.655859 0.664815 0.655859 0.665278 0.652604 0.671065 0.651563 0.671991 0.650781 0.673380 0.649219 0.674769 0.646615 0.677546 0.644271 0.678935 0.642448 0.680324 0.640365 0.680787 0.640104 0.681250 0.638802 0.681250 0.638542 0.681713 0.636458 0.681713 0.636198 0.682176
 3 0.486458 0.485417 0.478646 0.485417 0.478385 0.484954 0.477083 0.484954 0.476823 0.484491 0.475521 0.484491 0.474479 0.484028 0.471875 0.481250 0.470833 0.479861 0.467318 0.473611 0.466276 0.470833 0.465755 0.468056 0.464193 0.462963 0.463672 0.460648 0.463411 0.458333 0.462891 0.456944 0.461849 0.452315 0.461849 0.450926 0.461068 0.447685 0.460807 0.445370 0.460807 0.442130 0.460547 0.441667 0.460807 0.439352 0.460807 0.435648 0.461068 0.435185 0.461589 0.430556 0.462109 0.428241 0.463672 0.423611 0.464453 0.422222 0.465755 0.418519 0.467187 0.415972 0.467448 0.415972 0.468750 0.413657 0.470052 0.412269 0.471354 0.410417 0.472135 0.409954 0.473438 0.408102 0.474479 0.407176 0.475781 0.406713 0.478385 0.404861 0.479687 0.404398 0.481250 0.404398 0.481510 0.403935 0.484375 0.403935 0.484635 0.403472 0.486979 0.403472 0.487240 0.403935 0.488802 0.403935 0.490104 0.404398 0.491667 0.405787 0.495573 0.408565 0.496875 0.409954 0.498958 0.412731 0.501172 0.416667 0.502995 0.423148 0.503516 0.424537 0.504297 0.428704 0.504557 0.431944 0.505078 0.433796 0.505339 0.437037 0.505859 0.438889 0.505859 0.440278 0.506380 0.442130 0.506380 0.444444 0.506641 0.444907 0.506641 0.455556 0.506380 0.456019 0.505599 0.462500 0.504557 0.465741 0.503776 0.467593 0.499219 0.475694 0.497917 0.477546 0.496354 0.478935 0.494531 0.481250 0.492188 0.483102 0.490885 0.483565 0.489844 0.484491 0.488542 0.484491 0.488281 0.484954 0.486719 0.484954 0.486458 0.485417
 3 0.417187 0.490046 0.415885 0.489583 0.414583 0.489583 0.413542 0.488657 0.411979 0.488194 0.410417 0.486806 0.409896 0.485880 0.408594 0.484954 0.405469 0.481250 0.403776 0.478241 0.402734 0.475463 0.402214 0.473148 0.398307 0.461574 0.397005 0.457407 0.396484 0.455093 0.396484 0.452778 0.396224 0.452315 0.396224 0.449537 0.395964 0.449074 0.395964 0.445370 0.396224 0.444907 0.396224 0.440741 0.396484 0.440278 0.396745 0.437037 0.397526 0.432870 0.398568 0.430556 0.399609 0.426852 0.400911 0.424074 0.400911 0.423611 0.404167 0.417824 0.405729 0.416435 0.406250 0.415509 0.407552 0.414583 0.411198 0.411343 0.413802 0.409491 0.415104 0.409028 0.416406 0.409028 0.416667 0.408565 0.422135 0.408565 0.422396 0.409028 0.424219 0.409028 0.427344 0.410417 0.428906 0.411806 0.429427 0.411806 0.432031 0.414583 0.434505 0.418981 0.435286 0.421296 0.436068 0.422685 0.436328 0.424074 0.437370 0.426389 0.438672 0.431481 0.439193 0.432407 0.440495 0.437500 0.441016 0.438426 0.441797 0.441667 0.442578 0.448148 0.442839 0.448611 0.442839 0.454630 0.442578 0.455093 0.442578 0.457407 0.441536 0.462963 0.439193 0.470370 0.438151 0.472685 0.436849 0.475000 0.436849 0.475463 0.435677 0.477546 0.434375 0.478935 0.432031 0.482639 0.429427 0.484954 0.428906 0.484954 0.427604 0.486343 0.425521 0.487269 0.424479 0.488194 0.422396 0.488657 0.422135 0.489120 0.420833 0.489120 0.420573 0.489583 0.417448 0.489583 0.417187 0.490046
 4 0.367188 0.701620 0.364323 0.701620 0.362240 0.700231 0.361458 0.700231 0.359375 0.697917 0.359115 0.697917 0.357682 0.695370 0.356641 0.691667 0.356120 0.687037 0.355599 0.685185 0.355599 0.683796 0.355078 0.681944 0.354818 0.679630 0.353776 0.676389 0.353776 0.675463 0.352474 0.668981 0.352214 0.665278 0.351693 0.662500 0.351693 0.654630 0.351432 0.654167 0.351432 0.639352 0.351693 0.638889 0.351693 0.635185 0.351953 0.634722 0.351953 0.631481 0.352214 0.631019 0.352214 0.628241 0.352474 0.627778 0.352474 0.625463 0.352734 0.623148 0.353776 0.618981 0.355078 0.616667 0.355599 0.614815 0.356771 0.612731 0.358854 0.610880 0.360938 0.608102 0.362500 0.607639 0.364323 0.606250 0.367969 0.604861 0.369531 0.603472 0.372135 0.603472 0.373437 0.603009 0.376042 0.601157 0.380208 0.599769 0.380469 0.599306 0.382292 0.599769 0.384375 0.601157 0.386719 0.605324 0.388021 0.607176 0.388802 0.607639 0.389844 0.607176 0.392969 0.607176 0.394531 0.606250 0.396094 0.606250 0.397656 0.605324 0.398958 0.605324 0.399219 0.604861 0.400521 0.604861 0.402083 0.603935 0.403385 0.603935 0.404948 0.603009 0.406250 0.603009 0.407813 0.602083 0.409635 0.602083 0.409896 0.601620 0.411458 0.601620 0.413542 0.600694 0.415365 0.599306 0.416667 0.598843 0.418490 0.598843 0.419792 0.597917 0.421094 0.597454 0.423177 0.596065 0.424740 0.596065 0.425000 0.595602 0.427344 0.595602 0.427604 0.595139 0.429948 0.594676 0.430208 0.594213 0.431510 0.594213 0.431771 0.593750 0.434115 0.593750 0.434375 0.593287 0.435937 0.593287 0.436198 0.592824 0.437500 0.592824 0.437760 0.592361 0.439323 0.592361 0.442188 0.590972 0.445833 0.590972 0.446094 0.591435 0.447656 0.590972 0.448437 0.589583 0.450260 0.587731 0.452344 0.586806 0.453125 0.585880 0.454688 0.585417 0.455990 0.584491 0.457292 0.584491 0.458854 0.583565 0.460156 0.583565 0.460417 0.583102 0.461719 0.583102 0.461979 0.582639 0.463281 0.582639 0.463542 0.582176 0.465104 0.582176 0.465365 0.581713 0.466667 0.581713 0.469010 0.580787 0.471094 0.579398 0.472396 0.579398 0.472656 0.578935 0.474219 0.578935 0.475781 0.578009 0.477083 0.578009 0.477344 0.577546 0.479427 0.577546 0.479687 0.577083 0.481771 0.577083 0.482031 0.576620 0.484635 0.575694 0.486198 0.575694 0.486458 0.575231 0.490365 0.575231 0.490625 0.574769 0.491927 0.574769 0.493490 0.573843 0.494792 0.573843 0.495052 0.573380 0.496615 0.573380 0.497917 0.572917 0.499479 0.571528 0.502865 0.570139 0.504427 0.570139 0.504687 0.569676 0.506510 0.569676 0.506771 0.569213 0.508333 0.569213 0.508594 0.568750 0.510156 0.568750 0.510417 0.568287 0.511979 0.568287 0.512240 0.567824 0.513542 0.567824 0.513802 0.567361 0.518229 0.565509 0.519271 0.565509 0.520833 0.564583 0.522396 0.564583 0.522656 0.564120 0.523958 0.564120 0.524219 0.563657 0.525521 0.563657 0.525781 0.563194 0.527344 0.563194 0.527604 0.562731 0.528906 0.562731 0.529167 0.562269 0.530469 0.562269 0.531771 0.561806 0.532813 0.560880 0.534115 0.560880 0.534375 0.560417 0.536979 0.560417 0.538281 0.559954 0.539583 0.559028 0.540885 0.558565 0.542448 0.558565 0.542708 0.558102 0.544531 0.558102 0.546094 0.557176 0.547396 0.557176 0.547656 0.556713 0.550000 0.556713 0.550260 0.557176 0.551562 0.557176 0.551823 0.557639 0.555208 0.557639 0.555469 0.557176 0.559375 0.557176 0.559635 0.556713 0.566146 0.556713 0.566406 0.557176 0.570312 0.557176 0.570573 0.557639 0.578385 0.557639 0.578646 0.557176 0.580990 0.557176 0.581250 0.557639 0.585938 0.557639 0.586198 0.558102 0.589063 0.558102 0.589323 0.558565 0.590885 0.558565 0.591146 0.559028 0.594792 0.559028 0.595052 0.559491 0.597135 0.559491 0.597396 0.559954 0.599219 0.559954 0.599479 0.560417 0.601823 0.560417 0.602083 0.560880 0.604427 0.560880 0.604688 0.561343 0.606510 0.561343 0.606771 0.561806 0.608073 0.561806 0.608333 0.562269 0.609635 0.562269 0.609896 0.562731 0.612760 0.562731 0.613021 0.563194 0.615104 0.563194 0.616406 0.564120 0.617578 0.566204 0.617318 0.570370 0.616536 0.573148 0.615885 0.573843 0.614583 0.576157 0.612500 0.578472 0.611719 0.579861 0.610938 0.580324 0.608203 0.585185 0.607161 0.588426 0.605599 0.593981 0.604427 0.596065 0.601823 0.598380 0.598698 0.601620 0.596615 0.602546 0.595573 0.603472 0.594271 0.603935 0.592187 0.606250 0.591667 0.607176 0.590625 0.607639 0.589844 0.608565 0.589063 0.608565 0.588021 0.609491 0.587240 0.609491 0.585938 0.610417 0.584635 0.611806 0.584115 0.611806 0.580469 0.615046 0.579167 0.615972 0.575000 0.619676 0.574479 0.619676 0.571354 0.622454 0.570052 0.622454 0.569010 0.622917 0.565365 0.626157 0.564063 0.626157 0.563802 0.626620 0.559896 0.626620 0.558333 0.627546 0.557031 0.627546 0.555729 0.628009 0.552604 0.629861 0.551562 0.630787 0.550260 0.630787 0.550000 0.631250 0.548698 0.631250 0.547656 0.631713 0.545833 0.633102 0.544531 0.634491 0.540885 0.634491 0.540625 0.634954 0.538802 0.634954 0.538542 0.635417 0.536458 0.635417 0.536198 0.635880 0.534635 0.635880 0.534375 0.636343 0.532813 0.636343 0.528646 0.638194 0.525781 0.638194 0.525521 0.638657 0.524219 0.638657 0.522917 0.639120 0.521615 0.640046 0.519271 0.640509 0.516927 0.641898 0.515885 0.641898 0.513542 0.643287 0.511719 0.643287 0.511458 0.643750 0.509635 0.643750 0.508333 0.644213 0.507031 0.645139 0.505990 0.645139 0.504427 0.646065 0.503125 0.646065 0.501563 0.646991 0.500260 0.646991 0.498698 0.647917 0.497396 0.647917 0.497135 0.648380 0.494792 0.648380 0.494531 0.648843 0.492969 0.648843 0.492708 0.649306 0.490365 0.649769 0.489063 0.650694 0.487760 0.651157 0.486458 0.651157 0.486198 0.651620 0.483854 0.651620 0.483594 0.652083 0.482031 0.652083 0.480729 0.653009 0.479427 0.653472 0.476823 0.653472 0.476562 0.653935 0.474479 0.653935 0.474219 0.654398 0.472135 0.654398 0.471875 0.654861 0.470573 0.654861 0.469010 0.656250 0.468490 0.656250 0.466667 0.657639 0.464844 0.658102 0.464583 0.658565 0.463281 0.658565 0.461979 0.659028 0.460156 0.660417 0.458073 0.660880 0.457813 0.661343 0.456510 0.661343 0.456250 0.661806 0.454948 0.661806 0.454688 0.662269 0.452604 0.663194 0.451562 0.663194 0.450260 0.664120 0.448958 0.664120 0.447396 0.665046 0.446094 0.665046 0.444531 0.665972 0.443229 0.665972 0.441667 0.666898 0.440365 0.666898 0.440104 0.667361 0.438802 0.667361 0.434115 0.669213 0.433854 0.669676 0.432552 0.669676 0.427083 0.671991 0.425521 0.671991 0.425260 0.672454 0.423698 0.672454 0.422135 0.673380 0.421094 0.673380 0.419531 0.674306 0.417708 0.674306 0.417448 0.674769 0.415885 0.674769 0.414583 0.675231 0.413542 0.676157 0.411719 0.676620 0.409635 0.678009 0.408333 0.678472 0.407031 0.678472 0.406771 0.678935 0.405469 0.678935 0.403906 0.679861 0.402604 0.679861 0.401042 0.680787 0.399219 0.680787 0.398958 0.681250 0.397135 0.681250 0.396875 0.681713 0.395573 0.681713 0.394271 0.682639 0.393359 0.684259 0.393099 0.686111 0.392578 0.687500 0.392318 0.689815 0.391146 0.692361 0.389323 0.694676 0.387500 0.696065 0.386719 0.696065 0.385677 0.696991 0.382812 0.697917 0.381771 0.698843 0.380469 0.699306 0.378906 0.699306 0.378646 0.699769 0.376563 0.699769 0.376302 0.700231 0.372656 0.700231 0.372396 0.700694 0.370052 0.700694 0.369792 0.701157 0.367448 0.701157 0.367188 0.701620
 4 0.895833 0.564583 0.890885 0.564583 0.890625 0.564120 0.887760 0.564120 0.887500 0.563657 0.885677 0.563657 0.884375 0.563194 0.882292 0.561806 0.880469 0.561343 0.880208 0.560880 0.878385 0.560417 0.875000 0.558102 0.873698 0.557639 0.872656 0.556713 0.870573 0.553935 0.869792 0.553472 0.867969 0.551157 0.867188 0.550694 0.865104 0.547917 0.863021 0.545602 0.857422 0.535648 0.857422 0.535185 0.855078 0.530093 0.854818 0.528704 0.853255 0.524074 0.852995 0.521759 0.852214 0.518056 0.852214 0.515278 0.851953 0.514815 0.851953 0.506481 0.852214 0.504167 0.853255 0.500463 0.853776 0.497222 0.854557 0.494907 0.855078 0.492593 0.856120 0.489815 0.857031 0.488194 0.858073 0.487269 0.859375 0.485417 0.862109 0.480556 0.862109 0.480093 0.864062 0.476620 0.864323 0.476620 0.865885 0.473843 0.866146 0.473843 0.867448 0.471528 0.867708 0.471528 0.870703 0.467130 0.870703 0.466667 0.872005 0.464352 0.872005 0.463889 0.873177 0.461806 0.875260 0.459954 0.876823 0.459491 0.878646 0.457639 0.879167 0.457639 0.880990 0.455787 0.882812 0.455324 0.883854 0.454398 0.885156 0.453935 0.886458 0.453935 0.886719 0.453472 0.888281 0.453472 0.888542 0.453009 0.891406 0.453009 0.891667 0.452546 0.898177 0.452546 0.898438 0.453009 0.900781 0.453009 0.901042 0.453472 0.902344 0.453472 0.903906 0.454398 0.905208 0.454398 0.905469 0.454861 0.906771 0.454861 0.908594 0.455787 0.910937 0.458102 0.912240 0.459028 0.914583 0.459954 0.915365 0.460880 0.916406 0.461343 0.916927 0.462269 0.919010 0.464120 0.919531 0.465046 0.921615 0.466898 0.922135 0.467824 0.923438 0.468750 0.924479 0.470139 0.927604 0.475694 0.927865 0.475694 0.929297 0.478241 0.929297 0.478704 0.931120 0.481944 0.931120 0.482407 0.932943 0.487500 0.933464 0.488426 0.934245 0.491204 0.934505 0.493519 0.935286 0.496296 0.935286 0.498148 0.935807 0.500926 0.935807 0.503241 0.936068 0.503704 0.936068 0.510185 0.935807 0.512500 0.935286 0.514352 0.935286 0.515741 0.934505 0.518519 0.934505 0.519444 0.932682 0.524537 0.932161 0.526389 0.928906 0.532176 0.928646 0.532176 0.927083 0.534954 0.924479 0.537731 0.923177 0.539583 0.922396 0.540046 0.920573 0.542824 0.919271 0.544213 0.917969 0.546065 0.916406 0.548843 0.913802 0.551620 0.913021 0.553009 0.911458 0.554861 0.910677 0.555324 0.909375 0.557176 0.907552 0.559028 0.907031 0.559028 0.904948 0.560880 0.903385 0.561806 0.897656 0.564120 0.896094 0.564120 0.895833 0.564583
 5 0.000000 0.478935 0.004167 0.478935 0.004427 0.478472 0.007292 0.478472 0.007552 0.478009 0.018229 0.478009 0.018490 0.478472 0.022396 0.478472 0.022656 0.478935 0.025781 0.478935 0.026042 0.479398 0.029687 0.479398 0.029948 0.479861 0.031771 0.479861 0.032031 0.480324 0.037240 0.480324 0.037500 0.480787 0.040625 0.480787 0.040885 0.481250 0.045573 0.481250 0.045833 0.481713 0.047917 0.481713 0.048177 0.482176 0.052344 0.482176 0.052604 0.482639 0.055729 0.482639 0.055990 0.483102 0.059635 0.483102 0.059896 0.483565 0.063281 0.483565 0.063542 0.484028 0.066927 0.484028 0.067187 0.484491 0.071094 0.484491 0.071354 0.484954 0.075521 0.484954 0.075781 0.485417 0.079687 0.485417 0.079948 0.485880 0.084635 0.485880 0.084896 0.486343 0.088021 0.486343 0.088281 0.486806 0.091667 0.486806 0.091927 0.487269 0.094792 0.487269 0.095052 0.487731 0.099479 0.487731 0.099740 0.488194 0.102865 0.488194 0.103125 0.488657 0.105208 0.488657 0.105469 0.489120 0.108073 0.489120 0.108333 0.489583 0.112240 0.489583 0.112500 0.490046 0.114844 0.490046 0.115104 0.490509 0.122917 0.490509 0.123177 0.490972 0.125000 0.490972 0.125260 0.491435 0.126562 0.491435 0.126823 0.491898 0.128125 0.491898 0.128385 0.492361 0.130469 0.492824 0.131771 0.493750 0.133594 0.495602 0.134896 0.496065 0.136198 0.496991 0.137630 0.499074 0.138151 0.500926 0.138411 0.503241 0.139453 0.506944 0.141016 0.517130 0.141016 0.520833 0.141276 0.521296 0.141276 0.525000 0.141016 0.525463 0.140755 0.528241 0.139714 0.532870 0.138411 0.536111 0.138411 0.536574 0.136979 0.539120 0.136719 0.539120 0.135156 0.541435 0.132812 0.543287 0.130990 0.545139 0.129948 0.545602 0.128646 0.545602 0.128385 0.546065 0.127083 0.546065 0.126823 0.546528 0.125260 0.546528 0.125000 0.546991 0.113281 0.546991 0.113021 0.547454 0.105208 0.547454 0.104948 0.546991 0.099740 0.546991 0.099479 0.546528 0.097135 0.546528 0.096875 0.546065 0.092708 0.546065 0.092448 0.545602 0.090365 0.545602 0.090104 0.545139 0.079687 0.545139 0.079427 0.544676 0.075260 0.544676 0.075000 0.544213 0.071094 0.544213 0.070833 0.543750 0.067448 0.543750 0.067187 0.543287 0.062760 0.543287 0.062500 0.542824 0.058594 0.542824 0.058333 0.542361 0.053906 0.542361 0.053646 0.541898 0.049219 0.541898 0.048958 0.541435 0.045052 0.541435 0.044792 0.540972 0.041146 0.540972 0.040885 0.540509 0.038021 0.540509 0.037760 0.540046 0.034635 0.540046 0.034375 0.539583 0.031250 0.539583 0.030990 0.539120 0.027083 0.539120 0.026823 0.538657 0.023698 0.538657 0.023438 0.538194 0.020833 0.538194 0.020573 0.537731 0.016146 0.537731 0.015885 0.537269 0.010677 0.537269 0.010417 0.536806 0.004948 0.536806 0.004687 0.536343 0.000000 0.536343
 5 0.000000 0.649306 0.002083 0.649306 0.003125 0.650694 0.005469 0.652546 0.006250 0.652546 0.007292 0.653472 0.009115 0.653935 0.010156 0.654861 0.013802 0.656713 0.014323 0.657639 0.015885 0.659028 0.018490 0.660417 0.020833 0.660880 0.023438 0.663657 0.024219 0.665046 0.025521 0.665972 0.028906 0.669213 0.030469 0.669676 0.031510 0.670602 0.033333 0.671065 0.034635 0.671991 0.035417 0.671991 0.036458 0.672917 0.037240 0.672917 0.038542 0.673843 0.039844 0.673843 0.040104 0.674306 0.042188 0.674769 0.043229 0.675694 0.044010 0.675694 0.045052 0.676620 0.045833 0.676620 0.046875 0.677546 0.047656 0.677546 0.050260 0.679398 0.051042 0.679398 0.052083 0.680324 0.053646 0.680787 0.054427 0.681713 0.056771 0.682639 0.058594 0.684028 0.060677 0.684954 0.064583 0.688657 0.065625 0.690046 0.068880 0.695833 0.068880 0.696296 0.070182 0.698611 0.072266 0.703704 0.072526 0.706481 0.073047 0.709259 0.073047 0.712963 0.072786 0.715278 0.072266 0.717593 0.072266 0.719444 0.071745 0.722222 0.071745 0.724537 0.070964 0.727778 0.070443 0.732407 0.069401 0.735648 0.066406 0.740972 0.062760 0.745139 0.062240 0.745139 0.060937 0.746528 0.059635 0.747454 0.058333 0.747917 0.055990 0.749769 0.054948 0.749769 0.053385 0.750694 0.049740 0.750694 0.049479 0.750231 0.047656 0.750231 0.047396 0.749769 0.045833 0.749769 0.042969 0.748380 0.039844 0.745139 0.038542 0.744213 0.038021 0.743287 0.034896 0.740509 0.033594 0.738657 0.031771 0.737269 0.029948 0.736806 0.029167 0.735880 0.026042 0.734028 0.025260 0.733102 0.023177 0.732176 0.022135 0.731250 0.020052 0.730324 0.019792 0.729861 0.017188 0.728472 0.015885 0.728472 0.015625 0.728009 0.014063 0.728009 0.012760 0.727083 0.011979 0.727083 0.009896 0.725694 0.008073 0.725694 0.007812 0.725231 0.005729 0.725231 0.005469 0.724769 0.003385 0.724769 0.003125 0.724306 0.001823 0.724306 0.001563 0.723843 0.000000 0.723843
 7 0.000000 0.536806 0.006510 0.536806 0.007812 0.537269 0.009115 0.538194 0.012760 0.538194 0.015104 0.539583 0.016406 0.539583 0.016667 0.540046 0.017708 0.539583 0.019010 0.539583 0.019271 0.539120 0.024219 0.539120 0.024479 0.539583 0.029167 0.539583 0.029427 0.540046 0.031250 0.540046 0.031510 0.540509 0.034115 0.540509 0.034375 0.540972 0.040104 0.540972 0.040365 0.541435 0.044792 0.541435 0.045052 0.541898 0.047656 0.541898 0.047917 0.542361 0.052604 0.542361 0.052865 0.542824 0.058854 0.542824 0.059115 0.543287 0.061458 0.543287 0.064323 0.544676 0.067969 0.544676 0.068229 0.545139 0.070052 0.545139 0.070312 0.545602 0.075781 0.545602 0.076042 0.546065 0.078125 0.546065 0.078385 0.546528 0.089583 0.546528 0.089844 0.546991 0.092969 0.546991 0.093229 0.547454 0.094792 0.547454 0.095052 0.547917 0.099219 0.547917 0.099479 0.548380 0.101042 0.548380 0.102604 0.549306 0.106771 0.549306 0.107031 0.549769 0.109375 0.549769 0.109635 0.550231 0.113802 0.550231 0.114062 0.549769 0.115885 0.549769 0.116146 0.550231 0.121094 0.550231 0.121354 0.549769 0.123438 0.549769 0.123698 0.549306 0.126042 0.549306 0.126302 0.548843 0.128646 0.548380 0.128906 0.547917 0.130469 0.547454 0.132292 0.545602 0.133073 0.544213 0.134896 0.542824 0.135417 0.541898 0.137500 0.539583 0.138672 0.537500 0.140495 0.531481 0.140755 0.528704 0.141276 0.526389 0.141276 0.517593 0.140755 0.513889 0.140234 0.512037 0.139974 0.509722 0.139974 0.503241 0.139193 0.500463 0.138021 0.498380 0.136979 0.497454 0.136198 0.497454 0.134896 0.496528 0.131250 0.495602 0.130990 0.495139 0.127865 0.493287 0.127083 0.493287 0.125781 0.491898 0.125260 0.491898 0.123438 0.490509 0.120833 0.490509 0.120573 0.490972 0.117969 0.490972 0.117708 0.490509 0.115104 0.490509 0.114844 0.490046 0.112760 0.490046 0.112500 0.489583 0.110677 0.489583 0.109115 0.488657 0.107552 0.488657 0.107292 0.488194 0.104427 0.488194 0.104167 0.487731 0.101562 0.487731 0.101302 0.487269 0.098958 0.487269 0.098698 0.486806 0.096094 0.486806 0.095833 0.486343 0.090885 0.486343 0.090625 0.485880 0.087760 0.485880 0.087500 0.485417 0.083854 0.485417 0.083594 0.484954 0.080208 0.484954 0.079948 0.484491 0.075260 0.484491 0.075000 0.484028 0.071875 0.484028 0.071615 0.483565 0.067708 0.483565 0.067448 0.483102 0.065104 0.483102 0.064844 0.482639 0.059896 0.482639 0.059635 0.482176 0.057813 0.482176 0.057552 0.481713 0.054948 0.481713 0.054688 0.481250 0.050521 0.481250 0.050260 0.480787 0.045052 0.480787 0.044792 0.480324 0.042188 0.480324 0.041927 0.479861 0.037240 0.479861 0.036979 0.479398 0.032552 0.479398 0.032292 0.478935 0.029427 0.478935 0.029167 0.478472 0.027083 0.478472 0.026823 0.478009 0.024479 0.478009 0.024219 0.477546 0.022135 0.477546 0.021875 0.477083 0.018490 0.477083 0.018229 0.476620 0.016667 0.476620 0.016536 0.475463 0.016927 0.474306 0.017969 0.473843 0.019792 0.473843 0.020052 0.473380 0.021354 0.473380 0.022917 0.472454 0.025000 0.471991 0.026823 0.470602 0.028125 0.470139 0.028906 0.469213 0.031771 0.468287 0.033073 0.467361 0.034375 0.467361 0.035937 0.466435 0.037240 0.466435 0.038802 0.465509 0.040104 0.465509 0.040365 0.465046 0.041667 0.465046 0.041927 0.464583 0.043750 0.464583 0.044010 0.464120 0.045312 0.464120 0.046615 0.463194 0.047396 0.463194 0.048438 0.462269 0.049479 0.462269 0.050781 0.461343 0.051823 0.461343 0.053125 0.460417 0.054688 0.460417 0.054948 0.459954 0.056250 0.459954 0.056510 0.459491 0.057813 0.459491 0.058073 0.459028 0.059375 0.459028 0.059635 0.458565 0.060937 0.458565 0.062500 0.457639 0.064844 0.457176 0.065104 0.456713 0.066667 0.456713 0.067969 0.456250 0.069271 0.455324 0.070312 0.455324 0.071615 0.454398 0.072656 0.454398 0.073958 0.453472 0.075260 0.453472 0.075521 0.453009 0.077083 0.453009 0.077344 0.452546 0.078906 0.452546 0.079167 0.452083 0.080469 0.452083 0.080729 0.451620 0.082031 0.451620 0.083594 0.450694 0.084896 0.450694 0.087760 0.449306 0.090104 0.448843 0.091667 0.447917 0.093229 0.447917 0.093490 0.447454 0.094792 0.447454 0.097656 0.446065 0.098958 0.446065 0.099219 0.445602 0.100521 0.445602 0.100781 0.445139 0.102083 0.445139 0.103646 0.444213 0.104948 0.444213 0.105208 0.443750 0.106510 0.443750 0.106771 0.443287 0.108073 0.443287 0.108333 0.442824 0.109635 0.442824 0.110937 0.441898 0.114844 0.440509 0.115885 0.440509 0.117188 0.439583 0.118490 0.439120 0.119792 0.439120 0.120052 0.438657 0.121354 0.438657 0.121615 0.438194 0.122917 0.438194 0.123177 0.437731 0.124740 0.437731 0.125000 0.437269 0.126302 0.437269 0.126562 0.436806 0.127865 0.436806 0.128125 0.436343 0.131771 0.435417 0.132812 0.434491 0.134115 0.434491 0.134375 0.434028 0.135677 0.434028 0.138542 0.432639 0.140104 0.432639 0.140365 0.432176 0.141667 0.432176 0.144531 0.430787 0.145833 0.430787 0.150000 0.428935 0.151562 0.428935 0.151823 0.428472 0.153646 0.428472 0.154948 0.427546 0.158073 0.426620 0.159375 0.425694 0.160677 0.425694 0.160938 0.425231 0.162500 0.425231 0.162760 0.424769 0.164323 0.424769 0.164583 0.424306 0.166146 0.424306 0.166406 0.423843 0.167969 0.423843 0.168229 0.423380 0.174219 0.423380 0.176042 0.424769 0.176823 0.424769 0.179427 0.427546 0.180208 0.428935 0.180990 0.429398 0.183333 0.432176 0.184115 0.433565 0.185156 0.434491 0.187240 0.437731 0.189583 0.440509 0.191146 0.443287 0.192448 0.444676 0.194792 0.448380 0.196094 0.449769 0.199479 0.453935 0.203125 0.459491 0.204167 0.460417 0.206250 0.464120 0.207292 0.465509 0.208594 0.466435 0.210417 0.468750 0.211719 0.471065 0.213802 0.473380 0.214583 0.474769 0.215885 0.476157 0.216667 0.477546 0.218750 0.479861 0.221875 0.485417 0.224219 0.487731 0.225000 0.488194 0.226172 0.490278 0.226172 0.490741 0.227344 0.492824 0.229167 0.494676 0.229948 0.496065 0.230990 0.496991 0.233073 0.500231 0.234635 0.502083 0.236198 0.503472 0.238021 0.506713 0.240365 0.509028 0.241276 0.511111 0.242448 0.513194 0.244271 0.515046 0.245573 0.515972 0.247135 0.517824 0.249219 0.521528 0.251302 0.523380 0.253646 0.527546 0.255208 0.528935 0.255729 0.529861 0.257292 0.531250 0.259115 0.534028 0.259896 0.534491 0.261458 0.536343 0.263281 0.539120 0.265625 0.540972 0.266927 0.542824 0.268490 0.543750 0.269792 0.545139 0.270313 0.545139 0.271875 0.546528 0.273307 0.549074 0.274089 0.552778 0.273828 0.554630 0.273828 0.568981 0.273568 0.569444 0.273568 0.574074 0.273307 0.574537 0.273307 0.577778 0.273047 0.578241 0.273047 0.581944 0.272786 0.582407 0.272786 0.584722 0.272266 0.587500 0.272266 0.590278 0.272005 0.590741 0.272005 0.593056 0.271745 0.593519 0.271745 0.596296 0.271484 0.596759 0.271484 0.600463 0.271224 0.600926 0.270964 0.605093 0.270703 0.605556 0.270703 0.608796 0.270443 0.609259 0.270443 0.613426 0.270182 0.613889 0.270182 0.616204 0.269401 0.621296 0.269401 0.623611 0.269141 0.624074 0.269141 0.626389 0.268880 0.626852 0.268880 0.630093 0.268620 0.630556 0.268620 0.634722 0.268359 0.636574 0.267578 0.639815 0.267318 0.642130 0.267318 0.648148 0.267057 0.648611 0.267057 0.651852 0.266797 0.652315 0.266797 0.656481 0.266536 0.656944 0.266536 0.663889 0.266276 0.666204 0.265755 0.668519 0.265755 0.671759 0.265495 0.672222 0.265495 0.676852 0.265234 0.677315 0.265234 0.679630 0.264714 0.681944 0.264453 0.686111 0.263932 0.688426 0.263932 0.691204 0.263672 0.691667 0.263672 0.699537 0.263411 0.700000 0.263411 0.702778 0.262891 0.705556 0.262891 0.707870 0.262630 0.708333 0.262630 0.711111 0.262370 0.711574 0.262370 0.714352 0.262109 0.714815 0.262109 0.717593 0.261849 0.718056 0.261849 0.720370 0.261589 0.722685 0.261068 0.724537 0.261068 0.727315 0.260807 0.727778 0.260807 0.731944 0.260547 0.733796 0.260026 0.735185 0.259766 0.739352 0.259505 0.739815 0.259505 0.744444 0.259245 0.744907 0.259245 0.747685 0.258464 0.752778 0.258464 0.758333 0.258203 0.758796 0.258203 0.766667 0.257943 0.767130 0.257943 0.770370 0.257682 0.770833 0.257682 0.774074 0.256641 0.780556 0.256380 0.784722 0.255599 0.788426 0.255599 0.789815 0.255078 0.791667 0.254297 0.798148 0.253516 0.800926 0.248177 0.810417 0.246875 0.811806 0.246354 0.811806 0.244531 0.813194 0.242969 0.813194 0.242708 0.813657 0.240885 0.813657 0.239583 0.814583 0.236198 0.816435 0.234375 0.816435 0.234115 0.816898 0.232031 0.816898 0.229167 0.818287 0.226823 0.818287 0.226562 0.818750 0.223958 0.818750 0.223698 0.819213 0.222135 0.819213 0.221875 0.819676 0.220052 0.819676 0.219792 0.820139 0.218229 0.820139 0.217969 0.820602 0.216406 0.820602 0.216146 0.821065 0.214062 0.821065 0.213802 0.821528 0.211458 0.821528 0.211198 0.821991 0.209375 0.821991 0.209115 0.822454 0.207813 0.822454 0.207552 0.822917 0.206250 0.822917 0.202604 0.824769 0.199479 0.826620 0.197917 0.826620 0.197656 0.827083 0.196354 0.827083 0.193490 0.828472 0.192188 0.828472 0.191927 0.828935 0.189323 0.829861 0.188021 0.829861 0.187760 0.830324 0.186458 0.830324 0.186198 0.830787 0.183854 0.831250 0.182292 0.832176 0.180990 0.832176 0.180729 0.832639 0.179167 0.832639 0.178906 0.833102 0.177083 0.833102 0.176823 0.833565 0.175000 0.833565 0.174740 0.834028 0.172917 0.834028 0.172656 0.834491 0.171094 0.834491 0.170833 0.834954 0.169271 0.834954 0.169010 0.835417 0.166406 0.835417 0.165104 0.835880 0.163802 0.836806 0.161198 0.837731 0.159896 0.837731 0.159635 0.838194 0.158333 0.838194 0.158073 0.838657 0.156771 0.838657 0.155469 0.839120 0.154167 0.840046 0.152865 0.840046 0.152604 0.840509 0.151042 0.840509 0.150781 0.840972 0.148177 0.840972 0.147917 0.841435 0.145833 0.841435 0.144531 0.841898 0.143229 0.842824 0.141927 0.843287 0.140104 0.843287 0.139844 0.843750 0.138542 0.843750 0.136979 0.844676 0.135677 0.844676 0.135417 0.845139 0.133594 0.845139 0.133333 0.845602 0.131250 0.845602 0.130990 0.846065 0.129427 0.846065 0.129167 0.846528 0.127865 0.846528 0.127604 0.846991 0.126302 0.846991 0.126042 0.847454 0.124219 0.847917 0.122656 0.848843 0.120573 0.848843 0.120313 0.849306 0.118750 0.849306 0.117448 0.849769 0.115104 0.851157 0.113802 0.851620 0.111979 0.851620 0.111719 0.852083 0.108854 0.853472 0.108073 0.853472 0.107031 0.854398 0.105990 0.854398 0.104427 0.855324 0.103125 0.855324 0.102865 0.855787 0.101562 0.855787 0.100260 0.856250 0.098958 0.857176 0.097656 0.857176 0.097396 0.857639 0.095052 0.858102 0.092188 0.859491 0.090885 0.859491 0.090625 0.859954 0.089323 0.859954 0.089063 0.860417 0.087760 0.860417 0.087500 0.860880 0.085938 0.860880 0.085677 0.861343 0.084115 0.861343 0.083854 0.861806 0.081510 0.861806 0.081250 0.862269 0.079167 0.862269 0.078906 0.862731 0.077604 0.862731 0.077344 0.863194 0.076042 0.863194 0.075781 0.863657 0.073438 0.863657 0.073177 0.864120 0.071875 0.864120 0.068750 0.865972 0.067448 0.865972 0.067187 0.866435 0.065625 0.866435 0.065365 0.866898 0.063542 0.866898 0.063281 0.867361 0.061979 0.867361 0.061719 0.867824 0.060417 0.867824 0.060156 0.868287 0.058333 0.868287 0.058073 0.868750 0.056250 0.868750 0.055990 0.869213 0.053906 0.869213 0.053646 0.869676 0.052083 0.869676 0.051823 0.870139 0.050521 0.870139 0.050260 0.870602 0.048958 0.870602 0.048698 0.871065 0.047396 0.871065 0.047135 0.871528 0.045833 0.871528 0.045573 0.871991 0.044010 0.871991 0.043750 0.872454 0.041927 0.872454 0.041667 0.872917 0.034635 0.872917 0.034375 0.872454 0.030469 0.872454 0.030208 0.872917 0.028646 0.872917 0.028385 0.872454 0.026562 0.872454 0.024740 0.871528 0.023438 0.869676 0.020573 0.867824 0.018750 0.867824 0.018490 0.867361 0.015625 0.867361 0.015365 0.866898 0.012500 0.866898 0.012240 0.866435 0.010677 0.866435 0.010417 0.865972 0.008854 0.865972 0.008594 0.865509 0.007031 0.865509 0.006771 0.865046 0.005469 0.865046 0.003125 0.863657 0.001823 0.863194 0.000000 0.863194
 7 0.213411 0.562037 0.213411 0.561574 0.214583 0.559491 0.217188 0.559491 0.218490 0.559028 0.219792 0.558102 0.221094 0.557639 0.224219 0.557639 0.225260 0.557176 0.227083 0.555787 0.228125 0.555324 0.229427 0.555324 0.229687 0.554861 0.231250 0.554861 0.234375 0.552546 0.235286 0.550463 0.237370 0.546759 0.237630 0.545833 0.236979 0.545139 0.236458 0.543750 0.235937 0.543750 0.234635 0.542361 0.233464 0.540278 0.233464 0.539815 0.232031 0.537269 0.228906 0.534491 0.228255 0.532870 0.225781 0.528472 0.224479 0.526620 0.219792 0.522454 0.218490 0.521991 0.217578 0.520370 0.217188 0.518750 0.216536 0.519907 0.216016 0.521759 0.215755 0.525000 0.214974 0.527315 0.214974 0.528241 0.214193 0.530556 0.214193 0.531481 0.213151 0.536111 0.212891 0.538426 0.212891 0.543056 0.212630 0.543519 0.212630 0.546296 0.211849 0.550000 0.211589 0.552778 0.211849 0.553241 0.212109 0.556019 0.213151 0.559259 0.213151 0.562037 0.213411 0.562037
 7 0.000000 0.724769 0.004167 0.724769 0.004427 0.725231 0.006510 0.725231 0.009375 0.726620 0.010417 0.726620 0.011719 0.727546 0.012760 0.727546 0.015625 0.729398 0.017969 0.731713 0.020313 0.732639 0.021354 0.733565 0.022656 0.734028 0.023698 0.734954 0.026042 0.735880 0.026302 0.736343 0.028646 0.737269 0.029167 0.737731 0.031120 0.741204 0.031120 0.741667 0.032813 0.745139 0.033854 0.746065 0.035156 0.746065 0.035417 0.746528 0.036719 0.746528 0.038802 0.747917 0.039583 0.747917 0.041406 0.749306 0.042188 0.749306 0.043229 0.750231 0.044531 0.750694 0.046094 0.750694 0.046354 0.751157 0.048177 0.751157 0.048438 0.751620 0.052865 0.751620 0.053125 0.751157 0.054948 0.751157 0.057292 0.750231 0.059115 0.748843 0.061458 0.747917 0.061719 0.747454 0.064323 0.745139 0.066406 0.741898 0.067708 0.740509 0.068880 0.738426 0.069661 0.735648 0.070703 0.733333 0.071224 0.731481 0.071224 0.730093 0.072526 0.724537 0.072526 0.723611 0.073307 0.720833 0.073307 0.719444 0.073828 0.717130 0.073828 0.714815 0.074089 0.714352 0.074089 0.707407 0.073828 0.705093 0.073047 0.701852 0.072526 0.700926 0.072005 0.698611 0.071224 0.696759 0.069010 0.692824 0.067708 0.691435 0.064583 0.685880 0.063802 0.684954 0.060937 0.683102 0.059896 0.682639 0.056510 0.680324 0.055208 0.679861 0.054427 0.678935 0.051302 0.677546 0.051042 0.677083 0.047917 0.675694 0.046094 0.674306 0.045312 0.674306 0.044271 0.673380 0.043490 0.673380 0.042448 0.672454 0.039583 0.671065 0.038542 0.670139 0.037760 0.670139 0.035677 0.668750 0.034375 0.668750 0.032813 0.667824 0.031510 0.667824 0.031250 0.667361 0.029427 0.667361 0.028385 0.666898 0.025521 0.664583 0.025000 0.664583 0.023958 0.663194 0.023177 0.662731 0.022396 0.661343 0.020573 0.659491 0.018490 0.659028 0.016927 0.658102 0.013281 0.654861 0.011458 0.654398 0.009635 0.653009 0.008854 0.653009 0.007812 0.652083 0.007031 0.652083 0.005729 0.651157 0.004167 0.650694 0.001823 0.648380 0.000000 0.648380
 2 0.063802 0.897917 0.056510 0.897917 0.056250 0.897454 0.052344 0.897454 0.052083 0.896991 0.050000 0.896991 0.049740 0.896528 0.047917 0.896528 0.047656 0.896065 0.046094 0.896065 0.045833 0.895602 0.044531 0.895602 0.044271 0.895139 0.042188 0.895139 0.041927 0.894676 0.039583 0.894676 0.039323 0.894213 0.036979 0.894213 0.036719 0.893750 0.034375 0.893750 0.034115 0.893287 0.032292 0.893287 0.030990 0.892361 0.029687 0.891898 0.028385 0.891898 0.028125 0.891435 0.025521 0.891435 0.024219 0.890509 0.022917 0.890046 0.021615 0.890046 0.019792 0.888194 0.018359 0.885185 0.017839 0.882870 0.016276 0.879167 0.016016 0.877315 0.016016 0.874537 0.016276 0.874074 0.016276 0.871759 0.016927 0.870602 0.018490 0.870602 0.019531 0.871528 0.020833 0.871991 0.023438 0.874769 0.025781 0.876620 0.027865 0.876620 0.029167 0.877083 0.029427 0.876620 0.030729 0.876620 0.030990 0.876157 0.032292 0.876157 0.032552 0.875694 0.034635 0.875694 0.034896 0.875231 0.039323 0.875231 0.039583 0.874769 0.041927 0.874769 0.044792 0.873380 0.046094 0.873380 0.046354 0.872917 0.047917 0.872917 0.048177 0.872454 0.049479 0.872454 0.049740 0.871991 0.051042 0.871991 0.051302 0.871528 0.053125 0.871528 0.055990 0.870139 0.057292 0.870139 0.057552 0.869676 0.058854 0.869676 0.060417 0.868750 0.062240 0.868750 0.062500 0.868287 0.064323 0.868287 0.067187 0.866898 0.068490 0.866898 0.068750 0.866435 0.070312 0.866435 0.070573 0.865972 0.072135 0.865972 0.072396 0.865509 0.073698 0.865509 0.073958 0.865046 0.075260 0.865046 0.075521 0.864583 0.076823 0.864583 0.077083 0.864120 0.078385 0.864120 0.078646 0.863657 0.079948 0.863657 0.080208 0.863194 0.081510 0.863194 0.083073 0.862269 0.084375 0.862269 0.084635 0.861806 0.086198 0.861806 0.086458 0.861343 0.087760 0.861343 0.089063 0.860880 0.090365 0.859954 0.091667 0.859491 0.093750 0.859491 0.094010 0.859028 0.096094 0.859028 0.096354 0.858565 0.098177 0.858565 0.098437 0.858102 0.100000 0.858102 0.100260 0.857639 0.101823 0.857639 0.103385 0.856713 0.104688 0.856713 0.104948 0.856250 0.106250 0.856250 0.107552 0.855324 0.108594 0.855324 0.109896 0.854398 0.110937 0.854398 0.112500 0.853472 0.113802 0.853472 0.115365 0.852546 0.116927 0.852546 0.117188 0.852083 0.118490 0.852083 0.118750 0.851620 0.120052 0.851620 0.121615 0.850694 0.122656 0.850694 0.123958 0.849769 0.125260 0.849769 0.125521 0.849306 0.127083 0.849306 0.129688 0.848380 0.131250 0.847454 0.132812 0.847454 0.133073 0.846991 0.134635 0.846991 0.134896 0.846528 0.136198 0.846528 0.137760 0.845602 0.139063 0.845602 0.139323 0.845139 0.140625 0.845139 0.140885 0.844676 0.142187 0.844676 0.142448 0.844213 0.143750 0.844213 0.144010 0.843750 0.145573 0.843750 0.145833 0.843287 0.148177 0.842824 0.149479 0.841898 0.150781 0.841898 0.153646 0.840509 0.155208 0.840509 0.155469 0.840046 0.157292 0.840046 0.159896 0.839120 0.160156 0.838657 0.161458 0.838657 0.161719 0.838194 0.163281 0.838194 0.163542 0.837731 0.164844 0.837731 0.165104 0.837269 0.166406 0.837269 0.167969 0.836343 0.169271 0.836343 0.170573 0.835417 0.171875 0.835417 0.172135 0.834954 0.174479 0.834491 0.176042 0.833565 0.177344 0.833565 0.177604 0.833102 0.179167 0.833102 0.179427 0.832639 0.181510 0.832639 0.184375 0.831250 0.185677 0.831250 0.185938 0.830787 0.188542 0.830787 0.188802 0.830324 0.190365 0.830324 0.190625 0.829861 0.192188 0.829861 0.192448 0.829398 0.193750 0.829398 0.195052 0.828472 0.196354 0.828472 0.196615 0.828009 0.198177 0.828009 0.198437 0.827546 0.199740 0.827546 0.204948 0.825694 0.205208 0.825231 0.206510 0.825231 0.208073 0.824306 0.209635 0.824306 0.209896 0.823843 0.211719 0.823843 0.211979 0.823380 0.213542 0.823380 0.213802 0.822917 0.215104 0.822917 0.216667 0.821991 0.217969 0.821991 0.218229 0.821528 0.219792 0.821528 0.220052 0.821065 0.221354 0.821065 0.222917 0.820139 0.224479 0.820139 0.224740 0.819676 0.226302 0.819676 0.226562 0.819213 0.228385 0.819213 0.229948 0.818287 0.231250 0.818287 0.232813 0.817361 0.234635 0.817361 0.234896 0.816898 0.236198 0.816898 0.237760 0.815972 0.239063 0.815972 0.240625 0.815046 0.241667 0.815046 0.243229 0.814120 0.244531 0.814120 0.244792 0.813657 0.247135 0.812731 0.249219 0.810417 0.250911 0.807407 0.250911 0.806944 0.252474 0.804630 0.253516 0.802315 0.254557 0.798611 0.254818 0.796296 0.255339 0.794444 0.255339 0.792593 0.255859 0.790278 0.256120 0.787963 0.256120 0.785648 0.256380 0.785185 0.256380 0.781944 0.256641 0.781481 0.256641 0.778241 0.256901 0.777778 0.256901 0.774537 0.257161 0.774074 0.257161 0.771759 0.257422 0.771296 0.257422 0.768981 0.257682 0.768519 0.257682 0.764352 0.257943 0.763889 0.257943 0.760185 0.258203 0.759722 0.258203 0.756944 0.258464 0.756481 0.258464 0.753241 0.258724 0.752778 0.258724 0.747685 0.258984 0.747222 0.258984 0.743981 0.259505 0.741204 0.259505 0.738426 0.259766 0.737963 0.259766 0.734722 0.260026 0.734259 0.260026 0.731481 0.260286 0.731019 0.260286 0.728704 0.260547 0.728241 0.260547 0.725000 0.260807 0.724537 0.260807 0.721296 0.261068 0.720833 0.261068 0.718519 0.261328 0.718056 0.261328 0.715278 0.261589 0.714815 0.261589 0.711574 0.261849 0.711111 0.261849 0.708796 0.262370 0.706019 0.262370 0.703241 0.262630 0.702778 0.262630 0.700000 0.262891 0.699537 0.262891 0.696296 0.263411 0.693519 0.263411 0.691204 0.263672 0.690741 0.263672 0.687037 0.263932 0.686574 0.263932 0.682870 0.264193 0.682407 0.264193 0.678704 0.264453 0.678241 0.264453 0.675463 0.264974 0.673148 0.265234 0.670833 0.265234 0.668056 0.265495 0.667593 0.265495 0.664352 0.265755 0.663889 0.265755 0.661574 0.266016 0.661111 0.266016 0.658796 0.266276 0.658333 0.266276 0.656019 0.266536 0.655556 0.266536 0.652315 0.266797 0.651852 0.266797 0.649537 0.267318 0.646759 0.267318 0.644444 0.267578 0.643981 0.267578 0.641204 0.267839 0.640741 0.267839 0.637963 0.268099 0.637500 0.268099 0.633796 0.268359 0.633333 0.268359 0.630093 0.268620 0.629630 0.268620 0.626389 0.268880 0.625926 0.268880 0.623611 0.269141 0.623148 0.269141 0.619907 0.269401 0.619444 0.269401 0.616667 0.269661 0.616204 0.269661 0.613889 0.269922 0.613426 0.269922 0.611111 0.270443 0.608333 0.270443 0.605093 0.270703 0.604630 0.270703 0.601852 0.270964 0.601389 0.270964 0.598611 0.271224 0.598148 0.271224 0.595370 0.271484 0.594907 0.271484 0.592593 0.271745 0.592130 0.271745 0.588889 0.272005 0.588426 0.272005 0.584259 0.272266 0.583796 0.272266 0.579630 0.272526 0.579167 0.272526 0.576852 0.272786 0.576389 0.272786 0.573611 0.273047 0.573148 0.273047 0.569907 0.273307 0.569444 0.273307 0.567130 0.273568 0.566667 0.273568 0.562500 0.273828 0.562037 0.273828 0.557407 0.274089 0.556944 0.274089 0.554630 0.274349 0.554167 0.274349 0.550926 0.273307 0.547222 0.271354 0.543750 0.269792 0.542824 0.268750 0.541435 0.266667 0.539583 0.266276 0.538426 0.267188 0.536806 0.269271 0.536343 0.270573 0.535417 0.272135 0.535417 0.275521 0.536806 0.276042 0.537731 0.278385 0.540509 0.278646 0.540509 0.281510 0.545602 0.281771 0.545602 0.285156 0.550231 0.286198 0.551157 0.288281 0.554398 0.288542 0.554398 0.290104 0.557176 0.290365 0.557176 0.294010 0.562731 0.295312 0.564120 0.297526 0.568056 0.298047 0.569444 0.298828 0.572685 0.298828 0.582407 0.298568 0.582870 0.298568 0.587963 0.298307 0.588426 0.298307 0.592593 0.298047 0.593056 0.298047 0.596296 0.297786 0.596759 0.297786 0.600463 0.297526 0.600926 0.297526 0.605093 0.297266 0.605556 0.297266 0.608796 0.297005 0.609259 0.297005 0.612037 0.296745 0.612500 0.296745 0.615741 0.296484 0.616204 0.296484 0.620370 0.296224 0.620833 0.296224 0.625000 0.295964 0.625463 0.295964 0.629630 0.295703 0.630093 0.295703 0.634259 0.295443 0.634722 0.295443 0.638426 0.295182 0.638889 0.295182 0.642130 0.294922 0.642593 0.294922 0.646759 0.294661 0.647222 0.294661 0.651852 0.294401 0.652315 0.294401 0.656481 0.294141 0.656944 0.294141 0.660648 0.293880 0.661111 0.293880 0.665278 0.293620 0.665741 0.293620 0.670833 0.293359 0.671296 0.293359 0.674537 0.293099 0.675000 0.293099 0.678241 0.292839 0.678704 0.292839 0.682407 0.292578 0.682870 0.292578 0.687037 0.292318 0.687500 0.292318 0.690278 0.292057 0.690741 0.292057 0.693981 0.291797 0.694444 0.291797 0.698148 0.291536 0.698611 0.291536 0.702315 0.291276 0.702778 0.291276 0.705556 0.291016 0.706019 0.291016 0.709259 0.290755 0.709722 0.290755 0.713889 0.290495 0.714352 0.290495 0.718519 0.290234 0.718981 0.290234 0.722685 0.289974 0.723148 0.289974 0.726852 0.289714 0.727315 0.289714 0.731019 0.289453 0.731481 0.289453 0.735648 0.289193 0.736111 0.289193 0.740278 0.288932 0.740741 0.288932 0.743981 0.288672 0.744444 0.288672 0.747685 0.288411 0.748148 0.288411 0.751389 0.288151 0.751852 0.288151 0.755093 0.287891 0.755556 0.287891 0.758333 0.287630 0.758796 0.287630 0.762037 0.287370 0.762500 0.287370 0.765278 0.287109 0.765741 0.287109 0.768519 0.286849 0.768981 0.286849 0.772222 0.286589 0.772685 0.286589 0.777315 0.286328 0.777778 0.286328 0.782870 0.286068 0.783333 0.286068 0.787500 0.285807 0.787963 0.285807 0.791204 0.285547 0.791667 0.285547 0.794907 0.285286 0.795370 0.285286 0.798148 0.285026 0.798611 0.285026 0.801389 0.284766 0.801852 0.284766 0.804167 0.284245 0.806944 0.283984 0.810185 0.283724 0.810648 0.283724 0.812963 0.283203 0.816204 0.282422 0.818981 0.281380 0.821759 0.278385 0.827083 0.278125 0.827083 0.274740 0.833102 0.272396 0.835417 0.271615 0.835880 0.270052 0.835880 0.269792 0.836343 0.267969 0.836343 0.266667 0.836806 0.265625 0.837731 0.264583 0.837731 0.261719 0.839120 0.260417 0.839120 0.260156 0.839583 0.258854 0.839583 0.258594 0.840046 0.257292 0.840046 0.255729 0.840972 0.254167 0.840972 0.253906 0.841435 0.252604 0.841435 0.252344 0.841898 0.251042 0.841898 0.249479 0.842824 0.247917 0.842824 0.247656 0.843287 0.246354 0.843287 0.246094 0.843750 0.244792 0.843750 0.243229 0.844676 0.241406 0.844676 0.241146 0.845139 0.239583 0.845139 0.239323 0.845602 0.238021 0.845602 0.237760 0.846065 0.236458 0.846065 0.236198 0.846528 0.234635 0.846528 0.234375 0.846991 0.232813 0.846991 0.232552 0.847454 0.231250 0.847454 0.230990 0.847917 0.229687 0.847917 0.229427 0.848380 0.228125 0.848380 0.227865 0.848843 0.226562 0.848843 0.225000 0.849769 0.223698 0.849769 0.223438 0.850231 0.221875 0.850231 0.219010 0.851620 0.217708 0.851620 0.216146 0.852546 0.214844 0.852546 0.214583 0.853009 0.213281 0.853009 0.213021 0.853472 0.211719 0.853472 0.211458 0.853935 0.210156 0.853935 0.209896 0.854398 0.208594 0.854398 0.208333 0.854861 0.207031 0.854861 0.205469 0.855787 0.204167 0.855787 0.203906 0.856250 0.202604 0.856250 0.202344 0.856713 0.200781 0.856713 0.200521 0.857176 0.198958 0.857176 0.198698 0.857639 0.197396 0.857639 0.196094 0.858565 0.194792 0.858565 0.193229 0.859491 0.191927 0.859491 0.191667 0.859954 0.190365 0.859954 0.190104 0.860417 0.188802 0.860417 0.188542 0.860880 0.187240 0.860880 0.185677 0.861806 0.183854 0.861806 0.183594 0.862269 0.181771 0.862269 0.181510 0.862731 0.180208 0.862731 0.178906 0.863657 0.177083 0.863657 0.176823 0.864120 0.174479 0.864120 0.173177 0.864583 0.171875 0.865509 0.169271 0.866435 0.167708 0.866435 0.167448 0.866898 0.166146 0.866898 0.165885 0.867361 0.164583 0.867361 0.161719 0.868750 0.160156 0.868750 0.159896 0.869213 0.158594 0.869213 0.158333 0.869676 0.157031 0.869676 0.155469 0.870602 0.153906 0.870602 0.153646 0.871065 0.152083 0.871065 0.151823 0.871528 0.150521 0.871528 0.149219 0.872454 0.147917 0.872454 0.145052 0.873843 0.144010 0.873843 0.142708 0.874769 0.141146 0.874769 0.140885 0.875231 0.139063 0.875231 0.138802 0.875694 0.137240 0.875694 0.136979 0.876157 0.135677 0.876157 0.135417 0.876620 0.134115 0.876620 0.132552 0.877546 0.131250 0.877546 0.130990 0.878009 0.129688 0.878009 0.128385 0.878472 0.127083 0.879398 0.125521 0.879398 0.125260 0.879861 0.123958 0.879861 0.123698 0.880324 0.122396 0.880324 0.122135 0.880787 0.120833 0.880787 0.119271 0.881713 0.117969 0.881713 0.116667 0.882176 0.115365 0.883102 0.114062 0.883102 0.112760 0.883565 0.111458 0.884491 0.109635 0.884491 0.109375 0.884954 0.107813 0.884954 0.107552 0.885417 0.105990 0.885417 0.104427 0.886343 0.103125 0.886343 0.102865 0.886806 0.101562 0.886806 0.100000 0.887731 0.098698 0.887731 0.098437 0.888194 0.097135 0.888194 0.095573 0.889120 0.094010 0.889120 0.093750 0.889583 0.092448 0.889583 0.092188 0.890046 0.090365 0.890046 0.090104 0.890509 0.088281 0.890509 0.086719 0.891435 0.085417 0.891435 0.085156 0.891898 0.083854 0.891898 0.083594 0.892361 0.082031 0.892361 0.081771 0.892824 0.080469 0.892824 0.080208 0.893287 0.078906 0.893287 0.078646 0.893750 0.077344 0.893750 0.075781 0.894676 0.074479 0.894676 0.074219 0.895139 0.072396 0.895139 0.072135 0.895602 0.070833 0.895602 0.067969 0.896991 0.066146 0.896991 0.065885 0.897454 0.064062 0.897454 0.063802 0.897917
 2 0.225000 0.554398 0.220052 0.554398 0.219010 0.553935 0.217969 0.552546 0.219271 0.552083 0.220833 0.550694 0.223698 0.550694 0.223958 0.550231 0.225521 0.550231 0.225781 0.550694 0.231771 0.550694 0.231771 0.551620 0.230208 0.551620 0.228906 0.553009 0.227604 0.553009 0.226302 0.553472 0.225000 0.554398
 6 0.644010 0.813194 0.641406 0.813194 0.641146 0.812731 0.639062 0.812731 0.638802 0.812269 0.632552 0.812269 0.632292 0.811806 0.625781 0.811806 0.625521 0.811343 0.620833 0.811343 0.620573 0.810880 0.598177 0.810880 0.597917 0.810417 0.595313 0.810417 0.595052 0.809954 0.593750 0.809954 0.593490 0.809491 0.591406 0.809491 0.591146 0.809028 0.583854 0.809028 0.583594 0.808565 0.575781 0.808565 0.575521 0.808102 0.562500 0.808102 0.562240 0.807639 0.547917 0.807639 0.547656 0.807176 0.534896 0.807176 0.534635 0.806713 0.528906 0.806713 0.528646 0.806250 0.522135 0.806250 0.521875 0.805787 0.516146 0.805787 0.515885 0.805324 0.510938 0.805324 0.510677 0.804861 0.505729 0.804861 0.505469 0.804398 0.501563 0.804398 0.501302 0.803935 0.497917 0.803935 0.497656 0.803472 0.494010 0.803472 0.493750 0.803009 0.489844 0.803009 0.489583 0.802546 0.485417 0.802546 0.485156 0.802083 0.477344 0.802083 0.477083 0.801620 0.471094 0.801620 0.470833 0.801157 0.467969 0.801157 0.467708 0.800694 0.464844 0.800694 0.464583 0.800231 0.458854 0.800231 0.458594 0.799769 0.454688 0.799769 0.454427 0.799306 0.451562 0.799306 0.451302 0.798843 0.447656 0.798843 0.447396 0.798380 0.441927 0.798380 0.441667 0.797917 0.439323 0.797917 0.439063 0.797454 0.436458 0.797454 0.436198 0.796991 0.434115 0.796991 0.433854 0.796528 0.431771 0.796528 0.430208 0.795602 0.428646 0.795602 0.427344 0.795139 0.425521 0.793750 0.423958 0.793287 0.422396 0.791435 0.420052 0.789583 0.418750 0.787731 0.417448 0.786343 0.416146 0.785417 0.413281 0.782176 0.412500 0.780787 0.410938 0.779398 0.410417 0.778472 0.406771 0.774306 0.405729 0.773380 0.403646 0.770602 0.402865 0.769213 0.401823 0.768287 0.400391 0.765741 0.400391 0.765278 0.398177 0.761343 0.396875 0.760417 0.394792 0.757639 0.392708 0.755787 0.391406 0.755324 0.390104 0.754398 0.389062 0.754398 0.385937 0.752546 0.384375 0.751157 0.383333 0.749769 0.381120 0.745833 0.379818 0.739352 0.379818 0.733333 0.379557 0.731944 0.378125 0.729398 0.377083 0.728472 0.375781 0.728472 0.375521 0.728009 0.372135 0.728009 0.371875 0.727546 0.368750 0.727546 0.368490 0.727083 0.365625 0.727083 0.364063 0.726157 0.361719 0.725231 0.360677 0.724306 0.359375 0.722454 0.356641 0.717593 0.355859 0.713426 0.355599 0.711111 0.355599 0.703704 0.355859 0.703241 0.356641 0.699074 0.357812 0.697917 0.359375 0.700231 0.362240 0.702083 0.363542 0.702083 0.363802 0.702546 0.370573 0.702546 0.370833 0.702083 0.372656 0.702083 0.372917 0.701620 0.376042 0.701620 0.376302 0.701157 0.377604 0.701157 0.380469 0.699769 0.381771 0.699769 0.382031 0.699306 0.383594 0.699306 0.383854 0.698843 0.385417 0.698843 0.385677 0.698380 0.387500 0.697917 0.389062 0.696991 0.390365 0.695602 0.392578 0.691667 0.394401 0.686574 0.395573 0.684491 0.396615 0.683565 0.397396 0.683565 0.398698 0.682639 0.400000 0.682176 0.401302 0.682176 0.401562 0.681713 0.402865 0.681713 0.404167 0.681250 0.405469 0.680324 0.406510 0.680324 0.408073 0.679398 0.409115 0.679398 0.410677 0.678472 0.411979 0.678472 0.412240 0.678009 0.413542 0.678009 0.418229 0.676157 0.419531 0.675231 0.420833 0.675231 0.421094 0.674769 0.422396 0.674769 0.422656 0.674306 0.423958 0.674306 0.425260 0.673843 0.426563 0.672917 0.428906 0.672454 0.429167 0.671991 0.430469 0.671991 0.430729 0.671528 0.432031 0.671528 0.432292 0.671065 0.433594 0.671065 0.435156 0.670139 0.436458 0.670139 0.436719 0.669676 0.438021 0.669676 0.438281 0.669213 0.439844 0.669213 0.441406 0.668287 0.442969 0.668287 0.444271 0.667824 0.445573 0.666898 0.448177 0.665972 0.449740 0.665972 0.450000 0.665509 0.452083 0.665509 0.452344 0.665046 0.453646 0.665046 0.454948 0.664120 0.456510 0.664120 0.456771 0.663657 0.458073 0.663657 0.458333 0.663194 0.459635 0.663194 0.460938 0.662731 0.462240 0.661806 0.463542 0.661806 0.465104 0.660880 0.466146 0.660880 0.467448 0.659954 0.468229 0.659954 0.470052 0.658565 0.471875 0.658565 0.472135 0.658102 0.473958 0.658102 0.475000 0.657639 0.475781 0.656713 0.479427 0.655787 0.480729 0.654861 0.482552 0.654861 0.482812 0.654398 0.484115 0.654398 0.484375 0.653935 0.485677 0.653935 0.485938 0.653472 0.487760 0.653472 0.488021 0.653009 0.489583 0.653009 0.492448 0.651620 0.493750 0.651620 0.494010 0.651157 0.497396 0.651157 0.498698 0.649769 0.500781 0.648843 0.502083 0.648843 0.503125 0.647917 0.504167 0.647917 0.505469 0.646991 0.506771 0.646528 0.508073 0.646528 0.508333 0.646065 0.509635 0.646065 0.510938 0.645602 0.512240 0.644676 0.514583 0.644213 0.516146 0.643287 0.517448 0.643287 0.517708 0.642824 0.519271 0.642824 0.519531 0.642361 0.521094 0.642361 0.521354 0.641898 0.523177 0.641898 0.524740 0.640972 0.526563 0.640972 0.526823 0.641435 0.529948 0.641435 0.532031 0.640046 0.533333 0.639583 0.534635 0.639583 0.534896 0.639120 0.536198 0.639120 0.536458 0.638657 0.538802 0.638194 0.540104 0.637269 0.540885 0.637269 0.542448 0.635880 0.543229 0.635880 0.544271 0.634954 0.545573 0.634954 0.545833 0.634491 0.548177 0.634491 0.548438 0.634028 0.549740 0.634028 0.551302 0.633102 0.552604 0.633102 0.552865 0.632639 0.554688 0.632639 0.554948 0.632176 0.556250 0.632176 0.556510 0.631713 0.557813 0.631713 0.558073 0.631250 0.559375 0.631250 0.559635 0.630787 0.561979 0.630324 0.563281 0.629398 0.566927 0.628472 0.568490 0.627083 0.569271 0.627083 0.571354 0.625231 0.571875 0.625231 0.573177 0.623843 0.575781 0.621991 0.577865 0.619213 0.580469 0.617361 0.581250 0.616435 0.584635 0.614120 0.585938 0.613657 0.588021 0.611806 0.588542 0.611806 0.591927 0.609028 0.593229 0.608565 0.596094 0.605787 0.597917 0.604861 0.599740 0.604398 0.600521 0.604861 0.601693 0.606944 0.601693 0.613889 0.601432 0.614352 0.601432 0.621296 0.601172 0.621759 0.601172 0.631481 0.601432 0.631944 0.601432 0.635185 0.601693 0.635648 0.601693 0.638889 0.601953 0.639352 0.601953 0.641667 0.602734 0.644444 0.602734 0.645370 0.603516 0.647685 0.603516 0.648611 0.604297 0.651389 0.604818 0.652315 0.605339 0.654630 0.606380 0.657407 0.607943 0.660648 0.608724 0.662963 0.612240 0.669213 0.615885 0.673843 0.619271 0.676620 0.622135 0.679861 0.625000 0.681250 0.626302 0.681250 0.626563 0.681713 0.628906 0.682176 0.629167 0.682639 0.630469 0.682639 0.630729 0.683102 0.636979 0.683102 0.637240 0.682639 0.639062 0.682639 0.640104 0.681713 0.640885 0.681713 0.642969 0.680787 0.644010 0.679861 0.647396 0.678009 0.649219 0.675694 0.650000 0.675231 0.652083 0.672454 0.653125 0.671528 0.655859 0.666667 0.655859 0.666204 0.657161 0.663889 0.657943 0.662037 0.658984 0.658796 0.659505 0.657870 0.661068 0.650926 0.661589 0.649537 0.661849 0.647222 0.662891 0.643981 0.663411 0.641667 0.664453 0.633796 0.664714 0.629630 0.664974 0.629167 0.664974 0.613889 0.664453 0.612037 0.664193 0.608796 0.663151 0.603241 0.662630 0.601852 0.662109 0.598611 0.661068 0.595833 0.660286 0.593056 0.659505 0.591667 0.657943 0.587037 0.654427 0.581713 0.652865 0.580324 0.650521 0.577083 0.647656 0.573843 0.646094 0.572454 0.644401 0.569444 0.643359 0.566667 0.643359 0.564815 0.645443 0.560648 0.646224 0.558333 0.647526 0.556019 0.649349 0.551389 0.649349 0.550463 0.651172 0.543981 0.651432 0.541204 0.651953 0.539352 0.652214 0.535648 0.652734 0.533333 0.652734 0.531019 0.652995 0.530556 0.652995 0.527315 0.653255 0.526852 0.653255 0.516667 0.652995 0.516204 0.652995 0.513889 0.652734 0.511574 0.652214 0.509259 0.651953 0.506944 0.651432 0.504630 0.650651 0.502315 0.647526 0.496759 0.647526 0.496296 0.643750 0.489583 0.640104 0.485880 0.639323 0.484491 0.637500 0.482639 0.635677 0.481713 0.634115 0.479398 0.632812 0.478472 0.629687 0.477083 0.628385 0.477083 0.628125 0.476620 0.622396 0.476620 0.622135 0.477083 0.620833 0.477083 0.619271 0.478009 0.617708 0.478009 0.615625 0.479398 0.613802 0.479861 0.611979 0.481250 0.611328 0.482870 0.610026 0.487500 0.606120 0.494444 0.606120 0.494907 0.604297 0.498148 0.602734 0.501852 0.601693 0.506481 0.601693 0.507870 0.601172 0.510185 0.600911 0.512500 0.600911 0.514815 0.600651 0.515278 0.600651 0.518981 0.600391 0.519444 0.600391 0.525000 0.599609 0.530093 0.599609 0.532870 0.599870 0.533333 0.599870 0.537037 0.600130 0.537500 0.600130 0.541204 0.600391 0.541667 0.600391 0.544444 0.600651 0.545833 0.601953 0.550463 0.602214 0.550926 0.602214 0.553241 0.600781 0.555787 0.599219 0.556713 0.591927 0.556713 0.591667 0.556250 0.588281 0.556250 0.588021 0.555787 0.583854 0.555787 0.583594 0.555324 0.580729 0.555324 0.580469 0.554861 0.576823 0.554861 0.576562 0.554398 0.575000 0.554398 0.573698 0.553935 0.572396 0.553009 0.558073 0.553009 0.557813 0.553472 0.554688 0.553472 0.554427 0.553935 0.549219 0.553935 0.548958 0.554398 0.547396 0.554398 0.544531 0.555787 0.541927 0.555787 0.541667 0.556250 0.535677 0.556250 0.535417 0.555787 0.532552 0.555787 0.531250 0.557176 0.529948 0.559028 0.528385 0.560417 0.527604 0.560417 0.526563 0.561343 0.524740 0.561806 0.524479 0.562269 0.523177 0.562269 0.521615 0.563194 0.520573 0.563194 0.519271 0.564120 0.516927 0.564583 0.515625 0.565509 0.514323 0.565972 0.512760 0.565972 0.512500 0.566435 0.509635 0.566435 0.506771 0.567824 0.505469 0.567824 0.505208 0.568287 0.501823 0.568287 0.501563 0.568750 0.500000 0.568750 0.498698 0.569676 0.496875 0.569676 0.496615 0.570139 0.493490 0.570139 0.493229 0.570602 0.491667 0.570602 0.490104 0.571528 0.488281 0.571528 0.488021 0.571991 0.486198 0.571991 0.484115 0.573380 0.483333 0.573380 0.481510 0.574769 0.478906 0.576157 0.474219 0.576157 0.473958 0.576620 0.472656 0.576620 0.471354 0.577083 0.469792 0.578935 0.467708 0.579861 0.466406 0.580787 0.465104 0.580787 0.464844 0.581250 0.463021 0.581250 0.462760 0.581713 0.460938 0.581713 0.460677 0.582176 0.459115 0.582176 0.456250 0.583565 0.455208 0.583565 0.453906 0.584491 0.452865 0.584491 0.450521 0.585880 0.449479 0.585880 0.447135 0.587269 0.444792 0.587731 0.444531 0.588194 0.443229 0.588194 0.441927 0.588657 0.440625 0.589583 0.437240 0.590972 0.436198 0.591898 0.434896 0.591898 0.434635 0.592361 0.432292 0.592361 0.432031 0.592824 0.430208 0.592824 0.429948 0.593287 0.428646 0.593287 0.428385 0.593750 0.427083 0.593750 0.426823 0.594213 0.425000 0.594213 0.424740 0.594676 0.423438 0.594676 0.423177 0.595139 0.421094 0.596065 0.420312 0.596991 0.418490 0.597454 0.418229 0.597917 0.416667 0.597917 0.416406 0.598380 0.415104 0.598380 0.414844 0.598843 0.413542 0.598843 0.413281 0.599306 0.411719 0.599306 0.411458 0.599769 0.410156 0.599769 0.409896 0.600231 0.408594 0.600231 0.407292 0.600694 0.405990 0.601620 0.404687 0.602083 0.403385 0.602083 0.401823 0.603009 0.400521 0.603009 0.400260 0.603472 0.398958 0.603472 0.397656 0.604398 0.396354 0.604861 0.395052 0.604861 0.394792 0.605324 0.393490 0.605324 0.393229 0.605787 0.390625 0.605787 0.389323 0.605324 0.387630 0.602315 0.386979 0.600694 0.384896 0.598843 0.383594 0.598843 0.383333 0.598380 0.379948 0.598380 0.378646 0.599306 0.377604 0.599306 0.376042 0.600231 0.374479 0.600231 0.374219 0.600694 0.369271 0.600694 0.368359 0.598611 0.368359 0.592593 0.368620 0.590278 0.369401 0.586574 0.369401 0.585185 0.369922 0.582870 0.369922 0.580556 0.370182 0.580093 0.370443 0.575926 0.370964 0.573611 0.371224 0.569444 0.371745 0.567130 0.372005 0.564815 0.372005 0.562500 0.372526 0.559722 0.372786 0.555556 0.373047 0.555093 0.373047 0.552778 0.373568 0.550463 0.373828 0.546296 0.374349 0.543981 0.374349 0.542130 0.374870 0.539815 0.375391 0.533333 0.375911 0.531019 0.375911 0.528704 0.376172 0.528241 0.376172 0.525926 0.376693 0.523148 0.376953 0.519907 0.377474 0.517130 0.377474 0.514815 0.377734 0.512500 0.378255 0.510185 0.378255 0.508333 0.379036 0.504167 0.379297 0.500926 0.379818 0.498611 0.380078 0.496296 0.380078 0.493981 0.380339 0.493519 0.380339 0.491204 0.380599 0.490741 0.380599 0.488426 0.381380 0.484259 0.381380 0.481944 0.382161 0.476852 0.382161 0.475000 0.382682 0.472222 0.382682 0.469907 0.382943 0.467593 0.383464 0.465278 0.383984 0.459722 0.384505 0.457870 0.384505 0.456481 0.385026 0.454167 0.385026 0.451852 0.385286 0.451389 0.385286 0.449074 0.385547 0.448611 0.385547 0.446296 0.386068 0.443519 0.387370 0.439352 0.387630 0.436111 0.388151 0.433333 0.388151 0.431019 0.388672 0.428241 0.388672 0.425000 0.388932 0.424537 0.388932 0.420833 0.389193 0.420370 0.389974 0.413889 0.391016 0.410185 0.392969 0.406713 0.397135 0.404398 0.398438 0.403935 0.400521 0.403935 0.400781 0.403472 0.404427 0.403472 0.406510 0.404861 0.407422 0.406944 0.407422 0.409722 0.407161 0.410185 0.406901 0.412963 0.404427 0.416435 0.401432 0.421759 0.399349 0.427315 0.398828 0.428241 0.397005 0.435185 0.397005 0.436574 0.396224 0.439815 0.395964 0.441667 0.395964 0.443981 0.395703 0.444444 0.395703 0.451389 0.396484 0.456481 0.397266 0.458796 0.397266 0.459722 0.398307 0.462963 0.398568 0.464352 0.399870 0.468519 0.401953 0.473611 0.402214 0.475000 0.402995 0.476852 0.404297 0.479167 0.404297 0.479630 0.406771 0.484028 0.408073 0.485880 0.408854 0.486343 0.409896 0.487731 0.410417 0.487731 0.412240 0.489583 0.413802 0.490046 0.415885 0.491435 0.420052 0.491435 0.421615 0.490509 0.422656 0.490509 0.425781 0.489120 0.427344 0.488194 0.428646 0.486806 0.430990 0.484954 0.432292 0.483565 0.433854 0.481250 0.434115 0.481250 0.438151 0.474074 0.438151 0.473611 0.439453 0.471296 0.441797 0.464815 0.442318 0.462500 0.442578 0.459259 0.442839 0.458796 0.442839 0.456019 0.443099 0.455556 0.443099 0.448611 0.442839 0.446296 0.442057 0.443519 0.441797 0.440741 0.440234 0.435648 0.439453 0.432407 0.438932 0.431481 0.438151 0.427778 0.435807 0.418981 0.434375 0.416435 0.433073 0.415046 0.431771 0.414120 0.431250 0.413194 0.429688 0.411806 0.427865 0.408565 0.426563 0.407639 0.425651 0.406481 0.425521 0.404861 0.426823 0.404398 0.430208 0.401620 0.431510 0.401620 0.431771 0.401157 0.433854 0.401157 0.434115 0.400694 0.443490 0.400694 0.443750 0.400231 0.447656 0.400231 0.447917 0.399769 0.450260 0.399769 0.450521 0.399306 0.459635 0.399306 0.459896 0.398843 0.462240 0.398843 0.462500 0.398380 0.465365 0.398380 0.466667 0.397917 0.467969 0.398843 0.469141 0.400926 0.470182 0.404630 0.470182 0.407407 0.469661 0.410185 0.468620 0.413889 0.466146 0.418287 0.465885 0.418287 0.464453 0.420833 0.464453 0.421296 0.462109 0.428704 0.461849 0.431019 0.461328 0.432870 0.461328 0.435185 0.461068 0.435648 0.461068 0.438426 0.460807 0.438889 0.460807 0.447685 0.461068 0.449537 0.461849 0.452315 0.462109 0.454630 0.462630 0.456019 0.463151 0.459722 0.463672 0.461574 0.463672 0.462963 0.464193 0.464352 0.464453 0.466667 0.465234 0.469444 0.466276 0.472222 0.467318 0.474074 0.468099 0.476389 0.471094 0.481713 0.473958 0.484491 0.475521 0.484954 0.475781 0.485417 0.477604 0.485880 0.477865 0.486343 0.479427 0.486343 0.479687 0.486806 0.485677 0.486806 0.485938 0.486343 0.487240 0.486343 0.488802 0.485417 0.489844 0.485417 0.492708 0.483102 0.493229 0.483102 0.495052 0.481250 0.497396 0.479398 0.499479 0.475694 0.499740 0.475694 0.501563 0.472454 0.501823 0.472454 0.504818 0.467130 0.505599 0.463426 0.506120 0.462037 0.506380 0.459259 0.506641 0.458796 0.506901 0.454630 0.507161 0.454167 0.507161 0.446296 0.506641 0.442593 0.506380 0.442130 0.505339 0.436111 0.505339 0.434722 0.504557 0.431019 0.504557 0.429167 0.503776 0.424537 0.503516 0.424074 0.502734 0.420370 0.502214 0.418981 0.500391 0.415741 0.500391 0.415278 0.498568 0.412037 0.497786 0.409722 0.496615 0.408102 0.494922 0.405093 0.494922 0.403241 0.494141 0.400000 0.496094 0.397917 0.496875 0.397917 0.498698 0.396065 0.500781 0.395139 0.503385 0.395139 0.503646 0.394676 0.507812 0.394676 0.508073 0.394213 0.512240 0.394213 0.512500 0.393750 0.520312 0.393750 0.520573 0.393287 0.526042 0.393287 0.526563 0.393750 0.527734 0.395833 0.528255 0.398611 0.527995 0.400000 0.526172 0.406481 0.526172 0.407870 0.525651 0.409722 0.525130 0.414815 0.524609 0.417130 0.524609 0.428241 0.524870 0.428704 0.524870 0.431944 0.525130 0.432407 0.525130 0.436574 0.525391 0.437037 0.525391 0.441204 0.525911 0.443981 0.525911 0.446296 0.526432 0.448611 0.526432 0.450000 0.527734 0.455556 0.529036 0.458796 0.529297 0.460185 0.530599 0.463426 0.530859 0.464815 0.531901 0.467593 0.533854 0.471065 0.536979 0.473380 0.538802 0.475231 0.539323 0.475231 0.540625 0.476620 0.541927 0.477546 0.544271 0.479861 0.545052 0.480324 0.553385 0.480324 0.554948 0.479398 0.556250 0.479398 0.558333 0.478472 0.560156 0.477083 0.560677 0.476157 0.561979 0.475231 0.562500 0.474306 0.563802 0.473380 0.565104 0.471991 0.565625 0.471991 0.567187 0.470139 0.570443 0.464352 0.571224 0.462037 0.573307 0.458333 0.574089 0.456481 0.575130 0.452778 0.575651 0.450000 0.575651 0.448148 0.576172 0.445833 0.576432 0.443519 0.576432 0.441204 0.576693 0.440741 0.576693 0.422685 0.576432 0.422222 0.576432 0.418056 0.576172 0.417593 0.576172 0.415278 0.575911 0.414815 0.575911 0.412500 0.575391 0.409722 0.574609 0.404167 0.573568 0.400463 0.572526 0.398148 0.571224 0.393981 0.570703 0.393056 0.570964 0.391204 0.572656 0.389583 0.574479 0.389120 0.574740 0.388657 0.577083 0.388194 0.577344 0.387731 0.578646 0.387731 0.578906 0.387269 0.586198 0.387269 0.586458 0.386806 0.592708 0.386806 0.592969 0.386343 0.600781 0.386343 0.601042 0.385880 0.607812 0.385880 0.609115 0.384954 0.610156 0.384954 0.611719 0.384028 0.616406 0.384028 0.616667 0.383565 0.619792 0.383565 0.620052 0.383102 0.622656 0.383102 0.622917 0.382639 0.626823 0.382639 0.627083 0.382176 0.630208 0.382176 0.630469 0.381713 0.632812 0.381713 0.633073 0.381250 0.637240 0.381250 0.637500 0.380787 0.639323 0.380787 0.639583 0.381250 0.643750 0.381250 0.644010 0.380787 0.647656 0.380787 0.647917 0.380324 0.655208 0.380324 0.656771 0.381250 0.659115 0.384028 0.659896 0.384491 0.662500 0.386806 0.663932 0.389352 0.664974 0.393056 0.664974 0.395370 0.665234 0.395833 0.665234 0.398148 0.665495 0.398611 0.665495 0.402315 0.665755 0.402778 0.665755 0.406019 0.666016 0.406481 0.666016 0.409722 0.666276 0.410185 0.666276 0.421296 0.666797 0.424074 0.666797 0.426389 0.667057 0.426852 0.667057 0.431019 0.667318 0.431481 0.667318 0.435185 0.667578 0.435648 0.667578 0.437963 0.667839 0.438426 0.667839 0.441204 0.668099 0.441667 0.668099 0.446759 0.669141 0.455093 0.669401 0.455556 0.669401 0.459259 0.669661 0.459722 0.669661 0.463889 0.669922 0.464352 0.669922 0.466667 0.670964 0.471296 0.670964 0.474074 0.671224 0.474537 0.671224 0.476852 0.672005 0.481944 0.672005 0.485648 0.672266 0.486111 0.672266 0.490278 0.672526 0.490741 0.672526 0.493981 0.672786 0.494444 0.672786 0.497685 0.673047 0.498148 0.673047 0.500463 0.673307 0.500926 0.673307 0.504167 0.673568 0.504630 0.673568 0.509259 0.673828 0.509722 0.673828 0.513889 0.674089 0.514352 0.674089 0.518519 0.674349 0.518981 0.674349 0.523148 0.674609 0.523611 0.674609 0.525926 0.674870 0.526389 0.674870 0.528704 0.675130 0.529167 0.675130 0.531944 0.675391 0.532407 0.675391 0.535648 0.675651 0.536111 0.675651 0.538889 0.675911 0.539352 0.675911 0.542593 0.676172 0.543056 0.676172 0.545833 0.676432 0.546296 0.676432 0.549537 0.676693 0.550000 0.676693 0.552315 0.677214 0.555093 0.677214 0.558333 0.677474 0.558796 0.677474 0.562500 0.677734 0.562963 0.677734 0.565741 0.677995 0.566204 0.677995 0.569444 0.678255 0.569907 0.678255 0.573611 0.678516 0.574074 0.678516 0.576852 0.678776 0.577315 0.678776 0.580556 0.679036 0.581019 0.679036 0.584722 0.679297 0.585185 0.679297 0.587963 0.679818 0.590741 0.679818 0.593519 0.680078 0.593981 0.680078 0.596759 0.680339 0.597222 0.680339 0.600000 0.680599 0.600463 0.680599 0.602778 0.681120 0.605556 0.681120 0.608333 0.681380 0.608796 0.681380 0.612500 0.681641 0.612963 0.681641 0.615278 0.681901 0.615741 0.681901 0.618056 0.682161 0.618519 0.682161 0.621296 0.682422 0.621759 0.682422 0.625463 0.682682 0.625926 0.682682 0.629167 0.682943 0.629630 0.682943 0.632870 0.683203 0.633333 0.683203 0.636111 0.683464 0.636574 0.683464 0.640278 0.683724 0.640741 0.683724 0.643519 0.684245 0.645833 0.684505 0.648148 0.684505 0.651389 0.684766 0.651852 0.684766 0.656019 0.685026 0.656481 0.685026 0.659722 0.685286 0.660185 0.685286 0.662963 0.685547 0.663426 0.685547 0.666204 0.685807 0.666667 0.685807 0.668981 0.686068 0.669444 0.686068 0.671759 0.686328 0.672222 0.686328 0.674537 0.686589 0.675000 0.686589 0.677315 0.686849 0.677778 0.686849 0.681481 0.687109 0.681944 0.687109 0.685185 0.687370 0.685648 0.687370 0.687963 0.687630 0.688426 0.687630 0.691667 0.687891 0.692130 0.687891 0.698611 0.688151 0.699074 0.688151 0.702315 0.688411 0.702778 0.688411 0.719907 0.687891 0.721759 0.686589 0.727778 0.685026 0.731019 0.684245 0.733333 0.683464 0.734722 0.682943 0.736574 0.682161 0.737963 0.680599 0.743056 0.680078 0.743981 0.679557 0.746296 0.678776 0.747685 0.678255 0.749537 0.677214 0.751389 0.676432 0.754167 0.674349 0.759259 0.673828 0.761574 0.673307 0.762500 0.672005 0.767593 0.671484 0.768519 0.670443 0.772222 0.669661 0.773611 0.669141 0.775463 0.667057 0.779630 0.665495 0.783333 0.663932 0.788426 0.662109 0.793056 0.661589 0.794907 0.659505 0.799537 0.658724 0.802315 0.657813 0.803935 0.655208 0.806250 0.654818 0.807407 0.652865 0.810880 0.651042 0.812269 0.650000 0.812731 0.644271 0.812731 0.644010 0.813194
