 1 0.648568 0.000000 0.648568 0.002778 0.647786 0.005093 0.646224 0.011111 0.645443 0.012963 0.643880 0.015741 0.643880 0.016204 0.641927 0.019676 0.641667 0.019676 0.640234 0.022222 0.639323 0.024306 0.636719 0.027546 0.635417 0.028935 0.633073 0.030787 0.631771 0.032639 0.630469 0.034028 0.629948 0.034028 0.627604 0.036343 0.626823 0.036806 0.625521 0.036806 0.625260 0.037269 0.622917 0.037269 0.622656 0.037731 0.620313 0.037731 0.620052 0.038194 0.616667 0.038194 0.616406 0.038657 0.613021 0.038657 0.612760 0.039120 0.606510 0.039120 0.606250 0.039583 0.600000 0.039583 0.599740 0.040046 0.595313 0.040046 0.595052 0.040509 0.590885 0.040509 0.590625 0.040972 0.585417 0.040972 0.585156 0.041435 0.579427 0.041435 0.579167 0.041898 0.575000 0.041898 0.574740 0.042361 0.569792 0.042361 0.569531 0.042824 0.564323 0.042824 0.564063 0.043287 0.560156 0.043287 0.559896 0.043750 0.555208 0.043750 0.554948 0.044213 0.551042 0.044213 0.550781 0.044676 0.546615 0.044676 0.546354 0.045139 0.542708 0.045139 0.542448 0.045602 0.539323 0.045602 0.539062 0.046065 0.535156 0.046065 0.534896 0.046528 0.530208 0.046528 0.529948 0.046991 0.524219 0.046991 0.523958 0.047454 0.516667 0.047454 0.516406 0.047917 0.515104 0.047917 0.514844 0.048380 0.513281 0.048380 0.513021 0.048843 0.507031 0.048843 0.506771 0.049306 0.500521 0.049306 0.500260 0.049769 0.495312 0.049769 0.495052 0.050231 0.491406 0.050231 0.491146 0.050694 0.484635 0.050694 0.484375 0.051157 0.480729 0.051157 0.480469 0.051620 0.476823 0.051620 0.476562 0.052083 0.471875 0.052083 0.471615 0.052546 0.466927 0.052546 0.466667 0.053009 0.461719 0.053009 0.461458 0.053472 0.454688 0.053472 0.454427 0.053935 0.440885 0.053935 0.440625 0.053472 0.438802 0.053472 0.438542 0.053009 0.434896 0.051620 0.431250 0.048380 0.429688 0.046528 0.428385 0.044213 0.427344 0.043287 0.426563 0.041898 0.425521 0.040972 0.423047 0.036574 0.422266 0.034259 0.421224 0.032407 0.419141 0.026852 0.418099 0.022685 0.418099 0.021296 0.417318 0.017130 0.416797 0.015741 0.416016 0.010185 0.415755 0.009722 0.415755 0.006019 0.416016 0.005556 0.416016 0.000000
 4 0.488281 0.550231 0.486719 0.550231 0.486458 0.549769 0.484896 0.549769 0.483333 0.548843 0.481771 0.548380 0.480469 0.546991 0.479167 0.546065 0.476302 0.542361 0.474349 0.538889 0.474349 0.538426 0.473047 0.536111 0.472266 0.534259 0.470964 0.530093 0.470703 0.527778 0.469922 0.524537 0.469922 0.523148 0.469401 0.520833 0.469141 0.516667 0.468880 0.516204 0.468880 0.512500 0.468620 0.512037 0.468620 0.501852 0.469401 0.498611 0.469401 0.497222 0.469922 0.495370 0.470964 0.490278 0.472526 0.486574 0.475000 0.482176 0.476562 0.480324 0.477344 0.479861 0.479427 0.477546 0.479948 0.477546 0.483333 0.475231 0.484635 0.475231 0.486198 0.474306 0.490625 0.474306 0.491927 0.475231 0.492969 0.475231 0.495052 0.476157 0.497396 0.478472 0.500781 0.481250 0.501563 0.482176 0.502995 0.484722 0.503516 0.486574 0.505078 0.490278 0.506641 0.496296 0.506641 0.504167 0.506901 0.504630 0.507682 0.511574 0.507682 0.515741 0.507943 0.516204 0.507943 0.518519 0.507682 0.518981 0.507682 0.524537 0.506641 0.530556 0.505078 0.535185 0.504297 0.537037 0.501563 0.541898 0.500521 0.543287 0.498698 0.545139 0.498177 0.546065 0.493229 0.549306 0.491667 0.549306 0.491406 0.549769 0.488542 0.549769 0.488281 0.550231
 4 0.447656 0.740046 0.446354 0.739583 0.444010 0.739583 0.443750 0.739120 0.442448 0.739120 0.439323 0.737731 0.438021 0.736806 0.436198 0.734954 0.433854 0.731713 0.432161 0.728704 0.431380 0.726389 0.429557 0.722685 0.426953 0.713426 0.426693 0.711111 0.426172 0.709259 0.426172 0.707870 0.425391 0.704167 0.425391 0.700000 0.425130 0.699537 0.425130 0.691667 0.425391 0.691204 0.425391 0.688889 0.425911 0.686574 0.426172 0.683333 0.427214 0.678704 0.427995 0.675926 0.429818 0.671296 0.433333 0.665046 0.435417 0.662269 0.436198 0.661806 0.438802 0.659028 0.440885 0.658102 0.441667 0.657176 0.443229 0.656250 0.445052 0.656250 0.445312 0.655787 0.449479 0.655787 0.449740 0.656250 0.451823 0.656250 0.452083 0.656713 0.454427 0.657176 0.456250 0.658565 0.458073 0.660417 0.458854 0.661806 0.460938 0.664120 0.462891 0.667593 0.463672 0.669907 0.465495 0.674074 0.467057 0.681019 0.467578 0.682870 0.467578 0.684259 0.468620 0.688889 0.469141 0.693056 0.469141 0.696296 0.469401 0.696759 0.469401 0.703704 0.469141 0.704167 0.469141 0.706481 0.468620 0.710648 0.467839 0.713426 0.466536 0.719444 0.466016 0.720370 0.464714 0.724074 0.462891 0.727315 0.462891 0.727778 0.460417 0.732176 0.459635 0.733102 0.454948 0.737269 0.453385 0.738194 0.452604 0.738194 0.451562 0.739120 0.450260 0.739583 0.447917 0.739583 0.447656 0.740046
 4 0.522917 0.684028 0.519531 0.684028 0.519271 0.683565 0.516927 0.683565 0.515885 0.682639 0.515104 0.682639 0.512760 0.680787 0.510938 0.678472 0.509635 0.677546 0.508594 0.676157 0.505339 0.670370 0.504036 0.666667 0.503255 0.665278 0.502214 0.661574 0.501693 0.657870 0.501172 0.656019 0.500651 0.651389 0.500651 0.648148 0.500391 0.647685 0.500391 0.634259 0.500651 0.633796 0.500651 0.631019 0.500911 0.630556 0.500911 0.628241 0.501172 0.626389 0.501953 0.623611 0.501953 0.622685 0.502734 0.619444 0.503776 0.616667 0.505339 0.613426 0.505339 0.612963 0.507812 0.608565 0.509375 0.606713 0.512240 0.603935 0.514323 0.603009 0.514583 0.602546 0.515885 0.602546 0.516146 0.602083 0.518229 0.602083 0.518490 0.601620 0.525000 0.601620 0.525260 0.602083 0.528385 0.603472 0.529687 0.604861 0.530208 0.604861 0.533594 0.608102 0.538411 0.616667 0.539453 0.619444 0.540234 0.622222 0.540495 0.624537 0.541016 0.626389 0.541536 0.630556 0.541536 0.632870 0.541797 0.633333 0.541797 0.640278 0.542057 0.640741 0.542057 0.643056 0.541797 0.643519 0.541797 0.650000 0.541276 0.652778 0.541276 0.655093 0.540755 0.657407 0.540495 0.660648 0.539974 0.663426 0.538151 0.668981 0.535417 0.673843 0.535156 0.673843 0.533594 0.676620 0.532292 0.678009 0.530990 0.679861 0.528385 0.681713 0.526302 0.682639 0.525260 0.683565 0.523177 0.683565 0.522917 0.684028
 4 0.370052 0.799769 0.364063 0.799769 0.361198 0.798380 0.359896 0.796991 0.359375 0.796991 0.357552 0.795139 0.357031 0.795139 0.354687 0.792824 0.352083 0.790509 0.351042 0.789120 0.348438 0.784491 0.348177 0.784491 0.346745 0.781944 0.345964 0.780093 0.345964 0.779167 0.344922 0.776389 0.343359 0.770833 0.342578 0.766667 0.342578 0.763889 0.342318 0.763426 0.342318 0.756019 0.342578 0.755556 0.342578 0.752315 0.343359 0.746759 0.343880 0.743981 0.344401 0.742593 0.345703 0.736574 0.346224 0.735648 0.347786 0.731481 0.347786 0.731019 0.349479 0.728009 0.349740 0.728009 0.350911 0.725926 0.351432 0.724074 0.353125 0.721065 0.354948 0.719676 0.356510 0.717824 0.357812 0.716898 0.358333 0.715972 0.361198 0.713657 0.363542 0.712731 0.371354 0.712731 0.371615 0.713194 0.373177 0.713194 0.376563 0.715509 0.377865 0.717361 0.379167 0.718750 0.380208 0.719213 0.380990 0.720139 0.382292 0.722454 0.382552 0.722454 0.384896 0.726620 0.385156 0.726620 0.387109 0.730093 0.387109 0.730556 0.388672 0.733333 0.390234 0.737500 0.391276 0.742130 0.391276 0.743056 0.392057 0.745833 0.392057 0.749074 0.392318 0.749537 0.392318 0.756944 0.392057 0.757407 0.392057 0.761111 0.391536 0.762963 0.391536 0.764352 0.389453 0.773611 0.387630 0.779630 0.386589 0.781944 0.385286 0.784259 0.385286 0.784722 0.383073 0.788657 0.382812 0.788657 0.380208 0.792361 0.378906 0.793287 0.376563 0.795602 0.375781 0.796065 0.373958 0.797917 0.371354 0.799306 0.370052 0.799769
 5 0.420312 0.595602 0.419010 0.595139 0.416927 0.595139 0.415365 0.594213 0.412500 0.591898 0.411458 0.590509 0.409245 0.586574 0.408203 0.582870 0.408203 0.581944 0.407422 0.579630 0.407161 0.577315 0.405729 0.573380 0.403776 0.569907 0.401693 0.562500 0.400391 0.558333 0.398568 0.554630 0.397266 0.551389 0.396484 0.548148 0.395703 0.546296 0.395182 0.542593 0.394401 0.539815 0.392839 0.536111 0.392839 0.535185 0.391797 0.530556 0.391797 0.526852 0.391536 0.526389 0.391536 0.523148 0.392057 0.518981 0.393099 0.514352 0.393620 0.513426 0.394141 0.511111 0.394922 0.509259 0.396615 0.506250 0.398177 0.504861 0.399479 0.503009 0.404167 0.498843 0.404687 0.498843 0.408333 0.496528 0.412500 0.496528 0.413802 0.497454 0.416667 0.498843 0.418750 0.501620 0.419010 0.501620 0.420964 0.505093 0.423568 0.513426 0.424089 0.514352 0.424609 0.516667 0.425130 0.517593 0.429036 0.531481 0.429557 0.532407 0.431380 0.538426 0.431641 0.541204 0.432422 0.544444 0.432422 0.546759 0.432682 0.547222 0.432682 0.550000 0.432943 0.550463 0.433464 0.555556 0.435547 0.559259 0.436849 0.564815 0.436849 0.573148 0.436589 0.573611 0.436068 0.577778 0.435286 0.580556 0.433724 0.583333 0.432682 0.586574 0.430990 0.589583 0.429948 0.590509 0.428385 0.592824 0.426042 0.593750 0.425000 0.594676 0.423438 0.594676 0.423177 0.595139 0.420573 0.595139 0.420312 0.595602
 5 0.350781 0.643287 0.345052 0.643287 0.344010 0.641898 0.343229 0.641435 0.341927 0.639120 0.341146 0.638194 0.340104 0.637731 0.339323 0.636806 0.338542 0.636806 0.337240 0.635880 0.335938 0.634491 0.334375 0.634028 0.332813 0.633102 0.330990 0.631250 0.330208 0.630787 0.328385 0.628472 0.326823 0.626157 0.325521 0.625231 0.323437 0.622454 0.321875 0.621065 0.319792 0.620139 0.318490 0.619213 0.316927 0.617361 0.316276 0.615741 0.313802 0.611343 0.312760 0.610417 0.311458 0.608102 0.311198 0.608102 0.309766 0.605093 0.308203 0.600000 0.308203 0.598611 0.307682 0.596296 0.307682 0.593981 0.307422 0.593519 0.307422 0.589815 0.307682 0.589352 0.307682 0.585648 0.308724 0.580556 0.309766 0.576852 0.310807 0.574537 0.311328 0.572685 0.312891 0.569907 0.312891 0.569444 0.314063 0.567824 0.315234 0.565741 0.316146 0.563657 0.318229 0.561806 0.320052 0.560880 0.321354 0.559491 0.323958 0.558565 0.325260 0.557639 0.330990 0.557639 0.332552 0.558565 0.335677 0.561806 0.337500 0.563194 0.338802 0.564583 0.339844 0.566435 0.341667 0.568287 0.342448 0.568750 0.343750 0.570602 0.345052 0.572917 0.348438 0.576157 0.350000 0.578935 0.351823 0.580787 0.353516 0.583796 0.353516 0.584259 0.355078 0.587037 0.355859 0.588889 0.356641 0.591667 0.358073 0.595139 0.359375 0.595602 0.360677 0.595602 0.362240 0.596991 0.362760 0.597917 0.364583 0.599306 0.365755 0.601389 0.366276 0.605093 0.366797 0.606481 0.367057 0.608796 0.367057 0.614815 0.366276 0.618981 0.366016 0.622222 0.364714 0.626852 0.364193 0.628241 0.361198 0.633565 0.360156 0.634491 0.359375 0.635880 0.357552 0.637731 0.356510 0.639120 0.355990 0.639120 0.353646 0.641898 0.351042 0.642824 0.350781 0.643287
 5 0.467448 0.636806 0.465885 0.636806 0.464583 0.636343 0.463281 0.635417 0.462500 0.635417 0.461198 0.634491 0.458333 0.631713 0.456380 0.628704 0.455078 0.625000 0.454557 0.624074 0.454036 0.621759 0.453255 0.619444 0.453255 0.618519 0.452214 0.614815 0.452214 0.606944 0.451432 0.603241 0.451172 0.600463 0.450391 0.598148 0.450391 0.596759 0.449609 0.593519 0.449349 0.589815 0.449089 0.589352 0.449089 0.584259 0.449349 0.583796 0.449870 0.578241 0.451432 0.572222 0.452995 0.569444 0.452995 0.568981 0.455729 0.564120 0.455990 0.564120 0.458073 0.561343 0.460677 0.559491 0.462760 0.558565 0.465625 0.558565 0.465885 0.558102 0.467448 0.558102 0.467708 0.558565 0.470313 0.558565 0.471354 0.559028 0.472135 0.559954 0.473438 0.560417 0.475260 0.562269 0.476302 0.563657 0.478776 0.568056 0.479557 0.569907 0.480859 0.574074 0.481120 0.576389 0.481641 0.577778 0.481901 0.580556 0.482422 0.583333 0.482422 0.585648 0.482682 0.586111 0.483724 0.594444 0.484245 0.595833 0.485026 0.600000 0.485026 0.604630 0.485286 0.605093 0.485286 0.607870 0.485026 0.608333 0.484766 0.612037 0.483984 0.615278 0.483984 0.616667 0.483464 0.618981 0.481120 0.625463 0.481120 0.625926 0.479167 0.629398 0.477865 0.631250 0.476562 0.632639 0.476042 0.632639 0.474740 0.634028 0.472917 0.634491 0.471615 0.635417 0.470313 0.635417 0.469010 0.636343 0.467708 0.636343 0.467448 0.636806
 5 0.679167 0.423843 0.672656 0.423843 0.671354 0.422917 0.670312 0.422917 0.667448 0.420139 0.666927 0.420139 0.665104 0.418287 0.664062 0.416898 0.661328 0.412037 0.659766 0.406019 0.659505 0.404167 0.659505 0.401852 0.659245 0.401389 0.659245 0.396759 0.659505 0.396296 0.659505 0.393981 0.659766 0.393519 0.659766 0.391204 0.661068 0.383796 0.661849 0.381481 0.663151 0.375463 0.663151 0.373611 0.663672 0.371296 0.663932 0.368981 0.665234 0.363426 0.666016 0.362037 0.666276 0.360648 0.667057 0.358796 0.670052 0.353472 0.671354 0.352546 0.671875 0.351620 0.674740 0.349306 0.677083 0.348843 0.677344 0.348380 0.683333 0.348380 0.683594 0.348843 0.684896 0.348843 0.685937 0.349306 0.687760 0.350694 0.689583 0.352546 0.691406 0.353472 0.692187 0.354398 0.693880 0.357407 0.695182 0.361574 0.695443 0.363889 0.695964 0.365741 0.695964 0.367130 0.696484 0.369444 0.696484 0.376389 0.696224 0.376852 0.695964 0.380556 0.695443 0.381944 0.695182 0.384259 0.694661 0.385648 0.693880 0.389815 0.693880 0.391667 0.692839 0.394907 0.692318 0.399074 0.689974 0.406944 0.689974 0.407870 0.689193 0.410185 0.687630 0.413426 0.686328 0.417130 0.684896 0.419213 0.683333 0.420602 0.682813 0.420602 0.681250 0.422917 0.679167 0.423843
 4 0.741406 0.385417 0.735677 0.385417 0.735417 0.384954 0.733594 0.384954 0.733333 0.384491 0.731771 0.384491 0.730208 0.383565 0.729167 0.383565 0.727604 0.382639 0.726042 0.380787 0.724740 0.379861 0.721615 0.375694 0.718880 0.370833 0.717057 0.365741 0.716276 0.362500 0.715755 0.358333 0.715755 0.356019 0.716016 0.355556 0.716016 0.352315 0.716276 0.350000 0.717057 0.346759 0.717839 0.344444 0.719401 0.341204 0.719661 0.339815 0.720703 0.337037 0.720964 0.335648 0.722005 0.333333 0.723047 0.329630 0.724089 0.327315 0.724870 0.325000 0.726302 0.322454 0.728906 0.319213 0.729427 0.319213 0.731771 0.316898 0.733333 0.315972 0.734375 0.315972 0.735417 0.315046 0.742448 0.315046 0.742708 0.315509 0.744010 0.315509 0.746094 0.317361 0.746615 0.317361 0.748437 0.319213 0.751563 0.320139 0.753125 0.322917 0.754167 0.324306 0.754948 0.324769 0.758464 0.331019 0.759505 0.334259 0.760026 0.337037 0.760026 0.338426 0.760547 0.340741 0.760547 0.346759 0.760286 0.347222 0.759505 0.353241 0.758464 0.356944 0.756380 0.362500 0.755859 0.364815 0.755339 0.365741 0.753776 0.370833 0.752734 0.373148 0.748177 0.381250 0.745833 0.383565 0.745313 0.383565 0.743229 0.384954 0.741667 0.384954 0.741406 0.385417
 4 0.084375 0.828009 0.080990 0.828009 0.080729 0.827546 0.078646 0.827546 0.078385 0.827083 0.077083 0.827083 0.076823 0.826620 0.075521 0.826620 0.074219 0.825694 0.071094 0.824769 0.070833 0.824306 0.067969 0.823380 0.066667 0.822454 0.064323 0.821991 0.063021 0.821065 0.060417 0.820139 0.057552 0.817361 0.056250 0.816435 0.054948 0.815046 0.052214 0.810185 0.051172 0.807407 0.050130 0.803704 0.049089 0.796296 0.049089 0.788426 0.049349 0.787963 0.049349 0.785648 0.049609 0.785185 0.050130 0.780556 0.051693 0.773611 0.052995 0.769444 0.052995 0.768519 0.053776 0.766204 0.054818 0.764352 0.055599 0.762037 0.056641 0.759722 0.060677 0.752546 0.062240 0.750694 0.065104 0.746528 0.066667 0.744676 0.069792 0.741898 0.070573 0.741435 0.071875 0.739583 0.073958 0.738194 0.076302 0.737731 0.078125 0.736343 0.079167 0.735880 0.080729 0.735880 0.080990 0.735417 0.083333 0.735417 0.083594 0.734954 0.084896 0.734954 0.085156 0.735417 0.088542 0.735417 0.088802 0.735880 0.090104 0.735880 0.091667 0.736806 0.093229 0.736806 0.093490 0.737269 0.095573 0.737269 0.097135 0.738194 0.098437 0.738194 0.099740 0.739120 0.100781 0.739120 0.102344 0.740046 0.103385 0.740046 0.105208 0.741435 0.105990 0.741435 0.107031 0.742361 0.107813 0.742361 0.109635 0.743750 0.112500 0.746528 0.114714 0.750463 0.117318 0.758796 0.117578 0.761574 0.117839 0.762037 0.117839 0.765278 0.118099 0.765741 0.118099 0.771296 0.117839 0.771759 0.117839 0.775000 0.117318 0.777315 0.116797 0.781481 0.116016 0.784722 0.115755 0.787037 0.115234 0.789352 0.113151 0.794907 0.112370 0.796296 0.110807 0.800926 0.108464 0.805093 0.108464 0.805556 0.104427 0.812731 0.104167 0.812731 0.102604 0.815509 0.101562 0.816898 0.099479 0.818750 0.096354 0.821065 0.093490 0.823843 0.092969 0.823843 0.090104 0.826157 0.088281 0.826620 0.088021 0.827083 0.086719 0.827083 0.086458 0.827546 0.084635 0.827546 0.084375 0.828009
 3 0.153385 0.896528 0.150260 0.896528 0.150000 0.896065 0.147135 0.896065 0.146875 0.895602 0.144010 0.895602 0.143750 0.895139 0.141406 0.895139 0.141146 0.894676 0.139063 0.894676 0.137500 0.893750 0.134896 0.892824 0.133594 0.891435 0.133073 0.891435 0.131771 0.889583 0.129557 0.885648 0.127995 0.880556 0.127474 0.879630 0.126953 0.877315 0.126693 0.874074 0.126172 0.871759 0.126172 0.862037 0.126432 0.861574 0.126432 0.859259 0.127214 0.854167 0.127214 0.852315 0.127734 0.849537 0.128255 0.848611 0.128776 0.846296 0.129557 0.843981 0.130078 0.841204 0.131120 0.838889 0.131380 0.837500 0.133464 0.833796 0.133984 0.831944 0.135937 0.828472 0.136198 0.828472 0.139323 0.822917 0.140885 0.821528 0.141406 0.820602 0.143750 0.818750 0.145833 0.815972 0.147396 0.814583 0.148698 0.814120 0.149740 0.813194 0.152344 0.812269 0.153385 0.811343 0.154688 0.810880 0.161719 0.810880 0.163021 0.811806 0.163802 0.811806 0.165104 0.812731 0.169271 0.814583 0.171094 0.815046 0.172135 0.815972 0.173958 0.816435 0.175781 0.818750 0.177865 0.820139 0.178906 0.821528 0.180990 0.825231 0.182161 0.828241 0.183724 0.835648 0.183724 0.844444 0.183464 0.844907 0.183464 0.847685 0.183203 0.848148 0.183203 0.850463 0.182682 0.852778 0.182682 0.854630 0.181641 0.859722 0.180599 0.862037 0.180078 0.863889 0.178255 0.868981 0.177474 0.871759 0.175391 0.875463 0.174870 0.877315 0.172917 0.880787 0.172656 0.880787 0.170313 0.884954 0.169010 0.886343 0.168490 0.886343 0.164062 0.891435 0.161979 0.893287 0.160156 0.893750 0.158333 0.895139 0.157292 0.895602 0.155729 0.895602 0.155469 0.896065 0.153646 0.896065 0.153385 0.896528
 3 0.000000 0.795139 0.001302 0.795139 0.002734 0.792130 0.003255 0.790278 0.005078 0.787037 0.005078 0.786574 0.006250 0.784954 0.008073 0.781713 0.010417 0.778472 0.012240 0.776620 0.012760 0.775694 0.017969 0.771528 0.018750 0.771528 0.020573 0.770139 0.023438 0.769213 0.024479 0.768287 0.029167 0.768287 0.029427 0.768750 0.032552 0.768750 0.034635 0.770139 0.035417 0.770139 0.037240 0.771528 0.040365 0.772917 0.041406 0.772917 0.044010 0.774769 0.044792 0.774769 0.047135 0.776157 0.048958 0.778472 0.050521 0.778472 0.051302 0.778009 0.051953 0.776852 0.052214 0.774074 0.053255 0.770370 0.053776 0.766204 0.054557 0.763426 0.056380 0.759259 0.059115 0.754398 0.060417 0.753009 0.063542 0.748380 0.064583 0.747454 0.066146 0.744676 0.067448 0.743287 0.068750 0.742824 0.070052 0.741898 0.073438 0.738657 0.075521 0.737731 0.076823 0.736806 0.078125 0.736806 0.078385 0.736343 0.080729 0.736343 0.080990 0.735880 0.085938 0.735880 0.086198 0.736343 0.088802 0.736343 0.089063 0.736806 0.092188 0.736806 0.092448 0.737269 0.094271 0.737269 0.094531 0.737731 0.096615 0.737731 0.096875 0.738194 0.098698 0.738194 0.102344 0.740972 0.104427 0.741435 0.105729 0.742361 0.107031 0.742824 0.109375 0.744213 0.110156 0.744213 0.111458 0.745139 0.114583 0.750694 0.114844 0.750694 0.116016 0.752778 0.116536 0.754630 0.117318 0.759722 0.117839 0.762037 0.117839 0.764352 0.118099 0.764815 0.118099 0.767593 0.118359 0.768056 0.118359 0.772222 0.118620 0.773611 0.118359 0.775463 0.117318 0.780093 0.117057 0.783333 0.116536 0.786111 0.115755 0.788889 0.114193 0.792593 0.113411 0.795833 0.112891 0.797222 0.108984 0.804167 0.107422 0.809259 0.107422 0.809722 0.105729 0.812731 0.104167 0.814583 0.102604 0.815972 0.101823 0.817361 0.098437 0.820139 0.097135 0.820602 0.095833 0.821528 0.090625 0.826157 0.088542 0.827083 0.087240 0.827083 0.086979 0.827546 0.084896 0.827546 0.084635 0.828009 0.081771 0.828009 0.081510 0.828472 0.079687 0.828472 0.078646 0.827546 0.076563 0.827083 0.076302 0.826620 0.073958 0.826620 0.073698 0.826157 0.072135 0.826157 0.070573 0.824769 0.069271 0.824306 0.068229 0.823380 0.066406 0.822917 0.066146 0.822454 0.064323 0.821991 0.063542 0.821065 0.061979 0.820139 0.061198 0.820139 0.060156 0.819213 0.058073 0.818287 0.056771 0.816898 0.055729 0.816435 0.054557 0.814815 0.053776 0.812037 0.053125 0.807639 0.052344 0.807639 0.051953 0.808333 0.051953 0.811574 0.051693 0.812037 0.051693 0.815278 0.050651 0.819444 0.049349 0.822685 0.048307 0.824537 0.047526 0.826852 0.046484 0.828704 0.045703 0.831019 0.044922 0.832407 0.044141 0.834722 0.041146 0.840046 0.040885 0.840046 0.038021 0.845139 0.035677 0.847454 0.034115 0.848380 0.033333 0.848380 0.031771 0.849306 0.030469 0.850694 0.027604 0.852083 0.025781 0.852083 0.025521 0.852546 0.020052 0.852546 0.019792 0.852083 0.017969 0.852083 0.016667 0.851620 0.013281 0.849769 0.012240 0.849769 0.009635 0.848843 0.008333 0.847917 0.007552 0.847917 0.006510 0.846991 0.005729 0.846991 0.003385 0.845139 0.002083 0.843287 0.001302 0.842824 0.000000 0.842824
 3 0.139323 0.891435 0.138021 0.891435 0.138021 0.890972 0.139323 0.890972 0.139323 0.891435
 4 0.105078 0.999537 0.104297 0.997685 0.103776 0.993981 0.103255 0.991667 0.103255 0.989352 0.102995 0.988889 0.102995 0.980093 0.103255 0.979630 0.103255 0.977315 0.103516 0.976852 0.103516 0.974074 0.103776 0.973611 0.103776 0.971296 0.104036 0.970833 0.104818 0.964815 0.105339 0.962037 0.107161 0.956019 0.107161 0.955093 0.108464 0.951389 0.109245 0.950000 0.109766 0.948148 0.111328 0.944907 0.112109 0.942593 0.113411 0.940278 0.113411 0.939815 0.117448 0.932639 0.118490 0.931250 0.121615 0.928009 0.123177 0.925694 0.123958 0.925231 0.127604 0.921065 0.128125 0.921065 0.130208 0.919213 0.133594 0.917824 0.134635 0.916898 0.136458 0.916435 0.137760 0.915509 0.139063 0.915046 0.148698 0.915046 0.148958 0.915509 0.158854 0.915509 0.163281 0.917824 0.164583 0.918750 0.167969 0.921991 0.169922 0.925463 0.170964 0.927778 0.171745 0.930093 0.173568 0.934722 0.173828 0.937500 0.174089 0.937963 0.174349 0.941204 0.174609 0.941667 0.174609 0.943981 0.174870 0.944444 0.174870 0.946759 0.175130 0.947222 0.175130 0.955556 0.174609 0.958333 0.174089 0.959722 0.174089 0.961111 0.173568 0.963426 0.173568 0.964815 0.173047 0.966667 0.172786 0.968981 0.172005 0.973148 0.171745 0.973611 0.170443 0.978241 0.169401 0.982870 0.168359 0.985185 0.167839 0.987037 0.166536 0.989352 0.166536 0.989815 0.164193 0.993981 0.164193 0.994444 0.162240 0.997917 0.161068 0.999537
 6 0.000000 0.844213 0.001823 0.844213 0.003385 0.846065 0.004948 0.847454 0.008333 0.848843 0.010417 0.850231 0.012760 0.850694 0.013021 0.851157 0.015885 0.852083 0.017188 0.853009 0.018490 0.853009 0.018750 0.853472 0.021094 0.853472 0.021354 0.853935 0.022656 0.853472 0.026302 0.853472 0.026562 0.853009 0.027865 0.853009 0.028125 0.852546 0.029948 0.852083 0.032813 0.849769 0.033333 0.849769 0.034635 0.848380 0.039062 0.844676 0.040625 0.842361 0.040885 0.842361 0.043620 0.837500 0.043620 0.837037 0.045703 0.833333 0.046745 0.831019 0.048047 0.826852 0.050651 0.821296 0.050651 0.820833 0.052604 0.817361 0.053906 0.817361 0.054167 0.817824 0.055469 0.817824 0.056510 0.818287 0.057813 0.819676 0.059115 0.820602 0.059896 0.820602 0.060937 0.821528 0.061719 0.821528 0.064323 0.823380 0.067708 0.824306 0.070052 0.825694 0.071875 0.826157 0.072135 0.826620 0.073438 0.826620 0.073698 0.827083 0.075000 0.827083 0.075260 0.827546 0.076563 0.827546 0.077865 0.828472 0.079167 0.828935 0.085156 0.828935 0.085417 0.828472 0.087500 0.828472 0.090885 0.827083 0.092448 0.825694 0.095573 0.823380 0.098437 0.821528 0.099740 0.820139 0.100260 0.820139 0.101302 0.818750 0.102083 0.818287 0.103125 0.816435 0.104427 0.815046 0.110547 0.804167 0.111849 0.800463 0.113151 0.797685 0.113932 0.795370 0.114453 0.793056 0.115495 0.790278 0.117318 0.783796 0.117839 0.778704 0.118359 0.775926 0.118359 0.765278 0.118099 0.764815 0.118099 0.761111 0.117318 0.756944 0.116016 0.752315 0.115234 0.750463 0.112760 0.746065 0.112500 0.746065 0.110937 0.743750 0.109896 0.743287 0.109115 0.742361 0.107552 0.741898 0.106510 0.740972 0.103906 0.739583 0.098698 0.737731 0.097656 0.737731 0.096354 0.736806 0.095052 0.736806 0.094792 0.736343 0.093490 0.736343 0.092188 0.735880 0.090885 0.734954 0.089844 0.734954 0.088281 0.734028 0.086979 0.734028 0.086719 0.733565 0.084896 0.733565 0.084635 0.733102 0.082552 0.732639 0.082292 0.733102 0.080208 0.733102 0.079427 0.732639 0.078776 0.731481 0.080208 0.730324 0.081250 0.729861 0.083073 0.729861 0.084896 0.728472 0.085417 0.727546 0.086979 0.726157 0.088281 0.726157 0.089583 0.725231 0.090625 0.725231 0.091927 0.724306 0.092969 0.724306 0.094271 0.723380 0.096094 0.722917 0.096354 0.722454 0.098698 0.721991 0.100000 0.721065 0.101042 0.721065 0.102344 0.720139 0.106771 0.718750 0.107031 0.718287 0.110156 0.716898 0.110937 0.715972 0.112500 0.715509 0.112760 0.715046 0.114062 0.715046 0.115625 0.714120 0.116927 0.714120 0.117188 0.713657 0.119010 0.713657 0.119271 0.713194 0.120833 0.713194 0.121094 0.712731 0.122396 0.712731 0.122656 0.712269 0.126302 0.711343 0.127604 0.710417 0.131250 0.709491 0.131510 0.709028 0.133854 0.708565 0.135937 0.707176 0.136719 0.707176 0.137760 0.706250 0.139063 0.705787 0.140365 0.705787 0.140625 0.705324 0.141927 0.705324 0.142187 0.704861 0.143490 0.704861 0.143750 0.704398 0.145573 0.703935 0.147396 0.702546 0.149479 0.702083 0.151042 0.701157 0.152083 0.701157 0.154167 0.699769 0.155469 0.699769 0.155729 0.699306 0.157031 0.699306 0.157292 0.698843 0.158594 0.698843 0.159896 0.698380 0.161198 0.697454 0.162240 0.697454 0.163542 0.696528 0.165885 0.696065 0.166146 0.695602 0.169271 0.694676 0.170573 0.693750 0.171615 0.693750 0.176042 0.691898 0.177344 0.690972 0.178385 0.690972 0.179948 0.690046 0.181250 0.690046 0.182552 0.689583 0.183854 0.688657 0.185938 0.688194 0.186979 0.687269 0.187760 0.687269 0.189062 0.686343 0.190365 0.686343 0.190625 0.685880 0.193490 0.684954 0.195312 0.683565 0.199479 0.682176 0.200781 0.681250 0.202083 0.681250 0.202344 0.680787 0.204167 0.680787 0.204427 0.680324 0.206510 0.680324 0.206771 0.679861 0.210156 0.679861 0.210417 0.680324 0.211719 0.680324 0.212760 0.680787 0.214844 0.682639 0.216406 0.684491 0.217188 0.685880 0.219271 0.687731 0.219792 0.688657 0.222917 0.690972 0.225000 0.691898 0.225521 0.692824 0.227604 0.694676 0.228125 0.695602 0.229427 0.696528 0.230990 0.698380 0.234115 0.700694 0.235677 0.703009 0.237240 0.704861 0.242969 0.709954 0.245052 0.712269 0.246875 0.713657 0.247396 0.714583 0.250260 0.716898 0.251563 0.718750 0.252865 0.719676 0.254167 0.720139 0.255990 0.721528 0.257292 0.723380 0.258594 0.724306 0.263281 0.728472 0.264583 0.730324 0.265365 0.730787 0.266406 0.732176 0.267969 0.733102 0.268490 0.734028 0.271615 0.736806 0.272135 0.736806 0.275521 0.740046 0.276302 0.741435 0.278646 0.743750 0.279948 0.744676 0.282031 0.747454 0.285417 0.750231 0.287760 0.753009 0.289714 0.756481 0.290234 0.757870 0.291016 0.761111 0.291016 0.763889 0.291276 0.764352 0.291276 0.768981 0.291536 0.769444 0.291536 0.800463 0.291797 0.800926 0.291797 0.860648 0.291536 0.861111 0.291536 0.868056 0.291797 0.868519 0.291797 0.909722 0.292057 0.910185 0.292057 0.930556 0.291797 0.931019 0.291797 0.989815 0.291536 0.990278 0.291536 0.993056 0.291276 0.994907 0.289844 0.996991 0.288542 0.997454 0.282031 0.997454 0.281771 0.997917 0.251302 0.997917 0.251042 0.998380 0.244792 0.998380 0.244531 0.997917 0.238281 0.997917 0.238021 0.997454 0.217448 0.997454 0.217188 0.997917 0.215625 0.997917 0.215365 0.997454 0.194271 0.997454 0.194010 0.997917 0.192708 0.997917 0.192448 0.997454 0.188281 0.997454 0.188021 0.997917 0.186458 0.997917 0.186198 0.998380 0.171615 0.998380 0.171354 0.997917 0.169792 0.997917 0.169531 0.997454 0.167969 0.997454 0.166667 0.996528 0.166016 0.995370 0.167318 0.992593 0.168099 0.989815 0.169141 0.987037 0.171224 0.983333 0.172266 0.981019 0.173307 0.977778 0.174089 0.976389 0.174870 0.973611 0.174870 0.972685 0.176432 0.967593 0.177214 0.965741 0.177474 0.963426 0.177995 0.961574 0.177995 0.958796 0.178255 0.958333 0.178255 0.948148 0.177214 0.944444 0.177214 0.943519 0.175911 0.938426 0.174870 0.935185 0.174089 0.933796 0.173828 0.932407 0.173047 0.931019 0.172786 0.929630 0.171484 0.927315 0.171484 0.926852 0.170313 0.925231 0.167969 0.921065 0.166406 0.919676 0.165885 0.918750 0.164323 0.917824 0.162500 0.915972 0.160938 0.915046 0.159896 0.915046 0.158594 0.914120 0.156250 0.914120 0.155990 0.914583 0.148177 0.914583 0.147917 0.914120 0.141146 0.914120 0.140885 0.914583 0.138542 0.914583 0.137240 0.915046 0.135937 0.915972 0.134896 0.915972 0.133854 0.916898 0.133073 0.916898 0.132031 0.917824 0.130208 0.918287 0.129948 0.918750 0.126302 0.920602 0.125000 0.922917 0.123698 0.924306 0.121875 0.927083 0.119271 0.929861 0.118490 0.931250 0.116146 0.934028 0.114193 0.937500 0.114193 0.937963 0.110286 0.944907 0.109505 0.946759 0.109245 0.948148 0.107943 0.952315 0.106901 0.954630 0.106641 0.956019 0.104557 0.962500 0.104036 0.965278 0.104036 0.966667 0.103516 0.968056 0.103255 0.971296 0.102995 0.971759 0.102995 0.974074 0.102734 0.974537 0.102734 0.977315 0.102474 0.977778 0.102474 0.980556 0.102214 0.981019 0.102214 0.995370 0.100781 0.997454 0.099479 0.997917 0.071354 0.997917 0.071094 0.997454 0.066927 0.997454 0.066667 0.997917 0.064844 0.997917 0.063802 0.998380 0.063542 0.997917 0.042188 0.997917 0.041927 0.998380 0.040625 0.997917 0.037760 0.997917 0.036719 0.997454 0.034115 0.995602 0.032552 0.995602 0.029687 0.997454 0.012760 0.997454 0.012500 0.996991 0.008594 0.996991 0.008333 0.997454 0.006250 0.997454 0.005990 0.997917 0.000000 0.997917
 6 0.000000 0.758102 0.002344 0.758102 0.002604 0.757639 0.005208 0.756713 0.006250 0.756713 0.007552 0.755787 0.008854 0.755324 0.010156 0.755324 0.010417 0.754861 0.011979 0.754861 0.012240 0.754398 0.013542 0.754398 0.013802 0.753935 0.015625 0.753935 0.015885 0.753472 0.017448 0.753472 0.017708 0.753009 0.019010 0.753009 0.019271 0.752546 0.020573 0.752546 0.024740 0.750694 0.026042 0.749769 0.027865 0.749306 0.028125 0.748843 0.029948 0.748380 0.031250 0.747454 0.034115 0.746528 0.035156 0.745602 0.038281 0.744676 0.039583 0.743750 0.040885 0.743287 0.042188 0.743287 0.042448 0.742824 0.043750 0.742824 0.045833 0.741435 0.046615 0.741435 0.047656 0.740509 0.050260 0.739583 0.051562 0.739583 0.053125 0.738657 0.054167 0.738657 0.055469 0.737731 0.056771 0.737269 0.058073 0.737269 0.059635 0.736343 0.064844 0.736343 0.065104 0.736806 0.066667 0.736806 0.068229 0.737731 0.068620 0.738426 0.067708 0.740509 0.067187 0.740509 0.065365 0.742361 0.064193 0.744444 0.064193 0.744907 0.059505 0.753241 0.059505 0.753704 0.056120 0.759722 0.056120 0.760185 0.054818 0.762500 0.052995 0.767130 0.051953 0.770833 0.049219 0.777083 0.047917 0.777083 0.046354 0.775231 0.045052 0.774769 0.044010 0.773843 0.041667 0.772454 0.040885 0.772454 0.039844 0.771528 0.038021 0.771065 0.036198 0.769676 0.033594 0.768287 0.032292 0.767824 0.030469 0.767824 0.030208 0.767361 0.024740 0.767361 0.024479 0.767824 0.023177 0.767824 0.022917 0.768287 0.021615 0.768287 0.019531 0.769676 0.018750 0.769676 0.015104 0.772454 0.011458 0.777083 0.011198 0.777083 0.009115 0.779861 0.008854 0.779861 0.002995 0.790278 0.002083 0.792824 0.001302 0.793750 0.000000 0.793750
 6 0.154297 0.898148 0.156250 0.897917 0.156510 0.897454 0.157812 0.897454 0.159635 0.896528 0.160417 0.895602 0.161719 0.895139 0.163021 0.893750 0.163542 0.893750 0.166667 0.890972 0.168490 0.888657 0.171354 0.886343 0.172135 0.884954 0.173437 0.883565 0.175391 0.880093 0.176432 0.877778 0.177214 0.875463 0.178516 0.873148 0.179297 0.871296 0.180078 0.868519 0.180599 0.867593 0.182422 0.860648 0.182682 0.858333 0.183203 0.856481 0.183203 0.855093 0.183724 0.853241 0.183984 0.850926 0.183984 0.846296 0.184245 0.845833 0.184245 0.835648 0.183984 0.833333 0.182682 0.827778 0.181641 0.825463 0.181120 0.823611 0.179688 0.821065 0.178385 0.819213 0.177083 0.817824 0.173177 0.814583 0.171875 0.814120 0.170573 0.814120 0.170313 0.813657 0.168229 0.813194 0.166406 0.811806 0.165625 0.811806 0.164323 0.810880 0.163021 0.810417 0.161719 0.810417 0.161458 0.809954 0.160156 0.809954 0.159896 0.809491 0.156771 0.809491 0.155208 0.810417 0.152865 0.810880 0.152604 0.811343 0.148958 0.812731 0.147656 0.814120 0.147135 0.814120 0.145052 0.815972 0.144531 0.816898 0.142708 0.818287 0.140625 0.821065 0.138802 0.822454 0.137630 0.824074 0.137630 0.824537 0.133724 0.831481 0.133724 0.831944 0.132422 0.834259 0.131380 0.836574 0.129557 0.842130 0.129297 0.843519 0.127995 0.847222 0.126953 0.850926 0.126693 0.853704 0.126172 0.855556 0.125911 0.859722 0.125391 0.862500 0.125391 0.870370 0.125651 0.870833 0.125651 0.873148 0.125911 0.873611 0.126693 0.879630 0.127214 0.881944 0.127995 0.884259 0.129297 0.886574 0.129297 0.887037 0.131250 0.890509 0.132292 0.891898 0.134115 0.893750 0.135677 0.894676 0.136458 0.894676 0.137500 0.895602 0.139844 0.896528 0.141146 0.896528 0.141406 0.896991 0.142708 0.896991 0.142969 0.897454 0.146615 0.897454 0.146875 0.897917 0.149479 0.897917 0.149740 0.898380 0.154167 0.898380 0.154297 0.898148
 6 0.252474 0.961111 0.252734 0.958796 0.252734 0.955556 0.252083 0.954398 0.251302 0.954398 0.250911 0.956019 0.251172 0.958333 0.251953 0.960648 0.252474 0.961111
