 0 0.127344 0.511806 0.126042 0.511806 0.125781 0.511343 0.124479 0.511343 0.123438 0.510880 0.122266 0.508796 0.121745 0.506944 0.120443 0.504167 0.119661 0.500926 0.118490 0.498843 0.117448 0.498380 0.114323 0.498380 0.114062 0.498843 0.111719 0.499306 0.111458 0.499769 0.107813 0.499769 0.106771 0.498843 0.106641 0.498148 0.104557 0.494444 0.104557 0.493981 0.103255 0.491667 0.103255 0.491204 0.100391 0.486111 0.098828 0.481481 0.097266 0.478704 0.096224 0.475926 0.094922 0.473611 0.094922 0.473148 0.092448 0.468750 0.091146 0.467824 0.090365 0.468287 0.088021 0.468287 0.087760 0.468750 0.085677 0.468750 0.085417 0.469213 0.083854 0.469213 0.083594 0.469676 0.082292 0.469676 0.082031 0.470139 0.080729 0.470139 0.080469 0.470602 0.076042 0.470602 0.075781 0.471065 0.072656 0.471065 0.071875 0.470602 0.070703 0.468056 0.069661 0.463426 0.068880 0.460648 0.068359 0.459722 0.067318 0.455093 0.066536 0.452778 0.066536 0.451852 0.064974 0.446759 0.064974 0.445833 0.063932 0.442593 0.062109 0.437963 0.061589 0.434259 0.060286 0.430093 0.060286 0.429167 0.058724 0.424074 0.057422 0.418981 0.055599 0.415741 0.054297 0.412037 0.053255 0.406481 0.051432 0.401389 0.050651 0.398611 0.050651 0.397685 0.049870 0.395370 0.049870 0.394444 0.047786 0.387500 0.046745 0.384722 0.046224 0.381019 0.045443 0.377778 0.044401 0.375000 0.044141 0.373148 0.043620 0.371759 0.043620 0.370370 0.043099 0.368519 0.042318 0.363426 0.042318 0.356019 0.042839 0.354167 0.043099 0.351389 0.044401 0.347222 0.045964 0.344444 0.045964 0.343981 0.048438 0.339583 0.048698 0.339583 0.051562 0.334491 0.052604 0.333102 0.053385 0.332639 0.055469 0.329398 0.056250 0.328472 0.058073 0.327083 0.058594 0.326157 0.061198 0.323380 0.063542 0.320602 0.063802 0.320602 0.066406 0.317824 0.068229 0.316435 0.069792 0.314583 0.072135 0.312731 0.074740 0.310417 0.075521 0.309491 0.080208 0.305324 0.080990 0.304398 0.084115 0.302546 0.086198 0.300694 0.088281 0.297917 0.089063 0.297454 0.091406 0.294213 0.093490 0.292824 0.094792 0.291435 0.096615 0.290509 0.097917 0.290509 0.098177 0.290046 0.099740 0.290046 0.100000 0.289583 0.101562 0.289583 0.101823 0.289120 0.103385 0.289120 0.104948 0.288194 0.105990 0.288194 0.108073 0.286806 0.109115 0.286806 0.110156 0.285880 0.113542 0.284954 0.114844 0.284028 0.115885 0.284028 0.117448 0.283102 0.118750 0.283102 0.119010 0.282639 0.121094 0.282639 0.121354 0.282176 0.123177 0.282176 0.124479 0.281713 0.125781 0.280787 0.127083 0.280324 0.128385 0.280324 0.128646 0.279861 0.129948 0.279861 0.130208 0.279398 0.132031 0.279398 0.132292 0.278935 0.134375 0.278935 0.134635 0.278472 0.136458 0.278472 0.136719 0.278009 0.138542 0.278009 0.138802 0.277546 0.140365 0.277546 0.140625 0.277083 0.147396 0.277083 0.147656 0.276620 0.149740 0.276620 0.150000 0.276157 0.154948 0.276157 0.155208 0.275694 0.170313 0.275694 0.170573 0.276157 0.173177 0.276157 0.173437 0.276620 0.174740 0.276620 0.175000 0.277083 0.176302 0.277083 0.176563 0.277546 0.177865 0.277546 0.183333 0.279861 0.184635 0.281250 0.185156 0.281250 0.187240 0.283565 0.188021 0.284028 0.189062 0.285417 0.190234 0.287500 0.191016 0.289815 0.193099 0.293519 0.193620 0.294907 0.194401 0.298148 0.195443 0.301389 0.197135 0.304398 0.197396 0.304398 0.199349 0.307870 0.199349 0.308333 0.200911 0.311574 0.202474 0.316204 0.203255 0.317593 0.203776 0.319444 0.205599 0.324074 0.207422 0.328241 0.208203 0.331019 0.209245 0.333333 0.210286 0.337500 0.211328 0.339815 0.212891 0.345833 0.213932 0.348148 0.214974 0.352315 0.216016 0.354630 0.216276 0.356019 0.218099 0.360185 0.219401 0.363889 0.219401 0.364815 0.220443 0.368056 0.221745 0.372685 0.222266 0.373611 0.223307 0.377778 0.224609 0.381944 0.225651 0.383796 0.225911 0.385185 0.226953 0.387963 0.227474 0.390741 0.229557 0.396759 0.230339 0.400926 0.230859 0.402778 0.230859 0.404167 0.231380 0.406019 0.231380 0.408333 0.231901 0.412037 0.232161 0.412500 0.232161 0.428704 0.231901 0.430556 0.231380 0.431481 0.230859 0.433796 0.230078 0.436111 0.228776 0.438889 0.228776 0.439352 0.227344 0.441898 0.226042 0.443287 0.224740 0.445139 0.223958 0.445602 0.221094 0.449306 0.219401 0.452315 0.218880 0.454167 0.217448 0.456713 0.216146 0.457639 0.213281 0.458565 0.211719 0.459491 0.208333 0.462731 0.207031 0.463194 0.206250 0.464120 0.204167 0.465509 0.203385 0.466898 0.201563 0.468750 0.200781 0.468750 0.199479 0.469676 0.197917 0.469676 0.197656 0.470139 0.194271 0.471528 0.192969 0.472917 0.191406 0.473380 0.190104 0.474769 0.188802 0.475231 0.185938 0.477083 0.185156 0.478009 0.183854 0.478472 0.183073 0.479398 0.179427 0.481713 0.178646 0.482639 0.177083 0.483565 0.175781 0.483565 0.174219 0.484491 0.172396 0.484954 0.169531 0.487731 0.165885 0.489583 0.164583 0.490509 0.162240 0.492824 0.161719 0.492824 0.158854 0.494676 0.157812 0.495602 0.157031 0.495602 0.154427 0.497454 0.153125 0.497917 0.151562 0.497917 0.148698 0.499306 0.148438 0.499769 0.146094 0.501620 0.145313 0.502546 0.143490 0.503472 0.142448 0.504398 0.141406 0.504398 0.138802 0.505787 0.138021 0.506713 0.135937 0.507639 0.135156 0.508565 0.132812 0.509491 0.131771 0.509491 0.129688 0.510880 0.127604 0.511343 0.127344 0.511806
 7 0.158594 0.837269 0.157292 0.837269 0.157031 0.836806 0.154688 0.835880 0.152995 0.832870 0.151953 0.829630 0.150521 0.827083 0.150260 0.827083 0.148047 0.823148 0.148047 0.822685 0.144141 0.815741 0.144141 0.815278 0.142708 0.812731 0.142448 0.812731 0.138542 0.805787 0.138281 0.805787 0.137370 0.803704 0.136589 0.800926 0.136068 0.798148 0.135026 0.794907 0.134245 0.793056 0.128646 0.783102 0.128385 0.783102 0.126302 0.780787 0.125781 0.780787 0.123958 0.778935 0.123047 0.777315 0.122526 0.775463 0.122526 0.772222 0.123047 0.769907 0.123307 0.766667 0.124089 0.763889 0.125130 0.758796 0.125130 0.757407 0.125911 0.754630 0.126693 0.749537 0.127995 0.745370 0.128255 0.743056 0.129557 0.739352 0.130339 0.737963 0.130339 0.736574 0.130859 0.733796 0.131380 0.732407 0.131641 0.730093 0.133203 0.725926 0.134766 0.718981 0.135286 0.715278 0.135807 0.713426 0.136589 0.708333 0.138151 0.703704 0.138151 0.702778 0.139193 0.699537 0.139714 0.696759 0.140234 0.692130 0.141276 0.690278 0.142318 0.687037 0.142318 0.686111 0.143099 0.682407 0.144661 0.677778 0.145182 0.674537 0.145964 0.671759 0.147656 0.668750 0.149740 0.666898 0.152865 0.665509 0.154167 0.664583 0.155469 0.664583 0.157031 0.663657 0.158333 0.663657 0.159635 0.663194 0.161979 0.661806 0.163021 0.661806 0.164323 0.660880 0.167448 0.659954 0.168750 0.659028 0.169792 0.659028 0.172656 0.657639 0.173437 0.656713 0.175260 0.656250 0.177083 0.654861 0.178385 0.654861 0.179948 0.653935 0.180990 0.653935 0.182292 0.653009 0.183333 0.653009 0.185677 0.651620 0.186979 0.651620 0.188021 0.651157 0.189583 0.649769 0.194271 0.647917 0.196354 0.646528 0.198698 0.646065 0.201042 0.644676 0.202865 0.644213 0.204167 0.642824 0.207031 0.641898 0.208333 0.640972 0.210417 0.640509 0.212500 0.639120 0.214062 0.639120 0.214323 0.638657 0.215625 0.638657 0.215885 0.638194 0.217188 0.638194 0.219792 0.636806 0.220833 0.635880 0.223698 0.634954 0.225521 0.633565 0.226823 0.633102 0.228125 0.633102 0.228385 0.632639 0.229687 0.632639 0.232031 0.631250 0.235677 0.629861 0.236458 0.628935 0.237760 0.628472 0.239583 0.627083 0.241927 0.627083 0.242188 0.626620 0.243490 0.626620 0.243750 0.626157 0.245573 0.626157 0.245833 0.625694 0.247396 0.625694 0.248177 0.625231 0.250521 0.622917 0.252344 0.621991 0.253385 0.621991 0.254688 0.621065 0.255469 0.621065 0.256510 0.620139 0.257292 0.620139 0.258594 0.619213 0.261719 0.619213 0.261979 0.619676 0.263542 0.620139 0.264714 0.622222 0.265755 0.626389 0.267057 0.629630 0.267578 0.631944 0.268099 0.632870 0.269922 0.639815 0.270443 0.640741 0.272005 0.645370 0.273568 0.650926 0.274089 0.653704 0.274870 0.655093 0.275130 0.656481 0.277995 0.666667 0.279557 0.669907 0.280599 0.674074 0.282682 0.679167 0.283203 0.681481 0.283724 0.682407 0.284245 0.684722 0.285286 0.687963 0.286719 0.690972 0.287630 0.692130 0.288151 0.693519 0.288672 0.698611 0.288411 0.699074 0.288411 0.702315 0.288151 0.702778 0.288151 0.710648 0.287891 0.711111 0.287891 0.713889 0.287370 0.716667 0.287370 0.719907 0.287109 0.720370 0.287109 0.725926 0.286849 0.726389 0.286589 0.730556 0.286328 0.731019 0.286328 0.738889 0.286068 0.739352 0.286068 0.742593 0.285807 0.743056 0.285807 0.745370 0.285547 0.745833 0.285547 0.750000 0.285286 0.750463 0.285286 0.754630 0.285026 0.755093 0.285026 0.760648 0.284766 0.761111 0.284766 0.768056 0.284505 0.768519 0.284505 0.773148 0.284245 0.773611 0.284245 0.776852 0.283984 0.777315 0.283984 0.780556 0.283724 0.782870 0.283203 0.785185 0.283203 0.786574 0.282161 0.790278 0.280208 0.793750 0.278646 0.795139 0.278125 0.795139 0.276302 0.796528 0.275521 0.796528 0.274479 0.797454 0.273698 0.797454 0.272656 0.798380 0.269792 0.799306 0.268750 0.800231 0.266927 0.800694 0.265104 0.802083 0.264323 0.802083 0.263281 0.803009 0.261458 0.803472 0.261198 0.803935 0.259896 0.803935 0.258594 0.804861 0.256771 0.805324 0.255729 0.806250 0.254948 0.806250 0.253906 0.807176 0.252083 0.807639 0.249740 0.808565 0.248958 0.809491 0.247396 0.809491 0.244922 0.805093 0.244922 0.804630 0.243490 0.802083 0.242188 0.801620 0.239063 0.801620 0.236719 0.803009 0.235677 0.803009 0.234115 0.803935 0.233073 0.803935 0.232031 0.804861 0.229948 0.805787 0.227865 0.807176 0.226562 0.807176 0.225260 0.807639 0.223958 0.808565 0.223177 0.808565 0.222135 0.809491 0.221354 0.809491 0.220052 0.810417 0.215104 0.811806 0.212240 0.813194 0.210938 0.813194 0.209896 0.813657 0.208594 0.815046 0.206510 0.815972 0.205729 0.816898 0.204427 0.817361 0.203125 0.817361 0.202865 0.817824 0.200521 0.818287 0.197917 0.820139 0.196875 0.820139 0.194531 0.821065 0.193490 0.821991 0.191146 0.822454 0.189844 0.823380 0.189062 0.823380 0.187760 0.824306 0.186979 0.824306 0.185938 0.825231 0.185156 0.825231 0.184115 0.826157 0.183333 0.826157 0.181250 0.827546 0.179167 0.828009 0.178125 0.828935 0.176302 0.829398 0.173958 0.830787 0.170833 0.831713 0.169531 0.832639 0.165885 0.832639 0.164323 0.833565 0.161979 0.835880 0.159635 0.836343 0.158594 0.837269
 7 0.162891 0.822685 0.163672 0.821759 0.163672 0.815278 0.164193 0.812500 0.164453 0.809722 0.165234 0.807407 0.166016 0.801389 0.166276 0.800926 0.166406 0.795602 0.164323 0.795602 0.163542 0.796528 0.161719 0.796991 0.158594 0.800694 0.158073 0.800694 0.156380 0.803241 0.156380 0.809722 0.156901 0.811574 0.157422 0.816667 0.159115 0.818750 0.160286 0.820833 0.160938 0.822454 0.161458 0.822917 0.162891 0.822685
 7 0.000000 0.784491 0.001302 0.784491 0.002734 0.782407 0.002734 0.781944 0.005469 0.777083 0.007031 0.775231 0.009375 0.771065 0.009635 0.771065 0.011198 0.768287 0.011458 0.768287 0.013281 0.765046 0.015365 0.762731 0.017969 0.758102 0.019271 0.756713 0.020833 0.753935 0.021094 0.753935 0.025521 0.746065 0.027604 0.743750 0.029687 0.740509 0.030469 0.740046 0.032031 0.737731 0.033594 0.736343 0.035156 0.736343 0.035417 0.735880 0.038021 0.735880 0.038281 0.736343 0.041406 0.736343 0.041667 0.736806 0.043229 0.736806 0.043490 0.737269 0.045052 0.737269 0.045312 0.737731 0.047135 0.737731 0.047396 0.738194 0.048958 0.738194 0.049219 0.738657 0.050521 0.738657 0.050781 0.739120 0.052083 0.739120 0.053385 0.739583 0.054427 0.740509 0.055729 0.740509 0.055990 0.740972 0.057552 0.740972 0.057813 0.741435 0.059375 0.741435 0.059635 0.741898 0.061198 0.741898 0.061458 0.742361 0.062760 0.742361 0.063021 0.742824 0.064323 0.742824 0.064583 0.743287 0.065885 0.743287 0.067448 0.744213 0.072135 0.744213 0.072396 0.744676 0.074219 0.744676 0.074479 0.745139 0.076823 0.745139 0.077083 0.745602 0.079687 0.745602 0.079948 0.746065 0.081250 0.746065 0.082812 0.746991 0.084115 0.746991 0.084375 0.747454 0.087760 0.747454 0.088021 0.747917 0.090104 0.747917 0.090365 0.748380 0.091927 0.748380 0.094531 0.749769 0.095573 0.750694 0.097005 0.753241 0.097526 0.755556 0.099349 0.758796 0.099349 0.759259 0.104818 0.768981 0.104818 0.769444 0.106510 0.772454 0.107813 0.773843 0.109115 0.776157 0.109375 0.776157 0.114583 0.785417 0.114844 0.785417 0.118229 0.791435 0.119531 0.792824 0.120443 0.794444 0.121224 0.796759 0.123568 0.800926 0.124089 0.802778 0.126823 0.807639 0.127083 0.807639 0.127995 0.809722 0.129948 0.813194 0.130208 0.813194 0.136068 0.823611 0.136589 0.825463 0.139193 0.830093 0.140755 0.834259 0.141276 0.836574 0.141276 0.839352 0.141016 0.839815 0.141016 0.842593 0.140755 0.843519 0.139583 0.845602 0.137500 0.847454 0.136719 0.847454 0.135677 0.848380 0.134896 0.848380 0.133854 0.849306 0.133073 0.849306 0.130469 0.850694 0.129427 0.851620 0.127604 0.852083 0.126562 0.853009 0.123958 0.854398 0.120573 0.855787 0.119531 0.856713 0.117708 0.857176 0.115625 0.858102 0.115365 0.858565 0.113802 0.858565 0.113542 0.859028 0.111979 0.859028 0.110677 0.859491 0.108594 0.860880 0.107813 0.860880 0.106771 0.861806 0.105729 0.861806 0.103906 0.862731 0.102083 0.864583 0.101562 0.865509 0.099219 0.867361 0.098437 0.868287 0.094141 0.875926 0.092578 0.883333 0.091797 0.886111 0.090234 0.889815 0.089714 0.891667 0.089453 0.893981 0.088932 0.895833 0.088672 0.898148 0.087109 0.901852 0.086328 0.904630 0.085807 0.908333 0.085286 0.909722 0.085026 0.912037 0.084505 0.913889 0.082943 0.917593 0.082422 0.920370 0.081901 0.921759 0.081641 0.924074 0.081120 0.925463 0.080859 0.927315 0.079297 0.930556 0.078776 0.932407 0.078516 0.934722 0.077995 0.936111 0.076953 0.940741 0.076953 0.941667 0.075911 0.944444 0.075130 0.947222 0.074609 0.950000 0.073828 0.952315 0.073828 0.953241 0.073047 0.955556 0.072005 0.961111 0.070964 0.964352 0.070443 0.966667 0.070182 0.968981 0.068880 0.973148 0.066276 0.982407 0.066276 0.983333 0.065495 0.986574 0.063932 0.992130 0.063151 0.993519 0.062891 0.994907 0.062240 0.996065 0.060417 0.997454 0.053125 0.997454 0.052865 0.997917 0.046094 0.997917 0.045833 0.997454 0.041406 0.997454 0.041146 0.997917 0.030208 0.997917 0.029948 0.997454 0.013281 0.997454 0.013021 0.996991 0.007812 0.996991 0.007552 0.997454 0.000000 0.997454
 7 0.100651 0.815741 0.102344 0.815509 0.102604 0.815046 0.107292 0.815046 0.108464 0.812963 0.108464 0.812500 0.109766 0.809722 0.109766 0.808796 0.108984 0.806481 0.108724 0.803241 0.107943 0.800000 0.106771 0.798380 0.105469 0.798380 0.105208 0.798843 0.103906 0.798843 0.103125 0.799769 0.101953 0.802315 0.101693 0.803704 0.100521 0.805787 0.099740 0.806250 0.098568 0.807870 0.098047 0.809259 0.098047 0.813426 0.098307 0.814815 0.099479 0.815972 0.100651 0.815741
 7 0.114714 0.810185 0.114583 0.809028 0.113932 0.809722 0.114714 0.810185
 6 0.069922 0.999537 0.069792 0.998843 0.067708 0.998843 0.065625 0.997454 0.065234 0.996296 0.065495 0.993056 0.066016 0.991204 0.066536 0.987037 0.067057 0.984722 0.068099 0.981481 0.068359 0.979167 0.068880 0.977778 0.069141 0.975463 0.070703 0.970370 0.073307 0.961111 0.073828 0.957870 0.074870 0.954167 0.075130 0.951852 0.075651 0.950463 0.076953 0.943981 0.077995 0.940741 0.078255 0.938889 0.078776 0.937963 0.079297 0.935648 0.079818 0.934722 0.080339 0.931944 0.081380 0.928241 0.081641 0.925926 0.082943 0.921296 0.084245 0.918056 0.085026 0.915278 0.085547 0.912037 0.086849 0.907407 0.087109 0.906019 0.088672 0.900926 0.088932 0.898611 0.089453 0.896296 0.090234 0.893981 0.092318 0.886574 0.093620 0.880556 0.094141 0.879630 0.094922 0.876389 0.096484 0.873148 0.096484 0.872685 0.098437 0.869213 0.102604 0.865509 0.104427 0.865046 0.107552 0.863657 0.108594 0.862731 0.109375 0.862731 0.110417 0.861806 0.111198 0.861806 0.112240 0.860880 0.113021 0.860880 0.114062 0.859954 0.115104 0.859954 0.116667 0.859028 0.117969 0.859028 0.118229 0.858565 0.120573 0.858102 0.123438 0.856713 0.124219 0.855787 0.125000 0.855787 0.126042 0.854861 0.126823 0.854861 0.128646 0.853472 0.129427 0.853472 0.130469 0.852546 0.133594 0.851620 0.134635 0.850694 0.136979 0.849769 0.137240 0.849306 0.139583 0.848380 0.141927 0.846991 0.143229 0.846991 0.143490 0.846528 0.145833 0.846528 0.146094 0.846065 0.147656 0.846065 0.149219 0.845139 0.150521 0.845139 0.150781 0.844676 0.152083 0.844676 0.153646 0.843750 0.155208 0.841898 0.156510 0.840972 0.158854 0.840046 0.160677 0.838657 0.161458 0.838657 0.162760 0.837731 0.164844 0.837269 0.165885 0.836343 0.168229 0.835880 0.169531 0.834954 0.170313 0.834954 0.172135 0.833565 0.174219 0.833102 0.175521 0.832176 0.176563 0.832176 0.177604 0.831250 0.179427 0.830787 0.180729 0.829861 0.181510 0.829861 0.182812 0.828935 0.183594 0.828935 0.185677 0.828009 0.187500 0.826620 0.188281 0.826620 0.189323 0.825694 0.190104 0.825694 0.192448 0.824306 0.194792 0.823843 0.196094 0.822917 0.196875 0.822917 0.198698 0.821528 0.199479 0.821528 0.200521 0.820602 0.202344 0.820139 0.203646 0.819213 0.207552 0.817824 0.208854 0.816898 0.209896 0.816898 0.211979 0.815509 0.213802 0.815046 0.215104 0.814120 0.217969 0.813194 0.219792 0.811806 0.220573 0.811806 0.221875 0.810880 0.222917 0.810880 0.223958 0.809954 0.224740 0.809954 0.226042 0.809028 0.229167 0.808102 0.232552 0.805787 0.234896 0.804861 0.237240 0.804398 0.239583 0.803009 0.241667 0.803472 0.242708 0.804398 0.243880 0.806481 0.244401 0.808796 0.245182 0.810648 0.245703 0.812963 0.245964 0.815278 0.247526 0.818519 0.248047 0.820370 0.249609 0.824074 0.250911 0.827778 0.252083 0.829861 0.253125 0.830787 0.257422 0.838426 0.258203 0.840278 0.259245 0.843519 0.260807 0.846296 0.261849 0.848611 0.262891 0.852315 0.264974 0.856944 0.265234 0.858333 0.266276 0.861111 0.268880 0.865741 0.268880 0.866204 0.271484 0.872222 0.272005 0.874074 0.273698 0.876620 0.273958 0.876620 0.275391 0.879167 0.275651 0.881019 0.275651 0.883333 0.275911 0.883796 0.275911 0.887037 0.275651 0.887500 0.275651 0.890741 0.275391 0.891204 0.275391 0.894444 0.275130 0.894907 0.275130 0.898148 0.274870 0.898611 0.274870 0.903241 0.274609 0.903704 0.274609 0.907407 0.274089 0.910185 0.274089 0.912963 0.273828 0.913426 0.273828 0.917593 0.273568 0.918056 0.273568 0.921296 0.273307 0.921759 0.273307 0.924537 0.273047 0.925000 0.273047 0.928241 0.272786 0.928704 0.272786 0.933333 0.272526 0.933796 0.272526 0.936574 0.272266 0.937037 0.272266 0.940278 0.272005 0.940741 0.272005 0.943981 0.271745 0.944444 0.271745 0.946759 0.271484 0.947222 0.271484 0.949537 0.270964 0.951852 0.270703 0.954167 0.270703 0.956944 0.270443 0.957407 0.270443 0.962037 0.270182 0.962500 0.270182 0.964815 0.269661 0.967593 0.269661 0.972685 0.269401 0.973148 0.269401 0.977315 0.269141 0.977778 0.269141 0.981019 0.268880 0.981481 0.268880 0.984259 0.268620 0.984722 0.268620 0.988426 0.268359 0.988889 0.268359 0.991204 0.268099 0.991667 0.267578 0.996296 0.266667 0.997917 0.265885 0.998380 0.264583 0.998380 0.264323 0.998843 0.257031 0.998843 0.256901 0.999537
 6 0.255599 0.884259 0.256641 0.881481 0.257943 0.879167 0.257943 0.877315 0.256380 0.875000 0.256250 0.874306 0.255208 0.873843 0.252865 0.876620 0.252214 0.878241 0.252214 0.880556 0.252474 0.881481 0.253906 0.884028 0.254427 0.884491 0.255599 0.884259
 6 0.251693 0.999537 0.251563 0.998843 0.242448 0.998843 0.242188 0.998380 0.235677 0.998380 0.235417 0.997917 0.233594 0.997917 0.233333 0.997454 0.227083 0.997454 0.226823 0.997917 0.223438 0.997917 0.223177 0.998380 0.217969 0.998380 0.217708 0.997917 0.213802 0.997917 0.213542 0.998380 0.202604 0.998380 0.202344 0.997917 0.183333 0.997917 0.183073 0.998380 0.173437 0.998380 0.173177 0.997917 0.162760 0.997917 0.162500 0.998380 0.142448 0.998380 0.142187 0.998843 0.128125 0.998843 0.127995 0.999537
 6 0.097786 0.999537 0.097656 0.998843 0.096094 0.997917 0.091667 0.997917 0.091406 0.998380 0.088802 0.998380 0.088542 0.998843 0.086198 0.998843 0.085938 0.998380 0.082031 0.998380 0.081771 0.998843 0.080208 0.998843 0.080078 0.999537
 6 0.117839 0.999537 0.117708 0.998843 0.109375 0.998843 0.109245 0.999537
 2 0.260156 0.833565 0.257812 0.833565 0.256510 0.833102 0.255469 0.832176 0.253125 0.828935 0.252865 0.828935 0.251172 0.825926 0.250651 0.824074 0.249609 0.822222 0.248047 0.818056 0.247005 0.816204 0.246745 0.814815 0.247005 0.812500 0.247005 0.810185 0.247917 0.809028 0.250521 0.809028 0.250781 0.808565 0.252344 0.808565 0.254688 0.807176 0.254948 0.806713 0.257292 0.805787 0.260156 0.803935 0.262240 0.803472 0.263281 0.802546 0.265104 0.802083 0.266146 0.801157 0.266927 0.801157 0.267969 0.800231 0.268750 0.800231 0.269792 0.799306 0.272656 0.798380 0.274479 0.796991 0.275260 0.796991 0.276302 0.796065 0.277083 0.796065 0.278646 0.795139 0.280469 0.793287 0.282161 0.790278 0.282682 0.788889 0.283203 0.784722 0.283724 0.782407 0.283724 0.779630 0.283984 0.779167 0.283984 0.775000 0.284245 0.774537 0.284245 0.769907 0.284505 0.769444 0.284505 0.762037 0.284766 0.761574 0.284766 0.756019 0.285026 0.755556 0.285026 0.751389 0.285286 0.750926 0.285286 0.746296 0.285547 0.745833 0.285547 0.742593 0.285807 0.742130 0.285807 0.738889 0.286068 0.738426 0.286068 0.735648 0.286328 0.735185 0.286328 0.731944 0.286589 0.731481 0.286589 0.727778 0.286849 0.727315 0.286849 0.723611 0.287109 0.723148 0.287109 0.719907 0.287370 0.719444 0.287370 0.715278 0.287630 0.714815 0.287630 0.709722 0.287891 0.709259 0.287891 0.702778 0.288151 0.702315 0.288151 0.699074 0.288411 0.698611 0.288411 0.695833 0.288151 0.693519 0.287370 0.691667 0.287500 0.690046 0.290365 0.690046 0.291536 0.691667 0.292578 0.695370 0.293099 0.696296 0.293620 0.698611 0.295703 0.703704 0.296745 0.708333 0.297005 0.712037 0.297266 0.712500 0.297266 0.726389 0.296745 0.729167 0.296745 0.731481 0.296484 0.731944 0.296484 0.737963 0.296224 0.738426 0.296224 0.742593 0.295964 0.743056 0.295964 0.747222 0.295703 0.747685 0.295703 0.751389 0.295443 0.751852 0.295443 0.756481 0.295182 0.756944 0.295182 0.760648 0.294922 0.761111 0.294922 0.765278 0.294661 0.765741 0.294661 0.771759 0.294401 0.772222 0.294401 0.779167 0.294141 0.779630 0.294141 0.786111 0.293880 0.786574 0.293880 0.791667 0.293620 0.792130 0.293620 0.796759 0.293359 0.797222 0.293359 0.801389 0.293099 0.801852 0.293099 0.806019 0.292839 0.806481 0.292839 0.808796 0.291276 0.813889 0.290104 0.815972 0.287760 0.818750 0.285938 0.820139 0.283594 0.821528 0.282292 0.821991 0.279687 0.823843 0.276823 0.824769 0.272917 0.827083 0.270833 0.828472 0.268490 0.828935 0.267188 0.829861 0.266146 0.829861 0.265104 0.830787 0.264323 0.830787 0.260417 0.833102 0.260156 0.833565
 2 0.268620 0.999537 0.268099 0.997222 0.268099 0.993519 0.268359 0.993056 0.268359 0.990278 0.268620 0.989815 0.268620 0.985648 0.268880 0.985185 0.268880 0.981481 0.269141 0.981019 0.269141 0.978704 0.269401 0.978241 0.269401 0.975463 0.269661 0.975000 0.269661 0.969907 0.269922 0.969444 0.269922 0.966667 0.270182 0.966204 0.270182 0.963889 0.270443 0.963426 0.270443 0.961111 0.270703 0.960648 0.270703 0.957870 0.270964 0.957407 0.270964 0.955093 0.271224 0.954630 0.271224 0.950926 0.271484 0.950463 0.271484 0.947222 0.271745 0.946759 0.271745 0.943056 0.272005 0.942593 0.272005 0.938889 0.272266 0.938426 0.272266 0.935185 0.272526 0.934722 0.272526 0.931019 0.272786 0.930556 0.272786 0.927315 0.273047 0.926852 0.273047 0.924074 0.273307 0.923611 0.273307 0.921296 0.273568 0.920833 0.273568 0.918519 0.274089 0.915741 0.274089 0.913426 0.274349 0.912963 0.274349 0.910648 0.274609 0.910185 0.274609 0.907407 0.274870 0.906944 0.274870 0.904167 0.275130 0.903704 0.275130 0.900926 0.275391 0.900463 0.275391 0.896759 0.275651 0.896296 0.275651 0.892130 0.275911 0.891667 0.275911 0.879630 0.275391 0.877315 0.274219 0.875694 0.273177 0.874769 0.271745 0.872222 0.271745 0.869907 0.272917 0.868287 0.274479 0.867361 0.276042 0.867824 0.276823 0.868750 0.279427 0.871065 0.281380 0.874537 0.282422 0.877315 0.282943 0.879630 0.283984 0.882407 0.285807 0.886111 0.287370 0.891667 0.287630 0.892130 0.287630 0.894444 0.287891 0.894907 0.287891 0.897685 0.288151 0.898148 0.287891 0.900463 0.287891 0.903704 0.287630 0.904167 0.287630 0.907407 0.287370 0.907870 0.287370 0.911111 0.287109 0.911574 0.287109 0.916204 0.286849 0.916667 0.286849 0.922685 0.286589 0.923148 0.286589 0.928704 0.286328 0.929167 0.286328 0.933333 0.286068 0.933796 0.286068 0.940741 0.285807 0.941204 0.285807 0.944444 0.285547 0.944907 0.285547 0.947685 0.285286 0.948148 0.285286 0.951852 0.285026 0.952315 0.285026 0.955556 0.284766 0.956019 0.284766 0.958333 0.284505 0.958796 0.284505 0.961574 0.284245 0.962037 0.284245 0.966204 0.283984 0.966667 0.283984 0.970833 0.283724 0.971296 0.283724 0.975463 0.283464 0.975926 0.283464 0.981019 0.283203 0.981481 0.283203 0.984722 0.282943 0.985185 0.282943 0.987500 0.282682 0.987963 0.282682 0.993056 0.282422 0.993519 0.282422 0.997222 0.281901 0.999537
 3 0.377604 0.626157 0.376302 0.626157 0.373437 0.624769 0.371484 0.621296 0.369661 0.614815 0.369401 0.612500 0.369401 0.610185 0.369141 0.609722 0.369141 0.606019 0.369922 0.603704 0.371094 0.601157 0.373958 0.598380 0.376823 0.596528 0.378125 0.596528 0.378385 0.596065 0.379688 0.596065 0.379948 0.595602 0.381510 0.595602 0.382812 0.596065 0.384115 0.596991 0.385286 0.599074 0.386068 0.603241 0.387370 0.607870 0.387370 0.612500 0.387630 0.613426 0.387370 0.615278 0.386068 0.619444 0.384115 0.622917 0.382552 0.624306 0.379427 0.625694 0.377865 0.625694 0.377604 0.626157
 3 0.424219 0.621065 0.423047 0.618056 0.422526 0.614352 0.422266 0.613889 0.422266 0.610648 0.422005 0.610185 0.422005 0.605556 0.422526 0.602778 0.423698 0.600694 0.426042 0.598380 0.426563 0.598380 0.428125 0.596991 0.429427 0.596528 0.433073 0.596528 0.433333 0.596991 0.434896 0.597454 0.436198 0.598843 0.437630 0.602778 0.438411 0.607870 0.438411 0.613426 0.436979 0.614583 0.434375 0.614583 0.434115 0.615046 0.432292 0.615046 0.428646 0.616898 0.427083 0.619213 0.424219 0.621065
 4 0.433854 0.649769 0.430729 0.649769 0.429167 0.648380 0.427604 0.647454 0.426172 0.645370 0.425130 0.643056 0.424609 0.640741 0.424349 0.637500 0.423828 0.635185 0.423828 0.632407 0.423568 0.631944 0.423568 0.623148 0.423828 0.621296 0.423047 0.618519 0.422786 0.616204 0.422266 0.613889 0.422266 0.610185 0.422005 0.609722 0.422005 0.606019 0.422786 0.602778 0.423958 0.600694 0.427604 0.596991 0.428646 0.596528 0.430208 0.596528 0.430469 0.596065 0.432031 0.596065 0.433333 0.596528 0.435677 0.597917 0.437109 0.600463 0.438411 0.605556 0.438672 0.607870 0.438672 0.612500 0.438932 0.613889 0.439974 0.615741 0.441016 0.618519 0.442057 0.623148 0.442057 0.624537 0.442839 0.628241 0.442839 0.630556 0.443099 0.631019 0.443099 0.636111 0.442578 0.637500 0.441797 0.641204 0.439323 0.645602 0.438281 0.646991 0.436719 0.648380 0.433854 0.649769
 4 0.401823 0.612269 0.399740 0.612269 0.396354 0.609491 0.394141 0.605556 0.393359 0.602778 0.392839 0.600000 0.392839 0.598611 0.392057 0.595370 0.392057 0.591667 0.392578 0.589352 0.392578 0.587500 0.393359 0.583796 0.394531 0.581713 0.395833 0.580787 0.399740 0.577546 0.402083 0.577546 0.402344 0.577083 0.403906 0.577083 0.406510 0.578472 0.408073 0.579861 0.408984 0.581481 0.409766 0.584722 0.410026 0.588426 0.411068 0.593056 0.411068 0.600000 0.410807 0.601389 0.409505 0.605093 0.407813 0.608102 0.405469 0.610417 0.403646 0.611806 0.402083 0.611806 0.401823 0.612269
 6 0.366146 0.798843 0.364323 0.798843 0.363021 0.797917 0.361849 0.796296 0.361328 0.793981 0.360807 0.793056 0.359766 0.789352 0.359245 0.788426 0.358724 0.785648 0.357422 0.781481 0.356901 0.778241 0.354818 0.769444 0.353516 0.765278 0.353255 0.763426 0.351693 0.758333 0.351693 0.757407 0.350911 0.755093 0.350391 0.751852 0.349349 0.748611 0.347266 0.739352 0.345964 0.735185 0.345443 0.731481 0.344922 0.730093 0.343880 0.725000 0.343099 0.722685 0.342578 0.720370 0.342057 0.719444 0.340495 0.712963 0.339714 0.710648 0.339453 0.707407 0.339193 0.706944 0.339193 0.704167 0.338932 0.703704 0.338932 0.692130 0.338672 0.691667 0.338672 0.672685 0.338932 0.672222 0.338932 0.667593 0.338672 0.667130 0.338672 0.652315 0.338411 0.651852 0.338411 0.620370 0.338672 0.619444 0.340365 0.616435 0.341667 0.615509 0.342448 0.615509 0.344010 0.614120 0.344531 0.614120 0.346094 0.612731 0.348177 0.612731 0.348438 0.612269 0.350260 0.612269 0.350521 0.611806 0.352865 0.610417 0.354427 0.609028 0.355729 0.609028 0.355990 0.608565 0.357292 0.608565 0.360156 0.606250 0.362760 0.605324 0.364323 0.604398 0.366667 0.604398 0.368620 0.605556 0.368880 0.607870 0.369401 0.609722 0.369401 0.611574 0.369922 0.615278 0.371484 0.619907 0.373177 0.623843 0.374219 0.624769 0.375000 0.624769 0.376042 0.625694 0.377865 0.625694 0.380729 0.624306 0.383073 0.622917 0.383854 0.621991 0.386068 0.618056 0.386849 0.616204 0.387370 0.613889 0.387109 0.611574 0.387109 0.606944 0.386849 0.605093 0.385807 0.601389 0.385807 0.599537 0.386328 0.598148 0.388021 0.596065 0.389844 0.596065 0.390885 0.596528 0.392057 0.598148 0.393359 0.604167 0.393880 0.605556 0.396094 0.609491 0.396354 0.609491 0.398438 0.611806 0.399479 0.612269 0.403385 0.612269 0.405469 0.611343 0.407292 0.609491 0.409766 0.605093 0.410807 0.601389 0.410807 0.591667 0.410286 0.588889 0.410286 0.585648 0.411198 0.583565 0.413542 0.581713 0.415104 0.581250 0.415365 0.580787 0.417708 0.580787 0.417969 0.580324 0.419792 0.580324 0.421094 0.579861 0.422656 0.578472 0.423438 0.578472 0.424479 0.577546 0.425260 0.577546 0.426302 0.576620 0.427083 0.576620 0.428125 0.575694 0.428906 0.575694 0.430729 0.574306 0.433073 0.573380 0.434375 0.572454 0.436198 0.572454 0.437370 0.574074 0.437891 0.576852 0.437891 0.578241 0.438411 0.580556 0.441146 0.584491 0.441406 0.584491 0.442578 0.586574 0.443099 0.587963 0.443880 0.592130 0.444141 0.594444 0.444661 0.596759 0.444661 0.598148 0.445182 0.600000 0.445964 0.606944 0.446745 0.610185 0.446745 0.611574 0.447266 0.613426 0.447526 0.615741 0.447526 0.618056 0.447786 0.618519 0.447786 0.620833 0.448568 0.623148 0.449349 0.626389 0.450130 0.628241 0.450391 0.629630 0.450391 0.631944 0.450651 0.632407 0.450651 0.634722 0.451172 0.637963 0.451693 0.639352 0.451953 0.641667 0.452734 0.643981 0.452995 0.646296 0.453516 0.648148 0.453776 0.652315 0.454818 0.658796 0.454818 0.661111 0.455078 0.661574 0.455078 0.663889 0.455339 0.664352 0.455339 0.667130 0.455599 0.667593 0.455599 0.670833 0.456120 0.673148 0.456380 0.677315 0.456901 0.679630 0.456901 0.681019 0.457422 0.682870 0.457682 0.685185 0.457682 0.687500 0.457943 0.687963 0.458464 0.693519 0.458984 0.695833 0.458984 0.697222 0.459505 0.699074 0.459505 0.700926 0.460026 0.703241 0.460286 0.705556 0.460286 0.707870 0.460547 0.710185 0.461068 0.712500 0.461068 0.714352 0.461849 0.718519 0.461849 0.720370 0.462630 0.724537 0.462630 0.726389 0.463411 0.731481 0.463411 0.733333 0.463932 0.736111 0.463932 0.741204 0.463411 0.743519 0.462240 0.745602 0.460938 0.746991 0.458594 0.748380 0.456510 0.750231 0.454688 0.751157 0.453906 0.751157 0.451302 0.752546 0.450521 0.753472 0.449219 0.753935 0.448177 0.754861 0.447396 0.754861 0.446354 0.755787 0.444531 0.756250 0.443750 0.757176 0.441927 0.757639 0.440625 0.758565 0.439583 0.758565 0.437500 0.760417 0.435937 0.761343 0.435156 0.761343 0.434115 0.762269 0.432292 0.762731 0.432031 0.763194 0.429948 0.764120 0.427604 0.765509 0.425521 0.766435 0.423698 0.767824 0.423177 0.767824 0.420052 0.769676 0.419010 0.770602 0.418229 0.770602 0.417187 0.771528 0.416406 0.771528 0.415365 0.772454 0.413542 0.772917 0.413281 0.773380 0.411198 0.774306 0.408594 0.776157 0.407813 0.776157 0.406250 0.777083 0.404687 0.778935 0.403125 0.780324 0.400000 0.782176 0.398698 0.782639 0.397135 0.782639 0.396875 0.783102 0.395573 0.783102 0.394010 0.784028 0.392969 0.784028 0.390104 0.785880 0.389062 0.786806 0.386719 0.787731 0.384115 0.789583 0.383333 0.789583 0.381510 0.790972 0.380729 0.790972 0.379688 0.791898 0.378906 0.791898 0.377865 0.792824 0.377083 0.792824 0.376042 0.793750 0.373958 0.794676 0.371354 0.796528 0.369531 0.796991 0.369271 0.797454 0.367448 0.797917 0.366146 0.798843
 6 0.433203 0.649537 0.435417 0.648843 0.435677 0.648380 0.437760 0.647454 0.439844 0.645139 0.440104 0.645139 0.441536 0.642593 0.442057 0.641204 0.442839 0.637037 0.443099 0.634722 0.443099 0.628241 0.442839 0.627778 0.442839 0.625463 0.442578 0.625000 0.442578 0.622222 0.441797 0.617130 0.441016 0.615278 0.439714 0.611111 0.439193 0.608333 0.439193 0.606944 0.438672 0.605093 0.438411 0.602778 0.436719 0.599769 0.435677 0.598380 0.433854 0.596528 0.432292 0.595602 0.428646 0.595602 0.427344 0.596065 0.425781 0.597454 0.423958 0.600694 0.423698 0.600694 0.422526 0.602778 0.421745 0.606481 0.421745 0.615278 0.423047 0.620370 0.423307 0.622222 0.423307 0.628704 0.423568 0.629167 0.423568 0.632870 0.423828 0.633333 0.423828 0.635648 0.424609 0.640741 0.425651 0.643981 0.427344 0.646991 0.430729 0.649769 0.433073 0.649769 0.433203 0.649537
 6 0.446745 0.727778 0.447786 0.725463 0.447786 0.719444 0.448047 0.718981 0.448047 0.716667 0.448307 0.716204 0.448828 0.711574 0.448828 0.707407 0.449089 0.706944 0.449089 0.702778 0.448828 0.702315 0.448828 0.698148 0.448307 0.695833 0.447396 0.694213 0.446354 0.694213 0.445312 0.695139 0.444271 0.695139 0.441667 0.696065 0.441406 0.696528 0.440104 0.696528 0.437240 0.697917 0.436328 0.699074 0.436068 0.700926 0.436068 0.705556 0.437109 0.708796 0.438151 0.712963 0.439714 0.716204 0.441536 0.721759 0.441797 0.724537 0.442318 0.725926 0.443750 0.728009 0.446615 0.728009 0.446745 0.727778
 4 0.299219 0.577546 0.296875 0.577083 0.294792 0.575694 0.293359 0.573148 0.292578 0.569444 0.292578 0.568056 0.291797 0.562037 0.291276 0.559722 0.291276 0.556944 0.291536 0.556481 0.291797 0.552778 0.292708 0.550694 0.294531 0.549306 0.296094 0.549306 0.296354 0.548843 0.297917 0.548843 0.298177 0.548380 0.300521 0.548843 0.302083 0.550231 0.303385 0.549769 0.304948 0.548380 0.306250 0.547917 0.307812 0.547917 0.308073 0.547454 0.309375 0.547454 0.309635 0.546991 0.310937 0.546991 0.311198 0.546528 0.312500 0.546528 0.313802 0.545602 0.315365 0.545602 0.315625 0.545139 0.316927 0.545139 0.317188 0.544676 0.318490 0.544676 0.324219 0.542361 0.325521 0.541435 0.328385 0.541435 0.329688 0.540972 0.330729 0.541898 0.332552 0.542361 0.332813 0.542824 0.334896 0.542824 0.335156 0.542361 0.336458 0.542361 0.339323 0.540972 0.340625 0.540972 0.340885 0.540509 0.342448 0.540509 0.342708 0.540046 0.344010 0.540046 0.345313 0.539120 0.347656 0.539120 0.347917 0.539583 0.353646 0.539583 0.354948 0.540509 0.355729 0.540509 0.357292 0.541898 0.359896 0.541898 0.360156 0.542361 0.361458 0.542361 0.362630 0.543981 0.361458 0.546528 0.360547 0.547685 0.359505 0.552778 0.358984 0.553704 0.358203 0.556481 0.356771 0.559028 0.353646 0.560880 0.353385 0.561343 0.349219 0.561343 0.346094 0.558102 0.344531 0.558102 0.343490 0.559028 0.342187 0.559491 0.341406 0.560417 0.339583 0.561806 0.338542 0.562269 0.335938 0.562269 0.335677 0.561806 0.332813 0.561806 0.331771 0.562269 0.330990 0.563194 0.329167 0.564583 0.328385 0.564583 0.327344 0.565509 0.324479 0.566435 0.324089 0.567130 0.324089 0.569444 0.323828 0.571759 0.322917 0.572454 0.321354 0.572454 0.320052 0.571065 0.317708 0.569213 0.316927 0.568287 0.314844 0.566898 0.313021 0.566898 0.312760 0.567361 0.311458 0.567361 0.309896 0.568287 0.308594 0.568287 0.308333 0.568750 0.307031 0.568750 0.305859 0.570833 0.305339 0.572685 0.304688 0.573843 0.302083 0.576620 0.300781 0.577083 0.299479 0.577083 0.299219 0.577546
 3 0.334635 0.543750 0.332813 0.543750 0.330729 0.542361 0.330078 0.541204 0.329297 0.538889 0.329297 0.536574 0.329818 0.534722 0.330078 0.531944 0.332813 0.527083 0.334896 0.525231 0.336198 0.524769 0.341667 0.524769 0.342969 0.525694 0.344661 0.528704 0.345182 0.531019 0.345182 0.536111 0.344922 0.537963 0.344010 0.539583 0.342187 0.540972 0.340885 0.540972 0.340625 0.541435 0.339323 0.541435 0.339062 0.541898 0.336979 0.542361 0.335938 0.543287 0.334635 0.543750
 3 0.498698 0.565509 0.497917 0.565046 0.497266 0.563889 0.496224 0.558333 0.496224 0.556019 0.495964 0.555556 0.495964 0.553241 0.495703 0.551389 0.495964 0.549537 0.497005 0.544907 0.498698 0.541898 0.500260 0.540509 0.501823 0.538657 0.503906 0.537731 0.505208 0.536343 0.506510 0.536806 0.507161 0.538889 0.507161 0.545833 0.506901 0.546759 0.505729 0.548843 0.503906 0.549769 0.503125 0.550694 0.502083 0.551157 0.501172 0.552778 0.500651 0.556944 0.500130 0.559722 0.500130 0.561574 0.499609 0.563889 0.498698 0.565509
 5 0.646094 0.504398 0.642708 0.504398 0.640365 0.502546 0.638672 0.500000 0.637891 0.497685 0.637370 0.494444 0.637370 0.492130 0.637109 0.491667 0.637109 0.479630 0.637370 0.479167 0.637370 0.475000 0.637891 0.472685 0.639062 0.470602 0.641667 0.468750 0.642708 0.468287 0.645833 0.468287 0.646094 0.468750 0.647656 0.469213 0.648438 0.470139 0.649609 0.472222 0.650391 0.475463 0.650391 0.477778 0.650651 0.480093 0.651172 0.482407 0.651172 0.485185 0.651432 0.485648 0.651432 0.497685 0.650911 0.499537 0.649740 0.501620 0.648438 0.503009 0.646094 0.504398
 4 0.674479 0.492361 0.672917 0.492361 0.672656 0.491898 0.671094 0.491898 0.669792 0.490972 0.669010 0.490972 0.667448 0.489583 0.666406 0.489120 0.665234 0.487500 0.664193 0.483333 0.664193 0.475000 0.664714 0.472685 0.665495 0.467593 0.666927 0.465046 0.668750 0.463657 0.670052 0.463194 0.674479 0.463194 0.674740 0.463657 0.676302 0.463657 0.677604 0.464120 0.680208 0.466898 0.681120 0.468519 0.681641 0.470370 0.681641 0.472685 0.681901 0.473148 0.681901 0.478704 0.681641 0.479167 0.681641 0.482870 0.680599 0.487037 0.678906 0.490046 0.678125 0.490972 0.676302 0.491898 0.674740 0.491898 0.674479 0.492361
