 1 0.736458 0.461343 0.731771 0.461343 0.730208 0.460417 0.728906 0.460417 0.727344 0.459491 0.725521 0.459491 0.725260 0.459028 0.723177 0.459028 0.722917 0.458565 0.721354 0.458565 0.719792 0.457639 0.718490 0.457639 0.716927 0.456713 0.715365 0.456713 0.715104 0.456250 0.713542 0.456250 0.713281 0.455787 0.711458 0.455787 0.711198 0.455324 0.709635 0.455324 0.709375 0.454861 0.708073 0.454861 0.707812 0.454398 0.706250 0.454398 0.705990 0.453935 0.704427 0.453935 0.702865 0.453009 0.701302 0.453009 0.701042 0.452546 0.699740 0.452546 0.698177 0.451620 0.696615 0.451620 0.696354 0.451157 0.694792 0.451157 0.694531 0.450694 0.692969 0.450694 0.692708 0.450231 0.691406 0.450231 0.691146 0.449769 0.689583 0.449769 0.689323 0.449306 0.687500 0.449306 0.687240 0.448843 0.685937 0.448843 0.685677 0.448380 0.684115 0.448380 0.683854 0.447917 0.682031 0.447917 0.681771 0.447454 0.680208 0.447454 0.679948 0.446991 0.678646 0.446991 0.678385 0.446528 0.676302 0.446528 0.676042 0.446065 0.673698 0.446065 0.673438 0.445602 0.671094 0.445602 0.670833 0.445139 0.669271 0.445139 0.669010 0.444676 0.667188 0.444213 0.666927 0.443750 0.665625 0.443750 0.665365 0.443287 0.663021 0.443287 0.662760 0.442824 0.661458 0.442824 0.661198 0.442361 0.659896 0.442361 0.658333 0.441435 0.657292 0.441435 0.653385 0.440046 0.653125 0.439583 0.651563 0.439583 0.651302 0.439120 0.649740 0.439120 0.649479 0.438657 0.647396 0.438657 0.647135 0.438194 0.645573 0.438194 0.642708 0.436806 0.641146 0.436806 0.640885 0.436343 0.639323 0.436343 0.639062 0.435880 0.637500 0.435880 0.637240 0.435417 0.635938 0.435417 0.635677 0.434954 0.634115 0.434954 0.633854 0.434491 0.632552 0.434491 0.632292 0.434028 0.630729 0.434028 0.630469 0.433565 0.628385 0.433565 0.628125 0.433102 0.626563 0.433102 0.622656 0.430787 0.621875 0.429861 0.620052 0.428472 0.619010 0.427083 0.616797 0.423148 0.616797 0.422685 0.615495 0.419907 0.615234 0.416667 0.614974 0.416204 0.614974 0.412963 0.614714 0.412500 0.614714 0.406019 0.614974 0.405556 0.614974 0.402778 0.615234 0.402315 0.615234 0.399074 0.615495 0.398611 0.615495 0.393056 0.615755 0.392593 0.615755 0.390278 0.616016 0.389815 0.616016 0.387500 0.616276 0.387037 0.616276 0.384259 0.616536 0.383796 0.616536 0.381019 0.616797 0.380556 0.616797 0.377315 0.617057 0.376852 0.617057 0.373611 0.617318 0.373148 0.617318 0.370370 0.617578 0.369907 0.617578 0.367130 0.617839 0.366667 0.617839 0.364352 0.618099 0.363889 0.618099 0.361111 0.618359 0.360648 0.618359 0.357870 0.618620 0.357407 0.618620 0.355093 0.618880 0.354630 0.618880 0.352315 0.619141 0.351852 0.619141 0.349074 0.619401 0.348611 0.619401 0.345833 0.619922 0.343056 0.619922 0.339352 0.620182 0.338889 0.620182 0.334722 0.620443 0.334259 0.620443 0.330093 0.620703 0.329630 0.620703 0.325926 0.620964 0.325463 0.620964 0.321759 0.621224 0.321296 0.621224 0.318519 0.621484 0.318056 0.621484 0.314815 0.621745 0.314352 0.621745 0.311111 0.622005 0.310648 0.622005 0.306944 0.622266 0.306481 0.622266 0.302778 0.622526 0.302315 0.622526 0.299537 0.622786 0.299074 0.622786 0.296296 0.623047 0.295833 0.623047 0.292593 0.623307 0.292130 0.623307 0.289352 0.623568 0.288889 0.623568 0.286111 0.623828 0.285648 0.623828 0.282407 0.624089 0.281944 0.624089 0.277778 0.624349 0.277315 0.624349 0.272222 0.624609 0.271759 0.624609 0.268519 0.624870 0.268056 0.624870 0.264352 0.625130 0.263889 0.625130 0.260648 0.625391 0.260185 0.625391 0.257407 0.625651 0.256944 0.625651 0.254630 0.625911 0.254167 0.625911 0.251852 0.626172 0.249537 0.626693 0.247222 0.626953 0.244907 0.626953 0.239815 0.627214 0.239352 0.627214 0.237037 0.627474 0.236574 0.627474 0.232870 0.627734 0.232407 0.627734 0.229630 0.627995 0.229167 0.627995 0.226389 0.628255 0.225926 0.628255 0.218981 0.628516 0.218519 0.628516 0.215278 0.628776 0.214815 0.628776 0.212037 0.629036 0.211574 0.629036 0.207870 0.629297 0.207407 0.629297 0.203704 0.629557 0.203241 0.629557 0.200926 0.629818 0.200463 0.629818 0.197685 0.630078 0.197222 0.630078 0.192593 0.630339 0.192130 0.630339 0.189815 0.630859 0.187037 0.630859 0.184722 0.631120 0.184259 0.631120 0.181944 0.631380 0.181481 0.631380 0.178704 0.631641 0.178241 0.631641 0.175000 0.631901 0.174537 0.631901 0.171759 0.632161 0.171296 0.632161 0.168981 0.632422 0.168519 0.632422 0.166204 0.632682 0.165741 0.632682 0.162963 0.632943 0.162500 0.632943 0.159259 0.633203 0.158796 0.633203 0.155556 0.633464 0.155093 0.633464 0.151852 0.633724 0.151389 0.633724 0.147685 0.633984 0.147222 0.633984 0.143981 0.634245 0.143519 0.634245 0.140741 0.634505 0.140278 0.634505 0.137500 0.634766 0.137037 0.634766 0.134259 0.635807 0.126852 0.636328 0.125000 0.636849 0.119907 0.637630 0.117593 0.638151 0.114815 0.639193 0.112037 0.640495 0.109259 0.640755 0.107870 0.641797 0.105093 0.643490 0.102083 0.643750 0.102083 0.644922 0.100000 0.645703 0.097685 0.646745 0.095370 0.649349 0.090741 0.650130 0.087963 0.653776 0.081481 0.654036 0.080093 0.655599 0.076389 0.656380 0.073148 0.657161 0.071296 0.659245 0.067593 0.659505 0.066204 0.660286 0.064352 0.661979 0.061343 0.663151 0.059722 0.664193 0.056944 0.670573 0.045602 0.671615 0.044676 0.672917 0.042824 0.675260 0.040972 0.677865 0.038657 0.679167 0.038657 0.679427 0.038194 0.681510 0.038194 0.681771 0.037731 0.683073 0.037731 0.683333 0.038194 0.698438 0.038194 0.698698 0.038657 0.710156 0.038657 0.710417 0.039120 0.714323 0.039120 0.714583 0.039583 0.718229 0.039583 0.718490 0.040046 0.744010 0.040046 0.744271 0.040509 0.750000 0.040509 0.751302 0.039583 0.754948 0.039583 0.755208 0.040046 0.757552 0.040509 0.757812 0.040972 0.759635 0.040972 0.759896 0.041435 0.761198 0.041435 0.761458 0.040972 0.770312 0.040972 0.770573 0.041435 0.776563 0.041435 0.776823 0.041898 0.784375 0.041898 0.784635 0.042361 0.786198 0.042361 0.786458 0.042824 0.787760 0.042824 0.788021 0.043287 0.790104 0.043750 0.791146 0.044676 0.792057 0.046296 0.792578 0.048611 0.793880 0.051852 0.794661 0.053241 0.795964 0.056944 0.798568 0.061574 0.799609 0.065278 0.799609 0.066204 0.800391 0.069444 0.800391 0.070833 0.800911 0.072685 0.801172 0.075926 0.801953 0.078704 0.802214 0.080556 0.802214 0.085185 0.802474 0.085648 0.802474 0.090278 0.802734 0.090741 0.802734 0.093056 0.804557 0.099537 0.805078 0.101852 0.805078 0.103241 0.806120 0.106944 0.806120 0.109259 0.806380 0.109722 0.806380 0.112500 0.806641 0.112963 0.806641 0.118056 0.806901 0.118519 0.806901 0.122685 0.807161 0.123148 0.807161 0.132870 0.806901 0.135185 0.806120 0.139352 0.805339 0.142130 0.805078 0.143981 0.805078 0.146296 0.804818 0.146759 0.804818 0.149074 0.804557 0.149537 0.804036 0.153241 0.803516 0.155093 0.802995 0.159259 0.801953 0.162963 0.801693 0.165278 0.801172 0.167130 0.801172 0.168519 0.800391 0.171759 0.800391 0.173148 0.799870 0.175000 0.799870 0.176389 0.798568 0.181481 0.798568 0.182407 0.797786 0.185648 0.797526 0.187500 0.797526 0.189815 0.796745 0.193056 0.795703 0.198611 0.795443 0.200926 0.793880 0.206944 0.793620 0.209259 0.793099 0.211111 0.792318 0.216667 0.791797 0.219444 0.790234 0.225000 0.789714 0.230093 0.789193 0.233796 0.788672 0.235185 0.787630 0.240741 0.787630 0.241667 0.786589 0.246296 0.786068 0.247685 0.785547 0.253241 0.785026 0.255093 0.785026 0.256481 0.784505 0.258333 0.784245 0.261574 0.783724 0.263426 0.783724 0.264815 0.783203 0.266204 0.782682 0.269907 0.782161 0.271759 0.781901 0.274074 0.779818 0.283333 0.779818 0.284259 0.778255 0.291204 0.777734 0.293981 0.777734 0.295370 0.777214 0.297685 0.776953 0.300000 0.775130 0.306481 0.775130 0.307407 0.774349 0.312037 0.774089 0.314352 0.773307 0.318981 0.772786 0.320370 0.772266 0.324537 0.771745 0.325926 0.771484 0.327778 0.770964 0.328704 0.770443 0.331481 0.770443 0.333796 0.770182 0.336111 0.768880 0.342130 0.768620 0.344907 0.768099 0.347222 0.766797 0.351389 0.766797 0.352315 0.765495 0.359722 0.765234 0.360185 0.764974 0.363426 0.763151 0.371759 0.762370 0.374537 0.762370 0.375926 0.761849 0.377778 0.761849 0.379167 0.761328 0.381019 0.761328 0.382407 0.759766 0.389352 0.759245 0.393056 0.758464 0.396296 0.758203 0.399537 0.757422 0.401852 0.756901 0.404167 0.756380 0.408333 0.755859 0.409722 0.755339 0.414352 0.754036 0.420370 0.753516 0.421759 0.752995 0.426852 0.752214 0.430093 0.751953 0.432407 0.751432 0.434722 0.751172 0.437037 0.751172 0.439352 0.750911 0.439815 0.749870 0.447222 0.749349 0.448611 0.748177 0.450694 0.747917 0.450694 0.746484 0.453241 0.746484 0.453704 0.745313 0.455787 0.744531 0.456713 0.742708 0.457639 0.740625 0.459491 0.737760 0.460417 0.736458 0.461343
 0 0.246615 0.418750 0.243490 0.418750 0.242448 0.418287 0.241667 0.417361 0.240625 0.416898 0.239453 0.414815 0.238672 0.411574 0.238151 0.410185 0.236979 0.408102 0.235937 0.407176 0.234115 0.406713 0.232552 0.405787 0.230469 0.403935 0.229167 0.403472 0.227474 0.400463 0.227474 0.400000 0.225651 0.396296 0.225130 0.393981 0.224609 0.393056 0.223828 0.390278 0.223307 0.386574 0.222786 0.385185 0.221224 0.379630 0.220052 0.377546 0.217188 0.376157 0.213021 0.376157 0.211979 0.375694 0.210417 0.374306 0.209245 0.372222 0.208724 0.369444 0.208724 0.366204 0.208203 0.362963 0.207682 0.361574 0.207422 0.359722 0.207422 0.357407 0.206641 0.353704 0.206641 0.352315 0.206120 0.350000 0.206120 0.348148 0.205078 0.342593 0.204557 0.337037 0.203516 0.331944 0.202734 0.329167 0.202474 0.326852 0.202474 0.323611 0.201953 0.321296 0.200911 0.315278 0.200911 0.313426 0.200391 0.311111 0.200130 0.306944 0.199349 0.303241 0.198568 0.296759 0.198568 0.293056 0.198307 0.292593 0.198307 0.290278 0.197526 0.287963 0.197266 0.285185 0.196745 0.283333 0.196745 0.281944 0.196224 0.279630 0.196224 0.277778 0.195703 0.275463 0.195703 0.273148 0.195443 0.272685 0.195443 0.264815 0.195703 0.264352 0.196224 0.259259 0.197526 0.255556 0.198307 0.254167 0.198828 0.252315 0.200781 0.248843 0.202344 0.246991 0.203646 0.244676 0.205990 0.242824 0.207552 0.240972 0.208333 0.239583 0.209635 0.238194 0.210156 0.238194 0.213542 0.234954 0.215104 0.234028 0.215625 0.233102 0.217969 0.230787 0.218490 0.230787 0.221354 0.228935 0.222135 0.228009 0.223958 0.226620 0.225781 0.225694 0.227083 0.224306 0.228646 0.223380 0.229427 0.223380 0.230469 0.222454 0.231250 0.222454 0.232292 0.221528 0.233073 0.221528 0.234375 0.220602 0.235937 0.218287 0.237240 0.216898 0.238542 0.215972 0.239844 0.215509 0.242448 0.213657 0.242969 0.212731 0.244271 0.211806 0.245312 0.211806 0.246615 0.210880 0.247917 0.210417 0.252865 0.210417 0.253125 0.209954 0.270313 0.209954 0.270573 0.209491 0.272135 0.209491 0.272396 0.209954 0.280208 0.209954 0.280469 0.210417 0.282552 0.210417 0.282813 0.210880 0.285417 0.210880 0.285677 0.211343 0.288281 0.211343 0.288542 0.211806 0.290104 0.211806 0.290365 0.212269 0.292969 0.212269 0.293229 0.212731 0.296354 0.212731 0.296615 0.213194 0.299219 0.213194 0.299479 0.213657 0.300781 0.213657 0.301042 0.214120 0.302344 0.214120 0.303646 0.215046 0.306250 0.216435 0.307031 0.216435 0.308333 0.217361 0.309896 0.219213 0.310677 0.219676 0.312240 0.221528 0.313021 0.222917 0.314063 0.223843 0.317839 0.230556 0.318359 0.231944 0.319401 0.236111 0.320182 0.238426 0.320703 0.243056 0.321224 0.244444 0.321484 0.246296 0.322005 0.247222 0.324349 0.254167 0.325130 0.257407 0.325130 0.258333 0.327474 0.266204 0.327474 0.267130 0.328516 0.270833 0.328776 0.273148 0.329297 0.275000 0.329297 0.277778 0.329818 0.281944 0.330339 0.283333 0.331380 0.289815 0.332682 0.294907 0.332682 0.296296 0.333203 0.298148 0.333464 0.300463 0.334505 0.303704 0.334505 0.304630 0.335547 0.308333 0.336068 0.312037 0.336589 0.313426 0.336589 0.314815 0.337109 0.317130 0.337109 0.319444 0.337630 0.322222 0.337891 0.325000 0.338411 0.326389 0.338411 0.327778 0.338932 0.330093 0.338932 0.332407 0.339193 0.332870 0.339453 0.336574 0.339974 0.339352 0.340755 0.342130 0.341016 0.344444 0.341016 0.351389 0.341276 0.351852 0.341276 0.358796 0.340755 0.359722 0.339974 0.363889 0.339453 0.370370 0.338932 0.372222 0.337760 0.374306 0.337500 0.374306 0.336198 0.376620 0.335938 0.376620 0.334115 0.379861 0.333854 0.379861 0.332292 0.382639 0.331250 0.384028 0.326042 0.388657 0.325260 0.389583 0.323958 0.390046 0.322135 0.391898 0.320833 0.392824 0.319271 0.393287 0.316927 0.394676 0.315104 0.395139 0.310417 0.397917 0.309115 0.398843 0.308073 0.398843 0.306771 0.399769 0.305469 0.400231 0.304167 0.400231 0.303906 0.400694 0.302604 0.400694 0.302344 0.401157 0.300260 0.401157 0.300000 0.401620 0.298177 0.401620 0.296875 0.402083 0.294531 0.403472 0.292969 0.403472 0.292708 0.403935 0.291146 0.403935 0.290885 0.404398 0.289583 0.404398 0.288021 0.405324 0.286719 0.405324 0.286458 0.405787 0.283594 0.405787 0.282292 0.406250 0.279948 0.408102 0.278125 0.409028 0.276302 0.409028 0.275000 0.409954 0.273698 0.410417 0.271615 0.412269 0.268229 0.412269 0.267969 0.412731 0.266146 0.412731 0.265885 0.413194 0.263542 0.413657 0.263281 0.414120 0.261198 0.414120 0.260937 0.414583 0.259115 0.414583 0.258854 0.415046 0.257552 0.415046 0.257292 0.415509 0.255990 0.415509 0.255729 0.415972 0.253646 0.415972 0.253385 0.416435 0.251563 0.416435 0.250260 0.416898 0.248177 0.418287 0.246875 0.418287 0.246615 0.418750
 7 0.299479 0.743287 0.296615 0.741435 0.295573 0.740972 0.291406 0.740972 0.291146 0.740509 0.272917 0.740509 0.272656 0.740972 0.257552 0.740972 0.257292 0.741435 0.252083 0.741435 0.251823 0.740972 0.239583 0.740972 0.239323 0.740509 0.236458 0.740509 0.236198 0.740046 0.234635 0.740046 0.234375 0.739583 0.232813 0.739583 0.231771 0.738657 0.230859 0.736111 0.228516 0.731944 0.226693 0.725926 0.225911 0.721296 0.223307 0.716667 0.222656 0.715046 0.220964 0.712963 0.220703 0.711574 0.220703 0.708333 0.220443 0.707870 0.220443 0.705093 0.219922 0.702778 0.219922 0.700000 0.219661 0.699537 0.219661 0.697222 0.219401 0.696759 0.219401 0.694444 0.219141 0.693056 0.217708 0.690509 0.216927 0.690046 0.215755 0.687500 0.214974 0.685185 0.213932 0.680556 0.212370 0.677315 0.211849 0.675463 0.210156 0.672454 0.209115 0.671528 0.208464 0.670370 0.208203 0.668981 0.208984 0.667130 0.210547 0.661574 0.211068 0.656944 0.212109 0.653704 0.212891 0.651852 0.214193 0.649537 0.214974 0.645370 0.214974 0.643519 0.216406 0.640972 0.217708 0.640509 0.219010 0.639583 0.220964 0.636111 0.221224 0.634722 0.221224 0.632407 0.221484 0.631944 0.221484 0.629167 0.222005 0.627315 0.222656 0.626620 0.225130 0.622222 0.225651 0.620370 0.226172 0.615741 0.226953 0.613426 0.229818 0.609259 0.230078 0.607870 0.231901 0.601389 0.233073 0.599306 0.234245 0.597685 0.235286 0.593519 0.235807 0.587963 0.236979 0.585880 0.239063 0.584954 0.242969 0.584954 0.243229 0.584491 0.246094 0.584491 0.246354 0.584028 0.247656 0.584028 0.248958 0.583102 0.250521 0.580324 0.252083 0.578935 0.253385 0.578935 0.253646 0.578472 0.262240 0.578472 0.262500 0.578009 0.264844 0.578009 0.265104 0.578472 0.274219 0.578472 0.274479 0.578009 0.278906 0.578009 0.279167 0.577546 0.282292 0.577546 0.282552 0.577083 0.296094 0.577083 0.298958 0.578935 0.300781 0.578935 0.301042 0.578472 0.303646 0.578472 0.303906 0.578009 0.305208 0.578009 0.305469 0.577546 0.307812 0.577546 0.308073 0.578009 0.310937 0.578009 0.313802 0.575231 0.315885 0.575231 0.316146 0.575694 0.317448 0.575694 0.317708 0.576157 0.319010 0.576157 0.320312 0.575694 0.321615 0.574769 0.323437 0.574769 0.323698 0.575231 0.325000 0.575231 0.325260 0.575694 0.326562 0.575694 0.328125 0.574769 0.330208 0.574306 0.331250 0.575231 0.333333 0.575694 0.334115 0.576157 0.335286 0.577778 0.335807 0.579167 0.336068 0.581019 0.338411 0.587500 0.339193 0.593056 0.339453 0.593519 0.339453 0.596296 0.339714 0.596759 0.339714 0.599074 0.339974 0.600926 0.340755 0.604167 0.341276 0.605093 0.341797 0.609259 0.342318 0.610648 0.342318 0.612037 0.342839 0.613889 0.343099 0.617593 0.344141 0.622222 0.345182 0.624074 0.346224 0.627778 0.346484 0.631944 0.347005 0.633796 0.347266 0.636111 0.347266 0.640278 0.347526 0.640741 0.347526 0.650463 0.348047 0.653241 0.348047 0.656481 0.347005 0.658796 0.346484 0.660648 0.345703 0.662037 0.345443 0.663426 0.345703 0.666204 0.345964 0.666667 0.346224 0.669444 0.345964 0.670833 0.344141 0.674537 0.343620 0.675926 0.342839 0.680556 0.342839 0.683333 0.342578 0.683796 0.342578 0.686111 0.342318 0.686574 0.342318 0.688889 0.341797 0.691204 0.341797 0.696296 0.341536 0.696759 0.341276 0.700463 0.340234 0.703704 0.339974 0.706944 0.339193 0.711574 0.338411 0.713889 0.337109 0.718519 0.336328 0.719907 0.334766 0.728241 0.334245 0.730093 0.332552 0.734028 0.332292 0.734028 0.330729 0.736806 0.329688 0.737731 0.328385 0.737731 0.326823 0.736806 0.325521 0.736806 0.324740 0.737731 0.323177 0.738194 0.322917 0.738657 0.321354 0.738657 0.321094 0.739120 0.319792 0.739120 0.318490 0.740046 0.317188 0.740509 0.314583 0.740509 0.314323 0.740972 0.308594 0.740972 0.308333 0.741435 0.306510 0.741435 0.306250 0.741898 0.303646 0.741898 0.303385 0.742361 0.301563 0.742361 0.301302 0.742824 0.299740 0.742824 0.299479 0.743287
 7 0.295182 0.632407 0.295573 0.632176 0.297005 0.629630 0.297266 0.627315 0.296745 0.625463 0.295312 0.622917 0.293750 0.623843 0.292969 0.625231 0.290885 0.627083 0.290234 0.628241 0.290234 0.629167 0.291406 0.631250 0.293750 0.632639 0.295182 0.632407
 7 0.237630 0.720833 0.239063 0.720139 0.240365 0.720139 0.241667 0.719676 0.241927 0.720139 0.247917 0.720139 0.248828 0.718519 0.248828 0.717130 0.247396 0.714583 0.244010 0.714583 0.243359 0.713889 0.242839 0.712500 0.243359 0.709259 0.244271 0.708102 0.247135 0.709028 0.247396 0.709491 0.248438 0.708565 0.248568 0.707870 0.249870 0.705556 0.249609 0.704167 0.248438 0.702546 0.246615 0.702546 0.246354 0.703009 0.245052 0.703009 0.244792 0.703472 0.243229 0.703009 0.240365 0.700231 0.236719 0.700231 0.234375 0.701157 0.231771 0.703009 0.229948 0.703472 0.229036 0.705093 0.229687 0.706250 0.230208 0.706250 0.231771 0.707639 0.233203 0.710185 0.233203 0.714352 0.232682 0.716667 0.232682 0.718519 0.233333 0.719676 0.235156 0.721065 0.237500 0.721065 0.237630 0.720833
 2 0.304167 0.768287 0.302344 0.768287 0.301302 0.767361 0.300130 0.765741 0.299089 0.763426 0.298568 0.761574 0.298047 0.758333 0.297526 0.756944 0.296745 0.752778 0.296745 0.750926 0.296224 0.748148 0.296224 0.745370 0.296875 0.744213 0.297917 0.743287 0.299740 0.743287 0.300000 0.742824 0.312240 0.742824 0.312500 0.742361 0.317969 0.742361 0.318229 0.741898 0.329948 0.741898 0.332552 0.740046 0.333724 0.738426 0.334505 0.736574 0.335547 0.731944 0.336589 0.728704 0.337109 0.726389 0.337891 0.720833 0.338151 0.720370 0.338411 0.717130 0.338932 0.715278 0.338932 0.713889 0.339453 0.711111 0.339974 0.709722 0.340234 0.707407 0.340755 0.706019 0.340755 0.704630 0.341536 0.701389 0.341536 0.700000 0.342057 0.698148 0.342057 0.696759 0.342839 0.692593 0.342839 0.691204 0.344141 0.685648 0.345182 0.680556 0.345703 0.679167 0.347005 0.672685 0.347005 0.671296 0.347526 0.668519 0.348047 0.667130 0.348307 0.664815 0.349609 0.659259 0.349609 0.657870 0.350130 0.655556 0.350130 0.653241 0.350911 0.649074 0.351172 0.645833 0.351823 0.644676 0.352865 0.644213 0.353516 0.645833 0.354557 0.650463 0.354557 0.651389 0.355339 0.653704 0.355859 0.656019 0.356120 0.658333 0.356901 0.661574 0.357161 0.663426 0.357161 0.669444 0.356901 0.671759 0.356380 0.673611 0.355859 0.677778 0.354818 0.681944 0.354818 0.683333 0.354297 0.685185 0.354297 0.686574 0.353516 0.689815 0.353255 0.693056 0.352734 0.694907 0.352734 0.696296 0.351693 0.700000 0.351432 0.702315 0.350911 0.703704 0.350391 0.708333 0.349349 0.712963 0.348828 0.718519 0.348047 0.721296 0.347786 0.723611 0.347005 0.728241 0.346484 0.730556 0.346484 0.731944 0.345964 0.735185 0.345443 0.736574 0.344922 0.740278 0.344401 0.741667 0.344401 0.743056 0.343880 0.744907 0.343359 0.749074 0.342839 0.750926 0.342839 0.752315 0.342318 0.754167 0.342057 0.756481 0.341536 0.757870 0.341276 0.759722 0.339844 0.762269 0.338802 0.763657 0.337240 0.765046 0.334896 0.765509 0.334635 0.765972 0.330729 0.765972 0.330469 0.766435 0.323698 0.766435 0.323437 0.766898 0.315365 0.766898 0.315104 0.767361 0.308333 0.767361 0.308073 0.767824 0.304427 0.767824 0.304167 0.768287
 7 0.127344 0.859491 0.123177 0.859491 0.121875 0.858565 0.120573 0.856713 0.119271 0.855787 0.117969 0.853935 0.116927 0.853009 0.116146 0.851620 0.113542 0.848380 0.110937 0.845602 0.108073 0.841435 0.105729 0.839120 0.103646 0.836343 0.102865 0.835880 0.101302 0.833565 0.098958 0.831250 0.096094 0.827083 0.094792 0.826157 0.091667 0.821991 0.090625 0.821065 0.089844 0.819676 0.087240 0.816898 0.085156 0.813194 0.082292 0.809954 0.079167 0.805324 0.078906 0.805324 0.075781 0.799769 0.075521 0.799769 0.074219 0.797454 0.073958 0.797454 0.068880 0.788426 0.068880 0.787963 0.065755 0.782407 0.064714 0.779630 0.061719 0.774306 0.061458 0.774306 0.059766 0.771759 0.059766 0.771296 0.058203 0.768519 0.058203 0.768056 0.056771 0.765509 0.055729 0.764583 0.053776 0.761111 0.052734 0.758333 0.050521 0.754398 0.050260 0.754398 0.049089 0.752315 0.049089 0.751852 0.047786 0.749537 0.046745 0.746759 0.041667 0.737731 0.041406 0.737731 0.039323 0.734028 0.039062 0.734028 0.037891 0.731944 0.037370 0.728241 0.036849 0.726389 0.037630 0.723611 0.038542 0.722454 0.039844 0.720139 0.041406 0.718750 0.042969 0.716898 0.044531 0.714583 0.046354 0.713194 0.048177 0.710417 0.049740 0.708565 0.053125 0.705324 0.053646 0.705324 0.055469 0.703472 0.056250 0.702083 0.057292 0.701157 0.058073 0.701157 0.058984 0.699537 0.058984 0.698611 0.060677 0.696528 0.063281 0.694676 0.064062 0.693750 0.065365 0.691435 0.067708 0.688657 0.069271 0.687269 0.070052 0.685880 0.072396 0.683102 0.073177 0.682639 0.074740 0.680787 0.075521 0.679398 0.078385 0.677083 0.079687 0.675231 0.082552 0.672454 0.084635 0.669213 0.085417 0.668750 0.086719 0.666898 0.087500 0.666435 0.089844 0.663194 0.092708 0.660417 0.094010 0.658565 0.096354 0.656250 0.099479 0.652083 0.100781 0.651157 0.102865 0.648380 0.103646 0.647917 0.106510 0.644213 0.107813 0.643287 0.111198 0.639120 0.112760 0.637731 0.114062 0.635880 0.114844 0.635417 0.115625 0.634028 0.118229 0.630787 0.120313 0.628935 0.122656 0.625694 0.124740 0.623843 0.126562 0.621528 0.127344 0.620139 0.130208 0.616898 0.131510 0.615972 0.133333 0.613194 0.135937 0.611343 0.136458 0.610417 0.138021 0.609028 0.139844 0.606250 0.140625 0.605787 0.141927 0.603935 0.143229 0.603009 0.145573 0.600694 0.146354 0.600231 0.150000 0.600231 0.152083 0.601620 0.152865 0.601620 0.154688 0.603009 0.155208 0.603009 0.156771 0.604398 0.159115 0.607639 0.160417 0.608102 0.161719 0.609028 0.165625 0.612731 0.166146 0.612731 0.167969 0.614583 0.169792 0.615972 0.171094 0.617361 0.173958 0.619213 0.176042 0.621528 0.177865 0.622454 0.178385 0.623380 0.179948 0.624769 0.180469 0.624769 0.181771 0.626157 0.182292 0.626157 0.186198 0.629861 0.188021 0.631250 0.188542 0.632176 0.190104 0.633565 0.191536 0.636574 0.192318 0.639815 0.193099 0.642130 0.194661 0.645370 0.195703 0.648148 0.196224 0.650463 0.197266 0.653241 0.198568 0.656019 0.199089 0.658333 0.200911 0.662963 0.202995 0.667130 0.202995 0.667593 0.204818 0.671759 0.205078 0.673148 0.206120 0.675463 0.206901 0.678704 0.208724 0.683796 0.209766 0.685648 0.210807 0.688426 0.211328 0.690741 0.212109 0.693056 0.212891 0.694444 0.213672 0.696759 0.214453 0.700000 0.217578 0.709259 0.217578 0.710185 0.218359 0.712963 0.218880 0.713889 0.219922 0.718056 0.219922 0.719907 0.219141 0.723611 0.218620 0.725000 0.215365 0.730787 0.213542 0.732639 0.212891 0.733796 0.212630 0.735185 0.210938 0.738194 0.209635 0.739583 0.209115 0.739583 0.208073 0.740972 0.206250 0.742361 0.205208 0.742824 0.195312 0.742824 0.195052 0.743287 0.182031 0.743287 0.181771 0.743750 0.180469 0.743750 0.180208 0.744213 0.178385 0.744676 0.176823 0.746065 0.174089 0.750926 0.172005 0.756944 0.170964 0.759259 0.170443 0.761111 0.169661 0.762500 0.168359 0.765741 0.167839 0.768056 0.164193 0.778241 0.163411 0.779630 0.161849 0.783796 0.160807 0.785648 0.159245 0.789815 0.156641 0.795370 0.154557 0.801852 0.153255 0.805093 0.152214 0.806944 0.151432 0.809259 0.149349 0.813889 0.149089 0.815278 0.148047 0.818056 0.147266 0.819444 0.147005 0.820833 0.146224 0.822222 0.145964 0.823611 0.144922 0.826389 0.143099 0.830556 0.142839 0.831944 0.141797 0.834259 0.140495 0.837963 0.139193 0.840278 0.137630 0.844444 0.131771 0.854861 0.130208 0.856250 0.128906 0.858102 0.127344 0.859491
 7 0.071224 0.739352 0.072396 0.739120 0.075260 0.736806 0.076563 0.736343 0.079427 0.733565 0.080729 0.731713 0.083984 0.725926 0.084245 0.724537 0.083984 0.723611 0.083984 0.719444 0.083724 0.718519 0.080729 0.713194 0.080469 0.713194 0.078906 0.710417 0.078646 0.710417 0.074740 0.703472 0.073438 0.702083 0.072135 0.700231 0.067969 0.700231 0.066406 0.701620 0.064844 0.702546 0.063542 0.702546 0.063281 0.703009 0.061198 0.703009 0.060156 0.703935 0.058724 0.706944 0.057943 0.709259 0.057422 0.712500 0.057422 0.717593 0.058203 0.720370 0.059505 0.723148 0.059766 0.724537 0.061198 0.726620 0.062500 0.728009 0.063672 0.730093 0.064714 0.733333 0.064714 0.734259 0.065495 0.737037 0.066927 0.739120 0.067708 0.739583 0.071094 0.739583 0.071224 0.739352
 5 0.069792 0.739583 0.067708 0.739583 0.066667 0.738657 0.065495 0.736574 0.064714 0.734259 0.064193 0.731019 0.063672 0.729630 0.062240 0.727083 0.061458 0.726620 0.060156 0.724769 0.059245 0.721759 0.057161 0.718056 0.057161 0.715278 0.057422 0.714815 0.057422 0.712037 0.057943 0.710185 0.060156 0.706250 0.063542 0.703009 0.064844 0.702083 0.066146 0.701620 0.067708 0.700231 0.071875 0.700231 0.072656 0.700694 0.073698 0.702083 0.079427 0.712269 0.079687 0.712269 0.081250 0.715046 0.082552 0.716435 0.083724 0.718519 0.083984 0.719444 0.083984 0.725000 0.083724 0.726389 0.080469 0.732176 0.079687 0.733102 0.075521 0.736806 0.075000 0.736806 0.071615 0.739120 0.070052 0.739120 0.069792 0.739583
 6 0.166667 0.968287 0.165365 0.967824 0.164062 0.967824 0.163542 0.967361 0.162109 0.964815 0.161328 0.962037 0.161068 0.960185 0.161068 0.957407 0.160807 0.955093 0.160026 0.952778 0.158464 0.950463 0.157422 0.947222 0.157422 0.946296 0.156641 0.943981 0.155729 0.942361 0.154688 0.941435 0.153255 0.938889 0.152474 0.936574 0.150651 0.933333 0.149349 0.929630 0.146484 0.924537 0.146484 0.924074 0.144271 0.920139 0.142969 0.919213 0.141927 0.917824 0.138281 0.911343 0.138021 0.911343 0.133984 0.904167 0.133984 0.903704 0.128385 0.893750 0.128125 0.893750 0.126432 0.890741 0.125911 0.889352 0.124870 0.884722 0.125651 0.880556 0.126693 0.877778 0.127734 0.873611 0.128255 0.872685 0.129818 0.866667 0.130859 0.864352 0.131641 0.862037 0.132943 0.859722 0.132943 0.859259 0.134505 0.856481 0.134505 0.856019 0.135807 0.853241 0.136589 0.850000 0.137630 0.847222 0.138932 0.844907 0.138932 0.844444 0.140234 0.842130 0.140234 0.841667 0.141797 0.838426 0.142318 0.836574 0.143880 0.833333 0.144661 0.830556 0.146224 0.826852 0.146224 0.826389 0.149349 0.818056 0.149609 0.816667 0.150651 0.813889 0.151693 0.812037 0.153255 0.807870 0.153255 0.807407 0.154818 0.804630 0.157422 0.797685 0.157943 0.795833 0.160026 0.790278 0.160807 0.788889 0.161328 0.787037 0.162891 0.783796 0.163672 0.781481 0.166276 0.775926 0.166797 0.773611 0.167318 0.772685 0.169141 0.766204 0.169661 0.764815 0.171484 0.761111 0.172005 0.759259 0.172786 0.757870 0.173307 0.756019 0.174349 0.754167 0.175130 0.751852 0.177344 0.747917 0.178646 0.746528 0.179167 0.746528 0.180729 0.745139 0.182292 0.745139 0.182552 0.744676 0.197917 0.744676 0.198177 0.744213 0.202865 0.744213 0.203125 0.744676 0.214062 0.744676 0.214323 0.745139 0.217188 0.745139 0.217448 0.745602 0.225260 0.745602 0.225521 0.745139 0.227344 0.745139 0.227604 0.744676 0.229948 0.744676 0.230208 0.744213 0.234375 0.744213 0.234635 0.744676 0.258594 0.744676 0.258854 0.744213 0.270052 0.744213 0.270313 0.743750 0.275000 0.743750 0.275260 0.743287 0.281771 0.743287 0.282031 0.743750 0.292448 0.743750 0.294531 0.744676 0.295443 0.745833 0.295964 0.747685 0.295964 0.750926 0.296224 0.751389 0.296224 0.753704 0.297526 0.758796 0.298828 0.764352 0.299349 0.765278 0.300130 0.768056 0.302734 0.772685 0.303255 0.774074 0.304297 0.778241 0.305339 0.781481 0.305599 0.782870 0.306641 0.785648 0.307422 0.788889 0.308464 0.791667 0.309245 0.794907 0.309766 0.798611 0.311068 0.802778 0.312630 0.806019 0.313932 0.809259 0.314714 0.812037 0.316797 0.815741 0.317318 0.818981 0.317318 0.824074 0.317057 0.826389 0.316536 0.828704 0.316536 0.830093 0.316016 0.831944 0.315755 0.835185 0.315234 0.837963 0.314453 0.840741 0.313411 0.843519 0.311849 0.850926 0.311589 0.855093 0.311068 0.857407 0.310807 0.861574 0.310286 0.863889 0.310026 0.868056 0.309505 0.869907 0.309245 0.873148 0.308464 0.876389 0.307422 0.882407 0.306901 0.884259 0.305599 0.887037 0.304818 0.889815 0.304297 0.892593 0.304297 0.893981 0.303776 0.896296 0.302214 0.901852 0.301693 0.903241 0.300911 0.908333 0.300130 0.911574 0.299870 0.913889 0.299349 0.916204 0.298828 0.917130 0.297526 0.921759 0.297266 0.924537 0.296745 0.926389 0.296745 0.927778 0.296224 0.930093 0.296224 0.931481 0.295703 0.933796 0.295703 0.936111 0.295443 0.938426 0.294922 0.940278 0.294661 0.942593 0.293880 0.944907 0.293359 0.947222 0.293099 0.949537 0.291536 0.955556 0.289583 0.959028 0.287500 0.960880 0.284896 0.961806 0.284635 0.962269 0.283333 0.962269 0.283073 0.962731 0.281510 0.962731 0.281250 0.963194 0.279687 0.963194 0.279427 0.963657 0.262500 0.963657 0.262240 0.964120 0.241927 0.964120 0.241667 0.964583 0.226302 0.964583 0.226042 0.965046 0.218229 0.965046 0.217969 0.965509 0.214062 0.965509 0.213802 0.965972 0.196615 0.965972 0.196354 0.966435 0.185677 0.966435 0.185417 0.966898 0.182292 0.966898 0.182031 0.967361 0.173437 0.967361 0.173177 0.967824 0.166927 0.967824 0.166667 0.968287
 6 0.169401 0.926389 0.170443 0.920833 0.169792 0.920139 0.168490 0.920139 0.167448 0.920602 0.167578 0.922222 0.168620 0.925926 0.169401 0.926389
 2 0.182292 0.992361 0.170573 0.992361 0.168490 0.990509 0.167187 0.988657 0.166406 0.988194 0.163802 0.983565 0.163411 0.982407 0.160156 0.976620 0.158854 0.974769 0.158203 0.972222 0.157161 0.969444 0.157161 0.967130 0.157422 0.964815 0.158594 0.960880 0.160156 0.963194 0.161458 0.964120 0.162500 0.965972 0.163802 0.966898 0.165104 0.967361 0.168490 0.967361 0.168750 0.966898 0.171354 0.966898 0.171615 0.967361 0.174740 0.967361 0.175000 0.966898 0.183333 0.966898 0.183594 0.966435 0.191406 0.966435 0.191667 0.965972 0.198698 0.965972 0.198958 0.965509 0.208854 0.965509 0.209115 0.965046 0.221094 0.965046 0.221354 0.964583 0.231510 0.964583 0.231771 0.964120 0.236458 0.964120 0.236719 0.963657 0.255469 0.963657 0.255729 0.963194 0.262500 0.963194 0.263542 0.963657 0.263802 0.963194 0.266667 0.963194 0.266927 0.962731 0.270833 0.962731 0.271094 0.963194 0.277344 0.963194 0.277604 0.962731 0.282292 0.962731 0.282552 0.962269 0.283854 0.962269 0.284115 0.961806 0.286458 0.961343 0.287240 0.960880 0.289062 0.959028 0.290234 0.956944 0.292318 0.951852 0.292839 0.948611 0.293359 0.947222 0.294141 0.942130 0.295964 0.935648 0.297005 0.931019 0.297266 0.927778 0.297786 0.925926 0.298047 0.922685 0.298307 0.922222 0.298568 0.918981 0.299089 0.917130 0.299089 0.915741 0.299609 0.912963 0.300651 0.909259 0.300911 0.906944 0.301953 0.900926 0.302474 0.899537 0.302734 0.897222 0.303516 0.894907 0.303516 0.893519 0.304036 0.890741 0.304557 0.889352 0.305078 0.885648 0.305599 0.884259 0.305859 0.881944 0.306380 0.880556 0.306641 0.878241 0.307682 0.874537 0.307943 0.872222 0.308464 0.870833 0.309505 0.865278 0.309766 0.861111 0.310807 0.856944 0.311589 0.855556 0.312370 0.853241 0.312891 0.850463 0.312891 0.849074 0.313411 0.847222 0.313411 0.845833 0.314193 0.841204 0.314714 0.839815 0.315755 0.833333 0.316276 0.831481 0.316797 0.827778 0.317318 0.825926 0.317578 0.823611 0.317578 0.821296 0.317318 0.818981 0.316797 0.816667 0.316797 0.815278 0.317708 0.813194 0.318750 0.813194 0.320052 0.814583 0.320833 0.815972 0.321745 0.816667 0.322005 0.818981 0.322786 0.820833 0.323307 0.824537 0.324089 0.827315 0.325130 0.829630 0.325651 0.831944 0.325911 0.834259 0.325911 0.840278 0.325651 0.840741 0.325651 0.843056 0.324870 0.846296 0.324870 0.847222 0.323568 0.853241 0.323047 0.857407 0.322786 0.857870 0.322526 0.861111 0.322266 0.861574 0.322005 0.864815 0.321484 0.866667 0.321224 0.869907 0.320703 0.872685 0.319661 0.875926 0.319141 0.878241 0.319141 0.879630 0.318620 0.882407 0.318099 0.883796 0.317578 0.886574 0.317578 0.887963 0.317057 0.889815 0.317057 0.891204 0.316536 0.893056 0.316276 0.895370 0.315755 0.897222 0.314714 0.904630 0.313151 0.909259 0.312891 0.911111 0.312370 0.912500 0.311849 0.915278 0.311849 0.916667 0.311328 0.918519 0.311068 0.922685 0.310547 0.924537 0.310286 0.927778 0.309505 0.930093 0.308724 0.935185 0.308203 0.936574 0.307682 0.940278 0.307422 0.940741 0.307161 0.943981 0.306641 0.945833 0.306380 0.949074 0.305859 0.950926 0.305599 0.954167 0.304297 0.958796 0.303255 0.963426 0.302474 0.968056 0.302214 0.970370 0.301693 0.972685 0.300391 0.976852 0.297917 0.981250 0.296615 0.982639 0.295312 0.984491 0.294010 0.985417 0.292969 0.985417 0.291667 0.986343 0.289323 0.986343 0.289062 0.986806 0.284896 0.986806 0.284635 0.987269 0.277604 0.987269 0.277344 0.987731 0.268229 0.987731 0.267969 0.988194 0.266146 0.988194 0.265885 0.987731 0.262760 0.987731 0.262500 0.988194 0.259635 0.988194 0.259375 0.988657 0.249219 0.988657 0.248958 0.989120 0.244792 0.989120 0.244531 0.989583 0.233333 0.989583 0.233073 0.990046 0.223698 0.990046 0.223438 0.990509 0.208333 0.990509 0.208073 0.990972 0.198698 0.990972 0.198437 0.991435 0.187500 0.991435 0.187240 0.991898 0.182552 0.991898 0.182292 0.992361
 4 0.374740 0.545139 0.371875 0.545139 0.370573 0.544213 0.369792 0.544213 0.368620 0.542130 0.367839 0.538889 0.367839 0.536574 0.367578 0.536111 0.367578 0.529167 0.367839 0.528704 0.367839 0.525926 0.368099 0.523611 0.368620 0.521759 0.369531 0.520139 0.372396 0.518750 0.373698 0.518750 0.373958 0.519213 0.375781 0.519676 0.377344 0.521528 0.378385 0.521991 0.384375 0.521991 0.384635 0.521528 0.386979 0.521528 0.387240 0.521065 0.394010 0.521065 0.394271 0.520602 0.398177 0.520602 0.398438 0.521065 0.401823 0.521065 0.403125 0.521528 0.404687 0.523380 0.407031 0.524769 0.412240 0.524769 0.412500 0.524306 0.414583 0.524306 0.417448 0.522917 0.421615 0.522917 0.422917 0.523843 0.424219 0.524306 0.426302 0.524306 0.426563 0.524769 0.429948 0.524769 0.430208 0.525231 0.431771 0.525231 0.433594 0.526620 0.435417 0.527083 0.435677 0.527546 0.436979 0.527546 0.439063 0.528935 0.439974 0.530556 0.439974 0.532407 0.438932 0.535648 0.438932 0.536574 0.438021 0.537731 0.435417 0.539120 0.432292 0.539120 0.432031 0.539583 0.428125 0.539583 0.427865 0.540046 0.423958 0.540046 0.420312 0.542361 0.418490 0.542361 0.418229 0.542824 0.411458 0.542824 0.410677 0.543750 0.409115 0.544676 0.407292 0.544676 0.406510 0.543750 0.404948 0.542824 0.402344 0.542824 0.402083 0.543287 0.399479 0.543287 0.399219 0.542824 0.397917 0.542824 0.397656 0.542361 0.389844 0.542361 0.389583 0.542824 0.387760 0.542824 0.386198 0.541898 0.383333 0.541898 0.383073 0.542361 0.381510 0.542361 0.381250 0.542824 0.378385 0.542824 0.377344 0.541898 0.376302 0.544213 0.374740 0.545139
 4 0.376432 0.532407 0.376693 0.530556 0.376172 0.530093 0.376172 0.532407 0.376432 0.532407
 3 0.409375 0.524306 0.407552 0.524306 0.407292 0.523843 0.405208 0.523843 0.404036 0.522222 0.403516 0.519907 0.403516 0.515741 0.404557 0.512037 0.405990 0.510880 0.407031 0.510417 0.408854 0.510417 0.409115 0.509954 0.414583 0.509954 0.415625 0.510417 0.416276 0.511574 0.417057 0.515741 0.417057 0.520370 0.416536 0.522685 0.415365 0.523843 0.409635 0.523843 0.409375 0.524306
 4 0.458594 0.622454 0.458073 0.621991 0.455208 0.621991 0.454427 0.621528 0.452604 0.619676 0.451172 0.617130 0.450651 0.615741 0.449870 0.609722 0.449609 0.609259 0.449609 0.606481 0.449349 0.606019 0.449349 0.599537 0.450651 0.594444 0.452083 0.591898 0.455469 0.589120 0.456771 0.589120 0.457031 0.588657 0.459896 0.588657 0.460156 0.589120 0.461979 0.589583 0.463281 0.590509 0.464844 0.592361 0.466016 0.595370 0.466016 0.596759 0.466797 0.600463 0.466797 0.610648 0.466536 0.612963 0.465755 0.615741 0.463281 0.620139 0.461458 0.621528 0.460417 0.621991 0.458854 0.621991 0.458594 0.622454
 3 0.478906 0.642361 0.477344 0.642361 0.476302 0.641898 0.474870 0.640741 0.474349 0.637963 0.474349 0.629630 0.474609 0.629167 0.474870 0.626389 0.477083 0.622454 0.478906 0.621065 0.480208 0.620602 0.481510 0.620602 0.481771 0.620139 0.483333 0.620139 0.483594 0.620602 0.485677 0.620602 0.487760 0.621991 0.488802 0.623380 0.489714 0.625463 0.490234 0.627315 0.490495 0.629630 0.490495 0.636574 0.489714 0.640278 0.488021 0.641898 0.484635 0.641898 0.483073 0.640972 0.481510 0.640972 0.480208 0.641435 0.478906 0.642361
 3 0.435937 0.626157 0.433333 0.626157 0.433073 0.625694 0.431771 0.625694 0.430208 0.624306 0.428516 0.621296 0.427734 0.617130 0.427474 0.614815 0.427474 0.606019 0.427995 0.603704 0.429427 0.600694 0.430729 0.599306 0.431771 0.598843 0.433594 0.598843 0.433854 0.598380 0.438281 0.598380 0.438542 0.598843 0.439844 0.598843 0.442188 0.600694 0.443099 0.603241 0.443620 0.606481 0.443620 0.615278 0.442578 0.620370 0.440365 0.623380 0.438542 0.624769 0.435937 0.626157
 4 0.483333 0.675231 0.480729 0.675231 0.480469 0.674769 0.478906 0.674769 0.477083 0.673380 0.474609 0.669907 0.473568 0.666667 0.473307 0.663889 0.473047 0.663426 0.473047 0.661111 0.472786 0.660648 0.472786 0.652315 0.473568 0.648611 0.474089 0.645370 0.474609 0.644444 0.475391 0.641204 0.474870 0.640278 0.474609 0.637500 0.474349 0.637037 0.474349 0.628241 0.474870 0.626389 0.477083 0.622454 0.477865 0.621528 0.479687 0.620139 0.480990 0.619676 0.483594 0.619676 0.485938 0.620602 0.487240 0.621991 0.489714 0.626389 0.490234 0.628241 0.490234 0.631019 0.490495 0.631481 0.490495 0.635185 0.489714 0.638426 0.488672 0.640741 0.488672 0.642130 0.490234 0.646296 0.490755 0.649537 0.491276 0.651389 0.491536 0.653704 0.491536 0.659722 0.491276 0.660185 0.491276 0.662963 0.491016 0.663426 0.489714 0.668519 0.487500 0.672454 0.485677 0.674306 0.483594 0.674769 0.483333 0.675231
 6 0.408594 0.781250 0.407552 0.780787 0.405469 0.780787 0.403125 0.779398 0.402083 0.778009 0.400651 0.775000 0.400391 0.772685 0.399870 0.771296 0.399349 0.768056 0.399089 0.764352 0.398568 0.762500 0.398568 0.761111 0.398047 0.759259 0.398047 0.757870 0.397526 0.754167 0.396484 0.749537 0.395443 0.743056 0.395182 0.739815 0.394922 0.739352 0.394141 0.733796 0.393880 0.733333 0.393359 0.729630 0.393359 0.728241 0.392839 0.726852 0.392578 0.725000 0.392578 0.722685 0.391797 0.717593 0.391797 0.715278 0.391536 0.714815 0.391536 0.712500 0.391016 0.708796 0.390755 0.708333 0.389714 0.701852 0.388672 0.698611 0.388411 0.696759 0.388411 0.688889 0.388672 0.688426 0.388672 0.685185 0.388932 0.684722 0.388932 0.682407 0.389453 0.680556 0.389974 0.676389 0.389974 0.674074 0.390755 0.668056 0.391276 0.666204 0.391276 0.664352 0.391797 0.662500 0.391797 0.661111 0.392578 0.657407 0.392578 0.655093 0.392839 0.652778 0.393359 0.650463 0.393620 0.648148 0.393620 0.645833 0.393880 0.645370 0.393880 0.643056 0.394922 0.636574 0.395443 0.635185 0.396224 0.629167 0.396484 0.625926 0.397005 0.624074 0.397005 0.622222 0.397526 0.619907 0.397786 0.617593 0.397786 0.615278 0.398047 0.614815 0.398568 0.609722 0.399349 0.606019 0.400781 0.603472 0.401823 0.602546 0.404427 0.601157 0.411719 0.601157 0.411979 0.600694 0.418750 0.600694 0.419010 0.600231 0.422396 0.600231 0.422656 0.599769 0.424219 0.599769 0.425521 0.600231 0.427214 0.601389 0.427214 0.609259 0.427474 0.609722 0.427474 0.612500 0.427734 0.614815 0.428776 0.617593 0.429557 0.620833 0.430990 0.623380 0.432812 0.624306 0.434375 0.624306 0.434635 0.624769 0.435937 0.624769 0.436198 0.624306 0.437760 0.624306 0.439063 0.623843 0.440885 0.621991 0.442318 0.618981 0.443620 0.613889 0.443880 0.611574 0.443880 0.602778 0.443620 0.601389 0.445052 0.599769 0.447135 0.599306 0.448568 0.601389 0.448828 0.603704 0.448828 0.606944 0.449089 0.607407 0.449089 0.610185 0.449349 0.610648 0.449609 0.613426 0.450130 0.614815 0.452344 0.618750 0.455208 0.621528 0.457031 0.621528 0.457292 0.621991 0.459375 0.621991 0.461979 0.620602 0.464062 0.618750 0.466536 0.614352 0.468359 0.608796 0.468620 0.607407 0.468620 0.603241 0.468359 0.601389 0.469531 0.599306 0.470313 0.598843 0.472135 0.598843 0.472396 0.598380 0.475260 0.598380 0.475521 0.597917 0.477604 0.597917 0.477865 0.597454 0.486198 0.597454 0.486458 0.596991 0.494792 0.596991 0.496745 0.599537 0.497526 0.602778 0.497786 0.604630 0.497786 0.607407 0.498047 0.607870 0.498047 0.611574 0.498307 0.612037 0.498307 0.630093 0.498568 0.630556 0.498568 0.636111 0.498828 0.636574 0.498828 0.640741 0.499089 0.641204 0.499089 0.648611 0.499349 0.649074 0.499349 0.658796 0.499609 0.659259 0.499609 0.661574 0.500130 0.663889 0.500130 0.667593 0.500391 0.668056 0.500391 0.676389 0.500651 0.676852 0.500651 0.691667 0.500911 0.692130 0.500911 0.694444 0.501172 0.694907 0.501172 0.723611 0.501432 0.724074 0.501172 0.726389 0.501172 0.751389 0.501432 0.751852 0.501432 0.756019 0.501172 0.756481 0.501172 0.769444 0.500391 0.772685 0.499740 0.773843 0.497396 0.775694 0.495312 0.775694 0.495052 0.776157 0.492448 0.776157 0.492188 0.776620 0.489583 0.776620 0.489323 0.777083 0.479687 0.777083 0.479427 0.777546 0.475781 0.777546 0.475521 0.778009 0.471094 0.778009 0.470833 0.778472 0.464062 0.778472 0.463802 0.778009 0.462500 0.778009 0.462240 0.778472 0.459115 0.778472 0.458854 0.778935 0.447656 0.778935 0.447396 0.779398 0.441146 0.779398 0.440885 0.779861 0.429688 0.779861 0.429427 0.780324 0.423698 0.780324 0.423438 0.780787 0.408854 0.780787 0.408594 0.781250
 6 0.483984 0.674537 0.485677 0.673843 0.486719 0.672917 0.489714 0.667593 0.490755 0.664815 0.491016 0.662037 0.491276 0.661574 0.491276 0.657870 0.491536 0.657407 0.491536 0.655093 0.491276 0.654630 0.491016 0.650926 0.490495 0.649074 0.490234 0.645833 0.489714 0.643981 0.489714 0.638426 0.489974 0.637963 0.489974 0.629167 0.489714 0.628704 0.489453 0.625926 0.488672 0.623611 0.486719 0.620139 0.484896 0.618287 0.483984 0.616204 0.483724 0.613889 0.482812 0.611343 0.481250 0.611343 0.478906 0.613194 0.478255 0.614815 0.477734 0.620370 0.477214 0.622222 0.475651 0.625000 0.475130 0.626389 0.474349 0.630556 0.474089 0.632870 0.474089 0.637500 0.474349 0.637963 0.474609 0.642130 0.473828 0.644907 0.473828 0.645833 0.473047 0.648611 0.472786 0.650926 0.472786 0.654167 0.472526 0.654630 0.472526 0.658333 0.472786 0.658796 0.472786 0.662963 0.473568 0.666667 0.474089 0.668056 0.476042 0.671528 0.477083 0.672917 0.478906 0.674306 0.480208 0.674306 0.480469 0.674769 0.483854 0.674769 0.483984 0.674537
 6 0.485807 0.750463 0.486849 0.749074 0.486849 0.748148 0.487630 0.745370 0.487891 0.742130 0.488411 0.740278 0.488672 0.736111 0.489193 0.733333 0.489714 0.732407 0.491016 0.726852 0.491016 0.724537 0.489844 0.722454 0.487240 0.722454 0.486979 0.721991 0.485417 0.721991 0.485156 0.722454 0.478906 0.722454 0.478385 0.722917 0.477734 0.724537 0.477734 0.726389 0.478516 0.729167 0.479818 0.731481 0.480859 0.736111 0.481120 0.739352 0.482943 0.745833 0.483464 0.747222 0.484896 0.749769 0.485807 0.750463
 4 0.760677 0.614583 0.757552 0.614583 0.757292 0.614120 0.755729 0.614120 0.754167 0.613194 0.751302 0.610880 0.749479 0.608565 0.748698 0.608102 0.747266 0.606019 0.746484 0.602315 0.746484 0.597222 0.746745 0.596759 0.746745 0.594444 0.747266 0.591204 0.748047 0.588889 0.748828 0.585648 0.750260 0.582639 0.751823 0.581250 0.753125 0.581250 0.753385 0.580787 0.756771 0.580787 0.757031 0.581250 0.758854 0.581250 0.760156 0.581713 0.762240 0.583565 0.762760 0.583565 0.764062 0.584954 0.766536 0.589352 0.766797 0.590741 0.767578 0.592593 0.767578 0.596759 0.767318 0.597222 0.767318 0.600463 0.767057 0.602315 0.766536 0.603704 0.766016 0.607407 0.764974 0.610648 0.763802 0.612731 0.762760 0.613657 0.761979 0.613657 0.760677 0.614583
 4 0.623958 0.608102 0.619531 0.608102 0.617708 0.607176 0.617057 0.605556 0.616797 0.603241 0.616797 0.599537 0.617057 0.599074 0.617057 0.596759 0.617578 0.592593 0.618099 0.591204 0.618359 0.589352 0.619531 0.587269 0.621875 0.585417 0.622917 0.584954 0.627344 0.584954 0.628646 0.585417 0.630729 0.586806 0.632031 0.587269 0.632812 0.588194 0.633984 0.590278 0.634766 0.592130 0.635547 0.594907 0.636068 0.597685 0.636068 0.602778 0.635547 0.604630 0.634115 0.606713 0.632552 0.606713 0.632292 0.607176 0.630208 0.607176 0.629948 0.607639 0.624219 0.607639 0.623958 0.608102
 5 0.725521 0.613194 0.722656 0.613194 0.722396 0.612731 0.720833 0.612731 0.719792 0.612269 0.716406 0.609954 0.715234 0.607870 0.713932 0.601852 0.713932 0.598148 0.714193 0.597685 0.714193 0.595370 0.714453 0.594907 0.714453 0.592130 0.714714 0.591667 0.714714 0.585648 0.714974 0.585185 0.715495 0.580556 0.716927 0.578009 0.718490 0.576620 0.720573 0.576157 0.720833 0.575694 0.725000 0.575694 0.726562 0.577083 0.727083 0.577083 0.728646 0.578935 0.729818 0.581019 0.730599 0.585185 0.730599 0.593056 0.730078 0.595833 0.730078 0.598148 0.729818 0.598611 0.729818 0.604167 0.729557 0.604630 0.729557 0.606944 0.728776 0.609722 0.726302 0.612731 0.725521 0.613194
 8 0.000000 0.220602 0.001302 0.220602 0.002474 0.222222 0.002995 0.224074 0.004297 0.227315 0.004557 0.228704 0.007422 0.235185 0.008203 0.237500 0.008464 0.239352 0.009245 0.242130 0.010286 0.243981 0.011328 0.247222 0.012370 0.249537 0.013932 0.252315 0.014453 0.253704 0.015755 0.259259 0.016797 0.262963 0.018099 0.265278 0.018620 0.266667 0.019661 0.270833 0.020182 0.272222 0.022266 0.275926 0.023047 0.278241 0.024089 0.280556 0.025130 0.284259 0.029818 0.294907 0.032943 0.305093 0.033984 0.306944 0.035026 0.310648 0.036849 0.314815 0.037891 0.316667 0.038932 0.319907 0.039453 0.320833 0.040495 0.325000 0.041797 0.327315 0.043099 0.331019 0.045182 0.334722 0.046745 0.339352 0.048307 0.344907 0.049870 0.347685 0.051953 0.354630 0.053516 0.357407 0.053516 0.357870 0.055599 0.362500 0.055859 0.363889 0.056641 0.365741 0.058203 0.368519 0.059245 0.372222 0.061068 0.375463 0.062370 0.378704 0.062630 0.380093 0.063672 0.382870 0.064453 0.384259 0.064974 0.386111 0.066536 0.389352 0.068099 0.393981 0.068880 0.395370 0.069661 0.397685 0.070703 0.401852 0.074870 0.411111 0.074870 0.411574 0.076172 0.413889 0.078255 0.418981 0.079297 0.422685 0.081120 0.426389 0.081901 0.429167 0.083984 0.432870 0.084505 0.434259 0.086068 0.439815 0.086068 0.440741 0.087109 0.443981 0.089193 0.447685 0.090234 0.450926 0.092318 0.455093 0.092318 0.455556 0.093880 0.458796 0.095182 0.462963 0.096484 0.465278 0.097266 0.467130 0.098047 0.469907 0.099089 0.472222 0.100391 0.474537 0.100911 0.475926 0.101693 0.479167 0.102214 0.480556 0.102474 0.482870 0.103255 0.485185 0.104818 0.488426 0.105859 0.491667 0.107422 0.494907 0.107943 0.496759 0.110026 0.502315 0.111589 0.505556 0.113411 0.511111 0.114193 0.512963 0.115104 0.514120 0.116536 0.516667 0.117578 0.520370 0.117839 0.522685 0.118359 0.524537 0.119271 0.525694 0.121224 0.529167 0.122266 0.532870 0.123307 0.534722 0.124349 0.537500 0.124609 0.538889 0.126953 0.545370 0.127214 0.548611 0.127734 0.550926 0.128906 0.552546 0.131510 0.554861 0.132682 0.556944 0.133984 0.561111 0.133984 0.562037 0.134766 0.564815 0.135937 0.566898 0.137891 0.569444 0.138932 0.571759 0.140495 0.576852 0.141016 0.580556 0.141536 0.582407 0.142448 0.584028 0.145052 0.585880 0.145964 0.587500 0.145964 0.590278 0.146224 0.590741 0.146224 0.593056 0.145182 0.595833 0.144922 0.597222 0.143880 0.600000 0.141927 0.603472 0.138802 0.606250 0.137500 0.607176 0.136198 0.608565 0.132552 0.610417 0.131771 0.611343 0.129167 0.613194 0.128385 0.614583 0.127344 0.615509 0.125130 0.619444 0.125130 0.619907 0.123958 0.622454 0.122656 0.623843 0.121354 0.624306 0.119531 0.625694 0.117708 0.626620 0.115104 0.631250 0.114844 0.631250 0.112500 0.634954 0.109375 0.637731 0.108854 0.638657 0.106771 0.640509 0.105208 0.641435 0.104688 0.642361 0.103125 0.643750 0.099479 0.650231 0.097917 0.651620 0.096615 0.652083 0.095833 0.653009 0.093229 0.654861 0.091667 0.658102 0.088542 0.660880 0.088021 0.660880 0.086719 0.662269 0.085677 0.664120 0.081771 0.666898 0.079427 0.669213 0.077734 0.673148 0.075781 0.676620 0.073438 0.678472 0.072656 0.678472 0.071354 0.679398 0.069531 0.681250 0.068750 0.682639 0.066927 0.684491 0.065625 0.686343 0.064844 0.686806 0.062891 0.689352 0.062891 0.689815 0.061458 0.692361 0.059896 0.693750 0.059115 0.693750 0.057292 0.695139 0.056510 0.695139 0.055729 0.696065 0.054688 0.696528 0.051823 0.701620 0.050260 0.703472 0.048698 0.704861 0.046875 0.707639 0.042969 0.711343 0.042448 0.712269 0.041146 0.713194 0.039453 0.715741 0.038151 0.719444 0.037109 0.721296 0.036068 0.724537 0.036068 0.731944 0.036328 0.733333 0.038542 0.737269 0.038802 0.737269 0.040234 0.739815 0.041276 0.743981 0.042708 0.746528 0.043750 0.747454 0.045573 0.750694 0.046615 0.752083 0.048438 0.753472 0.049219 0.754398 0.050391 0.756481 0.051693 0.759722 0.051953 0.761111 0.052734 0.762963 0.053906 0.764583 0.056120 0.768519 0.056641 0.771296 0.057161 0.772685 0.057682 0.775926 0.058333 0.777546 0.059896 0.778472 0.062240 0.781250 0.063151 0.783796 0.063672 0.786574 0.065625 0.790046 0.067187 0.791898 0.068880 0.794907 0.068880 0.797685 0.068620 0.800000 0.068099 0.802315 0.066797 0.804630 0.066016 0.807407 0.065755 0.809259 0.064974 0.811111 0.063151 0.814352 0.063151 0.814815 0.061589 0.818519 0.061068 0.820833 0.060547 0.821759 0.059766 0.824537 0.057813 0.828009 0.055990 0.829861 0.054297 0.832870 0.053516 0.836574 0.052734 0.839352 0.051693 0.842130 0.049479 0.846065 0.048438 0.846991 0.047266 0.849074 0.047005 0.850926 0.046484 0.852315 0.045964 0.856019 0.045443 0.857870 0.044531 0.859491 0.042448 0.860880 0.039974 0.863889 0.038932 0.867130 0.037891 0.872685 0.036328 0.876389 0.035807 0.878704 0.035026 0.880556 0.031380 0.887037 0.030339 0.890741 0.029818 0.894907 0.029036 0.898148 0.027083 0.901620 0.025260 0.903472 0.024349 0.905093 0.023568 0.907870 0.023047 0.911111 0.022266 0.913426 0.021354 0.914583 0.019401 0.918056 0.018620 0.920833 0.016016 0.925463 0.015495 0.927778 0.014974 0.928704 0.014453 0.931019 0.013411 0.934259 0.013151 0.936111 0.011198 0.939583 0.010156 0.940509 0.007682 0.944907 0.006641 0.948611 0.006380 0.950926 0.005599 0.954167 0.002995 0.958796 0.002995 0.959259 0.001563 0.961806 0.000000 0.961806
 8 0.150521 0.594676 0.149219 0.594676 0.148307 0.593056 0.148958 0.591898 0.150000 0.591898 0.150911 0.593056 0.150521 0.594676
