 8 0.345573 0.972454 0.344010 0.971991 0.342448 0.970602 0.340885 0.968287 0.339844 0.967361 0.338411 0.964815 0.337630 0.962500 0.335938 0.959954 0.334635 0.959028 0.331250 0.955787 0.330208 0.953935 0.328906 0.952546 0.327474 0.950000 0.327474 0.949537 0.325521 0.946065 0.323177 0.944676 0.321615 0.943287 0.319401 0.939352 0.318880 0.936574 0.317448 0.934028 0.316146 0.933102 0.314844 0.932639 0.313802 0.931713 0.311979 0.928935 0.310937 0.928009 0.308854 0.924306 0.308073 0.923380 0.306250 0.921991 0.303906 0.918287 0.302604 0.916898 0.301563 0.916435 0.299219 0.915972 0.298438 0.915046 0.297266 0.912500 0.296224 0.908796 0.293490 0.903935 0.291927 0.902083 0.291146 0.901620 0.288802 0.898843 0.287240 0.896065 0.286979 0.896065 0.285417 0.893750 0.283594 0.892361 0.281510 0.889120 0.280208 0.887731 0.279427 0.886343 0.278385 0.885417 0.275391 0.880093 0.275391 0.879630 0.273438 0.876157 0.270313 0.872917 0.267969 0.871065 0.266146 0.868750 0.264844 0.867824 0.264323 0.866898 0.263021 0.865972 0.260937 0.862731 0.255729 0.858565 0.254427 0.857176 0.252995 0.854630 0.252214 0.851852 0.250781 0.849306 0.250521 0.849306 0.248438 0.846528 0.248177 0.846528 0.247005 0.844444 0.246484 0.842593 0.246224 0.840278 0.245443 0.838426 0.244401 0.834722 0.244401 0.832407 0.244141 0.831944 0.244141 0.829630 0.245703 0.825926 0.246224 0.823611 0.246224 0.821296 0.246484 0.819444 0.247266 0.816667 0.247005 0.815741 0.244922 0.812037 0.244401 0.809722 0.242708 0.806713 0.242448 0.806713 0.241016 0.803704 0.241016 0.803241 0.238802 0.799306 0.237630 0.797685 0.236849 0.795370 0.235937 0.793750 0.233854 0.791435 0.229167 0.783102 0.228906 0.783102 0.226823 0.779398 0.225521 0.777546 0.224219 0.776157 0.222786 0.773148 0.222266 0.770833 0.221354 0.769213 0.220052 0.767824 0.218750 0.765509 0.216667 0.763657 0.214974 0.761111 0.213411 0.756019 0.211979 0.753472 0.210417 0.752083 0.209115 0.752083 0.208854 0.751620 0.206510 0.750231 0.202734 0.743519 0.201953 0.741667 0.201693 0.740278 0.200521 0.738194 0.199219 0.737269 0.197526 0.734722 0.197526 0.734259 0.194141 0.728241 0.193880 0.726852 0.192448 0.724306 0.191406 0.723380 0.186589 0.714815 0.186068 0.712963 0.184635 0.710417 0.181250 0.707176 0.179818 0.704630 0.178516 0.700463 0.177734 0.698611 0.176302 0.696991 0.174479 0.695602 0.173698 0.694676 0.171224 0.690278 0.171224 0.689815 0.166927 0.682176 0.165365 0.680787 0.162891 0.676389 0.162891 0.675926 0.161719 0.674306 0.158333 0.668287 0.156771 0.666435 0.155339 0.663889 0.155339 0.663426 0.153906 0.660880 0.153646 0.660880 0.151953 0.657870 0.151953 0.657407 0.150260 0.654398 0.149219 0.653472 0.142187 0.640972 0.141146 0.640046 0.137760 0.635417 0.136328 0.632870 0.135026 0.629167 0.131901 0.623611 0.130859 0.620370 0.130339 0.617593 0.128385 0.614120 0.128125 0.614120 0.125781 0.611806 0.124479 0.609954 0.122396 0.606250 0.122135 0.606250 0.116146 0.595602 0.115885 0.595602 0.114193 0.592593 0.113932 0.591204 0.112500 0.588657 0.111719 0.588194 0.111328 0.587037 0.110026 0.584722 0.110026 0.584259 0.108333 0.581713 0.106510 0.580324 0.104427 0.577083 0.103125 0.575694 0.101302 0.572454 0.099219 0.570139 0.095964 0.564352 0.095964 0.563889 0.094661 0.561574 0.093880 0.558796 0.092708 0.556713 0.091146 0.555324 0.090625 0.555324 0.087760 0.552546 0.083073 0.544213 0.080990 0.541898 0.078255 0.537037 0.077474 0.534259 0.077214 0.531944 0.076302 0.529861 0.075260 0.528935 0.073177 0.528472 0.070833 0.526620 0.069141 0.523611 0.068359 0.521296 0.066797 0.518519 0.066797 0.518056 0.064844 0.514583 0.064583 0.514583 0.062891 0.511574 0.062630 0.510185 0.063151 0.506944 0.064193 0.504630 0.064974 0.501852 0.066146 0.499769 0.067708 0.498380 0.069271 0.497454 0.070052 0.497454 0.071875 0.496065 0.073438 0.495602 0.073958 0.494676 0.075521 0.493287 0.078125 0.488657 0.080208 0.486806 0.082812 0.484028 0.084115 0.483565 0.085156 0.482176 0.085938 0.481713 0.086719 0.480324 0.089063 0.478009 0.091406 0.474769 0.091667 0.474769 0.092969 0.472454 0.095833 0.470139 0.097135 0.469676 0.099219 0.467824 0.100781 0.465046 0.102604 0.463194 0.104427 0.462269 0.107292 0.459491 0.109115 0.456713 0.110417 0.455787 0.114583 0.452083 0.116667 0.449306 0.118750 0.447454 0.120573 0.444213 0.121875 0.442824 0.123177 0.442361 0.125260 0.440509 0.126823 0.437731 0.128125 0.435880 0.130990 0.433565 0.132552 0.431250 0.134635 0.429398 0.135156 0.429398 0.137500 0.427083 0.138802 0.426157 0.139844 0.424306 0.141927 0.422454 0.144531 0.420602 0.145833 0.419213 0.147917 0.415509 0.149740 0.414120 0.151042 0.413657 0.152083 0.412731 0.153385 0.412269 0.155729 0.408102 0.157031 0.406250 0.158073 0.405324 0.159635 0.403009 0.161719 0.401157 0.164583 0.399769 0.165365 0.398843 0.166406 0.398380 0.167708 0.396065 0.168750 0.394676 0.171875 0.391435 0.173958 0.388657 0.175521 0.387269 0.177083 0.386343 0.177865 0.386343 0.179427 0.384954 0.179948 0.384954 0.183594 0.380787 0.184896 0.379861 0.188021 0.374306 0.190625 0.372454 0.191927 0.371065 0.192969 0.370602 0.193359 0.369444 0.194531 0.367361 0.196354 0.365509 0.196875 0.365509 0.198698 0.363657 0.200000 0.361806 0.202083 0.359954 0.203125 0.358565 0.205469 0.356713 0.208854 0.352083 0.209635 0.351620 0.210417 0.350231 0.213281 0.347917 0.213802 0.346991 0.215365 0.346065 0.216146 0.345139 0.217448 0.344676 0.217969 0.343750 0.219792 0.342361 0.221875 0.339120 0.223438 0.337731 0.223958 0.336806 0.226823 0.334491 0.228646 0.332639 0.229167 0.332639 0.230469 0.331250 0.231771 0.330787 0.235156 0.324769 0.236719 0.323380 0.238542 0.321065 0.240885 0.319213 0.242188 0.317824 0.244271 0.315046 0.245312 0.314120 0.246615 0.312269 0.247917 0.311343 0.249219 0.309954 0.250521 0.308102 0.253125 0.305324 0.255208 0.303935 0.256510 0.302546 0.257812 0.300231 0.258854 0.298843 0.259635 0.298380 0.261458 0.296528 0.261979 0.296528 0.263802 0.294676 0.265625 0.291898 0.267969 0.289583 0.269271 0.289120 0.270573 0.288194 0.272135 0.285880 0.273958 0.283565 0.275781 0.282176 0.277083 0.281713 0.279167 0.279861 0.280469 0.277546 0.282031 0.275694 0.283073 0.275231 0.284896 0.273843 0.286458 0.273380 0.287240 0.272454 0.288802 0.269676 0.290885 0.267361 0.291927 0.265509 0.295573 0.262269 0.296875 0.260880 0.298177 0.259954 0.300000 0.256713 0.300781 0.255787 0.302604 0.254398 0.304948 0.250231 0.307292 0.247917 0.308594 0.247454 0.311198 0.245602 0.312500 0.243287 0.313802 0.242361 0.315104 0.240972 0.316406 0.240509 0.318490 0.238657 0.319401 0.236111 0.320833 0.233565 0.322917 0.231713 0.323437 0.230787 0.325781 0.228935 0.326562 0.228009 0.327865 0.225694 0.330729 0.222917 0.334115 0.220139 0.335417 0.219676 0.336198 0.218750 0.339062 0.217824 0.339323 0.218287 0.341667 0.218287 0.342448 0.217824 0.344271 0.215509 0.345833 0.214583 0.348438 0.213657 0.349740 0.213657 0.350000 0.213194 0.351302 0.213194 0.351562 0.212731 0.353646 0.212731 0.353906 0.212269 0.357031 0.212269 0.362500 0.209954 0.363802 0.209028 0.366406 0.208102 0.367708 0.208102 0.367969 0.207639 0.369271 0.207639 0.370833 0.206713 0.372135 0.206713 0.372396 0.206250 0.374479 0.206250 0.374740 0.205787 0.376563 0.205787 0.376823 0.205324 0.379427 0.205324 0.379688 0.204861 0.381510 0.204861 0.383073 0.203935 0.385417 0.203472 0.385677 0.203009 0.386979 0.203009 0.388281 0.202546 0.390365 0.201157 0.392448 0.200694 0.392708 0.200231 0.394271 0.200231 0.394531 0.199769 0.396354 0.199769 0.396615 0.199306 0.398438 0.199306 0.398698 0.198843 0.401042 0.198843 0.401302 0.198380 0.403385 0.198380 0.404687 0.197917 0.406771 0.196528 0.408594 0.196065 0.409635 0.195139 0.411719 0.194676 0.411979 0.194213 0.413542 0.194213 0.413802 0.193750 0.415104 0.193750 0.415365 0.193287 0.417448 0.193287 0.417708 0.192824 0.423177 0.192824 0.423958 0.193287 0.426563 0.196065 0.427995 0.198611 0.429036 0.202315 0.430078 0.205093 0.430599 0.209259 0.430599 0.211574 0.431120 0.213889 0.432422 0.216667 0.432943 0.218981 0.432943 0.224537 0.433203 0.226389 0.434245 0.230556 0.436589 0.234722 0.437370 0.237037 0.437891 0.240278 0.438932 0.242593 0.440234 0.244907 0.441536 0.249074 0.442839 0.251852 0.443359 0.254167 0.443359 0.256481 0.443620 0.258796 0.445182 0.262963 0.445964 0.268056 0.446745 0.270370 0.447786 0.274537 0.448047 0.276852 0.448047 0.280093 0.450130 0.285185 0.450651 0.288426 0.452214 0.295833 0.453255 0.299074 0.454297 0.303241 0.455599 0.307407 0.455599 0.308333 0.456901 0.312500 0.456901 0.313426 0.457682 0.315741 0.457682 0.316667 0.458464 0.318981 0.458724 0.321296 0.459505 0.323611 0.460026 0.326852 0.460547 0.328241 0.461068 0.331019 0.461068 0.332407 0.461849 0.337500 0.463672 0.343056 0.464714 0.345833 0.464974 0.348148 0.465755 0.351389 0.465755 0.352315 0.467318 0.357407 0.467318 0.358333 0.468099 0.360648 0.468620 0.362963 0.468880 0.365278 0.469922 0.369907 0.470443 0.371296 0.470703 0.373611 0.472266 0.378704 0.472526 0.381019 0.473047 0.382407 0.473307 0.384722 0.473828 0.387037 0.474870 0.390278 0.474870 0.391204 0.476432 0.397222 0.476693 0.399537 0.477214 0.401852 0.477214 0.404167 0.477734 0.406481 0.477734 0.407870 0.479818 0.413889 0.481120 0.418981 0.481641 0.422685 0.482422 0.425000 0.483984 0.431019 0.483984 0.431944 0.486328 0.440278 0.486589 0.443056 0.487109 0.444907 0.487109 0.446296 0.487630 0.448148 0.489193 0.451389 0.489974 0.453704 0.490495 0.456481 0.491016 0.461574 0.491536 0.463426 0.491797 0.466667 0.492318 0.469444 0.493099 0.471759 0.493620 0.474074 0.493880 0.476389 0.494401 0.478241 0.494401 0.479630 0.495443 0.483333 0.496224 0.484722 0.497005 0.487500 0.497786 0.492593 0.498568 0.494907 0.499089 0.497222 0.499349 0.499537 0.499870 0.501389 0.500911 0.506944 0.501172 0.510185 0.502214 0.513889 0.503255 0.516204 0.503776 0.518519 0.504297 0.522222 0.504557 0.522685 0.506380 0.529167 0.506901 0.531944 0.508464 0.536574 0.508984 0.540741 0.510026 0.544444 0.511719 0.546991 0.513021 0.548380 0.514193 0.550463 0.515755 0.555556 0.516536 0.556944 0.517578 0.560185 0.518880 0.564815 0.518880 0.567130 0.518359 0.568981 0.517188 0.571065 0.513281 0.574769 0.510938 0.578009 0.509115 0.579861 0.507552 0.582176 0.505469 0.584028 0.503906 0.584491 0.502083 0.585880 0.500911 0.587963 0.500911 0.588426 0.499740 0.590509 0.498698 0.591898 0.497656 0.592361 0.496875 0.593287 0.494271 0.595139 0.493229 0.596991 0.491927 0.598380 0.489583 0.599769 0.489063 0.599769 0.487500 0.601157 0.486328 0.602778 0.486328 0.603241 0.483854 0.607639 0.482812 0.608565 0.482031 0.609954 0.479687 0.612269 0.478385 0.612731 0.476823 0.614120 0.474740 0.616898 0.471094 0.619676 0.469922 0.622222 0.469661 0.623611 0.469010 0.624769 0.467187 0.626157 0.465365 0.626620 0.463281 0.628009 0.460417 0.633102 0.460156 0.633102 0.457813 0.635417 0.455469 0.638657 0.454167 0.639583 0.453646 0.640509 0.452083 0.641898 0.450391 0.644907 0.449479 0.646991 0.446875 0.649769 0.445833 0.651620 0.440365 0.656250 0.439453 0.657870 0.438672 0.661574 0.438411 0.662037 0.438411 0.664352 0.438672 0.664815 0.438932 0.667593 0.439974 0.671296 0.440755 0.676389 0.442318 0.679630 0.442578 0.681019 0.443880 0.684722 0.444661 0.687500 0.444922 0.690278 0.445443 0.693056 0.447005 0.699074 0.447005 0.701389 0.447266 0.701852 0.447266 0.704167 0.447526 0.705556 0.448437 0.707176 0.450000 0.708565 0.450521 0.708565 0.451693 0.710648 0.451953 0.712037 0.451953 0.717593 0.453255 0.722685 0.454036 0.724537 0.454036 0.726389 0.452474 0.730556 0.452474 0.731481 0.451693 0.734259 0.450911 0.736111 0.449349 0.738889 0.449089 0.740278 0.448307 0.742130 0.447005 0.744444 0.447005 0.744907 0.445182 0.749074 0.444141 0.752315 0.442318 0.756481 0.441536 0.759722 0.441016 0.761111 0.439063 0.764583 0.438802 0.764583 0.437370 0.767130 0.435807 0.772685 0.434375 0.775694 0.434115 0.775694 0.431120 0.781019 0.430599 0.782407 0.429036 0.788426 0.427734 0.791204 0.426693 0.793981 0.426432 0.795370 0.425130 0.798148 0.424349 0.800463 0.423307 0.802778 0.421745 0.805556 0.420964 0.807870 0.419922 0.810185 0.419661 0.811574 0.418620 0.813889 0.418099 0.815741 0.415885 0.819676 0.414974 0.820833 0.413411 0.826389 0.412891 0.827315 0.412109 0.830093 0.409896 0.834028 0.409635 0.834028 0.407943 0.837037 0.407161 0.839815 0.406901 0.842130 0.405339 0.846296 0.405339 0.846759 0.403255 0.850463 0.401953 0.854167 0.399609 0.858333 0.398828 0.860648 0.398047 0.862037 0.397266 0.864815 0.395182 0.869444 0.394141 0.872685 0.391276 0.877778 0.391016 0.879167 0.388932 0.886111 0.387760 0.888194 0.386458 0.889583 0.384245 0.893519 0.382682 0.899537 0.381641 0.902315 0.378776 0.908796 0.377995 0.911111 0.376953 0.913426 0.375651 0.915741 0.375651 0.916204 0.374349 0.918981 0.373568 0.921296 0.373047 0.923611 0.372526 0.924537 0.371745 0.927315 0.370312 0.929861 0.370052 0.929861 0.368099 0.933333 0.366536 0.939352 0.364583 0.943750 0.362240 0.946528 0.361068 0.948611 0.360026 0.952315 0.360026 0.953241 0.358984 0.957407 0.357812 0.959491 0.356771 0.960417 0.352344 0.968287 0.351562 0.969213 0.349740 0.970139 0.348698 0.971065 0.347917 0.971065 0.346875 0.971991 0.345573 0.972454
 5 0.460677 0.688657 0.458073 0.688657 0.456510 0.687269 0.455078 0.684259 0.454557 0.680556 0.454297 0.680093 0.453776 0.676389 0.452995 0.673611 0.452214 0.671759 0.450911 0.669444 0.450651 0.666204 0.450391 0.665741 0.450391 0.662500 0.451172 0.659722 0.452474 0.656481 0.453385 0.654861 0.454688 0.653472 0.458594 0.653472 0.459635 0.654398 0.460938 0.656713 0.461198 0.656713 0.463411 0.660648 0.465755 0.667130 0.467057 0.669444 0.467578 0.670833 0.468359 0.675000 0.468359 0.677778 0.467318 0.681944 0.465885 0.684954 0.463021 0.687731 0.460938 0.688194 0.460677 0.688657
 7 0.490885 0.809954 0.489063 0.809954 0.486719 0.807639 0.486589 0.806944 0.485286 0.804167 0.484766 0.801852 0.484245 0.800926 0.483724 0.798611 0.482422 0.796296 0.480859 0.791204 0.480599 0.789815 0.479036 0.786111 0.477734 0.782407 0.475651 0.775463 0.474089 0.772222 0.473568 0.769907 0.473047 0.768981 0.471745 0.763889 0.469922 0.759259 0.469922 0.758333 0.468620 0.754167 0.467578 0.752315 0.466016 0.747222 0.463932 0.741667 0.462891 0.739352 0.461589 0.735648 0.461589 0.734722 0.460807 0.731944 0.458984 0.727778 0.457943 0.724537 0.457422 0.722222 0.456901 0.718519 0.456120 0.715741 0.454818 0.712963 0.454297 0.710185 0.453255 0.706481 0.452214 0.704167 0.451432 0.701852 0.450651 0.700463 0.448568 0.693056 0.447526 0.690741 0.447266 0.689352 0.445964 0.686111 0.445703 0.684722 0.444401 0.680556 0.443099 0.678241 0.441536 0.673148 0.441276 0.671759 0.440234 0.669444 0.439193 0.664815 0.439193 0.662500 0.440625 0.659954 0.440885 0.659954 0.441797 0.657870 0.442969 0.655787 0.443229 0.655787 0.446875 0.651620 0.448698 0.649769 0.449219 0.649769 0.451042 0.647917 0.453646 0.646991 0.454557 0.645370 0.455078 0.643056 0.456250 0.641435 0.457552 0.640509 0.459896 0.638194 0.461458 0.635417 0.462240 0.634491 0.464062 0.633565 0.467448 0.629861 0.467969 0.629861 0.469792 0.628009 0.471615 0.625694 0.472135 0.625694 0.473958 0.623843 0.476302 0.619676 0.476562 0.619676 0.478906 0.615509 0.481250 0.613194 0.482552 0.612269 0.483333 0.612269 0.485156 0.610880 0.486328 0.608796 0.486328 0.608333 0.489063 0.605787 0.490625 0.603472 0.491406 0.603009 0.492448 0.601157 0.494010 0.599306 0.496094 0.597454 0.497135 0.595602 0.499219 0.593750 0.500781 0.591898 0.502344 0.589583 0.503646 0.588194 0.508333 0.584028 0.511719 0.579398 0.513542 0.577546 0.517188 0.577546 0.518359 0.579167 0.519010 0.580787 0.520833 0.582176 0.521354 0.582176 0.522656 0.583565 0.523828 0.585648 0.524609 0.588426 0.526563 0.591898 0.528646 0.594213 0.529818 0.596296 0.529818 0.596759 0.530990 0.598843 0.532292 0.600231 0.533984 0.603241 0.533984 0.603704 0.535156 0.605787 0.535417 0.605787 0.537109 0.608796 0.537891 0.611111 0.538802 0.612731 0.539583 0.613194 0.541146 0.615046 0.543229 0.618750 0.543490 0.618750 0.545703 0.622685 0.545964 0.624074 0.547526 0.627778 0.548307 0.631019 0.549349 0.634259 0.550130 0.640278 0.551172 0.645370 0.552214 0.647685 0.552734 0.649537 0.553516 0.653704 0.554557 0.656944 0.554557 0.658333 0.555339 0.662037 0.556380 0.664815 0.556380 0.665741 0.557943 0.671296 0.558464 0.673611 0.558984 0.677315 0.560026 0.682407 0.561328 0.687037 0.561328 0.688426 0.562370 0.693056 0.562370 0.693981 0.563672 0.698148 0.564193 0.702315 0.564974 0.705556 0.564974 0.706944 0.565495 0.709259 0.565755 0.711574 0.565495 0.713426 0.565495 0.717130 0.565234 0.718519 0.564323 0.720139 0.561979 0.722454 0.560937 0.724306 0.556510 0.728472 0.555469 0.729861 0.553385 0.733565 0.551823 0.735417 0.551042 0.735880 0.549479 0.737731 0.548698 0.739120 0.546875 0.740972 0.544792 0.743750 0.544010 0.744213 0.542188 0.747454 0.540885 0.748380 0.535937 0.748380 0.535677 0.748843 0.533333 0.748843 0.532552 0.749306 0.531380 0.750926 0.530339 0.753704 0.529818 0.756019 0.528776 0.758333 0.527995 0.761111 0.525911 0.765741 0.522656 0.771528 0.520833 0.773380 0.519271 0.776157 0.516927 0.778472 0.515104 0.781713 0.513802 0.783102 0.513281 0.783102 0.511979 0.784491 0.509115 0.789583 0.507292 0.790972 0.504427 0.794213 0.503125 0.796528 0.502865 0.796528 0.501302 0.798843 0.500521 0.799306 0.498177 0.803009 0.496875 0.803935 0.496354 0.804861 0.495052 0.805787 0.494531 0.806713 0.490885 0.809954
 7 0.462891 0.687500 0.464583 0.686343 0.465885 0.684954 0.467057 0.682870 0.467578 0.679630 0.467839 0.679167 0.467839 0.675000 0.467057 0.671296 0.464453 0.666667 0.463932 0.663889 0.463151 0.661111 0.459375 0.654398 0.458073 0.653935 0.456771 0.654861 0.455339 0.657407 0.455339 0.657870 0.454036 0.660648 0.453776 0.662037 0.452214 0.668056 0.452474 0.670833 0.452995 0.672222 0.454297 0.676852 0.454557 0.679167 0.455078 0.681019 0.455078 0.682407 0.455599 0.684259 0.458333 0.687731 0.462760 0.687731 0.462891 0.687500
 7 0.682031 0.817361 0.680469 0.817361 0.678125 0.816435 0.676562 0.815046 0.675000 0.814120 0.673177 0.813657 0.671875 0.812731 0.670312 0.810880 0.669010 0.809954 0.668229 0.809954 0.666927 0.809028 0.666146 0.809028 0.663542 0.807176 0.661719 0.806713 0.658854 0.804398 0.654948 0.803009 0.653906 0.802083 0.653125 0.802083 0.651563 0.800694 0.649740 0.800231 0.647135 0.798380 0.646354 0.798380 0.643490 0.796528 0.642188 0.795139 0.641667 0.795139 0.640365 0.793750 0.639062 0.792824 0.637500 0.792361 0.634115 0.790046 0.631771 0.789120 0.630729 0.788194 0.628646 0.787269 0.626823 0.785880 0.626042 0.785880 0.624479 0.784954 0.622656 0.783102 0.619531 0.781713 0.617969 0.780787 0.617188 0.779861 0.614844 0.778472 0.613542 0.778009 0.612500 0.777083 0.610677 0.776620 0.609635 0.775694 0.608854 0.775694 0.607812 0.774769 0.607031 0.774769 0.605208 0.773380 0.604427 0.773380 0.603385 0.772454 0.602604 0.772454 0.601823 0.771528 0.600521 0.771065 0.599740 0.770139 0.597656 0.769213 0.596875 0.768287 0.595573 0.767824 0.593229 0.766435 0.592448 0.765509 0.590104 0.764120 0.589323 0.764120 0.588281 0.763194 0.584115 0.761806 0.582812 0.760880 0.582031 0.760880 0.580729 0.759954 0.579948 0.759954 0.578125 0.758102 0.576953 0.756019 0.576172 0.754167 0.575651 0.751389 0.575651 0.747685 0.575130 0.745370 0.574349 0.743056 0.574089 0.740278 0.573568 0.737963 0.573568 0.736111 0.573047 0.732407 0.572526 0.731019 0.571224 0.725463 0.571224 0.723148 0.570443 0.718056 0.569661 0.715741 0.568880 0.714352 0.567839 0.710648 0.567578 0.708333 0.566797 0.705093 0.566797 0.703241 0.566276 0.700926 0.566016 0.698611 0.564974 0.694907 0.564974 0.692593 0.564714 0.690278 0.564193 0.688426 0.562891 0.685185 0.562109 0.681944 0.561589 0.680556 0.561328 0.678704 0.561328 0.674537 0.561849 0.672222 0.561849 0.670833 0.562630 0.668981 0.562891 0.667593 0.564193 0.664352 0.564714 0.662037 0.566536 0.656481 0.566536 0.655556 0.567318 0.652778 0.567839 0.651852 0.568880 0.648148 0.569922 0.645370 0.571224 0.643056 0.571745 0.640741 0.572786 0.637500 0.573568 0.634259 0.574089 0.633333 0.576432 0.625000 0.577734 0.622222 0.580078 0.613426 0.584245 0.606019 0.584766 0.604630 0.585026 0.602778 0.585807 0.600000 0.586328 0.599074 0.588151 0.592593 0.588151 0.592130 0.590365 0.588194 0.591927 0.586806 0.594010 0.586806 0.594271 0.586343 0.596094 0.586343 0.596354 0.586806 0.598437 0.586806 0.598698 0.587269 0.600521 0.587269 0.602083 0.588194 0.603385 0.588194 0.603646 0.588657 0.605208 0.588657 0.605469 0.589120 0.607031 0.589120 0.609375 0.590509 0.610677 0.590509 0.611979 0.591435 0.613021 0.591435 0.614323 0.592361 0.615625 0.592361 0.617969 0.593750 0.619271 0.594213 0.621094 0.594213 0.621354 0.594676 0.622656 0.594676 0.623958 0.595602 0.625260 0.596065 0.626563 0.596065 0.626823 0.596528 0.628385 0.596528 0.628646 0.596991 0.630208 0.596991 0.630469 0.597454 0.631771 0.597454 0.632031 0.597917 0.633594 0.597917 0.633854 0.598380 0.635156 0.598380 0.635417 0.598843 0.636979 0.598843 0.637240 0.599306 0.638542 0.599306 0.639844 0.599769 0.641146 0.600694 0.642448 0.601157 0.643750 0.601157 0.645052 0.602083 0.647396 0.602546 0.647656 0.603009 0.649479 0.603009 0.649740 0.603472 0.651042 0.603472 0.651302 0.603935 0.652604 0.603935 0.652865 0.604398 0.654167 0.604398 0.654427 0.604861 0.656250 0.604861 0.656510 0.605324 0.658333 0.605324 0.659896 0.606250 0.661458 0.606250 0.662760 0.607176 0.664062 0.607639 0.665365 0.607639 0.665625 0.608102 0.667448 0.608102 0.667708 0.608565 0.669010 0.608565 0.669271 0.609028 0.670573 0.609028 0.674219 0.610880 0.676302 0.610880 0.676562 0.611343 0.678385 0.611343 0.678646 0.611806 0.679948 0.611806 0.680208 0.612269 0.681771 0.612269 0.682031 0.612731 0.683594 0.612731 0.683854 0.613194 0.685417 0.613194 0.686458 0.614120 0.688281 0.614583 0.689583 0.615509 0.691146 0.615509 0.691406 0.615972 0.693229 0.615972 0.696094 0.617361 0.696875 0.618287 0.698047 0.620833 0.698307 0.623148 0.698828 0.625000 0.699089 0.629167 0.699349 0.629630 0.699349 0.631944 0.699609 0.632407 0.699609 0.634722 0.700130 0.637500 0.700130 0.640278 0.700391 0.640741 0.700391 0.643519 0.700651 0.643981 0.700651 0.646759 0.700911 0.647222 0.700911 0.650463 0.701172 0.650926 0.701172 0.653241 0.701432 0.653704 0.701432 0.656019 0.701693 0.656481 0.701693 0.660648 0.701953 0.661111 0.701953 0.663889 0.702474 0.666667 0.702474 0.668981 0.702734 0.669444 0.703516 0.678241 0.704297 0.682407 0.704818 0.684259 0.704818 0.685648 0.705599 0.689815 0.705599 0.693519 0.705859 0.693981 0.705859 0.696296 0.706380 0.698148 0.706641 0.700463 0.706641 0.703241 0.706901 0.703704 0.706901 0.707870 0.706641 0.708333 0.706641 0.712500 0.705339 0.717593 0.704818 0.721296 0.704297 0.723148 0.704036 0.726389 0.703255 0.729167 0.702734 0.732407 0.701693 0.735648 0.701432 0.737037 0.700391 0.740278 0.700130 0.742593 0.699089 0.746759 0.698307 0.751852 0.697266 0.756019 0.697005 0.759259 0.695964 0.763426 0.695964 0.764352 0.695182 0.766667 0.694661 0.770370 0.694141 0.772685 0.693359 0.775000 0.693359 0.775926 0.692057 0.781481 0.691797 0.783796 0.691276 0.785648 0.690755 0.789815 0.689714 0.794444 0.689193 0.798148 0.688672 0.800000 0.688411 0.802778 0.687370 0.806481 0.686849 0.807407 0.685547 0.812500 0.685026 0.813889 0.683594 0.815972 0.682031 0.817361
 2 0.686198 0.845602 0.683854 0.845602 0.683594 0.845139 0.681771 0.845139 0.680729 0.844676 0.678906 0.842824 0.677604 0.842361 0.674479 0.840046 0.673698 0.840046 0.672656 0.839120 0.669792 0.837731 0.669010 0.836806 0.667188 0.835880 0.666406 0.835880 0.665104 0.834954 0.663802 0.833565 0.659375 0.831250 0.657031 0.829398 0.655729 0.828935 0.654948 0.828009 0.652604 0.827083 0.650781 0.825694 0.650000 0.825694 0.648438 0.824769 0.647656 0.823843 0.644792 0.821991 0.643490 0.820602 0.642188 0.820139 0.638802 0.817361 0.637500 0.816898 0.636719 0.815972 0.634635 0.815046 0.633854 0.814120 0.631771 0.812731 0.629687 0.810880 0.627604 0.809954 0.626563 0.809028 0.624479 0.808102 0.623698 0.807176 0.622396 0.806713 0.620052 0.804861 0.615625 0.802546 0.613802 0.800694 0.612500 0.799769 0.610417 0.798843 0.609635 0.797917 0.605990 0.796065 0.605208 0.795139 0.603906 0.794676 0.600521 0.791435 0.598437 0.790509 0.597656 0.789583 0.595573 0.788657 0.591146 0.785880 0.589844 0.784491 0.588542 0.783565 0.584896 0.781713 0.584115 0.780787 0.583333 0.780787 0.580990 0.778935 0.579427 0.778472 0.578385 0.777083 0.577604 0.776620 0.575130 0.772222 0.574089 0.767593 0.573828 0.764352 0.573047 0.761111 0.572526 0.760185 0.572266 0.756019 0.571745 0.754167 0.571745 0.752315 0.572656 0.750231 0.573828 0.751852 0.574479 0.754398 0.576562 0.756250 0.578125 0.758565 0.582031 0.761343 0.584115 0.762269 0.584896 0.762269 0.585938 0.763194 0.588021 0.763657 0.589063 0.764583 0.590365 0.765046 0.591667 0.765972 0.592969 0.767361 0.594792 0.768287 0.595833 0.768287 0.598177 0.769676 0.598958 0.769676 0.601302 0.771065 0.602604 0.772454 0.604948 0.773380 0.605729 0.774306 0.607031 0.774769 0.608073 0.775694 0.609375 0.776157 0.610417 0.777083 0.611198 0.777083 0.612240 0.778009 0.615365 0.779398 0.617448 0.781250 0.618750 0.781713 0.620573 0.783102 0.621354 0.783102 0.624740 0.785417 0.628125 0.786806 0.629167 0.787731 0.631510 0.788657 0.633073 0.790046 0.633854 0.790046 0.634896 0.790972 0.636458 0.791435 0.637240 0.792361 0.638542 0.792824 0.644271 0.796528 0.645052 0.796528 0.647396 0.798380 0.647917 0.798380 0.649740 0.800231 0.651042 0.800694 0.652083 0.801620 0.654167 0.802546 0.655208 0.803472 0.655990 0.803472 0.658073 0.804398 0.659115 0.805324 0.661198 0.806250 0.662240 0.807176 0.663542 0.807639 0.665885 0.809491 0.667188 0.809954 0.668229 0.810880 0.669010 0.810880 0.670052 0.811806 0.672917 0.813194 0.673177 0.813657 0.676042 0.814583 0.678646 0.816435 0.679427 0.816435 0.680729 0.817361 0.682031 0.817361 0.683854 0.815972 0.685807 0.812500 0.686589 0.810185 0.687109 0.807870 0.687630 0.804167 0.688151 0.802778 0.688411 0.800463 0.689193 0.798148 0.689714 0.795833 0.690234 0.792130 0.690755 0.790278 0.691016 0.787037 0.691536 0.785648 0.691797 0.783333 0.692318 0.781481 0.692318 0.780093 0.692839 0.777315 0.693620 0.775000 0.694661 0.769907 0.694661 0.768519 0.695182 0.766667 0.695443 0.764352 0.697005 0.758333 0.697786 0.752778 0.698307 0.751389 0.699349 0.746296 0.699870 0.744907 0.700130 0.742593 0.700651 0.740741 0.700911 0.738426 0.701432 0.737037 0.701953 0.733333 0.702995 0.729167 0.702995 0.728241 0.703776 0.725926 0.704297 0.722685 0.705078 0.720370 0.705078 0.719444 0.705859 0.717130 0.706120 0.714815 0.706641 0.712963 0.706901 0.710648 0.706901 0.707407 0.707161 0.706944 0.707161 0.704167 0.707943 0.700926 0.708333 0.700231 0.709766 0.702778 0.710807 0.705556 0.711068 0.708796 0.711328 0.709259 0.711328 0.711574 0.711589 0.712037 0.711589 0.715741 0.711849 0.716204 0.711849 0.718981 0.712109 0.719444 0.712109 0.721759 0.712370 0.722222 0.712370 0.732407 0.712109 0.732870 0.711328 0.737037 0.711328 0.738426 0.710807 0.741204 0.710026 0.743981 0.709505 0.744907 0.708724 0.749537 0.708203 0.751389 0.707943 0.754630 0.707422 0.757407 0.706901 0.758796 0.706380 0.762963 0.705859 0.765741 0.705339 0.767130 0.704818 0.771296 0.704297 0.773148 0.703255 0.781481 0.702214 0.786574 0.700911 0.791204 0.700391 0.792593 0.700391 0.793981 0.699870 0.796296 0.699349 0.800000 0.697526 0.807870 0.697266 0.810648 0.696745 0.812500 0.696484 0.815741 0.695964 0.818519 0.694401 0.825000 0.693359 0.828241 0.693099 0.830556 0.692578 0.832407 0.692318 0.835648 0.691016 0.840741 0.690234 0.842593 0.688021 0.844676 0.686458 0.845139 0.686198 0.845602
 6 0.618490 0.998843 0.609375 0.998843 0.609115 0.998380 0.605990 0.998380 0.605729 0.998843 0.592187 0.998843 0.591927 0.998380 0.588802 0.998380 0.588542 0.997917 0.577865 0.997917 0.577604 0.998380 0.559896 0.998380 0.559635 0.997917 0.555469 0.997917 0.555208 0.997454 0.552604 0.997454 0.550781 0.996065 0.550260 0.996065 0.548438 0.994676 0.547135 0.992824 0.545833 0.991435 0.540365 0.986806 0.538281 0.984491 0.536458 0.983102 0.534896 0.980324 0.531510 0.977083 0.529687 0.975694 0.526823 0.971991 0.525260 0.970602 0.524740 0.970602 0.522656 0.968750 0.522135 0.968750 0.519271 0.965972 0.517969 0.964120 0.515625 0.962269 0.515104 0.962269 0.513021 0.960417 0.512370 0.959259 0.511589 0.955556 0.511589 0.946759 0.510807 0.943056 0.510807 0.941667 0.509766 0.938426 0.509766 0.937500 0.508984 0.935185 0.508724 0.933333 0.508203 0.932407 0.507682 0.930093 0.506120 0.926389 0.505078 0.922222 0.504036 0.918981 0.503776 0.917593 0.501172 0.912963 0.501172 0.912500 0.499089 0.907870 0.496745 0.900000 0.495443 0.894907 0.494141 0.892593 0.493359 0.890741 0.493359 0.889815 0.492578 0.887500 0.490755 0.883333 0.489193 0.877315 0.489193 0.873611 0.488932 0.873148 0.489193 0.869444 0.490755 0.863426 0.491797 0.860648 0.495182 0.852315 0.495964 0.848611 0.497005 0.845833 0.498047 0.843981 0.498828 0.840741 0.499870 0.837500 0.501693 0.834259 0.502474 0.832407 0.502734 0.831019 0.504036 0.828241 0.505078 0.825000 0.505599 0.824074 0.506120 0.821759 0.507682 0.818056 0.509245 0.812963 0.510286 0.810648 0.512109 0.805556 0.512109 0.805093 0.514714 0.798148 0.516276 0.794907 0.517318 0.791204 0.518880 0.787500 0.519401 0.785185 0.520182 0.782870 0.520964 0.781481 0.521224 0.780093 0.522266 0.777778 0.523047 0.775000 0.525651 0.770370 0.526432 0.767593 0.528516 0.762500 0.529557 0.759259 0.530339 0.757870 0.531120 0.755556 0.533073 0.752083 0.535937 0.750694 0.537760 0.750694 0.539844 0.752083 0.542708 0.753472 0.543490 0.754398 0.544271 0.754398 0.547135 0.756713 0.549219 0.757639 0.551302 0.759491 0.553125 0.760417 0.554948 0.762269 0.557031 0.763194 0.557813 0.764120 0.559115 0.764583 0.559896 0.765509 0.561198 0.765972 0.561979 0.766898 0.564063 0.767824 0.565885 0.769676 0.566406 0.769676 0.568750 0.771528 0.570573 0.771991 0.572135 0.772917 0.575000 0.775694 0.575521 0.775694 0.577344 0.778009 0.578385 0.778472 0.580729 0.780324 0.584375 0.782176 0.585677 0.783102 0.586979 0.784491 0.587500 0.784491 0.589583 0.786343 0.590885 0.786806 0.591667 0.787731 0.593750 0.788657 0.594531 0.789583 0.595833 0.790046 0.596615 0.790972 0.597917 0.791435 0.598698 0.792361 0.600781 0.793287 0.602083 0.794676 0.603385 0.795602 0.607812 0.797917 0.609635 0.799769 0.610938 0.800694 0.613021 0.801620 0.615365 0.803009 0.616146 0.803935 0.617448 0.804398 0.618229 0.805324 0.621354 0.807639 0.621875 0.807639 0.623177 0.809028 0.624479 0.809491 0.625521 0.810417 0.627865 0.811343 0.628646 0.812269 0.629948 0.812731 0.630729 0.813657 0.632031 0.814120 0.632812 0.815046 0.634115 0.815509 0.634896 0.816435 0.636719 0.817361 0.638021 0.818750 0.640104 0.819676 0.640885 0.820602 0.642188 0.821065 0.644010 0.822454 0.644531 0.823380 0.645833 0.824306 0.647526 0.826852 0.648307 0.828704 0.648568 0.830093 0.648568 0.844444 0.648828 0.845833 0.650651 0.851389 0.650911 0.852778 0.653255 0.859722 0.653776 0.862037 0.653776 0.863426 0.654297 0.865278 0.654297 0.866667 0.654818 0.868519 0.655339 0.872685 0.655859 0.875463 0.656901 0.879167 0.657422 0.882870 0.657943 0.884722 0.658203 0.887963 0.658724 0.890278 0.658724 0.891667 0.659245 0.893981 0.659245 0.895370 0.659766 0.897222 0.659766 0.898611 0.660286 0.900000 0.660807 0.903241 0.661328 0.904630 0.662109 0.908333 0.662891 0.911111 0.662891 0.916667 0.662630 0.917130 0.662630 0.920370 0.661589 0.925463 0.660807 0.927778 0.660807 0.928704 0.659766 0.933796 0.658724 0.937500 0.658464 0.939815 0.657943 0.941204 0.656901 0.945833 0.656901 0.946759 0.655599 0.952315 0.655078 0.955093 0.655078 0.956481 0.654557 0.957870 0.654036 0.961574 0.652995 0.965278 0.652995 0.966204 0.652214 0.968519 0.651953 0.971296 0.650911 0.975926 0.650391 0.976852 0.649609 0.979630 0.648307 0.986574 0.648307 0.987963 0.647786 0.989352 0.647005 0.993056 0.646484 0.994444 0.645312 0.996528 0.643229 0.997917 0.641667 0.997917 0.641406 0.998380 0.623958 0.998380 0.623698 0.997917 0.622135 0.997917 0.621875 0.998380 0.618750 0.998380 0.618490 0.998843
 2 0.647005 0.999537 0.646484 0.997685 0.646484 0.995833 0.647266 0.993519 0.647786 0.991204 0.648047 0.988889 0.649609 0.982870 0.649609 0.981481 0.650391 0.978241 0.650651 0.975926 0.651953 0.968981 0.652734 0.966667 0.653255 0.964352 0.653516 0.962037 0.654818 0.956481 0.654818 0.955556 0.656380 0.950463 0.656380 0.949537 0.657161 0.947222 0.657161 0.946296 0.657943 0.943056 0.658203 0.940741 0.658724 0.939352 0.659245 0.935648 0.659766 0.934259 0.660547 0.930556 0.661068 0.929167 0.661589 0.925926 0.662891 0.920370 0.662891 0.918056 0.663411 0.915278 0.663411 0.910185 0.663151 0.908333 0.662630 0.906944 0.662109 0.902778 0.661068 0.900000 0.661458 0.897917 0.662500 0.897917 0.663281 0.899306 0.665104 0.900694 0.666797 0.903704 0.667839 0.906481 0.668359 0.910185 0.668880 0.911574 0.669141 0.913889 0.669661 0.915741 0.670182 0.920833 0.670703 0.922685 0.670703 0.924074 0.671484 0.927778 0.671484 0.930556 0.671745 0.931019 0.671745 0.938889 0.671484 0.939352 0.671484 0.942130 0.670703 0.947222 0.669661 0.951852 0.669141 0.953241 0.668099 0.959722 0.667318 0.962500 0.667318 0.963889 0.665755 0.972222 0.665234 0.973611 0.665234 0.975000 0.664714 0.976852 0.664193 0.981944 0.663672 0.983796 0.663672 0.985185 0.663151 0.987500 0.662630 0.988426 0.661328 0.993519 0.661328 0.994907 0.660807 0.996759 0.659245 0.999074 0.659245 0.999537
 2 0.530859 0.999537 0.529948 0.998380 0.526042 0.994213 0.523177 0.991898 0.521875 0.990046 0.521094 0.989583 0.520312 0.988194 0.518229 0.986343 0.515495 0.981481 0.514453 0.978241 0.513411 0.975926 0.512891 0.973611 0.510807 0.968981 0.510026 0.966667 0.508724 0.960185 0.508724 0.958333 0.508203 0.956019 0.508203 0.953241 0.508464 0.952778 0.508984 0.948148 0.510156 0.944213 0.511328 0.946759 0.511849 0.950000 0.511849 0.954630 0.512630 0.958333 0.515104 0.961806 0.517969 0.964120 0.520052 0.966898 0.521615 0.968287 0.522135 0.968287 0.526302 0.971991 0.526823 0.972917 0.528906 0.974769 0.530208 0.976620 0.532031 0.978009 0.533333 0.979398 0.534635 0.980324 0.535937 0.981713 0.537240 0.983565 0.538281 0.984491 0.539583 0.986343 0.543490 0.989583 0.544010 0.990509 0.545312 0.991435 0.546094 0.992824 0.547396 0.993750 0.550000 0.996065 0.550911 0.997222 0.550260 0.997917 0.549609 0.999537
 2 0.685677 0.845602 0.684375 0.845602 0.684115 0.845139 0.682292 0.845139 0.680990 0.844676 0.678125 0.842824 0.677344 0.841898 0.676042 0.841435 0.675000 0.840509 0.674219 0.840509 0.673438 0.839583 0.672135 0.839120 0.670573 0.837731 0.669792 0.837731 0.668229 0.836343 0.666406 0.835880 0.665104 0.834491 0.663802 0.833565 0.661719 0.832639 0.660937 0.831713 0.658073 0.830324 0.657031 0.829398 0.655729 0.828935 0.654167 0.827546 0.653385 0.827546 0.651563 0.826157 0.648438 0.824769 0.647656 0.823843 0.645312 0.822454 0.644531 0.821528 0.643229 0.821065 0.641927 0.820139 0.640104 0.818287 0.638802 0.817361 0.637500 0.816898 0.636198 0.815509 0.634896 0.815046 0.632812 0.813194 0.631510 0.812731 0.628125 0.809954 0.626042 0.809028 0.625260 0.808102 0.621615 0.806250 0.618229 0.803472 0.616927 0.803009 0.614583 0.801620 0.613802 0.800694 0.610938 0.799306 0.609635 0.797917 0.608333 0.796991 0.606250 0.796065 0.605469 0.795139 0.601562 0.792824 0.599479 0.790972 0.598177 0.790509 0.597396 0.789583 0.596094 0.789120 0.593750 0.787269 0.592448 0.786806 0.591146 0.785880 0.589844 0.784491 0.588542 0.783565 0.587240 0.783102 0.586458 0.782176 0.582812 0.780324 0.582031 0.779398 0.579948 0.778472 0.578646 0.777546 0.578125 0.776620 0.576562 0.775231 0.575130 0.772685 0.574349 0.769907 0.573828 0.767130 0.573568 0.763889 0.572526 0.760648 0.572266 0.759259 0.572266 0.756481 0.571745 0.754630 0.571745 0.752315 0.572656 0.750231 0.573307 0.751389 0.573828 0.754630 0.574740 0.755787 0.575260 0.755787 0.577344 0.758102 0.579427 0.759954 0.580729 0.760417 0.581510 0.761343 0.584115 0.762731 0.584896 0.762731 0.585938 0.763657 0.589844 0.765046 0.591406 0.765972 0.592187 0.766898 0.594271 0.767824 0.594531 0.768287 0.596354 0.768750 0.597396 0.769676 0.601562 0.771991 0.603906 0.772917 0.604948 0.773843 0.607292 0.774769 0.609115 0.776157 0.611198 0.777083 0.612240 0.778009 0.615104 0.779398 0.619010 0.782176 0.619792 0.782176 0.621615 0.783565 0.622396 0.783565 0.623958 0.784954 0.626042 0.785880 0.627083 0.786806 0.627865 0.786806 0.629687 0.788194 0.631250 0.788657 0.632031 0.789583 0.636198 0.791898 0.639062 0.793750 0.639844 0.793750 0.640625 0.794676 0.643490 0.796065 0.644531 0.796991 0.646875 0.797917 0.648438 0.798843 0.650000 0.800231 0.652344 0.801157 0.655729 0.803472 0.657552 0.803935 0.659896 0.805787 0.661979 0.806713 0.663021 0.807639 0.665885 0.809028 0.668490 0.810880 0.669271 0.810880 0.670833 0.811806 0.671615 0.812731 0.673177 0.813657 0.675000 0.814120 0.678385 0.816435 0.679167 0.816435 0.680469 0.817361 0.682292 0.817361 0.684375 0.815509 0.685807 0.812963 0.686849 0.809722 0.686849 0.808796 0.687891 0.805093 0.688151 0.802778 0.688672 0.801389 0.688932 0.799074 0.689453 0.797685 0.689974 0.794907 0.689974 0.793519 0.690495 0.791667 0.690755 0.788426 0.691536 0.785648 0.692057 0.782870 0.692578 0.778704 0.692839 0.778241 0.693620 0.773148 0.694401 0.770833 0.694661 0.768519 0.695703 0.764352 0.695964 0.762037 0.696484 0.760648 0.696745 0.758333 0.697266 0.756944 0.697526 0.754630 0.698047 0.752778 0.698568 0.749074 0.699349 0.746759 0.699349 0.745833 0.700391 0.740741 0.702214 0.732407 0.702734 0.729167 0.703516 0.726852 0.704036 0.723611 0.704818 0.721296 0.705859 0.716204 0.706380 0.714815 0.706641 0.711574 0.706901 0.711111 0.706901 0.708796 0.707161 0.708333 0.707161 0.706019 0.707422 0.705556 0.707422 0.702778 0.708333 0.699769 0.709375 0.701157 0.709766 0.702778 0.710547 0.704167 0.711068 0.706019 0.711589 0.710185 0.711589 0.713426 0.711849 0.713889 0.711849 0.717593 0.712109 0.718056 0.712109 0.720370 0.712370 0.720833 0.712370 0.724074 0.712630 0.724537 0.712630 0.728704 0.712370 0.729167 0.712370 0.733333 0.711849 0.736111 0.711328 0.737500 0.711328 0.738889 0.710807 0.741204 0.708724 0.749074 0.708203 0.753241 0.706380 0.762037 0.706120 0.764352 0.705078 0.768056 0.704818 0.770370 0.704297 0.772685 0.704036 0.776389 0.703516 0.778241 0.703516 0.779630 0.702734 0.782407 0.702474 0.784722 0.701693 0.787037 0.701693 0.787963 0.700391 0.792130 0.700130 0.795370 0.699609 0.797222 0.699349 0.799537 0.698568 0.802315 0.698568 0.803704 0.697266 0.809259 0.697005 0.811574 0.696484 0.813426 0.696484 0.815278 0.695964 0.817130 0.695703 0.819444 0.694922 0.821759 0.694401 0.825000 0.693620 0.827315 0.693620 0.828241 0.692318 0.834259 0.691276 0.839815 0.690755 0.841204 0.689583 0.843287 0.688542 0.843750 0.687760 0.844676 0.685937 0.845139 0.685677 0.845602
 4 0.830469 0.614583 0.828125 0.613194 0.826823 0.613194 0.826562 0.612731 0.825260 0.612731 0.825000 0.612269 0.823438 0.612269 0.823177 0.611806 0.820052 0.611806 0.819792 0.611343 0.814323 0.611343 0.813021 0.609954 0.811719 0.608102 0.809896 0.606713 0.808073 0.606250 0.807813 0.605787 0.804688 0.605787 0.802865 0.607176 0.798698 0.607176 0.794531 0.602546 0.794010 0.602546 0.792188 0.601157 0.790885 0.600694 0.785937 0.600694 0.785677 0.600231 0.784375 0.600231 0.783073 0.599769 0.781250 0.598380 0.779948 0.597917 0.778906 0.596991 0.777604 0.596991 0.776042 0.596065 0.774740 0.596065 0.774479 0.595602 0.772656 0.595602 0.772396 0.595139 0.771094 0.595139 0.770052 0.594213 0.769271 0.594213 0.767969 0.593287 0.767448 0.592361 0.763542 0.589120 0.761458 0.589120 0.761198 0.588657 0.759115 0.588657 0.757552 0.587731 0.756380 0.586111 0.756380 0.582870 0.756641 0.582407 0.756641 0.580093 0.756250 0.579398 0.755859 0.580556 0.755859 0.585648 0.753646 0.588657 0.751563 0.590509 0.750521 0.590972 0.746875 0.590972 0.744792 0.589583 0.744010 0.589583 0.741667 0.587731 0.740495 0.586111 0.739974 0.582870 0.739974 0.575463 0.740234 0.575000 0.740234 0.571296 0.740495 0.570833 0.740495 0.568056 0.740755 0.567593 0.741276 0.563426 0.742057 0.560648 0.743490 0.557176 0.744531 0.556250 0.745833 0.555787 0.749219 0.555787 0.749479 0.556250 0.750781 0.556250 0.751042 0.556713 0.752344 0.556713 0.754427 0.558102 0.755599 0.560185 0.756250 0.562731 0.756510 0.562269 0.758073 0.562269 0.758333 0.561806 0.760156 0.561806 0.760417 0.562269 0.762240 0.562269 0.762500 0.562731 0.763802 0.562731 0.767448 0.565509 0.769271 0.567361 0.770833 0.567824 0.772656 0.569213 0.773698 0.569676 0.775000 0.569676 0.775260 0.570139 0.777083 0.570139 0.777344 0.570602 0.779427 0.570602 0.779687 0.571065 0.781510 0.571065 0.781771 0.571528 0.783594 0.571528 0.783854 0.571991 0.785677 0.572454 0.788021 0.573843 0.789323 0.574306 0.790625 0.575231 0.791667 0.575231 0.793229 0.576620 0.793750 0.576620 0.795052 0.578472 0.796094 0.579398 0.798438 0.579861 0.799740 0.580787 0.800521 0.580787 0.802865 0.582176 0.804167 0.582176 0.804427 0.582639 0.805990 0.582639 0.806250 0.583102 0.807813 0.583102 0.808073 0.583565 0.809896 0.583565 0.810156 0.584028 0.811719 0.584028 0.811979 0.583565 0.814844 0.583565 0.816406 0.584491 0.824479 0.584491 0.824740 0.584954 0.830469 0.584954 0.833594 0.586343 0.836198 0.588194 0.838021 0.588657 0.839583 0.590046 0.840104 0.590046 0.841406 0.591435 0.843229 0.592361 0.844010 0.592361 0.845573 0.593287 0.847917 0.596065 0.849479 0.597454 0.852083 0.598843 0.853385 0.601157 0.853906 0.601620 0.855208 0.601620 0.856510 0.602083 0.857161 0.604167 0.857422 0.607870 0.856771 0.609491 0.855469 0.610417 0.853646 0.610880 0.851302 0.609028 0.850000 0.608565 0.847396 0.606250 0.846094 0.605324 0.844792 0.605324 0.844531 0.604861 0.842708 0.604861 0.842448 0.604398 0.840885 0.604398 0.840104 0.604861 0.838542 0.607639 0.837500 0.608565 0.835417 0.609028 0.834245 0.610648 0.833984 0.612037 0.833073 0.613657 0.832031 0.614120 0.830729 0.614120 0.830469 0.614583
 4 0.834766 0.602315 0.835547 0.601389 0.834115 0.600694 0.833984 0.601852 0.834766 0.602315
 3 0.811719 0.582639 0.809375 0.582639 0.809115 0.582176 0.807813 0.582176 0.807552 0.581713 0.806250 0.581713 0.805990 0.581250 0.804688 0.581250 0.804427 0.580787 0.803125 0.580787 0.801823 0.579861 0.799219 0.578935 0.797656 0.578935 0.795312 0.578009 0.793880 0.576389 0.793099 0.573611 0.793099 0.568056 0.793359 0.567593 0.793359 0.564815 0.794141 0.561574 0.795833 0.559028 0.798698 0.556713 0.800000 0.556713 0.800260 0.556250 0.801823 0.556250 0.802083 0.555787 0.804167 0.555787 0.804427 0.556250 0.807292 0.556250 0.808594 0.556713 0.811198 0.558102 0.812760 0.559491 0.814453 0.562500 0.815495 0.565741 0.815495 0.575463 0.815234 0.577778 0.814714 0.580093 0.813802 0.581713 0.811979 0.582176 0.811719 0.582639
 4 0.904948 0.773380 0.901302 0.773380 0.901042 0.772917 0.898438 0.772917 0.898177 0.772454 0.896615 0.772454 0.895312 0.771528 0.894531 0.771528 0.891406 0.769676 0.889583 0.767824 0.889062 0.767824 0.887500 0.765972 0.886719 0.765509 0.885156 0.763657 0.882161 0.758333 0.881120 0.755556 0.880599 0.753241 0.880599 0.751852 0.880078 0.750000 0.880078 0.747685 0.879818 0.747222 0.879818 0.744444 0.880078 0.743981 0.880078 0.738889 0.880599 0.736111 0.880599 0.734259 0.881120 0.731481 0.881901 0.729630 0.882161 0.728241 0.884375 0.724306 0.885156 0.723380 0.887760 0.721065 0.888542 0.720602 0.889844 0.720602 0.890104 0.720139 0.892708 0.720139 0.892969 0.719676 0.898177 0.719676 0.898438 0.720139 0.900260 0.720139 0.902604 0.722454 0.904427 0.723843 0.905729 0.724306 0.908333 0.726620 0.909896 0.728472 0.911979 0.732176 0.912240 0.732176 0.914714 0.736574 0.915495 0.739815 0.915495 0.742130 0.915755 0.742593 0.915755 0.745370 0.916016 0.747685 0.915755 0.748148 0.915755 0.753704 0.915495 0.754167 0.915495 0.757407 0.915234 0.757870 0.915234 0.760185 0.914714 0.762963 0.914193 0.764352 0.911979 0.768287 0.910937 0.769676 0.907813 0.772454 0.906771 0.772917 0.905208 0.772917 0.904948 0.773380
 4 0.959635 0.895602 0.953906 0.895602 0.953646 0.895139 0.952344 0.895139 0.952083 0.894676 0.950000 0.894213 0.948177 0.892824 0.947396 0.892824 0.945052 0.890972 0.943490 0.889120 0.941667 0.887731 0.940104 0.885417 0.939323 0.884954 0.937760 0.883102 0.936979 0.882639 0.932682 0.875000 0.931901 0.873148 0.930859 0.869444 0.930859 0.868056 0.930339 0.865741 0.930339 0.861111 0.930078 0.860648 0.930078 0.857870 0.930339 0.857407 0.930859 0.851852 0.931380 0.850463 0.931901 0.846759 0.932943 0.843056 0.933984 0.840741 0.935417 0.838194 0.936979 0.836343 0.939063 0.834491 0.940365 0.834028 0.941667 0.834028 0.941927 0.833565 0.944010 0.833565 0.944271 0.833102 0.948958 0.833102 0.949219 0.833565 0.951302 0.833565 0.951562 0.834028 0.954688 0.834954 0.954948 0.835417 0.957812 0.836806 0.958594 0.837731 0.959375 0.837731 0.960938 0.839120 0.962500 0.840972 0.963802 0.843287 0.965104 0.845139 0.966146 0.846065 0.968099 0.849537 0.969141 0.851852 0.970443 0.855556 0.970964 0.856481 0.971745 0.861111 0.972005 0.863426 0.972005 0.868519 0.971745 0.868981 0.971745 0.871759 0.971224 0.873611 0.971224 0.875000 0.970703 0.876389 0.970182 0.879630 0.968880 0.886111 0.968359 0.887500 0.966146 0.891435 0.965625 0.891435 0.962760 0.894213 0.959635 0.895602
 3 0.858594 0.758102 0.851823 0.758102 0.851562 0.757639 0.850000 0.757639 0.847396 0.756250 0.843229 0.753009 0.841406 0.751157 0.839583 0.747917 0.839323 0.747917 0.838151 0.745370 0.837109 0.740741 0.836849 0.738426 0.836849 0.730093 0.837109 0.729630 0.837109 0.727315 0.837630 0.725463 0.837630 0.724074 0.838151 0.721759 0.839844 0.718750 0.842187 0.716435 0.842969 0.716435 0.845833 0.714120 0.847135 0.714120 0.847396 0.713657 0.850521 0.713657 0.850781 0.714120 0.853125 0.714583 0.854427 0.715509 0.856250 0.715972 0.858333 0.717361 0.859896 0.719676 0.861198 0.721065 0.864714 0.727315 0.866016 0.731481 0.866016 0.734722 0.866276 0.735185 0.866276 0.740278 0.866016 0.740741 0.866016 0.743056 0.865755 0.743519 0.865755 0.745833 0.864714 0.750926 0.864193 0.752315 0.863021 0.754398 0.861719 0.756250 0.860156 0.757639 0.858854 0.757639 0.858594 0.758102
 3 0.963281 0.840046 0.961979 0.840046 0.960677 0.838657 0.959375 0.837731 0.957812 0.837269 0.956510 0.836343 0.954167 0.835880 0.952865 0.834954 0.951562 0.834491 0.950260 0.834491 0.950000 0.834028 0.948177 0.834028 0.947917 0.833565 0.946354 0.833565 0.946094 0.834028 0.944271 0.834028 0.944010 0.834491 0.942448 0.834491 0.942187 0.834954 0.940885 0.834954 0.940625 0.835417 0.938021 0.835417 0.937760 0.834954 0.936198 0.834491 0.933203 0.829167 0.931641 0.825463 0.930859 0.822222 0.930859 0.813426 0.931120 0.812963 0.931641 0.807407 0.931901 0.806944 0.932943 0.801852 0.935156 0.797917 0.935937 0.796991 0.937760 0.796065 0.939063 0.794676 0.940365 0.794213 0.942187 0.794213 0.942448 0.793750 0.944792 0.793750 0.945052 0.794213 0.947656 0.794213 0.947917 0.794676 0.949219 0.794676 0.949479 0.795139 0.950781 0.795139 0.951823 0.796065 0.952604 0.796065 0.953646 0.796991 0.954948 0.797454 0.956771 0.798843 0.958073 0.800231 0.959375 0.801157 0.960417 0.803009 0.961719 0.804398 0.963021 0.806250 0.964974 0.809722 0.964974 0.810185 0.966536 0.813426 0.967318 0.816667 0.967578 0.820370 0.967839 0.820833 0.967839 0.824537 0.967057 0.829630 0.966536 0.831019 0.966016 0.833796 0.965495 0.834722 0.964714 0.837500 0.963281 0.840046
 6 0.942969 0.998843 0.933854 0.998843 0.933594 0.998380 0.929427 0.998380 0.929167 0.998843 0.921354 0.998843 0.921094 0.998380 0.917448 0.998380 0.917188 0.997917 0.913021 0.997917 0.912760 0.997454 0.905990 0.997454 0.905729 0.997917 0.883594 0.997917 0.883333 0.997454 0.880208 0.997454 0.879948 0.996991 0.878385 0.996991 0.878125 0.996528 0.876563 0.996528 0.875521 0.995602 0.874740 0.995602 0.873698 0.994676 0.871354 0.993750 0.870573 0.992824 0.867448 0.990972 0.866927 0.990972 0.865625 0.989583 0.864323 0.989120 0.863542 0.988194 0.862760 0.988194 0.860938 0.987269 0.860156 0.986343 0.858333 0.985417 0.857552 0.984491 0.855469 0.983565 0.854688 0.982639 0.850521 0.979861 0.849740 0.979861 0.848177 0.978935 0.847396 0.978009 0.845833 0.977083 0.844010 0.976620 0.842448 0.975694 0.841667 0.974769 0.840365 0.974306 0.839063 0.973380 0.838281 0.973380 0.837240 0.972454 0.835938 0.971991 0.834115 0.970139 0.832812 0.969213 0.829948 0.967824 0.829167 0.966898 0.826302 0.965509 0.824219 0.963657 0.822135 0.962731 0.820833 0.961343 0.817969 0.959954 0.812240 0.956250 0.810937 0.954861 0.808073 0.953472 0.807031 0.952546 0.805729 0.952083 0.804948 0.951157 0.802865 0.950231 0.801823 0.949306 0.800521 0.948843 0.797917 0.946991 0.797135 0.946065 0.794010 0.944213 0.793229 0.944213 0.792188 0.943287 0.791406 0.943287 0.789844 0.941898 0.788021 0.940972 0.787240 0.940046 0.786458 0.940046 0.785677 0.939120 0.783073 0.937731 0.781771 0.937731 0.779948 0.936806 0.778646 0.935417 0.775651 0.930093 0.774870 0.926852 0.774609 0.924537 0.774609 0.921759 0.774349 0.921296 0.774349 0.917593 0.774089 0.917130 0.774089 0.912500 0.773828 0.912037 0.773828 0.906944 0.773568 0.906481 0.773568 0.901852 0.773307 0.901389 0.773307 0.896759 0.773047 0.896296 0.773047 0.889815 0.772786 0.889352 0.772786 0.882407 0.772526 0.881944 0.772526 0.875000 0.772266 0.874537 0.772266 0.862963 0.771745 0.860648 0.771745 0.848611 0.771484 0.848148 0.771484 0.839352 0.771224 0.838889 0.771224 0.835185 0.770703 0.832407 0.770703 0.830093 0.770443 0.829630 0.770443 0.826389 0.770182 0.825926 0.770182 0.820833 0.770443 0.820370 0.770443 0.817593 0.770703 0.817130 0.770703 0.814815 0.770964 0.812500 0.771484 0.810185 0.771745 0.806944 0.772266 0.805093 0.772266 0.803241 0.772786 0.800926 0.772786 0.799537 0.773568 0.795370 0.773568 0.793519 0.774089 0.791204 0.774349 0.787037 0.774870 0.784722 0.774870 0.783333 0.775391 0.781481 0.775651 0.778241 0.776172 0.776389 0.776172 0.774537 0.776953 0.770370 0.777734 0.762500 0.778255 0.760185 0.778516 0.756481 0.779297 0.753241 0.779557 0.749537 0.780339 0.745370 0.780339 0.743981 0.780859 0.741667 0.781120 0.739352 0.781120 0.737037 0.781380 0.734722 0.782161 0.731481 0.782161 0.730093 0.782682 0.728241 0.783724 0.720833 0.784245 0.714352 0.784766 0.712037 0.784766 0.709259 0.785026 0.708796 0.785026 0.706481 0.785286 0.706019 0.785547 0.702778 0.785807 0.702315 0.786589 0.697685 0.788542 0.694213 0.790365 0.692824 0.792708 0.692824 0.792969 0.693287 0.794531 0.693287 0.794792 0.693750 0.796354 0.693750 0.796615 0.694213 0.798177 0.694213 0.802344 0.696065 0.803646 0.696065 0.803906 0.696528 0.805729 0.696991 0.807292 0.697917 0.808594 0.697917 0.808854 0.698380 0.810156 0.698380 0.810417 0.698843 0.811979 0.698843 0.812240 0.699306 0.814844 0.700231 0.816406 0.700231 0.816667 0.700694 0.817969 0.700694 0.818229 0.701157 0.819531 0.701157 0.819792 0.701620 0.821094 0.701620 0.821354 0.702083 0.822917 0.702083 0.823177 0.702546 0.824740 0.703009 0.825521 0.703935 0.826562 0.703935 0.827865 0.704861 0.830208 0.705324 0.832552 0.706713 0.833594 0.706713 0.834896 0.707639 0.835938 0.707639 0.840625 0.709491 0.840885 0.709954 0.842448 0.710417 0.843620 0.712500 0.842578 0.715741 0.840365 0.719676 0.840104 0.719676 0.838151 0.723148 0.837370 0.726389 0.837109 0.728241 0.837109 0.731019 0.836849 0.731481 0.836849 0.738426 0.837109 0.738889 0.837109 0.741204 0.838151 0.745370 0.840365 0.749306 0.841667 0.751157 0.845052 0.754861 0.846615 0.755787 0.848437 0.756250 0.849740 0.757176 0.850781 0.757176 0.852344 0.758102 0.854688 0.758102 0.854948 0.758565 0.857031 0.758565 0.858333 0.758102 0.860938 0.756250 0.863542 0.753009 0.864714 0.750926 0.865755 0.746759 0.866016 0.742593 0.866276 0.742130 0.866276 0.735185 0.866016 0.734722 0.866016 0.732407 0.864714 0.727315 0.863932 0.725463 0.863932 0.722685 0.865104 0.720602 0.866406 0.719676 0.867708 0.719676 0.867969 0.719213 0.871615 0.719213 0.871875 0.719676 0.873177 0.719676 0.875260 0.721528 0.876823 0.721991 0.878125 0.722917 0.878906 0.722917 0.880729 0.724306 0.881771 0.724769 0.882422 0.726389 0.881380 0.729167 0.880599 0.734722 0.880078 0.737500 0.880078 0.740741 0.879818 0.741204 0.879818 0.748611 0.880599 0.753241 0.881120 0.755093 0.882161 0.757407 0.883984 0.760648 0.883984 0.761111 0.885417 0.763657 0.888021 0.766898 0.889062 0.767824 0.890104 0.769676 0.891406 0.771065 0.893229 0.771991 0.894271 0.772917 0.895052 0.772917 0.896094 0.773843 0.896875 0.773843 0.898177 0.774769 0.900000 0.775231 0.900260 0.775694 0.901823 0.775694 0.902083 0.775231 0.904167 0.775231 0.905990 0.773843 0.908333 0.772917 0.909115 0.771991 0.910156 0.771528 0.911458 0.770139 0.913932 0.765741 0.914453 0.764352 0.915495 0.760185 0.915755 0.758333 0.915755 0.756019 0.916016 0.755556 0.916016 0.753241 0.916276 0.752778 0.916276 0.747685 0.916536 0.747222 0.916276 0.744907 0.916276 0.739352 0.916536 0.738426 0.917448 0.737269 0.919010 0.736343 0.920833 0.736343 0.922396 0.737269 0.923438 0.737269 0.924740 0.738194 0.925781 0.738194 0.927083 0.739120 0.928385 0.739120 0.929688 0.739583 0.932292 0.741435 0.934635 0.742361 0.937760 0.744213 0.938542 0.745139 0.939583 0.745602 0.942187 0.745602 0.942448 0.746065 0.944531 0.746065 0.944792 0.746528 0.946094 0.746528 0.946354 0.746991 0.948438 0.746991 0.948698 0.747454 0.951042 0.747454 0.952604 0.748380 0.953906 0.748380 0.954167 0.748843 0.955990 0.748843 0.956250 0.749306 0.958073 0.749306 0.958333 0.749769 0.959635 0.749769 0.962500 0.751157 0.963802 0.751157 0.966406 0.752083 0.970833 0.754398 0.974219 0.755324 0.975521 0.756713 0.976823 0.757639 0.978646 0.760417 0.978906 0.760417 0.980339 0.762963 0.981120 0.766204 0.981380 0.768519 0.981380 0.771759 0.981641 0.772222 0.981641 0.783333 0.981901 0.783796 0.981901 0.796296 0.982161 0.796759 0.982161 0.810185 0.982422 0.810648 0.982422 0.813889 0.982682 0.814352 0.982682 0.818519 0.982422 0.818981 0.982422 0.824537 0.982682 0.825000 0.982682 0.829167 0.982943 0.829630 0.982943 0.841204 0.983203 0.841667 0.983203 0.846296 0.982943 0.846759 0.982943 0.852778 0.983203 0.853241 0.983203 0.856481 0.983464 0.856944 0.983464 0.866667 0.983724 0.867130 0.983724 0.879167 0.983984 0.879630 0.983984 0.883796 0.984245 0.884259 0.984245 0.927778 0.983984 0.928241 0.983724 0.931481 0.983203 0.932870 0.982682 0.936111 0.981901 0.938426 0.981901 0.939352 0.980859 0.943981 0.980599 0.946296 0.979036 0.952315 0.978516 0.955556 0.977474 0.958796 0.976953 0.961111 0.976953 0.962500 0.976432 0.963889 0.975651 0.968981 0.973307 0.977315 0.972786 0.979630 0.972266 0.983333 0.971224 0.987037 0.971224 0.987963 0.969922 0.993056 0.969141 0.995370 0.967708 0.997454 0.966927 0.997917 0.960938 0.997917 0.960677 0.998380 0.943229 0.998380 0.942969 0.998843
 6 0.861979 0.720139 0.861068 0.719444 0.861458 0.718750 0.862630 0.719444 0.861979 0.720139
 6 0.959505 0.894907 0.961198 0.894676 0.961458 0.894213 0.962760 0.894213 0.966667 0.890972 0.968880 0.887037 0.969661 0.884722 0.970443 0.879630 0.970964 0.877778 0.971224 0.875463 0.972005 0.871759 0.972005 0.869444 0.972266 0.868981 0.972266 0.862963 0.972005 0.862500 0.971224 0.858333 0.971224 0.857407 0.970182 0.854167 0.969661 0.851852 0.968359 0.849074 0.966276 0.843056 0.966276 0.839815 0.966016 0.839352 0.966016 0.836574 0.967057 0.832407 0.967839 0.826389 0.967839 0.824074 0.968099 0.823611 0.967839 0.821296 0.967839 0.818981 0.967318 0.814815 0.966016 0.810648 0.966016 0.810185 0.963802 0.806250 0.962240 0.804398 0.960938 0.803472 0.958854 0.800694 0.957552 0.799769 0.957031 0.798843 0.954948 0.796991 0.952865 0.796065 0.951042 0.794676 0.950000 0.794213 0.948698 0.794213 0.948438 0.793750 0.946354 0.793750 0.946094 0.793287 0.939583 0.793287 0.938542 0.793750 0.937240 0.795139 0.935026 0.799074 0.935026 0.799537 0.932422 0.804167 0.931901 0.805556 0.931120 0.808796 0.930599 0.812963 0.930599 0.815278 0.930339 0.815741 0.930339 0.818056 0.930599 0.818519 0.930599 0.822685 0.931901 0.827778 0.933464 0.831019 0.935026 0.835185 0.935026 0.837500 0.933464 0.840741 0.931901 0.844907 0.931901 0.846296 0.931380 0.848148 0.930859 0.852315 0.930078 0.856019 0.930078 0.864352 0.930859 0.869444 0.931901 0.872685 0.932422 0.875000 0.934635 0.878935 0.934896 0.878935 0.936328 0.883796 0.938021 0.886343 0.941146 0.888657 0.941927 0.889583 0.943229 0.890046 0.944271 0.890972 0.945052 0.890972 0.946094 0.891898 0.948177 0.892824 0.948958 0.892824 0.950521 0.894213 0.951562 0.894676 0.954427 0.894676 0.954688 0.895139 0.959375 0.895139 0.959505 0.894907
 6 0.925911 0.962037 0.927083 0.961806 0.928255 0.959722 0.929297 0.955556 0.927083 0.953472 0.926042 0.953472 0.924740 0.952546 0.923177 0.952546 0.922526 0.953704 0.922526 0.956481 0.923307 0.960185 0.924219 0.962269 0.925911 0.962037
 6 0.939974 0.976389 0.940495 0.974537 0.939844 0.973843 0.939063 0.973843 0.938411 0.974537 0.938151 0.975926 0.938542 0.976620 0.939974 0.976389
 0 0.600260 0.395602 0.598958 0.395602 0.597266 0.393056 0.596484 0.390278 0.595573 0.388657 0.592187 0.388657 0.591146 0.388194 0.590365 0.387269 0.589453 0.385185 0.589193 0.383333 0.589193 0.379630 0.588542 0.378472 0.587760 0.378009 0.586328 0.375926 0.585286 0.372685 0.585026 0.368981 0.584766 0.368519 0.584766 0.366204 0.584505 0.363889 0.583333 0.360417 0.582552 0.359954 0.580469 0.359954 0.580208 0.359491 0.578906 0.359491 0.578646 0.359028 0.575260 0.358102 0.573438 0.356713 0.572786 0.355556 0.572266 0.353704 0.572005 0.350000 0.571484 0.347685 0.571484 0.344444 0.571224 0.343981 0.571224 0.336574 0.570964 0.336111 0.570964 0.333796 0.570703 0.333333 0.570703 0.330093 0.570443 0.329630 0.570443 0.320833 0.570182 0.320370 0.570182 0.313889 0.569922 0.313426 0.569922 0.307407 0.569661 0.306944 0.569661 0.303241 0.569401 0.302778 0.569401 0.293981 0.569141 0.293519 0.569141 0.290741 0.568880 0.290278 0.568880 0.287500 0.568620 0.287037 0.568620 0.281019 0.568359 0.280556 0.568359 0.278241 0.567839 0.275926 0.567839 0.269444 0.568099 0.268981 0.568099 0.266667 0.567839 0.266204 0.567839 0.263889 0.567578 0.263426 0.567578 0.259722 0.567318 0.259259 0.567318 0.244907 0.568099 0.241204 0.568099 0.239815 0.568880 0.237037 0.570443 0.232407 0.570703 0.231019 0.571484 0.229167 0.573568 0.225463 0.573568 0.225000 0.576042 0.220602 0.576302 0.220602 0.577604 0.218287 0.578646 0.216898 0.580208 0.215509 0.581771 0.213194 0.582031 0.213194 0.583594 0.210417 0.584375 0.209954 0.586198 0.207639 0.588281 0.205787 0.591146 0.202083 0.595052 0.198843 0.595573 0.197917 0.597656 0.196065 0.598177 0.195139 0.601562 0.192361 0.602865 0.190972 0.605729 0.189120 0.606641 0.186574 0.606901 0.184722 0.607812 0.183102 0.609635 0.182176 0.610156 0.181250 0.613542 0.178935 0.614844 0.177546 0.615885 0.177083 0.618229 0.177083 0.618490 0.176620 0.621354 0.176620 0.621615 0.176157 0.623177 0.176157 0.624479 0.175694 0.626823 0.174306 0.629427 0.173380 0.630469 0.173380 0.633073 0.171528 0.634115 0.171065 0.635677 0.171065 0.635938 0.170602 0.639062 0.170602 0.639323 0.170139 0.641146 0.169676 0.643490 0.168287 0.647135 0.167361 0.648438 0.166435 0.649740 0.165972 0.650781 0.166435 0.652083 0.166435 0.652344 0.166898 0.654167 0.166898 0.654427 0.167361 0.658073 0.167361 0.658333 0.167824 0.665885 0.167824 0.666146 0.168287 0.669792 0.168287 0.670052 0.168750 0.672396 0.168750 0.672656 0.169213 0.673958 0.169213 0.675521 0.170139 0.676823 0.170139 0.678906 0.171528 0.680990 0.171991 0.683594 0.173843 0.685156 0.175694 0.688151 0.181019 0.688932 0.182870 0.689193 0.184259 0.691016 0.189815 0.691276 0.193519 0.691797 0.198148 0.692057 0.198611 0.692318 0.202315 0.693880 0.206944 0.694141 0.209259 0.694661 0.210648 0.695182 0.213889 0.695182 0.215278 0.695964 0.218981 0.695964 0.221759 0.696224 0.222222 0.696224 0.225463 0.696484 0.225926 0.696484 0.228241 0.697005 0.230556 0.697005 0.232407 0.697526 0.234722 0.697786 0.237037 0.697786 0.239352 0.698307 0.242130 0.698307 0.244444 0.698828 0.247222 0.698828 0.250000 0.699089 0.250463 0.699089 0.252778 0.699609 0.255556 0.699870 0.259722 0.700130 0.260185 0.700130 0.264352 0.700391 0.264815 0.700391 0.268981 0.700651 0.269444 0.700651 0.272685 0.700911 0.273148 0.700911 0.277315 0.701172 0.277778 0.701172 0.281481 0.701693 0.284259 0.701693 0.286574 0.701953 0.287037 0.701953 0.289815 0.702214 0.290278 0.702214 0.293519 0.702474 0.293981 0.702474 0.296759 0.702734 0.297222 0.702734 0.300000 0.702995 0.300463 0.702995 0.302778 0.703255 0.303241 0.703255 0.305556 0.703516 0.306019 0.703516 0.308333 0.703776 0.308796 0.703776 0.313889 0.704036 0.314352 0.704036 0.316667 0.703776 0.317130 0.703776 0.319907 0.702995 0.323611 0.702995 0.325926 0.702734 0.326389 0.702734 0.329167 0.701953 0.331944 0.700911 0.337963 0.700911 0.340278 0.700651 0.342593 0.699870 0.345370 0.696484 0.351389 0.696484 0.351852 0.693750 0.356713 0.691927 0.358102 0.691146 0.359028 0.689583 0.359954 0.685417 0.363657 0.682552 0.367361 0.681250 0.368287 0.680729 0.369213 0.679167 0.370139 0.677604 0.371528 0.675260 0.371991 0.672917 0.372917 0.671875 0.373843 0.669531 0.375231 0.668750 0.375231 0.667448 0.376157 0.666406 0.376157 0.664844 0.377083 0.663281 0.377083 0.663021 0.377546 0.661458 0.377546 0.661198 0.378009 0.658594 0.378009 0.657552 0.378472 0.655729 0.379861 0.655208 0.379861 0.653646 0.381250 0.652083 0.381250 0.651823 0.381713 0.650521 0.381713 0.650260 0.382176 0.648438 0.382639 0.646354 0.384028 0.642969 0.384028 0.642708 0.384491 0.641146 0.384491 0.640885 0.384954 0.639323 0.384954 0.639062 0.385417 0.636198 0.385417 0.635938 0.385880 0.633854 0.385880 0.633594 0.386343 0.631250 0.386343 0.630990 0.386806 0.628125 0.386806 0.627865 0.387269 0.626042 0.387269 0.623437 0.388194 0.623177 0.388657 0.621875 0.388657 0.621615 0.389120 0.619792 0.389120 0.618490 0.389583 0.617448 0.390509 0.616667 0.390509 0.615885 0.391435 0.614583 0.391898 0.612760 0.391898 0.612500 0.392361 0.610417 0.392361 0.610156 0.392824 0.608073 0.392824 0.607812 0.393287 0.604948 0.393287 0.604688 0.393750 0.603125 0.393750 0.602083 0.394213 0.600260 0.395602
