 8 0.000000 0.109954 0.001823 0.109954 0.003646 0.111806 0.004687 0.113657 0.005729 0.114583 0.006901 0.116667 0.007422 0.118056 0.007682 0.120370 0.008984 0.124537 0.008984 0.125463 0.009766 0.128241 0.010677 0.129398 0.011719 0.129861 0.013151 0.132407 0.013151 0.132870 0.014323 0.134954 0.015365 0.135880 0.016016 0.137037 0.016797 0.140278 0.016797 0.141667 0.017969 0.143750 0.018490 0.143750 0.020182 0.145833 0.020703 0.148148 0.022135 0.150231 0.022917 0.150694 0.023568 0.151852 0.024089 0.153704 0.024609 0.156944 0.025391 0.158796 0.027995 0.163426 0.027995 0.163889 0.032422 0.171759 0.032422 0.172222 0.035156 0.177083 0.036458 0.178935 0.037760 0.180324 0.038672 0.181944 0.039453 0.184259 0.040234 0.187500 0.041016 0.189815 0.041667 0.190509 0.043359 0.193519 0.043880 0.194907 0.044141 0.196759 0.045573 0.199306 0.046094 0.199306 0.047526 0.201389 0.048047 0.203241 0.049479 0.205787 0.051042 0.207176 0.053385 0.211343 0.054818 0.214352 0.055339 0.217130 0.056120 0.219907 0.056901 0.221759 0.059896 0.227083 0.060937 0.228009 0.062109 0.229630 0.063411 0.233333 0.064844 0.235880 0.065885 0.236343 0.066927 0.237731 0.069661 0.242593 0.071224 0.248611 0.072917 0.253472 0.074479 0.254398 0.076432 0.257870 0.076432 0.258333 0.077604 0.259954 0.079036 0.262500 0.080078 0.265278 0.080469 0.266898 0.082812 0.268750 0.084505 0.271759 0.084766 0.273148 0.086328 0.276852 0.086589 0.279167 0.087109 0.281481 0.088542 0.283565 0.089323 0.284028 0.091667 0.289120 0.093229 0.290509 0.094141 0.292130 0.094922 0.294907 0.095833 0.296528 0.097917 0.298380 0.098828 0.300926 0.100651 0.304167 0.101432 0.306944 0.101432 0.307870 0.102734 0.310648 0.102734 0.311111 0.104167 0.313657 0.104427 0.313657 0.105729 0.315972 0.105990 0.315972 0.107813 0.319213 0.108073 0.319213 0.108984 0.321296 0.114453 0.331019 0.115234 0.332870 0.116016 0.335648 0.118099 0.339352 0.118359 0.340741 0.119531 0.343287 0.121094 0.344676 0.123047 0.348148 0.123307 0.349537 0.123958 0.350231 0.125651 0.353241 0.126693 0.356481 0.127865 0.358565 0.128125 0.358565 0.129557 0.361111 0.130078 0.362963 0.132031 0.366435 0.133203 0.368056 0.133984 0.370370 0.134896 0.371991 0.136458 0.373380 0.137630 0.375463 0.138411 0.377778 0.139583 0.379398 0.141797 0.383333 0.141797 0.383796 0.144141 0.387963 0.145443 0.391667 0.146615 0.393750 0.146875 0.393750 0.149349 0.398148 0.150260 0.400231 0.151823 0.401620 0.154688 0.406713 0.155208 0.406713 0.156901 0.409722 0.157422 0.412500 0.158594 0.414583 0.159635 0.415046 0.161979 0.416898 0.165625 0.416898 0.167969 0.418750 0.169010 0.420139 0.170182 0.422685 0.171224 0.426852 0.171224 0.439815 0.170313 0.441898 0.169010 0.441898 0.167578 0.439815 0.167318 0.437500 0.165885 0.434954 0.165625 0.434954 0.164062 0.432176 0.161979 0.430787 0.160417 0.430787 0.160156 0.431250 0.157031 0.431250 0.156771 0.430787 0.153125 0.430787 0.152865 0.431250 0.150521 0.431250 0.149219 0.432176 0.147917 0.432176 0.147656 0.432639 0.146354 0.432639 0.144531 0.434491 0.142187 0.438194 0.141927 0.438194 0.139583 0.441435 0.137500 0.442824 0.136979 0.443750 0.135937 0.444213 0.133073 0.446991 0.132161 0.449074 0.130990 0.451157 0.129167 0.453009 0.128385 0.454398 0.127344 0.455324 0.125521 0.458565 0.123177 0.461343 0.122396 0.461806 0.121354 0.463657 0.119010 0.465972 0.117708 0.468287 0.116406 0.470139 0.113542 0.473380 0.112240 0.474306 0.111198 0.475694 0.107813 0.481713 0.107552 0.481713 0.105469 0.484491 0.103646 0.485880 0.103125 0.486806 0.101823 0.487731 0.101302 0.488657 0.099740 0.490046 0.097396 0.493750 0.094792 0.496528 0.093229 0.498843 0.090625 0.501157 0.088802 0.502546 0.087630 0.504630 0.086589 0.507870 0.084896 0.510417 0.083594 0.511343 0.082292 0.513194 0.079948 0.515046 0.077604 0.517361 0.075260 0.521528 0.073958 0.522917 0.072396 0.523843 0.071615 0.524769 0.070052 0.527546 0.069271 0.528472 0.066927 0.530324 0.066146 0.531250 0.064323 0.534491 0.064062 0.534491 0.062500 0.537269 0.061198 0.539120 0.059896 0.540046 0.059115 0.541435 0.056771 0.543750 0.056250 0.544676 0.054948 0.545602 0.052344 0.548380 0.050781 0.551157 0.050521 0.551157 0.047396 0.556713 0.045312 0.558102 0.044531 0.559028 0.044141 0.560185 0.042188 0.563657 0.041406 0.564120 0.040365 0.565509 0.038281 0.569213 0.036979 0.570602 0.035807 0.573148 0.035547 0.575000 0.035547 0.577778 0.035286 0.578241 0.035547 0.580556 0.037500 0.585417 0.038542 0.586343 0.039974 0.588889 0.041016 0.593056 0.043229 0.594676 0.044271 0.594676 0.046094 0.596528 0.046875 0.597917 0.048438 0.599769 0.050521 0.601620 0.052214 0.604630 0.052474 0.606019 0.054167 0.609028 0.056771 0.611343 0.058073 0.612269 0.059766 0.615278 0.059766 0.615741 0.060937 0.617824 0.061198 0.617824 0.062370 0.619907 0.062370 0.620370 0.063542 0.622454 0.067969 0.625231 0.068750 0.626620 0.070182 0.628241 0.070703 0.630093 0.070964 0.632407 0.070964 0.634722 0.071224 0.636574 0.072396 0.638657 0.073698 0.639120 0.078385 0.642824 0.079427 0.642824 0.081250 0.644676 0.082682 0.647222 0.082682 0.647685 0.084115 0.650231 0.084375 0.650231 0.085807 0.652778 0.086589 0.654630 0.086589 0.656944 0.086068 0.658333 0.084505 0.664352 0.083984 0.665278 0.083203 0.668056 0.082682 0.670833 0.081120 0.675926 0.079167 0.679398 0.078906 0.679398 0.076953 0.684722 0.076693 0.687037 0.076172 0.689352 0.074479 0.692361 0.073177 0.693750 0.071484 0.697222 0.069661 0.702778 0.069141 0.705093 0.067318 0.708333 0.066016 0.712500 0.066016 0.712963 0.063151 0.718056 0.062370 0.720370 0.061589 0.723611 0.060547 0.726852 0.060547 0.727778 0.059505 0.731481 0.057031 0.735880 0.056771 0.735880 0.055599 0.737963 0.055078 0.739352 0.053516 0.745370 0.052734 0.747222 0.051172 0.750000 0.050911 0.751852 0.049870 0.755556 0.047005 0.760648 0.046224 0.762500 0.044401 0.769907 0.041927 0.774306 0.040625 0.775694 0.039453 0.778241 0.038932 0.780556 0.038672 0.782870 0.037630 0.786574 0.034766 0.791667 0.033724 0.794907 0.031641 0.799074 0.030599 0.804167 0.029818 0.806481 0.029818 0.807407 0.028776 0.810185 0.028255 0.812500 0.027734 0.813426 0.026693 0.816667 0.024609 0.820370 0.023047 0.825463 0.022786 0.827315 0.022005 0.829630 0.020703 0.831944 0.019661 0.835648 0.019661 0.836574 0.018620 0.839815 0.015755 0.844907 0.014453 0.849074 0.013672 0.853241 0.013151 0.855093 0.010026 0.860648 0.008984 0.865278 0.006901 0.872222 0.005078 0.875926 0.004297 0.878704 0.002995 0.881944 0.001302 0.884954 0.000000 0.884954
 8 0.110677 0.303935 0.109766 0.302315 0.110417 0.300694 0.110937 0.300694 0.111849 0.302778 0.110677 0.303935
 8 0.158854 0.440046 0.158203 0.439815 0.158594 0.439120 0.158854 0.440046
 0 0.340755 0.000000 0.340755 0.002315 0.341667 0.004398 0.341927 0.004398 0.343359 0.006944 0.344661 0.011574 0.344922 0.013889 0.345964 0.018519 0.348828 0.027778 0.348828 0.029167 0.350130 0.035185 0.350130 0.036574 0.350651 0.038426 0.350911 0.040741 0.351432 0.042130 0.351953 0.045833 0.352474 0.047685 0.352995 0.051852 0.353516 0.053704 0.354036 0.057407 0.354557 0.059722 0.355339 0.061574 0.356901 0.067593 0.357422 0.068519 0.358724 0.072685 0.358724 0.074074 0.359245 0.076389 0.359766 0.080093 0.360026 0.080556 0.361068 0.084722 0.361328 0.087963 0.361849 0.090278 0.361849 0.091667 0.362630 0.095833 0.363151 0.100000 0.363672 0.101852 0.364193 0.106019 0.364193 0.108333 0.364453 0.108796 0.364453 0.111574 0.365234 0.115278 0.365234 0.117593 0.365495 0.118056 0.365495 0.121296 0.366016 0.123611 0.366016 0.126389 0.366276 0.126852 0.366276 0.139815 0.366536 0.140278 0.366276 0.142593 0.366276 0.145370 0.366016 0.145833 0.366016 0.148611 0.364453 0.154630 0.363151 0.157870 0.360417 0.162731 0.360156 0.162731 0.358333 0.165509 0.358073 0.165509 0.356771 0.167824 0.356510 0.167824 0.355339 0.169907 0.355339 0.170370 0.353385 0.173843 0.353125 0.173843 0.351823 0.176157 0.348438 0.179398 0.347135 0.179861 0.346354 0.180787 0.345573 0.180787 0.343750 0.182176 0.343229 0.182176 0.341927 0.183565 0.341406 0.183565 0.340104 0.184954 0.338802 0.185880 0.336719 0.186806 0.335417 0.187731 0.334115 0.189120 0.332292 0.190046 0.330990 0.190046 0.330729 0.190509 0.329427 0.190509 0.327344 0.191898 0.326042 0.192361 0.324740 0.192361 0.324479 0.192824 0.322917 0.192824 0.320312 0.193750 0.319010 0.194676 0.317708 0.195139 0.316406 0.195139 0.316146 0.195602 0.314844 0.195602 0.313542 0.196528 0.311198 0.197454 0.309375 0.198843 0.307552 0.199306 0.306250 0.200231 0.304427 0.200694 0.303385 0.201620 0.301302 0.202083 0.301042 0.202546 0.299740 0.202546 0.299479 0.203009 0.296354 0.203935 0.296094 0.204398 0.293750 0.205324 0.293490 0.205787 0.290365 0.207176 0.289323 0.207176 0.287760 0.208102 0.286458 0.208102 0.286198 0.208565 0.284635 0.208565 0.284375 0.209028 0.283073 0.209028 0.282813 0.209491 0.280990 0.209491 0.280729 0.209954 0.279167 0.209954 0.278906 0.210417 0.276562 0.210880 0.273958 0.212269 0.272917 0.213194 0.270833 0.214120 0.269010 0.214120 0.268750 0.214583 0.266927 0.214583 0.265365 0.215509 0.264062 0.215509 0.263802 0.215972 0.254948 0.215972 0.253385 0.215046 0.252344 0.215046 0.251302 0.214120 0.250391 0.212500 0.249609 0.210185 0.247005 0.205556 0.246224 0.202315 0.245052 0.200231 0.244531 0.199769 0.243229 0.199769 0.242969 0.199306 0.239583 0.199306 0.236458 0.197917 0.235156 0.196528 0.232943 0.193056 0.231901 0.190278 0.230339 0.187037 0.230339 0.186574 0.227474 0.180093 0.227214 0.178704 0.225911 0.175463 0.224089 0.168981 0.222526 0.166204 0.222005 0.164352 0.220052 0.160880 0.219792 0.160880 0.218359 0.158333 0.217578 0.154167 0.216797 0.151389 0.216536 0.148148 0.216016 0.146296 0.216016 0.144907 0.214974 0.140741 0.214974 0.139815 0.212891 0.131481 0.212630 0.129167 0.210026 0.119907 0.209505 0.117130 0.209505 0.115741 0.208984 0.113426 0.208203 0.111111 0.207422 0.106019 0.206380 0.102315 0.206120 0.100000 0.205599 0.097685 0.204557 0.094444 0.204557 0.093519 0.203776 0.091204 0.202995 0.086111 0.201693 0.080556 0.201172 0.074537 0.200391 0.071296 0.199349 0.068981 0.198307 0.064815 0.198047 0.061111 0.197526 0.059259 0.197266 0.056019 0.196224 0.052315 0.195703 0.048611 0.195182 0.046759 0.194922 0.043519 0.194401 0.041667 0.193880 0.037963 0.193359 0.036574 0.193099 0.034259 0.192318 0.031481 0.192057 0.029167 0.192057 0.026852 0.191797 0.026389 0.191797 0.021759 0.192057 0.021296 0.192057 0.018981 0.192578 0.016204 0.193880 0.013426 0.195182 0.008796 0.195182 0.008333 0.197135 0.004861 0.198177 0.004398 0.199870 0.002315 0.199870 0.000000
 1 0.961849 0.000000 0.961849 0.002315 0.961589 0.004167 0.961068 0.005556 0.961068 0.007870 0.960547 0.011574 0.959245 0.015278 0.958724 0.017593 0.957161 0.022685 0.956641 0.025463 0.955599 0.028704 0.955599 0.029630 0.954818 0.031944 0.954297 0.034722 0.953776 0.036111 0.952995 0.039815 0.950911 0.044907 0.950130 0.047685 0.949609 0.050463 0.949089 0.051852 0.948307 0.055093 0.947266 0.057407 0.945703 0.063426 0.945182 0.064815 0.944661 0.067593 0.943880 0.070370 0.943359 0.071296 0.942839 0.073611 0.941797 0.075926 0.941016 0.078241 0.940755 0.080093 0.939974 0.082407 0.939453 0.084722 0.938932 0.085648 0.938411 0.087963 0.938151 0.090278 0.937630 0.091667 0.936849 0.094907 0.934245 0.101852 0.933984 0.103704 0.933464 0.105093 0.932161 0.107407 0.931641 0.109259 0.931380 0.113426 0.929036 0.118519 0.928255 0.121759 0.927995 0.124074 0.926432 0.128704 0.925391 0.131019 0.924349 0.134259 0.923307 0.136574 0.922786 0.138426 0.922266 0.141667 0.920443 0.146759 0.920443 0.147685 0.919141 0.151852 0.918620 0.152778 0.917578 0.156944 0.916797 0.159259 0.915755 0.161574 0.914714 0.165278 0.914714 0.166204 0.913672 0.169907 0.912370 0.172685 0.911328 0.175463 0.910547 0.178704 0.908984 0.182407 0.908724 0.183796 0.907682 0.186111 0.906641 0.189815 0.906641 0.190741 0.905599 0.193519 0.905339 0.194907 0.904297 0.197222 0.903776 0.200000 0.902734 0.203241 0.901953 0.206481 0.900651 0.208796 0.899609 0.212037 0.899349 0.214352 0.898828 0.216204 0.897135 0.219213 0.896875 0.219213 0.893490 0.225231 0.890365 0.228472 0.888542 0.229398 0.887760 0.230324 0.885156 0.232176 0.883854 0.233565 0.880729 0.235417 0.879948 0.235417 0.878646 0.236343 0.876823 0.236806 0.875260 0.237731 0.873958 0.237731 0.873698 0.238194 0.871354 0.238194 0.871094 0.237731 0.868490 0.237731 0.868229 0.237269 0.866406 0.237269 0.866146 0.236806 0.863021 0.236806 0.862760 0.236343 0.859896 0.236343 0.859635 0.235880 0.857812 0.235880 0.857552 0.235417 0.854427 0.235417 0.854167 0.234954 0.852344 0.234954 0.852083 0.234491 0.850521 0.234491 0.850260 0.234028 0.848437 0.234028 0.848177 0.233565 0.845573 0.233565 0.845313 0.233102 0.843490 0.233102 0.843229 0.232639 0.840885 0.232639 0.840625 0.232176 0.837500 0.232176 0.837240 0.231713 0.835677 0.231713 0.835417 0.231250 0.834115 0.231250 0.833854 0.230787 0.831510 0.230787 0.831250 0.230324 0.828646 0.230324 0.828385 0.229861 0.826302 0.229861 0.826042 0.229398 0.823958 0.229398 0.823698 0.228935 0.821615 0.228935 0.821354 0.228472 0.819531 0.228472 0.819271 0.228009 0.817708 0.228009 0.817448 0.227546 0.815365 0.227546 0.815104 0.227083 0.812240 0.227083 0.811979 0.226620 0.809115 0.226620 0.808854 0.226157 0.807292 0.226157 0.807031 0.225694 0.804948 0.225694 0.804688 0.225231 0.802865 0.225231 0.802604 0.224769 0.798698 0.224769 0.798438 0.224306 0.796615 0.224306 0.796354 0.223843 0.794792 0.223843 0.794531 0.223380 0.791406 0.223380 0.791146 0.222917 0.788802 0.222917 0.788542 0.222454 0.786458 0.222454 0.786198 0.221991 0.784115 0.221991 0.783854 0.221528 0.781510 0.221528 0.781250 0.221065 0.779167 0.221065 0.778906 0.220602 0.777344 0.220602 0.777083 0.220139 0.775000 0.220139 0.774740 0.219676 0.772135 0.219676 0.771875 0.219213 0.770312 0.219213 0.770052 0.218750 0.768229 0.218750 0.767969 0.218287 0.765885 0.218287 0.765625 0.217824 0.763281 0.217824 0.763021 0.217361 0.760417 0.217361 0.760156 0.216898 0.758073 0.216898 0.757812 0.216435 0.755990 0.216435 0.755729 0.215972 0.753906 0.215972 0.753646 0.215509 0.751823 0.215509 0.751563 0.215046 0.748177 0.215046 0.747917 0.214583 0.745052 0.214583 0.744792 0.214120 0.742969 0.214120 0.742708 0.213657 0.741406 0.213657 0.741146 0.213194 0.738802 0.213194 0.738542 0.212731 0.735417 0.212731 0.733854 0.211806 0.732552 0.211806 0.732292 0.211343 0.729427 0.211343 0.729167 0.210880 0.727344 0.210880 0.727083 0.210417 0.725781 0.210417 0.725521 0.209954 0.723177 0.209954 0.722917 0.209491 0.720573 0.209491 0.718750 0.208565 0.717448 0.207176 0.716146 0.206250 0.714844 0.205787 0.711979 0.203009 0.708333 0.196528 0.707682 0.194907 0.706901 0.192130 0.706641 0.190278 0.706641 0.187037 0.706380 0.186574 0.706380 0.181481 0.706641 0.181019 0.706641 0.176852 0.706901 0.176389 0.706901 0.174074 0.707161 0.173611 0.707161 0.171296 0.707422 0.169444 0.708203 0.166204 0.708984 0.161574 0.709245 0.159259 0.709245 0.156944 0.710026 0.152778 0.710026 0.150926 0.710547 0.148148 0.710807 0.144907 0.711328 0.142593 0.711589 0.138426 0.712109 0.135648 0.712109 0.133796 0.713151 0.130093 0.713151 0.128704 0.713672 0.127315 0.713932 0.123611 0.714193 0.123148 0.714453 0.118981 0.714974 0.116667 0.714974 0.114352 0.715234 0.113889 0.715234 0.111574 0.715495 0.111111 0.716797 0.102778 0.717057 0.100463 0.717057 0.097685 0.717318 0.097222 0.717318 0.094444 0.717578 0.093981 0.717578 0.091667 0.718099 0.087500 0.718880 0.084259 0.719141 0.080556 0.719401 0.080093 0.719922 0.073611 0.720443 0.071759 0.720443 0.070370 0.720964 0.068519 0.720964 0.066667 0.721745 0.062500 0.721745 0.060648 0.722526 0.056481 0.722786 0.052315 0.723047 0.051852 0.723307 0.048611 0.723828 0.046296 0.724089 0.043981 0.724870 0.039815 0.724870 0.038426 0.725391 0.036574 0.725651 0.033333 0.725911 0.032870 0.725911 0.030556 0.726432 0.027778 0.726432 0.025463 0.726693 0.023148 0.727474 0.018981 0.727734 0.015278 0.728516 0.012037 0.728776 0.009722 0.729818 0.006019 0.730339 0.005093 0.731120 0.002315 0.731120 0.000000
 4 0.457031 0.368750 0.454427 0.368750 0.453385 0.367361 0.452604 0.366898 0.451302 0.365046 0.447396 0.365046 0.445052 0.366898 0.442708 0.367361 0.441406 0.366898 0.440104 0.365972 0.434635 0.365972 0.434375 0.366435 0.430990 0.367361 0.428125 0.365972 0.423438 0.365972 0.420573 0.364583 0.419010 0.364583 0.418750 0.364120 0.414062 0.364120 0.413802 0.364583 0.411719 0.364583 0.411458 0.365046 0.409896 0.365046 0.409635 0.365509 0.408333 0.365509 0.405208 0.367361 0.399740 0.367361 0.397135 0.365972 0.395573 0.364583 0.394141 0.361111 0.393620 0.358333 0.393620 0.356019 0.393359 0.355556 0.393359 0.351852 0.393099 0.351389 0.393099 0.348611 0.393359 0.348148 0.393359 0.343519 0.393620 0.343056 0.394141 0.338426 0.395313 0.335417 0.396615 0.334491 0.398438 0.334491 0.398698 0.334028 0.403646 0.334028 0.403906 0.334491 0.406771 0.335417 0.407813 0.336806 0.411719 0.336806 0.411979 0.336343 0.420312 0.336343 0.420573 0.335880 0.422917 0.335880 0.423177 0.335417 0.424740 0.335417 0.425000 0.335880 0.428125 0.335880 0.428385 0.336343 0.429948 0.336343 0.430208 0.336806 0.432812 0.336806 0.433073 0.337269 0.435156 0.337269 0.436979 0.339120 0.439323 0.340972 0.440625 0.341435 0.442448 0.341435 0.442708 0.341898 0.445833 0.341898 0.446094 0.341435 0.448698 0.341435 0.448958 0.340972 0.450781 0.340972 0.451042 0.340509 0.453646 0.340509 0.453906 0.340046 0.456510 0.340046 0.456771 0.340509 0.463802 0.340509 0.464062 0.340972 0.466927 0.340972 0.469792 0.342361 0.471094 0.342361 0.472396 0.342824 0.474479 0.344213 0.478646 0.344213 0.480469 0.345602 0.480990 0.345602 0.482812 0.346991 0.483724 0.349537 0.482943 0.353704 0.482292 0.354861 0.479687 0.356713 0.478385 0.357176 0.476823 0.357176 0.476562 0.357639 0.475260 0.357639 0.475000 0.358102 0.473438 0.358102 0.473177 0.358565 0.471094 0.358565 0.470833 0.359028 0.469271 0.359028 0.468490 0.359491 0.467318 0.361574 0.467318 0.362500 0.466536 0.365278 0.465365 0.366435 0.462240 0.367824 0.459635 0.367824 0.459375 0.368287 0.457292 0.368287 0.457031 0.368750
 3 0.448958 0.341435 0.439063 0.341435 0.438542 0.340972 0.437370 0.338889 0.436589 0.335648 0.436589 0.330556 0.437109 0.328704 0.440104 0.323380 0.441146 0.322917 0.442708 0.321528 0.445052 0.321528 0.445312 0.321065 0.447917 0.321065 0.448177 0.321528 0.449479 0.321528 0.451302 0.322917 0.452995 0.326852 0.453776 0.329630 0.453776 0.331944 0.454036 0.332407 0.454036 0.337963 0.452865 0.340046 0.451562 0.340972 0.449219 0.340972 0.448958 0.341435
 4 0.505469 0.465509 0.501563 0.465509 0.500260 0.464120 0.498437 0.462731 0.497656 0.461806 0.495703 0.458333 0.494401 0.452778 0.494401 0.450463 0.493880 0.445833 0.493359 0.443519 0.493359 0.436111 0.493880 0.433796 0.494922 0.431481 0.497656 0.426620 0.498958 0.425694 0.501042 0.424769 0.502083 0.423843 0.503906 0.423843 0.504167 0.423380 0.506250 0.423380 0.507552 0.424306 0.509635 0.424769 0.511458 0.426157 0.512891 0.428704 0.513932 0.431481 0.514714 0.434722 0.514714 0.438889 0.514974 0.439352 0.514974 0.443056 0.515234 0.443519 0.515234 0.446296 0.515495 0.448611 0.514974 0.453241 0.514193 0.456481 0.512240 0.459954 0.511979 0.459954 0.510677 0.462269 0.509375 0.463657 0.508073 0.464120 0.506771 0.465046 0.505469 0.465509
 4 0.537500 0.534491 0.532292 0.534491 0.532031 0.534028 0.530469 0.534028 0.528385 0.532639 0.527344 0.531250 0.525391 0.527778 0.524089 0.523611 0.523828 0.521759 0.523828 0.519444 0.523568 0.518981 0.523568 0.515741 0.523307 0.515278 0.523307 0.503241 0.523568 0.501852 0.526432 0.494444 0.527604 0.492361 0.528906 0.490972 0.529427 0.490972 0.531250 0.489583 0.532292 0.489120 0.535937 0.489120 0.536198 0.489583 0.538021 0.489583 0.538281 0.490046 0.539583 0.490046 0.540625 0.490509 0.542188 0.491898 0.543880 0.494907 0.545964 0.500926 0.546484 0.503704 0.546484 0.506019 0.546745 0.506481 0.546745 0.509259 0.547005 0.509722 0.547005 0.518519 0.546224 0.523611 0.545443 0.526389 0.543490 0.529861 0.542188 0.531250 0.540625 0.532176 0.537500 0.534491
 3 0.544271 0.492361 0.540885 0.492361 0.539062 0.490972 0.538021 0.490509 0.534896 0.490509 0.534635 0.490046 0.533073 0.490046 0.529948 0.491898 0.527083 0.491898 0.526042 0.490972 0.525651 0.489815 0.525651 0.488426 0.524870 0.485185 0.524609 0.483333 0.524609 0.478704 0.524870 0.478241 0.524870 0.475463 0.525651 0.472222 0.526693 0.469907 0.528906 0.465972 0.530729 0.464583 0.533073 0.463657 0.537500 0.463657 0.538802 0.464583 0.540365 0.465046 0.542448 0.466898 0.543880 0.469444 0.545182 0.473611 0.545443 0.475463 0.545443 0.478241 0.545703 0.478704 0.545703 0.485185 0.545443 0.487037 0.544271 0.492361
 3 0.477865 0.470139 0.473698 0.470139 0.472396 0.469213 0.470313 0.468287 0.468620 0.465278 0.467318 0.461111 0.467057 0.458796 0.466276 0.455093 0.466276 0.448611 0.466536 0.446759 0.467318 0.443981 0.469792 0.438657 0.471615 0.436806 0.472917 0.436343 0.474219 0.435417 0.479427 0.435417 0.480469 0.435880 0.482292 0.437269 0.483073 0.438194 0.485026 0.442593 0.485807 0.445370 0.486068 0.447222 0.486068 0.450000 0.486328 0.450463 0.486328 0.456481 0.485286 0.462037 0.484766 0.463426 0.482552 0.467361 0.479167 0.469676 0.477865 0.470139
 6 0.483854 0.649306 0.480729 0.649306 0.480469 0.648843 0.471094 0.648843 0.470833 0.648380 0.466667 0.648380 0.466406 0.647917 0.464323 0.647917 0.464062 0.648380 0.447656 0.648380 0.447396 0.647917 0.445833 0.647917 0.444792 0.647454 0.442969 0.646065 0.441536 0.643519 0.440755 0.641204 0.440234 0.638889 0.439714 0.637963 0.438411 0.633333 0.438411 0.632407 0.437370 0.628704 0.437370 0.627778 0.436328 0.624074 0.435807 0.623148 0.435026 0.620370 0.434505 0.617593 0.433203 0.613426 0.433203 0.612500 0.432422 0.609259 0.431901 0.608333 0.430859 0.603704 0.430599 0.601389 0.429557 0.596296 0.428776 0.593981 0.428516 0.591667 0.427995 0.589352 0.426953 0.586111 0.426693 0.583333 0.426432 0.582870 0.426172 0.579630 0.425391 0.576389 0.425391 0.575000 0.424349 0.569444 0.423307 0.566204 0.423047 0.564815 0.422005 0.562037 0.421224 0.560648 0.420443 0.558333 0.420182 0.556019 0.420182 0.548148 0.420443 0.547685 0.420443 0.543981 0.420703 0.543519 0.420703 0.541204 0.420964 0.540741 0.420964 0.538426 0.421224 0.537963 0.421224 0.535648 0.421484 0.533333 0.422005 0.531019 0.422005 0.529167 0.422526 0.526389 0.422526 0.524537 0.423047 0.522222 0.423047 0.520833 0.423568 0.518981 0.423568 0.517130 0.424609 0.511111 0.424609 0.509259 0.425130 0.506944 0.425391 0.502778 0.425651 0.502315 0.425651 0.500000 0.425911 0.499537 0.425911 0.497222 0.426172 0.496759 0.426172 0.494444 0.426432 0.492130 0.426953 0.490278 0.427214 0.487963 0.427214 0.485185 0.427474 0.484722 0.427474 0.482407 0.428255 0.479630 0.428776 0.475926 0.428776 0.471759 0.429036 0.471296 0.429036 0.468519 0.429818 0.464352 0.430339 0.457870 0.430859 0.455556 0.430859 0.454167 0.431641 0.449537 0.432161 0.447685 0.432161 0.446296 0.432943 0.443056 0.434115 0.440972 0.435937 0.439120 0.438021 0.438194 0.441927 0.438194 0.442188 0.437731 0.457552 0.437731 0.457813 0.437269 0.459635 0.437269 0.459896 0.436806 0.465104 0.436806 0.465365 0.437269 0.466927 0.437269 0.467969 0.438194 0.468620 0.439352 0.468620 0.441667 0.467318 0.444444 0.466536 0.447222 0.466276 0.449074 0.466276 0.455556 0.467057 0.458796 0.467318 0.462037 0.468359 0.465741 0.469792 0.468287 0.471094 0.469676 0.471615 0.469676 0.473698 0.471065 0.475000 0.471528 0.479167 0.471528 0.479948 0.471065 0.482292 0.468750 0.484245 0.465741 0.485026 0.463889 0.485807 0.461111 0.486068 0.456944 0.486328 0.456481 0.486328 0.449537 0.486068 0.449074 0.486068 0.446759 0.485547 0.443981 0.484766 0.441667 0.484505 0.439352 0.484766 0.437500 0.485677 0.435417 0.486198 0.434954 0.490885 0.434954 0.491406 0.435417 0.492578 0.437963 0.492578 0.440278 0.492839 0.440741 0.492839 0.443981 0.493099 0.444444 0.493099 0.447222 0.493620 0.449537 0.493620 0.450926 0.494141 0.452778 0.494141 0.454167 0.494661 0.456481 0.495443 0.458796 0.498437 0.464120 0.501302 0.466898 0.502344 0.467361 0.504427 0.467361 0.504687 0.467824 0.506250 0.467824 0.507292 0.467361 0.510938 0.464583 0.512240 0.462269 0.512500 0.462269 0.513932 0.459259 0.514974 0.456019 0.515495 0.453704 0.515495 0.451852 0.516016 0.449074 0.516016 0.445370 0.515755 0.444907 0.515755 0.437500 0.516016 0.435648 0.516667 0.434028 0.517969 0.433102 0.519792 0.433102 0.520052 0.432639 0.523698 0.432639 0.523958 0.432176 0.527083 0.432176 0.527344 0.432639 0.529167 0.432639 0.529427 0.432176 0.530990 0.432176 0.531250 0.431713 0.532813 0.431713 0.533073 0.431250 0.541667 0.431250 0.541927 0.430787 0.549740 0.430787 0.552344 0.432176 0.553646 0.433565 0.554818 0.435648 0.555339 0.437037 0.555859 0.439815 0.555859 0.443056 0.555599 0.443519 0.555599 0.445833 0.555339 0.446296 0.555339 0.449074 0.555599 0.449537 0.555599 0.452778 0.555859 0.453241 0.555859 0.475463 0.556120 0.475926 0.556120 0.487500 0.556380 0.487963 0.556380 0.502315 0.556641 0.502778 0.556641 0.507870 0.556901 0.508333 0.556901 0.516204 0.557161 0.516667 0.557161 0.529167 0.557422 0.529630 0.557422 0.555556 0.557682 0.556019 0.557682 0.567593 0.557943 0.568056 0.557943 0.578241 0.558203 0.578704 0.558203 0.583796 0.557943 0.586111 0.558203 0.586574 0.558203 0.590278 0.558464 0.590741 0.558464 0.618981 0.558724 0.619444 0.558724 0.623611 0.558464 0.624074 0.558464 0.631019 0.558724 0.631481 0.558724 0.636574 0.558464 0.637037 0.558464 0.639815 0.558203 0.641667 0.557031 0.644213 0.553906 0.645602 0.552604 0.646528 0.549219 0.646528 0.548958 0.646991 0.545573 0.646991 0.545312 0.647454 0.538021 0.647454 0.537760 0.647917 0.530469 0.647917 0.530208 0.648380 0.527865 0.648380 0.527604 0.647917 0.522135 0.647917 0.521875 0.648380 0.520052 0.648380 0.519792 0.647917 0.514583 0.647917 0.514323 0.647454 0.507812 0.647454 0.507552 0.647917 0.492188 0.647917 0.491927 0.648380 0.486719 0.648380 0.486458 0.648843 0.484115 0.648843 0.483854 0.649306
 6 0.537630 0.534722 0.538542 0.534491 0.541146 0.532639 0.541667 0.531713 0.543750 0.529861 0.545443 0.526852 0.545964 0.525463 0.546745 0.520833 0.546745 0.518519 0.547005 0.518056 0.547005 0.508796 0.546745 0.508333 0.546745 0.503704 0.545443 0.497222 0.545443 0.493056 0.545703 0.492593 0.545703 0.489352 0.545964 0.488889 0.545964 0.485185 0.546224 0.484722 0.546224 0.480556 0.545964 0.480093 0.545964 0.476389 0.545703 0.474537 0.544922 0.471296 0.542708 0.467361 0.540365 0.465046 0.537500 0.463657 0.531510 0.463657 0.529687 0.464583 0.528516 0.466667 0.527474 0.469444 0.525391 0.473148 0.524609 0.476389 0.524609 0.485185 0.525391 0.489352 0.525391 0.496296 0.524349 0.498611 0.523307 0.502778 0.523307 0.505556 0.523047 0.506019 0.523047 0.513889 0.523307 0.514352 0.523307 0.518519 0.523828 0.522685 0.524609 0.525926 0.525130 0.527315 0.527083 0.530787 0.528385 0.532639 0.529948 0.534028 0.531250 0.534491 0.532813 0.534491 0.533073 0.534954 0.537500 0.534954 0.537630 0.534722
 6 0.539714 0.615741 0.540885 0.615046 0.541536 0.613889 0.543620 0.606481 0.545182 0.603241 0.545964 0.599537 0.545964 0.597222 0.545703 0.596759 0.545703 0.591667 0.544531 0.589120 0.543229 0.588657 0.541667 0.588657 0.541406 0.588194 0.538281 0.588194 0.537240 0.588657 0.536979 0.588194 0.534896 0.588194 0.534635 0.587731 0.532552 0.587731 0.531510 0.588657 0.530599 0.591667 0.530599 0.594907 0.530859 0.596759 0.531641 0.599537 0.532682 0.604630 0.535547 0.612500 0.536068 0.614815 0.536979 0.615972 0.539583 0.615972 0.539714 0.615741
 7 0.271094 0.600231 0.265885 0.600231 0.265625 0.599769 0.258854 0.599769 0.258594 0.600231 0.254427 0.600231 0.254167 0.599769 0.252865 0.599769 0.251563 0.598843 0.250391 0.596759 0.249609 0.594444 0.249609 0.593519 0.248568 0.590278 0.248307 0.588889 0.246745 0.585185 0.246745 0.584722 0.245052 0.581713 0.244792 0.581713 0.243099 0.578704 0.242578 0.576852 0.241667 0.575231 0.240625 0.574306 0.239453 0.571759 0.238932 0.568981 0.236328 0.564352 0.235807 0.562963 0.234245 0.556944 0.233073 0.554861 0.232813 0.554861 0.229427 0.551620 0.228125 0.550694 0.226823 0.548380 0.225260 0.546528 0.223568 0.543519 0.223568 0.543056 0.219661 0.536111 0.218880 0.533333 0.217839 0.530556 0.216667 0.528472 0.215625 0.527546 0.214844 0.526157 0.213802 0.525231 0.212370 0.522222 0.211328 0.517593 0.211589 0.515741 0.213672 0.508333 0.214193 0.506019 0.214974 0.503704 0.215755 0.500463 0.218359 0.491204 0.219401 0.488889 0.220182 0.485648 0.221745 0.481019 0.222005 0.479630 0.223047 0.477315 0.223568 0.475000 0.224609 0.472222 0.225651 0.468519 0.226693 0.466204 0.227474 0.463889 0.227995 0.461574 0.229036 0.458796 0.229818 0.457407 0.231641 0.450926 0.232943 0.448611 0.233464 0.447222 0.235547 0.439815 0.236589 0.437500 0.237630 0.433333 0.238411 0.431944 0.239193 0.429630 0.239453 0.427778 0.242318 0.418981 0.243099 0.417593 0.243359 0.416204 0.244792 0.413194 0.248438 0.409954 0.251302 0.409954 0.251563 0.409491 0.255990 0.409491 0.256250 0.409028 0.262240 0.409028 0.262500 0.408565 0.274479 0.408565 0.274740 0.408102 0.286458 0.408102 0.286719 0.407639 0.291406 0.407639 0.291667 0.407176 0.295052 0.407176 0.295312 0.406713 0.299479 0.406713 0.299740 0.406250 0.304427 0.406250 0.304688 0.405787 0.318229 0.405787 0.318490 0.405324 0.322917 0.405324 0.323177 0.404861 0.327344 0.404861 0.327604 0.404398 0.337760 0.404398 0.338021 0.403935 0.354167 0.403935 0.355729 0.404861 0.357161 0.406944 0.358724 0.413889 0.359766 0.417593 0.360807 0.419907 0.361849 0.424074 0.362630 0.426389 0.363151 0.429630 0.364453 0.432870 0.364714 0.434259 0.366016 0.438889 0.366536 0.440278 0.367057 0.443981 0.367578 0.445833 0.368620 0.447685 0.368880 0.449537 0.369661 0.451852 0.370443 0.456019 0.371484 0.459722 0.372526 0.462037 0.372786 0.464352 0.373568 0.466667 0.374609 0.472685 0.376693 0.476852 0.377474 0.480093 0.378255 0.482407 0.379297 0.484722 0.379557 0.486111 0.380339 0.487500 0.381120 0.489815 0.381120 0.492130 0.380859 0.492593 0.380859 0.495833 0.380078 0.499537 0.379557 0.504630 0.379297 0.505093 0.378776 0.509259 0.378255 0.511111 0.378255 0.512500 0.377734 0.515278 0.376432 0.519444 0.375911 0.520370 0.375651 0.522222 0.375130 0.523611 0.374870 0.526389 0.374349 0.528241 0.373828 0.532407 0.373828 0.535185 0.373568 0.535648 0.373568 0.537963 0.373047 0.539815 0.372526 0.544907 0.372266 0.545370 0.371745 0.549537 0.370703 0.554630 0.370182 0.556019 0.369661 0.559722 0.368880 0.562963 0.368880 0.564352 0.368099 0.568519 0.367578 0.574074 0.367318 0.574537 0.367318 0.576852 0.366276 0.581944 0.365755 0.585648 0.365234 0.587963 0.364714 0.588889 0.363151 0.594444 0.361719 0.596991 0.358594 0.598843 0.357292 0.599306 0.355990 0.598843 0.329427 0.598843 0.329167 0.599306 0.318229 0.599306 0.317969 0.599769 0.311719 0.599769 0.311458 0.599306 0.303125 0.599306 0.302865 0.599769 0.271354 0.599769 0.271094 0.600231
 7 0.362630 0.484259 0.364844 0.484028 0.365625 0.483565 0.366536 0.481481 0.366536 0.476389 0.365755 0.473611 0.364583 0.471528 0.361719 0.471528 0.360547 0.475463 0.360547 0.479630 0.360286 0.480093 0.360286 0.482407 0.360938 0.484028 0.361719 0.484491 0.362630 0.484259
 7 0.252734 0.573611 0.254688 0.572917 0.255990 0.571528 0.257682 0.568519 0.259766 0.561574 0.260807 0.559722 0.261068 0.557870 0.260286 0.555093 0.259375 0.553472 0.257812 0.552546 0.247396 0.552546 0.246354 0.553009 0.244661 0.555093 0.244141 0.556481 0.243880 0.558333 0.244141 0.559722 0.247917 0.566435 0.248177 0.566435 0.250130 0.569907 0.251172 0.572685 0.252734 0.573611
 7 0.276693 0.552778 0.275260 0.552546 0.275260 0.553009 0.276693 0.552778
 2 0.351302 0.625231 0.314323 0.625231 0.313802 0.624769 0.313151 0.623148 0.312109 0.617593 0.310677 0.614583 0.309115 0.613194 0.307292 0.612731 0.307031 0.612269 0.304167 0.612269 0.303906 0.612731 0.296875 0.612731 0.296615 0.612269 0.284635 0.612269 0.284375 0.611806 0.268490 0.611806 0.268229 0.611343 0.261198 0.611343 0.260937 0.610880 0.258073 0.610880 0.257812 0.611343 0.252344 0.611343 0.251042 0.610880 0.248698 0.609028 0.247786 0.607407 0.247266 0.603241 0.246745 0.601389 0.246745 0.599074 0.247396 0.596528 0.248438 0.596528 0.249479 0.598843 0.251042 0.600231 0.252344 0.600694 0.254688 0.600694 0.254948 0.601157 0.257812 0.601157 0.258073 0.601620 0.261198 0.601620 0.261458 0.601157 0.276823 0.601157 0.277083 0.600694 0.303385 0.600694 0.303646 0.600231 0.321094 0.600231 0.321354 0.599769 0.323437 0.599769 0.323698 0.600231 0.343490 0.600231 0.343750 0.599769 0.347135 0.599769 0.347396 0.600231 0.350781 0.600231 0.351042 0.599769 0.358333 0.599769 0.359635 0.599306 0.361458 0.597917 0.363672 0.593981 0.364453 0.590741 0.364974 0.589352 0.365495 0.586574 0.365495 0.585185 0.366016 0.583333 0.366536 0.579630 0.366797 0.576389 0.367318 0.574537 0.367318 0.573148 0.367839 0.571296 0.367839 0.569907 0.368880 0.565278 0.369141 0.561111 0.369661 0.558796 0.369661 0.557407 0.370182 0.556019 0.370703 0.552315 0.371224 0.550926 0.371745 0.547222 0.372266 0.545370 0.372786 0.540278 0.373307 0.538426 0.373307 0.537037 0.373828 0.535185 0.374089 0.531944 0.374609 0.530093 0.374870 0.527778 0.375391 0.526389 0.375651 0.524074 0.376172 0.522222 0.376172 0.520833 0.377474 0.513889 0.377995 0.511574 0.378255 0.508333 0.378516 0.507870 0.379297 0.503704 0.379297 0.502778 0.380339 0.497685 0.380339 0.493981 0.380078 0.493519 0.380078 0.487037 0.380990 0.485417 0.382812 0.486806 0.384245 0.488889 0.384505 0.490278 0.385286 0.491667 0.385547 0.493056 0.386849 0.495833 0.387630 0.499537 0.388411 0.502315 0.388411 0.503704 0.388932 0.505556 0.389714 0.509722 0.389714 0.512963 0.389453 0.515278 0.388932 0.517593 0.388672 0.520833 0.388151 0.522685 0.387891 0.525926 0.387370 0.527778 0.387370 0.529167 0.386328 0.534722 0.385286 0.539352 0.385286 0.540741 0.384766 0.543056 0.384245 0.548611 0.383724 0.550463 0.383724 0.551852 0.383203 0.553704 0.383203 0.555093 0.382682 0.556944 0.382682 0.558333 0.382161 0.560185 0.381641 0.565278 0.381120 0.567593 0.381120 0.569444 0.380339 0.573148 0.380078 0.576389 0.379818 0.576852 0.379557 0.580093 0.378255 0.586111 0.377995 0.589352 0.377734 0.589815 0.377474 0.593519 0.376432 0.598148 0.376432 0.599537 0.375651 0.603704 0.375391 0.604167 0.374609 0.610185 0.373828 0.614815 0.373047 0.617130 0.371615 0.619676 0.370573 0.621065 0.369792 0.621528 0.368229 0.623380 0.365625 0.624769 0.351562 0.624769 0.351302 0.625231
 5 0.069531 0.592361 0.067448 0.591898 0.065625 0.590046 0.063932 0.587037 0.063932 0.586574 0.061198 0.581713 0.059635 0.579861 0.057031 0.577546 0.055208 0.574769 0.053385 0.572917 0.052214 0.570833 0.051172 0.567130 0.051172 0.564352 0.052474 0.559259 0.054167 0.556250 0.057031 0.552546 0.058333 0.551620 0.058854 0.550694 0.061719 0.549306 0.065625 0.549306 0.068229 0.551157 0.070312 0.554861 0.071094 0.555324 0.073698 0.558102 0.074740 0.559954 0.076563 0.561806 0.077344 0.563194 0.080729 0.565972 0.082552 0.566898 0.083333 0.567824 0.084766 0.570370 0.085026 0.571296 0.085026 0.574537 0.083984 0.577315 0.081250 0.582176 0.080990 0.582176 0.079167 0.585417 0.077604 0.587269 0.073438 0.590972 0.071875 0.591898 0.069792 0.591898 0.069531 0.592361
 7 0.139323 0.707639 0.137760 0.707176 0.137240 0.706250 0.135417 0.704861 0.134635 0.703935 0.132812 0.700694 0.132031 0.699769 0.129948 0.698380 0.128385 0.696065 0.125521 0.692824 0.123958 0.691898 0.122135 0.690046 0.120573 0.687269 0.118229 0.684954 0.116146 0.681250 0.112760 0.678009 0.111719 0.677546 0.108854 0.672454 0.106771 0.671065 0.105729 0.669676 0.104427 0.667361 0.102865 0.665972 0.102344 0.665046 0.099479 0.662731 0.097917 0.659954 0.094271 0.656713 0.093490 0.655324 0.091927 0.653472 0.090104 0.652083 0.088802 0.650694 0.085677 0.646065 0.082812 0.643287 0.082031 0.641898 0.081250 0.641435 0.079687 0.639583 0.078125 0.637269 0.073958 0.633565 0.072917 0.632176 0.069531 0.626157 0.066927 0.623380 0.065365 0.620602 0.064062 0.619213 0.060417 0.612731 0.057552 0.609491 0.056771 0.609028 0.055729 0.607639 0.054167 0.604861 0.052344 0.603009 0.049740 0.598380 0.048177 0.596991 0.047396 0.595602 0.044792 0.592824 0.043229 0.590046 0.041146 0.587731 0.039714 0.585185 0.039714 0.584722 0.038281 0.582176 0.038021 0.582176 0.036849 0.580093 0.036328 0.577315 0.036328 0.573148 0.036589 0.572222 0.038802 0.569213 0.039062 0.569213 0.041146 0.565509 0.042969 0.564120 0.045312 0.560880 0.046094 0.560417 0.047266 0.558333 0.047266 0.557870 0.049219 0.554398 0.050260 0.553935 0.052083 0.552083 0.053906 0.551620 0.055469 0.550694 0.056901 0.548611 0.056901 0.545833 0.058073 0.545602 0.057161 0.547222 0.057161 0.550926 0.055729 0.553935 0.054557 0.555556 0.054297 0.558333 0.054036 0.558796 0.054036 0.561111 0.053776 0.562500 0.052734 0.564815 0.052734 0.566204 0.053385 0.567361 0.054297 0.569907 0.054557 0.572222 0.056771 0.576157 0.058594 0.577546 0.059375 0.577546 0.061198 0.578935 0.062630 0.581944 0.064714 0.588426 0.065365 0.589583 0.067708 0.591435 0.071615 0.591435 0.072656 0.590972 0.075521 0.588657 0.076563 0.588194 0.077865 0.585880 0.078125 0.585880 0.079687 0.583565 0.080469 0.583102 0.081510 0.581713 0.083203 0.578241 0.084505 0.574074 0.084505 0.571759 0.083984 0.570370 0.082812 0.568287 0.080469 0.565972 0.079167 0.565509 0.077865 0.564583 0.076823 0.563194 0.076042 0.562731 0.073698 0.559491 0.072135 0.557639 0.070573 0.556250 0.067448 0.550694 0.066406 0.550231 0.064844 0.548843 0.063021 0.548380 0.060026 0.545833 0.060547 0.543981 0.061589 0.542130 0.062370 0.538889 0.063542 0.536806 0.066146 0.534954 0.067187 0.533565 0.069010 0.530324 0.069792 0.529861 0.071354 0.528009 0.073177 0.525231 0.074219 0.524306 0.075000 0.522917 0.076563 0.521528 0.077604 0.521065 0.078385 0.520139 0.079687 0.517824 0.080729 0.516435 0.081510 0.515972 0.082812 0.514120 0.083854 0.513194 0.085417 0.510417 0.086719 0.508565 0.088281 0.507639 0.090104 0.505787 0.091667 0.502546 0.095312 0.498843 0.096354 0.496991 0.097135 0.496528 0.097917 0.495139 0.101302 0.491898 0.103385 0.488194 0.105469 0.486343 0.107292 0.483102 0.110156 0.479861 0.112500 0.478009 0.114844 0.473843 0.116667 0.471991 0.118490 0.468750 0.119271 0.467824 0.121094 0.466435 0.122656 0.464120 0.124740 0.461806 0.126302 0.459028 0.127344 0.457639 0.128125 0.457176 0.130469 0.453472 0.131771 0.452546 0.133333 0.450231 0.135156 0.447917 0.137240 0.446065 0.138021 0.444676 0.139063 0.443750 0.141667 0.439120 0.144010 0.437269 0.146094 0.433565 0.146875 0.432639 0.150000 0.431713 0.150260 0.431250 0.151302 0.431713 0.153125 0.431713 0.154948 0.433102 0.156250 0.434954 0.158594 0.436806 0.160677 0.437731 0.161979 0.438657 0.163281 0.440046 0.164583 0.442361 0.167708 0.445139 0.170573 0.448380 0.174740 0.452083 0.175260 0.453009 0.179167 0.457639 0.180729 0.459028 0.182552 0.459954 0.183594 0.461343 0.184375 0.461806 0.186719 0.465046 0.189323 0.467361 0.189844 0.467361 0.190625 0.468750 0.191927 0.470139 0.194271 0.471991 0.194792 0.472917 0.196354 0.474306 0.198047 0.477315 0.198047 0.477778 0.200000 0.481250 0.200260 0.481250 0.201693 0.483796 0.201953 0.485185 0.203516 0.489352 0.204818 0.491667 0.205599 0.493519 0.205990 0.493750 0.207552 0.496528 0.207813 0.496528 0.211068 0.502315 0.211589 0.504167 0.211589 0.508333 0.211328 0.510648 0.210286 0.514352 0.209766 0.515278 0.209245 0.517593 0.209505 0.518981 0.209505 0.521296 0.210286 0.524537 0.212240 0.528009 0.212500 0.528009 0.216536 0.535185 0.217057 0.536574 0.217839 0.539815 0.220052 0.543750 0.220312 0.543750 0.221484 0.545833 0.221484 0.546296 0.223177 0.549306 0.223958 0.549769 0.225130 0.551389 0.225130 0.551852 0.227083 0.555324 0.228125 0.556250 0.230208 0.557176 0.231250 0.558102 0.232422 0.560185 0.232943 0.562500 0.233724 0.564815 0.233984 0.567130 0.234766 0.569444 0.236328 0.572222 0.236068 0.574537 0.235026 0.576389 0.234505 0.578241 0.233464 0.580556 0.232422 0.583796 0.232161 0.585185 0.230729 0.588194 0.230469 0.588194 0.228906 0.590972 0.228646 0.590972 0.224740 0.597917 0.224479 0.597917 0.223047 0.600463 0.223047 0.600926 0.221094 0.604861 0.220052 0.606250 0.218490 0.606713 0.218229 0.607176 0.216667 0.607176 0.216406 0.607639 0.210938 0.607639 0.210677 0.607176 0.205990 0.607176 0.205729 0.607639 0.203906 0.607639 0.203646 0.607176 0.190104 0.607176 0.188802 0.607639 0.188542 0.607176 0.183854 0.607176 0.183594 0.607639 0.181771 0.607639 0.181510 0.608102 0.179167 0.608565 0.177604 0.609491 0.176302 0.610880 0.174870 0.613426 0.174349 0.615278 0.172266 0.618981 0.171484 0.621296 0.170443 0.625926 0.170443 0.627315 0.169661 0.630093 0.169661 0.631019 0.168880 0.632870 0.168620 0.634259 0.165495 0.639815 0.164714 0.641667 0.163932 0.644444 0.163411 0.647222 0.162630 0.650000 0.161849 0.651852 0.160286 0.654630 0.159505 0.657870 0.158984 0.659259 0.158464 0.662500 0.157292 0.664583 0.156120 0.666204 0.155339 0.668981 0.154818 0.672685 0.154297 0.673611 0.153516 0.676852 0.152474 0.679167 0.151693 0.681481 0.151172 0.683796 0.150391 0.686111 0.149349 0.688426 0.149089 0.689815 0.147005 0.693519 0.145964 0.696296 0.144661 0.698611 0.143099 0.704167 0.141927 0.706250 0.140365 0.706713 0.139323 0.707639
 2 0.319010 0.873843 0.312500 0.873843 0.312240 0.873380 0.309896 0.873380 0.309635 0.873843 0.304688 0.873843 0.304427 0.873380 0.300521 0.873380 0.300260 0.872917 0.292448 0.872917 0.292187 0.872454 0.284375 0.872454 0.284115 0.871991 0.275781 0.871991 0.275521 0.871528 0.266146 0.871528 0.265885 0.871065 0.260156 0.871065 0.259896 0.870602 0.254948 0.870602 0.254688 0.870139 0.250000 0.870139 0.249740 0.869676 0.245052 0.869676 0.244792 0.869213 0.238281 0.869213 0.238021 0.868750 0.230729 0.868750 0.230469 0.868287 0.224740 0.868287 0.224479 0.867824 0.218750 0.867824 0.218490 0.867361 0.212240 0.867361 0.211979 0.866898 0.200781 0.866898 0.200521 0.866435 0.196354 0.866435 0.196094 0.865972 0.194010 0.865509 0.191667 0.863657 0.191146 0.862731 0.186979 0.859491 0.186198 0.858565 0.183854 0.856713 0.183073 0.855787 0.181250 0.854861 0.180208 0.853472 0.178255 0.850000 0.177734 0.846759 0.176953 0.844444 0.176953 0.840741 0.177214 0.840278 0.177474 0.837037 0.178125 0.834491 0.179297 0.836574 0.180339 0.839352 0.180599 0.840741 0.181510 0.842824 0.182552 0.843750 0.184375 0.844213 0.184635 0.844676 0.186979 0.844676 0.187240 0.845139 0.195312 0.845139 0.195573 0.845602 0.210938 0.845602 0.211198 0.846065 0.218750 0.846065 0.219010 0.846528 0.223438 0.846528 0.223698 0.846991 0.227865 0.846991 0.228125 0.847454 0.237240 0.847454 0.237500 0.847917 0.241927 0.847917 0.242188 0.848380 0.247396 0.848380 0.247656 0.848843 0.254948 0.848843 0.255208 0.849306 0.261458 0.849306 0.261719 0.849769 0.270052 0.849769 0.270313 0.850231 0.275000 0.850231 0.275260 0.850694 0.285156 0.850694 0.285417 0.851157 0.288281 0.851157 0.288542 0.851620 0.291927 0.851620 0.292187 0.852083 0.296354 0.852083 0.296615 0.852546 0.303906 0.852546 0.304167 0.853009 0.311979 0.853009 0.313281 0.852546 0.314323 0.851620 0.317839 0.845370 0.318880 0.842130 0.319141 0.839815 0.319661 0.838426 0.320182 0.834722 0.321224 0.830556 0.321484 0.828241 0.322005 0.826852 0.322786 0.820833 0.323307 0.818981 0.323568 0.815741 0.324609 0.811111 0.325391 0.805093 0.326172 0.802315 0.326172 0.800926 0.326693 0.799537 0.326693 0.798148 0.327214 0.796296 0.328516 0.787963 0.328776 0.785648 0.329818 0.781944 0.331641 0.771759 0.331901 0.769444 0.332682 0.765278 0.334245 0.758333 0.334245 0.756944 0.334766 0.755093 0.335026 0.751852 0.336068 0.746759 0.336589 0.745370 0.336849 0.743056 0.337370 0.741667 0.337891 0.738889 0.337891 0.737500 0.338672 0.732870 0.339453 0.730093 0.339453 0.729167 0.340234 0.725000 0.340755 0.723148 0.340755 0.721759 0.341276 0.720370 0.341797 0.716667 0.342318 0.715278 0.342578 0.712500 0.342839 0.712037 0.343099 0.708796 0.343880 0.705556 0.344401 0.701389 0.345182 0.698148 0.345182 0.694907 0.345443 0.694444 0.345443 0.690278 0.344401 0.687500 0.342839 0.684722 0.342839 0.682870 0.343490 0.681713 0.344531 0.680787 0.346354 0.680787 0.348698 0.683102 0.350130 0.686111 0.350911 0.688889 0.351693 0.690278 0.354036 0.696296 0.354036 0.696759 0.355599 0.700463 0.356901 0.702778 0.357682 0.705556 0.357682 0.713426 0.357422 0.715278 0.356641 0.718519 0.356380 0.722222 0.355599 0.725926 0.354297 0.732870 0.354036 0.736111 0.353776 0.736574 0.353516 0.739815 0.352734 0.743056 0.352734 0.744444 0.351953 0.747685 0.351693 0.750000 0.351172 0.751389 0.349609 0.760185 0.349349 0.763426 0.348828 0.765278 0.348828 0.766667 0.348047 0.769907 0.347526 0.775000 0.346745 0.778241 0.346484 0.780556 0.345964 0.782870 0.345703 0.786111 0.344661 0.792130 0.343880 0.795370 0.343880 0.796296 0.342578 0.801852 0.342318 0.805093 0.341797 0.806944 0.341536 0.809259 0.340755 0.812037 0.340755 0.813426 0.339714 0.818056 0.339714 0.819444 0.338672 0.824074 0.338672 0.825463 0.338151 0.827315 0.337630 0.831481 0.336849 0.834259 0.336849 0.835648 0.335807 0.841204 0.335286 0.843056 0.335026 0.846296 0.334245 0.851389 0.333203 0.855556 0.333203 0.856944 0.332682 0.858333 0.332422 0.860185 0.330859 0.864352 0.328385 0.868750 0.326562 0.871065 0.326042 0.871065 0.324740 0.872454 0.322656 0.873380 0.319271 0.873380 0.319010 0.873843
 6 0.310677 0.853009 0.304427 0.853009 0.304167 0.852546 0.299740 0.852546 0.299479 0.852083 0.291406 0.852083 0.291146 0.851620 0.288802 0.851620 0.288542 0.851157 0.286719 0.851157 0.286458 0.850694 0.282813 0.850694 0.282552 0.850231 0.281250 0.850231 0.280990 0.849769 0.279687 0.849769 0.279427 0.849306 0.275781 0.849306 0.275521 0.848843 0.272656 0.848843 0.272396 0.848380 0.267188 0.848380 0.265625 0.847454 0.264323 0.847454 0.264062 0.846991 0.260156 0.846991 0.259896 0.846528 0.253646 0.846528 0.253385 0.846065 0.251302 0.846065 0.251042 0.846528 0.239583 0.846528 0.239323 0.846065 0.234375 0.846065 0.234115 0.845602 0.229687 0.845602 0.229427 0.845139 0.223177 0.845139 0.222917 0.844676 0.218490 0.844676 0.218229 0.845139 0.214062 0.845139 0.213802 0.844676 0.199479 0.844676 0.199219 0.844213 0.191927 0.844213 0.191667 0.843750 0.187500 0.843750 0.187240 0.843287 0.185677 0.843287 0.184896 0.842824 0.183073 0.840046 0.182031 0.839120 0.180859 0.837037 0.180339 0.835185 0.177344 0.829861 0.177083 0.829861 0.175781 0.827546 0.173437 0.825231 0.172135 0.822917 0.170833 0.821065 0.168490 0.818287 0.165365 0.816435 0.164062 0.815046 0.163281 0.813657 0.162500 0.813194 0.161198 0.811343 0.158854 0.809954 0.157292 0.808565 0.155729 0.805324 0.154427 0.803935 0.150781 0.802546 0.148958 0.801157 0.148177 0.799769 0.146875 0.798843 0.146354 0.797917 0.144010 0.796065 0.142708 0.794676 0.141406 0.792824 0.139844 0.791435 0.138021 0.790509 0.136979 0.789120 0.134635 0.787269 0.132292 0.784028 0.131250 0.783565 0.129688 0.782176 0.128385 0.780324 0.127604 0.779861 0.125521 0.777083 0.123698 0.775231 0.122786 0.773148 0.122786 0.766204 0.123828 0.763426 0.125651 0.756481 0.128776 0.748611 0.129557 0.745370 0.130078 0.744444 0.131641 0.738889 0.133464 0.734722 0.133984 0.732407 0.136328 0.727315 0.137109 0.724074 0.138151 0.721296 0.138932 0.719907 0.140495 0.714815 0.142318 0.711574 0.143099 0.709722 0.143620 0.707407 0.144401 0.705093 0.145443 0.700000 0.147266 0.695833 0.147786 0.693981 0.148568 0.692593 0.149609 0.689352 0.151172 0.686574 0.151693 0.685185 0.152214 0.682407 0.152734 0.681481 0.153255 0.679167 0.156641 0.671296 0.157161 0.669444 0.158984 0.665741 0.160286 0.661111 0.160547 0.659722 0.162109 0.656019 0.163932 0.649074 0.164974 0.646296 0.166276 0.643981 0.167318 0.641204 0.168099 0.637963 0.168620 0.637037 0.169141 0.634722 0.170964 0.631019 0.172005 0.628241 0.172786 0.625463 0.174089 0.622685 0.175130 0.618981 0.176172 0.616204 0.177604 0.613194 0.180990 0.609954 0.183333 0.609028 0.184635 0.609028 0.184896 0.608565 0.187760 0.608565 0.188021 0.609028 0.192188 0.609028 0.192448 0.608565 0.193750 0.609028 0.200000 0.609028 0.200260 0.608565 0.202083 0.608565 0.202344 0.609028 0.209635 0.609028 0.209896 0.609491 0.214323 0.609491 0.214583 0.609954 0.227344 0.609954 0.227604 0.610417 0.233333 0.610417 0.233594 0.610880 0.236458 0.610880 0.236719 0.611343 0.244792 0.611343 0.245052 0.610880 0.246615 0.610880 0.246875 0.610417 0.248438 0.610417 0.250521 0.611806 0.257031 0.611806 0.257292 0.612269 0.270313 0.612269 0.270573 0.612731 0.288802 0.612731 0.289062 0.613194 0.298958 0.613194 0.299219 0.613657 0.306510 0.613657 0.307552 0.614120 0.310417 0.616898 0.311328 0.618981 0.311849 0.621296 0.312370 0.625000 0.312370 0.626389 0.313151 0.629630 0.313672 0.631019 0.314974 0.633333 0.315755 0.635648 0.317969 0.639583 0.320312 0.641898 0.321615 0.642824 0.323568 0.646296 0.323568 0.646759 0.326693 0.652315 0.327474 0.654630 0.329557 0.659259 0.330859 0.661574 0.331120 0.662963 0.332161 0.665741 0.335286 0.671296 0.336068 0.673611 0.338932 0.678704 0.338932 0.679167 0.341927 0.684491 0.343490 0.685417 0.345182 0.687963 0.345703 0.689352 0.345703 0.691667 0.345182 0.693056 0.344661 0.697222 0.343880 0.700463 0.343099 0.706019 0.342578 0.710648 0.342578 0.713426 0.341797 0.718519 0.341797 0.723611 0.341536 0.724074 0.341536 0.728704 0.341276 0.729167 0.341276 0.732407 0.341016 0.732870 0.341016 0.736574 0.340755 0.737037 0.340755 0.740741 0.341276 0.742130 0.341536 0.745370 0.341146 0.746065 0.338021 0.746065 0.335807 0.750000 0.334766 0.753241 0.333464 0.758796 0.332943 0.759722 0.332422 0.762500 0.331641 0.765278 0.331120 0.768981 0.331120 0.770370 0.330599 0.772222 0.330339 0.775463 0.329818 0.777315 0.329557 0.779630 0.328516 0.782870 0.328255 0.785185 0.327734 0.787037 0.327474 0.790278 0.326953 0.793056 0.326953 0.795370 0.326693 0.795833 0.326693 0.799074 0.326172 0.801852 0.326172 0.804630 0.325911 0.805093 0.325911 0.807870 0.325651 0.808333 0.325651 0.811111 0.324870 0.814815 0.324870 0.819907 0.324609 0.820370 0.324609 0.828241 0.324740 0.828935 0.323958 0.828935 0.322396 0.829861 0.320443 0.833333 0.319922 0.834722 0.318620 0.839815 0.318099 0.840741 0.317057 0.843981 0.314844 0.847917 0.313542 0.849306 0.310677 0.853009
 4 0.731771 0.457639 0.726823 0.457639 0.726562 0.457176 0.725260 0.457176 0.724740 0.456713 0.723568 0.454630 0.723568 0.454167 0.721094 0.449769 0.720052 0.448380 0.718750 0.447917 0.717448 0.446528 0.716536 0.444907 0.716016 0.442593 0.716016 0.437500 0.716276 0.437037 0.716276 0.433796 0.716536 0.433333 0.717578 0.427778 0.717578 0.426852 0.719141 0.422222 0.719141 0.421759 0.721094 0.418287 0.723958 0.415509 0.725781 0.414583 0.727344 0.414583 0.727604 0.414120 0.731771 0.414120 0.732031 0.414583 0.733854 0.414583 0.735156 0.415509 0.736458 0.415972 0.737760 0.417824 0.739583 0.419676 0.741797 0.423611 0.742578 0.427778 0.743099 0.429630 0.743099 0.431019 0.743620 0.432870 0.743359 0.436574 0.742318 0.440741 0.741797 0.441667 0.741016 0.444907 0.740495 0.449074 0.739453 0.452315 0.738021 0.454861 0.736719 0.456250 0.735677 0.456713 0.734375 0.456713 0.734115 0.457176 0.732031 0.457176 0.731771 0.457639
 5 0.713281 0.459491 0.704688 0.459491 0.703516 0.456944 0.703516 0.453704 0.704818 0.449537 0.705729 0.447917 0.707031 0.446528 0.709375 0.445139 0.711458 0.445139 0.711719 0.444676 0.716927 0.444676 0.718229 0.446528 0.719792 0.447917 0.720833 0.448380 0.721875 0.449769 0.723568 0.452778 0.724089 0.454630 0.724089 0.456019 0.723177 0.458102 0.721615 0.459028 0.713542 0.459028 0.713281 0.459491
 5 0.682552 0.453472 0.678125 0.453472 0.677083 0.453009 0.675521 0.451620 0.673958 0.449769 0.672786 0.447685 0.672266 0.445370 0.672266 0.441667 0.672005 0.441204 0.672005 0.436574 0.671745 0.436111 0.671745 0.431019 0.672005 0.430556 0.672005 0.417593 0.672266 0.417130 0.672266 0.414352 0.672786 0.412037 0.674479 0.409028 0.674740 0.409028 0.676302 0.406713 0.678125 0.405324 0.679167 0.404861 0.680729 0.404861 0.682031 0.404398 0.682292 0.404861 0.684375 0.404861 0.685677 0.405324 0.688021 0.407176 0.689714 0.410185 0.689714 0.410648 0.691016 0.413426 0.691016 0.416204 0.691276 0.416667 0.691276 0.420833 0.690755 0.423148 0.690495 0.425463 0.690495 0.428241 0.691016 0.430556 0.691276 0.432870 0.691276 0.437963 0.691016 0.438426 0.691016 0.442593 0.689974 0.447222 0.688281 0.449769 0.686198 0.451620 0.684635 0.452546 0.682813 0.453009 0.682552 0.453472
 5 0.670833 0.460880 0.660417 0.460880 0.659115 0.460417 0.658464 0.458796 0.658203 0.455556 0.658984 0.452778 0.660677 0.449769 0.662500 0.447917 0.664583 0.447454 0.666146 0.446528 0.669531 0.446528 0.670833 0.446991 0.672917 0.448380 0.675000 0.452083 0.677604 0.454398 0.678385 0.454861 0.678776 0.456019 0.677604 0.458565 0.676562 0.459491 0.675260 0.459491 0.675000 0.459954 0.673438 0.459954 0.673177 0.460417 0.671094 0.460417 0.670833 0.460880
 3 0.642188 0.462269 0.637240 0.462269 0.636979 0.461806 0.634896 0.461343 0.632292 0.458565 0.630599 0.455556 0.629818 0.452778 0.629557 0.450463 0.629557 0.443056 0.629818 0.442593 0.629818 0.439352 0.630078 0.438889 0.630599 0.435185 0.630599 0.433796 0.631120 0.431944 0.632552 0.428935 0.635156 0.426157 0.636458 0.425694 0.638021 0.425694 0.638281 0.425231 0.642448 0.425231 0.645833 0.426620 0.647917 0.428935 0.648177 0.428935 0.650391 0.432870 0.651172 0.434722 0.651172 0.444444 0.650911 0.444907 0.650911 0.447685 0.650651 0.448148 0.650391 0.451389 0.649870 0.454167 0.649089 0.456481 0.647656 0.459028 0.645833 0.460880 0.645052 0.460880 0.643750 0.461806 0.642448 0.461806 0.642188 0.462269
 4 0.928646 0.450694 0.922917 0.450694 0.921354 0.449769 0.920052 0.449769 0.917969 0.448380 0.916667 0.447917 0.913802 0.445602 0.910937 0.442361 0.908203 0.437500 0.907161 0.434722 0.906901 0.432870 0.906901 0.426389 0.907422 0.423611 0.908203 0.421296 0.909245 0.418981 0.911068 0.415741 0.912370 0.412037 0.913802 0.409491 0.915885 0.406713 0.917969 0.405787 0.918750 0.404861 0.920052 0.404398 0.921615 0.404398 0.921875 0.403935 0.923438 0.403935 0.923698 0.403472 0.925521 0.403472 0.925781 0.403935 0.927865 0.403935 0.928125 0.404398 0.929427 0.404398 0.929688 0.404861 0.930990 0.404861 0.931771 0.405324 0.934115 0.407639 0.934635 0.407639 0.936458 0.409491 0.937240 0.409954 0.939583 0.412731 0.941536 0.416204 0.942578 0.419444 0.942578 0.425000 0.942839 0.425463 0.942578 0.427778 0.942057 0.429630 0.939453 0.435648 0.938932 0.437963 0.937630 0.440741 0.937630 0.441204 0.934896 0.446065 0.933854 0.447454 0.932031 0.449306 0.928646 0.450694
 5 0.872396 0.450694 0.868750 0.450694 0.865625 0.448380 0.864323 0.447917 0.863542 0.446991 0.862240 0.446528 0.860938 0.445139 0.859505 0.442593 0.858464 0.439352 0.858203 0.437500 0.858203 0.435185 0.857943 0.433333 0.858464 0.431019 0.858724 0.427315 0.861068 0.418519 0.861589 0.415741 0.863151 0.410648 0.863672 0.407407 0.864453 0.404630 0.865625 0.402546 0.868229 0.399769 0.869792 0.398843 0.870833 0.398843 0.872135 0.397917 0.877865 0.397917 0.879167 0.398843 0.880990 0.399306 0.885156 0.403009 0.886589 0.405556 0.887109 0.406944 0.887370 0.408796 0.887370 0.411111 0.887630 0.411574 0.887630 0.413889 0.887370 0.416204 0.886589 0.419907 0.884766 0.425463 0.883724 0.430093 0.883203 0.433796 0.880859 0.441204 0.880339 0.443519 0.877865 0.447917 0.876563 0.449306 0.874479 0.449769 0.874219 0.450231 0.872656 0.450231 0.872396 0.450694
