 0 0.261198 0.404398 0.259115 0.404398 0.257292 0.403009 0.256120 0.400926 0.255078 0.396759 0.253385 0.393750 0.252083 0.392361 0.250000 0.391435 0.247917 0.389583 0.246354 0.387731 0.245052 0.385417 0.244792 0.385417 0.242578 0.381481 0.241276 0.377315 0.240755 0.374074 0.239974 0.371759 0.238672 0.365278 0.236719 0.363194 0.235677 0.362731 0.234375 0.362731 0.232813 0.361806 0.228385 0.361806 0.227865 0.361343 0.226432 0.357407 0.226432 0.356019 0.225911 0.354167 0.225911 0.352778 0.225130 0.349537 0.224349 0.343519 0.224349 0.341204 0.224089 0.338889 0.223568 0.336574 0.223307 0.332407 0.222526 0.328241 0.222526 0.326852 0.222005 0.324537 0.221224 0.316667 0.220703 0.314815 0.220443 0.312500 0.219141 0.304630 0.219141 0.302778 0.218620 0.300463 0.218620 0.298611 0.218099 0.296296 0.217318 0.290278 0.217318 0.288889 0.216797 0.286574 0.216797 0.284722 0.216276 0.282407 0.216276 0.279630 0.216016 0.279167 0.216016 0.275463 0.215755 0.275000 0.215755 0.272222 0.215495 0.271759 0.215495 0.268981 0.215234 0.266667 0.214453 0.262500 0.213932 0.261111 0.213672 0.259259 0.213672 0.251852 0.213932 0.251389 0.213932 0.249074 0.214193 0.248611 0.214193 0.246296 0.215755 0.241667 0.217318 0.238889 0.217318 0.238426 0.219271 0.234954 0.221615 0.231713 0.222656 0.230787 0.224740 0.228009 0.225521 0.227546 0.227865 0.224769 0.228906 0.223843 0.230208 0.223380 0.231510 0.221991 0.232813 0.221528 0.234635 0.220139 0.236719 0.217361 0.240104 0.214583 0.242969 0.213194 0.243750 0.212269 0.245052 0.211806 0.246354 0.210417 0.249740 0.208102 0.251563 0.206250 0.253646 0.204861 0.255469 0.202083 0.257812 0.200231 0.258333 0.199306 0.260156 0.197917 0.261198 0.197917 0.262760 0.196991 0.270052 0.196991 0.270313 0.197454 0.282292 0.197454 0.282552 0.197917 0.284115 0.197917 0.284375 0.197454 0.289323 0.197454 0.289583 0.197917 0.298958 0.197917 0.299219 0.198380 0.301563 0.198843 0.301823 0.199306 0.306250 0.199306 0.306510 0.199769 0.308073 0.199769 0.308333 0.200231 0.309635 0.200231 0.309896 0.200694 0.312240 0.200694 0.312500 0.201157 0.315104 0.201157 0.315365 0.201620 0.316927 0.201620 0.317188 0.202083 0.318490 0.202083 0.318750 0.202546 0.320312 0.203009 0.325521 0.206713 0.327604 0.208565 0.328906 0.210417 0.330990 0.212731 0.333464 0.217130 0.333464 0.217593 0.335026 0.221296 0.336328 0.226389 0.336328 0.227778 0.337109 0.231019 0.337109 0.231944 0.337891 0.234259 0.338672 0.237500 0.339453 0.239815 0.340755 0.244444 0.341536 0.248611 0.341797 0.250926 0.342318 0.252778 0.343359 0.255093 0.343880 0.256944 0.344661 0.261574 0.344922 0.263889 0.344922 0.266204 0.345703 0.270370 0.345703 0.271759 0.346484 0.274537 0.347005 0.278241 0.347266 0.278704 0.347526 0.281944 0.349089 0.289352 0.349349 0.291667 0.349870 0.293056 0.350130 0.295370 0.350651 0.296759 0.350911 0.299074 0.351953 0.303704 0.351953 0.305093 0.352474 0.307407 0.352734 0.309722 0.352734 0.312037 0.353776 0.320833 0.354297 0.322685 0.354818 0.327778 0.355078 0.328241 0.355078 0.331019 0.355339 0.331481 0.355339 0.339352 0.354818 0.341667 0.354557 0.343981 0.354557 0.348611 0.354297 0.349074 0.354297 0.356944 0.354036 0.357870 0.346875 0.370602 0.345833 0.371991 0.344531 0.372917 0.344010 0.373843 0.342708 0.374769 0.341146 0.376620 0.340625 0.376620 0.337760 0.379398 0.335156 0.381250 0.333854 0.381713 0.328906 0.384954 0.327865 0.384954 0.325781 0.386343 0.324479 0.386343 0.324219 0.386806 0.322917 0.386806 0.322656 0.387269 0.321094 0.387269 0.320833 0.387731 0.319271 0.387731 0.319010 0.388194 0.317448 0.388194 0.317188 0.388657 0.315885 0.388657 0.315625 0.389120 0.314063 0.389120 0.313802 0.389583 0.312500 0.389583 0.312240 0.390046 0.310937 0.390046 0.310677 0.390509 0.309375 0.390509 0.307812 0.391435 0.305469 0.391898 0.303125 0.393287 0.301823 0.393287 0.301563 0.393750 0.300000 0.393750 0.299740 0.394213 0.297656 0.394213 0.297396 0.394676 0.295312 0.394676 0.294010 0.395602 0.293229 0.395602 0.291146 0.396991 0.289323 0.396991 0.289062 0.397454 0.286719 0.397454 0.286458 0.397917 0.284896 0.397917 0.283333 0.398843 0.281771 0.398843 0.281510 0.399306 0.279687 0.399306 0.276823 0.400694 0.275260 0.400694 0.275000 0.401157 0.273438 0.401157 0.273177 0.401620 0.271615 0.401620 0.271354 0.402083 0.269792 0.402083 0.269531 0.402546 0.267708 0.402546 0.267448 0.403009 0.265104 0.403009 0.264844 0.403472 0.263281 0.403472 0.263021 0.403935 0.261458 0.403935 0.261198 0.404398
 1 0.753125 0.459954 0.748437 0.459954 0.748177 0.459491 0.745833 0.459491 0.745573 0.459028 0.743750 0.459028 0.740885 0.457639 0.739323 0.457639 0.739062 0.457176 0.736979 0.457176 0.736719 0.456713 0.735417 0.456713 0.734115 0.455787 0.733073 0.455787 0.731771 0.454861 0.730208 0.454861 0.729948 0.454398 0.728385 0.454398 0.728125 0.453935 0.726823 0.453935 0.725521 0.453009 0.724219 0.452546 0.722656 0.452546 0.722396 0.452083 0.720573 0.452083 0.719010 0.451157 0.717708 0.451157 0.717448 0.450694 0.716146 0.450694 0.715885 0.450231 0.714583 0.450231 0.714323 0.449769 0.713021 0.449769 0.712760 0.449306 0.711198 0.449306 0.710938 0.448843 0.709635 0.448843 0.709375 0.448380 0.707812 0.448380 0.707552 0.447917 0.705729 0.447917 0.705469 0.447454 0.704167 0.447454 0.703906 0.446991 0.702604 0.446991 0.701042 0.446065 0.699740 0.446065 0.699479 0.445602 0.697917 0.445602 0.697656 0.445139 0.696094 0.445139 0.695833 0.444676 0.693490 0.444676 0.693229 0.444213 0.691927 0.444213 0.691667 0.443750 0.690365 0.443750 0.690104 0.443287 0.688802 0.443287 0.687500 0.442824 0.686198 0.441898 0.684896 0.441435 0.683594 0.441435 0.683333 0.440972 0.682031 0.440972 0.680729 0.440509 0.679427 0.439583 0.678125 0.439120 0.676823 0.439120 0.676562 0.438657 0.675000 0.438657 0.674740 0.438194 0.673438 0.438194 0.670833 0.437269 0.669271 0.436343 0.667708 0.436343 0.667448 0.435880 0.666146 0.435880 0.665885 0.435417 0.663542 0.434954 0.662240 0.434028 0.660417 0.434028 0.660156 0.433565 0.657813 0.433565 0.657552 0.433102 0.655990 0.433102 0.654427 0.432176 0.652344 0.432176 0.652083 0.431713 0.650000 0.431713 0.648698 0.431250 0.647396 0.430324 0.645833 0.430324 0.645573 0.429861 0.642448 0.429861 0.641406 0.429398 0.639844 0.428009 0.639323 0.428009 0.638281 0.426620 0.634115 0.423380 0.632943 0.421296 0.631380 0.417593 0.630078 0.412037 0.630078 0.408796 0.629818 0.408333 0.629818 0.403241 0.630078 0.402778 0.630078 0.398148 0.630339 0.397685 0.630339 0.393981 0.630599 0.393519 0.630599 0.391204 0.630859 0.390741 0.630859 0.388426 0.631120 0.387963 0.631120 0.385185 0.631380 0.384722 0.631380 0.381019 0.631641 0.380556 0.631641 0.377315 0.631901 0.376852 0.631901 0.373611 0.632161 0.373148 0.632161 0.369907 0.632422 0.369444 0.632422 0.367130 0.632682 0.366667 0.632682 0.364352 0.633203 0.362037 0.633203 0.359722 0.633724 0.356944 0.633724 0.354630 0.633984 0.354167 0.633984 0.351389 0.634505 0.349074 0.634505 0.347222 0.635026 0.344907 0.635286 0.340741 0.635547 0.340278 0.635547 0.337500 0.635807 0.337037 0.635807 0.334722 0.636068 0.334259 0.636589 0.330093 0.636849 0.329630 0.636849 0.326389 0.637109 0.325926 0.637109 0.322685 0.637370 0.322222 0.637891 0.318056 0.638411 0.315278 0.638411 0.306944 0.638672 0.306481 0.638672 0.302315 0.638932 0.301852 0.638932 0.297685 0.639193 0.297222 0.639193 0.294444 0.639453 0.293981 0.639453 0.291204 0.639714 0.290741 0.639714 0.287963 0.639974 0.287500 0.639974 0.284259 0.640234 0.283796 0.640234 0.280556 0.640495 0.280093 0.640495 0.276852 0.640755 0.276389 0.640755 0.273148 0.641016 0.272685 0.641016 0.269907 0.641276 0.269444 0.641276 0.266667 0.641536 0.266204 0.641536 0.263426 0.641797 0.262963 0.641797 0.260648 0.642318 0.258333 0.642318 0.256481 0.642839 0.253704 0.642839 0.251389 0.643099 0.250926 0.643099 0.248611 0.643359 0.248148 0.643359 0.245833 0.643620 0.245370 0.643620 0.243056 0.643880 0.242593 0.644401 0.236111 0.644661 0.235648 0.645182 0.229167 0.645443 0.228704 0.645443 0.226389 0.645703 0.225926 0.645703 0.220833 0.645964 0.220370 0.645964 0.216667 0.646224 0.216204 0.646224 0.213889 0.646484 0.213426 0.646484 0.211111 0.646745 0.210648 0.646745 0.208333 0.647005 0.207870 0.647005 0.205556 0.647266 0.205093 0.647266 0.200926 0.647526 0.200463 0.647526 0.196759 0.647786 0.196296 0.647786 0.193981 0.648047 0.193519 0.648047 0.191204 0.648307 0.190741 0.648307 0.187500 0.648568 0.187037 0.648568 0.184722 0.649349 0.179630 0.649349 0.177315 0.649609 0.176852 0.649609 0.173148 0.650130 0.170370 0.650130 0.168056 0.650651 0.165278 0.650651 0.162963 0.651432 0.159259 0.652214 0.150463 0.652474 0.150000 0.652474 0.146759 0.652734 0.146296 0.652734 0.142130 0.653255 0.137500 0.653516 0.137037 0.653516 0.134722 0.653776 0.134259 0.654297 0.127778 0.655078 0.123611 0.655078 0.121296 0.655599 0.116667 0.656380 0.112500 0.656901 0.111574 0.657422 0.109259 0.659505 0.103704 0.661328 0.099537 0.665234 0.092593 0.666276 0.088889 0.670182 0.081944 0.670443 0.080556 0.672526 0.075926 0.673047 0.073611 0.674219 0.071065 0.675000 0.070602 0.676172 0.068519 0.676953 0.065741 0.677604 0.064583 0.678646 0.063657 0.679818 0.061574 0.680599 0.058333 0.682031 0.055787 0.683203 0.054167 0.683464 0.052778 0.685417 0.049306 0.685677 0.049306 0.687370 0.046296 0.687370 0.045833 0.689323 0.042361 0.692448 0.039583 0.694271 0.036806 0.696615 0.034491 0.697656 0.034028 0.700781 0.034028 0.701042 0.033565 0.718229 0.033565 0.718490 0.034028 0.725521 0.034028 0.725781 0.034491 0.727344 0.034491 0.727604 0.034954 0.742448 0.034954 0.742708 0.035417 0.746615 0.035417 0.746875 0.034954 0.757552 0.034954 0.757812 0.034491 0.760677 0.034491 0.760938 0.034954 0.765365 0.034954 0.765625 0.034491 0.773958 0.034491 0.775260 0.034028 0.775521 0.034491 0.777344 0.034491 0.777604 0.034954 0.779167 0.034954 0.779427 0.035417 0.782552 0.035417 0.782813 0.035880 0.786198 0.035880 0.786458 0.036343 0.788542 0.036343 0.788802 0.035880 0.791406 0.035880 0.791667 0.036343 0.793750 0.036343 0.794010 0.036806 0.795312 0.036806 0.795573 0.036343 0.797396 0.036343 0.797656 0.035880 0.800781 0.035880 0.801042 0.036343 0.805469 0.036343 0.805729 0.036806 0.807813 0.036806 0.809115 0.037731 0.810417 0.038194 0.811719 0.038194 0.811979 0.038657 0.813802 0.038657 0.815365 0.040046 0.815885 0.040972 0.817708 0.042361 0.819141 0.044907 0.819401 0.047685 0.819661 0.048148 0.819922 0.052315 0.820703 0.055093 0.820703 0.056019 0.822005 0.059259 0.823307 0.062963 0.823828 0.065278 0.824349 0.068981 0.825651 0.074074 0.825651 0.075926 0.826172 0.078704 0.826172 0.081481 0.826432 0.081944 0.826432 0.086574 0.827474 0.093056 0.827734 0.093519 0.828255 0.098611 0.829036 0.100926 0.829297 0.102778 0.829297 0.105093 0.829557 0.105556 0.829557 0.107870 0.830339 0.112037 0.830599 0.114352 0.830599 0.117593 0.830859 0.118056 0.830859 0.125000 0.830599 0.125463 0.830599 0.128704 0.830339 0.129167 0.830078 0.132407 0.829818 0.132870 0.829297 0.136574 0.828516 0.140278 0.828255 0.144444 0.827734 0.146759 0.827734 0.148611 0.827214 0.150463 0.827214 0.151852 0.826693 0.153241 0.825911 0.156481 0.825911 0.157407 0.824870 0.161111 0.824609 0.163426 0.823047 0.168519 0.822526 0.170833 0.822005 0.175463 0.821224 0.180093 0.820703 0.182407 0.820703 0.184259 0.819922 0.187037 0.819922 0.187963 0.819141 0.190278 0.819141 0.191204 0.818359 0.193519 0.818359 0.194444 0.817318 0.198148 0.816797 0.200926 0.816797 0.202315 0.816276 0.205093 0.814974 0.209259 0.814453 0.210185 0.813672 0.212963 0.813151 0.215741 0.812891 0.218981 0.812370 0.220833 0.812370 0.222685 0.811849 0.225000 0.811849 0.226389 0.811328 0.229167 0.810286 0.232870 0.810026 0.235185 0.807943 0.244444 0.807682 0.246759 0.807161 0.249074 0.806380 0.251389 0.805859 0.253704 0.805339 0.259259 0.804297 0.263889 0.803516 0.266204 0.802474 0.270833 0.801432 0.274074 0.800911 0.276389 0.799609 0.283796 0.799609 0.285648 0.798828 0.290741 0.798307 0.292130 0.798047 0.294444 0.797526 0.295833 0.797266 0.298148 0.796745 0.300463 0.794661 0.307407 0.793880 0.311574 0.793359 0.317130 0.791536 0.323148 0.791016 0.326852 0.789974 0.331019 0.789714 0.333333 0.789193 0.335185 0.787891 0.341667 0.787370 0.344907 0.785286 0.351852 0.783984 0.358796 0.783724 0.362037 0.783464 0.362500 0.783203 0.365278 0.782682 0.366667 0.781641 0.373148 0.780599 0.376852 0.780339 0.379167 0.779297 0.383796 0.778776 0.385185 0.778516 0.387500 0.777995 0.388889 0.777474 0.392593 0.776953 0.393981 0.776693 0.396296 0.774870 0.402315 0.774349 0.405093 0.774349 0.406481 0.773828 0.408333 0.773307 0.412500 0.772266 0.417130 0.772005 0.419907 0.771224 0.422222 0.770964 0.425000 0.770443 0.427315 0.769141 0.431944 0.768099 0.435185 0.767057 0.441204 0.766797 0.443519 0.766797 0.445833 0.766536 0.447222 0.764453 0.450926 0.764453 0.451389 0.763021 0.453935 0.761719 0.455324 0.758594 0.457639 0.754948 0.459491 0.753385 0.459491 0.753125 0.459954
 1 0.799609 0.095833 0.801302 0.094676 0.801693 0.093981 0.801693 0.092593 0.801302 0.091898 0.799479 0.090509 0.798177 0.090972 0.797266 0.092593 0.797526 0.094907 0.798438 0.096065 0.799609 0.095833
 4 0.438802 0.537269 0.437240 0.531713 0.436458 0.531250 0.431771 0.531250 0.429688 0.532639 0.427865 0.532639 0.427604 0.533102 0.426302 0.533102 0.423958 0.534491 0.419792 0.534491 0.419531 0.534028 0.417708 0.533565 0.416406 0.532639 0.414844 0.532639 0.413542 0.533102 0.411719 0.534954 0.404687 0.534954 0.403385 0.533102 0.402083 0.532639 0.399479 0.532639 0.399219 0.532176 0.397135 0.532176 0.396875 0.531713 0.395573 0.532176 0.392448 0.532176 0.391146 0.533102 0.389844 0.533565 0.387240 0.533565 0.386979 0.533102 0.385156 0.533102 0.384115 0.532639 0.382161 0.530093 0.381380 0.527315 0.380078 0.525000 0.379818 0.522685 0.380339 0.520833 0.380339 0.519444 0.381120 0.516204 0.382161 0.513426 0.382161 0.511574 0.382682 0.509722 0.383594 0.508102 0.384896 0.507176 0.386198 0.507176 0.386458 0.506713 0.389844 0.506713 0.392708 0.508565 0.397656 0.508565 0.397917 0.509028 0.403646 0.509028 0.403906 0.509491 0.409115 0.509491 0.409375 0.509028 0.411198 0.509028 0.411458 0.508565 0.413542 0.508565 0.413802 0.509028 0.415365 0.509028 0.416536 0.510648 0.417187 0.512269 0.419271 0.514120 0.420573 0.514583 0.427865 0.514583 0.430208 0.513194 0.431120 0.511111 0.432292 0.509028 0.433594 0.508565 0.445052 0.508565 0.445312 0.509028 0.448437 0.509028 0.448698 0.508565 0.450000 0.508565 0.450260 0.508102 0.452344 0.508102 0.452604 0.507639 0.454427 0.507639 0.454688 0.507176 0.458854 0.507176 0.462240 0.509028 0.462630 0.511111 0.460417 0.512731 0.458854 0.514583 0.457943 0.516204 0.456901 0.521296 0.456250 0.522454 0.453646 0.524769 0.453125 0.524769 0.451823 0.526157 0.450781 0.526620 0.447917 0.526620 0.447656 0.526157 0.446354 0.528009 0.444531 0.529398 0.442448 0.529861 0.440625 0.531713 0.440234 0.532870 0.439974 0.535185 0.438802 0.537269
 3 0.428646 0.515509 0.419271 0.515509 0.418490 0.515046 0.417057 0.512500 0.416797 0.511111 0.416797 0.508333 0.417057 0.507870 0.417057 0.504630 0.417578 0.502778 0.419010 0.500231 0.420573 0.498843 0.421354 0.498843 0.422656 0.497917 0.427083 0.497917 0.429167 0.499306 0.430339 0.500926 0.431120 0.503704 0.431120 0.511574 0.430599 0.513426 0.429948 0.514583 0.428646 0.515509
 7 0.319010 0.726157 0.314063 0.726157 0.313802 0.725694 0.310677 0.725694 0.310417 0.725231 0.309115 0.725231 0.308854 0.724769 0.307552 0.724769 0.307292 0.724306 0.305469 0.724306 0.305208 0.723843 0.302083 0.723843 0.301823 0.723380 0.298177 0.723380 0.297917 0.722917 0.296354 0.722917 0.296094 0.722454 0.292969 0.722454 0.292708 0.721991 0.285677 0.721991 0.285417 0.722454 0.282031 0.722454 0.281771 0.722917 0.279687 0.722917 0.279427 0.723380 0.269531 0.723380 0.269271 0.722917 0.266667 0.722917 0.266406 0.722454 0.264583 0.721991 0.264323 0.721528 0.252083 0.721528 0.251823 0.721991 0.247656 0.721991 0.246875 0.721528 0.245052 0.719676 0.243880 0.717130 0.242318 0.711111 0.242318 0.710185 0.241016 0.706019 0.239974 0.703704 0.239714 0.702315 0.238151 0.698611 0.237891 0.696759 0.236328 0.691667 0.235547 0.689815 0.235286 0.687500 0.232422 0.677778 0.232161 0.674537 0.231901 0.674074 0.231380 0.669907 0.230599 0.667130 0.228776 0.661574 0.225651 0.656019 0.224349 0.650926 0.224349 0.647685 0.224870 0.645833 0.225130 0.643519 0.225651 0.641667 0.226693 0.639352 0.226953 0.637963 0.228516 0.633333 0.228776 0.631944 0.230599 0.628704 0.232161 0.624537 0.232422 0.623148 0.233464 0.619907 0.233464 0.618981 0.235026 0.613426 0.235547 0.612500 0.236068 0.610185 0.237109 0.607407 0.238672 0.604630 0.239714 0.601852 0.241536 0.597685 0.243359 0.592593 0.243880 0.590278 0.245443 0.586574 0.245964 0.584722 0.247005 0.582407 0.247266 0.581019 0.249609 0.576852 0.250130 0.575463 0.250651 0.572685 0.252214 0.567593 0.253385 0.565509 0.254948 0.563657 0.256250 0.562731 0.258594 0.562731 0.258854 0.562269 0.264062 0.562269 0.264323 0.562731 0.268750 0.562731 0.269010 0.562269 0.272656 0.562269 0.272917 0.562731 0.276562 0.562731 0.276823 0.562269 0.281510 0.562269 0.281771 0.562731 0.285677 0.562731 0.285938 0.562269 0.289583 0.562269 0.289844 0.561806 0.292708 0.561806 0.292969 0.561343 0.314583 0.561343 0.314844 0.560880 0.320052 0.560880 0.320312 0.561343 0.325521 0.561343 0.325781 0.560880 0.328906 0.560880 0.329167 0.560417 0.334375 0.560417 0.334635 0.559954 0.336458 0.559954 0.336719 0.559491 0.345052 0.559491 0.345313 0.559954 0.347135 0.559954 0.347396 0.560417 0.349219 0.560880 0.350391 0.562963 0.351432 0.566667 0.351953 0.570370 0.352995 0.574074 0.353255 0.576389 0.354297 0.582870 0.355078 0.586111 0.356380 0.593519 0.356641 0.596759 0.357422 0.601389 0.357943 0.603241 0.357943 0.604630 0.358464 0.607407 0.359766 0.612963 0.360547 0.617130 0.360547 0.618519 0.362370 0.626852 0.363151 0.628241 0.364193 0.632870 0.364193 0.637963 0.363932 0.638426 0.363932 0.641204 0.363151 0.645833 0.362630 0.647222 0.361589 0.652315 0.359766 0.658796 0.359505 0.661111 0.358984 0.662963 0.358724 0.666204 0.358464 0.666667 0.357943 0.672222 0.357161 0.675463 0.356901 0.677778 0.355339 0.686111 0.353776 0.693056 0.353516 0.696296 0.352734 0.699537 0.352474 0.702778 0.352214 0.703241 0.351953 0.706481 0.351432 0.708333 0.351172 0.710648 0.350391 0.713426 0.348828 0.717130 0.348307 0.719444 0.345833 0.723843 0.344531 0.724769 0.343229 0.724769 0.342969 0.725231 0.339323 0.725231 0.339062 0.725694 0.319271 0.725694 0.319010 0.726157
 7 0.252734 0.690741 0.254427 0.690509 0.255208 0.690046 0.256120 0.687963 0.256641 0.685648 0.256641 0.684259 0.255469 0.682639 0.253906 0.682639 0.253646 0.682176 0.251042 0.682176 0.250000 0.682639 0.248047 0.684722 0.248307 0.686574 0.248307 0.688889 0.248698 0.690046 0.251042 0.690972 0.252734 0.690741
 5 0.092188 0.714120 0.090365 0.714120 0.090104 0.713657 0.088542 0.713657 0.087240 0.712731 0.085547 0.709722 0.084505 0.706481 0.084505 0.705556 0.083724 0.703241 0.079427 0.695602 0.079167 0.695602 0.077734 0.692130 0.077734 0.689815 0.079297 0.683796 0.080469 0.681713 0.080729 0.681713 0.083333 0.678009 0.085677 0.676157 0.088542 0.674769 0.090104 0.674769 0.090365 0.674306 0.091667 0.674306 0.094010 0.676157 0.099089 0.685185 0.099089 0.685648 0.101562 0.690046 0.103646 0.691898 0.105078 0.695833 0.105078 0.699074 0.104557 0.700926 0.101042 0.707176 0.099740 0.708565 0.098698 0.709028 0.095312 0.712269 0.094010 0.712731 0.092188 0.714120
 7 0.144010 0.833565 0.141406 0.833565 0.138281 0.831713 0.136979 0.829861 0.135417 0.827083 0.134115 0.825694 0.132292 0.822917 0.131250 0.821991 0.128646 0.818750 0.127344 0.817361 0.124740 0.812731 0.123438 0.811806 0.122135 0.810417 0.121354 0.809028 0.118750 0.806250 0.116667 0.803472 0.115885 0.803009 0.114844 0.801620 0.113021 0.798380 0.111979 0.796991 0.111198 0.796528 0.110156 0.795139 0.108594 0.792361 0.107292 0.790509 0.105469 0.788657 0.103646 0.785880 0.102344 0.784491 0.099740 0.779861 0.098177 0.778472 0.096224 0.775000 0.096224 0.774537 0.093229 0.769213 0.091667 0.767361 0.088932 0.762500 0.088151 0.760185 0.086068 0.756481 0.085026 0.754167 0.084245 0.751852 0.083073 0.749769 0.082812 0.749769 0.080990 0.746528 0.080729 0.746528 0.077995 0.741667 0.077474 0.739815 0.074870 0.735185 0.073568 0.731481 0.071615 0.728935 0.069401 0.725000 0.068620 0.722222 0.067057 0.719444 0.067057 0.718981 0.063411 0.712500 0.063411 0.712037 0.061979 0.709491 0.060937 0.708565 0.059245 0.706019 0.058724 0.704167 0.058724 0.700463 0.058464 0.698611 0.058984 0.696759 0.060417 0.694676 0.062240 0.693287 0.062760 0.692361 0.064844 0.690509 0.067708 0.686806 0.070833 0.683565 0.071615 0.682176 0.072656 0.681250 0.073958 0.680787 0.075260 0.679398 0.076302 0.677546 0.077604 0.676620 0.078776 0.674537 0.079297 0.670833 0.080469 0.668750 0.082812 0.668750 0.084115 0.668287 0.085938 0.666435 0.086719 0.665972 0.090885 0.660880 0.091667 0.660417 0.094271 0.658102 0.097656 0.653472 0.101562 0.649769 0.102344 0.648380 0.105729 0.645602 0.111198 0.639583 0.111719 0.638657 0.113021 0.637731 0.114062 0.635880 0.114844 0.635417 0.117188 0.632176 0.118490 0.630787 0.119792 0.629861 0.122396 0.626157 0.123958 0.625231 0.125260 0.623843 0.127083 0.620602 0.128646 0.619676 0.130469 0.617824 0.131250 0.616435 0.133073 0.614120 0.134635 0.612731 0.135156 0.612731 0.136979 0.610880 0.138542 0.608102 0.138802 0.608102 0.140365 0.605787 0.142708 0.603935 0.144010 0.602546 0.147396 0.597917 0.148177 0.597454 0.149479 0.595602 0.150260 0.595139 0.154688 0.590046 0.155990 0.589120 0.156510 0.588194 0.157812 0.587269 0.159115 0.585417 0.159896 0.584954 0.161719 0.582639 0.162760 0.581713 0.164062 0.581250 0.165365 0.580324 0.167448 0.580324 0.167708 0.580787 0.170313 0.580787 0.170573 0.581250 0.172396 0.581250 0.173177 0.581713 0.175260 0.585417 0.176042 0.586343 0.178125 0.587731 0.178906 0.588657 0.182031 0.591435 0.182552 0.591435 0.183854 0.592824 0.184375 0.592824 0.186719 0.595602 0.189583 0.597917 0.191927 0.600231 0.193490 0.601157 0.195312 0.603935 0.198177 0.605787 0.199479 0.607176 0.200000 0.607176 0.202083 0.609491 0.205469 0.612269 0.207292 0.614583 0.208724 0.617130 0.209505 0.618981 0.209505 0.619907 0.210547 0.623611 0.211849 0.626852 0.212370 0.629167 0.213411 0.631481 0.214453 0.635185 0.214974 0.636111 0.215755 0.638889 0.217318 0.641667 0.218880 0.646296 0.220964 0.651389 0.222005 0.656944 0.224870 0.664352 0.225130 0.666204 0.225911 0.668519 0.226432 0.670833 0.227474 0.673611 0.228255 0.675000 0.229818 0.679630 0.231380 0.685648 0.231901 0.686574 0.233724 0.692130 0.233984 0.693519 0.235026 0.696759 0.235026 0.701852 0.234505 0.704630 0.231771 0.709491 0.231510 0.709491 0.230208 0.711806 0.229948 0.711806 0.228385 0.714583 0.228125 0.714583 0.226562 0.717361 0.225521 0.718750 0.223438 0.720602 0.220833 0.721991 0.217448 0.721991 0.217188 0.721528 0.209115 0.721528 0.208854 0.721991 0.202865 0.721991 0.202604 0.722454 0.196615 0.722454 0.195052 0.723843 0.193229 0.726157 0.191276 0.729630 0.190234 0.733333 0.189193 0.735648 0.187891 0.737963 0.186849 0.740741 0.186589 0.742130 0.185026 0.745833 0.184505 0.747685 0.183203 0.750000 0.181901 0.753704 0.181120 0.755093 0.180859 0.756481 0.180078 0.758333 0.180078 0.759259 0.178776 0.762037 0.177995 0.764352 0.176953 0.766667 0.175651 0.768981 0.174349 0.772685 0.172266 0.776389 0.171224 0.779167 0.170703 0.781944 0.168880 0.787037 0.167578 0.790278 0.165755 0.793981 0.165234 0.796296 0.164453 0.798611 0.162630 0.802315 0.162630 0.802778 0.159245 0.808796 0.158464 0.810648 0.157422 0.813889 0.157161 0.815741 0.155859 0.818981 0.153125 0.823843 0.152865 0.823843 0.150781 0.827546 0.149740 0.828935 0.148958 0.829398 0.145573 0.832639 0.144010 0.833565
 7 0.092578 0.713426 0.093750 0.712731 0.095312 0.709954 0.096615 0.708565 0.097396 0.708565 0.098437 0.707639 0.099219 0.707639 0.100521 0.706250 0.101562 0.704398 0.102865 0.703009 0.104036 0.700926 0.104818 0.698611 0.104818 0.696759 0.104036 0.694444 0.101562 0.690046 0.100000 0.688194 0.095964 0.681019 0.095964 0.680556 0.093750 0.676620 0.091667 0.674769 0.089844 0.674769 0.089583 0.675231 0.086979 0.675231 0.086719 0.675694 0.085417 0.675694 0.084375 0.676157 0.082292 0.678009 0.080339 0.681481 0.079557 0.684722 0.078255 0.689352 0.077995 0.691667 0.078776 0.693519 0.079557 0.696296 0.082552 0.701620 0.082812 0.701620 0.084245 0.704167 0.085286 0.707407 0.085286 0.708333 0.086068 0.711111 0.087240 0.713194 0.088021 0.713657 0.092448 0.713657 0.092578 0.713426
 6 0.293229 0.943287 0.283854 0.943287 0.283594 0.942824 0.281771 0.942824 0.280469 0.942361 0.279167 0.941435 0.277604 0.941435 0.277344 0.941898 0.273958 0.941898 0.273698 0.941435 0.265885 0.941435 0.265625 0.940972 0.264323 0.940972 0.264062 0.940509 0.261198 0.940509 0.260937 0.940972 0.258854 0.940972 0.258594 0.940509 0.253646 0.940509 0.253385 0.940972 0.251042 0.940972 0.250781 0.940509 0.249219 0.940509 0.248958 0.940046 0.245573 0.940046 0.245312 0.940509 0.241927 0.940509 0.241667 0.940046 0.238281 0.940046 0.238021 0.940509 0.234896 0.940509 0.234635 0.940046 0.229948 0.940046 0.229687 0.940509 0.216146 0.940509 0.215885 0.940972 0.205990 0.940972 0.205729 0.941435 0.204427 0.941435 0.204167 0.940972 0.202865 0.940972 0.202604 0.940509 0.198698 0.940509 0.198437 0.940972 0.192188 0.940972 0.191927 0.941435 0.190365 0.941435 0.190104 0.941898 0.188802 0.941898 0.188542 0.942361 0.186719 0.942361 0.186458 0.942824 0.184635 0.942824 0.184375 0.943287 0.180990 0.943287 0.180208 0.942824 0.178516 0.940278 0.177474 0.937037 0.177214 0.935185 0.177214 0.931481 0.177474 0.931019 0.177474 0.928241 0.177734 0.927778 0.177214 0.926389 0.175260 0.922917 0.175000 0.922917 0.173047 0.919444 0.172005 0.915741 0.170182 0.912037 0.170182 0.911574 0.168620 0.908796 0.167318 0.904630 0.164714 0.900000 0.163932 0.898148 0.163932 0.897222 0.162240 0.894213 0.161979 0.894213 0.159115 0.889120 0.158854 0.889120 0.156641 0.885185 0.156641 0.884722 0.155208 0.882176 0.154948 0.882176 0.152995 0.878704 0.152995 0.878241 0.148568 0.870370 0.148568 0.869907 0.145443 0.864352 0.144922 0.862963 0.143880 0.858796 0.143880 0.855556 0.144661 0.851852 0.144661 0.850463 0.145443 0.847222 0.147266 0.843056 0.147786 0.840741 0.148568 0.838889 0.149870 0.836574 0.150391 0.834259 0.151172 0.831944 0.154036 0.826852 0.155599 0.822222 0.156901 0.819907 0.156901 0.819444 0.158464 0.816667 0.158984 0.814815 0.160026 0.812500 0.161068 0.809259 0.162630 0.806019 0.163672 0.803241 0.163932 0.801852 0.164974 0.799074 0.166276 0.796759 0.168359 0.789815 0.169141 0.787963 0.170443 0.785648 0.172786 0.779630 0.172786 0.779167 0.174870 0.775463 0.176693 0.769907 0.177734 0.768056 0.178255 0.766204 0.179557 0.763426 0.180339 0.760185 0.181380 0.757407 0.182682 0.755093 0.182682 0.754630 0.184766 0.748611 0.186068 0.746296 0.186849 0.743056 0.188151 0.739815 0.189974 0.736574 0.191536 0.732870 0.192057 0.731019 0.193490 0.728472 0.196354 0.725231 0.197656 0.724306 0.198958 0.724306 0.199219 0.723843 0.201302 0.723843 0.201563 0.723380 0.210677 0.723380 0.210938 0.723843 0.226562 0.723843 0.226823 0.724306 0.230990 0.724306 0.231250 0.724769 0.234635 0.724769 0.234896 0.725231 0.249219 0.725231 0.249479 0.724769 0.259896 0.724769 0.260156 0.725231 0.263542 0.725231 0.263802 0.725694 0.266667 0.725694 0.266927 0.726157 0.270573 0.726157 0.270833 0.726620 0.279687 0.726620 0.279948 0.726157 0.292187 0.726157 0.292448 0.726620 0.300781 0.726620 0.301042 0.727083 0.305990 0.727083 0.308854 0.728472 0.310156 0.729861 0.311068 0.731481 0.311589 0.735185 0.311589 0.738426 0.311849 0.738889 0.312630 0.743519 0.312630 0.744907 0.313151 0.747685 0.313932 0.750463 0.314714 0.752315 0.316016 0.754630 0.316016 0.755093 0.317318 0.757407 0.318099 0.760185 0.319141 0.762963 0.319141 0.763889 0.319922 0.766204 0.320182 0.768519 0.320964 0.771296 0.322005 0.773611 0.322526 0.775463 0.323047 0.779167 0.324609 0.784259 0.325391 0.787500 0.325391 0.788426 0.326172 0.791204 0.326823 0.792361 0.329948 0.794213 0.331120 0.796296 0.331380 0.797685 0.332552 0.799769 0.333724 0.801389 0.333724 0.803704 0.333464 0.804630 0.331641 0.807870 0.330339 0.812037 0.329818 0.815278 0.329818 0.818056 0.329557 0.818519 0.329557 0.821759 0.328516 0.827778 0.327734 0.829167 0.326693 0.831944 0.325911 0.836111 0.325391 0.837500 0.325391 0.839352 0.324609 0.842593 0.324349 0.844444 0.324349 0.850463 0.323828 0.852778 0.322526 0.855093 0.322526 0.856481 0.321745 0.858333 0.319661 0.865278 0.319401 0.867593 0.317578 0.871759 0.317318 0.873611 0.316797 0.875000 0.315755 0.881019 0.314974 0.884259 0.314453 0.888426 0.313672 0.891667 0.313672 0.894444 0.313411 0.894907 0.313411 0.897222 0.312891 0.900000 0.312891 0.901852 0.311849 0.905556 0.310807 0.907407 0.310286 0.910185 0.309766 0.911111 0.309505 0.914815 0.308984 0.918981 0.308464 0.920833 0.308203 0.923611 0.307682 0.925926 0.306901 0.928241 0.306380 0.930556 0.305859 0.931481 0.304818 0.935648 0.303906 0.937269 0.301823 0.939120 0.300521 0.940972 0.298958 0.942361 0.297656 0.942824 0.293490 0.942824 0.293229 0.943287
 6 0.185286 0.896759 0.186068 0.895370 0.186198 0.892824 0.184635 0.892824 0.184766 0.896759 0.185286 0.896759
 2 0.298177 0.966435 0.288021 0.966435 0.287760 0.965972 0.273177 0.965972 0.272917 0.966435 0.264844 0.966435 0.264583 0.965972 0.260156 0.965972 0.259896 0.966435 0.235156 0.966435 0.234896 0.965972 0.190625 0.965972 0.190365 0.966435 0.189062 0.965972 0.187240 0.965972 0.185938 0.965509 0.183854 0.963194 0.182552 0.960880 0.182292 0.960880 0.179036 0.955093 0.179036 0.954630 0.175130 0.947685 0.174609 0.944907 0.173568 0.941667 0.173568 0.939352 0.174089 0.937500 0.175130 0.935648 0.175651 0.932870 0.177344 0.928009 0.178255 0.929630 0.178516 0.931944 0.178516 0.934722 0.179036 0.937500 0.180208 0.940046 0.182292 0.941435 0.188281 0.941435 0.188542 0.940972 0.203906 0.940972 0.204167 0.941435 0.205469 0.941435 0.205729 0.940972 0.250781 0.940972 0.251042 0.941435 0.253125 0.941435 0.253385 0.940972 0.264062 0.940972 0.264323 0.941435 0.280729 0.941435 0.280990 0.941898 0.298958 0.941898 0.299740 0.941435 0.302604 0.938657 0.303776 0.936574 0.305339 0.930556 0.306380 0.927778 0.306901 0.924537 0.307422 0.923148 0.307682 0.920833 0.308724 0.917130 0.308984 0.914815 0.309766 0.912037 0.309766 0.910648 0.310286 0.908796 0.311328 0.902315 0.311328 0.900926 0.311849 0.899074 0.312370 0.895370 0.312891 0.893981 0.313932 0.888426 0.314974 0.884259 0.316016 0.877778 0.316797 0.875463 0.316797 0.874537 0.317578 0.872222 0.317839 0.869907 0.318620 0.866667 0.318620 0.865278 0.319141 0.863426 0.319141 0.862037 0.319661 0.860648 0.319922 0.858333 0.320964 0.854630 0.323568 0.841204 0.324089 0.838889 0.324870 0.836574 0.326693 0.828704 0.326953 0.826389 0.327474 0.824537 0.327474 0.822685 0.328255 0.819444 0.328516 0.817130 0.330339 0.809722 0.330078 0.806481 0.328776 0.803241 0.328516 0.801852 0.328516 0.795833 0.329427 0.794213 0.330208 0.794213 0.332813 0.796991 0.333333 0.796991 0.334505 0.799074 0.335547 0.803241 0.336068 0.804167 0.337109 0.808333 0.338672 0.815278 0.338932 0.817593 0.338932 0.825000 0.338411 0.827315 0.337109 0.834259 0.336849 0.837500 0.336328 0.838889 0.336068 0.841204 0.335547 0.842593 0.335286 0.845370 0.334245 0.850463 0.332422 0.860185 0.332161 0.860648 0.331120 0.866204 0.331120 0.867593 0.330078 0.872222 0.330078 0.873148 0.329297 0.875463 0.329036 0.878241 0.328516 0.879630 0.327995 0.882870 0.326953 0.886574 0.326693 0.889815 0.325651 0.894444 0.325651 0.895833 0.324609 0.901389 0.324089 0.902778 0.323568 0.906481 0.322005 0.913426 0.321484 0.917130 0.319401 0.927315 0.318880 0.929167 0.318880 0.930556 0.318359 0.931944 0.317318 0.939352 0.315755 0.947222 0.313932 0.955093 0.313151 0.957407 0.311979 0.959491 0.309375 0.961806 0.308854 0.962731 0.306771 0.964583 0.304688 0.965509 0.303125 0.965509 0.302865 0.965972 0.298438 0.965972 0.298177 0.966435
 4 0.497396 0.666898 0.493229 0.666898 0.492969 0.666435 0.490104 0.665046 0.487630 0.660648 0.486328 0.655556 0.486068 0.653241 0.486068 0.650000 0.485807 0.648148 0.486068 0.647685 0.486068 0.642593 0.486328 0.642130 0.486328 0.639815 0.487109 0.636574 0.489583 0.632176 0.493229 0.629861 0.496615 0.629861 0.497917 0.630324 0.499479 0.631713 0.501042 0.634028 0.502083 0.634954 0.503255 0.637037 0.504297 0.641204 0.504297 0.644907 0.504557 0.645370 0.504557 0.651389 0.504297 0.651852 0.504297 0.655093 0.504036 0.656481 0.502734 0.660185 0.502734 0.660648 0.501302 0.663194 0.499740 0.664583 0.499219 0.665509 0.497396 0.666898
 4 0.472135 0.613657 0.470052 0.613657 0.468490 0.612269 0.467969 0.612269 0.466146 0.610417 0.464453 0.607407 0.463932 0.606019 0.462891 0.600000 0.462891 0.596759 0.462630 0.596296 0.462630 0.591204 0.463151 0.588889 0.463151 0.587500 0.463932 0.584722 0.465625 0.581713 0.467708 0.579861 0.468750 0.579861 0.470052 0.578935 0.471615 0.578935 0.471875 0.579398 0.474740 0.579398 0.475000 0.579861 0.476823 0.580787 0.478516 0.583796 0.479297 0.586111 0.480078 0.589815 0.480078 0.593981 0.480339 0.594444 0.480339 0.599537 0.480078 0.600000 0.480078 0.602778 0.479297 0.606481 0.477604 0.609491 0.475781 0.611343 0.475260 0.612269 0.473958 0.613194 0.472396 0.613194 0.472135 0.613657
 3 0.448958 0.616898 0.446615 0.616898 0.443750 0.614583 0.441797 0.611574 0.440755 0.608333 0.440495 0.606481 0.440495 0.603241 0.440234 0.602778 0.440234 0.599537 0.440495 0.599074 0.440495 0.596759 0.441536 0.592130 0.442057 0.590741 0.443229 0.589120 0.445573 0.587731 0.446875 0.587731 0.447135 0.587269 0.450000 0.587269 0.451042 0.586806 0.451302 0.587269 0.452604 0.587269 0.453906 0.587731 0.454948 0.588657 0.456120 0.591204 0.456901 0.594907 0.457422 0.599537 0.457422 0.601852 0.457161 0.602315 0.457161 0.605556 0.456901 0.607407 0.456120 0.610185 0.454948 0.612269 0.454167 0.613194 0.452344 0.614583 0.451302 0.615972 0.450521 0.616435 0.449219 0.616435 0.448958 0.616898
 3 0.501563 0.633565 0.499740 0.632176 0.497656 0.631713 0.497396 0.631250 0.496094 0.631250 0.495833 0.630787 0.492969 0.630787 0.492188 0.631250 0.490365 0.633102 0.489063 0.633102 0.488151 0.631481 0.487630 0.629167 0.487630 0.626389 0.487370 0.625926 0.487370 0.619907 0.488411 0.616204 0.490365 0.613194 0.493750 0.610880 0.495573 0.610880 0.495833 0.611343 0.498177 0.611343 0.499219 0.611806 0.501042 0.613194 0.502734 0.616204 0.503776 0.620370 0.503776 0.625000 0.503516 0.625463 0.503516 0.627778 0.502734 0.631944 0.501563 0.633565
 6 0.451562 0.769676 0.449740 0.769676 0.449479 0.769213 0.447917 0.769213 0.447656 0.768750 0.418750 0.768750 0.418490 0.768287 0.416406 0.768287 0.415625 0.767824 0.413932 0.764815 0.412370 0.760185 0.412370 0.758796 0.411849 0.756944 0.411849 0.755556 0.411328 0.754167 0.410807 0.749074 0.410286 0.746759 0.410286 0.744907 0.409766 0.742593 0.409245 0.737037 0.408464 0.733796 0.407943 0.730093 0.407943 0.728241 0.407422 0.725926 0.407422 0.723611 0.407161 0.721296 0.406641 0.719444 0.406380 0.717130 0.406380 0.714352 0.405599 0.710648 0.405599 0.709722 0.404818 0.706019 0.404818 0.703704 0.404557 0.703241 0.404557 0.700000 0.404297 0.699537 0.404297 0.697222 0.404036 0.695370 0.403516 0.693981 0.403516 0.692593 0.402995 0.691204 0.402734 0.688426 0.401953 0.685185 0.401953 0.682407 0.401693 0.681944 0.401693 0.677315 0.401953 0.676852 0.401953 0.674074 0.402214 0.673611 0.402214 0.671296 0.402995 0.665741 0.403516 0.663889 0.403516 0.662037 0.404036 0.659722 0.404036 0.657870 0.404557 0.655093 0.404557 0.652778 0.404818 0.652315 0.405339 0.647685 0.405339 0.645833 0.405859 0.643519 0.406120 0.641204 0.406120 0.638426 0.407682 0.630556 0.407682 0.628704 0.408203 0.626389 0.408203 0.624537 0.408724 0.622222 0.408724 0.619907 0.409245 0.617593 0.409245 0.616204 0.410026 0.612037 0.410286 0.608796 0.411068 0.602778 0.411589 0.600926 0.411589 0.599074 0.413151 0.593519 0.414062 0.591435 0.416146 0.590046 0.417448 0.590046 0.417708 0.589583 0.419792 0.589583 0.420052 0.589120 0.436458 0.589120 0.438021 0.590046 0.439063 0.590046 0.441146 0.591435 0.441797 0.592593 0.441797 0.594444 0.441016 0.598148 0.441016 0.605556 0.441276 0.607870 0.442057 0.610648 0.442969 0.612269 0.444010 0.613194 0.444792 0.613194 0.445573 0.614120 0.447135 0.614583 0.450000 0.614583 0.451042 0.614120 0.453385 0.611343 0.455339 0.607870 0.455859 0.606481 0.456120 0.604167 0.456641 0.602315 0.456641 0.599074 0.456120 0.597222 0.454557 0.594444 0.454297 0.592593 0.455469 0.590972 0.460677 0.590972 0.462370 0.592130 0.462630 0.593519 0.462630 0.595833 0.462891 0.596296 0.462891 0.600463 0.463672 0.604630 0.464193 0.606481 0.466927 0.611343 0.467969 0.611806 0.468750 0.612731 0.469792 0.613194 0.472656 0.613194 0.472917 0.612731 0.474219 0.612731 0.476042 0.611343 0.477604 0.609491 0.478776 0.607407 0.479557 0.604630 0.479818 0.601852 0.480078 0.601389 0.480078 0.591667 0.480599 0.589352 0.481771 0.587731 0.482812 0.587269 0.493229 0.587269 0.493490 0.587731 0.496354 0.587731 0.496615 0.587269 0.502604 0.587269 0.502865 0.586806 0.507552 0.586806 0.508594 0.587269 0.510026 0.589815 0.510286 0.591667 0.510807 0.593056 0.511068 0.594907 0.511068 0.598611 0.511328 0.599074 0.511328 0.606019 0.511589 0.606481 0.511589 0.624537 0.511849 0.625000 0.511849 0.646296 0.512109 0.646759 0.512109 0.654167 0.512370 0.654630 0.512370 0.681019 0.512630 0.681481 0.512630 0.700463 0.512891 0.700926 0.512891 0.759722 0.512630 0.760185 0.512370 0.763426 0.510938 0.765972 0.509375 0.766435 0.509115 0.766898 0.507292 0.766898 0.507031 0.767361 0.503646 0.767361 0.503385 0.767824 0.495573 0.767824 0.495312 0.767361 0.493490 0.767361 0.493229 0.767824 0.491146 0.767824 0.490885 0.768287 0.487760 0.768287 0.487500 0.767824 0.476823 0.767824 0.476562 0.768287 0.458333 0.768287 0.458073 0.768750 0.454427 0.768750 0.454167 0.769213 0.451823 0.769213 0.451562 0.769676
 6 0.496484 0.667130 0.497917 0.666898 0.498698 0.665972 0.501042 0.664120 0.502734 0.661574 0.503255 0.659259 0.504036 0.656944 0.504297 0.654630 0.504297 0.646759 0.504557 0.646296 0.504557 0.643056 0.504297 0.642593 0.504297 0.640278 0.504036 0.638889 0.502995 0.635648 0.502995 0.630093 0.503255 0.629630 0.503255 0.625926 0.503516 0.625463 0.503516 0.620370 0.502474 0.615741 0.501302 0.613657 0.498698 0.611806 0.497135 0.611806 0.496875 0.611343 0.492969 0.611343 0.492708 0.611806 0.491406 0.611806 0.490104 0.612731 0.488932 0.614815 0.488151 0.618056 0.487370 0.620370 0.487370 0.623611 0.487630 0.624074 0.487630 0.626389 0.487891 0.626852 0.487891 0.635185 0.486849 0.637963 0.486068 0.641204 0.486068 0.643519 0.485807 0.643981 0.485807 0.650926 0.486068 0.651389 0.486068 0.653704 0.486328 0.654167 0.486589 0.656944 0.487891 0.661111 0.490104 0.665046 0.491667 0.666435 0.493229 0.666898 0.493490 0.667361 0.496354 0.667361 0.496484 0.667130
 6 0.497786 0.742130 0.498828 0.740741 0.499609 0.737037 0.499870 0.734259 0.500391 0.732870 0.501172 0.729167 0.502734 0.724074 0.502734 0.723148 0.503516 0.720370 0.503776 0.717593 0.502995 0.713889 0.502083 0.712269 0.501302 0.711806 0.498177 0.711806 0.497917 0.711343 0.493750 0.711343 0.491406 0.712269 0.490234 0.714352 0.489714 0.716667 0.489714 0.719444 0.490755 0.723148 0.492318 0.726852 0.493359 0.730556 0.494401 0.735648 0.494661 0.738426 0.495833 0.740972 0.497135 0.742361 0.497786 0.742130
 4 0.643229 0.603472 0.640365 0.603472 0.640104 0.603009 0.634375 0.603009 0.633333 0.602546 0.631901 0.600926 0.631380 0.597685 0.631380 0.592130 0.631901 0.587500 0.632422 0.585648 0.634115 0.582639 0.634896 0.581713 0.635677 0.581713 0.636979 0.580787 0.638281 0.580324 0.640104 0.580324 0.640365 0.580787 0.642969 0.580787 0.644010 0.581713 0.645312 0.582176 0.646615 0.583565 0.648828 0.587500 0.650391 0.592593 0.650391 0.599537 0.649219 0.601620 0.646354 0.603009 0.643490 0.603009 0.643229 0.603472
 4 0.778125 0.615046 0.774219 0.615046 0.773177 0.614120 0.770833 0.613194 0.767448 0.610417 0.765885 0.608565 0.764193 0.605556 0.763411 0.602315 0.763411 0.596296 0.763672 0.593981 0.764453 0.592130 0.764974 0.589815 0.766536 0.585185 0.766797 0.583796 0.767708 0.582176 0.769271 0.581250 0.770573 0.581250 0.770833 0.580787 0.773177 0.580787 0.773438 0.581250 0.776042 0.581250 0.776302 0.581713 0.778646 0.582639 0.781510 0.585417 0.784505 0.590741 0.785286 0.593519 0.785286 0.596296 0.785026 0.596759 0.785026 0.600463 0.782682 0.610185 0.780990 0.613194 0.779427 0.614583 0.778125 0.615046
 5 0.741146 0.613657 0.739323 0.613657 0.738281 0.612731 0.735156 0.611343 0.734375 0.610417 0.732552 0.609028 0.730859 0.606019 0.730078 0.602315 0.730078 0.593981 0.730339 0.591667 0.730859 0.589352 0.731380 0.583333 0.732161 0.580093 0.733854 0.577083 0.735677 0.575231 0.736719 0.574769 0.741146 0.574769 0.742188 0.575231 0.744531 0.577083 0.745573 0.578472 0.746745 0.580556 0.747005 0.582407 0.747005 0.592130 0.746745 0.592593 0.746745 0.595370 0.746484 0.595833 0.746484 0.601389 0.745964 0.605556 0.744401 0.610648 0.743229 0.612269 0.741406 0.613194 0.741146 0.613657
 8 0.000000 0.150694 0.003125 0.150694 0.003385 0.150231 0.006510 0.150231 0.006771 0.150694 0.009896 0.151620 0.011328 0.154167 0.012109 0.156944 0.013151 0.161574 0.015495 0.166667 0.016536 0.170370 0.017057 0.173148 0.019661 0.179630 0.022786 0.189352 0.023568 0.192593 0.024349 0.194907 0.024870 0.197222 0.025781 0.199306 0.026042 0.199306 0.027995 0.204167 0.030339 0.211111 0.031901 0.214815 0.033464 0.220370 0.034766 0.223148 0.035026 0.224537 0.036328 0.229167 0.037109 0.230556 0.039193 0.236111 0.039974 0.238889 0.039974 0.239815 0.040755 0.242130 0.041797 0.243981 0.042839 0.247222 0.045443 0.252778 0.046484 0.256019 0.047266 0.259259 0.047786 0.260648 0.048047 0.262500 0.050130 0.267130 0.050911 0.270370 0.051953 0.273148 0.054036 0.276852 0.055599 0.281481 0.055859 0.283333 0.057682 0.287037 0.058203 0.288889 0.059245 0.290741 0.060286 0.293981 0.061849 0.297222 0.062630 0.299537 0.063411 0.303704 0.064193 0.305556 0.064453 0.306944 0.067057 0.313426 0.067318 0.314815 0.069141 0.318056 0.069922 0.319907 0.071484 0.325926 0.072526 0.328704 0.073828 0.331019 0.073828 0.331481 0.075130 0.333796 0.077214 0.338889 0.078516 0.343519 0.078776 0.345370 0.080859 0.350000 0.081901 0.353241 0.082943 0.355556 0.083464 0.357407 0.084766 0.359722 0.084766 0.360185 0.086328 0.363889 0.086849 0.367130 0.087370 0.368519 0.088542 0.370602 0.088672 0.371296 0.090755 0.375000 0.091536 0.377315 0.092578 0.379167 0.093880 0.382870 0.094401 0.385185 0.094401 0.386574 0.095182 0.389352 0.097786 0.394907 0.097786 0.395370 0.100391 0.401389 0.101432 0.404630 0.102734 0.409722 0.104036 0.412963 0.105339 0.415278 0.105339 0.415741 0.106641 0.418056 0.106641 0.418519 0.108203 0.421759 0.108984 0.425000 0.109505 0.426389 0.109766 0.428704 0.110547 0.431481 0.113151 0.436111 0.114193 0.438889 0.114974 0.442130 0.117057 0.446759 0.117839 0.449074 0.117839 0.450000 0.118880 0.453241 0.122005 0.458796 0.123828 0.464815 0.123828 0.465741 0.125130 0.470833 0.126823 0.473843 0.127083 0.473843 0.128516 0.476389 0.128516 0.476852 0.132161 0.485648 0.132161 0.486111 0.133724 0.488889 0.134245 0.491667 0.134245 0.493981 0.135026 0.496759 0.135937 0.497454 0.137109 0.499537 0.137891 0.503241 0.137891 0.504167 0.139453 0.507407 0.141016 0.513426 0.141536 0.514352 0.143359 0.520370 0.146094 0.526620 0.146354 0.526620 0.147526 0.528704 0.147526 0.529167 0.148828 0.531944 0.150391 0.537500 0.151562 0.539120 0.152734 0.541204 0.154297 0.546296 0.155078 0.547685 0.156120 0.551389 0.156120 0.552315 0.156901 0.554630 0.158333 0.556713 0.159635 0.557176 0.160677 0.558102 0.161328 0.559722 0.161589 0.562037 0.161589 0.565741 0.162500 0.569676 0.164323 0.570602 0.164974 0.571759 0.164453 0.573611 0.163151 0.575463 0.162630 0.578241 0.161719 0.579861 0.160417 0.581250 0.159896 0.581250 0.158073 0.583102 0.156510 0.584028 0.154948 0.585880 0.152083 0.590972 0.149219 0.594676 0.146615 0.596528 0.146094 0.596528 0.142448 0.599306 0.140495 0.602778 0.140495 0.603241 0.138542 0.606713 0.136719 0.608565 0.136198 0.608565 0.134115 0.610417 0.133073 0.610417 0.131771 0.611343 0.130729 0.611343 0.129167 0.612269 0.127344 0.614120 0.125130 0.618981 0.124870 0.620370 0.123438 0.622917 0.121875 0.623843 0.120573 0.625231 0.119271 0.625694 0.117188 0.627083 0.114583 0.631713 0.114323 0.631713 0.113021 0.634028 0.111458 0.635880 0.108333 0.638657 0.106510 0.640046 0.105990 0.640046 0.104167 0.641435 0.102734 0.643981 0.102734 0.644444 0.101432 0.646759 0.100781 0.648380 0.099219 0.650231 0.098698 0.650231 0.094271 0.653472 0.093750 0.653472 0.092448 0.654861 0.091927 0.654861 0.089583 0.658102 0.087500 0.659491 0.086719 0.660417 0.085156 0.663194 0.084115 0.664583 0.083594 0.664583 0.081250 0.666898 0.079427 0.668287 0.078646 0.668287 0.076823 0.669676 0.076042 0.670602 0.074219 0.673843 0.073958 0.673843 0.070573 0.678472 0.068229 0.680324 0.066667 0.681250 0.065104 0.682639 0.063932 0.684259 0.063151 0.686574 0.060677 0.692361 0.059375 0.693750 0.057161 0.697222 0.056380 0.700000 0.056380 0.701389 0.055859 0.703704 0.056380 0.705556 0.058073 0.707176 0.061589 0.713426 0.062370 0.716204 0.062370 0.717593 0.062891 0.719907 0.064062 0.721991 0.065625 0.723380 0.066797 0.725463 0.066797 0.725926 0.067969 0.728009 0.068229 0.728009 0.069661 0.731019 0.070443 0.735185 0.071875 0.737731 0.072917 0.738194 0.073698 0.739120 0.075911 0.743056 0.076693 0.746296 0.076953 0.749074 0.077604 0.750694 0.079427 0.752083 0.080208 0.752083 0.081380 0.754167 0.082682 0.759722 0.083203 0.760648 0.083464 0.762500 0.083984 0.763889 0.085156 0.765046 0.088281 0.765972 0.088672 0.767593 0.088411 0.768981 0.087500 0.770139 0.086328 0.772222 0.085026 0.777315 0.084766 0.781019 0.084245 0.783796 0.083464 0.786111 0.083464 0.787037 0.082292 0.789120 0.080208 0.791435 0.078776 0.793981 0.077474 0.798611 0.077214 0.800926 0.076693 0.802315 0.075260 0.804861 0.074479 0.805324 0.070703 0.812037 0.069922 0.815278 0.068880 0.817593 0.067057 0.820833 0.066536 0.822685 0.064844 0.826157 0.064583 0.826157 0.063411 0.828241 0.062109 0.831944 0.060547 0.835648 0.060026 0.838426 0.059245 0.840741 0.057552 0.843750 0.055990 0.845139 0.054557 0.847685 0.053516 0.851389 0.053516 0.852778 0.052734 0.856019 0.051302 0.858565 0.050000 0.859954 0.048307 0.862963 0.048307 0.863426 0.047005 0.866204 0.045443 0.872222 0.044271 0.874769 0.044010 0.874769 0.041797 0.878704 0.041797 0.879167 0.039453 0.883333 0.039193 0.884722 0.038411 0.886574 0.036589 0.889815 0.035807 0.891667 0.034766 0.894907 0.033984 0.896759 0.032682 0.899074 0.030599 0.903704 0.030078 0.906481 0.029818 0.910185 0.029557 0.911574 0.028646 0.913657 0.025781 0.915972 0.024349 0.918056 0.023568 0.920833 0.022266 0.927315 0.019922 0.931481 0.019141 0.934259 0.017448 0.937731 0.016536 0.938889 0.015234 0.942593 0.013672 0.946296 0.013151 0.948611 0.012109 0.950926 0.011068 0.954630 0.009635 0.957176 0.008724 0.958333 0.007422 0.962500 0.007161 0.965278 0.006641 0.967593 0.005208 0.969676 0.004427 0.970139 0.001302 0.975694 0.000000 0.975694
