 0 0.156250 0.410880 0.151562 0.410880 0.151302 0.410417 0.147917 0.410417 0.147656 0.409954 0.145833 0.409954 0.144010 0.408565 0.141927 0.408102 0.141667 0.407639 0.137760 0.406250 0.135677 0.404398 0.133594 0.403472 0.132031 0.402083 0.128646 0.400694 0.128385 0.400231 0.126562 0.399769 0.125521 0.398843 0.122135 0.396991 0.121354 0.395602 0.119271 0.393287 0.116276 0.387963 0.116276 0.387500 0.113151 0.381944 0.111849 0.378241 0.110677 0.376157 0.110417 0.376157 0.109245 0.374074 0.108203 0.371296 0.103776 0.363426 0.103776 0.362963 0.101953 0.359722 0.101953 0.359259 0.100391 0.355556 0.097266 0.350000 0.096745 0.348148 0.094531 0.344213 0.094271 0.344213 0.091016 0.338426 0.090234 0.336111 0.088672 0.332407 0.088411 0.331019 0.085026 0.325000 0.085026 0.324537 0.083594 0.321528 0.083333 0.321528 0.082161 0.319444 0.081120 0.316667 0.080339 0.313426 0.077474 0.306944 0.077474 0.306481 0.074349 0.300926 0.073047 0.297222 0.069922 0.291667 0.068620 0.287963 0.066797 0.284722 0.066797 0.284259 0.065495 0.281481 0.065234 0.280093 0.064453 0.278241 0.061589 0.273148 0.060807 0.269907 0.060286 0.268981 0.059766 0.266667 0.058203 0.262500 0.054557 0.256019 0.054036 0.254167 0.052604 0.251620 0.052344 0.251620 0.049349 0.246296 0.048307 0.243981 0.046224 0.237037 0.044922 0.233333 0.044401 0.230556 0.044401 0.229167 0.043880 0.227315 0.043620 0.224074 0.043099 0.221759 0.042839 0.219444 0.042839 0.216204 0.043099 0.215741 0.043099 0.211574 0.044141 0.203704 0.044922 0.200926 0.044922 0.200000 0.045964 0.196296 0.047266 0.193056 0.048047 0.189815 0.049870 0.185648 0.051432 0.180093 0.053255 0.176389 0.054036 0.173611 0.055078 0.171296 0.057161 0.167593 0.057161 0.167130 0.059245 0.163426 0.059245 0.162963 0.061068 0.159722 0.062109 0.156944 0.066536 0.149074 0.066536 0.148611 0.068490 0.145139 0.068750 0.145139 0.071615 0.140046 0.071875 0.140046 0.073177 0.137731 0.073438 0.137731 0.076042 0.133102 0.076302 0.133102 0.078385 0.129398 0.078646 0.129398 0.080208 0.126620 0.080469 0.126620 0.082552 0.123380 0.083333 0.122917 0.084375 0.121528 0.086458 0.117824 0.087760 0.116898 0.089063 0.115509 0.090885 0.112269 0.093490 0.109954 0.094271 0.109028 0.097005 0.104167 0.098047 0.101389 0.098307 0.100000 0.099740 0.097454 0.100781 0.096528 0.103125 0.092361 0.105990 0.089583 0.107292 0.087269 0.110417 0.084028 0.112500 0.082639 0.113281 0.082639 0.114323 0.081713 0.115104 0.080324 0.116406 0.078935 0.118750 0.077083 0.121094 0.076157 0.122135 0.075231 0.123438 0.073380 0.124740 0.072454 0.125260 0.071528 0.128646 0.069213 0.129427 0.069213 0.131250 0.067824 0.131771 0.067824 0.133073 0.066435 0.134896 0.065509 0.135677 0.064583 0.137760 0.063657 0.138021 0.063194 0.139323 0.063194 0.139583 0.062731 0.141146 0.062731 0.141406 0.062269 0.143229 0.061806 0.144271 0.060880 0.145573 0.060417 0.146354 0.059491 0.148177 0.059028 0.149479 0.058102 0.151302 0.058102 0.151562 0.057639 0.158594 0.057639 0.160156 0.058565 0.160938 0.059491 0.161979 0.059954 0.169792 0.059954 0.170052 0.059491 0.171615 0.059491 0.171875 0.059028 0.173177 0.059028 0.173437 0.058565 0.182812 0.058565 0.183073 0.059028 0.184896 0.059028 0.187240 0.060417 0.188542 0.060880 0.189844 0.060880 0.190104 0.061343 0.191667 0.061343 0.191927 0.061806 0.193229 0.061806 0.194531 0.062731 0.195312 0.062731 0.197135 0.063657 0.199740 0.066435 0.201563 0.067824 0.203385 0.070139 0.204948 0.071528 0.206771 0.074769 0.209375 0.077546 0.210547 0.079630 0.210547 0.080093 0.215495 0.088889 0.216276 0.091204 0.217318 0.093056 0.218099 0.095370 0.219271 0.096991 0.220573 0.097917 0.222005 0.100463 0.222005 0.100926 0.223958 0.104398 0.225000 0.105324 0.226432 0.107870 0.227474 0.110648 0.228646 0.112269 0.230208 0.115046 0.231510 0.116898 0.234896 0.120139 0.236198 0.122454 0.236458 0.122454 0.238672 0.127315 0.238932 0.128704 0.240755 0.131944 0.240755 0.132407 0.244010 0.138194 0.246615 0.140972 0.247656 0.142361 0.253385 0.152546 0.253646 0.152546 0.257552 0.159491 0.257812 0.159491 0.260286 0.163889 0.261068 0.166204 0.264714 0.172685 0.264714 0.173148 0.266276 0.175926 0.268620 0.182870 0.268880 0.186111 0.269401 0.187963 0.269661 0.190741 0.270182 0.192130 0.270964 0.195370 0.270964 0.196296 0.271745 0.198611 0.272005 0.201389 0.272786 0.205093 0.272786 0.206944 0.273307 0.209259 0.274089 0.215278 0.274349 0.215741 0.274609 0.218981 0.275130 0.221296 0.275130 0.222685 0.275911 0.225926 0.276432 0.229630 0.276953 0.231019 0.277214 0.233333 0.277734 0.234722 0.277734 0.236111 0.278255 0.237963 0.278255 0.239352 0.278776 0.241667 0.278776 0.243981 0.279036 0.244444 0.279036 0.246759 0.279297 0.247222 0.279557 0.250463 0.280339 0.253704 0.280339 0.255093 0.280859 0.257407 0.281120 0.259722 0.281120 0.262037 0.281380 0.262500 0.281380 0.264815 0.281641 0.265278 0.281641 0.269907 0.281901 0.270370 0.281901 0.274537 0.281380 0.276852 0.281380 0.278704 0.280859 0.281019 0.280859 0.282870 0.280339 0.285185 0.279818 0.290278 0.279036 0.292593 0.278776 0.294907 0.277734 0.297685 0.277214 0.300463 0.273828 0.306481 0.273307 0.308796 0.272266 0.311574 0.268490 0.318287 0.266667 0.320139 0.264714 0.323611 0.263411 0.327315 0.262240 0.329398 0.259115 0.331713 0.257292 0.333565 0.254948 0.337731 0.253125 0.339120 0.250260 0.342824 0.247396 0.345602 0.245573 0.346528 0.244271 0.347917 0.243750 0.347917 0.241406 0.349769 0.239323 0.352083 0.238802 0.352083 0.232292 0.358565 0.229427 0.359491 0.227865 0.360417 0.226302 0.361806 0.225000 0.364120 0.222917 0.365972 0.221094 0.366898 0.218229 0.369213 0.217448 0.370602 0.216146 0.371991 0.212500 0.373843 0.211719 0.374769 0.208594 0.377546 0.208073 0.377546 0.204167 0.380324 0.202083 0.382639 0.200781 0.384954 0.199479 0.385417 0.198437 0.386343 0.197656 0.386343 0.196094 0.387269 0.190365 0.392361 0.189062 0.393287 0.188281 0.393287 0.185677 0.395139 0.183594 0.396991 0.182292 0.398843 0.179688 0.400694 0.177604 0.402546 0.175260 0.403472 0.174219 0.404398 0.172135 0.404861 0.168750 0.407176 0.167969 0.407176 0.166927 0.408102 0.165104 0.408565 0.164062 0.409491 0.161979 0.409954 0.161719 0.410417 0.156510 0.410417 0.156250 0.410880
 7 0.108073 0.998380 0.105469 0.998380 0.105208 0.997917 0.095573 0.997917 0.094792 0.997454 0.093880 0.995833 0.094141 0.992130 0.094401 0.991667 0.094401 0.989352 0.094922 0.987037 0.094922 0.985185 0.095443 0.982870 0.096224 0.977778 0.096745 0.976389 0.096745 0.975000 0.097266 0.973148 0.097266 0.971759 0.098047 0.968519 0.098307 0.965278 0.098828 0.962963 0.098828 0.961574 0.100391 0.955556 0.100651 0.952778 0.102214 0.946759 0.102474 0.943519 0.103516 0.938889 0.103776 0.936574 0.104297 0.935185 0.104818 0.931944 0.105859 0.928241 0.106120 0.925926 0.106641 0.924074 0.106901 0.921296 0.107682 0.918519 0.109505 0.912963 0.110026 0.909259 0.110807 0.905093 0.111068 0.900926 0.111328 0.900463 0.111589 0.897685 0.114714 0.886574 0.114714 0.885648 0.115755 0.881481 0.116536 0.876389 0.117839 0.870833 0.118359 0.867593 0.119141 0.865278 0.119661 0.860648 0.120703 0.856944 0.121224 0.854167 0.121745 0.850000 0.124609 0.839815 0.125130 0.835648 0.125651 0.834259 0.125911 0.831481 0.126432 0.828704 0.126953 0.827778 0.127734 0.823611 0.128255 0.822222 0.128516 0.819907 0.130078 0.812500 0.130859 0.810648 0.131120 0.809259 0.132292 0.807176 0.133333 0.805787 0.135156 0.803935 0.136458 0.803472 0.137240 0.802546 0.138802 0.801620 0.139583 0.801620 0.140625 0.800694 0.141927 0.800231 0.143229 0.800231 0.143490 0.799769 0.144792 0.799769 0.145052 0.799306 0.146354 0.799306 0.147656 0.798843 0.150781 0.796991 0.151823 0.796991 0.153646 0.795602 0.155990 0.795139 0.157292 0.794213 0.158594 0.793750 0.160156 0.793750 0.160417 0.793287 0.161979 0.793287 0.162240 0.792824 0.163542 0.792824 0.165104 0.791898 0.166406 0.791898 0.166667 0.791435 0.167969 0.791435 0.168229 0.790972 0.169531 0.790972 0.169792 0.790509 0.171094 0.790509 0.171354 0.790046 0.174479 0.789120 0.174740 0.788657 0.176042 0.788657 0.176302 0.788194 0.177604 0.788194 0.177865 0.787731 0.179688 0.787269 0.179948 0.786806 0.181250 0.786806 0.182812 0.785880 0.184115 0.785880 0.185677 0.784954 0.187240 0.784954 0.188542 0.784491 0.189844 0.783565 0.190885 0.783565 0.191927 0.782639 0.194010 0.781713 0.195052 0.781713 0.196354 0.780787 0.198177 0.780324 0.198437 0.779861 0.199740 0.779861 0.201302 0.778935 0.202604 0.778935 0.202865 0.778472 0.204167 0.778472 0.204427 0.778009 0.205729 0.778009 0.205990 0.777546 0.207292 0.777546 0.207552 0.777083 0.208854 0.777083 0.210156 0.776620 0.211458 0.775694 0.212240 0.775694 0.213281 0.774769 0.214844 0.774769 0.216406 0.773843 0.218750 0.773380 0.219010 0.772917 0.220312 0.772917 0.220573 0.772454 0.221875 0.772454 0.222135 0.771991 0.223438 0.771991 0.223698 0.771528 0.225000 0.771528 0.226302 0.771065 0.227604 0.770139 0.228646 0.770139 0.231250 0.769213 0.232552 0.768287 0.234375 0.767824 0.234635 0.767361 0.237760 0.766435 0.239323 0.765509 0.240625 0.765509 0.240885 0.765046 0.242188 0.765046 0.242448 0.764583 0.243750 0.764583 0.245312 0.763657 0.246615 0.763657 0.246875 0.763194 0.249219 0.762731 0.251302 0.761343 0.253385 0.760880 0.253646 0.760417 0.254948 0.760417 0.257292 0.759028 0.259896 0.758102 0.260937 0.758102 0.262240 0.757176 0.263281 0.757176 0.264844 0.756250 0.265885 0.756250 0.267188 0.755324 0.268490 0.755324 0.268750 0.754861 0.270052 0.754861 0.270313 0.754398 0.271615 0.754398 0.271875 0.753935 0.273438 0.753935 0.273698 0.753472 0.276302 0.753472 0.276562 0.753935 0.278906 0.754861 0.280208 0.756250 0.282813 0.758565 0.283594 0.759028 0.285938 0.762269 0.286458 0.762269 0.288802 0.764583 0.289323 0.764583 0.292187 0.767361 0.295052 0.771065 0.295573 0.771065 0.297917 0.772917 0.298438 0.773843 0.299740 0.774769 0.300521 0.776157 0.303385 0.778935 0.303906 0.778935 0.308073 0.782639 0.309375 0.784491 0.310677 0.785880 0.313281 0.788194 0.314583 0.789583 0.315885 0.790509 0.316927 0.791898 0.318229 0.792824 0.320312 0.793750 0.322135 0.795602 0.323437 0.796065 0.324740 0.796065 0.325000 0.796528 0.326562 0.796991 0.327083 0.797917 0.329948 0.800694 0.331380 0.803241 0.332161 0.807407 0.332161 0.810648 0.331901 0.811111 0.331901 0.814815 0.331641 0.815278 0.331641 0.820370 0.331380 0.820833 0.331380 0.824537 0.331120 0.825000 0.331120 0.827778 0.330859 0.828241 0.330859 0.831944 0.330599 0.832407 0.330599 0.835648 0.330339 0.836111 0.330339 0.838426 0.330078 0.838889 0.330078 0.841667 0.329818 0.842130 0.329818 0.844444 0.329557 0.846759 0.329036 0.849074 0.329036 0.851389 0.328776 0.851852 0.328776 0.854167 0.328516 0.854630 0.328516 0.857870 0.328255 0.858333 0.328255 0.862037 0.327995 0.862500 0.327995 0.865741 0.327734 0.866204 0.327734 0.868981 0.327474 0.869444 0.327474 0.873611 0.327214 0.874074 0.327214 0.878704 0.326953 0.879167 0.326953 0.885185 0.326693 0.885648 0.326693 0.892593 0.326432 0.893056 0.326432 0.896759 0.326172 0.897222 0.326172 0.904630 0.325911 0.905093 0.325911 0.908796 0.325651 0.909259 0.325651 0.912037 0.325391 0.912500 0.325391 0.918981 0.325130 0.919444 0.325130 0.922685 0.324870 0.923148 0.324870 0.925926 0.324609 0.926389 0.324609 0.934259 0.324349 0.934722 0.324349 0.937500 0.324089 0.937963 0.324089 0.941204 0.323828 0.941667 0.323828 0.945833 0.323568 0.946296 0.323568 0.950000 0.323307 0.950463 0.323307 0.954167 0.323047 0.954630 0.323047 0.959259 0.322786 0.959722 0.322786 0.962500 0.322526 0.962963 0.322526 0.966204 0.322266 0.966667 0.322266 0.970370 0.322005 0.970833 0.322005 0.975463 0.321745 0.975926 0.321745 0.978704 0.321484 0.979167 0.321484 0.983333 0.321224 0.983796 0.321224 0.986111 0.320443 0.991667 0.319661 0.994444 0.318490 0.996528 0.316927 0.997454 0.307812 0.997454 0.307552 0.996991 0.304167 0.996991 0.303906 0.997454 0.301563 0.997454 0.301302 0.996991 0.296615 0.996991 0.296354 0.997454 0.294010 0.997454 0.293750 0.996991 0.284115 0.996991 0.283854 0.996528 0.282292 0.996528 0.282031 0.996991 0.264583 0.996991 0.264323 0.996528 0.262240 0.996528 0.261979 0.996991 0.233854 0.996991 0.233594 0.997454 0.231771 0.997454 0.231510 0.996991 0.219792 0.996991 0.219531 0.996528 0.202344 0.996528 0.202083 0.996065 0.199740 0.996065 0.199479 0.996528 0.195573 0.996528 0.195312 0.996991 0.192969 0.996991 0.192708 0.997454 0.178906 0.997454 0.178646 0.997917 0.108333 0.997917 0.108073 0.998380
 3 0.448177 0.821991 0.443490 0.821991 0.440885 0.820139 0.439323 0.818287 0.438542 0.816898 0.437500 0.815972 0.436719 0.814583 0.435937 0.814120 0.432943 0.808796 0.431901 0.805556 0.431120 0.801389 0.430859 0.799074 0.430859 0.791667 0.431120 0.791204 0.431380 0.787500 0.431901 0.786111 0.432161 0.784259 0.432682 0.783333 0.433203 0.781019 0.433984 0.779630 0.434766 0.777315 0.437240 0.772917 0.438281 0.771991 0.439583 0.770139 0.442188 0.767824 0.443750 0.767361 0.444010 0.766898 0.445312 0.766898 0.445573 0.766435 0.448437 0.766435 0.449740 0.767361 0.452083 0.768287 0.453125 0.769676 0.453906 0.770139 0.456901 0.775463 0.459766 0.785185 0.460286 0.787963 0.460286 0.789815 0.460807 0.792593 0.460807 0.800000 0.460547 0.802315 0.459766 0.805093 0.458724 0.809722 0.457943 0.811574 0.454688 0.817361 0.453125 0.819213 0.450781 0.821065 0.449740 0.821065 0.448177 0.821991
 4 0.486458 0.807639 0.481510 0.807639 0.480469 0.806713 0.478646 0.806250 0.477604 0.805324 0.476302 0.803472 0.475260 0.802546 0.471484 0.795833 0.470703 0.793519 0.469661 0.791204 0.468099 0.787037 0.467057 0.781944 0.467057 0.770370 0.467318 0.769907 0.467318 0.767593 0.468359 0.762963 0.469401 0.759259 0.470443 0.756481 0.473698 0.750694 0.476042 0.748380 0.479167 0.745602 0.480469 0.745602 0.482031 0.744676 0.483333 0.744676 0.483594 0.745139 0.486198 0.745139 0.487240 0.745602 0.488802 0.746991 0.490365 0.747917 0.491406 0.749306 0.492969 0.752083 0.493229 0.752083 0.494922 0.755093 0.494922 0.755556 0.496224 0.757870 0.498047 0.763889 0.498568 0.764815 0.499349 0.767593 0.499609 0.769907 0.500391 0.773611 0.500391 0.778704 0.500651 0.779167 0.500391 0.781019 0.500391 0.783333 0.500130 0.785648 0.499349 0.790278 0.498568 0.793056 0.498047 0.793981 0.497266 0.796759 0.494531 0.801620 0.493750 0.802546 0.490625 0.805324 0.490104 0.805324 0.486458 0.807639
 3 0.535156 0.862731 0.530469 0.862731 0.529167 0.862269 0.527604 0.860417 0.526823 0.859954 0.523958 0.856713 0.520703 0.850926 0.519922 0.848611 0.518620 0.845833 0.517578 0.842130 0.517057 0.837963 0.516797 0.837500 0.516797 0.825926 0.517578 0.820833 0.518359 0.818519 0.519141 0.815278 0.519922 0.813426 0.522396 0.809028 0.522656 0.809028 0.524219 0.806713 0.526823 0.804398 0.528646 0.803009 0.530208 0.803009 0.530469 0.802546 0.533594 0.802546 0.535156 0.803472 0.536458 0.803472 0.540104 0.806713 0.541667 0.808565 0.543880 0.812500 0.544661 0.815278 0.545182 0.816204 0.545964 0.819444 0.546484 0.820370 0.547526 0.825000 0.547786 0.828241 0.548047 0.828704 0.548047 0.834259 0.548307 0.834722 0.548307 0.837037 0.548047 0.837500 0.548047 0.841204 0.547266 0.846296 0.545964 0.850463 0.542969 0.855787 0.541667 0.857176 0.540365 0.859028 0.536719 0.862269 0.535417 0.862269 0.535156 0.862731
 4 0.541146 0.937731 0.537240 0.937731 0.536979 0.937269 0.534896 0.936806 0.533594 0.935880 0.532031 0.934028 0.531250 0.933565 0.529427 0.931250 0.528125 0.928935 0.527865 0.928935 0.524609 0.923148 0.524609 0.922685 0.523307 0.920370 0.522266 0.918056 0.521484 0.915741 0.521224 0.913889 0.519922 0.908333 0.519661 0.906481 0.519661 0.903704 0.519401 0.903241 0.519401 0.900463 0.519141 0.900000 0.519141 0.896759 0.519401 0.896296 0.519401 0.891667 0.519922 0.889352 0.519922 0.887963 0.520703 0.883796 0.521484 0.881944 0.522526 0.878241 0.524349 0.875000 0.524349 0.874537 0.525781 0.871991 0.526563 0.871528 0.528646 0.868750 0.530208 0.867361 0.530729 0.867361 0.532552 0.865972 0.533854 0.865509 0.538802 0.865509 0.539062 0.865972 0.540365 0.865972 0.541406 0.866435 0.543750 0.868750 0.545052 0.869676 0.547396 0.872454 0.549349 0.875926 0.549349 0.876389 0.551172 0.879630 0.553255 0.886574 0.553255 0.887500 0.554036 0.889815 0.555078 0.894907 0.555078 0.896296 0.555599 0.898148 0.555599 0.900926 0.555859 0.901389 0.555859 0.910185 0.555599 0.910648 0.555599 0.913426 0.555078 0.915278 0.554818 0.917593 0.553255 0.923148 0.552734 0.924074 0.552214 0.926389 0.549479 0.931250 0.547917 0.933102 0.546615 0.934028 0.546094 0.934954 0.545052 0.935417 0.543490 0.936806 0.541146 0.937731
 6 0.420312 0.998380 0.406250 0.998380 0.405990 0.997917 0.392708 0.997917 0.392448 0.998380 0.383854 0.998380 0.383073 0.997917 0.381901 0.995833 0.381901 0.991667 0.381641 0.991204 0.381641 0.980556 0.381901 0.980093 0.381901 0.971759 0.382161 0.971296 0.382161 0.964815 0.382422 0.964352 0.382422 0.958796 0.382161 0.958333 0.382161 0.944907 0.382422 0.944444 0.382422 0.925926 0.382682 0.925463 0.382682 0.912963 0.382943 0.912500 0.382943 0.902778 0.383203 0.902315 0.383203 0.893056 0.383464 0.892593 0.383464 0.879167 0.383724 0.878704 0.383724 0.866204 0.383984 0.865741 0.383984 0.841204 0.384505 0.838889 0.384766 0.836574 0.384766 0.828704 0.385026 0.828241 0.385026 0.816667 0.385286 0.816204 0.385286 0.808333 0.385547 0.807870 0.385547 0.795370 0.385807 0.794907 0.385807 0.787037 0.386068 0.786574 0.386068 0.783796 0.386328 0.783333 0.386328 0.780556 0.386589 0.780093 0.386589 0.775000 0.387760 0.772454 0.391406 0.770139 0.392708 0.770139 0.395313 0.769213 0.396875 0.768287 0.398177 0.768287 0.399740 0.767361 0.401042 0.767361 0.401302 0.766898 0.402604 0.766898 0.403906 0.766435 0.405208 0.765509 0.407552 0.765046 0.410417 0.763657 0.411979 0.763657 0.412240 0.763194 0.414583 0.762731 0.414844 0.762269 0.416146 0.762269 0.416406 0.761806 0.418229 0.761343 0.419271 0.760417 0.423698 0.758565 0.425000 0.758565 0.426563 0.757639 0.427865 0.757639 0.428125 0.757176 0.430469 0.756713 0.430729 0.756250 0.432031 0.756250 0.432292 0.755787 0.433594 0.755787 0.433854 0.755324 0.435417 0.755324 0.435677 0.754861 0.437240 0.754861 0.437500 0.754398 0.439323 0.754398 0.439583 0.753935 0.441146 0.753935 0.441406 0.753472 0.442969 0.753472 0.443229 0.753009 0.444792 0.753009 0.445052 0.752546 0.446354 0.752546 0.446615 0.752083 0.448958 0.751620 0.449219 0.751157 0.451042 0.750694 0.451823 0.749769 0.454427 0.748380 0.459635 0.746528 0.460938 0.746528 0.461198 0.746065 0.463542 0.745602 0.464583 0.744676 0.466406 0.744213 0.468490 0.742824 0.469792 0.742361 0.473698 0.742361 0.473958 0.741898 0.477604 0.741898 0.477865 0.741435 0.479167 0.741435 0.479427 0.740972 0.482552 0.740046 0.484896 0.738194 0.486198 0.737731 0.487760 0.737731 0.488021 0.737269 0.489844 0.737269 0.490104 0.736806 0.493490 0.736806 0.493750 0.736343 0.495312 0.736343 0.497917 0.735417 0.499219 0.734491 0.500521 0.734028 0.501823 0.734028 0.504687 0.732639 0.505990 0.732639 0.507292 0.732176 0.508594 0.731250 0.510156 0.731250 0.510417 0.730787 0.512500 0.730324 0.513542 0.729398 0.515625 0.728935 0.515885 0.728472 0.517188 0.728472 0.521354 0.726620 0.522656 0.726620 0.524219 0.725694 0.525521 0.725694 0.527083 0.724769 0.528385 0.724769 0.528646 0.724306 0.529948 0.724306 0.532813 0.722917 0.534115 0.722917 0.534375 0.722454 0.535677 0.722454 0.535937 0.721991 0.537500 0.721991 0.537760 0.721528 0.539323 0.721528 0.539583 0.721065 0.542448 0.721065 0.542708 0.720602 0.545573 0.720602 0.545833 0.721065 0.547396 0.721065 0.549479 0.722454 0.551172 0.725463 0.551172 0.725926 0.552474 0.730093 0.552474 0.731019 0.553255 0.734259 0.553516 0.737500 0.554036 0.739352 0.554297 0.742130 0.554818 0.743519 0.555599 0.748611 0.556641 0.751852 0.557943 0.754167 0.559505 0.759259 0.560547 0.765741 0.560547 0.767130 0.561068 0.768519 0.561589 0.772685 0.562109 0.775463 0.563151 0.779630 0.563932 0.781944 0.563932 0.783333 0.564714 0.787500 0.566797 0.795833 0.567057 0.799074 0.567839 0.801852 0.568099 0.805556 0.568880 0.809722 0.568880 0.812963 0.569141 0.813426 0.569141 0.816204 0.569401 0.816667 0.569401 0.819907 0.569661 0.822222 0.570703 0.828241 0.570964 0.830556 0.570964 0.832870 0.571745 0.837037 0.571745 0.839352 0.572005 0.839815 0.572005 0.842130 0.572266 0.842593 0.572266 0.844907 0.572526 0.845370 0.572526 0.847685 0.572786 0.848148 0.572786 0.851389 0.573047 0.851852 0.573047 0.854167 0.573307 0.854630 0.573568 0.858796 0.574089 0.861111 0.574870 0.868981 0.575130 0.869444 0.575651 0.873148 0.575651 0.875463 0.576693 0.881944 0.576693 0.883796 0.577474 0.890278 0.577995 0.892130 0.578255 0.894444 0.578255 0.896759 0.578516 0.897222 0.578516 0.900000 0.578776 0.900463 0.578776 0.902778 0.579297 0.905556 0.579297 0.908333 0.579557 0.908796 0.579557 0.912037 0.579818 0.914352 0.580599 0.917593 0.580859 0.920833 0.581120 0.921296 0.581901 0.926852 0.582161 0.930093 0.582682 0.931944 0.582682 0.933333 0.583203 0.935185 0.583724 0.939352 0.583724 0.941667 0.583984 0.942130 0.583984 0.944444 0.584245 0.944907 0.584245 0.947222 0.584505 0.947685 0.584505 0.950463 0.584766 0.950926 0.584766 0.954167 0.585026 0.954630 0.585026 0.957407 0.585286 0.957870 0.585286 0.960185 0.585547 0.962037 0.586328 0.965278 0.586328 0.966667 0.586849 0.968519 0.587109 0.972685 0.587630 0.975463 0.587630 0.978241 0.587370 0.978704 0.587370 0.982407 0.585547 0.988426 0.583854 0.991435 0.583333 0.991898 0.580990 0.992361 0.579688 0.993287 0.578906 0.993287 0.576823 0.994676 0.575521 0.995139 0.573698 0.995139 0.573438 0.995602 0.568229 0.995602 0.567969 0.996065 0.565885 0.996065 0.565625 0.996528 0.558333 0.996528 0.558073 0.996991 0.552604 0.996991 0.552344 0.997454 0.533073 0.997454 0.529948 0.995602 0.528906 0.993750 0.527604 0.993287 0.516146 0.993287 0.515885 0.993750 0.514583 0.993750 0.514323 0.994213 0.510677 0.994213 0.510417 0.994676 0.507812 0.994676 0.507552 0.995139 0.505469 0.995139 0.505208 0.995602 0.502865 0.995602 0.502604 0.996065 0.496354 0.996065 0.496094 0.996528 0.492448 0.996528 0.492188 0.996991 0.489844 0.996991 0.489583 0.997454 0.441927 0.997454 0.441667 0.997917 0.420573 0.997917 0.420312 0.998380
 6 0.486589 0.807870 0.489323 0.807176 0.492708 0.804861 0.495833 0.801157 0.497526 0.798148 0.498828 0.793056 0.499349 0.791667 0.500130 0.787500 0.500130 0.785185 0.500391 0.784722 0.500391 0.781944 0.500651 0.781481 0.500651 0.774074 0.500391 0.771759 0.499870 0.769444 0.499609 0.767130 0.498047 0.762500 0.497526 0.760185 0.497005 0.759259 0.495964 0.756019 0.492708 0.750231 0.490625 0.747917 0.487240 0.746065 0.483594 0.746065 0.483333 0.746528 0.479687 0.746528 0.479427 0.746991 0.477865 0.746991 0.475000 0.748380 0.472917 0.750231 0.470964 0.753704 0.469922 0.756481 0.469401 0.758796 0.468359 0.761574 0.468099 0.763889 0.467318 0.767593 0.467318 0.769907 0.467057 0.770370 0.467057 0.772685 0.466797 0.773148 0.466797 0.780556 0.467318 0.782870 0.468099 0.788889 0.469141 0.792130 0.469922 0.793981 0.474219 0.801620 0.474479 0.801620 0.475781 0.803935 0.476042 0.803935 0.478125 0.806250 0.479687 0.807176 0.480469 0.807176 0.481510 0.808102 0.486458 0.808102 0.486589 0.807870
 6 0.448828 0.822222 0.451042 0.821528 0.454688 0.817361 0.458464 0.810648 0.459505 0.807407 0.460807 0.802778 0.461068 0.800926 0.461068 0.796759 0.461328 0.794444 0.461068 0.793981 0.461068 0.791667 0.460547 0.789352 0.460547 0.787500 0.460026 0.785648 0.460026 0.784259 0.459505 0.781944 0.458464 0.779630 0.457682 0.777315 0.456380 0.775000 0.456380 0.774537 0.453385 0.769213 0.451302 0.767361 0.449740 0.766898 0.448177 0.765972 0.445833 0.765972 0.445573 0.766435 0.443750 0.766435 0.442708 0.766898 0.439063 0.769676 0.437500 0.771528 0.435807 0.774537 0.435026 0.776852 0.432943 0.781481 0.432161 0.783796 0.431120 0.787963 0.430859 0.789815 0.430859 0.793056 0.430599 0.793519 0.430599 0.796759 0.430859 0.797222 0.430859 0.800926 0.431120 0.801389 0.431380 0.804167 0.431901 0.805556 0.432422 0.808333 0.435937 0.814583 0.436979 0.815509 0.437760 0.816898 0.439323 0.818750 0.442448 0.821528 0.444010 0.821991 0.444271 0.822454 0.448698 0.822454 0.448828 0.822222
 6 0.532943 0.786574 0.535417 0.785417 0.536458 0.785417 0.538281 0.783565 0.539974 0.780556 0.539714 0.778704 0.538542 0.776620 0.537500 0.775694 0.536458 0.775694 0.534896 0.776620 0.534115 0.777546 0.532552 0.778472 0.531120 0.780556 0.530859 0.781481 0.531120 0.784722 0.532031 0.786343 0.532943 0.786574
 6 0.542057 0.937500 0.544271 0.936806 0.545833 0.934954 0.549479 0.931250 0.552214 0.926389 0.552214 0.925926 0.553776 0.921759 0.554557 0.918981 0.555339 0.913426 0.555599 0.912963 0.555599 0.910185 0.555859 0.909722 0.555859 0.901852 0.555599 0.901389 0.555599 0.898611 0.555078 0.896296 0.555078 0.894444 0.554557 0.891667 0.553776 0.889352 0.553255 0.887037 0.552734 0.886111 0.551953 0.882870 0.551432 0.881944 0.550651 0.878704 0.550130 0.877315 0.546875 0.871528 0.546615 0.871528 0.545312 0.869213 0.542969 0.866435 0.541667 0.865509 0.540495 0.863426 0.541536 0.861111 0.542057 0.859259 0.544661 0.854630 0.546484 0.849537 0.547786 0.843519 0.547786 0.839815 0.548047 0.839352 0.548047 0.828704 0.547786 0.828241 0.547526 0.824074 0.547005 0.821296 0.545964 0.818519 0.545443 0.816204 0.544922 0.815278 0.544141 0.812037 0.541927 0.808102 0.540104 0.806250 0.538802 0.805324 0.535937 0.803935 0.534635 0.803935 0.534375 0.803472 0.529687 0.803472 0.529427 0.803935 0.527083 0.804861 0.526302 0.805787 0.524479 0.806713 0.522135 0.809028 0.521224 0.810648 0.520703 0.812500 0.518880 0.816667 0.518620 0.818056 0.517839 0.819907 0.517578 0.822222 0.517057 0.823611 0.517057 0.825000 0.516536 0.827315 0.516536 0.837963 0.517318 0.840741 0.517318 0.841667 0.518880 0.846296 0.519141 0.847685 0.520182 0.850463 0.523698 0.856713 0.523958 0.856713 0.525521 0.859028 0.526823 0.860417 0.529167 0.862269 0.530729 0.863194 0.531120 0.863889 0.531120 0.865278 0.530469 0.865972 0.527344 0.871528 0.525521 0.873380 0.524089 0.875926 0.524089 0.876389 0.522526 0.879167 0.522266 0.880556 0.521224 0.882870 0.520443 0.885648 0.520182 0.887963 0.519401 0.891667 0.519401 0.896296 0.519141 0.896759 0.519141 0.900000 0.519401 0.900463 0.519401 0.903704 0.519661 0.904167 0.519661 0.906944 0.519922 0.907407 0.520182 0.910648 0.521484 0.915741 0.522005 0.916667 0.523047 0.919907 0.525391 0.924074 0.525391 0.924537 0.527865 0.928935 0.529167 0.930787 0.530469 0.932176 0.531771 0.934491 0.533594 0.936343 0.536979 0.937731 0.541927 0.937731 0.542057 0.937500
 3 0.676562 0.748380 0.671875 0.748380 0.671615 0.747917 0.670052 0.747917 0.667969 0.746528 0.666667 0.746065 0.665104 0.744676 0.663802 0.742361 0.663542 0.742361 0.661068 0.737963 0.658984 0.732870 0.658464 0.730556 0.658203 0.728241 0.657682 0.725926 0.657682 0.712037 0.658203 0.709259 0.658984 0.706944 0.659245 0.704630 0.660547 0.700463 0.661719 0.698380 0.661979 0.698380 0.663542 0.696065 0.666146 0.694213 0.668750 0.692824 0.669010 0.692361 0.674479 0.692361 0.674740 0.692824 0.676302 0.692824 0.677604 0.693287 0.681250 0.696065 0.682031 0.696991 0.684505 0.701389 0.685286 0.703241 0.685547 0.704630 0.687109 0.708333 0.687891 0.710648 0.688672 0.716204 0.688672 0.726389 0.687630 0.731481 0.686849 0.734259 0.686328 0.735185 0.685807 0.737500 0.684245 0.741667 0.682813 0.744213 0.681771 0.745602 0.679948 0.746528 0.679167 0.747454 0.678125 0.747917 0.676823 0.747917 0.676562 0.748380
 4 0.700521 0.882639 0.697396 0.882639 0.697135 0.882176 0.695052 0.881713 0.693229 0.880324 0.692708 0.880324 0.691406 0.878935 0.687240 0.875694 0.685937 0.873843 0.683203 0.868981 0.683203 0.868519 0.681380 0.865278 0.679818 0.860185 0.679557 0.857870 0.679036 0.856481 0.678255 0.850926 0.677995 0.850463 0.677995 0.846759 0.677734 0.846296 0.677734 0.841667 0.677995 0.841204 0.677995 0.837500 0.678255 0.837037 0.678255 0.834722 0.678516 0.834259 0.679036 0.830093 0.679818 0.827315 0.680339 0.826389 0.681120 0.823611 0.683333 0.819676 0.683594 0.819676 0.684896 0.817361 0.687760 0.815046 0.689323 0.813194 0.691406 0.812731 0.692708 0.811806 0.694010 0.811806 0.694271 0.812269 0.696875 0.812269 0.698177 0.812731 0.699219 0.813657 0.700000 0.813657 0.701562 0.815046 0.704688 0.817361 0.706250 0.819676 0.707552 0.821065 0.709766 0.825000 0.709766 0.825463 0.712630 0.830556 0.712891 0.831944 0.713932 0.834722 0.714453 0.837500 0.714974 0.838889 0.715234 0.841667 0.715755 0.843519 0.715755 0.847222 0.716016 0.847685 0.716016 0.852315 0.715755 0.852778 0.715755 0.855556 0.715495 0.857870 0.714974 0.859722 0.714453 0.863426 0.712891 0.868981 0.712370 0.870370 0.709635 0.875231 0.707812 0.877546 0.707031 0.878009 0.705729 0.879861 0.704688 0.880787 0.702083 0.882176 0.700781 0.882176 0.700521 0.882639
 4 0.771875 0.864120 0.765104 0.864120 0.764844 0.863657 0.763542 0.863657 0.761198 0.861806 0.759896 0.861343 0.756771 0.858102 0.755469 0.857176 0.753646 0.854861 0.751042 0.850231 0.750781 0.850231 0.749349 0.847685 0.748568 0.845833 0.747786 0.843056 0.746224 0.838426 0.745964 0.836111 0.745443 0.833796 0.745443 0.831481 0.745182 0.831019 0.745182 0.827315 0.744922 0.826852 0.744922 0.821759 0.745182 0.819444 0.745964 0.814815 0.747526 0.810185 0.747786 0.808796 0.748828 0.806481 0.752604 0.799769 0.755208 0.796528 0.756510 0.795602 0.758073 0.795139 0.759375 0.794213 0.761458 0.794213 0.761719 0.793750 0.766146 0.793750 0.766406 0.794213 0.768229 0.794213 0.769792 0.795139 0.771615 0.795602 0.774740 0.798843 0.775521 0.799306 0.778125 0.802546 0.779427 0.804398 0.782943 0.810648 0.783724 0.812963 0.784505 0.814352 0.786589 0.821296 0.786849 0.824537 0.787630 0.828704 0.787630 0.838426 0.786849 0.842130 0.786849 0.843519 0.786068 0.846296 0.785286 0.848148 0.782682 0.852778 0.782682 0.853241 0.780990 0.855787 0.777083 0.859954 0.776302 0.860417 0.774740 0.862269 0.773438 0.862731 0.771875 0.864120
 4 0.842448 0.846991 0.837500 0.846991 0.836198 0.846065 0.833333 0.845139 0.829688 0.842361 0.828125 0.841435 0.825000 0.838194 0.822396 0.834954 0.818359 0.827778 0.817578 0.825000 0.815755 0.819444 0.814974 0.816204 0.814193 0.809722 0.814193 0.806019 0.813932 0.805556 0.813932 0.801389 0.814714 0.797685 0.814974 0.794907 0.816016 0.791667 0.818099 0.786574 0.820573 0.782176 0.820833 0.782176 0.822917 0.778472 0.823958 0.777546 0.825260 0.775694 0.826562 0.774769 0.828906 0.773843 0.829167 0.773380 0.830469 0.773380 0.830729 0.772917 0.835417 0.772917 0.835677 0.773380 0.836979 0.773380 0.837240 0.773843 0.838542 0.773843 0.839844 0.774769 0.840885 0.774769 0.842448 0.776157 0.845052 0.778009 0.845833 0.778935 0.849479 0.782176 0.851302 0.784954 0.852604 0.786343 0.855599 0.791667 0.855599 0.792130 0.857161 0.794907 0.858724 0.798611 0.858724 0.799074 0.860026 0.801852 0.860807 0.805556 0.861068 0.807870 0.861068 0.818056 0.860547 0.819907 0.860547 0.821296 0.860026 0.823148 0.859766 0.825463 0.858984 0.828241 0.854427 0.836343 0.854167 0.836343 0.851823 0.840509 0.850781 0.841898 0.848958 0.843750 0.845833 0.845602 0.844010 0.846065 0.842448 0.846991
 4 0.802344 0.715046 0.799219 0.715046 0.797917 0.714583 0.795312 0.712731 0.794010 0.712269 0.792708 0.711343 0.790885 0.709491 0.790104 0.709028 0.788542 0.706713 0.787240 0.705324 0.785937 0.703472 0.782682 0.697685 0.781380 0.694444 0.780078 0.689815 0.779818 0.686574 0.779557 0.686111 0.779297 0.681944 0.779557 0.681481 0.779557 0.676852 0.779818 0.675000 0.780339 0.673611 0.780599 0.671296 0.781120 0.669907 0.781380 0.667593 0.781901 0.666204 0.782682 0.662963 0.783984 0.660185 0.784505 0.658333 0.786458 0.654861 0.788021 0.653009 0.789583 0.652083 0.790365 0.651157 0.792448 0.650694 0.794010 0.649769 0.796354 0.649769 0.796615 0.649306 0.799740 0.649306 0.800000 0.649769 0.802604 0.649769 0.803906 0.650231 0.806250 0.651620 0.807031 0.651620 0.809115 0.653472 0.812500 0.657176 0.814063 0.659954 0.817448 0.662731 0.818359 0.664352 0.819661 0.669444 0.819922 0.671759 0.819922 0.675000 0.820182 0.675463 0.820182 0.685185 0.819661 0.688889 0.818880 0.693056 0.818099 0.695370 0.818099 0.696296 0.817318 0.698611 0.816276 0.700463 0.814974 0.704630 0.812500 0.709028 0.810937 0.710880 0.809635 0.711806 0.808333 0.712269 0.806250 0.713657 0.805208 0.713657 0.803906 0.714583 0.802604 0.714583 0.802344 0.715046
 5 0.734375 0.707639 0.728385 0.707639 0.725521 0.705787 0.725000 0.704861 0.723698 0.703935 0.722135 0.701620 0.719531 0.698843 0.718359 0.696296 0.717318 0.691667 0.717057 0.689352 0.717057 0.685648 0.716797 0.685185 0.716797 0.682870 0.717318 0.678241 0.719141 0.671759 0.720833 0.668750 0.725000 0.665509 0.727083 0.665046 0.727344 0.664583 0.730469 0.664583 0.730729 0.665046 0.732292 0.665046 0.733854 0.665972 0.736979 0.668750 0.738802 0.671528 0.739844 0.672454 0.742318 0.676852 0.742839 0.678241 0.743099 0.680093 0.743880 0.682407 0.744661 0.687963 0.744661 0.693981 0.744141 0.696759 0.743620 0.698148 0.741406 0.702083 0.740104 0.703935 0.737760 0.706250 0.736198 0.707176 0.734635 0.707176 0.734375 0.707639
 5 0.787240 0.785880 0.783073 0.785880 0.782813 0.785417 0.780729 0.785417 0.780469 0.784954 0.779167 0.784954 0.777604 0.783565 0.777083 0.783565 0.774219 0.780787 0.772396 0.778009 0.769792 0.775231 0.767578 0.771296 0.766797 0.769444 0.765755 0.765741 0.765495 0.763426 0.764974 0.762037 0.764453 0.757870 0.764453 0.755093 0.764193 0.754630 0.764193 0.752315 0.764974 0.748148 0.764974 0.746759 0.766276 0.743056 0.768229 0.739583 0.769531 0.738194 0.770964 0.735648 0.772005 0.731944 0.773568 0.728241 0.774740 0.726157 0.775000 0.726157 0.776823 0.723380 0.778906 0.721528 0.779948 0.721065 0.782292 0.721065 0.783594 0.720602 0.783854 0.721065 0.786719 0.721065 0.788021 0.721991 0.789323 0.722454 0.790625 0.723843 0.793229 0.725694 0.796094 0.729398 0.796354 0.729398 0.799870 0.735648 0.800911 0.740741 0.801432 0.742130 0.801432 0.743519 0.801953 0.745370 0.801953 0.754167 0.801432 0.756944 0.800651 0.759722 0.799609 0.762037 0.799349 0.763426 0.798568 0.765278 0.797396 0.767361 0.797135 0.767361 0.796224 0.769907 0.795964 0.772685 0.795182 0.775926 0.794401 0.777778 0.791667 0.782639 0.790104 0.784028 0.788802 0.784491 0.787240 0.785880
 5 0.720052 0.801620 0.716667 0.801620 0.715365 0.801157 0.713021 0.799769 0.711979 0.798843 0.710677 0.796991 0.709896 0.796528 0.708594 0.794676 0.706510 0.790972 0.705469 0.790046 0.704297 0.787963 0.703776 0.786574 0.702474 0.781944 0.701172 0.773148 0.701172 0.771296 0.700651 0.769444 0.700651 0.766204 0.701432 0.762963 0.704557 0.757407 0.705078 0.755093 0.705599 0.751389 0.706120 0.750000 0.706901 0.746759 0.709896 0.741435 0.710677 0.740509 0.712760 0.739120 0.713802 0.739120 0.715365 0.738194 0.718750 0.738194 0.719010 0.738657 0.720313 0.738657 0.723177 0.740509 0.723698 0.740509 0.726042 0.742824 0.727865 0.745602 0.729167 0.746991 0.730339 0.749074 0.730339 0.749537 0.731641 0.752315 0.732161 0.755093 0.732943 0.757407 0.733464 0.760185 0.733464 0.762500 0.733724 0.762963 0.733724 0.768056 0.733464 0.769907 0.732682 0.773148 0.731641 0.780093 0.730859 0.781944 0.730859 0.784259 0.730599 0.784722 0.730599 0.787500 0.729036 0.793519 0.728516 0.794907 0.727344 0.796991 0.725000 0.799769 0.721875 0.801157 0.720313 0.801157 0.720052 0.801620
 5 0.999740 0.653935 0.998177 0.653935 0.997396 0.653472 0.996615 0.652083 0.994010 0.649306 0.987891 0.638426 0.986849 0.635185 0.986328 0.631019 0.986328 0.626389 0.986849 0.622685 0.987370 0.620370 0.989193 0.616667 0.989193 0.616204 0.991667 0.611806 0.992969 0.609954 0.995313 0.607639 0.997656 0.604398 0.998437 0.603935 0.999740 0.603935
 8 0.000000 0.730787 0.001302 0.730787 0.002344 0.731250 0.003125 0.732176 0.004687 0.733102 0.007812 0.734491 0.008594 0.735417 0.012760 0.737269 0.014844 0.737269 0.015104 0.736806 0.016667 0.736806 0.016927 0.736343 0.018490 0.736343 0.020052 0.735417 0.025000 0.735417 0.026562 0.736343 0.027344 0.737269 0.028646 0.737731 0.029948 0.738657 0.031250 0.740046 0.032813 0.740972 0.033594 0.740972 0.034635 0.741898 0.036458 0.742361 0.038802 0.743750 0.039583 0.744676 0.040885 0.745139 0.042188 0.746528 0.045052 0.748380 0.046354 0.748843 0.047656 0.748843 0.047917 0.749306 0.052604 0.749306 0.052865 0.748843 0.054427 0.748843 0.054688 0.748380 0.057031 0.747917 0.057292 0.747454 0.058594 0.747454 0.058854 0.746991 0.061198 0.746991 0.062500 0.747917 0.064844 0.748843 0.068229 0.751620 0.069531 0.752083 0.070833 0.753472 0.072135 0.753935 0.074479 0.756250 0.077474 0.761574 0.077734 0.762963 0.078776 0.766204 0.078776 0.768056 0.077995 0.771759 0.077995 0.772685 0.076953 0.776389 0.076693 0.778704 0.075130 0.783796 0.075130 0.784722 0.072526 0.793981 0.071745 0.798148 0.071484 0.798611 0.070964 0.802315 0.070443 0.803704 0.069141 0.809722 0.068099 0.812963 0.068099 0.813889 0.066016 0.820833 0.066016 0.821759 0.064974 0.825000 0.064453 0.827315 0.063932 0.831019 0.062370 0.836111 0.062370 0.837037 0.061589 0.839352 0.061068 0.843056 0.060547 0.844444 0.060286 0.846759 0.058724 0.854167 0.057682 0.857407 0.057682 0.858333 0.056380 0.862500 0.055859 0.864815 0.055339 0.868519 0.054818 0.869907 0.054557 0.872222 0.053516 0.875463 0.051693 0.883796 0.051172 0.885648 0.050651 0.888889 0.049870 0.891204 0.049349 0.894444 0.048828 0.895833 0.048307 0.899537 0.047005 0.903704 0.047005 0.904630 0.045964 0.907870 0.045443 0.911111 0.044661 0.913426 0.044661 0.914352 0.043880 0.916667 0.042578 0.923148 0.042057 0.924537 0.041797 0.926852 0.041276 0.928241 0.040495 0.931481 0.039714 0.935648 0.039714 0.936574 0.038672 0.939815 0.038151 0.942130 0.038151 0.943519 0.037109 0.948611 0.036328 0.951389 0.035807 0.955556 0.035026 0.958796 0.034245 0.961111 0.033724 0.963426 0.033464 0.965741 0.032161 0.971296 0.031901 0.973611 0.031380 0.975000 0.030339 0.979630 0.029036 0.986574 0.029036 0.987963 0.028516 0.990741 0.026953 0.995833 0.026302 0.996991 0.025260 0.997917 0.023958 0.997917 0.023698 0.998380 0.018750 0.998380 0.018490 0.997917 0.009115 0.997917 0.008854 0.998380 0.007552 0.998380 0.007292 0.998843 0.004427 0.998843 0.002865 0.997917 0.001432 0.995370 0.001432 0.990278 0.000000 0.990046
 4 0.334375 0.650694 0.330469 0.650694 0.329167 0.650231 0.327083 0.648380 0.325911 0.646296 0.324609 0.643056 0.323828 0.639352 0.323307 0.637963 0.322526 0.632870 0.322526 0.621296 0.323047 0.619444 0.324089 0.614352 0.326562 0.609954 0.327083 0.609954 0.328385 0.608565 0.329688 0.608102 0.330990 0.607176 0.332031 0.607176 0.333333 0.606250 0.335417 0.606250 0.335677 0.605787 0.338802 0.605787 0.340365 0.606713 0.342448 0.610417 0.344271 0.612269 0.345833 0.612731 0.348177 0.610880 0.349219 0.609491 0.350000 0.609028 0.351302 0.609028 0.351562 0.608565 0.352865 0.608565 0.353125 0.608102 0.354687 0.608102 0.354948 0.607639 0.356510 0.607639 0.357812 0.607176 0.358854 0.606250 0.359635 0.606250 0.361458 0.604861 0.363021 0.604861 0.363281 0.604398 0.365885 0.604398 0.366146 0.603935 0.368490 0.603472 0.368750 0.603009 0.370052 0.603009 0.370312 0.602546 0.371615 0.602546 0.374479 0.601157 0.376042 0.601157 0.376302 0.600694 0.378125 0.600694 0.378385 0.600231 0.379688 0.600231 0.381250 0.599306 0.384375 0.599306 0.384635 0.598843 0.389323 0.598843 0.389583 0.598380 0.391927 0.598380 0.392188 0.597917 0.393490 0.597917 0.393750 0.597454 0.395052 0.597454 0.396615 0.596528 0.398177 0.596528 0.398438 0.596065 0.400000 0.596065 0.400260 0.595602 0.403646 0.595602 0.403906 0.595139 0.405469 0.595139 0.407031 0.594213 0.409115 0.594213 0.409375 0.593750 0.410938 0.593750 0.411198 0.593287 0.413021 0.593287 0.413281 0.593750 0.414583 0.593750 0.414844 0.594213 0.416146 0.594213 0.417708 0.595139 0.425521 0.595139 0.425781 0.594676 0.429167 0.594676 0.429427 0.595139 0.433333 0.595139 0.433594 0.594676 0.435677 0.594676 0.436979 0.595602 0.438411 0.597685 0.438932 0.599537 0.438932 0.601852 0.437500 0.604861 0.435937 0.606250 0.434635 0.606713 0.430729 0.610417 0.430208 0.610417 0.427083 0.613657 0.426302 0.613657 0.425260 0.614583 0.423568 0.617593 0.422917 0.619213 0.421615 0.619676 0.419531 0.619676 0.417708 0.621065 0.415625 0.621528 0.415365 0.621991 0.413802 0.621991 0.413542 0.622454 0.411719 0.622454 0.411458 0.622917 0.410156 0.622917 0.409896 0.623380 0.408594 0.623380 0.408333 0.623843 0.402604 0.623843 0.402344 0.624306 0.400781 0.624306 0.400521 0.624769 0.399219 0.624769 0.398958 0.625231 0.395573 0.626620 0.394271 0.626620 0.394010 0.627083 0.392448 0.627083 0.390885 0.628009 0.389583 0.628009 0.388021 0.628935 0.386719 0.628935 0.386458 0.629398 0.384635 0.629398 0.381771 0.630787 0.380208 0.632176 0.377865 0.632176 0.377604 0.632639 0.375781 0.632639 0.375521 0.633102 0.374219 0.633102 0.372656 0.634028 0.370573 0.634028 0.370312 0.634491 0.368490 0.634491 0.368229 0.634954 0.366667 0.634954 0.366406 0.635417 0.364844 0.635417 0.364583 0.635880 0.362500 0.635880 0.362240 0.636343 0.360677 0.636343 0.357812 0.637731 0.356771 0.637731 0.354687 0.639120 0.351562 0.640046 0.349219 0.641435 0.346875 0.641435 0.345573 0.642361 0.342969 0.646991 0.341927 0.648380 0.340885 0.648843 0.339583 0.648843 0.339323 0.649306 0.338021 0.649306 0.336458 0.650231 0.334635 0.650231 0.334375 0.650694
 4 0.471094 0.635880 0.470182 0.634722 0.469922 0.633333 0.469922 0.626852 0.469661 0.626389 0.469661 0.623148 0.469401 0.622685 0.469401 0.618056 0.469661 0.617593 0.469661 0.613426 0.469922 0.612037 0.470573 0.611343 0.471224 0.611574 0.471484 0.614815 0.471745 0.615278 0.471745 0.619444 0.472005 0.619907 0.472005 0.622222 0.471745 0.622685 0.471745 0.625926 0.471484 0.626389 0.471484 0.634259 0.471094 0.635880
 3 0.389844 0.597917 0.384635 0.597917 0.383594 0.596991 0.382422 0.594907 0.382161 0.593519 0.381120 0.591204 0.380078 0.587500 0.380078 0.584722 0.379818 0.584259 0.379818 0.578704 0.380599 0.574537 0.381641 0.571296 0.384375 0.566435 0.388281 0.562731 0.391667 0.561343 0.393750 0.561343 0.394010 0.561806 0.395833 0.561806 0.397135 0.562731 0.399740 0.565972 0.401693 0.569444 0.402734 0.572222 0.403255 0.575000 0.404297 0.578704 0.404297 0.587500 0.403516 0.590278 0.402083 0.592361 0.400260 0.593750 0.398438 0.594213 0.397396 0.595139 0.391406 0.597454 0.390104 0.597454 0.389844 0.597917
