5 0.54518 0.24468 0.11536 0.31435
2 0.50404 0.50556 0.02578 0.04907
0 0.59909 0.47106 0.01328 0.02269
0 0.46810 0.52477 0.01224 0.05139
10 0.21315 0.55833 0.01745 0.03148
10 0.18945 0.56343 0.01901 0.02870
10 0.18646 0.58287 0.01823 0.03241
10 0.20638 0.59815 0.01901 0.03241
10 0.18021 0.60648 0.01875 0.03148
1 0.23073 0.63657 0.13021 0.19537
3 0.01159 0.67685 0.02318 0.11852
9 0.03581 0.67731 0.07161 0.38333
7 0.22201 0.81551 0.13620 0.17824
4 0.13620 0.34074 0.16354 0.19167
11 0.57995 0.58426 0.26250 0.32315
8 0.33477 0.90069 0.35547 0.19861
8 0.19062 0.97222 0.11771 0.05556
7 0.23945 0.66944 0.11276 0.13056
