10 0.37656 0.48935 0.29688 0.11944
10 0.39115 0.56389 0.12396 0.09074
10 0.04375 0.33681 0.05052 0.06435
10 0.03633 0.38634 0.05130 0.06713
10 0.02331 0.44884 0.04661 0.05880
0 0.55013 0.64144 0.04193 0.23194
0 0.36276 0.40810 0.11771 0.06991
0 0.47904 0.41296 0.02630 0.04444
0 0.72122 0.19537 0.03464 0.05833
0 0.93607 0.12477 0.04193 0.05880
0 0.73607 0.30208 0.01901 0.02083
1 0.13750 0.38796 0.26927 0.22315
7 0.27813 0.41620 0.01927 0.08241
7 0.19661 0.81042 0.17083 0.30139
7 0.19466 0.69630 0.04401 0.03426
11 0.77839 0.47894 0.44323 0.75972
