4 0.12161 0.16366 0.24323 0.32731
5 0.81133 0.11667 0.28464 0.23333
3 0.49740 0.86829 0.17448 0.26065
2 0.34414 0.40417 0.02474 0.04167
2 0.29818 0.41505 0.02448 0.04120
2 0.32630 0.49630 0.02865 0.04537
0 0.31888 0.37708 0.02891 0.04676
0 0.32135 0.42824 0.03073 0.04815
0 0.29701 0.46389 0.03203 0.05370
3 0.34974 0.51968 0.20052 0.33102
0 0.78424 0.55810 0.04141 0.06435
0 0.68698 0.70648 0.04115 0.07130
0 0.82409 0.66829 0.04818 0.07361
2 0.97383 0.79282 0.05234 0.13009
11 0.79714 0.74375 0.40573 0.50972
10 0.13073 0.66782 0.04844 0.06620
10 0.08372 0.67755 0.05182 0.06713
10 0.06094 0.74722 0.05625 0.06944
10 0.03385 0.69630 0.05208 0.06574
10 0.01927 0.76481 0.03854 0.06296
1 0.13945 0.79745 0.27891 0.35880
7 0.17721 0.85185 0.23828 0.29630
