5 0.73385 0.12824 0.26042 0.25648
4 0.11172 0.26273 0.22344 0.33750
0 0.28333 0.59074 0.12292 0.08056
2 0.33021 0.75116 0.03125 0.05509
0 0.36549 0.73056 0.03411 0.06019
2 0.40911 0.77523 0.03073 0.05417
0 0.40690 0.83681 0.03672 0.06991
3 0.36419 0.83634 0.22526 0.32269
11 0.30690 0.63727 0.17943 0.21806
2 0.29609 0.55949 0.02552 0.03287
0 0.65846 0.61875 0.03776 0.06065
0 0.68099 0.72662 0.03646 0.06898
0 0.61875 0.74977 0.03438 0.06713
2 0.54479 0.66319 0.02760 0.05324
0 0.55716 0.77245 0.03411 0.06620
10 0.58021 0.70116 0.02760 0.06157
10 0.59375 0.63333 0.02969 0.06019
10 0.63789 0.68102 0.02839 0.06296
0 0.62031 0.82407 0.02083 0.04907
0 0.67500 0.80602 0.02344 0.04907
0 0.56875 0.84167 0.02292 0.04815
1 0.90091 0.53310 0.04661 0.06250
10 0.83555 0.55278 0.03568 0.06389
11 0.74297 0.74236 0.51406 0.51157
1 0.11680 0.86319 0.23359 0.27083
7 0.21940 0.89005 0.06745 0.21991
