0 0.13542 0.44375 0.17083 0.07639
2 0.15469 0.40093 0.03333 0.03333
11 0.16302 0.51505 0.23802 0.28102
2 0.23685 0.56713 0.03776 0.05741
2 0.18633 0.57662 0.04089 0.05972
2 0.33008 0.60347 0.03568 0.05509
0 0.28255 0.54954 0.04063 0.06481
0 0.32409 0.66389 0.04245 0.07315
3 0.25820 0.68634 0.26849 0.34769
10 0.45807 0.46898 0.03385 0.07407
10 0.51341 0.44398 0.02734 0.07963
10 0.55221 0.48287 0.02682 0.06389
0 0.53776 0.54398 0.03281 0.06204
0 0.59323 0.51713 0.03333 0.06111
0 0.56771 0.43264 0.03021 0.05602
0 0.47930 0.57153 0.03307 0.06343
0 0.75951 0.35162 0.03464 0.05231
10 0.71341 0.36574 0.02995 0.06111
0 0.53724 0.59236 0.03073 0.15231
0 0.58385 0.60718 0.02500 0.07269
0 0.48281 0.65556 0.02240 0.07500
11 0.72305 0.65903 0.55391 0.67454
5 0.60313 0.08102 0.20781 0.16204
1 0.03464 0.77037 0.06927 0.30833
7 0.04818 0.81875 0.09635 0.28472
11 0.52630 0.57037 0.20521 0.29074
