4 0.28464 0.30093 0.14167 0.20741
5 0.73047 0.24699 0.20104 0.42639
0 0.42135 0.52222 0.08281 0.03056
2 0.42409 0.50694 0.01432 0.01759
11 0.42148 0.57222 0.09974 0.12870
1 0.29440 0.64306 0.13984 0.16667
10 0.09154 0.69444 0.02734 0.03981
1 0.14688 0.70718 0.17656 0.25324
3 0.23893 0.83356 0.18984 0.21991
7 0.25638 0.88056 0.16536 0.17222
0 0.49531 0.64861 0.01875 0.03704
0 0.47161 0.59653 0.01771 0.03472
2 0.44896 0.60208 0.01719 0.03009
2 0.49570 0.62245 0.01641 0.02269
3 0.45742 0.67847 0.11120 0.18287
0 0.64102 0.59213 0.01901 0.02315
0 0.77448 0.59815 0.02187 0.03426
10 0.73867 0.59444 0.01693 0.03889
11 0.75872 0.77245 0.42474 0.37361
9 0.08255 0.56319 0.16510 0.82546
