1 0.516276 0.547222 0.020573 0.035185
1 0.503125 0.508796 0.038021 0.065741
1 0.547135 0.485185 0.022396 0.039815
1 0.510938 0.470139 0.051042 0.064352
3 0.536068 0.578241 0.152344 0.256481
2 0.672917 0.872917 0.160938 0.252315
0 0.360677 0.693287 0.093229 0.103241
3 0.390625 0.759954 0.179167 0.251389
2 0.259245 0.835880 0.159635 0.299537
8 0.132682 0.627315 0.265365 0.740741
1 0.912370 0.712500 0.175260 0.284259
7 0.877474 0.795833 0.245052 0.405556
4 0.358854 0.300694 0.161979 0.263426
5 0.916146 0.139352 0.167708 0.278704
