0 0.691146 0.433102 0.065625 0.056019
1 0.686328 0.434028 0.113802 0.057870
1 0.719010 0.494444 0.075521 0.015741
0 0.872917 0.424537 0.029687 0.052778
1 0.925000 0.427315 0.035937 0.047222
1 0.438932 0.344444 0.091406 0.046296
1 0.506771 0.478935 0.080208 0.110648
7 0.444401 0.408796 0.120573 0.161111
7 0.799349 0.659259 0.401302 0.482407
3 0.489583 0.539583 0.138542 0.218981
2 0.296224 0.502778 0.170573 0.197222
0 0.067839 0.571065 0.033073 0.043056
3 0.137109 0.569676 0.201302 0.276389
2 0.234115 0.730324 0.222396 0.243981
8 0.085938 0.496528 0.171875 0.773611
