 centrifuge_close 2034.5 0.0 2034.5 9.0 2037.5 18.0 2037.5 26.0 2036.5 31.0 2034.5 36.0 2034.5 56.0 2033.5 57.0 2033.5 65.0 2032.5 66.0 2032.5 74.0 2031.5 75.0 2031.5 99.0 2030.5 100.0 2030.5 138.0 2029.5 139.0 2029.5 149.0 2028.5 150.0 2028.5 158.0 2027.5 159.0 2027.5 170.0 2023.5 178.0 2018.5 185.0 2016.5 191.0 2015.5 198.0 2013.5 204.0 2005.5 220.0 2001.5 230.0 1997.0 234.5 1991.0 238.5 1983.5 246.0 1975.5 257.0 1974.5 260.0 1970.0 264.5 1958.0 270.5 1955.0 271.5 1949.0 275.5 1944.0 280.5 1937.0 284.5 1923.0 293.5 1914.0 297.5 1909.0 300.5 1900.0 303.5 1898.0 303.5 1888.0 308.5 1886.0 310.5 1879.0 312.5 1876.0 314.5 1864.0 318.5 1859.0 319.5 1846.0 324.5 1819.0 329.5 1818.0 330.5 1810.0 330.5 1809.0 331.5 1804.0 331.5 1799.0 333.5 1794.0 333.5 1789.0 334.5 1785.0 336.5 1782.0 336.5 1778.0 338.5 1773.0 339.5 1765.0 339.5 1764.0 340.5 1759.0 340.5 1758.0 341.5 1749.0 342.5 1739.0 345.5 1732.0 349.5 1728.0 350.5 1719.0 350.5 1718.0 351.5 1712.0 351.5 1707.0 352.5 1702.0 354.5 1691.0 354.5 1690.0 355.5 1682.0 355.5 1671.0 358.5 1665.0 358.5 1664.0 359.5 1658.0 359.5 1653.0 360.5 1649.0 362.5 1640.0 364.5 1639.0 365.5 1630.0 367.5 1629.0 368.5 1624.0 368.5 1623.0 369.5 1612.0 369.5 1607.0 371.5 1598.0 373.5 1593.0 375.5 1588.0 375.5 1587.0 376.5 1579.0 376.5 1569.0 372.5 1564.5 368.0 1552.5 348.0 1548.5 340.0 1544.5 324.0 1540.5 318.0 1537.5 315.0 1531.5 304.0 1528.5 301.0 1524.5 293.0 1519.0 289.5 1513.0 289.5 1512.0 288.5 1482.0 288.5 1481.0 289.5 1471.0 289.5 1470.0 288.5 1462.0 288.5 1457.0 286.5 1452.5 282.0 1450.5 278.0 1450.5 273.0 1449.5 272.0 1449.5 264.0 1446.5 251.0 1444.5 246.0 1441.5 241.0 1441.5 239.0 1438.5 234.0 1435.5 222.0 1435.5 217.0 1428.5 198.0 1428.5 192.0 1427.5 191.0 1427.5 185.0 1425.5 180.0 1424.5 175.0 1424.5 170.0 1423.5 169.0 1419.5 150.0 1416.5 145.0 1414.5 140.0 1414.5 136.0 1412.5 131.0 1412.5 127.0 1408.5 117.0 1408.5 114.0 1406.5 109.0 1406.5 103.0 1405.5 102.0 1405.5 97.0 1404.5 92.0 1402.5 88.0 1402.5 85.0 1400.5 81.0 1400.5 78.0 1397.5 70.0 1397.5 66.0 1395.5 60.0 1395.5 54.0 1392.5 41.0 1391.5 40.0 1390.5 33.0 1386.5 23.0 1386.5 13.0 1387.5 12.0 1387.5 0.0
blood_tube 1689.0 1054.5 1680.0 1054.5 1675.0 1053.5 1670.5 1050.0 1665.5 1039.0 1662.5 1035.0 1657.0 1029.5 1648.0 1025.5 1644.5 1022.0 1641.5 1017.0 1641.5 1014.0 1633.5 1001.0 1632.5 997.0 1628.5 989.0 1626.5 980.0 1628.5 975.0 1628.5 971.0 1631.5 964.0 1634.5 960.0 1641.0 953.5 1647.0 949.5 1655.0 945.5 1663.0 944.5 1664.0 943.5 1679.0 943.5 1684.0 944.5 1693.0 949.5 1697.5 954.0 1698.5 958.0 1705.5 969.0 1705.5 970.0 1713.5 979.0 1715.5 983.0 1724.5 992.0 1727.5 996.0 1730.5 1003.0 1732.5 1011.0 1731.5 1015.0 1731.5 1020.0 1730.5 1025.0 1726.5 1032.0 1721.5 1037.0 1721.5 1038.0 1713.0 1045.5 1708.0 1048.5 1701.0 1051.5 1689.0 1054.5
blood_tube 1659.0 1142.5 1642.0 1142.5 1641.0 1141.5 1627.0 1134.5 1623.5 1131.0 1620.5 1124.0 1618.5 1122.0 1616.5 1117.0 1614.5 1115.0 1609.5 1104.0 1609.5 1102.0 1603.5 1091.0 1599.5 1087.0 1596.5 1082.0 1594.5 1076.0 1594.5 1062.0 1595.5 1061.0 1595.5 1056.0 1600.5 1045.0 1614.0 1031.5 1625.0 1027.5 1630.0 1026.5 1635.0 1026.5 1636.0 1025.5 1646.0 1025.5 1650.0 1026.5 1657.0 1029.5 1668.5 1044.0 1673.5 1053.0 1678.5 1058.0 1686.5 1069.0 1688.5 1074.0 1690.5 1076.0 1698.5 1089.0 1698.5 1096.0 1699.5 1097.0 1699.5 1104.0 1697.5 1109.0 1692.5 1118.0 1686.5 1125.0 1686.5 1126.0 1679.0 1133.5 1672.0 1136.5 1667.0 1139.5 1662.0 1140.5 1659.0 1142.5
blood_tube 1604.0 1238.5 1594.0 1238.5 1590.0 1236.5 1587.0 1236.5 1580.0 1233.5 1574.5 1228.0 1571.5 1224.0 1567.5 1215.0 1558.5 1204.0 1557.5 1201.0 1553.5 1195.0 1544.5 1186.0 1544.5 1185.0 1539.5 1177.0 1539.5 1160.0 1541.5 1157.0 1544.5 1150.0 1554.0 1140.5 1557.0 1138.5 1573.0 1130.5 1579.0 1128.5 1584.0 1129.5 1594.0 1133.5 1598.5 1138.0 1598.5 1139.0 1605.5 1146.0 1605.5 1147.0 1610.5 1152.0 1620.0 1164.5 1621.0 1164.5 1630.0 1173.5 1631.0 1173.5 1637.5 1179.0 1639.5 1184.0 1642.5 1189.0 1643.5 1193.0 1643.5 1205.0 1642.5 1209.0 1637.5 1218.0 1625.0 1230.5 1615.0 1236.5 1611.0 1237.5 1605.0 1237.5 1604.0 1238.5
blood_tube 2814.0 1491.5 2810.0 1491.5 2800.0 1487.5 2794.5 1483.0 2789.5 1475.0 2787.5 1467.0 2783.5 1460.0 2783.5 1455.0 2782.5 1450.0 2778.5 1440.0 2778.5 1437.0 2776.5 1433.0 2776.5 1427.0 2775.5 1426.0 2775.5 1418.0 2781.0 1412.5 2790.0 1409.5 2798.0 1405.5 2804.0 1403.5 2807.0 1403.5 2812.0 1401.5 2817.0 1401.5 2822.0 1399.5 2827.0 1398.5 2832.0 1398.5 2837.0 1397.5 2844.0 1394.5 2851.0 1393.5 2855.0 1391.5 2861.0 1391.5 2862.0 1392.5 2870.0 1392.5 2875.0 1393.5 2884.0 1396.5 2889.0 1395.5 2894.0 1392.5 2901.0 1390.5 2907.0 1390.5 2918.0 1387.5 2921.0 1384.5 2931.0 1379.5 2956.0 1373.5 2964.0 1370.5 2969.0 1369.5 2974.0 1369.5 2980.0 1367.5 2987.0 1366.5 2988.0 1365.5 2995.0 1364.5 2996.0 1363.5 3008.0 1360.5 3015.0 1359.5 3024.0 1357.5 3031.0 1354.5 3043.0 1352.5 3050.0 1349.5 3061.0 1347.5 3070.0 1344.5 3075.0 1344.5 3076.0 1343.5 3084.0 1342.5 3091.0 1339.5 3099.0 1338.5 3111.0 1335.5 3112.0 1334.5 3124.0 1332.5 3129.0 1330.5 3139.0 1328.5 3144.0 1325.5 3149.0 1324.5 3154.0 1322.5 3159.0 1322.5 3165.0 1320.5 3171.0 1320.5 3172.0 1319.5 3191.0 1319.5 3202.0 1316.5 3207.0 1313.5 3218.0 1311.5 3222.0 1309.5 3227.0 1309.5 3236.0 1306.5 3240.0 1306.5 3249.0 1303.5 3261.0 1301.5 3267.0 1299.5 3272.0 1299.5 3273.0 1298.5 3278.0 1298.5 3279.0 1297.5 3284.0 1297.5 3285.0 1296.5 3294.0 1295.5 3299.0 1297.5 3303.0 1297.5 3309.0 1299.5 3319.0 1304.5 3325.5 1310.0 3328.5 1314.0 3334.5 1325.0 3335.5 1329.0 3335.5 1342.0 3331.5 1349.0 3325.0 1355.5 3320.0 1358.5 3315.0 1359.5 3312.0 1361.5 3306.0 1363.5 3290.0 1366.5 3289.0 1367.5 3282.0 1368.5 3272.0 1372.5 3269.0 1372.5 3265.0 1374.5 3262.0 1374.5 3257.0 1376.5 3251.0 1376.5 3250.0 1377.5 3244.0 1377.5 3239.0 1379.5 3227.0 1381.5 3226.0 1382.5 3217.0 1384.5 3206.0 1390.5 3201.0 1392.5 3194.0 1393.5 3189.0 1395.5 3185.0 1395.5 3180.0 1397.5 3168.0 1399.5 3163.0 1401.5 3159.0 1401.5 3155.0 1403.5 3144.0 1405.5 3139.0 1407.5 3121.0 1411.5 3114.0 1412.5 3109.0 1414.5 3104.0 1414.5 3099.0 1415.5 3094.0 1417.5 3091.0 1417.5 3084.0 1420.5 3081.0 1420.5 3072.0 1423.5 3068.0 1423.5 3063.0 1425.5 3060.0 1425.5 3055.0 1427.5 3046.0 1428.5 3037.0 1431.5 3028.0 1433.5 3027.0 1434.5 3020.0 1435.5 3019.0 1436.5 3012.0 1437.5 3008.0 1439.5 3004.0 1439.5 2999.0 1441.5 2995.0 1441.5 2990.0 1443.5 2984.0 1443.5 2983.0 1444.5 2975.0 1445.5 2965.0 1449.5 2959.0 1449.5 2958.0 1450.5 2947.0 1450.5 2942.0 1452.5 2937.0 1453.5 2930.0 1456.5 2921.0 1458.5 2915.0 1458.5 2914.0 1459.5 2907.0 1459.5 2904.0 1460.5 2898.0 1466.5 2889.0 1471.5 2884.0 1472.5 2879.0 1475.5 2870.0 1479.5 2861.0 1481.5 2849.0 1483.5 2840.0 1486.5 2834.0 1486.5 2833.0 1487.5 2826.0 1487.5 2821.0 1488.5 2814.0 1491.5
blood_tube 2885.5 1419.0 2885.5 1419.0
blood_tube 2588.0 1796.5 2581.0 1796.5 2580.0 1795.5 2574.0 1795.5 2571.0 1794.5 2567.0 1791.5 2564.5 1788.0 2562.5 1783.0 2557.0 1778.5 2548.0 1774.5 2542.0 1772.5 2537.0 1772.5 2536.0 1771.5 2530.0 1771.5 2529.0 1770.5 2508.0 1770.5 2507.0 1771.5 2499.0 1771.5 2498.0 1772.5 2489.0 1772.5 2484.0 1774.5 2481.0 1777.5 2476.0 1779.5 2452.0 1779.5 2451.0 1778.5 2442.0 1778.5 2441.0 1777.5 2433.0 1777.5 2432.0 1776.5 2424.0 1776.5 2423.0 1775.5 2409.0 1775.5 2408.0 1774.5 2400.0 1774.5 2399.0 1773.5 2393.0 1772.5 2388.5 1768.0 2385.5 1761.0 2385.5 1753.0 2384.5 1752.0 2384.5 1736.0 2383.5 1735.0 2383.5 1707.0 2382.5 1706.0 2383.5 1701.0 2383.5 1695.0 2384.5 1691.0 2387.0 1687.5 2395.0 1685.5 2396.0 1686.5 2433.0 1686.5 2434.0 1687.5 2465.0 1687.5 2466.0 1688.5 2471.0 1688.5 2480.0 1694.5 2484.0 1698.5 2490.0 1700.5 2496.0 1700.5 2497.0 1701.5 2506.0 1701.5 2507.0 1702.5 2514.0 1702.5 2515.0 1703.5 2522.0 1703.5 2523.0 1704.5 2537.0 1704.5 2538.0 1705.5 2549.0 1705.5 2550.0 1706.5 2635.0 1706.5 2636.0 1707.5 2668.0 1707.5 2669.0 1708.5 2696.0 1708.5 2697.0 1709.5 2744.0 1709.5 2745.0 1710.5 2762.0 1710.5 2763.0 1711.5 2774.0 1711.5 2775.0 1712.5 2788.0 1712.5 2789.0 1713.5 2802.0 1713.5 2803.0 1714.5 2815.0 1714.5 2816.0 1715.5 2833.0 1715.5 2834.0 1716.5 2842.0 1716.5 2843.0 1717.5 2862.0 1717.5 2863.0 1718.5 2882.0 1718.5 2883.0 1719.5 2906.0 1719.5 2907.0 1720.5 2927.0 1720.5 2928.0 1721.5 2934.0 1721.5 2939.0 1723.5 2943.0 1723.5 2950.0 1726.5 2958.5 1735.0 2964.5 1745.0 2964.5 1750.0 2962.5 1755.0 2960.5 1763.0 2957.5 1769.0 2955.5 1771.0 2953.5 1776.0 2950.5 1780.0 2944.0 1785.5 2934.0 1790.5 2924.0 1790.5 2923.0 1789.5 2897.0 1789.5 2896.0 1788.5 2882.0 1788.5 2881.0 1787.5 2870.0 1787.5 2869.0 1786.5 2858.0 1786.5 2857.0 1785.5 2851.0 1785.5 2846.0 1783.5 2840.0 1783.5 2831.0 1791.5 2827.0 1793.5 2821.0 1793.5 2820.0 1792.5 2800.0 1792.5 2799.0 1791.5 2775.0 1791.5 2774.0 1790.5 2762.0 1790.5 2761.0 1789.5 2748.0 1789.5 2747.0 1788.5 2732.0 1788.5 2731.0 1787.5 2714.0 1787.5 2713.0 1786.5 2693.0 1786.5 2692.0 1785.5 2680.0 1785.5 2679.0 1784.5 2660.0 1784.5 2659.0 1783.5 2650.0 1783.5 2649.0 1782.5 2640.0 1782.5 2639.0 1783.5 2631.0 1783.5 2630.0 1782.5 2623.0 1782.5 2622.0 1781.5 2609.0 1781.5 2608.0 1782.5 2603.0 1782.5 2595.5 1787.0 2592.5 1793.0 2588.0 1796.5
 10ML_centrifuge_tube 2608.0 1350.5 2598.0 1350.5 2594.0 1348.5 2584.0 1345.5 2576.0 1345.5 2575.0 1344.5 2550.0 1344.5 2549.0 1343.5 2534.0 1343.5 2533.0 1342.5 2509.0 1342.5 2508.0 1341.5 2476.0 1341.5 2475.0 1340.5 2448.0 1340.5 2447.0 1339.5 2413.0 1339.5 2412.0 1338.5 2405.0 1338.5 2399.0 1340.5 2391.0 1345.5 2381.0 1347.5 2380.0 1348.5 2360.0 1348.5 2350.0 1344.5 2347.5 1342.0 2344.5 1335.0 2343.5 1331.0 2343.5 1269.0 2344.5 1264.0 2349.0 1258.5 2359.0 1256.5 2382.0 1256.5 2390.0 1259.5 2396.0 1265.5 2402.0 1268.5 2411.0 1269.5 2412.0 1268.5 2459.0 1268.5 2460.0 1269.5 2486.0 1269.5 2487.0 1270.5 2535.0 1270.5 2536.0 1271.5 2569.0 1271.5 2570.0 1272.5 2602.0 1272.5 2603.0 1273.5 2619.0 1273.5 2620.0 1274.5 2661.0 1274.5 2662.0 1275.5 2679.0 1275.5 2680.0 1276.5 2700.0 1276.5 2701.0 1277.5 2728.0 1277.5 2733.0 1278.5 2744.0 1283.5 2746.0 1283.5 2760.0 1288.5 2769.0 1289.5 2773.0 1291.5 2781.0 1292.5 2789.0 1294.5 2796.0 1297.5 2803.0 1298.5 2807.0 1300.5 2823.0 1303.5 2835.0 1308.5 2838.5 1313.0 2838.5 1321.0 2837.5 1325.0 2835.0 1327.5 2831.0 1329.5 2821.0 1332.5 2811.0 1334.5 2804.0 1334.5 2803.0 1335.5 2797.0 1335.5 2796.0 1336.5 2790.0 1336.5 2784.0 1338.5 2779.0 1338.5 2773.0 1340.5 2768.0 1340.5 2767.0 1341.5 2762.0 1341.5 2761.0 1342.5 2756.0 1342.5 2751.0 1344.5 2746.0 1344.5 2740.0 1346.5 2734.0 1346.5 2733.0 1347.5 2726.0 1347.5 2725.0 1348.5 2719.0 1348.5 2718.0 1349.5 2683.0 1349.5 2682.0 1348.5 2651.0 1348.5 2650.0 1347.5 2624.0 1347.5 2623.0 1348.5 2616.0 1348.5 2615.0 1349.5 2609.0 1349.5 2608.0 1350.5
 5ML_centrifuge_tube 2841.0 1605.5 2823.0 1605.5 2822.0 1604.5 2810.0 1604.5 2809.0 1603.5 2803.0 1603.5 2802.0 1602.5 2794.0 1602.5 2793.0 1601.5 2784.0 1601.5 2783.0 1600.5 2776.0 1600.5 2775.0 1599.5 2767.0 1599.5 2766.0 1598.5 2757.0 1598.5 2756.0 1597.5 2747.0 1597.5 2746.0 1596.5 2736.0 1596.5 2735.0 1595.5 2725.0 1595.5 2724.0 1594.5 2714.0 1594.5 2713.0 1593.5 2703.0 1593.5 2702.0 1592.5 2679.0 1592.5 2678.0 1591.5 2661.0 1591.5 2655.0 1594.5 2649.0 1596.5 2631.0 1596.5 2630.0 1595.5 2621.0 1595.5 2615.0 1593.5 2609.5 1588.0 2607.5 1583.0 2607.5 1578.0 2606.5 1577.0 2606.5 1572.0 2604.5 1566.0 2604.5 1561.0 2603.5 1557.0 2601.5 1554.0 2601.5 1551.0 2600.0 1546.5 2596.0 1551.5 2590.0 1554.5 2583.5 1551.0 2582.5 1549.0 2582.5 1540.0 2581.5 1539.0 2587.0 1534.5 2593.0 1534.5 2600.0 1536.5 2603.0 1534.5 2606.5 1529.0 2607.5 1526.0 2607.5 1504.0 2612.0 1498.5 2616.0 1496.5 2635.0 1496.5 2636.0 1497.5 2642.0 1497.5 2650.0 1499.5 2658.0 1503.5 2663.0 1507.5 2668.0 1509.5 2673.0 1509.5 2674.0 1510.5 2681.0 1510.5 2682.0 1511.5 2689.0 1511.5 2690.0 1512.5 2698.0 1512.5 2699.0 1513.5 2706.0 1513.5 2707.0 1514.5 2715.0 1514.5 2716.0 1515.5 2724.0 1515.5 2725.0 1516.5 2733.0 1516.5 2734.0 1517.5 2746.0 1517.5 2747.0 1518.5 2756.0 1518.5 2757.0 1519.5 2767.0 1519.5 2768.0 1520.5 2774.0 1520.5 2775.0 1521.5 2783.0 1521.5 2784.0 1522.5 2793.0 1522.5 2794.0 1523.5 2802.0 1523.5 2803.0 1524.5 2814.0 1524.5 2815.0 1525.5 2823.0 1525.5 2828.0 1526.5 2845.0 1532.5 2848.0 1532.5 2852.0 1534.5 2855.0 1534.5 2868.0 1538.5 2875.0 1541.5 2886.0 1544.5 2890.0 1546.5 2893.0 1546.5 2897.0 1548.5 2904.0 1549.5 2907.0 1551.5 2913.0 1553.5 2916.0 1553.5 2923.0 1556.5 2930.0 1557.5 2936.0 1559.5 2939.0 1561.5 2951.0 1566.5 2955.5 1571.0 2957.5 1577.0 2959.5 1580.0 2959.5 1584.0 2956.5 1590.0 2951.0 1594.5 2944.0 1597.5 2940.0 1598.5 2935.0 1598.5 2934.0 1599.5 2929.0 1598.5 2912.0 1598.5 2911.0 1599.5 2904.0 1599.5 2903.0 1600.5 2890.0 1600.5 2889.0 1601.5 2872.0 1601.5 2871.0 1602.5 2861.0 1602.5 2860.0 1603.5 2850.0 1603.5 2849.0 1604.5 2842.0 1604.5 2841.0 1605.5
 5ML_centrifuge_tube 3025.0 1690.5 3019.0 1690.5 3014.0 1689.5 3007.0 1686.5 3002.0 1685.5 2997.0 1682.5 2995.0 1682.5 2986.0 1676.5 2981.0 1671.5 2975.0 1668.5 2969.0 1663.5 2968.0 1663.5 2960.0 1655.5 2959.0 1655.5 2952.5 1649.0 2952.5 1648.0 2943.5 1636.0 2942.5 1633.0 2939.5 1629.0 2938.5 1626.0 2938.5 1617.0 2937.5 1612.0 2940.5 1605.0 2943.0 1602.5 2950.0 1598.5 2954.5 1594.0 2954.5 1593.0 2961.0 1586.5 2962.0 1586.5 2967.0 1581.5 2974.0 1577.5 2978.0 1576.5 2985.0 1576.5 2991.0 1574.5 2994.5 1570.0 3004.0 1560.5 3005.0 1560.5 3010.5 1555.0 3010.5 1554.0 3021.0 1543.5 3022.0 1543.5 3036.0 1529.5 3037.0 1529.5 3045.5 1521.0 3045.5 1520.0 3050.0 1515.5 3055.0 1512.5 3064.0 1503.5 3065.0 1503.5 3081.0 1487.5 3087.0 1484.5 3089.0 1482.5 3094.0 1480.5 3103.0 1475.5 3108.0 1473.5 3110.0 1471.5 3116.0 1468.5 3120.0 1467.5 3122.0 1465.5 3127.0 1463.5 3140.0 1455.5 3146.0 1452.5 3148.0 1452.5 3166.0 1442.5 3172.0 1438.5 3175.0 1437.5 3183.0 1437.5 3184.0 1436.5 3191.0 1438.5 3198.0 1443.5 3201.5 1450.0 3201.5 1462.0 3198.5 1467.0 3193.5 1479.0 3189.5 1487.0 3187.5 1489.0 3181.5 1501.0 3181.5 1503.0 3178.5 1508.0 3176.5 1513.0 3174.5 1515.0 3170.5 1525.0 3166.5 1531.0 3163.5 1538.0 3159.5 1543.0 3138.0 1564.5 3137.0 1564.5 3130.5 1571.0 3130.5 1572.0 3123.5 1579.0 3123.5 1580.0 3114.0 1589.5 3113.0 1589.5 3104.5 1598.0 3104.5 1599.0 3099.0 1604.5 3098.0 1604.5 3090.5 1612.0 3090.5 1613.0 3084.5 1619.0 3084.5 1620.0 3073.5 1631.0 3070.5 1636.0 3067.5 1639.0 3064.5 1647.0 3063.5 1655.0 3061.5 1660.0 3055.0 1667.5 3051.0 1669.5 3041.5 1679.0 3041.5 1680.0 3034.0 1687.5 3025.0 1690.5
 5ML_centrifuge_tube 3478.5 2159.0 3478.0 2157.5 3469.0 2157.5 3468.0 2156.5 3458.0 2156.5 3457.0 2155.5 3452.0 2155.5 3447.0 2153.5 3442.0 2152.5 3436.0 2152.5 3435.0 2151.5 3430.0 2151.5 3423.0 2148.5 3413.5 2139.0 3414.5 2135.0 3416.5 2133.0 3418.5 2128.0 3419.5 2120.0 3426.5 2107.0 3428.5 2102.0 3430.5 2094.0 3438.5 2081.0 3442.5 2073.0 3444.5 2065.0 3444.5 2062.0 3448.5 2052.0 3453.5 2045.0 3455.5 2040.0 3458.5 2035.0 3465.5 2021.0 3466.5 2016.0 3469.5 2008.0 3469.5 2003.0 3472.5 1994.0 3477.5 1985.0 3479.5 1978.0 3482.5 1973.0 3482.5 1971.0 3488.5 1961.0 3488.5 1959.0 3496.5 1944.0 3496.5 1942.0 3499.5 1937.0 3499.5 1935.0 3503.5 1927.0 3503.5 1925.0 3509.5 1912.0 3511.5 1909.0 3513.5 1902.0 3517.5 1895.0 3519.5 1888.0 3522.5 1883.0 3526.5 1872.0 3529.5 1867.0 3533.5 1855.0 3538.5 1844.0 3541.5 1839.0 3545.5 1834.0 3550.5 1822.0 3555.5 1814.0 3563.0 1806.5 3570.5 1805.0 3570.5 1798.0 3572.5 1791.0 3582.5 1781.0 3582.5 1780.0 3591.0 1771.5 3592.0 1771.5 3600.5 1763.0 3602.5 1759.0 3620.0 1741.5 3626.0 1737.5 3631.5 1732.0 3631.5 1731.0 3638.0 1724.5 3639.0 1724.5 3648.0 1715.5 3652.0 1713.5 3667.0 1713.5 3672.0 1716.5 3678.5 1723.0 3681.5 1727.0 3684.5 1733.0 3685.5 1738.0 3685.5 1745.0 3686.5 1746.0 3686.5 1770.0 3687.5 1771.0 3687.5 1798.0 3686.5 1799.0 3686.5 1821.0 3685.5 1822.0 3685.5 1833.0 3684.5 1834.0 3684.5 1851.0 3680.5 1862.0 3680.5 1865.0 3674.5 1877.0 3672.5 1884.0 3669.5 1890.0 3667.5 1892.0 3663.5 1901.0 3662.5 1910.0 3661.5 1913.0 3656.5 1923.0 3652.5 1930.0 3648.5 1944.0 3644.5 1952.0 3644.5 1954.0 3639.5 1966.0 3639.5 1969.0 3636.5 1975.0 3632.5 1981.0 3630.5 1987.0 3630.5 1990.0 3625.5 2003.0 3624.5 2008.0 3620.5 2015.0 3615.5 2028.0 3613.5 2031.0 3611.5 2037.0 3605.5 2049.0 3605.5 2051.0 3601.5 2063.0 3597.5 2071.0 3596.5 2076.0 3594.5 2079.0 3593.5 2084.0 3590.5 2089.0 3588.5 2094.0 3586.5 2102.0 3585.5 2103.0 3582.5 2114.0 3580.5 2119.0 3573.5 2132.0 3571.5 2140.0 3567.5 2147.0 3566.5 2150.0 3561.0 2155.5 3552.0 2157.5 3551.5 2159.0
 5ML_centrifuge_tube 3594.5 1974.0 3594.5 1974.0
 sorting_tube_rack_base 2092.0 2157.5 2085.0 2157.5 2084.0 2156.5 2066.0 2156.5 2065.0 2157.5 2058.0 2157.5 2057.0 2156.5 1999.0 2156.5 1998.0 2155.5 1977.0 2155.5 1976.0 2154.5 1966.0 2154.5 1965.0 2155.5 1660.0 2155.5 1659.0 2156.5 1653.0 2156.5 1652.0 2155.5 1612.0 2155.5 1611.0 2156.5 1542.0 2156.5 1541.0 2157.5 1536.0 2156.5 1477.0 2156.5 1476.0 2157.5 1463.0 2157.5 1462.0 2156.5 1440.0 2156.5 1439.0 2157.5 1403.0 2157.5 1402.0 2156.5 1382.0 2156.5 1381.0 2157.5 1374.0 2157.5 1370.0 2156.5 1365.5 2151.0 1365.5 2137.0 1367.5 2131.0 1369.5 2128.0 1370.5 2123.0 1372.5 2120.0 1373.5 2115.0 1381.5 2097.0 1382.5 2091.0 1384.5 2088.0 1385.5 2083.0 1389.5 2075.0 1389.5 2073.0 1395.5 2060.0 1395.5 2058.0 1399.5 2050.0 1399.5 2048.0 1402.5 2043.0 1404.5 2037.0 1404.5 2034.0 1409.5 2023.0 1410.5 2018.0 1416.5 2001.0 1419.5 1996.0 1423.5 1984.0 1425.5 1981.0 1428.5 1974.0 1428.5 1972.0 1432.5 1965.0 1433.5 1960.0 1436.5 1955.0 1438.5 1950.0 1439.5 1944.0 1442.5 1938.0 1444.5 1931.0 1447.5 1926.0 1449.5 1921.0 1450.5 1916.0 1452.5 1913.0 1453.5 1908.0 1455.5 1905.0 1456.5 1900.0 1460.5 1889.0 1462.5 1886.0 1462.5 1883.0 1468.5 1870.0 1468.5 1868.0 1471.5 1863.0 1473.5 1858.0 1474.5 1853.0 1476.5 1850.0 1478.5 1844.0 1480.5 1841.0 1491.5 1807.0 1495.5 1800.0 1497.5 1793.0 1500.5 1788.0 1502.5 1783.0 1503.5 1778.0 1509.5 1761.0 1513.5 1753.0 1514.5 1748.0 1517.5 1743.0 1519.5 1736.0 1521.5 1734.0 1523.5 1729.0 1525.5 1721.0 1525.5 1718.0 1528.5 1711.0 1528.5 1709.0 1534.5 1698.0 1540.0 1692.5 1551.0 1684.5 1560.0 1680.5 1564.0 1679.5 1573.0 1679.5 1574.0 1680.5 1581.0 1680.5 1582.0 1681.5 1591.0 1682.5 1592.0 1683.5 1597.0 1683.5 1598.0 1684.5 1603.0 1684.5 1614.0 1687.5 1621.0 1687.5 1622.0 1688.5 1627.0 1688.5 1638.0 1691.5 1643.0 1691.5 1644.0 1692.5 1649.0 1692.5 1654.0 1693.5 1659.0 1695.5 1663.0 1695.5 1672.0 1698.5 1677.0 1699.5 1682.0 1699.5 1683.0 1700.5 1692.0 1701.5 1693.0 1702.5 1698.0 1702.5 1699.0 1703.5 1704.0 1703.5 1709.0 1705.5 1714.0 1706.5 1719.0 1706.5 1724.0 1708.5 1728.0 1708.5 1733.0 1710.5 1738.0 1710.5 1739.0 1711.5 1744.0 1711.5 1749.0 1713.5 1753.0 1713.5 1765.0 1717.5 1770.0 1717.5 1776.0 1719.5 1780.0 1719.5 1785.0 1721.5 1799.0 1723.5 1800.0 1724.5 1817.0 1727.5 1822.0 1729.5 1827.0 1729.5 1828.0 1730.5 1833.0 1730.5 1834.0 1731.5 1840.0 1731.5 1841.0 1732.5 1846.0 1732.5 1847.0 1733.5 1852.0 1733.5 1853.0 1734.5 1859.0 1734.5 1860.0 1735.5 1866.0 1735.5 1872.0 1737.5 1881.0 1738.5 1882.0 1739.5 1887.0 1739.5 1888.0 1740.5 1893.0 1740.5 1898.0 1741.5 1903.0 1743.5 1907.0 1743.5 1912.0 1745.5 1917.0 1745.5 1918.0 1746.5 1923.0 1746.5 1924.0 1747.5 1929.0 1747.5 1935.0 1749.5 1940.0 1749.5 1941.0 1750.5 1946.0 1750.5 1952.0 1752.5 1961.0 1753.5 1966.0 1755.5 1975.0 1756.5 1980.0 1758.5 1985.0 1758.5 2001.0 1762.5 2006.0 1762.5 2012.0 1764.5 2017.0 1764.5 2023.0 1766.5 2028.0 1766.5 2029.0 1767.5 2034.0 1767.5 2035.0 1768.5 2040.0 1768.5 2041.0 1769.5 2046.0 1769.5 2051.0 1771.5 2066.0 1774.5 2071.0 1774.5 2072.0 1775.5 2081.0 1776.5 2082.0 1777.5 2091.0 1778.5 2092.0 1779.5 2097.0 1779.5 2098.0 1780.5 2103.0 1780.5 2107.0 1781.5 2118.0 1786.5 2121.0 1788.5 2128.5 1796.0 2128.5 1797.0 2133.5 1803.0 2138.5 1814.0 2141.5 1819.0 2145.5 1828.0 2150.5 1836.0 2154.5 1847.0 2156.5 1850.0 2156.5 1859.0 2155.5 1860.0 2155.5 1869.0 2154.5 1870.0 2154.5 1879.0 2153.5 1880.0 2153.5 1885.0 2152.5 1886.0 2152.5 1891.0 2151.5 1892.0 2151.5 1897.0 2150.5 1898.0 2150.5 1905.0 2149.5 1906.0 2149.5 1912.0 2148.5 1913.0 2148.5 1918.0 2145.5 1929.0 2145.5 1934.0 2144.5 1935.0 2144.5 1940.0 2143.5 1945.0 2141.5 1950.0 2140.5 1955.0 2140.5 1960.0 2139.5 1961.0 2139.5 1967.0 2138.5 1968.0 2138.5 1973.0 2136.5 1978.0 2135.5 1983.0 2135.5 1988.0 2134.5 1989.0 2134.5 1999.0 2133.5 2000.0 2133.5 2005.0 2132.5 2006.0 2132.5 2011.0 2129.5 2022.0 2129.5 2027.0 2128.5 2032.0 2125.5 2041.0 2124.5 2046.0 2124.5 2051.0 2123.5 2052.0 2123.5 2057.0 2122.5 2058.0 2122.5 2065.0 2121.5 2066.0 2121.5 2073.0 2120.5 2074.0 2120.5 2079.0 2118.5 2085.0 2116.5 2099.0 2114.5 2104.0 2113.5 2113.0 2112.5 2114.0 2112.5 2119.0 2110.5 2125.0 2110.5 2129.0 2107.5 2137.0 2107.5 2141.0 2105.5 2150.0 2103.5 2153.0 2100.0 2155.5 2092.0 2157.5
 sorting_tube_rack_base 2172.0 1590.5 2167.0 1589.5 2158.0 1589.5 2157.0 1588.5 2151.0 1588.5 2150.0 1587.5 2144.0 1587.5 2143.0 1586.5 2137.0 1586.5 2136.0 1585.5 2129.0 1585.5 2128.0 1584.5 2122.0 1584.5 2111.0 1581.5 2106.0 1581.5 2105.0 1580.5 2099.0 1580.5 2098.0 1579.5 2092.0 1579.5 2091.0 1578.5 2086.0 1578.5 2085.0 1577.5 2079.0 1577.5 2078.0 1576.5 2072.0 1576.5 2071.0 1575.5 2066.0 1575.5 2065.0 1574.5 2059.0 1574.5 2058.0 1573.5 2052.0 1573.5 2051.0 1572.5 2046.0 1572.5 2045.0 1571.5 2039.0 1571.5 2038.0 1570.5 2031.0 1570.5 2030.0 1569.5 2024.0 1569.5 2023.0 1568.5 2018.0 1568.5 2017.0 1567.5 2012.0 1567.5 2011.0 1566.5 2005.0 1566.5 2004.0 1565.5 1997.0 1565.5 1996.0 1564.5 1990.0 1564.5 1989.0 1563.5 1984.0 1563.5 1983.0 1562.5 1978.0 1562.5 1977.0 1561.5 1972.0 1561.5 1971.0 1560.5 1966.0 1560.5 1965.0 1559.5 1960.0 1559.5 1959.0 1558.5 1953.0 1558.5 1952.0 1557.5 1945.0 1557.5 1944.0 1556.5 1937.0 1556.5 1936.0 1555.5 1930.0 1555.5 1929.0 1554.5 1921.0 1554.5 1920.0 1553.5 1915.0 1553.5 1914.0 1552.5 1907.0 1552.5 1906.0 1551.5 1899.0 1551.5 1898.0 1550.5 1891.0 1550.5 1890.0 1549.5 1885.0 1549.5 1884.0 1548.5 1879.0 1548.5 1878.0 1547.5 1871.0 1547.5 1870.0 1546.5 1864.0 1546.5 1863.0 1545.5 1857.0 1545.5 1856.0 1544.5 1851.0 1544.5 1850.0 1543.5 1845.0 1543.5 1844.0 1542.5 1838.0 1542.5 1837.0 1541.5 1830.0 1541.5 1829.0 1540.5 1823.0 1540.5 1822.0 1539.5 1814.0 1539.5 1813.0 1538.5 1807.0 1538.5 1806.0 1537.5 1799.0 1537.5 1798.0 1536.5 1792.0 1536.5 1791.0 1535.5 1783.0 1535.5 1782.0 1534.5 1775.0 1534.5 1774.0 1533.5 1767.0 1533.5 1766.0 1532.5 1759.0 1532.5 1758.0 1531.5 1752.0 1531.5 1751.0 1530.5 1745.0 1530.5 1744.0 1529.5 1736.0 1529.5 1735.0 1528.5 1729.0 1528.5 1728.0 1527.5 1723.0 1527.5 1722.0 1526.5 1716.0 1526.5 1715.0 1525.5 1707.0 1525.5 1706.0 1524.5 1699.0 1524.5 1698.0 1523.5 1693.0 1523.5 1681.0 1520.5 1678.0 1518.5 1672.0 1516.5 1658.5 1503.0 1654.5 1497.0 1647.5 1490.0 1643.5 1484.0 1638.5 1479.0 1633.5 1468.0 1628.5 1461.0 1628.5 1455.0 1629.5 1454.0 1629.5 1449.0 1630.5 1446.0 1640.0 1436.5 1643.5 1442.0 1644.5 1450.0 1648.5 1459.0 1654.0 1464.5 1660.0 1466.5 1665.0 1466.5 1666.0 1467.5 1672.0 1467.5 1673.0 1468.5 1685.0 1468.5 1686.0 1469.5 1693.0 1469.5 1694.0 1470.5 1699.0 1470.5 1700.0 1471.5 1707.0 1471.5 1708.0 1472.5 1717.0 1472.5 1718.0 1473.5 1725.0 1473.5 1726.0 1474.5 1732.0 1474.5 1733.0 1475.5 1739.0 1475.5 1740.0 1476.5 1747.0 1476.5 1748.0 1477.5 1756.0 1477.5 1757.0 1478.5 1764.0 1478.5 1765.0 1479.5 1770.0 1479.5 1771.0 1480.5 1776.0 1480.5 1777.0 1481.5 1783.0 1481.5 1784.0 1482.5 1790.0 1482.5 1791.0 1483.5 1798.0 1483.5 1799.0 1484.5 1805.0 1484.5 1806.0 1485.5 1812.0 1485.5 1813.0 1486.5 1819.0 1486.5 1820.0 1487.5 1825.0 1487.5 1826.0 1488.5 1831.0 1488.5 1832.0 1489.5 1839.0 1489.5 1840.0 1490.5 1846.0 1490.5 1847.0 1491.5 1856.0 1491.5 1857.0 1492.5 1867.0 1492.5 1868.0 1493.5 1880.0 1493.5 1881.0 1494.5 1888.0 1494.5 1889.0 1495.5 1896.0 1495.5 1897.0 1496.5 1904.0 1496.5 1905.0 1497.5 1912.0 1497.5 1913.0 1498.5 1921.0 1498.5 1922.0 1499.5 1929.0 1499.5 1930.0 1500.5 1935.0 1500.5 1941.0 1502.5 1948.0 1502.5 1949.0 1503.5 1956.0 1503.5 1957.0 1504.5 1962.0 1504.5 1968.0 1506.5 1973.0 1506.5 1974.0 1507.5 1988.0 1507.5 1994.0 1509.5 2000.0 1509.5 2001.0 1510.5 2008.0 1510.5 2009.0 1511.5 2016.0 1511.5 2017.0 1512.5 2023.0 1512.5 2024.0 1513.5 2030.0 1513.5 2031.0 1514.5 2037.0 1514.5 2038.0 1515.5 2045.0 1515.5 2046.0 1516.5 2052.0 1516.5 2053.0 1517.5 2059.0 1517.5 2060.0 1518.5 2065.0 1518.5 2066.0 1519.5 2071.0 1519.5 2076.0 1521.5 2082.0 1521.5 2083.0 1522.5 2090.0 1522.5 2091.0 1523.5 2098.0 1523.5 2099.0 1524.5 2107.0 1524.5 2108.0 1525.5 2114.0 1525.5 2115.0 1526.5 2122.0 1526.5 2123.0 1527.5 2128.0 1527.5 2129.0 1528.5 2134.0 1528.5 2135.0 1529.5 2142.0 1529.5 2143.0 1530.5 2158.0 1530.5 2159.0 1529.5 2164.0 1529.5 2169.0 1527.5 2175.5 1522.0 2179.5 1513.0 2179.5 1510.0 2181.5 1506.0 2181.5 1502.0 2183.5 1498.0 2184.5 1491.0 2185.5 1490.0 2185.5 1485.0 2186.5 1484.0 2186.5 1479.0 2187.5 1478.0 2187.5 1472.0 2188.5 1471.0 2188.5 1465.0 2189.5 1464.0 2189.5 1457.0 2190.5 1456.0 2190.5 1449.0 2191.5 1448.0 2191.5 1443.0 2193.5 1437.0 2193.5 1432.0 2194.5 1431.0 2194.5 1425.0 2196.5 1419.0 2196.5 1414.0 2197.5 1413.0 2197.5 1407.0 2198.5 1406.0 2198.5 1401.0 2200.5 1395.0 2200.5 1391.0 2202.5 1386.0 2202.5 1382.0 2204.5 1374.0 2206.5 1370.0 2208.5 1361.0 2208.5 1356.0 2209.5 1355.0 2212.5 1342.0 2212.5 1336.0 2213.5 1335.0 2213.5 1326.0 2214.5 1325.0 2214.5 1319.0 2215.5 1318.0 2215.5 1313.0 2219.5 1299.0 2220.5 1294.0 2220.5 1289.0 2221.5 1288.0 2221.5 1283.0 2222.5 1282.0 2224.5 1269.0 2226.5 1265.0 2226.5 1260.0 2227.5 1259.0 2227.5 1254.0 2228.5 1249.0 2230.5 1245.0 2233.5 1232.0 2234.5 1223.0 2235.5 1222.0 2235.5 1214.0 2236.5 1213.0 2236.5 1203.0 2237.5 1202.0 2237.5 1188.0 2236.5 1184.0 2233.5 1179.0 2233.5 1176.0 2235.0 1174.5 2241.0 1173.5 2243.0 1174.5 2248.5 1180.0 2248.5 1182.0 2252.5 1189.0 2255.5 1192.0 2259.5 1208.0 2259.5 1213.0 2260.5 1218.0 2262.5 1223.0 2263.5 1232.0 2264.5 1233.0 2264.5 1253.0 2263.5 1254.0 2263.5 1261.0 2262.5 1262.0 2262.5 1268.0 2261.5 1269.0 2261.5 1274.0 2259.5 1280.0 2259.5 1285.0 2256.5 1296.0 2256.5 1302.0 2255.5 1303.0 2255.5 1309.0 2253.5 1315.0 2253.5 1321.0 2252.5 1322.0 2252.5 1327.0 2251.5 1328.0 2248.5 1341.0 2248.5 1346.0 2247.5 1347.0 2247.5 1353.0 2246.5 1354.0 2246.5 1360.0 2245.5 1361.0 2245.5 1366.0 2244.5 1367.0 2244.5 1372.0 2243.5 1373.0 2243.5 1379.0 2242.5 1380.0 2242.5 1386.0 2241.5 1387.0 2241.5 1393.0 2240.5 1394.0 2240.5 1400.0 2239.5 1401.0 2239.5 1406.0 2238.5 1407.0 2238.5 1413.0 2237.5 1414.0 2237.5 1419.0 2236.5 1420.0 2236.5 1425.0 2235.5 1426.0 2235.5 1431.0 2234.5 1432.0 2234.5 1437.0 2233.5 1438.0 2233.5 1443.0 2232.5 1444.0 2232.5 1449.0 2231.5 1450.0 2231.5 1456.0 2230.5 1457.0 2230.5 1463.0 2229.5 1464.0 2229.5 1469.0 2227.5 1474.0 2227.5 1479.0 2225.5 1485.0 2225.5 1491.0 2224.5 1492.0 2224.5 1497.0 2223.5 1498.0 2223.5 1505.0 2222.5 1510.0 2220.5 1515.0 2219.5 1524.0 2218.5 1525.0 2218.5 1530.0 2217.5 1531.0 2217.5 1536.0 2215.5 1542.0 2215.5 1547.0 2214.5 1548.0 2214.5 1553.0 2213.5 1554.0 2213.5 1561.0 2212.5 1562.0 2212.5 1567.0 2209.5 1573.0 2202.0 1580.5 2192.0 1586.5 2190.0 1586.5 2184.0 1589.5 2173.0 1589.5 2172.0 1590.5
dispensing_tube_rack 3839.0 2155.5 3832.0 2155.5 3831.0 2156.5 3808.0 2156.5 3807.0 2155.5 3799.0 2155.5 3798.0 2156.5 3784.0 2156.5 3780.0 2154.5 3775.5 2149.0 3774.5 2144.0 3774.5 2139.0 3773.5 2138.0 3773.5 2132.0 3772.5 2131.0 3772.5 2126.0 3771.5 2125.0 3771.5 2120.0 3770.5 2119.0 3768.5 2107.0 3766.5 2102.0 3766.5 2098.0 3764.5 2093.0 3764.5 2089.0 3762.5 2079.0 3760.5 2073.0 3760.5 2068.0 3758.5 2062.0 3758.5 2057.0 3756.5 2048.0 3753.5 2040.0 3753.5 2036.0 3751.5 2031.0 3751.5 2027.0 3749.5 2022.0 3748.5 2014.0 3746.5 2010.0 3746.5 2007.0 3744.5 2002.0 3744.5 1996.0 3743.5 1995.0 3743.5 1990.0 3742.5 1989.0 3742.5 1984.0 3741.5 1983.0 3740.5 1974.0 3737.5 1965.0 3737.5 1961.0 3735.5 1956.0 3731.5 1938.0 3731.5 1934.0 3728.5 1925.0 3728.5 1920.0 3726.5 1910.0 3724.5 1906.0 3724.5 1902.0 3722.5 1897.0 3721.5 1890.0 3719.5 1886.0 3718.5 1879.0 3716.5 1874.0 3716.5 1870.0 3714.5 1865.0 3714.5 1861.0 3712.5 1856.0 3712.5 1852.0 3710.5 1847.0 3710.5 1844.0 3708.5 1839.0 3708.5 1834.0 3707.5 1833.0 3707.5 1828.0 3706.5 1827.0 3706.5 1822.0 3704.5 1817.0 3703.5 1810.0 3702.5 1809.0 3701.5 1802.0 3700.5 1801.0 3698.5 1790.0 3694.5 1780.0 3694.5 1777.0 3692.5 1772.0 3690.5 1762.0 3690.5 1755.0 3689.5 1754.0 3689.5 1747.0 3687.5 1741.0 3687.5 1736.0 3686.5 1735.0 3686.5 1730.0 3684.5 1725.0 3683.5 1720.0 3678.5 1714.0 3675.5 1707.0 3674.5 1698.0 3672.5 1694.0 3672.5 1691.0 3670.5 1687.0 3668.5 1674.0 3666.5 1667.0 3664.5 1664.0 3664.5 1661.0 3662.5 1657.0 3662.5 1654.0 3660.5 1650.0 3659.5 1643.0 3658.5 1642.0 3657.5 1635.0 3655.5 1631.0 3654.5 1624.0 3653.5 1623.0 3653.5 1618.0 3652.5 1617.0 3649.5 1606.0 3649.5 1603.0 3647.5 1599.0 3645.5 1588.0 3643.5 1584.0 3641.5 1573.0 3638.5 1566.0 3637.5 1557.0 3632.5 1543.0 3632.5 1540.0 3628.5 1530.0 3628.5 1527.0 3626.5 1523.0 3625.5 1515.0 3623.5 1509.0 3623.5 1505.0 3621.5 1499.0 3620.5 1492.0 3618.5 1488.0 3617.5 1481.0 3615.5 1477.0 3615.5 1474.0 3613.5 1470.0 3613.5 1467.0 3611.5 1463.0 3609.5 1452.0 3607.5 1448.0 3605.5 1440.0 3604.5 1433.0 3601.5 1423.0 3599.5 1419.0 3598.5 1412.0 3596.5 1408.0 3595.5 1400.0 3597.5 1395.0 3603.5 1388.0 3607.5 1382.0 3613.0 1376.5 3620.0 1372.5 3628.0 1372.5 3629.0 1373.5 3645.0 1373.5 3646.0 1374.5 3661.0 1374.5 3662.0 1375.5 3677.0 1375.5 3678.0 1376.5 3688.0 1376.5 3689.0 1377.5 3700.0 1377.5 3701.0 1378.5 3710.0 1378.5 3711.0 1379.5 3725.0 1379.5 3726.0 1380.5 3734.0 1380.5 3735.0 1381.5 3743.0 1381.5 3744.0 1382.5 3756.0 1382.5 3757.0 1383.5 3766.0 1383.5 3767.0 1384.5 3777.0 1384.5 3778.0 1385.5 3783.0 1385.5 3788.0 1387.5 3797.0 1388.5 3802.0 1392.5 3805.0 1392.5 3813.0 1388.5 3816.0 1388.5 3823.0 1384.5 3827.5 1380.0 3829.5 1375.0 3834.0 1370.5 3839.0 1370.5
 5ML_sorting_tube_rack 0.0 252.5 9.0 252.5 17.0 249.5 22.0 249.5 27.0 248.5 32.0 246.5 36.0 246.5 41.0 244.5 50.0 243.5 51.0 242.5 60.0 241.5 66.0 239.5 72.0 239.5 73.0 238.5 80.0 238.5 81.0 237.5 86.0 237.5 92.0 235.5 97.0 235.5 98.0 234.5 105.0 234.5 106.0 233.5 113.0 233.5 114.0 232.5 119.0 232.5 120.0 231.5 125.0 231.5 126.0 230.5 131.0 230.5 132.0 229.5 138.0 229.5 139.0 228.5 147.0 228.5 148.0 227.5 157.0 227.5 158.0 226.5 167.0 226.5 168.0 225.5 174.0 225.5 175.0 224.5 180.0 224.5 181.0 223.5 186.0 223.5 187.0 222.5 193.0 222.5 194.0 221.5 199.0 221.5 204.0 220.5 209.0 218.5 214.0 218.5 215.0 217.5 220.0 217.5 221.0 216.5 227.0 216.5 228.0 215.5 233.0 215.5 234.0 214.5 244.0 214.5 245.0 213.5 252.0 213.5 253.0 212.5 259.0 212.5 260.0 211.5 268.0 211.5 269.0 210.5 278.0 210.5 279.0 209.5 297.0 209.5 306.0 212.5 312.5 219.0 315.5 225.0 315.5 227.0 318.5 232.0 318.5 234.0 325.5 247.0 334.5 256.0 334.5 257.0 339.5 262.0 339.5 263.0 344.5 268.0 344.5 269.0 349.5 274.0 349.5 275.0 362.0 287.5 366.0 289.5 372.5 296.0 372.5 297.0 378.5 303.0 378.5 304.0 383.0 308.5 384.0 308.5 392.5 317.0 392.5 318.0 399.0 324.5 403.0 325.5 406.0 327.5 412.0 328.5 413.0 329.5 425.0 333.5 428.0 335.5 437.0 344.5 444.0 348.5 449.5 354.0 452.5 359.0 455.5 362.0 458.5 367.0 466.0 374.5 472.0 378.5 485.0 391.5 486.0 391.5 500.0 405.5 504.0 407.5 507.5 412.0 520.5 425.0 520.5 426.0 531.0 436.5 532.0 436.5 551.5 456.0 556.5 464.0 560.0 466.5 571.0 477.5 572.0 477.5 579.5 485.0 583.5 491.0 592.0 499.5 593.0 499.5 598.5 505.0 598.5 506.0 604.5 512.0 604.5 513.0 609.5 518.0 609.5 519.0 622.0 531.5 628.0 535.5 633.5 542.0 634.5 545.0 651.0 561.5 652.0 561.5 661.5 571.0 665.5 579.0 668.5 582.0 673.5 589.0 674.5 594.0 672.5 600.0 669.5 606.0 663.5 612.0 663.5 613.0 652.0 624.5 651.0 624.5 587.0 688.5 582.5 692.0 582.5 693.0 557.0 718.5 556.0 718.5 546.5 728.0 546.5 729.0 531.0 744.5 530.0 744.5 516.5 758.0 516.5 759.0 508.0 767.5 507.0 767.5 493.0 781.5 492.0 781.5 482.5 791.0 482.5 792.0 473.0 801.5 472.0 801.5 455.5 818.0 455.5 819.0 436.0 838.5 435.0 838.5 430.0 843.5 421.0 850.5 412.0 854.5 404.0 854.5 403.0 855.5 387.0 855.5 386.0 854.5 373.0 854.5 372.0 853.5 351.0 853.5 350.0 852.5 342.0 852.5 341.0 851.5 326.0 851.5 325.0 850.5 314.0 850.5 313.0 849.5 288.0 849.5 287.0 848.5 280.0 848.5 279.0 847.5 270.0 847.5 269.0 846.5 259.0 846.5 258.0 845.5 243.0 845.5 242.0 844.5 234.0 844.5 233.0 843.5 221.0 843.5 220.0 842.5 212.0 842.5 211.0 841.5 203.0 841.5 202.0 840.5 187.0 840.5 186.0 839.5 179.0 839.5 178.0 838.5 171.0 838.5 170.0 837.5 152.0 837.5 151.0 836.5 125.0 836.5 124.0 835.5 107.0 835.5 106.0 834.5 93.0 834.5 88.0 833.5 78.0 830.5 71.0 826.5 66.0 824.5 60.0 820.5 55.0 815.5 51.0 813.5 46.0 809.5 36.0 804.5 27.0 795.5 20.0 791.5 16.0 788.5 11.0 783.5 6.0 780.5 0.0 780.5
 5ML_sorting_tube_rack 414.5 548.0 424.0 545.5 429.0 545.5 430.0 544.5 436.0 544.5 437.0 543.5 453.0 543.5 454.0 542.5 483.0 542.5 484.0 543.5 488.0 542.5 498.0 542.5 499.0 541.5 505.0 541.5 506.0 542.5 534.0 542.5 535.0 541.5 540.0 541.5 551.0 538.5 557.0 535.5 558.5 534.0 556.5 531.0 554.0 529.5 549.5 525.0 547.5 520.0 542.0 514.5 539.0 513.5 534.5 509.0 530.0 502.5 526.0 501.5 523.0 499.5 516.5 493.0 515.5 490.0 505.5 480.0 502.5 474.0 496.0 469.5 493.0 468.5 490.5 466.0 486.5 458.0 482.0 454.5 478.0 452.5 474.5 448.0 469.0 442.5 465.0 440.5 457.5 433.0 456.5 430.0 447.5 421.0 444.5 415.0 439.0 409.5 436.0 408.5 431.5 404.0 429.5 399.0 425.0 394.5 418.0 393.5 414.0 391.5 411.0 391.5 406.0 393.5 401.0 393.5 395.0 395.5 387.0 402.5 384.0 403.5 381.0 406.5 377.0 408.5 372.0 412.5 366.0 418.5 365.0 418.5 354.5 429.0 354.5 430.0 347.0 437.5 343.0 439.5 340.0 442.5 336.0 444.5 332.0 448.5 326.0 452.5 320.0 454.5 315.5 459.0 312.5 465.0 310.5 471.0 311.5 474.0 316.5 478.0 316.5 479.0 328.0 490.5 329.0 490.5 341.0 502.5 345.0 504.5 356.5 516.0 356.5 517.0 362.0 522.5 363.0 522.5 368.0 527.5 374.0 531.5 381.0 537.5 388.0 540.5 395.0 546.5 399.0 548.5 414.0 548.5 414.5 548.0
 5ML_sorting_tube_rack 174.5 602.0 178.0 600.5 181.5 597.0 182.5 594.0 178.0 589.5 174.0 587.5 170.0 588.5 167.5 591.0 166.5 594.0 168.5 598.0 171.0 600.5 174.5 602.0
 5ML_sorting_tube_rack 0.0 730.5 6.0 730.5 7.0 731.5 13.0 732.5 19.0 735.5 25.0 740.5 36.0 746.5 40.0 747.5 47.0 747.5 51.0 748.5 54.0 747.5 57.0 744.5 62.0 741.5 68.5 735.0 68.5 734.0 77.0 727.5 80.0 726.5 83.5 723.0 86.5 718.0 93.0 712.5 99.0 709.5 104.0 704.5 112.0 699.5 120.0 691.5 121.0 691.5 127.0 686.5 132.0 684.5 135.5 680.0 130.5 674.0 128.0 668.5 127.0 668.5 118.0 662.5 115.5 660.0 113.5 656.0 109.0 651.5 98.0 645.5 87.0 634.5 81.0 630.5 76.0 628.5 68.0 622.5 65.0 621.5 0.0 621.5
 10ML_centrifuge_tube 562.0 962.5 559.0 961.5 554.0 961.5 553.0 960.5 548.0 960.5 543.0 959.5 535.0 956.5 529.0 956.5 523.0 958.5 519.0 961.5 513.0 962.5 510.5 961.0 509.5 958.0 509.5 953.0 512.5 948.0 516.5 939.0 518.5 936.0 525.5 929.0 525.5 928.0 541.5 912.0 545.5 905.0 550.0 900.5 551.0 900.5 554.5 896.0 559.5 891.0 559.5 890.0 565.0 884.5 566.0 884.5 571.0 879.5 579.0 874.5 589.0 877.5 590.0 878.5 592.5 876.0 595.5 869.0 596.5 864.0 600.5 857.0 611.0 846.5 616.0 842.5 622.0 839.5 632.0 836.5 638.0 836.5 639.0 835.5 648.0 835.5 649.0 834.5 665.0 834.5 669.0 832.5 672.0 829.5 677.0 826.5 691.0 815.5 698.0 812.5 710.0 809.5 721.0 809.5 725.0 808.5 729.0 809.5 743.0 819.5 748.0 824.5 749.0 824.5 754.5 830.0 754.5 831.0 759.5 836.0 762.5 844.0 762.5 850.0 761.5 854.0 757.5 863.0 747.0 873.5 746.0 873.5 736.0 880.5 733.0 883.5 725.0 887.5 720.0 888.5 717.0 890.5 711.0 891.5 710.0 892.5 695.0 892.5 687.0 889.5 684.0 886.5 679.0 886.5 673.0 891.5 670.0 892.5 657.0 900.5 651.0 902.5 647.0 902.5 642.0 904.5 637.0 904.5 636.0 905.5 620.0 905.5 616.5 909.0 620.5 916.0 620.5 922.0 616.5 926.0 609.5 940.0 605.0 944.5 604.0 944.5 597.0 951.5 589.0 955.5 584.0 956.5 581.0 958.5 575.0 960.5 569.0 960.5 568.0 961.5 563.0 961.5 562.0 962.5
 10ML_centrifuge_tube 504.0 967.5 501.5 965.0 506.0 963.5 507.5 965.0 504.0 967.5
 5ML_sorting_tube_rack 967.0 1288.5 943.0 1288.5 942.0 1287.5 930.0 1287.5 929.0 1286.5 921.0 1286.5 920.0 1285.5 903.0 1285.5 902.0 1284.5 888.0 1284.5 887.0 1283.5 873.0 1283.5 872.0 1282.5 862.0 1282.5 861.0 1281.5 846.0 1281.5 845.0 1280.5 832.0 1280.5 831.0 1279.5 818.0 1279.5 817.0 1278.5 797.0 1278.5 796.0 1277.5 783.0 1277.5 782.0 1276.5 769.0 1276.5 768.0 1275.5 760.0 1275.5 759.0 1274.5 739.0 1274.5 738.0 1273.5 727.0 1273.5 726.0 1272.5 710.0 1272.5 709.0 1271.5 701.0 1271.5 700.0 1270.5 684.0 1270.5 683.0 1269.5 675.0 1269.5 674.0 1268.5 669.0 1268.5 655.0 1264.5 650.0 1262.5 642.0 1257.5 635.0 1254.5 627.0 1246.5 620.0 1243.5 609.0 1235.5 606.0 1232.5 603.0 1231.5 598.0 1227.5 591.0 1224.5 586.0 1220.5 578.0 1216.5 571.0 1211.5 562.0 1202.5 551.0 1195.5 548.0 1194.5 540.0 1187.5 531.0 1183.5 525.0 1179.5 521.0 1175.5 514.0 1171.5 511.0 1168.5 505.0 1165.5 497.5 1158.0 491.0 1152.5 486.0 1150.5 484.0 1148.5 477.0 1145.5 474.0 1143.5 467.0 1140.5 459.0 1134.5 452.0 1128.5 447.0 1125.5 442.0 1123.5 436.0 1119.5 430.0 1114.5 425.0 1112.5 418.0 1108.5 410.0 1101.5 405.0 1098.5 395.5 1089.0 395.5 1084.0 401.5 1072.0 406.5 1067.0 406.5 1066.0 411.5 1061.0 414.5 1056.0 427.5 1043.0 427.5 1042.0 432.5 1037.0 432.5 1036.0 437.5 1031.0 437.5 1030.0 445.5 1022.0 449.5 1017.0 452.5 1012.0 464.5 1000.0 464.5 999.0 480.5 983.0 480.5 982.0 489.0 973.5 491.0 973.5 496.0 970.5 508.5 958.0 509.5 954.0 513.5 948.0 522.5 939.0 529.5 929.0 529.5 927.0 534.0 922.5 540.0 921.5 547.0 917.5 551.0 914.5 558.5 907.0 559.5 904.0 559.5 899.0 560.5 898.0 560.5 893.0 561.5 891.0 567.0 885.5 571.0 883.5 574.0 880.5 578.0 879.5 583.0 879.5 587.0 880.5 590.0 882.5 598.0 882.5 603.5 878.0 604.5 875.0 604.5 866.0 606.5 861.0 610.5 856.0 615.5 851.0 618.0 847.5 623.0 844.5 626.0 844.5 634.0 841.5 639.0 841.5 640.0 840.5 647.0 840.5 648.0 839.5 660.0 839.5 661.0 840.5 666.0 840.5 669.0 839.5 671.5 835.0 679.0 827.5 686.0 824.5 689.0 824.5 693.0 822.5 700.0 817.5 705.0 816.5 708.0 814.5 723.0 814.5 724.0 813.5 729.0 814.5 738.0 819.5 752.0 833.5 753.5 834.0 753.5 837.0 755.0 840.5 759.0 839.5 761.0 837.5 766.0 835.5 771.0 835.5 776.0 833.5 783.0 833.5 784.0 832.5 822.0 832.5 823.0 831.5 865.0 831.5 866.0 830.5 886.0 830.5 887.0 829.5 896.0 829.5 897.0 830.5 905.0 830.5 914.0 833.5 919.5 839.0 927.5 855.0 933.5 865.0 939.5 871.0 939.5 872.0 944.5 877.0 947.5 882.0 955.0 889.5 963.0 894.5 971.0 896.5 982.0 902.5 988.0 908.5 989.0 908.5 1008.0 927.5 1009.0 927.5 1016.5 935.0 1019.5 940.0 1034.5 955.0 1034.5 956.0 1039.0 960.5 1040.0 960.5 1044.5 965.0 1044.5 966.0 1049.5 971.0 1053.5 977.0 1059.0 982.5 1064.0 986.5 1069.0 989.5 1075.5 996.0 1078.5 1001.0 1082.5 1006.0 1105.5 1029.0 1108.5 1034.0 1116.5 1042.0 1119.5 1049.0 1120.5 1054.0 1118.5 1062.0 1116.5 1064.0 1111.5 1075.0 1109.5 1077.0 1107.5 1082.0 1105.5 1084.0 1102.5 1090.0 1094.5 1101.0 1090.5 1109.0 1086.5 1113.0 1078.5 1125.0 1076.5 1130.0 1069.5 1141.0 1066.5 1148.0 1055.5 1165.0 1050.5 1171.0 1048.5 1176.0 1046.5 1178.0 1044.5 1183.0 1040.5 1188.0 1032.5 1200.0 1028.5 1209.0 1023.5 1215.0 1021.5 1220.0 1019.5 1222.0 1017.5 1227.0 1012.5 1234.0 1010.5 1239.0 1006.5 1244.0 1000.5 1253.0 999.5 1256.0 993.5 1264.0 989.5 1272.0 982.0 1279.5 981.0 1279.5 976.0 1284.5 967.0 1288.5
 5ML_sorting_tube_rack 729.5 879.0 731.5 876.0 730.0 872.5 725.0 872.5 722.0 873.5 720.5 877.0 722.0 879.5 729.5 879.0
 5ML_sorting_tube_rack 620.5 914.0 625.5 909.0 628.5 903.0 629.5 899.0 636.5 890.0 632.5 884.0 625.0 878.5 619.0 878.5 613.5 883.0 611.5 888.0 611.5 894.0 615.5 904.0 616.5 910.0 620.5 914.0
 5ML_sorting_tube_rack 577.5 952.0 583.0 950.5 590.0 950.5 596.0 942.5 605.0 939.5 608.5 935.0 605.0 930.5 595.0 927.5 590.0 927.5 580.0 932.5 575.5 936.0 573.5 940.0 573.5 943.0 570.5 950.0 575.0 952.5 577.5 952.0
 5ML_sorting_tube_rack 938.5 1017.0 944.0 1014.5 946.0 1014.5 950.0 1011.5 955.0 1011.5 961.0 1013.5 985.0 1013.5 991.0 1015.5 1006.0 1015.5 1007.0 1014.5 1013.0 1014.5 1017.0 1012.5 1020.5 1008.0 1020.5 999.0 1010.0 990.5 1007.0 990.5 1003.0 988.5 1000.0 988.5 996.0 986.5 993.5 984.0 991.5 979.0 991.5 974.0 990.5 969.0 989.0 968.5 982.5 961.0 980.0 956.5 969.0 956.5 964.5 963.0 953.5 974.0 947.5 985.0 946.5 990.0 941.0 995.5 937.5 998.0 935.5 1003.0 931.5 1010.0 931.5 1014.0 936.0 1017.5 938.5 1017.0
 5ML_sorting_tube_rack 639.5 1194.0 652.5 1181.0 655.5 1176.0 664.0 1167.5 669.5 1164.0 670.5 1160.0 665.0 1155.5 654.0 1152.5 641.0 1152.5 640.0 1151.5 634.0 1151.5 633.0 1150.5 627.0 1150.5 626.0 1149.5 616.0 1149.5 615.0 1148.5 603.0 1148.5 602.0 1147.5 597.0 1147.5 596.0 1146.5 586.0 1146.5 585.0 1147.5 579.0 1147.5 574.0 1148.5 570.5 1153.0 569.5 1157.0 567.5 1160.0 576.0 1166.5 579.0 1167.5 589.0 1173.5 594.0 1175.5 600.0 1179.5 607.5 1188.0 609.0 1190.5 612.0 1188.5 622.0 1186.5 629.0 1190.5 634.0 1194.5 639.5 1194.0
 10ML_sorting_tube_rack 2156.0 1530.5 2146.0 1530.5 2145.0 1529.5 2139.0 1529.5 2138.0 1528.5 2132.0 1528.5 2131.0 1527.5 2125.0 1527.5 2120.0 1526.5 2115.0 1524.5 2111.0 1524.5 2107.0 1522.5 2099.0 1521.5 2095.0 1519.5 2092.0 1519.5 2087.0 1517.5 2082.0 1517.5 2081.0 1516.5 2076.0 1516.5 2075.0 1515.5 2059.0 1515.5 2058.0 1514.5 2051.0 1514.5 2050.0 1513.5 2044.0 1513.5 2039.0 1512.5 2034.0 1510.5 2025.0 1509.5 2020.0 1507.5 2015.0 1506.5 2009.0 1506.5 2008.0 1505.5 1999.0 1505.5 1998.0 1504.5 1979.0 1504.5 1978.0 1503.5 1964.0 1503.5 1963.0 1502.5 1953.0 1502.5 1952.0 1501.5 1943.0 1501.5 1942.0 1500.5 1935.0 1500.5 1934.0 1499.5 1929.0 1499.5 1928.0 1498.5 1918.0 1498.5 1917.0 1497.5 1910.0 1497.5 1909.0 1496.5 1904.0 1496.5 1898.0 1494.5 1891.0 1494.5 1890.0 1493.5 1883.0 1493.5 1882.0 1492.5 1876.0 1492.5 1875.0 1491.5 1870.0 1491.5 1869.0 1490.5 1859.0 1490.5 1858.0 1489.5 1843.0 1489.5 1842.0 1488.5 1833.0 1488.5 1832.0 1487.5 1822.0 1487.5 1817.0 1486.5 1807.0 1482.5 1803.0 1481.5 1797.0 1481.5 1796.0 1480.5 1788.0 1480.5 1787.0 1479.5 1781.0 1479.5 1775.0 1477.5 1770.0 1477.5 1769.0 1476.5 1764.0 1476.5 1763.0 1475.5 1754.0 1475.5 1753.0 1474.5 1743.0 1474.5 1742.0 1473.5 1736.0 1473.5 1735.0 1472.5 1724.0 1472.5 1723.0 1471.5 1713.0 1471.5 1712.0 1470.5 1704.0 1470.5 1703.0 1469.5 1694.0 1469.5 1693.0 1468.5 1683.0 1468.5 1682.0 1467.5 1673.0 1467.5 1672.0 1466.5 1663.0 1464.5 1655.0 1460.5 1651.5 1457.0 1646.5 1448.0 1644.5 1443.0 1642.5 1434.0 1640.5 1430.0 1629.5 1416.0 1618.5 1405.0 1615.5 1400.0 1614.5 1396.0 1612.5 1394.0 1610.5 1389.0 1605.0 1382.5 1600.0 1379.5 1594.5 1374.0 1590.5 1365.0 1567.5 1342.0 1567.5 1341.0 1562.5 1336.0 1558.5 1331.0 1555.5 1326.0 1544.5 1313.0 1542.5 1309.0 1533.5 1300.0 1530.5 1295.0 1525.5 1290.0 1525.5 1289.0 1518.5 1282.0 1512.5 1271.0 1511.5 1268.0 1511.5 1256.0 1512.5 1252.0 1514.5 1249.0 1518.5 1240.0 1521.5 1235.0 1525.5 1231.0 1528.5 1225.0 1528.5 1223.0 1534.5 1212.0 1539.0 1205.5 1542.0 1205.5 1553.0 1202.5 1556.5 1206.0 1561.5 1215.0 1562.5 1220.0 1566.0 1224.5 1579.0 1230.5 1584.0 1233.5 1591.0 1233.5 1597.0 1235.5 1610.0 1235.5 1616.0 1232.5 1624.0 1225.5 1628.0 1223.5 1632.5 1219.0 1636.5 1213.0 1640.5 1205.0 1641.5 1200.0 1641.5 1190.0 1637.5 1185.0 1634.5 1179.0 1629.0 1173.5 1624.0 1170.5 1617.5 1164.0 1615.5 1158.0 1609.0 1148.5 1604.0 1143.5 1597.0 1139.5 1581.0 1139.5 1577.0 1138.5 1570.5 1134.0 1570.5 1129.0 1573.5 1123.0 1573.5 1120.0 1575.5 1116.0 1580.5 1111.0 1580.5 1110.0 1586.5 1104.0 1589.5 1098.0 1594.5 1090.0 1597.5 1084.0 1598.5 1079.0 1602.0 1076.5 1606.0 1075.5 1614.0 1075.5 1618.5 1072.0 1619.5 1069.0 1625.0 1061.5 1629.0 1061.5 1631.5 1064.0 1633.5 1068.0 1633.5 1074.0 1632.5 1076.0 1624.5 1083.0 1623.5 1086.0 1623.5 1092.0 1622.5 1093.0 1622.5 1098.0 1621.5 1099.0 1621.5 1105.0 1622.5 1106.0 1625.5 1114.0 1629.5 1118.0 1632.5 1123.0 1639.0 1131.5 1642.0 1132.5 1659.0 1132.5 1660.0 1133.5 1665.0 1133.5 1666.0 1134.5 1671.0 1134.5 1677.5 1130.0 1678.5 1123.0 1680.5 1118.0 1684.0 1114.5 1687.0 1113.5 1694.5 1106.0 1696.5 1102.0 1696.5 1098.0 1694.5 1093.0 1693.5 1086.0 1688.5 1071.0 1688.5 1066.0 1686.5 1058.0 1692.0 1052.5 1697.0 1050.5 1700.0 1050.5 1708.0 1046.5 1710.0 1044.5 1716.0 1041.5 1723.5 1033.0 1728.5 1025.0 1728.5 1023.0 1731.5 1015.0 1731.5 1010.0 1730.5 1006.0 1726.5 1000.0 1725.5 997.0 1717.0 988.5 1716.0 988.5 1709.5 982.0 1706.5 976.0 1704.5 968.0 1708.0 963.5 1714.0 961.5 1723.0 961.5 1724.0 960.5 1740.0 960.5 1741.0 959.5 1750.0 959.5 1751.0 960.5 1766.0 960.5 1767.0 961.5 1786.0 961.5 1787.0 962.5 1831.0 962.5 1832.0 963.5 1856.0 963.5 1857.0 964.5 1870.0 964.5 1871.0 965.5 1887.0 965.5 1888.0 966.5 1896.0 966.5 1897.0 967.5 1921.0 967.5 1922.0 966.5 1934.0 966.5 1935.0 967.5 1975.0 967.5 1976.0 968.5 1985.0 968.5 1986.0 969.5 1996.0 969.5 1997.0 970.5 2010.0 970.5 2011.0 971.5 2061.0 971.5 2062.0 972.5 2083.0 972.5 2084.0 973.5 2104.0 973.5 2105.0 974.5 2129.0 974.5 2130.0 975.5 2150.0 975.5 2151.0 976.5 2157.0 976.5 2162.0 977.5 2171.0 980.5 2176.5 986.0 2180.5 995.0 2180.5 1013.0 2183.5 1020.0 2185.5 1029.0 2187.5 1033.0 2189.5 1045.0 2192.5 1052.0 2192.5 1054.0 2195.5 1059.0 2195.5 1061.0 2200.5 1072.0 2200.5 1075.0 2203.5 1082.0 2205.5 1085.0 2207.5 1091.0 2207.5 1096.0 2210.5 1105.0 2214.5 1123.0 2214.5 1128.0 2216.5 1132.0 2216.5 1135.0 2218.5 1139.0 2218.5 1142.0 2220.5 1146.0 2223.5 1159.0 2224.5 1166.0 2228.5 1174.0 2233.5 1179.0 2236.5 1188.0 2236.5 1205.0 2235.5 1206.0 2235.5 1213.0 2234.5 1214.0 2234.5 1219.0 2233.5 1220.0 2233.5 1225.0 2232.5 1226.0 2232.5 1233.0 2231.5 1234.0 2231.5 1239.0 2228.5 1248.0 2227.5 1257.0 2225.5 1262.0 2224.5 1267.0 2224.5 1276.0 2223.5 1277.0 2223.5 1288.0 2222.5 1289.0 2222.5 1298.0 2221.5 1299.0 2220.5 1305.0 2216.5 1313.0 2216.5 1319.0 2215.5 1320.0 2215.5 1325.0 2214.5 1326.0 2214.5 1331.0 2212.5 1336.0 2212.5 1340.0 2210.5 1345.0 2209.5 1350.0 2209.5 1356.0 2208.5 1357.0 2208.5 1364.0 2207.5 1365.0 2207.5 1370.0 2204.5 1379.0 2199.5 1390.0 2199.5 1393.0 2197.5 1398.0 2196.5 1403.0 2196.5 1417.0 2194.5 1423.0 2194.5 1429.0 2193.5 1434.0 2191.5 1438.0 2189.5 1449.0 2187.5 1457.0 2184.5 1463.0 2183.5 1468.0 2183.5 1474.0 2182.5 1479.0 2180.5 1483.0 2180.5 1486.0 2178.5 1491.0 2177.5 1496.0 2177.5 1503.0 2176.5 1504.0 2176.5 1509.0 2171.5 1518.0 2168.5 1522.0 2163.0 1527.5 2156.0 1530.5
 10ML_sorting_tube_rack 1655.0 1080.5 1652.5 1075.0 1652.5 1073.0 1655.0 1069.5 1659.0 1069.5 1660.5 1073.0 1659.5 1078.0 1655.0 1080.5
