 5ML_sorting_tube_rack 0.0 1006.5 5.0 1006.5 8.0 1007.5 14.0 1012.5 20.0 1016.5 25.0 1018.5 30.0 1021.5 35.0 1023.5 41.0 1024.5 44.0 1026.5 50.0 1027.5 57.0 1031.5 59.0 1031.5 66.0 1035.5 76.0 1040.5 79.0 1043.5 83.0 1045.5 90.0 1051.5 94.0 1053.5 97.0 1056.5 101.0 1058.5 104.0 1061.5 115.0 1067.5 122.0 1072.5 128.0 1075.5 149.0 1092.5 155.0 1096.5 158.0 1097.5 169.0 1105.5 174.0 1107.5 179.0 1111.5 182.0 1112.5 188.0 1117.5 199.0 1125.5 202.0 1126.5 216.0 1136.5 219.0 1137.5 232.0 1147.5 237.5 1153.0 240.5 1160.0 239.5 1165.0 236.5 1170.0 230.5 1177.0 221.5 1192.0 215.5 1200.0 209.5 1210.0 206.5 1213.0 204.5 1217.0 201.5 1220.0 198.5 1225.0 194.5 1229.0 188.5 1239.0 184.5 1243.0 179.5 1250.0 178.5 1253.0 174.5 1259.0 170.5 1263.0 167.5 1269.0 163.5 1273.0 157.5 1281.0 151.5 1292.0 149.5 1294.0 144.5 1303.0 140.5 1307.0 138.5 1311.0 130.5 1322.0 129.5 1325.0 125.5 1330.0 120.5 1335.0 114.5 1346.0 107.5 1354.0 104.5 1360.0 90.0 1374.5 87.0 1376.5 80.0 1379.5 73.0 1380.5 72.0 1381.5 67.0 1381.5 66.0 1382.5 51.0 1382.5 50.0 1383.5 44.0 1383.5 43.0 1384.5 38.0 1384.5 37.0 1385.5 31.0 1385.5 30.0 1386.5 24.0 1386.5 23.0 1387.5 14.0 1387.5 13.0 1388.5 0.0 1388.5
 5ML_sorting_tube_rack 0.0 1157.5 11.0 1157.5 12.0 1158.5 20.0 1158.5 26.0 1155.5 34.5 1147.0 38.0 1142.5 40.0 1142.5 43.0 1145.5 48.0 1145.5 49.0 1146.5 54.0 1146.5 59.0 1145.5 61.5 1140.0 62.5 1133.0 64.5 1129.0 69.0 1126.5 74.0 1129.5 77.0 1132.5 80.0 1133.5 87.0 1139.5 94.0 1142.5 101.0 1142.5 102.0 1141.5 109.0 1141.5 113.0 1140.5 120.0 1136.5 123.5 1132.0 124.5 1128.0 124.5 1123.0 125.5 1119.0 121.0 1117.5 117.0 1117.5 112.0 1115.5 109.0 1115.5 103.0 1113.5 90.0 1106.5 87.0 1103.5 81.0 1099.5 70.0 1093.5 66.0 1089.5 63.0 1088.5 56.0 1088.5 55.0 1087.5 49.0 1087.5 48.0 1088.5 37.0 1090.5 30.5 1097.0 24.5 1107.0 17.0 1113.5 13.0 1114.5 10.0 1116.5 6.0 1117.5 0.0 1117.5
 tube_rack_storage_cabinet 0.0 719.5 5.0 719.5 8.0 720.5 13.0 725.5 18.0 727.5 20.0 729.5 28.0 733.5 39.0 744.5 44.0 746.5 48.5 751.0 49.5 754.0 53.0 757.5 60.0 760.5 64.5 765.0 66.5 770.0 75.0 774.5 78.0 775.5 88.0 785.5 89.0 785.5 95.0 791.5 96.0 791.5 102.0 797.5 103.0 797.5 110.0 804.5 119.0 808.5 122.5 812.0 123.5 815.0 128.0 818.5 136.0 821.5 146.0 831.5 151.0 834.5 157.5 842.0 159.0 845.5 164.0 847.5 170.0 851.5 179.0 860.5 180.0 860.5 186.0 865.5 194.0 868.5 202.0 876.5 208.0 879.5 213.5 884.0 219.0 891.5 221.0 891.5 225.0 894.5 228.0 895.5 234.0 901.5 235.0 901.5 240.0 906.5 241.0 906.5 246.0 911.5 250.0 913.5 258.0 921.5 264.0 924.5 269.0 925.5 273.5 929.0 276.5 935.0 281.0 938.5 286.0 940.5 290.0 943.5 295.0 949.5 296.0 949.5 302.0 954.5 310.0 958.5 315.0 962.5 320.0 967.5 331.0 972.5 346.0 984.5 353.0 988.5 357.0 991.5 364.0 998.5 371.0 1002.5 375.0 1005.5 382.0 1012.5 383.0 1012.5 393.0 1017.5 397.0 1020.5 419.0 1020.5 420.0 1019.5 427.0 1019.5 432.0 1021.5 437.0 1024.5 447.0 1032.5 454.0 1039.5 459.0 1043.5 464.0 1046.5 470.5 1053.0 473.5 1059.0 472.5 1061.0 472.5 1072.0 471.5 1075.0 461.5 1089.0 453.5 1105.0 446.5 1114.0 445.5 1117.0 439.5 1127.0 435.5 1132.0 434.5 1135.0 428.5 1143.0 428.5 1144.0 422.5 1152.0 417.5 1162.0 413.5 1168.0 407.5 1175.0 404.5 1181.0 400.5 1186.0 398.5 1190.0 391.5 1199.0 384.5 1214.0 378.5 1224.0 366.5 1238.0 363.5 1242.0 358.5 1251.0 356.5 1256.0 350.5 1264.0 342.5 1280.0 335.5 1287.0 330.5 1294.0 329.5 1297.0 324.5 1306.0 324.5 1308.0 321.5 1312.0 318.5 1318.0 315.5 1321.0 311.5 1329.0 304.5 1337.0 304.5 1338.0 294.5 1352.0 291.5 1357.0 289.5 1362.0 281.5 1374.0 277.5 1379.0 274.5 1384.0 274.5 1386.0 270.5 1393.0 268.5 1398.0 262.5 1408.0 258.5 1412.0 252.5 1422.0 246.5 1429.0 244.5 1433.0 237.5 1442.0 234.5 1447.0 229.5 1458.0 225.5 1464.0 220.5 1469.0 215.5 1476.0 214.5 1479.0 206.5 1492.0 204.5 1497.0 201.5 1500.0 197.5 1506.0 195.5 1511.0 192.5 1516.0 188.5 1521.0 186.5 1525.0 183.5 1528.0 180.5 1534.0 178.5 1536.0 172.5 1549.0 167.5 1556.0 164.5 1559.0 162.5 1563.0 158.5 1568.0 157.5 1571.0 152.5 1579.0 151.5 1583.0 149.5 1585.0 145.5 1593.0 141.5 1598.0 140.5 1601.0 136.5 1606.0 132.5 1614.0 124.5 1625.0 117.5 1636.0 116.5 1640.0 112.5 1647.0 105.5 1656.0 102.5 1663.0 98.5 1668.0 90.5 1682.0 86.5 1693.0 83.5 1699.0 81.5 1701.0 79.5 1706.0 76.5 1711.0 70.5 1719.0 70.5 1720.0 65.5 1725.0 63.5 1728.0 59.5 1737.0 57.5 1739.0 51.5 1749.0 44.5 1763.0 40.5 1768.0 32.5 1783.0 30.5 1788.0 25.5 1795.0 15.5 1815.0 10.5 1823.0 9.5 1826.0 5.0 1830.5 0.0 1830.5
 tube_rack_storage_cabinet 65.5 1089.0 65.5 1089.0
 tube_rack_storage_cabinet 0.0 1161.5 11.0 1161.5 12.0 1162.5 23.0 1162.5 27.5 1160.0 28.5 1157.0 33.0 1152.5 34.0 1152.5 39.5 1147.0 42.5 1137.0 44.5 1134.0 44.5 1123.0 43.5 1122.0 43.5 1113.0 46.0 1109.5 51.0 1107.5 54.5 1105.0 55.5 1101.0 53.0 1096.5 48.0 1096.5 45.0 1098.5 39.0 1100.5 29.0 1110.5 25.0 1111.5 23.5 1114.0 16.5 1122.0 12.5 1130.0 11.5 1134.0 11.5 1141.0 9.5 1146.0 5.0 1148.5 0.0 1148.5
 tube_rack_storage_cabinet 126.5 1127.0 127.5 1125.0 127.5 1119.0 125.0 1117.5 122.5 1119.0 124.5 1127.0 126.5 1127.0
 tube_rack_storage_cabinet 99.5 1148.0 101.5 1146.0 101.5 1141.0 99.0 1135.5 94.5 1139.0 92.5 1145.0 96.0 1148.5 99.5 1148.0
 tube_rack_storage_cabinet 131.5 1217.0 136.0 1215.5 140.0 1215.5 143.0 1213.5 147.5 1209.0 146.5 1205.0 144.0 1203.5 127.0 1203.5 123.5 1207.0 123.5 1210.0 125.5 1215.0 128.0 1217.5 131.5 1217.0
 tube_rack_storage_cabinet 95.5 1279.0 95.5 1277.0 99.5 1268.0 97.0 1265.5 94.0 1265.5 88.5 1269.0 90.5 1277.0 95.5 1279.0
 tube_rack_storage_cabinet 80.5 1342.0 84.5 1338.0 86.5 1333.0 87.5 1327.0 86.5 1325.0 83.0 1322.5 76.0 1319.5 70.5 1314.0 70.5 1310.0 84.5 1296.0 84.5 1287.0 80.0 1287.5 76.0 1289.5 67.0 1289.5 66.0 1290.5 61.0 1290.5 57.0 1292.5 54.5 1296.0 56.5 1306.0 58.5 1308.0 60.5 1314.0 56.5 1322.0 56.5 1328.0 61.5 1335.0 61.5 1336.0 68.0 1342.5 80.0 1342.5 80.5 1342.0
 tube_rack_storage_cabinet 84.5 1371.0 87.0 1370.5 84.0 1367.5 80.0 1367.5 77.5 1370.0 80.0 1371.5 84.5 1371.0
blood_tube 789.0 1023.5 783.0 1022.5 777.0 1019.5 766.5 1009.0 766.5 1008.0 756.0 997.5 752.0 995.5 745.5 989.0 745.5 988.0 738.5 979.0 734.5 972.0 734.5 964.0 738.5 956.0 738.5 954.0 745.0 946.5 746.0 946.5 751.0 941.5 755.0 938.5 761.0 936.5 764.0 934.5 768.0 933.5 782.0 933.5 783.0 934.5 788.0 934.5 796.0 938.5 798.0 938.5 807.5 948.0 807.5 949.0 824.0 965.5 832.0 970.5 837.5 976.0 839.5 979.0 840.5 985.0 836.5 997.0 825.0 1008.5 824.0 1008.5 818.0 1013.5 804.0 1020.5 801.0 1021.5 796.0 1021.5 795.0 1022.5 790.0 1022.5 789.0 1023.5
blood_tube 720.0 1162.5 711.0 1162.5 704.0 1158.5 689.5 1144.0 689.5 1143.0 682.0 1136.5 678.0 1134.5 669.0 1125.5 664.0 1122.5 660.5 1119.0 657.5 1114.0 656.5 1107.0 655.5 1106.0 655.5 1100.0 658.5 1095.0 678.0 1075.5 694.0 1069.5 700.0 1069.5 701.0 1068.5 712.0 1068.5 718.0 1073.5 719.0 1073.5 731.0 1081.5 736.0 1086.5 747.0 1093.5 759.0 1105.5 760.0 1105.5 768.5 1116.0 768.5 1125.0 767.5 1130.0 763.5 1137.0 753.0 1147.5 748.0 1150.5 742.0 1155.5 736.0 1157.5 733.0 1159.5 727.0 1161.5 721.0 1161.5 720.0 1162.5
blood_tube 700.0 1033.5 694.0 1033.5 682.0 1027.5 679.0 1026.5 675.0 1023.5 669.0 1017.5 668.0 1017.5 663.0 1012.5 662.0 1012.5 654.0 1004.5 649.5 1001.0 645.5 994.0 641.0 989.5 640.0 989.5 634.5 982.0 636.5 974.0 636.5 971.0 638.5 967.0 651.0 954.5 661.0 949.5 667.0 947.5 672.0 947.5 673.0 946.5 687.0 946.5 693.0 949.5 695.0 949.5 709.0 963.5 717.0 968.5 729.0 978.5 734.0 980.5 739.5 986.0 740.5 991.0 742.5 995.0 741.5 1000.0 737.5 1011.0 728.0 1020.5 720.0 1025.5 718.0 1025.5 713.0 1028.5 708.0 1029.5 700.0 1033.5
blood_tube 622.0 1174.5 608.0 1174.5 603.0 1173.5 598.0 1171.5 590.5 1164.0 588.0 1160.5 584.0 1157.5 570.0 1150.5 566.0 1147.5 551.5 1133.0 548.5 1127.0 547.5 1122.0 547.5 1117.0 548.5 1114.0 551.5 1110.0 559.0 1102.5 560.0 1102.5 566.0 1096.5 571.0 1093.5 577.0 1091.5 582.0 1091.5 583.0 1090.5 599.0 1090.5 608.0 1093.5 612.0 1096.5 617.0 1101.5 621.0 1104.5 628.0 1107.5 630.0 1109.5 639.0 1114.5 647.0 1117.5 650.0 1120.5 655.0 1123.5 659.5 1128.0 661.5 1132.0 661.5 1146.0 659.5 1150.0 648.0 1161.5 642.0 1164.5 632.0 1171.5 623.0 1173.5 622.0 1174.5
blood_tube 654.0 1097.5 650.0 1097.5 639.5 1087.0 636.5 1081.0 627.0 1071.5 621.0 1068.5 611.5 1059.0 611.5 1058.0 604.5 1050.0 601.5 1044.0 601.5 1039.0 605.5 1031.0 610.5 1026.0 610.5 1025.0 621.0 1014.5 638.0 1006.5 651.0 1006.5 655.0 1008.5 658.0 1011.5 661.0 1012.5 667.0 1016.5 674.0 1023.5 678.0 1026.5 683.0 1028.5 690.0 1032.5 700.5 1043.0 700.5 1044.0 706.5 1050.0 710.5 1056.0 710.5 1062.0 708.5 1066.0 703.0 1068.5 696.0 1068.5 695.0 1069.5 684.0 1071.5 676.0 1076.5 667.5 1085.0 667.5 1086.0 661.0 1092.5 660.0 1092.5 654.0 1097.5
 sorting_tube_rack_base 803.0 1425.5 798.0 1424.5 789.0 1424.5 778.0 1419.5 772.0 1415.5 767.0 1410.5 763.0 1407.5 757.0 1404.5 749.0 1398.5 741.0 1393.5 732.5 1385.0 733.5 1377.0 738.0 1373.5 760.0 1373.5 761.0 1374.5 774.0 1374.5 775.0 1373.5 782.0 1373.5 783.0 1372.5 790.0 1372.5 791.0 1371.5 797.0 1371.5 798.0 1370.5 803.0 1370.5 804.0 1369.5 811.0 1369.5 812.0 1368.5 818.0 1368.5 819.0 1367.5 824.0 1367.5 825.0 1366.5 830.0 1366.5 831.0 1365.5 839.0 1365.5 840.0 1364.5 849.0 1364.5 850.0 1363.5 857.0 1363.5 858.0 1362.5 864.0 1362.5 865.0 1361.5 870.0 1361.5 876.0 1359.5 884.0 1359.5 885.0 1358.5 894.0 1358.5 895.0 1357.5 901.0 1357.5 902.0 1356.5 909.0 1356.5 910.0 1355.5 916.0 1355.5 917.0 1354.5 924.0 1354.5 925.0 1353.5 932.0 1353.5 933.0 1352.5 940.0 1352.5 941.0 1351.5 950.0 1351.5 951.0 1350.5 956.0 1350.5 957.0 1349.5 963.0 1349.5 964.0 1348.5 970.0 1348.5 971.0 1347.5 978.0 1347.5 979.0 1346.5 990.0 1346.5 991.0 1345.5 1002.0 1345.5 1003.0 1344.5 1011.0 1344.5 1012.0 1343.5 1017.0 1343.5 1018.0 1342.5 1024.0 1342.5 1025.0 1341.5 1032.0 1341.5 1033.0 1340.5 1039.0 1340.5 1040.0 1339.5 1047.0 1339.5 1048.0 1338.5 1055.0 1338.5 1056.0 1337.5 1064.0 1337.5 1065.0 1336.5 1074.0 1336.5 1075.0 1335.5 1082.0 1335.5 1083.0 1334.5 1089.0 1334.5 1090.0 1333.5 1097.0 1333.5 1098.0 1332.5 1105.0 1332.5 1106.0 1331.5 1111.0 1331.5 1112.0 1330.5 1118.0 1330.5 1119.0 1329.5 1128.0 1329.5 1129.0 1328.5 1137.0 1328.5 1138.0 1327.5 1143.0 1327.5 1151.0 1323.5 1157.5 1317.0 1162.5 1309.0 1164.5 1301.0 1166.5 1296.0 1168.5 1287.0 1170.5 1283.0 1171.5 1276.0 1173.5 1272.0 1173.5 1269.0 1175.5 1265.0 1176.5 1258.0 1178.5 1254.0 1178.5 1251.0 1181.5 1242.0 1181.5 1239.0 1183.5 1235.0 1184.5 1230.0 1186.5 1226.0 1188.5 1215.0 1190.5 1210.0 1190.5 1207.0 1192.5 1203.0 1193.5 1196.0 1197.5 1186.0 1197.5 1183.0 1199.5 1179.0 1199.5 1176.0 1201.5 1171.0 1201.5 1168.0 1206.5 1154.0 1209.5 1148.0 1209.5 1145.0 1214.5 1131.0 1215.5 1124.0 1217.5 1120.0 1218.5 1114.0 1222.5 1106.0 1223.5 1101.0 1223.5 1089.0 1227.0 1084.5 1233.0 1082.5 1236.0 1082.5 1239.5 1086.0 1242.5 1092.0 1253.5 1103.0 1257.5 1110.0 1262.5 1115.0 1265.5 1120.0 1266.5 1126.0 1268.5 1130.0 1268.5 1134.0 1266.5 1139.0 1265.5 1148.0 1262.5 1157.0 1262.5 1161.0 1260.5 1165.0 1260.5 1168.0 1258.5 1172.0 1258.5 1175.0 1255.5 1182.0 1254.5 1189.0 1252.5 1193.0 1252.5 1196.0 1250.5 1201.0 1249.5 1209.0 1247.5 1213.0 1245.5 1225.0 1243.5 1229.0 1243.5 1232.0 1241.5 1237.0 1241.5 1241.0 1239.5 1246.0 1239.5 1250.0 1236.5 1257.0 1235.5 1264.0 1233.5 1268.0 1233.5 1271.0 1231.5 1275.0 1230.5 1282.0 1228.5 1287.0 1227.5 1294.0 1225.5 1299.0 1224.5 1306.0 1221.5 1313.0 1220.5 1322.0 1217.5 1331.0 1217.5 1335.0 1214.5 1346.0 1212.5 1349.0 1208.5 1359.0 1205.5 1363.0 1199.0 1368.5 1189.0 1374.5 1180.0 1376.5 1174.0 1378.5 1169.0 1378.5 1168.0 1379.5 1162.0 1379.5 1161.0 1380.5 1154.0 1380.5 1153.0 1381.5 1147.0 1381.5 1146.0 1382.5 1140.0 1382.5 1139.0 1383.5 1133.0 1383.5 1132.0 1384.5 1126.0 1384.5 1125.0 1385.5 1118.0 1385.5 1117.0 1386.5 1110.0 1386.5 1109.0 1387.5 1104.0 1387.5 1103.0 1388.5 1097.0 1388.5 1096.0 1389.5 1087.0 1389.5 1086.0 1390.5 1077.0 1390.5 1076.0 1391.5 1068.0 1391.5 1067.0 1392.5 1058.0 1392.5 1057.0 1393.5 1052.0 1393.5 1051.0 1394.5 1046.0 1394.5 1045.0 1395.5 1039.0 1395.5 1038.0 1396.5 1030.0 1396.5 1029.0 1397.5 1022.0 1397.5 1021.0 1398.5 1013.0 1398.5 1012.0 1399.5 1004.0 1399.5 1003.0 1400.5 994.0 1400.5 993.0 1401.5 985.0 1401.5 984.0 1402.5 978.0 1402.5 972.0 1404.5 963.0 1404.5 962.0 1405.5 951.0 1405.5 950.0 1406.5 943.0 1406.5 942.0 1407.5 936.0 1407.5 935.0 1408.5 928.0 1408.5 927.0 1409.5 920.0 1409.5 919.0 1410.5 912.0 1410.5 911.0 1411.5 904.0 1411.5 903.0 1412.5 898.0 1412.5 897.0 1413.5 891.0 1413.5 890.0 1414.5 879.0 1414.5 878.0 1415.5 870.0 1415.5 869.0 1416.5 862.0 1416.5 861.0 1417.5 853.0 1417.5 852.0 1418.5 846.0 1418.5 845.0 1419.5 839.0 1419.5 838.0 1420.5 833.0 1420.5 832.0 1421.5 824.0 1421.5 823.0 1422.5 815.0 1422.5 809.0 1424.5 804.0 1424.5 803.0 1425.5
 10ML_sorting_tube_rack 760.0 1376.5 754.0 1376.5 745.0 1372.5 740.5 1368.0 738.5 1364.0 737.5 1359.0 735.5 1356.0 731.0 1352.5 728.0 1351.5 722.5 1347.0 717.5 1339.0 713.5 1334.0 709.0 1329.5 706.0 1328.5 702.0 1325.5 692.0 1321.5 688.0 1318.5 677.0 1307.5 673.0 1304.5 663.0 1298.5 657.0 1293.5 651.0 1290.5 646.0 1286.5 641.0 1281.5 635.0 1278.5 629.0 1274.5 626.0 1271.5 622.0 1269.5 619.0 1266.5 614.0 1263.5 611.0 1260.5 603.0 1255.5 599.0 1251.5 587.0 1242.5 586.0 1242.5 579.0 1236.5 563.0 1226.5 559.0 1223.5 552.0 1216.5 551.0 1216.5 546.5 1212.0 544.5 1209.0 544.5 1203.0 546.5 1199.0 546.5 1196.0 549.5 1189.0 551.5 1186.0 554.5 1179.0 556.5 1176.0 559.5 1169.0 575.0 1153.5 580.0 1153.5 584.0 1156.5 587.0 1157.5 590.0 1160.5 597.0 1163.5 602.0 1163.5 603.0 1164.5 608.0 1164.5 619.0 1168.5 623.0 1168.5 633.0 1164.5 639.0 1163.5 648.0 1159.5 652.0 1156.5 658.0 1150.5 659.0 1150.5 663.5 1145.0 664.5 1141.0 669.0 1136.5 674.0 1136.5 675.0 1137.5 685.0 1137.5 688.0 1138.5 690.5 1141.0 691.5 1145.0 703.0 1156.5 709.0 1160.5 715.0 1161.5 716.0 1160.5 722.0 1160.5 729.0 1157.5 732.0 1155.5 737.0 1154.5 744.0 1151.5 752.0 1145.5 754.0 1145.5 759.5 1140.0 759.5 1139.0 765.5 1133.0 767.5 1130.0 767.5 1122.0 768.5 1118.0 766.5 1114.0 761.5 1109.0 761.5 1108.0 757.0 1104.5 743.0 1090.5 738.0 1086.5 733.0 1083.5 725.0 1077.5 720.0 1077.5 714.0 1075.5 709.0 1075.5 708.0 1076.5 702.0 1076.5 697.0 1077.5 690.5 1074.0 693.0 1069.5 698.0 1068.5 710.0 1068.5 713.5 1065.0 714.5 1062.0 714.5 1055.0 711.5 1051.0 710.5 1048.0 704.0 1044.5 702.5 1040.0 709.0 1036.5 712.5 1033.0 715.5 1028.0 722.0 1021.5 735.0 1014.5 744.0 1005.5 752.0 1003.5 758.0 1004.5 763.0 1010.5 772.0 1014.5 775.0 1016.5 780.0 1017.5 785.0 1019.5 791.0 1019.5 792.0 1018.5 799.0 1018.5 807.0 1015.5 812.0 1014.5 815.0 1012.5 821.0 1010.5 824.0 1008.5 833.5 999.0 834.5 997.0 834.5 978.0 833.5 977.0 830.5 969.0 825.0 966.5 822.5 964.0 821.5 961.0 821.5 954.0 833.0 949.5 838.0 949.5 839.0 948.5 844.0 948.5 845.0 947.5 854.0 947.5 855.0 946.5 866.0 946.5 867.0 945.5 876.0 945.5 877.0 944.5 883.0 944.5 889.0 942.5 900.0 942.5 901.0 943.5 909.0 943.5 917.0 938.5 923.0 936.5 932.0 936.5 933.0 935.5 944.0 935.5 945.0 934.5 961.0 934.5 962.0 933.5 971.0 933.5 972.0 932.5 977.0 932.5 978.0 931.5 999.0 931.5 1000.0 930.5 1006.0 930.5 1007.0 929.5 1013.0 929.5 1024.0 926.5 1030.0 923.5 1033.0 923.5 1038.0 921.5 1043.0 920.5 1048.0 920.5 1054.0 918.5 1065.0 918.5 1066.0 919.5 1074.0 919.5 1080.0 922.5 1085.5 928.0 1086.5 932.0 1090.5 939.0 1097.5 947.0 1097.5 948.0 1104.5 955.0 1114.5 969.0 1114.5 970.0 1120.0 975.5 1127.0 979.5 1131.0 982.5 1137.5 989.0 1140.5 993.0 1141.5 996.0 1156.5 1011.0 1160.5 1017.0 1164.5 1021.0 1167.5 1026.0 1171.5 1031.0 1174.5 1037.0 1190.5 1053.0 1200.5 1067.0 1206.0 1073.5 1209.0 1075.5 1216.0 1075.5 1217.0 1076.5 1223.0 1077.5 1230.5 1085.0 1231.5 1088.0 1229.5 1097.0 1225.0 1101.5 1222.5 1105.0 1222.5 1110.0 1220.5 1115.0 1220.5 1123.0 1219.5 1124.0 1219.5 1133.0 1217.5 1138.0 1210.5 1149.0 1210.5 1161.0 1207.5 1167.0 1207.5 1169.0 1204.5 1174.0 1203.5 1179.0 1203.5 1184.0 1200.5 1196.0 1198.5 1201.0 1193.5 1209.0 1193.5 1215.0 1192.5 1216.0 1192.5 1221.0 1189.5 1231.0 1186.5 1239.0 1186.5 1246.0 1185.5 1251.0 1182.5 1257.0 1178.5 1261.0 1175.5 1269.0 1175.5 1282.0 1174.5 1286.0 1168.5 1298.0 1168.5 1301.0 1166.5 1307.0 1163.5 1311.0 1158.5 1316.0 1158.5 1317.0 1154.0 1320.5 1146.0 1324.5 1134.0 1328.5 1126.0 1328.5 1125.0 1329.5 1118.0 1329.5 1109.0 1332.5 1104.0 1332.5 1103.0 1333.5 1097.0 1333.5 1096.0 1334.5 1089.0 1334.5 1088.0 1335.5 1083.0 1335.5 1082.0 1336.5 1075.0 1336.5 1074.0 1337.5 1067.0 1337.5 1066.0 1338.5 1061.0 1338.5 1060.0 1339.5 1048.0 1339.5 1047.0 1340.5 1040.0 1340.5 1032.0 1342.5 1031.0 1343.5 1026.0 1343.5 1025.0 1344.5 1008.0 1344.5 1007.0 1345.5 1002.0 1345.5 1001.0 1346.5 995.0 1346.5 994.0 1347.5 983.0 1347.5 982.0 1348.5 973.0 1348.5 972.0 1349.5 965.0 1349.5 964.0 1350.5 959.0 1350.5 953.0 1352.5 939.0 1352.5 938.0 1353.5 928.0 1353.5 927.0 1354.5 917.0 1354.5 916.0 1355.5 907.0 1355.5 891.0 1359.5 882.0 1359.5 881.0 1360.5 876.0 1360.5 864.0 1364.5 850.0 1364.5 849.0 1365.5 842.0 1365.5 841.0 1366.5 836.0 1366.5 835.0 1367.5 822.0 1367.5 821.0 1368.5 813.0 1368.5 812.0 1369.5 807.0 1369.5 801.0 1371.5 780.0 1371.5 779.0 1372.5 771.0 1372.5 767.0 1373.5 764.0 1375.5 760.0 1376.5
 10ML_sorting_tube_rack 640.0 1107.5 635.0 1107.5 631.0 1105.5 626.0 1104.5 621.0 1104.5 619.0 1103.5 614.5 1099.0 613.5 1094.0 613.5 1088.0 614.5 1086.0 620.0 1080.5 626.0 1080.5 631.5 1085.0 634.5 1094.0 639.0 1098.5 642.0 1099.5 645.5 1104.0 640.0 1107.5
 10ML_sorting_tube_rack 1253.0 1141.5 1251.0 1141.5 1247.5 1138.0 1244.5 1131.0 1243.5 1125.0 1240.0 1120.5 1237.0 1119.5 1233.5 1115.0 1238.0 1112.5 1244.0 1112.5 1245.0 1111.5 1250.0 1111.5 1254.5 1116.0 1256.5 1120.0 1256.5 1123.0 1259.5 1130.0 1259.5 1133.0 1257.5 1137.0 1253.0 1141.5
 sorting_tube_rack_base 580.0 1944.5 560.0 1944.5 559.0 1943.5 552.0 1942.5 547.0 1940.5 543.0 1940.5 539.0 1938.5 535.0 1938.5 526.0 1935.5 518.0 1931.5 509.0 1929.5 497.0 1924.5 486.0 1920.5 479.5 1914.0 478.5 1911.0 478.5 1895.0 479.5 1894.0 481.5 1887.0 483.5 1885.0 486.5 1877.0 492.5 1866.0 492.5 1864.0 495.5 1858.0 500.5 1853.0 502.5 1846.0 503.5 1839.0 508.5 1832.0 510.5 1825.0 514.5 1816.0 521.5 1807.0 523.5 1801.0 526.5 1796.0 526.5 1794.0 532.5 1783.0 534.5 1776.0 540.5 1765.0 545.5 1754.0 547.5 1752.0 551.5 1744.0 551.5 1742.0 558.5 1729.0 562.5 1718.0 569.5 1706.0 575.5 1693.0 577.5 1691.0 580.5 1684.0 581.5 1678.0 585.5 1671.0 586.5 1668.0 591.5 1658.0 594.5 1651.0 596.5 1648.0 597.5 1643.0 601.5 1637.0 605.5 1629.0 607.5 1627.0 609.5 1621.0 619.5 1601.0 619.5 1599.0 623.5 1591.0 624.5 1586.0 626.5 1581.0 629.5 1577.0 630.5 1574.0 635.5 1568.0 638.5 1561.0 647.0 1552.5 653.0 1548.5 660.0 1545.5 663.0 1543.5 680.0 1539.5 698.0 1539.5 699.0 1538.5 704.0 1538.5 705.0 1537.5 711.0 1537.5 712.0 1536.5 722.0 1536.5 723.0 1535.5 730.0 1535.5 731.0 1534.5 736.0 1534.5 737.0 1533.5 745.0 1533.5 746.0 1532.5 759.0 1532.5 760.0 1531.5 768.0 1531.5 769.0 1530.5 787.0 1530.5 788.0 1529.5 794.0 1529.5 795.0 1528.5 802.0 1528.5 803.0 1527.5 821.0 1527.5 822.0 1526.5 829.0 1526.5 830.0 1525.5 835.0 1525.5 840.0 1523.5 845.0 1522.5 851.0 1522.5 852.0 1521.5 861.0 1521.5 862.0 1520.5 868.0 1520.5 869.0 1519.5 877.0 1519.5 878.0 1518.5 887.0 1518.5 888.0 1517.5 899.0 1517.5 900.0 1516.5 910.0 1516.5 911.0 1515.5 917.0 1515.5 918.0 1514.5 926.0 1514.5 927.0 1513.5 935.0 1513.5 936.0 1512.5 948.0 1512.5 949.0 1511.5 958.0 1511.5 959.0 1510.5 966.0 1510.5 967.0 1509.5 978.0 1509.5 979.0 1508.5 986.0 1508.5 987.0 1507.5 994.0 1507.5 995.0 1506.5 1005.0 1506.5 1006.0 1505.5 1014.0 1505.5 1015.0 1504.5 1023.0 1504.5 1024.0 1503.5 1031.0 1503.5 1032.0 1502.5 1039.0 1502.5 1040.0 1501.5 1048.0 1501.5 1049.0 1500.5 1057.0 1500.5 1058.0 1499.5 1064.0 1499.5 1065.0 1498.5 1071.0 1498.5 1072.0 1497.5 1080.0 1497.5 1081.0 1496.5 1091.0 1496.5 1092.0 1497.5 1098.0 1498.5 1105.0 1502.5 1113.0 1509.5 1119.0 1512.5 1125.0 1518.5 1136.0 1526.5 1145.5 1536.0 1149.5 1542.0 1152.5 1549.0 1152.5 1559.0 1151.5 1560.0 1151.5 1565.0 1150.5 1570.0 1148.5 1575.0 1148.5 1579.0 1143.5 1595.0 1136.5 1615.0 1131.5 1631.0 1128.5 1648.0 1126.5 1652.0 1126.5 1655.0 1124.5 1659.0 1124.5 1662.0 1122.5 1666.0 1122.5 1669.0 1120.5 1673.0 1119.5 1679.0 1117.5 1682.0 1116.5 1688.0 1114.5 1693.0 1114.5 1698.0 1113.5 1703.0 1109.5 1713.0 1109.5 1716.0 1104.5 1729.0 1102.5 1738.0 1101.5 1739.0 1100.5 1748.0 1098.5 1752.0 1096.5 1763.0 1094.5 1769.0 1092.5 1772.0 1090.5 1778.0 1089.5 1785.0 1087.5 1789.0 1087.5 1792.0 1085.5 1797.0 1085.5 1800.0 1083.5 1808.0 1081.5 1812.0 1079.5 1824.0 1077.5 1830.0 1074.5 1836.0 1074.5 1839.0 1070.5 1849.0 1070.5 1852.0 1068.5 1856.0 1068.5 1859.0 1063.5 1873.0 1057.5 1884.0 1048.0 1893.5 1044.0 1896.5 1035.0 1899.5 1026.0 1903.5 1012.0 1906.5 1007.0 1906.5 1006.0 1907.5 998.0 1907.5 997.0 1908.5 990.0 1908.5 989.0 1909.5 980.0 1909.5 979.0 1910.5 961.0 1910.5 960.0 1911.5 950.0 1911.5 949.0 1912.5 937.0 1912.5 936.0 1913.5 929.0 1913.5 928.0 1914.5 916.0 1914.5 915.0 1915.5 903.0 1915.5 902.0 1916.5 892.0 1916.5 891.0 1917.5 877.0 1917.5 876.0 1918.5 866.0 1918.5 865.0 1919.5 855.0 1919.5 854.0 1920.5 845.0 1920.5 844.0 1921.5 833.0 1921.5 832.0 1922.5 820.0 1922.5 819.0 1923.5 810.0 1923.5 809.0 1924.5 803.0 1924.5 802.0 1925.5 793.0 1925.5 792.0 1926.5 782.0 1926.5 781.0 1927.5 774.0 1927.5 773.0 1928.5 763.0 1928.5 762.0 1929.5 749.0 1929.5 748.0 1930.5 739.0 1930.5 738.0 1931.5 722.0 1931.5 721.0 1932.5 705.0 1932.5 704.0 1933.5 692.0 1933.5 691.0 1934.5 685.0 1934.5 684.0 1935.5 671.0 1935.5 670.0 1936.5 660.0 1936.5 659.0 1937.5 648.0 1937.5 647.0 1938.5 635.0 1938.5 634.0 1939.5 626.0 1939.5 625.0 1940.5 612.0 1940.5 611.0 1941.5 598.0 1941.5 597.0 1942.5 588.0 1942.5 587.0 1943.5 581.0 1943.5 580.0 1944.5
 5ML_centrifuge_tube 2236.0 1073.5 2211.0 1073.5 2205.0 1071.5 2201.0 1071.5 2195.0 1069.5 2188.0 1064.5 2184.0 1062.5 2174.5 1053.0 2174.5 1052.0 2169.5 1044.0 2168.5 1038.0 2167.5 1037.0 2167.5 1032.0 2165.5 1026.0 2165.5 1017.0 2164.5 1016.0 2164.5 990.0 2165.5 989.0 2165.5 984.0 2168.5 977.0 2172.5 971.0 2180.0 963.5 2181.0 963.5 2189.0 956.5 2196.0 952.5 2209.0 948.5 2214.0 948.5 2215.0 947.5 2239.0 947.5 2240.0 948.5 2246.0 948.5 2256.0 951.5 2262.0 954.5 2267.0 958.5 2271.0 960.5 2276.5 966.0 2281.5 975.0 2284.5 982.0 2286.5 992.0 2286.5 999.0 2287.5 1000.0 2287.5 1025.0 2286.5 1026.0 2286.5 1033.0 2285.5 1034.0 2285.5 1040.0 2280.5 1049.0 2277.5 1053.0 2271.0 1059.5 2270.0 1059.5 2262.0 1065.5 2256.0 1068.5 2250.0 1070.5 2247.0 1070.5 2243.0 1072.5 2237.0 1072.5 2236.0 1073.5
 5ML_centrifuge_tube 2116.0 1202.5 2103.0 1202.5 2102.0 1201.5 2097.0 1201.5 2085.0 1198.5 2082.0 1196.5 2075.0 1194.5 2063.5 1183.0 2060.5 1179.0 2057.5 1172.0 2055.5 1169.0 2052.5 1162.0 2051.5 1158.0 2051.5 1153.0 2049.5 1148.0 2049.5 1141.0 2048.5 1140.0 2048.5 1115.0 2051.5 1105.0 2055.5 1098.0 2058.5 1094.0 2065.0 1087.5 2070.0 1083.5 2081.0 1077.5 2086.0 1075.5 2096.0 1072.5 2101.0 1071.5 2108.0 1071.5 2109.0 1070.5 2124.0 1070.5 2137.0 1073.5 2144.0 1076.5 2150.0 1080.5 2153.0 1081.5 2157.0 1084.5 2162.5 1090.0 2166.5 1096.0 2169.5 1102.0 2171.5 1108.0 2171.5 1111.0 2173.5 1116.0 2173.5 1121.0 2174.5 1122.0 2174.5 1128.0 2175.5 1129.0 2175.5 1139.0 2176.5 1140.0 2176.5 1151.0 2175.5 1152.0 2175.5 1161.0 2174.5 1165.0 2169.5 1175.0 2167.5 1178.0 2157.0 1188.5 2150.0 1192.5 2148.0 1192.5 2136.0 1197.5 2123.0 1201.5 2117.0 1201.5 2116.0 1202.5
 10ML_centrifuge_tube 2396.0 856.5 2388.0 856.5 2384.0 854.5 2381.5 850.0 2381.5 822.0 2382.5 821.0 2382.5 815.0 2386.5 806.0 2394.0 798.5 2395.0 798.5 2401.0 793.5 2409.0 789.5 2413.0 788.5 2418.0 788.5 2419.0 787.5 2438.0 787.5 2443.0 788.5 2452.0 791.5 2460.0 797.5 2465.5 803.0 2467.5 810.0 2467.5 813.0 2469.5 818.0 2469.5 835.0 2466.5 843.0 2464.0 845.5 2461.0 846.5 2456.0 846.5 2455.0 847.5 2449.0 847.5 2448.0 848.5 2442.0 848.5 2441.0 849.5 2433.0 849.5 2432.0 850.5 2424.0 850.5 2423.0 851.5 2417.0 851.5 2416.0 852.5 2411.0 852.5 2406.0 853.5 2401.0 855.5 2396.0 856.5
 10ML_centrifuge_tube 3111.0 781.5 3099.0 781.5 3098.0 780.5 3093.0 780.5 3088.0 778.5 3080.0 777.5 3074.0 774.5 3072.0 774.5 3059.0 767.5 3054.5 763.0 3051.5 758.0 3050.5 754.0 3050.5 747.0 3049.5 746.0 3049.5 741.0 3050.5 740.0 3052.5 732.0 3054.5 729.0 3056.5 721.0 3058.5 718.0 3059.5 713.0 3063.5 705.0 3066.5 701.0 3074.0 694.5 3082.0 690.5 3092.0 688.5 3093.0 687.5 3098.0 687.5 3099.0 686.5 3108.0 686.5 3109.0 685.5 3115.0 685.5 3116.0 686.5 3124.0 686.5 3129.0 687.5 3133.0 689.5 3141.0 691.5 3146.0 693.5 3150.0 696.5 3153.0 697.5 3158.5 703.0 3163.5 711.0 3163.5 729.0 3158.5 742.0 3157.5 747.0 3154.5 752.0 3152.5 759.0 3148.5 766.0 3142.0 772.5 3129.0 777.5 3122.0 778.5 3117.0 780.5 3112.0 780.5 3111.0 781.5
 10ML_centrifuge_tube 2093.0 898.5 2088.0 898.5 2087.0 897.5 2080.0 897.5 2075.5 894.0 2073.5 889.0 2072.5 884.0 2072.5 871.0 2073.5 870.0 2073.5 863.0 2074.5 859.0 2078.5 851.0 2085.0 844.5 2090.0 840.5 2095.0 837.5 2100.0 836.5 2104.0 834.5 2112.0 834.5 2113.0 833.5 2122.0 833.5 2123.0 834.5 2128.0 834.5 2132.0 835.5 2139.0 838.5 2143.0 841.5 2150.5 849.0 2152.5 854.0 2156.5 861.0 2156.5 882.0 2153.0 888.5 2148.0 890.5 2141.0 890.5 2140.0 891.5 2134.0 891.5 2133.0 892.5 2127.0 892.5 2126.0 893.5 2121.0 893.5 2120.0 894.5 2114.0 894.5 2113.0 895.5 2106.0 895.5 2105.0 896.5 2100.0 896.5 2099.0 897.5 2094.0 897.5 2093.0 898.5
 10ML_centrifuge_tube 2109.0 986.5 2099.0 986.5 2090.5 984.0 2090.5 980.0 2096.0 977.5 2107.0 966.5 2115.0 962.5 2122.0 957.5 2127.0 957.5 2128.0 958.5 2134.0 959.5 2137.5 965.0 2136.5 970.0 2132.0 973.5 2125.0 980.5 2119.0 982.5 2116.0 984.5 2110.0 985.5 2109.0 986.5
dispensing_tube_rack 3839.0 1571.5 3834.0 1571.5 3830.0 1573.5 3826.0 1577.5 3820.0 1581.5 3813.0 1584.5 3810.0 1587.5 3806.0 1589.5 3791.0 1601.5 3785.0 1604.5 3776.5 1613.0 3770.5 1624.0 3765.0 1629.5 3761.0 1631.5 3758.0 1634.5 3749.0 1640.5 3740.0 1644.5 3729.0 1644.5 3728.0 1645.5 3720.0 1645.5 3719.0 1646.5 3710.0 1646.5 3709.0 1647.5 3695.0 1647.5 3694.0 1648.5 3679.0 1648.5 3678.0 1649.5 3664.0 1649.5 3663.0 1650.5 3651.0 1650.5 3650.0 1651.5 3634.0 1651.5 3633.0 1652.5 3623.0 1652.5 3622.0 1653.5 3607.0 1653.5 3606.0 1654.5 3597.0 1654.5 3596.0 1655.5 3582.0 1655.5 3581.0 1656.5 3570.0 1656.5 3569.0 1657.5 3561.0 1657.5 3560.0 1658.5 3545.0 1658.5 3544.0 1659.5 3532.0 1659.5 3531.0 1660.5 3512.0 1660.5 3511.0 1661.5 3493.0 1661.5 3492.0 1662.5 3477.0 1662.5 3476.0 1663.5 3463.0 1663.5 3462.0 1664.5 3442.0 1664.5 3441.0 1665.5 3429.0 1665.5 3428.0 1666.5 3415.0 1666.5 3414.0 1667.5 3406.0 1667.5 3405.0 1668.5 3396.0 1668.5 3395.0 1669.5 3385.0 1669.5 3384.0 1670.5 3367.0 1670.5 3366.0 1671.5 3348.0 1671.5 3347.0 1672.5 3338.0 1672.5 3337.0 1673.5 3321.0 1673.5 3320.0 1674.5 3299.0 1674.5 3298.0 1675.5 3286.0 1675.5 3285.0 1676.5 3268.0 1676.5 3267.0 1677.5 3255.0 1677.5 3254.0 1678.5 3244.0 1678.5 3243.0 1679.5 3236.0 1679.5 3235.0 1680.5 3226.0 1680.5 3225.0 1681.5 3209.0 1681.5 3208.0 1682.5 3196.0 1682.5 3195.0 1683.5 3189.0 1683.5 3188.0 1684.5 3177.0 1684.5 3176.0 1685.5 3164.0 1685.5 3163.0 1686.5 3142.0 1686.5 3141.0 1687.5 3131.0 1687.5 3130.0 1688.5 3109.0 1688.5 3108.0 1689.5 3089.0 1689.5 3088.0 1690.5 3066.0 1690.5 3065.0 1691.5 3052.0 1691.5 3051.0 1692.5 3034.0 1692.5 3033.0 1693.5 3019.0 1693.5 3018.0 1694.5 3010.0 1694.5 3009.0 1695.5 2997.0 1695.5 2996.0 1696.5 2991.0 1696.5 2990.0 1695.5 2985.0 1695.5 2984.0 1694.5 2979.0 1694.5 2977.0 1693.5 2971.5 1688.0 2968.5 1681.0 2968.5 1678.0 2966.5 1673.0 2961.5 1663.0 2959.5 1661.0 2956.5 1650.0 2954.5 1647.0 2953.5 1642.0 2951.5 1637.0 2948.5 1632.0 2946.5 1624.0 2944.5 1620.0 2943.5 1613.0 2941.5 1609.0 2941.5 1606.0 2939.5 1602.0 2938.5 1597.0 2936.5 1594.0 2935.5 1590.0 2933.5 1588.0 2929.5 1580.0 2928.5 1575.0 2924.5 1567.0 2922.5 1556.0 2917.5 1546.0 2913.5 1540.0 2910.5 1531.0 2909.5 1526.0 2907.5 1523.0 2905.5 1515.0 2904.5 1514.0 2899.5 1504.0 2899.5 1501.0 2895.5 1489.0 2891.5 1481.0 2889.5 1479.0 2887.5 1472.0 2885.5 1469.0 2882.5 1459.0 2881.5 1450.0 2879.5 1446.0 2879.5 1443.0 2873.5 1434.0 2869.5 1427.0 2865.5 1417.0 2865.5 1412.0 2863.5 1403.0 2861.5 1398.0 2856.5 1389.0 2855.5 1386.0 2855.5 1380.0 2854.5 1379.0 2854.5 1372.0 2853.5 1371.0 2853.5 1362.0 2852.5 1361.0 2852.5 1356.0 2851.5 1355.0 2848.5 1344.0 2842.5 1338.0 2837.5 1329.0 2837.5 1318.0 2842.5 1311.0 2842.5 1308.0 2840.0 1303.5 2837.0 1304.5 2828.5 1305.0 2827.5 1300.0 2824.5 1293.0 2824.5 1287.0 2823.5 1286.0 2823.5 1281.0 2822.5 1280.0 2821.5 1271.0 2817.5 1261.0 2809.5 1252.0 2807.5 1248.0 2803.5 1237.0 2802.5 1233.0 2799.5 1226.0 2795.5 1220.0 2794.5 1215.0 2791.0 1211.5 2784.0 1210.5 2780.5 1215.0 2778.5 1223.0 2775.5 1231.0 2775.5 1235.0 2771.5 1245.0 2768.5 1250.0 2768.5 1256.0 2773.5 1272.0 2777.5 1280.0 2777.5 1282.0 2780.5 1287.0 2782.5 1294.0 2784.5 1297.0 2786.5 1304.0 2788.5 1307.0 2792.5 1321.0 2795.5 1326.0 2797.5 1332.0 2799.5 1341.0 2801.5 1346.0 2805.5 1353.0 2809.5 1367.0 2811.5 1370.0 2811.5 1373.0 2813.5 1377.0 2814.5 1384.0 2816.5 1390.0 2816.5 1397.0 2817.5 1398.0 2817.5 1405.0 2818.5 1406.0 2818.5 1412.0 2819.5 1413.0 2819.5 1426.0 2818.5 1427.0 2818.5 1436.0 2817.5 1437.0 2817.5 1445.0 2816.5 1446.0 2813.5 1458.0 2810.5 1467.0 2810.5 1470.0 2803.5 1489.0 2795.5 1504.0 2795.5 1506.0 2792.5 1511.0 2790.5 1517.0 2790.5 1520.0 2785.5 1533.0 2784.5 1540.0 2775.5 1558.0 2774.5 1564.0 2767.5 1581.0 2761.5 1587.0 2759.5 1590.0 2756.5 1599.0 2756.5 1603.0 2754.5 1609.0 2754.5 1613.0 2751.5 1621.0 2751.5 1625.0 2745.5 1639.0 2742.5 1644.0 2740.5 1649.0 2739.5 1654.0 2737.5 1659.0 2733.5 1666.0 2731.5 1672.0 2731.5 1677.0 2730.5 1678.0 2730.5 1684.0 2729.5 1685.0 2729.5 1702.0 2725.0 1707.5 2719.0 1710.5 2712.0 1710.5 2711.0 1711.5 2705.0 1711.5 2704.0 1712.5 2695.0 1712.5 2694.0 1713.5 2678.0 1713.5 2677.0 1714.5 2672.0 1714.5 2671.0 1715.5 2663.0 1715.5 2662.0 1716.5 2639.0 1716.5 2638.0 1717.5 2631.0 1717.5 2630.0 1718.5 2618.0 1718.5 2617.0 1719.5 2606.0 1719.5 2605.0 1720.5 2574.0 1720.5 2573.0 1721.5 2556.0 1721.5 2555.0 1722.5 2539.0 1722.5 2538.0 1723.5 2524.0 1723.5 2523.0 1724.5 2510.0 1724.5 2509.0 1725.5 2497.0 1725.5 2496.0 1726.5 2475.0 1726.5 2474.0 1727.5 2462.0 1727.5 2461.0 1728.5 2454.0 1728.5 2453.0 1729.5 2446.0 1729.5 2445.0 1730.5 2429.0 1730.5 2428.0 1731.5 2404.0 1731.5 2403.0 1732.5 2375.0 1732.5 2374.0 1733.5 2364.0 1733.5 2363.0 1734.5 2332.0 1734.5 2331.0 1735.5 2317.0 1735.5 2316.0 1736.5 2295.0 1736.5 2294.0 1737.5 2278.0 1737.5 2277.0 1738.5 2265.0 1738.5 2264.0 1739.5 2256.0 1739.5 2255.0 1740.5 2247.0 1740.5 2246.0 1741.5 2240.0 1741.5 2239.0 1742.5 2234.0 1742.5 2233.0 1743.5 2228.0 1743.5 2227.0 1744.5 2218.0 1744.5 2217.0 1745.5 2204.0 1745.5 2203.0 1746.5 2193.0 1746.5 2192.0 1747.5 2184.0 1747.5 2183.0 1748.5 2170.0 1748.5 2169.0 1749.5 2138.0 1749.5 2137.0 1750.5 2121.0 1750.5 2120.0 1751.5 2086.0 1751.5 2085.0 1750.5 2078.0 1750.5 2072.5 1746.0 2071.5 1742.0 2071.5 1737.0 2069.5 1732.0 2069.5 1724.0 2068.5 1723.0 2068.5 1717.0 2067.5 1716.0 2064.5 1708.0 2059.5 1698.0 2057.5 1695.0 2054.5 1685.0 2054.5 1681.0 2050.5 1668.0 2048.5 1665.0 2047.5 1660.0 2045.5 1656.0 2044.5 1648.0 2043.5 1647.0 2042.5 1640.0 2040.5 1631.0 2036.5 1622.0 2029.5 1611.0 2029.5 1608.0 2027.5 1604.0 2027.5 1601.0 2025.5 1596.0 2024.5 1588.0 2022.5 1584.0 2020.5 1577.0 2018.5 1575.0 2014.5 1565.0 2014.5 1559.0 2013.5 1558.0 2012.5 1549.0 2011.5 1548.0 2009.5 1535.0 2007.5 1531.0 2007.5 1528.0 2004.5 1522.0 1999.5 1516.0 1996.5 1509.0 1994.5 1496.0 1993.5 1495.0 1993.5 1484.0 1992.5 1483.0 1992.5 1471.0 1991.5 1470.0 1991.5 1462.0 1990.5 1461.0 1990.5 1451.0 1989.5 1450.0 1989.5 1438.0 1988.5 1437.0 1988.5 1404.0 1987.5 1403.0 1987.5 1393.0 1986.5 1392.0 1986.5 1382.0 1985.5 1381.0 1985.5 1334.0 1984.5 1333.0 1984.5 1320.0 1983.5 1319.0 1983.5 1281.0 1982.5 1280.0 1982.5 1266.0 1981.5 1265.0 1981.5 1254.0 1980.5 1253.0 1980.5 1246.0 1979.5 1245.0 1979.5 1239.0 1974.5 1226.0 1970.0 1221.5 1967.0 1219.5 1961.0 1217.5 1955.0 1214.5 1947.5 1207.0 1941.5 1198.0 1938.5 1189.0 1938.5 1186.0 1936.5 1181.0 1936.5 1176.0 1935.5 1175.0 1935.5 1167.0 1934.5 1166.0 1934.5 1151.0 1935.5 1150.0 1935.5 1144.0 1934.5 1143.0 1934.5 1128.0 1935.5 1127.0 1935.5 1110.0 1934.5 1109.0 1934.5 1054.0 1933.5 1053.0 1933.5 1045.0 1932.5 1044.0 1932.5 1009.0 1934.5 1003.0 1934.5 998.0 1935.5 997.0 1936.5 989.0 1938.5 986.0 1940.5 980.0 1942.5 978.0 1947.5 967.0 1952.0 962.5 1959.0 959.5 1966.0 959.5 1973.0 957.5 1977.5 953.0 1979.5 948.0 1979.5 945.0 1981.5 941.0 1983.5 933.0 1988.5 924.0 1997.0 915.5 2004.0 911.5 2009.0 910.5 2012.0 908.5 2020.0 906.5 2023.0 904.5 2031.0 903.5 2041.0 897.5 2044.0 894.5 2051.0 891.5 2076.0 891.5 2080.0 890.5 2079.5 888.0 2073.5 882.0 2072.5 879.0 2078.5 872.0 2081.5 866.0 2082.5 862.0 2085.5 858.0 2095.0 848.5 2097.0 848.5 2104.0 844.5 2107.0 843.5 2125.0 843.5 2129.0 844.5 2134.0 847.5 2138.0 848.5 2142.0 851.5 2154.0 863.5 2158.0 866.5 2163.0 868.5 2175.0 868.5 2180.0 867.5 2184.0 864.5 2192.0 860.5 2199.0 859.5 2200.0 858.5 2206.0 858.5 2207.0 857.5 2215.0 857.5 2216.0 858.5 2223.0 859.5 2224.0 860.5 2229.0 860.5 2244.0 855.5 2250.0 855.5 2251.0 854.5 2264.0 852.5 2275.0 847.5 2277.0 845.5 2281.0 844.5 2284.0 842.5 2287.0 842.5 2292.0 840.5 2298.0 840.5 2299.0 839.5 2308.0 839.5 2309.0 838.5 2321.0 838.5 2322.0 837.5 2338.0 837.5 2339.0 836.5 2350.0 836.5 2351.0 835.5 2356.0 835.5 2357.0 834.5 2367.0 834.5 2372.0 836.5 2374.0 838.5 2378.0 838.5 2382.5 832.0 2383.5 829.0 2386.5 825.0 2389.5 816.0 2392.0 813.5 2397.0 811.5 2403.0 810.5 2405.5 807.0 2405.5 804.0 2413.0 799.5 2420.0 798.5 2421.0 797.5 2438.0 797.5 2444.0 799.5 2449.5 804.0 2449.5 809.0 2450.5 810.0 2450.5 818.0 2451.5 819.0 2451.5 832.0 2454.5 836.0 2456.5 841.0 2461.0 845.5 2467.0 845.5 2473.0 839.5 2480.0 836.5 2493.0 836.5 2494.0 835.5 2503.0 835.5 2504.0 834.5 2521.0 834.5 2522.0 835.5 2536.0 835.5 2537.0 836.5 2545.0 836.5 2546.0 835.5 2553.0 835.5 2554.0 834.5 2559.0 834.5 2564.0 833.5 2569.0 831.5 2574.0 831.5 2575.0 830.5 2585.0 830.5 2586.0 829.5 2594.0 829.5 2595.0 828.5 2604.0 828.5 2605.0 827.5 2613.0 827.5 2614.0 826.5 2621.0 826.5 2622.0 825.5 2629.0 825.5 2630.0 824.5 2639.0 824.5 2645.0 822.5 2650.0 822.5 2651.0 821.5 2666.0 821.5 2680.0 825.5 2685.0 828.5 2689.0 829.5 2693.5 835.0 2694.5 839.0 2698.5 847.0 2704.0 852.5 2706.0 853.5 2725.0 853.5 2726.0 854.5 2732.0 854.5 2733.0 855.5 2741.0 856.5 2748.0 859.5 2750.0 859.5 2756.5 866.0 2762.5 876.0 2764.5 878.0 2767.5 884.0 2770.5 887.0 2774.5 894.0 2777.5 906.0 2779.5 911.0 2784.0 915.5 2795.0 915.5 2797.5 912.0 2797.5 890.0 2802.5 881.0 2803.5 878.0 2803.5 867.0 2802.5 866.0 2802.5 858.0 2801.5 857.0 2801.5 852.0 2800.5 847.0 2794.5 833.0 2794.5 815.0 2797.5 811.0 2799.5 806.0 2807.0 798.5 2816.0 793.5 2820.5 789.0 2828.5 773.0 2837.0 768.5 2843.0 766.5 2850.0 765.5 2858.0 762.5 2863.0 762.5 2864.0 761.5 2869.0 761.5 2877.0 757.5 2879.0 755.5 2888.0 752.5 2908.0 752.5 2909.0 751.5 2930.0 751.5 2931.0 750.5 2939.0 750.5 2940.0 749.5 2945.0 749.5 2946.0 748.5 2951.0 748.5 2952.0 747.5 2958.0 747.5 2959.0 746.5 2964.0 746.5 2965.0 745.5 2975.0 743.5 2980.0 743.5 2986.0 741.5 2993.0 740.5 2994.0 739.5 3002.0 739.5 3003.0 738.5 3009.0 738.5 3015.0 736.5 3021.0 736.5 3025.0 735.5 3026.0 736.5 3032.0 736.5 3033.0 737.5 3044.0 737.5 3049.0 736.5 3053.0 734.5 3057.5 730.0 3062.5 723.0 3064.5 718.0 3070.0 710.5 3073.0 709.5 3084.0 698.5 3104.0 698.5 3105.0 697.5 3128.0 697.5 3132.0 698.5 3136.0 702.5 3139.0 703.5 3148.0 710.5 3156.0 713.5 3158.0 715.5 3163.0 717.5 3168.0 717.5 3169.0 718.5 3174.0 717.5 3177.0 715.5 3188.0 712.5 3195.0 712.5 3196.0 711.5 3202.0 711.5 3203.0 710.5 3210.0 710.5 3211.0 709.5 3225.0 709.5 3226.0 708.5 3236.0 708.5 3241.0 707.5 3246.0 705.5 3252.0 705.5 3253.0 704.5 3262.0 704.5 3268.0 701.5 3270.0 701.5 3276.0 698.5 3280.0 698.5 3286.0 696.5 3290.0 696.5 3296.0 694.5 3300.0 694.5 3305.0 692.5 3341.0 692.5 3346.0 694.5 3351.0 695.5 3359.0 703.5 3367.0 707.5 3375.0 707.5 3376.0 708.5 3385.0 708.5 3386.0 707.5 3415.0 707.5 3421.0 705.5 3427.0 705.5 3428.0 704.5 3438.0 704.5 3439.0 703.5 3446.0 703.5 3452.0 701.5 3457.0 701.5 3458.0 700.5 3464.0 700.5 3465.0 699.5 3470.0 699.5 3485.0 696.5 3491.0 694.5 3498.0 694.5 3499.0 693.5 3506.0 693.5 3507.0 692.5 3513.0 692.5 3514.0 691.5 3522.0 691.5 3523.0 690.5 3532.0 690.5 3537.0 689.5 3542.0 687.5 3547.0 686.5 3553.0 686.5 3554.0 685.5 3561.0 685.5 3562.0 684.5 3571.0 683.5 3576.0 681.5 3581.0 681.5 3582.0 680.5 3587.0 680.5 3588.0 679.5 3593.0 679.5 3604.0 676.5 3609.0 676.5 3610.0 675.5 3616.0 675.5 3617.0 674.5 3625.0 674.5 3626.0 673.5 3635.0 673.5 3636.0 672.5 3646.0 672.5 3647.0 671.5 3654.0 671.5 3658.0 670.5 3661.0 668.5 3664.0 668.5 3669.0 666.5 3674.0 665.5 3679.0 665.5 3680.0 664.5 3688.0 664.5 3689.0 663.5 3696.0 663.5 3697.0 662.5 3704.0 662.5 3705.0 661.5 3711.0 661.5 3712.0 660.5 3718.0 660.5 3719.0 659.5 3724.0 659.5 3725.0 658.5 3730.0 658.5 3731.0 657.5 3738.0 657.5 3739.0 656.5 3746.0 656.5 3747.0 655.5 3754.0 655.5 3755.0 654.5 3762.0 654.5 3763.0 653.5 3770.0 653.5 3775.0 651.5 3778.0 651.5 3782.0 649.5 3787.0 649.5 3788.0 648.5 3795.0 648.5 3796.0 647.5 3805.0 647.5 3806.0 646.5 3813.0 646.5 3814.0 645.5 3821.0 645.5 3822.0 644.5 3829.0 644.5 3830.0 643.5 3839.0 643.5
dispensing_tube_rack 2438.5 847.0 2444.5 845.0 2444.5 834.0 2446.5 828.0 2446.5 822.0 2447.5 818.0 2443.0 814.5 2435.0 814.5 2434.0 815.5 2421.0 818.5 2417.0 820.5 2412.0 820.5 2407.5 823.0 2404.5 830.0 2405.5 836.0 2407.5 839.0 2407.5 842.0 2409.0 845.5 2425.0 845.5 2426.0 846.5 2431.0 846.5 2432.0 847.5 2438.5 847.0
dispensing_tube_rack 2905.5 1170.0 2910.0 1168.5 2915.0 1165.5 2921.0 1164.5 2929.0 1160.5 2930.5 1159.0 2933.5 1151.0 2934.5 1146.0 2931.0 1143.5 2918.0 1143.5 2909.0 1140.5 2903.0 1135.5 2900.0 1134.5 2892.0 1140.5 2889.0 1141.5 2885.5 1145.0 2883.5 1150.0 2883.5 1156.0 2882.5 1157.0 2882.5 1163.0 2886.0 1167.5 2890.0 1169.5 2895.0 1170.5 2905.0 1170.5 2905.5 1170.0
dispensing_tube_rack 2994.5 1260.0 2996.0 1259.5 3000.5 1255.0 3002.5 1248.0 3002.5 1241.0 3003.5 1240.0 3002.5 1233.0 2998.0 1228.5 2995.0 1227.5 2990.0 1227.5 2984.0 1230.5 2978.5 1235.0 2977.5 1238.0 2977.5 1251.0 2978.5 1253.0 2990.0 1260.5 2994.5 1260.0
dispensing_tube_rack 3005.5 1577.0 3010.5 1573.0 3010.5 1572.0 3015.5 1567.0 3015.5 1566.0 3021.5 1560.0 3025.5 1554.0 3030.5 1543.0 3035.5 1537.0 3039.5 1531.0 3043.5 1523.0 3045.5 1521.0 3049.5 1513.0 3060.5 1499.0 3064.5 1493.0 3065.5 1490.0 3073.5 1479.0 3075.5 1474.0 3079.5 1468.0 3084.5 1462.0 3084.5 1460.0 3088.5 1452.0 3094.5 1442.0 3099.5 1437.0 3106.5 1427.0 3109.5 1422.0 3118.5 1404.0 3119.5 1400.0 3119.5 1387.0 3118.5 1386.0 3118.5 1380.0 3117.5 1375.0 3114.5 1367.0 3109.0 1361.5 3104.0 1360.5 3099.0 1358.5 3078.0 1358.5 3077.0 1359.5 3069.0 1359.5 3068.0 1360.5 3057.0 1360.5 3056.0 1361.5 3051.0 1361.5 3050.0 1362.5 3043.0 1362.5 3042.0 1363.5 3020.0 1363.5 3019.0 1364.5 3002.0 1364.5 3001.0 1365.5 2973.0 1365.5 2960.0 1360.5 2952.0 1360.5 2948.0 1359.5 2941.0 1352.5 2934.0 1349.5 2929.5 1353.0 2928.5 1356.0 2924.5 1363.0 2922.5 1365.0 2918.5 1373.0 2918.5 1383.0 2917.5 1384.0 2918.5 1391.0 2919.5 1392.0 2921.5 1403.0 2924.5 1408.0 2924.5 1410.0 2927.5 1415.0 2928.5 1420.0 2931.5 1425.0 2931.5 1427.0 2934.5 1432.0 2934.5 1434.0 2938.5 1442.0 2942.5 1448.0 2943.5 1452.0 2943.5 1458.0 2944.5 1463.0 2948.5 1471.0 2951.5 1475.0 2952.5 1480.0 2954.5 1483.0 2955.5 1488.0 2957.5 1491.0 2958.5 1495.0 2960.5 1497.0 2963.5 1503.0 2972.5 1527.0 2976.5 1533.0 2979.5 1540.0 2982.5 1545.0 2982.5 1547.0 2985.5 1552.0 2987.5 1559.0 2992.5 1568.0 3003.0 1576.5 3005.5 1577.0
dispensing_tube_rack 3839.0 1375.5 3834.0 1375.5 3833.0 1376.5 3824.0 1376.5 3823.0 1377.5 3807.0 1377.5 3806.0 1378.5 3795.0 1378.5 3794.0 1379.5 3787.0 1379.5 3786.0 1380.5 3779.0 1380.5 3778.0 1381.5 3769.0 1381.5 3768.0 1382.5 3758.0 1382.5 3757.0 1383.5 3750.0 1383.5 3749.0 1384.5 3744.0 1384.5 3743.0 1385.5 3736.0 1385.5 3735.0 1386.5 3730.0 1386.5 3729.0 1387.5 3716.0 1387.5 3715.0 1388.5 3707.0 1388.5 3706.0 1389.5 3700.0 1389.5 3699.0 1390.5 3680.0 1390.5 3679.0 1391.5 3673.0 1391.5 3672.0 1392.5 3666.0 1392.5 3665.0 1393.5 3656.0 1393.5 3645.0 1396.5 3642.0 1398.5 3638.0 1399.5 3635.5 1402.0 3638.5 1415.0 3642.5 1421.0 3647.5 1427.0 3650.5 1434.0 3658.5 1445.0 3662.5 1453.0 3669.5 1462.0 3674.5 1471.0 3677.5 1474.0 3678.5 1477.0 3688.5 1491.0 3692.5 1499.0 3699.5 1506.0 3703.5 1511.0 3706.5 1516.0 3709.5 1519.0 3711.5 1523.0 3715.5 1527.0 3722.5 1537.0 3724.5 1542.0 3728.0 1544.5 3730.0 1544.5 3740.0 1541.5 3746.0 1537.5 3752.0 1531.5 3763.0 1525.5 3769.0 1520.5 3770.0 1520.5 3787.0 1503.5 3793.0 1499.5 3804.0 1493.5 3812.0 1485.5 3820.0 1479.5 3821.0 1479.5 3827.0 1473.5 3833.0 1469.5 3839.0 1469.5
dispensing_tube_rack 3114.5 1645.0 3123.0 1644.5 3124.0 1643.5 3145.0 1643.5 3146.0 1642.5 3151.0 1642.5 3152.0 1641.5 3167.0 1641.5 3168.0 1642.5 3173.0 1642.5 3174.0 1641.5 3180.0 1641.5 3181.0 1640.5 3207.0 1640.5 3208.0 1639.5 3220.0 1639.5 3221.0 1638.5 3234.0 1638.5 3235.0 1637.5 3241.0 1637.5 3242.0 1636.5 3250.0 1636.5 3251.0 1635.5 3262.0 1635.5 3263.0 1634.5 3272.0 1634.5 3273.0 1633.5 3290.0 1633.5 3291.0 1632.5 3296.0 1632.5 3300.0 1630.5 3303.0 1630.5 3307.0 1628.5 3355.0 1628.5 3356.0 1627.5 3395.0 1627.5 3396.0 1626.5 3415.0 1626.5 3416.0 1625.5 3436.0 1625.5 3437.0 1624.5 3455.0 1624.5 3456.0 1623.5 3474.0 1623.5 3475.0 1622.5 3486.0 1622.5 3487.0 1621.5 3505.0 1621.5 3506.0 1620.5 3517.0 1620.5 3518.0 1619.5 3527.0 1619.5 3528.0 1618.5 3537.0 1618.5 3538.0 1617.5 3547.0 1617.5 3548.0 1616.5 3582.0 1616.5 3583.0 1615.5 3594.0 1615.5 3599.0 1614.5 3603.0 1612.5 3608.0 1611.5 3630.0 1611.5 3631.0 1610.5 3639.0 1610.5 3643.0 1609.5 3650.0 1606.5 3654.5 1602.0 3656.5 1598.0 3655.5 1593.0 3653.5 1588.0 3644.5 1571.0 3644.5 1569.0 3638.5 1558.0 3634.5 1552.0 3633.5 1549.0 3623.5 1533.0 3615.5 1522.0 3614.5 1519.0 3608.5 1513.0 3603.5 1505.0 3601.5 1499.0 3597.5 1494.0 3593.5 1486.0 3588.5 1480.0 3582.5 1467.0 3576.5 1460.0 3573.5 1454.0 3571.5 1452.0 3564.5 1439.0 3559.5 1434.0 3553.5 1425.0 3549.5 1421.0 3547.5 1417.0 3542.0 1410.5 3535.0 1406.5 3512.0 1406.5 3511.0 1407.5 3505.0 1407.5 3504.0 1408.5 3475.0 1408.5 3474.0 1409.5 3463.0 1409.5 3462.0 1410.5 3439.0 1410.5 3438.0 1411.5 3428.0 1411.5 3427.0 1412.5 3422.0 1412.5 3421.0 1413.5 3416.0 1413.5 3415.0 1414.5 3407.0 1414.5 3406.0 1415.5 3394.0 1415.5 3393.0 1416.5 3387.0 1416.5 3386.0 1417.5 3377.0 1417.5 3376.0 1418.5 3365.0 1418.5 3364.0 1419.5 3350.0 1419.5 3349.0 1420.5 3336.0 1420.5 3335.0 1421.5 3324.0 1421.5 3323.0 1422.5 3307.0 1422.5 3306.0 1423.5 3292.0 1423.5 3291.0 1424.5 3284.0 1424.5 3283.0 1425.5 3275.0 1425.5 3274.0 1426.5 3266.0 1426.5 3265.0 1427.5 3257.0 1427.5 3256.0 1428.5 3248.0 1428.5 3247.0 1429.5 3240.0 1429.5 3239.0 1430.5 3233.0 1430.5 3232.0 1431.5 3227.0 1431.5 3226.0 1432.5 3217.0 1433.5 3212.0 1435.5 3209.0 1435.5 3201.0 1438.5 3198.0 1440.5 3183.5 1455.0 3179.5 1462.0 3177.5 1467.0 3171.5 1475.0 3163.5 1488.0 3158.5 1493.0 3158.5 1494.0 3152.5 1501.0 3148.5 1507.0 3145.5 1513.0 3142.5 1516.0 3140.5 1520.0 3136.5 1525.0 3131.5 1530.0 3123.5 1541.0 3120.5 1548.0 3118.5 1550.0 3114.5 1559.0 3105.5 1572.0 3098.5 1579.0 3090.5 1590.0 3087.5 1595.0 3084.5 1602.0 3075.5 1613.0 3073.5 1620.0 3067.5 1628.0 3067.5 1636.0 3066.5 1640.0 3070.0 1643.5 3075.0 1644.5 3101.0 1644.5 3102.0 1645.5 3114.0 1645.5 3114.5 1645.0
dispensing_tube_rack 2705.5 1550.0 2709.5 1543.0 2711.5 1537.0 2711.5 1534.0 2716.5 1522.0 2719.5 1505.0 2721.5 1501.0 2721.5 1498.0 2723.5 1494.0 2723.5 1488.0 2721.5 1482.0 2719.0 1478.5 2714.0 1477.5 2710.0 1475.5 2700.0 1475.5 2699.0 1476.5 2693.0 1476.5 2687.0 1478.5 2681.0 1482.5 2677.5 1486.0 2675.5 1490.0 2675.5 1495.0 2679.5 1507.0 2682.5 1514.0 2682.5 1517.0 2684.5 1523.0 2686.5 1526.0 2689.5 1535.0 2689.5 1538.0 2692.5 1542.0 2693.5 1545.0 2698.0 1547.5 2700.0 1547.5 2705.5 1550.0
dispensing_tube_rack 2142.5 1711.0 2148.0 1710.5 2149.0 1709.5 2154.0 1709.5 2155.0 1708.5 2163.0 1708.5 2164.0 1707.5 2176.0 1707.5 2177.0 1708.5 2191.0 1708.5 2192.0 1709.5 2199.0 1709.5 2200.0 1708.5 2210.0 1708.5 2221.0 1705.5 2227.0 1705.5 2228.0 1704.5 2247.0 1704.5 2248.0 1703.5 2260.0 1703.5 2261.0 1702.5 2274.0 1702.5 2275.0 1701.5 2281.0 1701.5 2282.0 1700.5 2305.0 1700.5 2306.0 1699.5 2321.0 1699.5 2322.0 1698.5 2333.0 1698.5 2334.0 1697.5 2339.0 1697.5 2340.0 1696.5 2347.0 1696.5 2351.0 1695.5 2352.0 1696.5 2368.0 1696.5 2369.0 1695.5 2380.0 1695.5 2381.0 1694.5 2393.0 1694.5 2394.0 1693.5 2400.0 1693.5 2401.0 1692.5 2410.0 1692.5 2411.0 1691.5 2422.0 1691.5 2423.0 1690.5 2433.0 1690.5 2434.0 1689.5 2449.0 1689.5 2450.0 1688.5 2467.0 1688.5 2468.0 1687.5 2486.0 1687.5 2487.0 1686.5 2504.0 1686.5 2505.0 1685.5 2535.0 1685.5 2536.0 1684.5 2632.0 1684.5 2633.0 1683.5 2646.0 1680.5 2650.0 1678.5 2657.0 1677.5 2664.0 1674.5 2666.5 1672.0 2668.5 1667.0 2669.5 1662.0 2669.5 1652.0 2666.5 1642.0 2663.5 1638.0 2660.5 1632.0 2658.5 1626.0 2658.5 1621.0 2657.5 1620.0 2656.5 1611.0 2654.5 1606.0 2654.5 1603.0 2652.5 1599.0 2651.5 1593.0 2648.5 1588.0 2647.5 1581.0 2645.5 1577.0 2644.5 1569.0 2643.5 1568.0 2643.5 1563.0 2641.5 1558.0 2637.5 1544.0 2632.5 1534.0 2631.5 1529.0 2629.5 1526.0 2628.5 1518.0 2626.5 1513.0 2626.5 1510.0 2623.5 1501.0 2619.5 1493.0 2617.0 1490.5 2610.0 1487.5 2606.0 1486.5 2600.0 1486.5 2599.0 1485.5 2590.0 1485.5 2589.0 1484.5 2573.0 1484.5 2572.0 1485.5 2549.0 1485.5 2548.0 1486.5 2539.0 1486.5 2538.0 1487.5 2532.0 1487.5 2531.0 1488.5 2518.0 1488.5 2517.0 1487.5 2509.0 1487.5 2508.0 1488.5 2502.0 1488.5 2501.0 1489.5 2496.0 1489.5 2495.0 1490.5 2489.0 1490.5 2488.0 1491.5 2479.0 1491.5 2478.0 1492.5 2464.0 1492.5 2463.0 1493.5 2455.0 1493.5 2454.0 1494.5 2443.0 1494.5 2442.0 1495.5 2430.0 1495.5 2429.0 1496.5 2415.0 1496.5 2414.0 1497.5 2391.0 1497.5 2390.0 1498.5 2375.0 1498.5 2374.0 1499.5 2367.0 1499.5 2366.0 1500.5 2354.0 1500.5 2353.0 1501.5 2343.0 1501.5 2342.0 1502.5 2337.0 1502.5 2331.0 1504.5 2325.0 1504.5 2324.0 1505.5 2318.0 1505.5 2312.0 1507.5 2303.0 1508.5 2302.0 1509.5 2289.0 1509.5 2288.0 1510.5 2268.0 1510.5 2267.0 1511.5 2254.0 1511.5 2253.0 1512.5 2243.0 1512.5 2242.0 1513.5 2227.0 1513.5 2226.0 1514.5 2199.0 1514.5 2198.0 1515.5 2186.0 1515.5 2185.0 1516.5 2166.0 1516.5 2161.0 1517.5 2153.0 1520.5 2146.0 1520.5 2145.0 1521.5 2136.0 1521.5 2131.0 1522.5 2126.0 1524.5 2120.0 1524.5 2119.0 1525.5 2107.0 1525.5 2102.0 1526.5 2098.0 1528.5 2094.5 1533.0 2093.5 1538.0 2094.5 1542.0 2094.5 1554.0 2096.5 1559.0 2096.5 1564.0 2097.5 1565.0 2097.5 1585.0 2098.5 1586.0 2098.5 1594.0 2099.5 1595.0 2099.5 1620.0 2100.5 1621.0 2100.5 1640.0 2101.5 1641.0 2101.5 1649.0 2102.5 1650.0 2102.5 1655.0 2105.5 1663.0 2106.5 1670.0 2108.5 1674.0 2108.5 1677.0 2113.5 1691.0 2116.5 1696.0 2116.5 1698.0 2119.5 1703.0 2125.0 1707.5 2129.0 1708.5 2135.0 1711.5 2142.5 1711.0
 refrigerator_close 3187.5 0.0 3187.5 6.0 3185.5 12.0 3185.5 17.0 3184.5 22.0 3179.5 33.0 3177.5 41.0 3175.5 45.0 3175.5 48.0 3171.5 58.0 3171.5 61.0 3169.5 65.0 3168.5 70.0 3166.5 74.0 3164.5 83.0 3160.5 91.0 3159.5 97.0 3157.5 100.0 3156.5 106.0 3154.5 110.0 3154.5 114.0 3151.5 126.0 3149.5 131.0 3149.5 134.0 3146.5 140.0 3146.5 142.0 3140.5 153.0 3140.5 155.0 3136.5 162.0 3134.5 168.0 3134.5 171.0 3130.5 187.0 3129.5 188.0 3126.5 197.0 3125.5 204.0 3122.5 211.0 3122.5 215.0 3119.5 222.0 3119.5 224.0 3116.5 234.0 3114.5 238.0 3114.5 241.0 3111.5 248.0 3110.5 256.0 3108.5 261.0 3108.5 264.0 3101.5 281.0 3099.5 290.0 3097.5 295.0 3094.5 300.0 3093.5 305.0 3089.5 313.0 3086.5 317.0 3080.5 323.0 3080.5 324.0 3068.0 336.5 3063.0 339.5 3056.0 345.5 3046.0 350.5 3045.0 351.5 3035.0 356.5 3033.0 356.5 3022.0 362.5 3017.0 363.5 2926.0 363.5 2925.0 362.5 2908.0 362.5 2907.0 363.5 2876.0 363.5 2875.0 362.5 2833.0 362.5 2832.0 361.5 2822.0 361.5 2821.0 362.5 2674.0 362.5 2673.0 363.5 2655.0 363.5 2654.0 362.5 2639.0 362.5 2638.0 363.5 2622.0 363.5 2621.0 362.5 2600.0 362.5 2599.0 363.5 2576.0 363.5 2575.0 364.5 2521.0 364.5 2520.0 365.5 2479.0 365.5 2478.0 364.5 2465.0 364.5 2459.0 362.5 2454.0 362.5 2448.0 359.5 2435.0 354.5 2429.5 350.0 2429.5 349.0 2419.5 339.0 2415.5 333.0 2413.5 328.0 2410.5 323.0 2409.5 318.0 2409.5 311.0 2408.5 310.0 2408.5 264.0 2409.5 263.0 2409.5 248.0 2410.5 247.0 2410.5 210.0 2411.5 209.0 2411.5 188.0 2412.5 187.0 2412.5 148.0 2413.5 147.0 2413.5 106.0 2414.5 105.0 2414.5 74.0 2415.5 73.0 2415.5 43.0 2416.5 42.0 2416.5 18.0 2417.5 13.0 2419.5 8.0 2419.5 0.0
 centrifuge_close 954.5 0.0 954.5 5.0 963.5 14.0 963.5 15.0 968.5 25.0 974.0 28.5 981.0 34.5 989.0 39.5 994.5 47.0 994.5 49.0 1002.0 56.5 1003.0 56.5 1006.5 61.0 1009.5 68.0 1013.0 71.5 1017.0 73.5 1021.5 79.0 1022.5 82.0 1026.5 87.0 1028.5 91.0 1035.5 98.0 1038.5 102.0 1042.5 109.0 1045.0 111.5 1051.0 114.5 1056.5 121.0 1058.5 126.0 1066.5 134.0 1069.5 140.0 1074.0 145.5 1075.0 145.5 1079.5 150.0 1084.5 159.0 1084.5 161.0 1088.5 169.0 1097.0 174.5 1102.5 180.0 1104.5 185.0 1111.5 193.0 1117.5 204.0 1117.5 207.0 1119.5 212.0 1121.5 214.0 1123.5 219.0 1123.5 230.0 1124.5 231.0 1124.5 239.0 1125.5 244.0 1130.5 252.0 1130.5 258.0 1131.5 259.0 1131.5 266.0 1130.5 267.0 1130.5 294.0 1128.5 299.0 1128.5 303.0 1126.5 309.0 1126.5 319.0 1125.5 320.0 1125.5 325.0 1122.5 334.0 1121.5 339.0 1121.5 344.0 1120.5 349.0 1117.5 356.0 1115.5 364.0 1114.5 365.0 1113.5 373.0 1111.5 377.0 1110.5 382.0 1105.5 391.0 1104.5 394.0 1099.5 403.0 1096.5 407.0 1091.0 412.5 1082.0 418.5 1062.0 438.5 1056.0 441.5 1045.0 449.5 1034.0 454.5 1029.0 455.5 1024.0 457.5 1020.0 460.5 1017.0 461.5 1012.0 465.5 1006.0 468.5 999.0 470.5 989.0 475.5 983.0 477.5 976.0 478.5 972.0 480.5 969.0 480.5 964.0 482.5 947.0 486.5 936.0 491.5 925.0 493.5 917.0 495.5 913.0 497.5 908.0 498.5 903.0 498.5 897.0 500.5 893.0 500.5 885.0 503.5 878.0 504.5 873.0 506.5 870.0 506.5 866.0 508.5 857.0 509.5 856.0 510.5 851.0 510.5 845.0 512.5 834.0 514.5 830.0 516.5 825.0 517.5 820.0 517.5 816.0 518.5 809.0 521.5 793.0 525.5 784.0 528.5 780.0 528.5 774.0 530.5 769.0 530.5 768.0 531.5 762.0 531.5 757.0 532.5 752.0 534.5 744.0 536.5 738.0 536.5 737.0 537.5 731.0 537.5 730.0 538.5 725.0 538.5 724.0 539.5 715.0 541.5 714.0 542.5 694.0 542.5 690.0 541.5 683.0 538.5 674.0 536.5 669.0 533.5 667.0 533.5 654.0 528.5 647.0 527.5 643.0 525.5 636.0 523.5 629.0 519.5 619.5 508.0 619.5 507.0 614.0 501.5 603.0 496.5 596.5 490.0 593.5 485.0 587.5 478.0 586.5 474.0 583.5 469.0 579.5 464.0 576.5 458.0 572.5 454.0 565.5 441.0 565.5 439.0 562.5 432.0 562.5 429.0 560.5 425.0 555.5 420.0 551.5 410.0 545.5 399.0 540.5 394.0 537.5 390.0 533.5 381.0 533.5 378.0 531.5 374.0 531.5 371.0 528.5 366.0 524.5 362.0 520.5 354.0 519.5 349.0 517.5 346.0 514.5 339.0 509.5 334.0 504.5 325.0 502.5 319.0 502.5 316.0 500.5 310.0 494.5 303.0 490.5 296.0 486.5 285.0 484.5 283.0 482.5 278.0 478.5 273.0 475.5 268.0 470.5 254.0 470.5 251.0 466.5 243.0 466.5 241.0 462.5 234.0 460.5 227.0 458.5 224.0 457.5 220.0 450.5 212.0 445.5 203.0 444.5 200.0 444.5 195.0 443.5 190.0 436.5 174.0 436.5 167.0 437.5 166.0 437.5 161.0 439.5 155.0 443.5 150.0 449.5 138.0 450.5 135.0 453.5 131.0 476.5 108.0 476.5 107.0 492.0 91.5 493.0 91.5 503.0 84.5 506.5 80.0 511.0 75.5 531.0 61.5 534.0 60.5 544.0 52.5 545.0 52.5 551.0 46.5 555.0 44.5 560.0 40.5 567.0 37.5 570.0 34.5 573.0 33.5 579.0 29.5 581.0 29.5 586.0 26.5 591.0 24.5 596.0 23.5 601.0 20.5 606.0 15.5 614.0 11.5 619.0 10.5 624.0 8.5 627.5 5.0 627.5 0.0
 centrifuge_close 684.0 791.5 681.0 791.5 678.5 789.0 680.0 784.5 684.0 784.5 685.5 789.0 684.0 791.5
 centrifuge_close 685.0 889.5 680.0 888.5 672.0 883.5 666.5 878.0 666.5 873.0 668.5 867.0 675.5 855.0 677.5 850.0 682.0 844.5 685.0 842.5 689.0 841.5 692.5 837.0 692.5 834.0 695.0 830.5 699.0 829.5 701.5 833.0 702.5 837.0 706.0 840.5 714.0 842.5 718.5 847.0 719.5 849.0 719.5 857.0 720.5 861.0 724.0 864.5 729.0 864.5 732.5 860.0 734.5 855.0 739.0 850.5 742.0 849.5 749.0 843.5 755.0 840.5 759.0 839.5 764.0 839.5 770.0 837.5 774.5 842.0 774.5 849.0 770.5 856.0 769.5 860.0 761.5 871.0 756.0 876.5 751.0 877.5 748.0 879.5 744.0 880.5 733.0 880.5 732.0 881.5 724.0 881.5 711.0 886.5 695.0 886.5 690.0 887.5 685.0 889.5
