blood_tube 1103.0 632.5 1084.0 632.5 1078.0 630.5 1069.0 625.5 1065.0 622.5 1054.5 612.0 1048.5 603.0 1043.5 593.0 1031.5 581.0 1031.5 580.0 1013.5 562.0 1009.5 555.0 1003.5 549.0 1003.5 548.0 998.5 542.0 996.5 536.0 996.5 523.0 997.5 522.0 997.5 517.0 1004.5 503.0 1013.0 494.5 1019.0 490.5 1032.0 484.5 1041.0 479.5 1044.0 478.5 1053.0 478.5 1054.0 477.5 1059.0 477.5 1062.0 476.5 1064.5 474.0 1064.5 469.0 1054.5 459.0 1049.5 451.0 1043.5 445.0 1033.5 432.0 1029.5 425.0 1028.5 420.0 1028.5 409.0 1029.5 408.0 1034.5 394.0 1039.5 388.0 1039.5 387.0 1044.0 382.5 1045.0 382.5 1055.0 374.5 1060.0 372.5 1063.0 372.5 1067.0 370.5 1074.0 369.5 1075.0 368.5 1095.0 368.5 1100.0 369.5 1105.0 371.5 1114.0 378.5 1119.5 384.0 1119.5 385.0 1134.5 400.0 1134.5 401.0 1143.5 410.0 1143.5 411.0 1149.5 417.0 1149.5 418.0 1156.0 424.5 1157.0 424.5 1167.0 432.5 1174.5 440.0 1177.5 444.0 1178.5 447.0 1182.5 454.0 1182.5 473.0 1180.5 477.0 1176.5 488.0 1163.0 501.5 1157.0 505.5 1154.0 506.5 1147.0 511.5 1127.0 511.5 1124.0 512.5 1120.5 516.0 1120.5 520.0 1122.5 523.0 1123.5 530.0 1125.5 534.0 1128.0 535.5 1136.0 543.5 1141.0 546.5 1146.5 552.0 1153.5 566.0 1153.5 571.0 1154.5 572.0 1154.5 580.0 1153.5 581.0 1150.5 594.0 1143.5 604.0 1143.5 605.0 1132.0 616.5 1131.0 616.5 1123.0 622.5 1120.0 625.5 1115.0 628.5 1110.0 629.5 1103.0 632.5
blood_tube 1046.0 759.5 1040.0 759.5 1039.0 758.5 1032.0 757.5 1031.0 756.5 1020.0 753.5 1017.0 751.5 1009.5 744.0 1006.5 739.0 1001.0 733.5 996.0 730.5 986.0 720.5 985.0 720.5 976.0 712.5 967.0 706.5 952.5 692.0 952.5 691.0 944.5 683.0 941.5 677.0 939.5 670.0 939.5 664.0 941.5 658.0 941.5 654.0 944.5 647.0 948.5 641.0 958.0 631.5 962.0 628.5 965.0 627.5 972.0 623.5 977.0 622.5 980.0 620.5 984.0 619.5 1000.0 619.5 1006.0 622.5 1008.0 622.5 1013.0 625.5 1016.0 628.5 1025.0 634.5 1026.0 634.5 1033.0 641.5 1034.0 641.5 1040.0 647.5 1049.0 653.5 1054.0 658.5 1055.0 658.5 1064.0 665.5 1065.0 665.5 1079.0 672.5 1089.5 683.0 1092.5 687.0 1095.5 693.0 1096.5 697.0 1096.5 704.0 1097.5 705.0 1097.5 714.0 1096.5 715.0 1095.5 721.0 1088.5 733.0 1083.5 738.0 1083.5 739.0 1076.0 746.5 1075.0 746.5 1068.0 752.5 1060.0 756.5 1053.0 757.5 1052.0 758.5 1047.0 758.5 1046.0 759.5
blood_tube 2470.0 896.5 2460.0 896.5 2453.0 894.5 2447.5 889.0 2440.5 876.0 2440.5 873.0 2438.5 869.0 2437.5 861.0 2436.5 860.0 2436.5 855.0 2434.5 849.0 2434.5 842.0 2433.5 841.0 2433.5 836.0 2432.5 835.0 2432.5 830.0 2435.5 822.0 2437.5 819.0 2445.0 811.5 2454.0 806.5 2459.0 805.5 2464.0 803.5 2471.0 799.5 2476.0 798.5 2484.0 794.5 2494.0 790.5 2501.0 786.5 2504.0 785.5 2510.0 781.5 2514.0 780.5 2531.0 780.5 2537.0 782.5 2540.0 784.5 2544.0 783.5 2550.0 778.5 2555.0 776.5 2570.0 768.5 2576.0 767.5 2582.0 765.5 2587.5 761.0 2587.5 760.0 2600.0 751.5 2604.0 750.5 2609.0 747.5 2616.0 745.5 2621.0 742.5 2638.0 735.5 2643.0 732.5 2651.0 730.5 2656.0 728.5 2665.0 723.5 2672.0 721.5 2675.0 719.5 2686.0 716.5 2691.0 714.5 2702.0 708.5 2713.0 705.5 2718.0 702.5 2726.0 700.5 2729.0 698.5 2737.0 695.5 2748.0 689.5 2753.0 687.5 2758.0 686.5 2771.0 679.5 2777.0 678.5 2781.0 676.5 2789.0 674.5 2792.0 674.5 2796.0 672.5 2800.0 672.5 2812.0 669.5 2818.0 667.5 2823.0 664.5 2830.0 662.5 2835.0 659.5 2837.0 659.5 2842.0 656.5 2850.0 654.5 2853.0 652.5 2858.0 651.5 2861.0 649.5 2872.0 646.5 2877.0 643.5 2879.0 643.5 2884.0 640.5 2894.0 636.5 2902.0 632.5 2907.0 631.5 2915.0 627.5 2923.0 625.5 2928.0 622.5 2933.0 621.5 2936.0 619.5 2943.0 618.5 2944.0 617.5 2962.0 617.5 2969.0 620.5 2973.0 623.5 2981.5 632.0 2984.5 638.0 2986.5 649.0 2987.5 650.0 2987.5 655.0 2986.5 656.0 2985.5 665.0 2979.5 675.0 2976.5 679.0 2970.0 685.5 2969.0 685.5 2963.0 690.5 2958.0 692.5 2955.0 692.5 2949.0 695.5 2942.0 697.5 2939.0 697.5 2933.0 700.5 2931.0 700.5 2923.0 705.5 2920.0 706.5 2915.0 710.5 2910.0 713.5 2900.0 717.5 2895.0 717.5 2890.0 719.5 2881.0 720.5 2872.0 723.5 2867.5 727.0 2861.0 733.5 2848.0 740.5 2841.0 742.5 2838.0 744.5 2833.0 745.5 2818.0 751.5 2813.0 752.5 2808.0 754.5 2801.0 758.5 2790.0 762.5 2783.0 766.5 2776.0 768.5 2771.0 771.5 2764.0 773.5 2761.0 775.5 2754.0 777.5 2742.0 782.5 2737.0 785.5 2722.0 791.5 2717.0 792.5 2712.0 794.5 2707.0 797.5 2703.0 798.5 2691.0 805.5 2684.0 807.5 2675.0 811.5 2670.0 812.5 2662.0 816.5 2653.0 819.5 2650.0 821.5 2641.0 823.5 2635.0 825.5 2630.0 828.5 2620.0 832.5 2617.0 832.5 2610.0 835.5 2602.0 837.5 2596.0 840.5 2593.0 840.5 2589.0 842.5 2582.0 842.5 2581.0 843.5 2571.0 843.5 2566.0 845.5 2562.0 848.5 2555.5 855.0 2553.5 860.0 2546.0 867.5 2542.0 870.5 2534.0 874.5 2532.0 874.5 2525.0 878.5 2523.0 878.5 2512.0 884.5 2507.0 885.5 2503.0 887.5 2491.0 889.5 2483.0 892.5 2480.0 892.5 2470.0 896.5
blood_tube 2094.0 1247.5 2074.0 1247.5 2073.0 1246.5 2060.0 1246.5 2056.0 1244.5 2049.5 1238.0 2047.5 1231.0 2047.5 1226.0 2046.5 1225.0 2046.5 1219.0 2045.5 1218.0 2045.5 1213.0 2044.5 1212.0 2044.5 1197.0 2043.5 1196.0 2043.5 1170.0 2045.5 1164.0 2049.0 1161.5 2055.0 1160.5 2060.0 1158.5 2069.0 1157.5 2074.0 1155.5 2091.0 1155.5 2092.0 1154.5 2097.0 1154.5 2108.0 1151.5 2114.0 1151.5 2115.0 1150.5 2128.0 1150.5 2132.0 1151.5 2135.0 1153.5 2141.0 1155.5 2158.0 1155.5 2159.0 1154.5 2172.0 1154.5 2173.0 1153.5 2188.0 1153.5 2189.0 1152.5 2210.0 1152.5 2211.0 1151.5 2217.0 1151.5 2218.0 1150.5 2226.0 1150.5 2227.0 1149.5 2232.0 1149.5 2233.0 1148.5 2239.0 1148.5 2240.0 1147.5 2245.0 1147.5 2250.0 1145.5 2255.0 1144.5 2263.0 1144.5 2264.0 1143.5 2270.0 1143.5 2271.0 1142.5 2279.0 1142.5 2280.0 1141.5 2287.0 1141.5 2288.0 1140.5 2293.0 1140.5 2294.0 1139.5 2299.0 1139.5 2300.0 1138.5 2307.0 1138.5 2308.0 1137.5 2314.0 1137.5 2315.0 1136.5 2321.0 1136.5 2322.0 1135.5 2329.0 1135.5 2330.0 1134.5 2340.0 1134.5 2341.0 1133.5 2354.0 1133.5 2355.0 1132.5 2365.0 1132.5 2366.0 1131.5 2372.0 1131.5 2373.0 1130.5 2379.0 1130.5 2380.0 1129.5 2388.0 1129.5 2389.0 1128.5 2401.0 1128.5 2402.0 1127.5 2412.0 1127.5 2413.0 1126.5 2420.0 1126.5 2421.0 1125.5 2433.0 1125.5 2434.0 1124.5 2451.0 1124.5 2452.0 1123.5 2458.0 1123.5 2459.0 1124.5 2472.0 1124.5 2473.0 1123.5 2502.0 1123.5 2503.0 1122.5 2513.0 1122.5 2518.0 1121.5 2527.0 1118.5 2532.0 1118.5 2533.0 1117.5 2538.0 1117.5 2543.0 1116.5 2547.0 1114.5 2552.0 1114.5 2553.0 1113.5 2562.0 1112.5 2568.0 1110.5 2574.0 1110.5 2575.0 1109.5 2580.0 1109.5 2588.0 1106.5 2602.0 1106.5 2612.0 1112.5 2616.5 1117.0 2619.5 1123.0 2620.5 1127.0 2620.5 1134.0 2617.5 1140.0 2614.5 1151.0 2609.5 1163.0 2604.5 1169.0 2604.5 1170.0 2600.0 1174.5 2597.0 1175.5 2589.0 1180.5 2586.0 1181.5 2577.0 1181.5 2576.0 1182.5 2548.0 1182.5 2547.0 1183.5 2531.0 1183.5 2529.0 1182.5 2521.0 1185.5 2516.0 1186.5 2509.0 1186.5 2505.0 1187.5 2499.0 1190.5 2494.0 1195.5 2489.0 1198.5 2484.0 1200.5 2479.0 1200.5 2478.0 1201.5 2470.0 1201.5 2469.0 1202.5 2462.0 1202.5 2461.0 1203.5 2453.0 1203.5 2452.0 1204.5 2440.0 1204.5 2439.0 1205.5 2430.0 1205.5 2429.0 1206.5 2418.0 1206.5 2417.0 1207.5 2407.0 1207.5 2406.0 1208.5 2398.0 1208.5 2397.0 1209.5 2384.0 1209.5 2383.0 1210.5 2373.0 1210.5 2372.0 1211.5 2365.0 1211.5 2364.0 1212.5 2355.0 1212.5 2354.0 1213.5 2345.0 1213.5 2344.0 1214.5 2336.0 1214.5 2335.0 1215.5 2326.0 1215.5 2325.0 1216.5 2317.0 1216.5 2316.0 1217.5 2305.0 1217.5 2304.0 1218.5 2295.0 1218.5 2294.0 1219.5 2285.0 1219.5 2284.0 1220.5 2279.0 1220.5 2273.0 1222.5 2264.0 1222.5 2263.0 1223.5 2255.0 1223.5 2249.0 1225.5 2244.0 1225.5 2243.0 1226.5 2223.0 1226.5 2218.0 1224.5 2204.0 1224.5 2203.0 1225.5 2192.0 1225.5 2191.0 1226.5 2180.0 1226.5 2179.0 1227.5 2174.0 1227.5 2173.0 1228.5 2167.0 1228.5 2166.0 1229.5 2158.0 1229.5 2155.0 1230.5 2150.5 1235.0 2150.5 1236.0 2146.0 1239.5 2141.0 1241.5 2129.0 1243.5 2124.0 1245.5 2102.0 1245.5 2101.0 1246.5 2095.0 1246.5 2094.0 1247.5
 5ML_centrifuge_tube 2300.0 1033.5 2278.0 1033.5 2274.0 1032.5 2271.0 1030.5 2268.5 1026.0 2264.5 1010.0 2264.5 1004.0 2263.5 1003.0 2263.5 985.0 2264.5 984.0 2264.5 978.0 2263.5 977.0 2263.5 964.0 2264.5 963.0 2264.5 937.0 2266.5 932.0 2271.0 928.5 2281.0 928.5 2282.0 927.5 2294.0 927.5 2295.0 928.5 2316.0 928.5 2325.0 932.5 2342.0 932.5 2343.0 931.5 2357.0 931.5 2358.0 930.5 2378.0 930.5 2379.0 929.5 2413.0 929.5 2414.0 928.5 2435.0 928.5 2436.0 927.5 2466.0 927.5 2467.0 928.5 2490.0 928.5 2491.0 929.5 2500.0 929.5 2501.0 930.5 2507.0 930.5 2508.0 931.5 2514.0 931.5 2515.0 932.5 2523.0 932.5 2524.0 933.5 2532.0 933.5 2533.0 934.5 2539.0 934.5 2540.0 935.5 2545.0 935.5 2551.0 937.5 2557.0 937.5 2563.0 939.5 2572.0 940.5 2585.0 943.5 2586.0 944.5 2591.0 944.5 2592.0 945.5 2602.0 945.5 2611.0 949.5 2615.5 954.0 2615.5 962.0 2616.5 963.0 2615.5 969.0 2613.5 972.0 2604.0 981.5 2601.0 983.5 2594.0 986.5 2585.0 987.5 2581.0 989.5 2573.0 990.5 2572.0 991.5 2559.0 995.5 2548.0 997.5 2544.0 999.5 2540.0 999.5 2534.0 1001.5 2530.0 1001.5 2522.0 1003.5 2513.0 1006.5 2509.0 1008.5 2506.0 1008.5 2498.0 1011.5 2492.0 1011.5 2491.0 1012.5 2485.0 1012.5 2484.0 1013.5 2471.0 1013.5 2470.0 1014.5 2439.0 1014.5 2438.0 1015.5 2426.0 1015.5 2425.0 1016.5 2404.0 1016.5 2403.0 1017.5 2384.0 1017.5 2383.0 1018.5 2370.0 1018.5 2369.0 1019.5 2358.0 1019.5 2357.0 1020.5 2351.0 1020.5 2350.0 1021.5 2326.0 1021.5 2318.0 1024.5 2313.0 1028.5 2304.0 1032.5 2300.0 1033.5
 5ML_centrifuge_tube 2676.0 1068.5 2663.0 1068.5 2662.0 1067.5 2657.0 1067.5 2652.0 1065.5 2646.0 1064.5 2636.0 1058.5 2625.0 1052.5 2621.0 1049.5 2600.5 1029.0 2595.5 1016.0 2595.5 999.0 2596.5 998.0 2597.5 992.0 2599.5 989.0 2610.5 978.0 2610.5 977.0 2618.5 969.0 2620.5 965.0 2627.0 958.5 2633.0 955.5 2640.0 953.5 2643.0 953.5 2650.0 950.5 2653.0 948.5 2657.5 944.0 2662.5 935.0 2666.5 931.0 2672.5 922.0 2683.5 911.0 2687.5 905.0 2699.5 893.0 2699.5 892.0 2710.5 881.0 2713.5 876.0 2719.5 870.0 2719.5 869.0 2727.5 861.0 2727.5 860.0 2747.0 840.5 2751.0 837.5 2758.0 833.5 2769.0 826.5 2771.0 824.5 2779.0 819.5 2793.0 808.5 2800.0 805.5 2806.0 801.5 2814.0 794.5 2819.0 792.5 2825.0 787.5 2831.0 783.5 2840.0 779.5 2845.0 779.5 2850.0 782.5 2854.5 788.0 2854.5 803.0 2851.5 809.0 2849.5 817.0 2844.5 826.0 2844.5 828.0 2838.5 839.0 2836.5 846.0 2832.5 852.0 2823.5 870.0 2822.5 875.0 2820.5 878.0 2819.5 882.0 2816.5 887.0 2807.5 899.0 2807.5 900.0 2801.5 907.0 2801.5 908.0 2793.5 916.0 2785.5 927.0 2780.5 932.0 2774.5 940.0 2774.5 941.0 2764.5 951.0 2759.5 959.0 2752.5 967.0 2752.5 968.0 2739.5 981.0 2739.5 982.0 2731.5 990.0 2725.5 999.0 2721.5 1007.0 2720.5 1013.0 2716.5 1023.0 2716.5 1026.0 2710.5 1036.0 2695.5 1051.0 2691.5 1056.0 2689.5 1060.0 2686.0 1063.5 2680.0 1067.5 2676.0 1068.5
 10ML_centrifuge_tube 2015.0 812.5 2000.0 812.5 1999.0 811.5 1991.0 808.5 1986.5 804.0 1982.5 798.0 1978.5 788.0 1978.5 780.0 1977.5 779.0 1977.5 768.0 1976.5 767.0 1976.5 752.0 1975.5 751.0 1975.5 721.0 1976.5 720.0 1977.5 713.0 1982.0 708.5 1988.0 707.5 1989.0 706.5 2000.0 706.5 2001.0 705.5 2006.0 705.5 2007.0 704.5 2012.0 704.5 2013.0 703.5 2022.0 703.5 2027.0 705.5 2034.0 712.5 2036.0 711.5 2043.0 711.5 2044.0 710.5 2053.0 710.5 2054.0 709.5 2063.0 709.5 2064.0 708.5 2071.0 708.5 2072.0 707.5 2080.0 707.5 2081.0 706.5 2087.0 706.5 2088.0 705.5 2094.0 705.5 2095.0 704.5 2103.0 704.5 2104.0 703.5 2111.0 703.5 2112.0 702.5 2119.0 702.5 2120.0 701.5 2130.0 701.5 2131.0 700.5 2139.0 700.5 2140.0 699.5 2145.0 699.5 2146.0 698.5 2153.0 698.5 2154.0 697.5 2162.0 697.5 2163.0 696.5 2170.0 696.5 2171.0 695.5 2177.0 695.5 2178.0 694.5 2187.0 694.5 2188.0 693.5 2197.0 693.5 2198.0 692.5 2206.0 692.5 2207.0 691.5 2217.0 691.5 2218.0 690.5 2229.0 690.5 2230.0 689.5 2241.0 689.5 2242.0 688.5 2254.0 688.5 2255.0 687.5 2265.0 687.5 2266.0 686.5 2275.0 686.5 2276.0 685.5 2285.0 685.5 2286.0 684.5 2294.0 684.5 2295.0 683.5 2305.0 683.5 2306.0 682.5 2317.0 682.5 2318.0 681.5 2326.0 681.5 2327.0 680.5 2335.0 680.5 2336.0 679.5 2347.0 679.5 2348.0 678.5 2357.0 678.5 2358.0 677.5 2380.0 677.5 2386.0 679.5 2393.0 679.5 2394.0 680.5 2407.0 680.5 2408.0 681.5 2414.0 681.5 2415.0 682.5 2422.0 682.5 2423.0 683.5 2429.0 683.5 2430.0 684.5 2437.0 684.5 2438.0 685.5 2444.0 685.5 2445.0 686.5 2452.0 686.5 2453.0 687.5 2462.0 687.5 2463.0 688.5 2472.0 688.5 2473.0 689.5 2482.0 689.5 2491.0 692.5 2495.5 696.0 2496.5 699.0 2496.5 714.0 2493.5 720.0 2489.0 725.5 2481.0 729.5 2474.0 730.5 2470.0 732.5 2458.0 736.5 2450.0 738.5 2447.0 738.5 2444.0 740.5 2438.0 741.5 2435.0 743.5 2424.0 746.5 2421.0 748.5 2410.0 751.5 2406.0 753.5 2401.0 754.5 2393.0 758.5 2388.0 759.5 2370.0 765.5 2365.0 765.5 2364.0 766.5 2355.0 766.5 2354.0 767.5 2345.0 767.5 2339.0 769.5 2334.0 769.5 2333.0 770.5 2322.0 770.5 2321.0 771.5 2313.0 771.5 2312.0 772.5 2306.0 772.5 2305.0 773.5 2295.0 773.5 2294.0 774.5 2283.0 774.5 2279.0 775.5 2272.0 778.5 2249.0 778.5 2248.0 779.5 2237.0 779.5 2236.0 780.5 2224.0 780.5 2223.0 781.5 2216.0 781.5 2215.0 782.5 2202.0 782.5 2201.0 783.5 2189.0 783.5 2188.0 784.5 2178.0 784.5 2177.0 785.5 2166.0 785.5 2165.0 786.5 2149.0 786.5 2148.0 787.5 2138.0 787.5 2137.0 788.5 2128.0 788.5 2127.0 789.5 2116.0 789.5 2115.0 790.5 2101.0 790.5 2100.0 791.5 2075.0 791.5 2074.0 792.5 2061.0 792.5 2060.0 793.5 2050.0 793.5 2046.0 794.5 2041.0 797.5 2031.0 807.5 2022.0 810.5 2021.0 811.5 2016.0 811.5 2015.0 812.5
 10ML_centrifuge_tube 3115.0 1566.5 3092.0 1566.5 3091.0 1565.5 3086.0 1565.5 3082.0 1564.5 3076.0 1561.5 3068.0 1559.5 3060.0 1555.5 3055.0 1554.5 3051.0 1552.5 3048.0 1552.5 3044.0 1550.5 3037.0 1548.5 3033.0 1545.5 3026.0 1542.5 3021.0 1539.5 3014.0 1533.5 3009.0 1531.5 3000.0 1526.5 2994.0 1522.5 2989.5 1518.0 2985.5 1509.0 2985.5 1500.0 2984.5 1499.0 2984.5 1494.0 2985.5 1489.0 2987.5 1486.0 2989.5 1478.0 2992.5 1474.0 2993.5 1471.0 2996.5 1467.0 2998.5 1460.0 3002.5 1453.0 3005.5 1446.0 3011.0 1440.5 3015.0 1437.5 3024.0 1432.5 3031.0 1429.5 3035.5 1425.0 3039.5 1416.0 3042.5 1407.0 3043.5 1402.0 3052.5 1384.0 3055.5 1372.0 3059.5 1364.0 3060.5 1359.0 3062.5 1354.0 3066.5 1347.0 3068.5 1342.0 3071.5 1339.0 3074.5 1334.0 3076.5 1327.0 3081.5 1316.0 3081.5 1313.0 3084.5 1306.0 3084.5 1303.0 3086.5 1299.0 3086.5 1296.0 3090.5 1286.0 3091.5 1281.0 3093.5 1278.0 3097.5 1269.0 3099.5 1267.0 3105.5 1251.0 3107.5 1248.0 3112.5 1237.0 3115.5 1232.0 3117.5 1227.0 3119.5 1219.0 3122.5 1214.0 3122.5 1212.0 3132.5 1193.0 3136.5 1183.0 3138.5 1180.0 3144.5 1166.0 3146.5 1158.0 3148.5 1153.0 3157.5 1135.0 3157.5 1133.0 3163.5 1122.0 3165.5 1116.0 3167.5 1114.0 3169.5 1109.0 3172.5 1106.0 3173.5 1103.0 3177.5 1099.0 3184.5 1086.0 3189.0 1081.5 3191.5 1080.0 3194.5 1073.0 3196.5 1070.0 3205.5 1061.0 3210.5 1053.0 3222.5 1041.0 3222.5 1040.0 3229.5 1033.0 3229.5 1032.0 3236.5 1025.0 3236.5 1024.0 3259.5 1001.0 3263.0 996.5 3269.0 993.5 3275.0 989.5 3279.0 989.5 3285.5 995.0 3286.5 1001.0 3287.5 1002.0 3287.5 1010.0 3289.5 1018.0 3291.5 1022.0 3292.5 1027.0 3292.5 1106.0 3291.5 1107.0 3291.5 1113.0 3290.5 1118.0 3288.5 1122.0 3287.5 1130.0 3279.5 1149.0 3275.5 1156.0 3273.5 1161.0 3270.5 1172.0 3263.5 1188.0 3261.5 1190.0 3259.5 1199.0 3257.5 1203.0 3256.5 1209.0 3252.5 1217.0 3250.5 1224.0 3245.5 1233.0 3243.5 1240.0 3241.5 1243.0 3241.5 1246.0 3239.5 1250.0 3239.5 1253.0 3237.5 1258.0 3228.5 1276.0 3228.5 1279.0 3225.5 1285.0 3225.5 1287.0 3219.5 1299.0 3218.5 1304.0 3216.5 1307.0 3215.5 1313.0 3213.5 1316.0 3211.5 1324.0 3209.5 1329.0 3207.5 1331.0 3204.5 1338.0 3201.5 1343.0 3198.5 1354.0 3196.5 1359.0 3193.5 1364.0 3193.5 1366.0 3185.5 1386.0 3182.5 1391.0 3180.5 1396.0 3178.5 1404.0 3174.5 1411.0 3168.5 1425.0 3168.5 1428.0 3166.5 1432.0 3166.5 1435.0 3156.5 1456.0 3153.5 1459.0 3151.5 1463.0 3151.5 1474.0 3153.5 1479.0 3159.5 1489.0 3159.5 1501.0 3158.5 1502.0 3157.5 1509.0 3154.5 1514.0 3152.5 1522.0 3150.5 1525.0 3148.5 1532.0 3146.5 1535.0 3143.5 1544.0 3137.5 1554.0 3129.0 1561.5 3125.0 1563.5 3116.0 1565.5 3115.0 1566.5
 sorting_tube_rack_base 1277.0 1104.5 1267.0 1104.5 1259.0 1101.5 1253.0 1100.5 1247.0 1095.5 1238.0 1089.5 1235.0 1088.5 1232.0 1085.5 1227.0 1082.5 1222.0 1080.5 1216.0 1075.5 1213.0 1074.5 1204.0 1068.5 1194.5 1059.0 1194.5 1058.0 1186.5 1050.0 1186.5 1049.0 1181.5 1044.0 1179.5 1040.0 1179.5 1024.0 1180.5 1020.0 1184.5 1012.0 1190.0 1005.5 1194.5 1008.0 1200.5 1021.0 1200.5 1023.0 1203.5 1031.0 1207.0 1034.5 1215.0 1037.5 1220.0 1038.5 1228.0 1038.5 1229.0 1039.5 1318.0 1039.5 1319.0 1038.5 1446.0 1038.5 1447.0 1037.5 1574.0 1037.5 1575.0 1036.5 1676.0 1036.5 1677.0 1035.5 1752.0 1035.5 1753.0 1034.5 1782.0 1034.5 1783.0 1033.5 1791.0 1033.5 1794.0 1032.5 1803.0 1027.5 1808.5 1021.0 1810.5 1016.0 1812.5 1008.0 1813.5 1007.0 1813.5 1002.0 1816.5 991.0 1816.5 986.0 1817.5 985.0 1817.5 978.0 1818.5 977.0 1818.5 968.0 1819.5 967.0 1819.5 960.0 1820.5 959.0 1820.5 951.0 1821.5 950.0 1821.5 932.0 1822.5 931.0 1822.5 919.0 1823.5 918.0 1823.5 907.0 1824.5 906.0 1824.5 896.0 1825.5 895.0 1825.5 885.0 1826.5 884.0 1826.5 872.0 1827.5 871.0 1827.5 859.0 1828.5 858.0 1828.5 849.0 1829.5 848.0 1829.5 842.0 1830.5 841.0 1830.5 836.0 1831.5 835.0 1831.5 829.0 1832.5 828.0 1832.5 818.0 1833.5 817.0 1833.5 810.0 1834.5 809.0 1834.5 804.0 1835.5 803.0 1835.5 797.0 1836.5 796.0 1836.5 789.0 1837.5 788.0 1837.5 780.0 1838.5 779.0 1838.5 771.0 1839.5 770.0 1839.5 763.0 1840.5 762.0 1840.5 754.0 1841.5 753.0 1841.5 747.0 1842.5 746.0 1842.5 740.0 1843.5 739.0 1843.5 733.0 1844.5 732.0 1844.5 725.0 1845.5 724.0 1845.5 719.0 1846.5 718.0 1846.5 711.0 1847.5 710.0 1847.5 701.0 1848.5 700.0 1848.5 693.0 1849.5 692.0 1849.5 687.0 1850.5 686.0 1850.5 681.0 1851.5 680.0 1851.5 652.0 1847.5 643.0 1844.5 640.0 1842.5 636.0 1842.5 632.0 1844.5 628.0 1850.0 623.5 1854.0 625.5 1858.0 629.5 1863.0 632.5 1865.0 632.5 1866.5 636.0 1869.5 639.0 1875.5 652.0 1882.5 671.0 1888.5 684.0 1892.5 697.0 1892.5 704.0 1893.5 705.0 1893.5 731.0 1892.5 732.0 1892.5 741.0 1891.5 742.0 1891.5 752.0 1890.5 753.0 1890.5 762.0 1889.5 763.0 1889.5 769.0 1888.5 770.0 1888.5 780.0 1887.5 781.0 1887.5 789.0 1886.5 790.0 1886.5 797.0 1885.5 798.0 1885.5 806.0 1884.5 807.0 1884.5 815.0 1883.5 816.0 1883.5 822.0 1882.5 823.0 1882.5 829.0 1881.5 830.0 1881.5 842.0 1880.5 843.0 1880.5 854.0 1879.5 855.0 1879.5 867.0 1878.5 868.0 1878.5 877.0 1877.5 878.0 1877.5 889.0 1876.5 890.0 1876.5 900.0 1875.5 901.0 1875.5 910.0 1874.5 911.0 1874.5 921.0 1873.5 922.0 1873.5 929.0 1872.5 930.0 1872.5 937.0 1871.5 938.0 1871.5 947.0 1870.5 948.0 1870.5 958.0 1869.5 959.0 1869.5 972.0 1868.5 973.0 1868.5 982.0 1867.5 983.0 1867.5 990.0 1866.5 991.0 1866.5 997.0 1865.5 998.0 1865.5 1008.0 1864.5 1009.0 1864.5 1018.0 1863.5 1019.0 1863.5 1029.0 1862.5 1030.0 1862.5 1037.0 1861.5 1038.0 1861.5 1046.0 1860.5 1047.0 1860.5 1054.0 1859.5 1055.0 1859.5 1060.0 1857.5 1065.0 1857.5 1069.0 1854.5 1077.0 1851.5 1081.0 1846.0 1086.5 1845.0 1086.5 1840.0 1091.5 1836.0 1094.5 1830.0 1097.5 1820.0 1100.5 1781.0 1100.5 1780.0 1101.5 1772.0 1101.5 1771.0 1100.5 1678.0 1100.5 1677.0 1099.5 1571.0 1099.5 1570.0 1100.5 1517.0 1100.5 1516.0 1101.5 1413.0 1101.5 1412.0 1102.5 1350.0 1102.5 1349.0 1103.5 1316.0 1103.5 1315.0 1102.5 1298.0 1102.5 1297.0 1103.5 1278.0 1103.5 1277.0 1104.5
 10ML_sorting_tube_rack 1240.0 1040.5 1238.0 1039.5 1232.0 1039.5 1231.0 1038.5 1226.0 1038.5 1215.0 1035.5 1212.0 1033.5 1208.0 1032.5 1201.5 1026.0 1197.5 1018.0 1194.5 1007.0 1190.0 1002.5 1189.0 1002.5 1182.0 995.5 1170.0 989.5 1163.0 984.5 1157.0 979.5 1146.0 973.5 1140.5 968.0 1137.0 963.5 1131.0 960.5 1124.0 954.5 1123.0 954.5 1101.0 932.5 1100.0 932.5 1094.0 927.5 1087.0 924.5 1082.5 920.0 1082.5 919.0 1077.0 913.5 1072.0 911.5 1067.0 907.5 1061.0 904.5 1059.0 904.5 1052.0 900.5 1048.0 897.5 1037.0 886.5 1036.0 886.5 1031.0 881.5 1030.0 881.5 1022.0 875.5 1021.0 875.5 1012.0 868.5 1007.0 865.5 1001.0 859.5 995.0 856.5 993.0 854.5 986.0 850.5 977.0 843.5 970.0 836.5 969.0 836.5 964.0 831.5 956.0 826.5 951.0 822.5 943.5 815.0 938.5 804.0 938.5 799.0 940.5 793.0 940.5 788.0 941.5 783.0 943.5 778.0 945.5 768.0 954.5 741.0 955.5 737.0 958.5 730.0 958.5 727.0 965.0 714.5 969.0 712.5 975.0 716.5 978.0 717.5 982.0 720.5 987.0 725.5 996.0 731.5 1015.0 750.5 1022.0 753.5 1024.0 755.5 1030.0 756.5 1031.0 757.5 1036.0 757.5 1037.0 758.5 1045.0 758.5 1046.0 757.5 1054.0 755.5 1059.0 753.5 1064.0 750.5 1076.0 744.5 1079.0 742.5 1086.5 735.0 1092.5 725.0 1093.5 720.0 1093.5 695.0 1091.5 689.0 1088.5 683.0 1079.0 673.5 1070.0 668.5 1059.0 664.5 1053.5 658.0 1051.5 654.0 1045.0 648.5 1040.0 645.5 1032.0 637.5 1028.0 634.5 1021.0 631.5 1014.5 625.0 1014.5 624.0 1005.5 615.0 1002.5 610.0 1002.5 603.0 1004.5 599.0 1004.5 595.0 1007.5 585.0 1009.5 580.0 1014.0 573.5 1018.0 575.5 1025.0 576.5 1028.0 578.5 1039.5 590.0 1042.5 594.0 1045.5 600.0 1062.5 617.0 1062.5 618.0 1070.0 625.5 1077.0 628.5 1082.0 628.5 1083.0 629.5 1095.0 629.5 1096.0 630.5 1101.0 630.5 1115.0 625.5 1117.0 625.5 1130.0 617.5 1136.0 611.5 1137.0 611.5 1144.5 604.0 1149.5 594.0 1152.5 584.0 1154.5 580.0 1154.5 572.0 1153.5 571.0 1153.5 566.0 1149.5 556.0 1144.0 548.5 1136.0 543.5 1128.5 536.0 1126.5 531.0 1130.5 520.0 1133.0 517.5 1140.0 514.5 1146.0 513.5 1154.0 508.5 1157.0 507.5 1163.0 503.5 1168.0 498.5 1169.0 498.5 1177.5 490.0 1181.5 483.0 1181.5 481.0 1186.5 472.0 1186.5 455.0 1182.5 447.0 1177.5 442.0 1174.5 437.0 1168.0 429.5 1162.0 425.5 1156.0 422.5 1152.5 419.0 1148.5 411.0 1148.5 409.0 1145.5 403.0 1139.5 399.0 1142.0 397.5 1145.0 397.5 1151.0 393.5 1160.0 390.5 1172.0 390.5 1173.0 391.5 1180.0 391.5 1181.0 390.5 1194.0 390.5 1195.0 389.5 1211.0 389.5 1212.0 388.5 1219.0 388.5 1220.0 387.5 1240.0 387.5 1241.0 386.5 1250.0 386.5 1251.0 385.5 1268.0 385.5 1269.0 384.5 1275.0 384.5 1276.0 383.5 1304.0 383.5 1305.0 382.5 1313.0 382.5 1314.0 381.5 1324.0 381.5 1325.0 380.5 1338.0 380.5 1339.0 379.5 1361.0 379.5 1362.0 378.5 1379.0 378.5 1380.0 377.5 1399.0 377.5 1400.0 376.5 1421.0 376.5 1422.0 375.5 1429.0 375.5 1430.0 374.5 1445.0 374.5 1446.0 373.5 1458.0 373.5 1459.0 372.5 1470.0 372.5 1471.0 371.5 1484.0 371.5 1485.0 370.5 1520.0 370.5 1521.0 369.5 1536.0 369.5 1537.0 368.5 1551.0 368.5 1552.0 367.5 1574.0 367.5 1575.0 366.5 1593.0 366.5 1594.0 365.5 1606.0 365.5 1607.0 364.5 1623.0 364.5 1624.0 363.5 1634.0 363.5 1635.0 362.5 1644.0 362.5 1645.0 361.5 1655.0 361.5 1656.0 360.5 1662.0 360.5 1663.0 359.5 1671.0 359.5 1672.0 358.5 1690.0 358.5 1691.0 357.5 1700.0 357.5 1701.0 356.5 1708.0 356.5 1709.0 357.5 1719.0 357.5 1727.0 361.5 1731.0 364.5 1738.5 372.0 1740.5 380.0 1740.5 385.0 1741.5 386.0 1741.5 391.0 1742.5 392.0 1742.5 399.0 1743.5 400.0 1743.5 406.0 1745.5 414.0 1751.5 426.0 1755.5 436.0 1755.5 438.0 1766.5 460.0 1766.5 462.0 1769.5 467.0 1771.5 472.0 1776.5 479.0 1782.5 490.0 1786.5 502.0 1790.5 510.0 1792.5 516.0 1794.5 525.0 1799.5 538.0 1799.5 540.0 1802.5 545.0 1803.5 549.0 1805.5 551.0 1809.5 559.0 1811.5 565.0 1818.5 576.0 1819.5 582.0 1821.5 587.0 1821.5 590.0 1826.5 601.0 1830.5 607.0 1833.5 614.0 1839.0 620.5 1844.5 624.0 1846.5 635.0 1849.5 640.0 1851.5 647.0 1851.5 653.0 1852.5 654.0 1852.5 682.0 1851.5 683.0 1851.5 691.0 1850.5 692.0 1850.5 700.0 1849.5 701.0 1849.5 710.0 1848.5 711.0 1848.5 717.0 1847.5 718.0 1847.5 723.0 1846.5 724.0 1846.5 740.0 1845.5 741.0 1842.5 754.0 1841.5 755.0 1841.5 762.0 1840.5 763.0 1840.5 771.0 1838.5 776.0 1836.5 786.0 1836.5 807.0 1835.5 808.0 1835.5 816.0 1834.5 817.0 1834.5 825.0 1833.5 826.0 1833.5 833.0 1832.5 834.0 1832.5 839.0 1831.5 844.0 1829.5 849.0 1829.5 859.0 1828.5 860.0 1828.5 876.0 1827.5 881.0 1825.5 886.0 1824.5 891.0 1824.5 897.0 1823.5 898.0 1823.5 906.0 1821.5 916.0 1820.5 917.0 1820.5 922.0 1819.5 923.0 1819.5 942.0 1818.5 943.0 1818.5 949.0 1817.5 950.0 1817.5 961.0 1816.5 962.0 1816.5 971.0 1815.5 972.0 1815.5 977.0 1814.5 978.0 1814.5 983.0 1813.5 988.0 1810.5 997.0 1809.5 1002.0 1809.5 1007.0 1808.5 1012.0 1805.5 1019.0 1803.5 1022.0 1796.0 1029.5 1792.0 1031.5 1787.0 1031.5 1786.0 1032.5 1764.0 1032.5 1763.0 1033.5 1724.0 1033.5 1723.0 1032.5 1711.0 1032.5 1710.0 1033.5 1696.0 1033.5 1695.0 1032.5 1684.0 1032.5 1683.0 1033.5 1678.0 1033.5 1677.0 1034.5 1657.0 1034.5 1656.0 1033.5 1623.0 1033.5 1622.0 1034.5 1617.0 1034.5 1616.0 1035.5 1601.0 1035.5 1600.0 1034.5 1590.0 1034.5 1589.0 1035.5 1576.0 1035.5 1575.0 1034.5 1566.0 1034.5 1565.0 1035.5 1558.0 1035.5 1557.0 1036.5 1540.0 1036.5 1539.0 1035.5 1505.0 1035.5 1504.0 1036.5 1496.0 1036.5 1495.0 1037.5 1476.0 1037.5 1475.0 1036.5 1442.0 1036.5 1441.0 1037.5 1402.0 1037.5 1401.0 1036.5 1380.0 1036.5 1379.0 1037.5 1350.0 1037.5 1349.0 1036.5 1323.0 1036.5 1322.0 1037.5 1313.0 1037.5 1312.0 1038.5 1296.0 1038.5 1295.0 1037.5 1276.0 1037.5 1275.0 1036.5 1268.0 1036.5 1267.0 1037.5 1262.0 1037.5 1256.0 1039.5 1241.0 1039.5 1240.0 1040.5
 10ML_sorting_tube_rack 1180.5 930.0 1185.0 928.5 1191.0 925.5 1204.0 925.5 1205.0 926.5 1209.0 924.5 1211.5 920.0 1211.5 909.0 1211.0 908.5 1196.0 908.5 1194.0 910.5 1188.0 910.5 1183.0 908.5 1174.0 908.5 1163.0 913.5 1159.5 918.0 1159.5 921.0 1164.0 924.5 1166.0 924.5 1177.0 930.5 1180.5 930.0
 sorting_tube_rack_base 1687.0 1901.5 1664.0 1901.5 1663.0 1900.5 1654.0 1900.5 1653.0 1899.5 1648.0 1899.5 1642.0 1897.5 1625.0 1897.5 1624.0 1896.5 1616.0 1896.5 1615.0 1895.5 1608.0 1895.5 1607.0 1894.5 1601.0 1894.5 1600.0 1893.5 1592.0 1893.5 1591.0 1892.5 1582.0 1892.5 1581.0 1891.5 1576.0 1891.5 1570.0 1889.5 1563.0 1889.5 1562.0 1888.5 1553.0 1888.5 1552.0 1887.5 1540.0 1887.5 1539.0 1886.5 1530.0 1886.5 1529.0 1885.5 1522.0 1885.5 1521.0 1884.5 1515.0 1884.5 1514.0 1883.5 1509.0 1883.5 1508.0 1882.5 1503.0 1882.5 1502.0 1881.5 1497.0 1881.5 1496.0 1880.5 1460.0 1880.5 1459.0 1879.5 1450.0 1879.5 1449.0 1878.5 1410.0 1878.5 1409.0 1877.5 1401.0 1877.5 1395.0 1875.5 1390.0 1875.5 1389.0 1874.5 1374.0 1871.5 1369.0 1871.5 1368.0 1870.5 1361.0 1870.5 1360.0 1869.5 1349.0 1869.5 1348.0 1868.5 1334.0 1868.5 1333.0 1867.5 1324.0 1867.5 1323.0 1866.5 1317.0 1866.5 1316.0 1865.5 1309.0 1865.5 1308.0 1864.5 1297.0 1864.5 1296.0 1863.5 1290.0 1863.5 1289.0 1862.5 1281.0 1862.5 1280.0 1861.5 1264.0 1861.5 1263.0 1860.5 1253.0 1860.5 1252.0 1859.5 1237.0 1859.5 1236.0 1858.5 1227.0 1858.5 1226.0 1857.5 1218.0 1857.5 1217.0 1856.5 1209.0 1856.5 1208.0 1855.5 1198.0 1855.5 1197.0 1854.5 1186.0 1854.5 1185.0 1853.5 1176.0 1853.5 1175.0 1852.5 1169.0 1852.5 1168.0 1851.5 1159.0 1851.5 1158.0 1850.5 1138.0 1850.5 1137.0 1849.5 1120.0 1849.5 1119.0 1848.5 1111.0 1848.5 1110.0 1847.5 1102.0 1847.5 1101.0 1846.5 1079.0 1846.5 1078.0 1845.5 1068.0 1845.5 1067.0 1844.5 1057.0 1844.5 1056.0 1843.5 1050.0 1843.5 1049.0 1842.5 1043.0 1842.5 1042.0 1841.5 1023.0 1841.5 1022.0 1840.5 1014.0 1840.5 1013.0 1839.5 1002.0 1839.5 1001.0 1838.5 995.0 1838.5 987.0 1836.5 980.0 1833.5 972.5 1826.0 968.5 1818.0 967.5 1813.0 964.5 1807.0 964.5 1802.0 965.5 1801.0 965.5 1793.0 967.5 1788.0 969.5 1780.0 970.5 1773.0 972.5 1769.0 972.5 1766.0 974.5 1762.0 974.5 1759.0 977.5 1750.0 980.5 1739.0 982.5 1736.0 984.5 1730.0 984.5 1725.0 985.5 1724.0 985.5 1719.0 986.5 1714.0 991.5 1696.0 993.5 1691.0 996.5 1686.0 998.5 1678.0 998.5 1674.0 1001.5 1667.0 1002.5 1660.0 1004.5 1656.0 1007.5 1646.0 1007.5 1643.0 1009.5 1639.0 1009.5 1636.0 1013.5 1626.0 1013.5 1623.0 1015.5 1618.0 1016.5 1611.0 1020.5 1603.0 1022.5 1593.0 1023.5 1592.0 1025.5 1584.0 1025.5 1581.0 1027.5 1577.0 1028.5 1570.0 1030.5 1566.0 1030.5 1563.0 1032.5 1558.0 1032.5 1555.0 1035.5 1548.0 1035.5 1545.0 1037.5 1541.0 1038.5 1534.0 1040.5 1530.0 1040.5 1527.0 1042.5 1523.0 1042.5 1520.0 1044.5 1516.0 1047.5 1504.0 1049.5 1500.0 1050.5 1493.0 1052.5 1489.0 1054.5 1481.0 1055.5 1474.0 1056.5 1473.0 1060.5 1455.0 1062.5 1451.0 1064.5 1443.0 1064.5 1440.0 1066.5 1436.0 1068.5 1428.0 1071.5 1421.0 1071.5 1418.0 1073.5 1414.0 1074.5 1405.0 1077.5 1397.0 1080.5 1385.0 1082.5 1381.0 1082.5 1378.0 1084.5 1370.0 1088.5 1359.0 1088.5 1355.0 1090.5 1351.0 1090.5 1348.0 1092.5 1340.0 1095.5 1333.0 1097.5 1325.0 1101.5 1317.0 1101.5 1315.0 1105.5 1307.0 1115.0 1297.5 1120.0 1294.5 1123.0 1291.5 1132.0 1286.5 1170.0 1286.5 1171.0 1287.5 1211.0 1287.5 1212.0 1288.5 1269.0 1288.5 1270.0 1289.5 1286.0 1289.5 1287.0 1290.5 1310.0 1290.5 1311.0 1291.5 1347.0 1291.5 1348.0 1292.5 1369.0 1292.5 1370.0 1293.5 1410.0 1293.5 1411.0 1294.5 1431.0 1294.5 1432.0 1295.5 1462.0 1295.5 1463.0 1296.5 1479.0 1296.5 1480.0 1297.5 1520.0 1297.5 1521.0 1298.5 1540.0 1298.5 1541.0 1299.5 1558.0 1299.5 1559.0 1300.5 1577.0 1300.5 1578.0 1301.5 1602.0 1301.5 1603.0 1302.5 1639.0 1302.5 1640.0 1303.5 1682.0 1303.5 1683.0 1302.5 1691.0 1302.5 1692.0 1303.5 1754.0 1303.5 1755.0 1304.5 1761.0 1304.5 1764.0 1305.5 1771.0 1309.5 1784.5 1323.0 1788.5 1329.0 1803.5 1344.0 1803.5 1345.0 1813.5 1355.0 1816.5 1360.0 1817.5 1365.0 1819.5 1370.0 1819.5 1384.0 1818.5 1385.0 1818.5 1396.0 1817.5 1397.0 1817.5 1406.0 1816.5 1407.0 1816.5 1415.0 1815.5 1416.0 1815.5 1421.0 1814.5 1422.0 1814.5 1428.0 1813.5 1429.0 1813.5 1437.0 1812.5 1438.0 1812.5 1448.0 1811.5 1449.0 1811.5 1462.0 1810.5 1463.0 1810.5 1469.0 1809.5 1470.0 1809.5 1475.0 1808.5 1476.0 1808.5 1483.0 1807.5 1484.0 1807.5 1493.0 1806.5 1494.0 1806.5 1500.0 1805.5 1501.0 1805.5 1508.0 1804.5 1509.0 1804.5 1521.0 1803.5 1522.0 1803.5 1528.0 1802.5 1529.0 1802.5 1535.0 1801.5 1536.0 1801.5 1542.0 1800.5 1543.0 1800.5 1549.0 1799.5 1550.0 1799.5 1557.0 1798.5 1558.0 1798.5 1565.0 1797.5 1566.0 1797.5 1572.0 1796.5 1573.0 1796.5 1581.0 1795.5 1582.0 1795.5 1588.0 1794.5 1589.0 1794.5 1595.0 1792.5 1601.0 1792.5 1609.0 1791.5 1610.0 1791.5 1620.0 1790.5 1621.0 1790.5 1632.0 1789.5 1633.0 1789.5 1643.0 1788.5 1644.0 1788.5 1650.0 1787.5 1651.0 1787.5 1658.0 1786.5 1659.0 1786.5 1667.0 1785.5 1668.0 1785.5 1675.0 1784.5 1676.0 1784.5 1682.0 1783.5 1683.0 1783.5 1694.0 1782.5 1695.0 1782.5 1705.0 1781.5 1706.0 1781.5 1712.0 1780.5 1713.0 1780.5 1720.0 1779.5 1721.0 1779.5 1729.0 1778.5 1730.0 1778.5 1735.0 1776.5 1741.0 1776.5 1750.0 1775.5 1751.0 1775.5 1765.0 1774.5 1766.0 1774.5 1772.0 1773.5 1773.0 1773.5 1781.0 1772.5 1782.0 1772.5 1791.0 1771.5 1792.0 1771.5 1800.0 1770.5 1801.0 1770.5 1808.0 1769.5 1809.0 1769.5 1816.0 1768.5 1817.0 1768.5 1825.0 1767.5 1826.0 1767.5 1833.0 1766.5 1834.0 1766.5 1839.0 1765.5 1840.0 1765.5 1845.0 1764.5 1846.0 1764.5 1851.0 1763.5 1852.0 1763.5 1857.0 1762.5 1858.0 1762.5 1864.0 1761.5 1865.0 1760.5 1871.0 1756.5 1877.0 1748.0 1885.5 1741.0 1889.5 1736.0 1893.5 1732.0 1895.5 1714.0 1895.5 1708.0 1897.5 1698.0 1899.5 1693.0 1899.5 1687.0 1901.5
 5ML_sorting_tube_rack 0.0 324.5 12.0 324.5 13.0 323.5 24.0 323.5 30.0 326.5 35.0 327.5 39.0 329.5 43.5 334.0 47.5 342.0 51.5 346.0 56.5 353.0 58.5 358.0 63.0 362.5 68.0 365.5 77.0 374.5 88.0 379.5 95.0 385.5 100.0 387.5 108.0 393.5 109.0 393.5 119.0 403.5 128.0 408.5 133.0 409.5 138.0 412.5 142.0 413.5 147.0 413.5 152.0 415.5 155.0 415.5 161.0 418.5 163.0 420.5 173.0 424.5 175.0 426.5 186.0 431.5 199.0 439.5 204.0 441.5 211.0 448.5 220.0 452.5 229.0 461.5 230.0 461.5 238.0 468.5 241.0 469.5 248.0 473.5 249.5 476.0 255.0 481.5 261.0 484.5 263.0 484.5 268.0 487.5 277.0 494.5 280.0 495.5 290.0 501.5 297.0 508.5 303.0 511.5 309.0 513.5 310.5 516.0 317.0 522.5 324.0 525.5 329.0 528.5 334.0 532.5 340.0 538.5 346.0 542.5 354.0 546.5 359.0 551.5 368.0 555.5 371.0 557.5 381.0 567.5 394.0 574.5 403.0 583.5 411.0 587.5 422.0 598.5 431.0 602.5 440.0 607.5 444.0 610.5 453.5 620.0 454.5 623.0 453.5 628.0 453.5 633.0 450.5 640.0 447.5 651.0 442.5 665.0 434.5 676.0 429.5 693.0 425.5 698.0 419.5 704.0 417.5 708.0 413.5 726.0 409.5 736.0 405.5 742.0 405.5 744.0 402.5 749.0 400.5 758.0 397.5 763.0 392.5 768.0 390.5 771.0 386.5 781.0 386.5 785.0 384.5 790.0 378.5 797.0 373.5 807.0 371.5 814.0 370.5 820.0 366.5 827.0 358.5 835.0 355.5 842.0 354.5 851.0 352.5 854.0 351.5 860.0 349.5 864.0 346.5 867.0 344.5 875.0 340.5 884.0 340.5 886.0 336.5 893.0 331.5 899.0 329.5 904.0 328.5 909.0 320.5 922.0 310.0 930.5 302.0 933.5 298.0 933.5 290.0 936.5 282.0 936.5 281.0 937.5 261.0 937.5 260.0 938.5 252.0 938.5 251.0 939.5 220.0 939.5 219.0 940.5 197.0 940.5 196.0 941.5 163.0 941.5 162.0 942.5 130.0 942.5 129.0 943.5 117.0 943.5 113.0 942.5 112.0 943.5 83.0 943.5 82.0 944.5 59.0 944.5 58.0 945.5 40.0 945.5 35.0 946.5 34.0 945.5 10.0 945.5 9.0 946.5 0.0 946.5
 5ML_sorting_tube_rack 151.5 605.0 152.0 604.5 167.0 604.5 168.0 603.5 174.0 603.5 180.0 601.5 188.0 601.5 189.0 600.5 201.0 600.5 202.0 599.5 211.0 599.5 212.0 598.5 218.0 598.5 223.0 596.5 236.0 594.5 240.0 592.5 248.0 590.5 253.0 590.5 254.0 589.5 267.0 589.5 273.0 591.5 280.0 591.5 284.0 589.5 289.0 588.5 295.0 588.5 298.0 590.5 305.0 597.5 309.0 597.5 313.5 594.0 314.5 590.0 309.5 581.0 309.5 579.0 305.0 574.5 301.0 572.5 298.0 569.5 292.0 565.5 281.0 560.5 270.0 552.5 265.0 547.5 264.0 547.5 259.0 542.5 253.0 539.5 251.0 537.5 246.0 535.5 241.5 531.0 238.5 526.0 236.5 521.0 233.0 517.5 229.0 515.5 220.0 513.5 215.0 511.5 211.0 511.5 206.0 509.5 199.5 503.0 196.0 498.5 195.0 498.5 187.0 492.5 182.0 490.5 174.0 483.5 170.0 484.5 164.0 490.5 163.0 490.5 157.5 496.0 153.5 504.0 153.5 506.0 147.5 517.0 144.5 521.0 139.5 526.0 136.5 532.0 135.5 540.0 132.5 546.0 128.5 550.0 126.5 555.0 120.5 567.0 111.5 576.0 109.5 581.0 109.5 585.0 107.5 590.0 107.5 594.0 109.5 599.0 114.0 602.5 118.0 603.5 123.0 603.5 124.0 604.5 134.0 604.5 135.0 605.5 151.0 605.5 151.5 605.0
 5ML_sorting_tube_rack 54.5 714.0 55.5 710.0 54.0 706.5 50.5 710.0 50.5 713.0 52.0 714.5 54.5 714.0
 tube_rack_storage_cabinet 119.5 0.0 119.5 5.0 128.0 7.5 132.0 9.5 135.0 9.5 139.0 11.5 145.0 16.5 153.0 20.5 157.0 24.5 158.5 28.0 161.5 31.0 162.5 35.0 166.0 36.5 175.0 42.5 177.0 42.5 180.5 46.0 181.5 50.0 186.0 54.5 189.0 56.5 193.0 57.5 197.5 62.0 198.5 65.0 203.0 69.5 210.0 71.5 213.5 76.0 214.5 81.0 217.0 83.5 224.0 85.5 229.5 91.0 230.5 95.0 234.0 98.5 241.0 101.5 245.5 106.0 249.0 110.5 254.0 112.5 259.5 117.0 263.5 125.0 272.0 129.5 281.0 140.5 286.0 142.5 293.5 150.0 296.5 155.0 300.0 156.5 304.0 160.5 311.0 163.5 317.0 164.5 323.0 168.5 335.0 168.5 338.5 170.0 338.5 174.0 333.5 178.0 332.5 185.0 334.5 189.0 341.0 192.5 345.0 193.5 349.5 198.0 351.0 200.5 357.0 202.5 364.0 202.5 366.5 204.0 367.5 207.0 367.5 215.0 369.0 216.5 372.0 216.5 377.0 219.5 379.0 219.5 385.0 222.5 390.5 227.0 397.5 238.0 398.5 245.0 403.0 246.5 411.0 251.5 414.0 254.5 418.0 256.5 424.0 262.5 433.0 266.5 437.5 271.0 438.5 275.0 440.5 278.0 448.0 283.5 452.5 288.0 452.5 289.0 460.0 294.5 466.0 297.5 471.5 305.0 475.0 308.5 480.0 311.5 489.0 320.5 495.0 324.5 504.0 328.5 509.0 332.5 514.0 337.5 524.0 343.5 528.0 346.5 533.0 351.5 543.0 357.5 556.0 370.5 564.0 375.5 569.0 380.5 570.0 380.5 576.0 385.5 579.0 386.5 594.0 401.5 595.0 401.5 606.0 412.5 614.0 416.5 620.0 421.5 624.0 423.5 632.0 424.5 636.0 426.5 642.0 426.5 643.0 425.5 658.0 425.5 659.0 426.5 665.0 426.5 669.0 428.5 688.0 447.5 693.0 450.5 698.0 454.5 703.0 457.5 708.0 461.5 717.5 471.0 720.5 477.0 729.5 486.0 732.5 490.0 733.5 497.0 734.5 498.0 734.5 504.0 729.5 513.0 727.5 515.0 723.5 525.0 723.5 529.0 721.5 533.0 719.5 540.0 717.5 543.0 717.5 546.0 715.5 550.0 712.5 564.0 710.5 569.0 705.5 578.0 704.5 583.0 701.5 590.0 696.5 597.0 693.5 604.0 693.5 607.0 691.5 615.0 689.5 619.0 688.5 624.0 677.5 646.0 676.5 651.0 674.5 654.0 672.5 661.0 667.5 670.0 664.5 681.0 656.5 696.0 654.5 702.0 654.5 705.0 652.5 708.0 652.5 711.0 650.5 716.0 646.5 723.0 644.5 731.0 642.5 734.0 640.5 741.0 632.5 754.0 628.5 768.0 626.5 772.0 624.5 780.0 619.5 789.0 618.5 796.0 615.5 804.0 612.5 809.0 608.5 814.0 604.5 822.0 603.5 828.0 601.5 834.0 594.5 851.0 591.5 864.0 585.5 874.0 581.5 886.0 577.5 893.0 573.5 902.0 572.5 907.0 570.5 911.0 569.5 916.0 562.5 930.0 560.5 936.0 557.5 941.0 549.5 961.0 546.5 964.0 543.5 971.0 543.5 975.0 541.5 983.0 539.5 986.0 536.5 994.0 533.5 999.0 532.5 1004.0 530.5 1008.0 529.5 1013.0 519.5 1033.0 517.5 1040.0 512.5 1049.0 510.5 1054.0 509.5 1059.0 507.5 1062.0 506.5 1067.0 500.5 1082.0 496.5 1090.0 495.5 1095.0 490.5 1106.0 484.5 1114.0 482.5 1120.0 480.5 1123.0 478.5 1129.0 475.5 1141.0 470.5 1150.0 470.5 1153.0 468.5 1157.0 468.5 1160.0 461.5 1172.0 459.5 1174.0 456.5 1181.0 454.5 1184.0 452.5 1192.0 450.5 1196.0 449.5 1201.0 447.5 1205.0 446.5 1210.0 444.5 1214.0 443.5 1220.0 437.5 1232.0 434.5 1237.0 434.5 1239.0 428.5 1250.0 424.5 1259.0 422.5 1265.0 420.5 1268.0 418.5 1275.0 416.5 1278.0 415.5 1283.0 411.5 1290.0 411.5 1292.0 408.5 1297.0 408.5 1299.0 404.5 1307.0 404.5 1309.0 399.5 1317.0 394.5 1327.0 393.5 1332.0 391.5 1336.0 391.5 1339.0 389.5 1342.0 386.5 1350.0 381.5 1359.0 380.5 1364.0 378.5 1367.0 375.5 1378.0 371.5 1385.0 369.5 1387.0 365.5 1397.0 363.5 1406.0 361.5 1410.0 359.5 1417.0 350.5 1434.0 350.5 1435.0 345.5 1445.0 344.5 1450.0 342.5 1455.0 337.5 1464.0 336.5 1467.0 333.5 1471.0 331.5 1476.0 330.5 1481.0 328.5 1486.0 320.5 1503.0 318.5 1506.0 316.5 1514.0 314.5 1518.0 312.5 1525.0 309.5 1530.0 305.5 1535.0 301.5 1545.0 299.5 1548.0 298.5 1553.0 294.5 1561.0 294.5 1563.0 291.5 1568.0 290.5 1573.0 285.5 1586.0 281.5 1592.0 273.5 1608.0 268.5 1622.0 266.5 1625.0 264.5 1633.0 263.5 1634.0 261.5 1642.0 257.5 1650.0 255.5 1658.0 248.5 1674.0 244.5 1679.0 239.5 1692.0 237.5 1696.0 233.5 1708.0 231.5 1710.0 230.5 1714.0 227.5 1719.0 221.5 1734.0 215.5 1745.0 214.5 1750.0 212.5 1754.0 212.5 1757.0 209.5 1764.0 209.5 1766.0 205.5 1773.0 205.5 1775.0 200.5 1784.0 198.5 1789.0 196.5 1797.0 194.5 1800.0 192.5 1808.0 190.5 1813.0 186.5 1820.0 181.5 1830.0 179.5 1835.0 176.5 1846.0 174.5 1849.0 172.5 1856.0 168.5 1862.0 166.5 1867.0 164.5 1876.0 162.5 1882.0 155.5 1895.0 153.5 1900.0 152.5 1905.0 150.5 1908.0 148.5 1916.0 146.5 1919.0 144.5 1927.0 140.5 1936.0 140.5 1939.0 134.5 1955.0 133.5 1960.0 131.5 1965.0 126.5 1974.0 126.5 1976.0 122.5 1983.0 121.5 1988.0 119.5 1992.0 119.5 1995.0 117.5 1999.0 117.5 2002.0 114.5 2008.0 114.5 2010.0 110.5 2017.0 106.5 2031.0 102.5 2039.0 101.5 2044.0 99.5 2047.0 98.5 2052.0 96.5 2056.0 94.5 2065.0 92.5 2069.0 91.5 2076.0 89.5 2080.0 89.5 2083.0 86.5 2090.0 86.5 2092.0 77.5 2110.0 75.5 2119.0 72.5 2126.0 70.5 2133.0 65.5 2141.0 65.5 2142.0 60.0 2147.5 54.0 2151.5 30.0 2151.5 29.0 2152.5 14.0 2152.5 13.0 2151.5 0.0 2151.5
 tube_rack_storage_cabinet 369.0 117.5 365.0 117.5 362.5 114.0 362.5 112.0 365.0 108.5 369.0 108.5 371.5 112.0 371.5 115.0 369.0 117.5
 tube_rack_storage_cabinet 309.0 147.5 303.0 147.5 300.5 144.0 301.5 140.0 305.0 136.5 308.0 136.5 312.5 140.0 312.5 144.0 309.0 147.5
 tube_rack_storage_cabinet 430.0 178.5 425.0 178.5 420.5 174.0 420.5 166.0 422.5 160.0 424.0 158.5 427.0 158.5 429.5 161.0 430.5 165.0 435.5 170.0 436.5 174.0 434.0 176.5 430.0 178.5
 tube_rack_storage_cabinet 191.5 614.0 198.0 611.5 200.0 611.5 203.5 609.0 203.5 605.0 199.0 601.5 196.0 601.5 191.0 599.5 184.0 599.5 180.0 600.5 173.0 604.5 170.0 604.5 166.0 602.5 161.0 602.5 157.0 601.5 152.0 602.5 145.5 605.0 150.0 609.5 153.0 610.5 164.0 610.5 168.0 609.5 170.0 607.5 174.0 607.5 174.5 609.0 185.0 614.5 191.5 614.0
 tube_rack_storage_cabinet 113.5 610.0 116.0 609.5 119.5 605.0 116.0 604.5 112.0 602.5 99.0 602.5 95.5 605.0 95.5 608.0 99.0 610.5 113.0 610.5 113.5 610.0
 tube_rack_storage_cabinet 215.5 640.0 218.0 639.5 218.5 637.0 216.0 634.5 214.5 635.0 214.5 640.0 215.5 640.0
 tube_rack_storage_cabinet 81.5 763.0 85.0 762.5 89.0 759.5 91.0 759.5 92.5 755.0 90.0 752.5 85.0 749.5 80.0 749.5 78.0 750.5 72.5 756.0 72.5 759.0 75.0 761.5 81.5 763.0
 tube_rack_storage_cabinet 38.5 824.0 41.0 823.5 45.5 819.0 41.0 814.5 27.0 814.5 25.5 816.0 25.5 819.0 31.0 822.5 38.5 824.0
 tube_rack_storage_cabinet 261.5 851.0 264.5 849.0 260.0 848.5 259.5 851.0 261.5 851.0
 tube_rack_storage_cabinet 215.5 909.0 215.5 909.0
dispensing_tube_rack 3839.0 2017.5 3821.0 2017.5 3820.0 2016.5 3788.0 2016.5 3787.0 2015.5 3774.0 2015.5 3773.0 2014.5 3763.0 2014.5 3762.0 2013.5 3740.0 2013.5 3739.0 2012.5 3730.0 2012.5 3729.0 2011.5 3712.0 2011.5 3711.0 2010.5 3701.0 2010.5 3700.0 2009.5 3683.0 2009.5 3682.0 2008.5 3674.0 2008.5 3673.0 2007.5 3663.0 2007.5 3662.0 2006.5 3641.0 2006.5 3640.0 2005.5 3622.0 2005.5 3621.0 2004.5 3613.0 2004.5 3612.0 2003.5 3605.0 2003.5 3604.0 2002.5 3585.0 2002.5 3584.0 2001.5 3572.0 2001.5 3571.0 2000.5 3560.0 2000.5 3559.0 1999.5 3551.0 1999.5 3550.0 1998.5 3544.0 1998.5 3543.0 1997.5 3537.0 1997.5 3536.0 1996.5 3531.0 1996.5 3522.0 1993.5 3519.0 1993.5 3512.0 1990.5 3505.5 1984.0 3501.5 1977.0 3499.5 1975.0 3498.5 1969.0 3495.5 1962.0 3494.5 1958.0 3494.5 1953.0 3493.5 1952.0 3493.5 1947.0 3492.5 1946.0 3492.5 1941.0 3491.5 1940.0 3491.5 1935.0 3490.5 1934.0 3489.5 1926.0 3487.5 1922.0 3485.5 1913.0 3483.5 1909.0 3483.5 1906.0 3481.5 1901.0 3481.5 1897.0 3479.5 1892.0 3479.5 1888.0 3477.5 1882.0 3477.5 1876.0 3476.5 1875.0 3476.5 1868.0 3475.5 1863.0 3473.5 1859.0 3473.5 1856.0 3471.5 1852.0 3470.5 1847.0 3468.5 1843.0 3466.5 1831.0 3464.5 1825.0 3462.5 1815.0 3462.5 1810.0 3461.5 1809.0 3461.5 1803.0 3460.5 1802.0 3460.5 1796.0 3459.5 1795.0 3459.5 1790.0 3458.5 1789.0 3458.5 1784.0 3457.5 1783.0 3456.5 1775.0 3454.5 1772.0 3451.5 1760.0 3450.5 1759.0 3450.5 1754.0 3449.5 1753.0 3449.5 1748.0 3447.5 1738.0 3446.5 1737.0 3446.5 1732.0 3444.5 1726.0 3443.5 1718.0 3439.5 1708.0 3436.5 1691.0 3434.5 1685.0 3434.5 1680.0 3433.5 1679.0 3433.5 1674.0 3431.5 1668.0 3430.5 1659.0 3428.5 1654.0 3426.5 1645.0 3424.5 1641.0 3423.5 1632.0 3422.5 1631.0 3421.5 1623.0 3419.5 1619.0 3417.5 1607.0 3416.5 1606.0 3416.5 1601.0 3415.5 1596.0 3413.5 1592.0 3411.5 1581.0 3409.5 1577.0 3409.5 1573.0 3407.5 1568.0 3406.5 1563.0 3406.5 1558.0 3405.5 1557.0 3405.5 1552.0 3404.5 1551.0 3404.5 1546.0 3403.5 1545.0 3403.5 1540.0 3402.5 1539.0 3401.5 1530.0 3399.5 1526.0 3397.5 1515.0 3395.5 1511.0 3394.5 1503.0 3392.5 1493.0 3391.5 1492.0 3389.5 1482.0 3389.5 1477.0 3388.5 1476.0 3385.5 1464.0 3385.5 1459.0 3384.5 1458.0 3384.5 1451.0 3383.5 1450.0 3383.5 1445.0 3379.5 1435.0 3379.5 1431.0 3377.5 1425.0 3377.5 1420.0 3376.5 1415.0 3373.5 1406.0 3372.5 1401.0 3372.5 1396.0 3371.5 1395.0 3371.5 1390.0 3370.5 1385.0 3367.5 1376.0 3367.5 1372.0 3365.5 1367.0 3364.5 1358.0 3362.5 1354.0 3361.5 1349.0 3358.5 1342.0 3358.5 1329.0 3357.5 1328.0 3357.5 1323.0 3356.5 1322.0 3355.5 1315.0 3353.5 1311.0 3353.5 1306.0 3351.5 1301.0 3351.5 1298.0 3349.5 1293.0 3349.5 1289.0 3347.5 1284.0 3345.5 1270.0 3344.5 1269.0 3344.5 1264.0 3343.5 1263.0 3343.5 1258.0 3342.5 1257.0 3342.5 1251.0 3341.5 1250.0 3341.5 1245.0 3338.5 1232.0 3335.5 1225.0 3335.5 1222.0 3333.5 1217.0 3333.5 1213.0 3331.5 1207.0 3328.5 1192.0 3328.5 1187.0 3327.5 1186.0 3327.5 1179.0 3326.5 1178.0 3324.5 1166.0 3323.5 1165.0 3321.5 1155.0 3321.5 1151.0 3319.5 1147.0 3319.5 1143.0 3317.5 1138.0 3316.5 1129.0 3314.5 1124.0 3313.5 1119.0 3313.5 1114.0 3312.5 1113.0 3312.5 1106.0 3311.5 1105.0 3311.5 1099.0 3310.5 1098.0 3310.5 1093.0 3309.5 1092.0 3309.5 1086.0 3308.5 1085.0 3308.5 1080.0 3306.5 1070.0 3304.5 1064.0 3304.5 1059.0 3303.5 1058.0 3303.5 1050.0 3302.5 1049.0 3302.5 1040.0 3301.5 1039.0 3301.5 1029.0 3300.5 1028.0 3299.5 1020.0 3294.5 1010.0 3295.5 1008.0 3295.5 998.0 3293.5 994.0 3288.5 988.0 3286.5 983.0 3286.5 980.0 3284.5 976.0 3284.5 972.0 3282.5 967.0 3281.5 958.0 3279.5 953.0 3279.5 949.0 3277.5 944.0 3276.5 937.0 3272.5 927.0 3271.5 919.0 3270.5 918.0 3270.5 912.0 3269.5 911.0 3269.5 906.0 3268.5 905.0 3268.5 900.0 3267.5 899.0 3267.5 894.0 3266.5 893.0 3266.5 884.0 3265.5 883.0 3265.5 876.0 3260.5 862.0 3259.5 854.0 3257.5 848.0 3257.5 842.0 3256.5 841.0 3256.5 835.0 3255.5 834.0 3255.5 829.0 3252.5 820.0 3252.5 816.0 3250.5 811.0 3250.5 807.0 3248.5 802.0 3248.5 796.0 3247.5 795.0 3247.5 790.0 3246.5 785.0 3244.5 781.0 3244.5 777.0 3242.5 773.0 3241.5 768.0 3241.5 763.0 3239.5 754.0 3237.5 750.0 3237.5 747.0 3235.5 743.0 3235.5 738.0 3234.5 737.0 3234.5 731.0 3233.5 730.0 3233.5 724.0 3231.5 718.0 3231.5 713.0 3230.5 712.0 3230.5 705.0 3229.5 704.0 3229.5 695.0 3232.5 688.0 3234.5 681.0 3238.5 675.0 3246.5 666.0 3248.5 662.0 3255.0 655.5 3258.0 653.5 3267.0 650.5 3272.0 649.5 3278.0 649.5 3279.0 648.5 3297.0 648.5 3298.0 647.5 3313.0 647.5 3314.0 646.5 3334.0 646.5 3335.0 645.5 3357.0 645.5 3358.0 644.5 3378.0 644.5 3379.0 645.5 3385.0 645.5 3386.0 644.5 3404.0 644.5 3405.0 645.5 3411.0 645.5 3420.0 649.5 3425.0 654.5 3429.0 654.5 3438.0 645.5 3439.0 645.5 3454.5 630.0 3457.5 626.0 3458.5 623.0 3465.5 616.0 3465.5 615.0 3483.5 597.0 3487.5 591.0 3498.5 580.0 3498.5 579.0 3510.5 567.0 3514.5 560.0 3524.5 550.0 3524.5 549.0 3538.5 535.0 3540.5 531.0 3544.5 526.0 3552.5 518.0 3552.5 517.0 3558.5 511.0 3558.5 510.0 3563.5 505.0 3566.5 500.0 3568.5 490.0 3570.5 485.0 3574.5 480.0 3576.5 475.0 3580.5 469.0 3584.5 465.0 3587.5 460.0 3609.0 438.5 3617.0 433.5 3620.0 430.5 3624.0 428.5 3628.0 424.5 3634.0 420.5 3643.5 411.0 3643.5 410.0 3648.5 405.0 3648.5 404.0 3653.5 399.0 3656.5 394.0 3660.5 389.0 3665.5 384.0 3665.5 383.0 3671.0 377.5 3676.0 373.5 3682.0 370.5 3695.0 361.5 3702.0 359.5 3707.0 359.5 3708.0 358.5 3714.0 358.5 3715.0 357.5 3733.0 357.5 3734.0 356.5 3747.0 356.5 3748.0 355.5 3757.0 355.5 3758.0 354.5 3794.0 354.5 3795.0 353.5 3809.0 353.5 3810.0 352.5 3833.0 352.5 3834.0 351.5 3839.0 351.5
dispensing_tube_rack 3560.5 648.0 3563.0 646.5 3568.0 641.5 3573.0 639.5 3576.0 639.5 3589.0 635.5 3590.0 634.5 3595.0 634.5 3602.0 637.5 3605.0 641.5 3607.5 639.0 3608.5 636.0 3607.5 632.0 3607.5 621.0 3604.5 612.0 3603.5 611.0 3600.5 603.0 3594.0 594.5 3590.0 593.5 3587.0 595.5 3579.0 598.5 3576.0 600.5 3570.5 606.0 3567.5 610.0 3566.5 613.0 3558.5 623.0 3557.5 626.0 3553.0 630.5 3546.0 633.5 3543.5 636.0 3542.5 640.0 3544.5 644.0 3549.0 647.5 3560.5 648.0
dispensing_tube_rack 3399.5 673.0 3399.5 672.0 3404.0 668.5 3398.0 667.5 3395.5 669.0 3399.5 673.0
dispensing_tube_rack 3641.5 866.0 3650.0 864.5 3653.0 862.5 3655.5 859.0 3655.5 857.0 3659.0 852.5 3665.0 850.5 3668.5 848.0 3669.5 846.0 3668.5 840.0 3665.0 837.5 3659.0 839.5 3653.0 839.5 3652.0 840.5 3639.0 840.5 3632.5 846.0 3632.5 854.0 3633.5 855.0 3633.5 860.0 3635.5 865.0 3638.0 866.5 3641.5 866.0
dispensing_tube_rack 3261.0 1010.5 3261.0 1010.5
dispensing_tube_rack 3623.5 1016.0 3624.0 1013.5 3620.0 1013.5 3621.0 1016.5 3623.5 1016.0
dispensing_tube_rack 3606.5 1046.0 3613.0 1044.5 3617.0 1041.5 3620.5 1040.0 3619.5 1036.0 3616.0 1031.5 3611.0 1029.5 3605.0 1031.5 3602.0 1034.5 3598.0 1036.5 3595.0 1036.5 3587.0 1039.5 3585.5 1044.0 3592.0 1046.5 3606.0 1046.5 3606.5 1046.0
dispensing_tube_rack 3839.0 1456.5 3834.0 1456.5 3833.0 1455.5 3822.0 1455.5 3821.0 1454.5 3793.0 1454.5 3792.0 1453.5 3761.0 1453.5 3760.0 1452.5 3734.0 1452.5 3733.0 1451.5 3704.0 1451.5 3703.0 1450.5 3686.0 1450.5 3685.0 1449.5 3674.0 1449.5 3673.0 1448.5 3646.0 1448.5 3645.0 1447.5 3635.0 1447.5 3634.0 1446.5 3624.0 1446.5 3623.0 1445.5 3614.0 1445.5 3613.0 1444.5 3602.0 1444.5 3601.0 1443.5 3593.0 1443.5 3588.0 1442.5 3580.0 1439.5 3571.0 1439.5 3570.0 1440.5 3562.0 1440.5 3561.0 1441.5 3549.0 1441.5 3548.0 1442.5 3543.0 1442.5 3538.0 1444.5 3535.0 1444.5 3528.0 1448.5 3525.0 1451.5 3522.0 1452.5 3516.0 1456.5 3512.5 1460.0 3511.5 1463.0 3512.5 1466.0 3512.5 1471.0 3513.5 1472.0 3513.5 1480.0 3514.5 1481.0 3514.5 1491.0 3515.5 1492.0 3519.5 1506.0 3521.5 1520.0 3525.5 1530.0 3525.5 1534.0 3527.5 1539.0 3527.5 1543.0 3529.5 1549.0 3529.5 1555.0 3530.5 1556.0 3530.5 1564.0 3531.5 1569.0 3533.5 1574.0 3535.5 1576.0 3536.5 1580.0 3540.5 1587.0 3540.5 1589.0 3543.5 1594.0 3544.5 1598.0 3544.5 1611.0 3546.5 1616.0 3546.5 1619.0 3548.5 1624.0 3548.5 1628.0 3550.5 1633.0 3553.5 1646.0 3557.5 1656.0 3557.5 1661.0 3558.5 1662.0 3558.5 1669.0 3559.5 1670.0 3559.5 1675.0 3562.5 1683.0 3564.5 1692.0 3566.5 1696.0 3567.5 1703.0 3569.5 1707.0 3570.5 1714.0 3571.5 1715.0 3571.5 1720.0 3572.5 1721.0 3572.5 1730.0 3573.5 1735.0 3577.5 1745.0 3578.5 1749.0 3578.5 1755.0 3579.5 1760.0 3582.5 1766.0 3585.5 1777.0 3585.5 1782.0 3586.5 1783.0 3586.5 1789.0 3587.5 1790.0 3587.5 1796.0 3588.5 1797.0 3588.5 1804.0 3589.5 1809.0 3591.5 1813.0 3593.5 1821.0 3597.5 1828.0 3597.5 1830.0 3600.5 1836.0 3601.5 1841.0 3601.5 1851.0 3602.5 1852.0 3603.5 1861.0 3605.5 1866.0 3605.5 1871.0 3606.5 1872.0 3606.5 1878.0 3607.5 1879.0 3608.5 1886.0 3616.0 1893.5 3624.0 1897.5 3635.0 1897.5 3636.0 1898.5 3657.0 1898.5 3658.0 1899.5 3681.0 1899.5 3682.0 1898.5 3696.0 1898.5 3697.0 1897.5 3703.0 1897.5 3709.0 1895.5 3714.0 1895.5 3715.0 1896.5 3720.0 1896.5 3721.0 1897.5 3732.0 1897.5 3733.0 1896.5 3739.0 1896.5 3740.0 1895.5 3752.0 1895.5 3756.0 1896.5 3757.0 1895.5 3762.0 1895.5 3767.0 1893.5 3782.0 1893.5 3783.0 1894.5 3789.0 1894.5 3794.0 1892.5 3799.0 1891.5 3812.0 1891.5 3813.0 1892.5 3818.0 1892.5 3819.0 1891.5 3825.0 1891.5 3826.0 1890.5 3832.0 1890.5 3833.0 1889.5 3839.0 1889.5
