blood_tube 917.0 1185.5 894.0 1185.5 889.0 1184.5 885.0 1182.5 880.0 1181.5 877.0 1179.5 875.5 1177.0 875.5 1170.0 876.5 1169.0 876.5 1164.0 879.5 1158.0 882.5 1155.0 886.5 1147.0 890.5 1137.0 892.5 1135.0 895.5 1128.0 898.5 1119.0 899.5 1114.0 908.5 1096.0 910.5 1094.0 912.5 1088.0 917.5 1079.0 917.5 1077.0 921.5 1069.0 923.5 1061.0 928.5 1051.0 930.5 1046.0 932.5 1036.0 934.5 1031.0 934.5 1028.0 936.5 1025.0 938.5 1018.0 943.0 1014.5 947.5 1010.0 950.5 999.0 955.0 996.5 959.0 995.5 965.0 995.5 966.0 994.5 978.0 994.5 979.0 993.5 990.0 993.5 991.0 992.5 1004.0 992.5 1005.0 991.5 1015.0 991.5 1016.0 990.5 1023.0 990.5 1024.0 989.5 1051.0 989.5 1052.0 988.5 1083.0 988.5 1088.0 989.5 1099.0 994.5 1110.0 994.5 1111.0 993.5 1125.0 993.5 1126.0 992.5 1136.0 992.5 1137.0 991.5 1149.0 991.5 1150.0 990.5 1161.0 990.5 1162.0 989.5 1178.0 989.5 1179.0 988.5 1198.0 988.5 1199.0 987.5 1211.0 987.5 1212.0 986.5 1228.0 986.5 1229.0 985.5 1235.0 985.5 1242.0 982.5 1254.0 980.5 1260.0 978.5 1270.0 978.5 1271.0 977.5 1286.0 977.5 1287.0 976.5 1294.0 976.5 1295.0 975.5 1309.0 975.5 1310.0 974.5 1322.0 974.5 1323.0 973.5 1336.0 973.5 1337.0 972.5 1351.0 972.5 1352.0 971.5 1360.0 971.5 1361.0 970.5 1385.0 970.5 1386.0 969.5 1392.0 969.5 1393.0 968.5 1400.0 968.5 1401.0 967.5 1416.0 967.5 1422.0 965.5 1427.0 965.5 1428.0 964.5 1441.0 964.5 1442.0 963.5 1453.0 963.5 1454.0 962.5 1462.0 962.5 1463.0 961.5 1485.0 961.5 1486.0 960.5 1496.0 960.5 1497.0 959.5 1506.0 959.5 1507.0 958.5 1516.0 958.5 1517.0 957.5 1537.0 957.5 1538.0 956.5 1555.0 956.5 1556.0 955.5 1569.0 955.5 1570.0 954.5 1581.0 954.5 1582.0 953.5 1591.0 953.5 1592.0 952.5 1602.0 952.5 1603.0 951.5 1613.0 951.5 1614.0 950.5 1628.0 950.5 1629.0 949.5 1643.0 949.5 1644.0 948.5 1652.0 948.5 1653.0 947.5 1660.0 947.5 1661.0 946.5 1669.0 946.5 1670.0 945.5 1700.0 945.5 1701.0 944.5 1711.0 944.5 1712.0 943.5 1718.0 943.5 1719.0 942.5 1731.0 942.5 1732.0 941.5 1740.0 941.5 1741.0 940.5 1746.0 940.5 1747.0 939.5 1754.0 939.5 1755.0 938.5 1764.0 938.5 1765.0 939.5 1771.0 940.5 1777.0 943.5 1783.0 943.5 1784.0 942.5 1804.0 942.5 1805.0 943.5 1809.0 942.5 1816.0 942.5 1817.0 941.5 1833.0 941.5 1834.0 940.5 1840.0 940.5 1849.0 937.5 1854.0 936.5 1869.0 936.5 1873.0 934.5 1880.0 934.5 1881.0 933.5 1886.0 933.5 1887.0 932.5 1892.0 932.5 1893.0 931.5 1898.0 931.5 1899.0 930.5 1907.0 930.5 1908.0 929.5 1917.0 929.5 1918.0 928.5 1928.0 928.5 1929.0 927.5 1964.0 927.5 1965.0 928.5 1971.0 928.5 1979.0 932.5 1985.5 939.0 1985.5 940.0 1992.0 946.5 1998.0 949.5 2000.0 949.5 2004.5 955.0 2007.5 962.0 2009.5 965.0 2012.5 976.0 2015.5 983.0 2014.5 987.0 2014.5 995.0 2013.5 996.0 2013.5 1010.0 2008.5 1021.0 2008.5 1024.0 2004.5 1033.0 1991.0 1046.5 1978.0 1052.5 1973.0 1056.5 1965.0 1058.5 1960.0 1058.5 1959.0 1059.5 1950.0 1059.5 1949.0 1060.5 1943.0 1060.5 1942.0 1061.5 1926.0 1061.5 1925.0 1062.5 1917.0 1062.5 1916.0 1063.5 1905.0 1063.5 1904.0 1064.5 1893.0 1064.5 1892.0 1065.5 1887.0 1065.5 1882.0 1066.5 1877.0 1068.5 1870.0 1069.5 1869.0 1070.5 1862.0 1070.5 1861.0 1071.5 1856.0 1071.5 1855.0 1072.5 1847.0 1072.5 1846.0 1073.5 1835.0 1073.5 1834.0 1074.5 1823.0 1074.5 1822.0 1075.5 1816.0 1075.5 1810.0 1077.5 1803.0 1077.5 1797.0 1075.5 1784.0 1075.5 1783.0 1076.5 1777.0 1076.5 1765.0 1080.5 1760.0 1080.5 1759.0 1081.5 1713.0 1081.5 1707.0 1083.5 1700.0 1083.5 1699.0 1084.5 1682.0 1084.5 1681.0 1085.5 1674.0 1085.5 1673.0 1086.5 1663.0 1086.5 1662.0 1087.5 1651.0 1087.5 1650.0 1088.5 1641.0 1088.5 1640.0 1089.5 1632.0 1089.5 1631.0 1090.5 1623.0 1090.5 1622.0 1091.5 1610.0 1091.5 1609.0 1092.5 1595.0 1092.5 1594.0 1093.5 1588.0 1093.5 1587.0 1094.5 1582.0 1094.5 1581.0 1095.5 1574.0 1095.5 1573.0 1096.5 1565.0 1096.5 1564.0 1097.5 1552.0 1097.5 1551.0 1098.5 1543.0 1098.5 1542.0 1099.5 1537.0 1099.5 1536.0 1100.5 1530.0 1100.5 1524.0 1102.5 1519.0 1102.5 1518.0 1103.5 1512.0 1103.5 1511.0 1104.5 1499.0 1104.5 1498.0 1105.5 1487.0 1105.5 1486.0 1106.5 1478.0 1106.5 1477.0 1107.5 1467.0 1107.5 1466.0 1108.5 1458.0 1108.5 1457.0 1109.5 1447.0 1109.5 1446.0 1110.5 1438.0 1110.5 1437.0 1111.5 1431.0 1111.5 1430.0 1112.5 1420.0 1112.5 1419.0 1113.5 1411.0 1113.5 1410.0 1114.5 1404.0 1114.5 1403.0 1115.5 1394.0 1115.5 1393.0 1116.5 1383.0 1116.5 1382.0 1117.5 1377.0 1117.5 1376.0 1118.5 1370.0 1118.5 1369.0 1119.5 1355.0 1119.5 1344.0 1122.5 1335.0 1122.5 1334.0 1123.5 1324.0 1123.5 1318.0 1125.5 1313.0 1125.5 1312.0 1126.5 1302.0 1126.5 1301.0 1127.5 1295.0 1127.5 1289.0 1129.5 1282.0 1130.5 1281.0 1131.5 1267.0 1131.5 1266.0 1132.5 1257.0 1134.5 1254.0 1136.5 1248.0 1138.5 1243.0 1138.5 1242.0 1139.5 1237.0 1139.5 1236.0 1140.5 1230.0 1140.5 1229.0 1141.5 1224.0 1141.5 1223.0 1142.5 1218.0 1142.5 1212.0 1144.5 1207.0 1144.5 1206.0 1145.5 1196.0 1145.5 1195.0 1146.5 1187.0 1146.5 1186.0 1147.5 1179.0 1147.5 1173.0 1149.5 1168.0 1149.5 1162.0 1151.5 1157.0 1151.5 1156.0 1152.5 1151.0 1152.5 1150.0 1153.5 1144.0 1153.5 1143.0 1154.5 1135.0 1154.5 1134.0 1155.5 1118.0 1155.5 1116.0 1156.5 1108.0 1164.5 1099.0 1168.5 1092.0 1168.5 1091.0 1169.5 1085.0 1169.5 1073.0 1173.5 1065.0 1173.5 1064.0 1174.5 1055.0 1174.5 1049.0 1176.5 1044.0 1176.5 1043.0 1177.5 1037.0 1177.5 1036.0 1178.5 1028.0 1178.5 1027.0 1179.5 1019.0 1179.5 1018.0 1180.5 1010.0 1180.5 1009.0 1181.5 989.0 1181.5 988.0 1182.5 975.0 1182.5 974.0 1183.5 956.0 1183.5 955.0 1184.5 918.0 1184.5 917.0 1185.5
blood_tube 1304.0 1315.5 1286.0 1315.5 1280.0 1313.5 1276.5 1310.0 1272.5 1301.0 1270.5 1298.0 1269.5 1292.0 1268.5 1291.0 1266.5 1282.0 1264.5 1277.0 1264.5 1271.0 1263.5 1270.0 1263.5 1251.0 1268.0 1245.5 1269.0 1245.5 1281.0 1239.5 1289.0 1238.5 1293.0 1236.5 1296.0 1236.5 1300.0 1234.5 1304.0 1234.5 1313.0 1232.5 1317.0 1230.5 1323.0 1229.5 1326.0 1227.5 1335.0 1225.5 1339.0 1223.5 1362.0 1223.5 1363.0 1222.5 1368.0 1222.5 1373.0 1221.5 1378.0 1219.5 1383.0 1219.5 1388.0 1218.5 1392.0 1216.5 1395.0 1216.5 1402.0 1213.5 1409.0 1212.5 1413.0 1210.5 1416.0 1210.5 1420.0 1208.5 1429.0 1206.5 1432.0 1204.5 1439.0 1203.5 1443.0 1201.5 1450.0 1200.5 1457.0 1197.5 1459.0 1197.5 1465.0 1194.5 1468.0 1194.5 1473.0 1192.5 1480.0 1191.5 1483.0 1189.5 1486.0 1189.5 1492.0 1186.5 1500.0 1185.5 1509.0 1182.5 1513.0 1182.5 1526.0 1177.5 1529.0 1177.5 1535.0 1174.5 1538.0 1174.5 1544.0 1172.5 1547.0 1170.5 1553.0 1168.5 1557.0 1168.5 1563.0 1166.5 1568.0 1163.5 1571.0 1163.5 1577.0 1161.5 1580.0 1159.5 1587.0 1158.5 1597.0 1154.5 1606.0 1152.5 1609.0 1150.5 1615.0 1148.5 1626.0 1146.5 1630.0 1144.5 1642.0 1142.5 1646.0 1140.5 1656.0 1138.5 1667.0 1133.5 1669.0 1133.5 1678.0 1130.5 1686.0 1128.5 1690.0 1126.5 1695.0 1125.5 1702.0 1122.5 1708.0 1122.5 1713.0 1121.5 1718.0 1119.5 1722.0 1120.5 1730.0 1120.5 1735.5 1126.0 1738.5 1130.0 1739.5 1133.0 1739.5 1151.0 1737.5 1156.0 1736.5 1161.0 1734.5 1164.0 1726.0 1172.5 1723.0 1174.5 1716.0 1177.5 1713.0 1177.5 1708.0 1179.5 1703.0 1180.5 1698.0 1180.5 1697.0 1181.5 1691.0 1181.5 1682.0 1183.5 1678.0 1185.5 1675.0 1185.5 1670.0 1187.5 1667.0 1187.5 1664.0 1189.5 1660.0 1190.5 1650.5 1200.0 1650.5 1201.0 1644.0 1207.5 1637.0 1209.5 1631.0 1209.5 1630.0 1210.5 1624.0 1211.5 1616.0 1215.5 1610.0 1217.5 1603.0 1218.5 1599.0 1220.5 1588.0 1222.5 1584.0 1224.5 1572.0 1227.5 1569.0 1229.5 1563.0 1230.5 1559.0 1232.5 1549.0 1235.5 1546.0 1235.5 1541.0 1237.5 1538.0 1237.5 1535.0 1239.5 1529.0 1240.5 1524.0 1243.5 1516.0 1245.5 1513.0 1247.5 1508.0 1248.5 1504.0 1250.5 1500.0 1250.5 1492.0 1253.5 1489.0 1253.5 1482.0 1256.5 1478.0 1260.5 1473.0 1263.5 1469.0 1264.5 1464.0 1264.5 1458.0 1266.5 1455.0 1268.5 1452.0 1268.5 1449.0 1270.5 1445.0 1271.5 1417.0 1271.5 1411.0 1274.5 1409.0 1276.5 1403.0 1279.5 1401.0 1279.5 1387.0 1285.5 1384.0 1285.5 1375.5 1291.0 1373.5 1295.0 1369.0 1299.5 1363.0 1300.5 1346.0 1306.5 1341.0 1309.5 1337.0 1310.5 1330.0 1310.5 1329.0 1311.5 1324.0 1311.5 1323.0 1312.5 1318.0 1312.5 1312.0 1314.5 1305.0 1314.5 1304.0 1315.5
blood_tube 190.0 796.5 186.0 796.5 177.0 792.5 168.0 787.5 166.0 787.5 159.0 783.5 152.0 780.5 147.0 776.5 140.0 772.5 133.0 766.5 126.0 762.5 118.0 756.5 111.0 753.5 108.0 751.5 103.0 746.5 102.0 746.5 92.0 736.5 84.0 733.5 81.0 731.5 73.5 724.0 71.5 717.0 70.5 716.0 70.5 705.0 71.5 704.0 71.5 699.0 73.5 695.0 77.5 690.0 79.5 686.0 93.0 672.5 99.0 669.5 105.0 664.5 112.0 661.5 121.0 659.5 126.0 659.5 127.0 658.5 134.0 658.5 135.0 657.5 145.0 657.5 155.0 660.5 161.0 664.5 164.0 667.5 167.0 668.5 182.0 678.5 187.0 680.5 195.0 687.5 196.0 687.5 202.0 692.5 207.0 694.5 209.0 696.5 214.0 698.5 221.0 703.5 243.0 713.5 249.0 719.5 257.0 724.5 261.5 729.0 264.5 736.0 264.5 745.0 263.5 746.0 261.5 754.0 259.5 758.0 251.5 766.0 251.5 767.0 244.0 774.5 230.0 784.5 225.0 786.5 220.0 789.5 213.0 791.5 206.0 792.5 202.0 794.5 197.0 794.5 196.0 795.5 191.0 795.5 190.0 796.5
blood_tube 173.0 906.5 155.0 906.5 152.0 905.5 132.0 893.5 127.0 891.5 121.0 886.5 115.0 882.5 108.0 875.5 101.0 870.5 96.0 868.5 94.0 866.5 89.0 864.5 84.0 860.5 81.0 859.5 76.0 855.5 72.0 853.5 67.0 849.5 54.0 841.5 46.5 834.0 44.5 831.0 41.5 822.0 41.5 817.0 40.5 816.0 41.5 812.0 41.5 803.0 48.5 789.0 53.0 785.5 61.0 781.5 63.0 781.5 68.0 778.5 74.0 776.5 76.0 774.5 86.0 769.5 98.0 766.5 102.0 764.5 111.0 761.5 118.0 761.5 127.0 764.5 137.0 772.5 140.0 773.5 147.0 779.5 160.0 785.5 162.0 787.5 175.0 793.5 187.0 798.5 190.0 800.5 195.0 805.5 203.0 811.5 208.0 813.5 214.0 817.5 216.0 817.5 225.0 822.5 229.0 825.5 233.5 830.0 235.5 834.0 237.5 843.0 237.5 849.0 235.5 857.0 232.5 865.0 227.5 871.0 225.5 875.0 214.0 886.5 209.0 890.5 201.0 895.5 199.0 895.5 186.0 902.5 180.0 903.5 173.0 906.5
blood_tube 0.0 922.5 6.0 922.5 12.0 917.5 22.0 911.5 30.0 909.5 35.0 907.5 40.0 906.5 58.0 906.5 59.0 907.5 66.0 909.5 68.0 911.5 75.0 914.5 78.0 914.5 84.0 916.5 96.0 923.5 98.0 923.5 105.0 927.5 115.0 931.5 117.0 933.5 123.0 935.5 125.0 937.5 130.0 938.5 138.0 942.5 143.0 943.5 146.0 945.5 151.0 946.5 154.0 948.5 165.0 951.5 168.0 953.5 173.5 959.0 177.5 966.0 177.5 974.0 178.5 975.0 178.5 981.0 177.5 985.0 173.5 992.0 170.5 995.0 165.5 1004.0 160.0 1009.5 159.0 1009.5 154.5 1014.0 154.5 1015.0 148.0 1020.5 140.0 1024.5 134.0 1026.5 126.0 1030.5 119.0 1031.5 118.0 1032.5 106.0 1032.5 105.0 1031.5 100.0 1031.5 94.0 1029.5 90.0 1026.5 84.0 1023.5 76.0 1016.5 63.0 1009.5 61.0 1009.5 56.0 1006.5 54.0 1006.5 43.0 1000.5 38.0 999.5 35.0 997.5 30.0 996.5 27.0 994.5 22.0 993.5 17.0 990.5 9.5 983.0 5.0 979.5 0.0 979.5
 10ML_centrifuge_tube 2049.0 1635.5 2041.0 1633.5 2036.5 1629.0 2033.5 1622.0 2032.5 1617.0 2032.5 1609.0 2031.5 1608.0 2031.5 1584.0 2032.5 1583.0 2032.5 1549.0 2031.5 1548.0 2031.5 1518.0 2032.5 1517.0 2032.5 1505.0 2033.5 1504.0 2033.5 1499.0 2038.5 1490.0 2038.5 1478.0 2040.5 1470.0 2041.5 1469.0 2042.5 1462.0 2046.5 1449.0 2047.5 1444.0 2047.5 1439.0 2048.5 1438.0 2049.5 1429.0 2051.5 1425.0 2052.5 1418.0 2055.5 1411.0 2055.5 1408.0 2057.5 1404.0 2057.5 1400.0 2059.5 1395.0 2060.5 1387.0 2063.5 1380.0 2065.5 1372.0 2066.5 1363.0 2068.5 1359.0 2070.5 1348.0 2072.5 1343.0 2072.5 1340.0 2074.5 1335.0 2074.5 1332.0 2076.5 1328.0 2077.5 1323.0 2077.5 1316.0 2078.5 1315.0 2078.5 1307.0 2079.5 1302.0 2081.5 1297.0 2081.5 1279.0 2082.5 1278.0 2084.5 1266.0 2085.5 1265.0 2085.5 1260.0 2086.5 1259.0 2086.5 1254.0 2087.5 1253.0 2087.5 1248.0 2089.5 1242.0 2089.5 1238.0 2091.5 1233.0 2091.5 1228.0 2092.5 1227.0 2092.5 1221.0 2093.5 1220.0 2093.5 1212.0 2094.5 1211.0 2094.5 1198.0 2093.5 1197.0 2093.5 1181.0 2094.5 1179.0 2100.5 1173.0 2103.5 1166.0 2103.5 1149.0 2104.5 1145.0 2110.0 1140.5 2114.0 1140.5 2121.0 1138.5 2124.0 1136.5 2128.0 1136.5 2133.0 1134.5 2138.0 1134.5 2146.0 1138.5 2152.0 1139.5 2153.0 1140.5 2158.0 1140.5 2159.0 1141.5 2166.0 1141.5 2175.0 1144.5 2179.0 1144.5 2186.5 1149.0 2186.5 1151.0 2191.5 1160.0 2192.5 1163.0 2192.5 1175.0 2191.5 1179.0 2189.5 1182.0 2188.5 1187.0 2186.5 1190.0 2186.5 1207.0 2184.5 1211.0 2180.5 1215.0 2177.5 1223.0 2175.5 1226.0 2175.5 1229.0 2173.5 1233.0 2172.5 1240.0 2170.5 1244.0 2169.5 1251.0 2166.5 1256.0 2163.5 1265.0 2161.5 1275.0 2161.5 1280.0 2152.5 1295.0 2150.5 1299.0 2150.5 1306.0 2149.5 1307.0 2149.5 1332.0 2147.5 1342.0 2146.5 1343.0 2146.5 1348.0 2143.5 1356.0 2142.5 1361.0 2142.5 1367.0 2141.5 1368.0 2140.5 1376.0 2135.5 1386.0 2134.5 1390.0 2134.5 1398.0 2133.5 1399.0 2133.5 1404.0 2131.5 1409.0 2130.5 1414.0 2130.5 1419.0 2129.5 1420.0 2129.5 1425.0 2128.5 1426.0 2128.5 1431.0 2126.5 1435.0 2126.5 1438.0 2124.5 1441.0 2120.5 1453.0 2118.5 1465.0 2116.5 1469.0 2116.5 1472.0 2114.5 1477.0 2113.5 1482.0 2113.5 1488.0 2112.5 1489.0 2112.5 1497.0 2110.5 1507.0 2109.5 1508.0 2109.5 1521.0 2108.5 1525.0 2105.5 1530.0 2105.5 1532.0 2102.5 1537.0 2102.5 1539.0 2096.5 1551.0 2096.5 1553.0 2090.5 1565.0 2090.5 1567.0 2085.5 1579.0 2085.5 1581.0 2080.5 1590.0 2076.5 1600.0 2073.5 1605.0 2072.5 1610.0 2066.5 1621.0 2058.0 1631.5 2049.0 1635.5
 10ML_centrifuge_tube 1224.0 956.5 1221.0 956.5 1215.0 953.5 1209.0 953.5 1208.0 952.5 1201.0 951.5 1200.0 950.5 1190.0 948.5 1186.0 945.5 1181.5 941.0 1177.5 934.0 1176.5 929.0 1174.5 926.0 1174.5 923.0 1172.5 918.0 1172.5 915.0 1169.5 908.0 1168.5 904.0 1168.5 899.0 1167.5 898.0 1167.5 893.0 1166.5 892.0 1166.5 877.0 1170.5 869.0 1176.0 864.5 1184.0 862.5 1193.0 861.5 1198.0 859.5 1203.0 859.5 1204.0 858.5 1212.0 858.5 1217.0 859.5 1224.0 862.5 1231.0 862.5 1236.0 863.5 1237.0 862.5 1242.0 862.5 1251.0 859.5 1256.0 859.5 1257.0 858.5 1263.0 858.5 1264.0 857.5 1269.0 857.5 1274.0 856.5 1279.0 854.5 1286.0 853.5 1295.0 850.5 1309.0 848.5 1315.0 846.5 1320.0 846.5 1333.0 843.5 1340.0 840.5 1343.0 840.5 1348.0 838.5 1352.0 838.5 1357.0 836.5 1366.0 835.5 1371.0 833.5 1376.0 833.5 1377.0 832.5 1382.0 832.5 1393.0 829.5 1398.0 829.5 1404.0 827.5 1408.0 827.5 1413.0 825.5 1417.0 825.5 1422.0 823.5 1426.0 823.5 1431.0 821.5 1436.0 820.5 1441.0 820.5 1446.0 818.5 1450.0 818.5 1458.0 815.5 1461.0 815.5 1469.0 812.5 1489.0 808.5 1497.0 808.5 1498.0 807.5 1508.0 807.5 1509.0 806.5 1528.0 806.5 1529.0 805.5 1539.0 805.5 1544.0 807.5 1549.0 808.5 1554.0 808.5 1555.0 807.5 1561.0 807.5 1562.0 806.5 1599.0 806.5 1600.0 807.5 1608.0 807.5 1613.0 809.5 1617.5 815.0 1617.5 822.0 1615.5 826.0 1611.0 830.5 1598.0 835.5 1583.0 842.5 1578.0 845.5 1576.0 845.5 1562.0 852.5 1547.0 860.5 1545.0 860.5 1538.0 864.5 1532.0 866.5 1529.0 866.5 1526.0 868.5 1512.0 874.5 1503.0 875.5 1502.0 876.5 1482.0 881.5 1478.0 881.5 1469.0 884.5 1466.0 884.5 1459.0 887.5 1452.0 888.5 1445.0 891.5 1441.0 892.5 1436.0 892.5 1435.0 893.5 1430.0 893.5 1425.0 895.5 1419.0 895.5 1410.0 898.5 1404.0 898.5 1399.0 899.5 1392.0 902.5 1379.0 905.5 1373.0 905.5 1372.0 906.5 1367.0 906.5 1361.0 908.5 1347.0 910.5 1343.0 912.5 1325.0 916.5 1320.0 916.5 1309.0 919.5 1304.0 919.5 1303.0 920.5 1294.0 921.5 1293.0 922.5 1286.0 923.5 1285.0 924.5 1278.0 925.5 1271.0 927.5 1268.0 929.5 1257.0 932.5 1253.0 934.5 1248.5 939.0 1247.5 942.0 1241.0 948.5 1233.0 952.5 1228.0 953.5 1224.0 956.5
 10ML_centrifuge_tube 1819.0 939.5 1789.0 939.5 1788.5 935.0 1790.5 933.0 1793.5 926.0 1793.5 923.0 1795.5 919.0 1798.5 916.0 1800.5 912.0 1803.5 909.0 1804.5 906.0 1836.0 874.5 1842.0 870.5 1866.0 846.5 1872.0 845.5 1873.0 844.5 1878.0 844.5 1879.0 843.5 1884.0 844.5 1887.5 849.0 1888.5 853.0 1888.5 858.0 1889.5 861.0 1888.5 866.0 1885.5 873.0 1884.5 880.0 1880.5 890.0 1880.5 893.0 1878.5 897.0 1878.5 900.0 1876.5 904.0 1876.5 907.0 1873.5 914.0 1872.5 922.0 1869.5 930.0 1865.0 934.5 1857.0 936.5 1849.0 936.5 1848.0 937.5 1833.0 937.5 1832.0 938.5 1820.0 938.5 1819.0 939.5
 10ML_centrifuge_tube 2775.0 484.5 2752.0 484.5 2747.0 482.5 2744.0 482.5 2737.0 480.5 2730.0 476.5 2719.0 471.5 2711.5 464.0 2708.5 460.0 2706.5 455.0 2704.5 453.0 2702.5 447.0 2702.5 432.0 2705.5 420.0 2707.5 415.0 2710.5 410.0 2713.5 401.0 2715.5 398.0 2716.5 393.0 2721.5 384.0 2724.5 380.0 2732.0 372.5 2733.0 372.5 2739.0 367.5 2744.0 365.5 2749.0 362.5 2761.0 359.5 2766.0 359.5 2767.0 358.5 2785.0 358.5 2790.0 360.5 2794.0 360.5 2804.0 364.5 2810.0 367.5 2812.0 367.5 2821.0 373.5 2828.5 381.0 2830.5 386.0 2833.5 391.0 2835.5 397.0 2835.5 414.0 2830.5 424.0 2824.5 435.0 2823.5 440.0 2815.5 457.0 2812.5 462.0 2804.0 470.5 2800.0 473.5 2792.0 477.5 2790.0 479.5 2782.0 483.5 2776.0 483.5 2775.0 484.5
 10ML_centrifuge_tube 3597.0 332.5 3576.0 332.5 3575.0 331.5 3566.0 330.5 3561.0 328.5 3556.0 327.5 3551.0 325.5 3536.0 317.5 3533.0 316.5 3528.0 312.5 3518.5 303.0 3515.5 298.0 3513.5 293.0 3513.5 276.0 3519.5 264.0 3524.5 259.0 3524.5 258.0 3529.5 253.0 3529.5 252.0 3534.5 247.0 3534.5 246.0 3543.5 237.0 3547.5 231.0 3552.5 226.0 3552.5 225.0 3559.0 218.5 3568.0 212.5 3570.0 212.5 3575.0 209.5 3587.0 206.5 3592.0 206.5 3593.0 205.5 3609.0 205.5 3610.0 206.5 3615.0 206.5 3616.0 207.5 3621.0 207.5 3622.0 208.5 3629.0 209.5 3638.0 212.5 3645.0 216.5 3654.0 220.5 3658.0 223.5 3670.5 236.0 3674.5 245.0 3674.5 260.0 3673.5 264.0 3670.5 268.0 3669.5 271.0 3666.5 274.0 3663.5 279.0 3659.5 283.0 3656.5 288.0 3652.5 292.0 3649.5 297.0 3643.5 303.0 3643.5 304.0 3627.0 320.5 3623.0 323.5 3615.0 327.5 3603.0 331.5 3598.0 331.5 3597.0 332.5
 10ML_centrifuge_tube 2856.0 674.5 2842.0 674.5 2833.0 671.5 2830.0 669.5 2817.0 663.5 2814.0 662.5 2803.0 654.5 2792.5 644.0 2789.5 639.0 2789.5 634.0 2795.0 629.5 2801.0 629.5 2811.0 631.5 2816.0 633.5 2821.0 634.5 2824.0 636.5 2829.0 637.5 2838.0 642.5 2843.0 647.5 2848.0 651.5 2852.0 653.5 2859.5 661.0 2862.5 669.0 2859.0 673.5 2856.0 674.5
 10ML_sorting_tube_rack 203.0 1014.5 184.0 1014.5 176.0 1012.5 173.5 1010.0 176.5 1001.0 176.5 998.0 179.5 990.0 179.5 985.0 180.5 984.0 179.5 980.0 179.5 972.0 178.5 971.0 178.5 965.0 175.5 958.0 171.0 952.5 163.0 947.5 154.0 945.5 149.0 943.5 138.0 941.5 129.0 936.5 117.0 931.5 114.0 929.5 107.0 926.5 104.0 924.5 97.0 921.5 84.0 914.5 79.0 913.5 76.0 911.5 72.0 910.5 67.5 906.0 67.5 894.0 68.5 889.0 71.5 881.0 71.5 876.0 72.5 875.0 72.5 870.0 73.5 867.0 78.0 863.5 83.0 863.5 91.0 867.5 98.0 872.5 104.0 875.5 115.0 886.5 116.0 886.5 121.0 891.5 136.0 898.5 141.0 901.5 147.0 902.5 153.0 904.5 158.0 904.5 159.0 905.5 173.0 905.5 178.0 904.5 183.0 902.5 186.0 902.5 193.0 898.5 204.0 894.5 213.0 888.5 225.5 876.0 225.5 875.0 230.5 869.0 234.5 860.0 235.5 853.0 237.5 844.0 236.5 843.0 236.5 837.0 235.5 836.0 234.5 830.0 230.5 825.0 219.0 815.5 210.0 809.5 205.0 804.5 203.5 804.0 204.5 800.0 209.0 796.5 220.0 792.5 225.0 789.5 230.0 787.5 234.0 784.5 241.0 777.5 246.0 774.5 257.5 763.0 260.5 759.0 262.5 754.0 263.5 749.0 265.5 744.0 265.5 737.0 264.5 736.0 263.5 729.0 258.0 723.5 253.0 720.5 246.0 714.5 235.0 707.5 228.0 704.5 226.0 702.5 218.0 698.5 212.0 694.5 206.5 688.0 204.5 684.0 205.5 680.0 209.0 677.5 213.0 676.5 223.0 676.5 224.0 675.5 232.0 675.5 237.0 673.5 242.0 672.5 248.0 672.5 249.0 671.5 256.0 671.5 257.0 670.5 264.0 670.5 265.0 669.5 274.0 669.5 275.0 668.5 282.0 668.5 283.0 667.5 289.0 667.5 290.0 666.5 297.0 666.5 298.0 665.5 304.0 665.5 305.0 664.5 311.0 664.5 312.0 663.5 318.0 663.5 319.0 662.5 324.0 662.5 325.0 661.5 330.0 661.5 331.0 660.5 336.0 660.5 337.0 659.5 344.0 659.5 345.0 658.5 352.0 658.5 353.0 657.5 360.0 657.5 361.0 656.5 367.0 656.5 368.0 655.5 374.0 655.5 375.0 654.5 381.0 654.5 382.0 653.5 390.0 653.5 391.0 652.5 400.0 652.5 401.0 651.5 407.0 651.5 408.0 650.5 414.0 650.5 415.0 649.5 421.0 649.5 422.0 648.5 428.0 648.5 429.0 647.5 437.0 647.5 438.0 646.5 445.0 646.5 446.0 645.5 452.0 645.5 453.0 644.5 459.0 644.5 460.0 643.5 466.0 643.5 467.0 642.5 474.0 642.5 475.0 641.5 482.0 641.5 483.0 640.5 490.0 640.5 491.0 639.5 497.0 639.5 498.0 638.5 505.0 638.5 506.0 637.5 513.0 637.5 514.0 636.5 520.0 636.5 526.0 634.5 532.0 634.5 533.0 633.5 540.0 633.5 541.0 632.5 547.0 632.5 548.0 631.5 555.0 631.5 556.0 630.5 562.0 630.5 563.0 629.5 569.0 629.5 570.0 628.5 576.0 628.5 577.0 627.5 584.0 627.5 585.0 626.5 590.0 626.5 591.0 625.5 597.0 625.5 598.0 624.5 605.0 624.5 606.0 623.5 612.0 623.5 613.0 622.5 618.0 622.5 619.0 621.5 625.0 621.5 626.0 620.5 631.0 620.5 632.0 619.5 639.0 619.5 640.0 618.5 646.0 618.5 652.0 616.5 658.0 616.5 659.0 615.5 665.0 615.5 666.0 614.5 672.0 614.5 673.0 613.5 679.0 613.5 680.0 612.5 687.0 612.5 688.0 611.5 694.0 611.5 695.0 610.5 701.0 610.5 702.0 609.5 710.0 609.5 711.0 608.5 717.0 608.5 718.0 607.5 726.0 607.5 727.0 606.5 732.0 606.5 738.0 604.5 743.0 604.5 744.0 603.5 750.0 603.5 751.0 602.5 757.0 602.5 758.0 601.5 763.0 601.5 764.0 600.5 769.0 600.5 770.0 599.5 775.0 599.5 776.0 598.5 783.0 598.5 784.0 597.5 792.0 597.5 793.0 596.5 809.0 596.5 810.0 597.5 815.0 597.5 819.0 598.5 824.0 601.5 831.5 609.0 833.5 612.0 838.5 622.0 838.5 624.0 843.5 633.0 852.5 642.0 852.5 643.0 858.5 649.0 858.5 650.0 865.5 657.0 865.5 658.0 885.0 677.5 889.0 680.5 897.0 684.5 904.0 689.5 910.5 696.0 915.5 704.0 925.5 714.0 926.5 717.0 933.0 723.5 937.0 725.5 952.5 741.0 956.5 748.0 973.5 765.0 977.5 770.0 980.5 776.0 990.0 785.5 991.0 785.5 1002.5 797.0 1002.5 798.0 1010.0 806.5 1015.0 809.5 1017.0 809.5 1025.0 813.5 1032.0 815.5 1035.5 819.0 1037.5 824.0 1043.5 833.0 1044.5 838.0 1044.5 871.0 1043.5 872.0 1043.5 882.0 1042.5 883.0 1042.5 889.0 1041.5 890.0 1041.5 901.0 1042.5 906.0 1039.5 917.0 1039.5 926.0 1038.5 927.0 1038.5 935.0 1037.5 938.0 1034.0 941.5 1030.0 942.5 1025.0 942.5 1020.0 938.5 1003.0 930.5 992.0 927.5 989.0 925.5 984.0 924.5 980.0 922.5 969.0 920.5 965.0 918.5 953.0 916.5 944.0 913.5 940.0 913.5 927.0 909.5 922.0 909.5 918.0 907.5 911.0 905.5 908.5 902.0 902.0 896.5 890.0 893.5 885.0 890.5 880.0 886.5 866.0 880.5 860.0 876.5 855.0 875.5 849.0 872.5 838.0 872.5 837.0 873.5 829.0 873.5 828.0 874.5 822.0 874.5 821.0 875.5 815.0 875.5 810.0 877.5 802.0 878.5 798.0 880.5 795.0 880.5 791.0 882.5 788.0 882.5 785.0 884.5 774.0 888.5 764.0 888.5 763.0 889.5 758.0 889.5 757.0 888.5 742.0 888.5 741.0 887.5 731.0 887.5 730.0 886.5 721.0 886.5 720.0 885.5 713.0 885.5 712.0 884.5 707.0 884.5 706.0 883.5 701.0 883.5 700.0 882.5 695.0 882.5 694.0 881.5 686.0 881.5 685.0 880.5 676.0 880.5 675.0 879.5 664.0 879.5 663.0 878.5 651.0 878.5 650.0 877.5 639.0 877.5 638.0 876.5 588.0 876.5 587.0 877.5 577.0 877.5 576.0 878.5 571.0 878.5 570.0 879.5 564.0 879.5 559.0 880.5 554.0 882.5 546.0 884.5 543.0 884.5 536.0 886.5 533.0 888.5 517.0 892.5 514.0 894.5 511.0 894.5 501.0 898.5 490.0 900.5 484.0 905.5 476.0 909.5 471.0 910.5 458.0 916.5 453.0 917.5 450.0 919.5 440.0 924.5 433.0 926.5 428.0 929.5 423.0 931.5 418.0 932.5 411.0 936.5 403.0 938.5 397.0 941.5 392.0 942.5 382.0 945.5 374.0 950.5 371.0 950.5 367.0 952.5 364.0 952.5 360.0 954.5 357.0 954.5 345.0 958.5 334.0 963.5 332.0 965.5 327.0 966.5 324.0 968.5 316.0 970.5 312.0 972.5 307.0 973.5 296.0 978.5 294.0 980.5 288.0 982.5 285.0 982.5 282.0 984.5 279.0 984.5 274.0 986.5 269.0 989.5 264.0 991.5 259.0 992.5 252.0 996.5 250.0 996.5 243.0 1000.5 238.0 1001.5 235.0 1003.5 224.0 1006.5 221.0 1008.5 212.0 1010.5 206.0 1012.5 203.0 1014.5
 10ML_sorting_tube_rack 69.0 758.5 66.5 749.0 66.5 739.0 69.0 734.5 76.5 740.0 77.5 743.0 76.5 746.0 72.5 751.0 69.0 758.5
 10ML_sorting_tube_rack 926.5 840.0 933.0 839.5 934.0 838.5 940.0 837.5 945.0 834.5 948.5 829.0 953.5 819.0 951.5 815.0 948.5 812.0 945.5 806.0 944.5 802.0 942.5 799.0 937.0 793.5 936.0 793.5 931.0 788.5 930.0 788.5 924.0 782.5 919.0 781.5 915.0 783.5 910.5 788.0 908.5 793.0 908.5 799.0 907.5 800.0 906.5 808.0 904.5 812.0 904.5 832.0 905.5 835.0 909.0 840.5 926.0 840.5 926.5 840.0
 10ML_sorting_tube_rack 24.0 1078.5 18.0 1078.5 15.0 1077.5 10.5 1072.0 11.5 1067.0 11.5 1061.0 12.5 1060.0 15.5 1047.0 17.5 1044.0 17.5 1041.0 21.5 1032.0 23.5 1026.0 25.5 1015.0 28.5 1009.0 31.0 1006.5 35.0 1004.5 53.0 1008.5 63.0 1014.5 65.0 1014.5 77.0 1021.5 82.0 1025.5 88.0 1028.5 93.5 1034.0 96.5 1040.0 92.0 1045.5 66.0 1058.5 57.0 1063.5 52.0 1065.5 47.0 1066.5 42.0 1069.5 38.0 1070.5 31.0 1075.5 29.0 1075.5 24.0 1078.5
 sorting_tube_rack_base 1093.0 987.5 1087.0 987.5 1080.0 984.5 1072.0 983.5 1066.0 980.5 1064.5 978.0 1058.5 971.0 1056.5 966.0 1053.5 962.0 1041.5 950.0 1036.5 939.0 1036.5 934.0 1038.5 929.0 1038.5 922.0 1039.5 921.0 1039.5 897.0 1040.5 896.0 1040.5 880.0 1041.5 879.0 1041.5 839.0 1036.5 825.0 1032.0 819.5 1030.5 819.0 1030.5 815.0 1033.0 812.5 1040.0 809.5 1044.0 811.5 1051.0 817.5 1055.0 818.5 1055.5 820.0 1068.0 832.5 1069.0 832.5 1074.5 839.0 1074.5 840.0 1081.5 847.0 1081.5 848.0 1087.5 854.0 1087.5 855.0 1096.5 864.0 1100.5 870.0 1103.5 877.0 1103.5 882.0 1104.5 883.0 1104.5 936.0 1103.5 937.0 1103.5 964.0 1102.5 965.0 1102.5 976.0 1101.5 977.0 1101.5 982.0 1099.0 986.5 1094.0 986.5 1093.0 987.5
 sorting_tube_rack_base 444.0 2075.5 435.0 2075.5 429.0 2073.5 426.5 2068.0 426.5 2063.0 431.0 2057.5 435.5 2054.0 435.5 2053.0 441.0 2046.5 448.0 2042.5 451.5 2038.0 454.5 2030.0 456.0 2029.5 460.5 2025.0 462.5 2022.0 465.5 2014.0 475.5 2002.0 479.5 1995.0 486.5 1987.0 496.5 1969.0 502.5 1956.0 506.5 1951.0 511.5 1940.0 516.5 1933.0 520.5 1923.0 528.5 1909.0 538.5 1899.0 542.0 1894.5 543.0 1894.5 557.5 1880.0 557.5 1879.0 564.5 1872.0 566.5 1869.0 571.5 1858.0 576.5 1851.0 586.5 1841.0 586.5 1840.0 597.0 1829.5 606.0 1824.5 613.0 1824.5 614.0 1825.5 620.0 1825.5 628.0 1827.5 636.0 1831.5 642.0 1832.5 647.0 1834.5 652.0 1834.5 663.0 1837.5 676.0 1837.5 677.0 1836.5 683.0 1836.5 687.0 1834.5 695.0 1833.5 705.0 1829.5 714.0 1827.5 720.0 1825.5 725.0 1822.5 727.0 1822.5 736.0 1817.5 743.0 1815.5 748.0 1812.5 750.0 1812.5 756.0 1809.5 761.0 1805.5 766.0 1802.5 774.0 1799.5 787.0 1792.5 792.0 1788.5 795.0 1787.5 809.0 1778.5 816.0 1771.5 821.0 1768.5 831.0 1761.5 836.0 1757.5 854.5 1739.0 854.5 1738.0 861.5 1731.0 861.5 1730.0 867.5 1724.0 871.5 1718.0 874.5 1711.0 881.5 1703.0 882.5 1700.0 886.5 1693.0 887.5 1688.0 889.5 1683.0 895.5 1674.0 895.5 1672.0 901.5 1656.0 906.0 1650.5 911.0 1648.5 916.0 1647.5 922.0 1647.5 923.0 1646.5 930.0 1646.5 931.0 1645.5 936.0 1645.5 945.0 1642.5 951.0 1638.5 954.0 1637.5 958.0 1634.5 964.5 1628.0 968.5 1621.0 969.5 1618.0 978.5 1601.0 980.5 1594.0 983.5 1589.0 986.5 1582.0 988.5 1579.0 988.5 1575.0 990.5 1570.0 990.5 1547.0 991.5 1546.0 991.5 1539.0 992.5 1534.0 995.5 1527.0 996.5 1522.0 999.5 1517.0 1001.5 1506.0 1002.5 1505.0 1002.5 1499.0 1003.5 1498.0 1003.5 1491.0 1004.5 1490.0 1004.5 1482.0 1005.5 1481.0 1005.5 1456.0 1004.5 1455.0 1004.5 1450.0 1003.5 1449.0 1003.5 1442.0 1002.5 1441.0 1002.5 1436.0 1001.5 1431.0 1005.0 1426.5 1009.0 1424.5 1013.0 1424.5 1019.0 1428.5 1024.0 1430.5 1029.0 1431.5 1034.0 1433.5 1039.0 1436.5 1043.0 1437.5 1045.0 1439.5 1051.0 1442.5 1061.0 1450.5 1064.0 1451.5 1073.0 1458.5 1077.5 1463.0 1079.5 1466.0 1082.5 1475.0 1082.5 1550.0 1081.5 1551.0 1081.5 1570.0 1080.5 1571.0 1080.5 1601.0 1079.5 1602.0 1079.5 1616.0 1078.5 1617.0 1078.5 1651.0 1077.5 1652.0 1077.5 1671.0 1076.5 1672.0 1076.5 1684.0 1075.5 1685.0 1075.5 1707.0 1074.5 1708.0 1074.5 1723.0 1073.5 1724.0 1073.5 1734.0 1072.5 1735.0 1072.5 1744.0 1071.5 1745.0 1071.5 1768.0 1070.5 1769.0 1070.5 1783.0 1069.5 1784.0 1069.5 1809.0 1068.5 1810.0 1068.5 1829.0 1067.5 1830.0 1067.5 1846.0 1066.5 1847.0 1066.5 1883.0 1065.5 1884.0 1065.5 1893.0 1064.5 1894.0 1064.5 1912.0 1063.5 1913.0 1063.5 1919.0 1062.5 1920.0 1060.5 1929.0 1058.5 1932.0 1055.5 1939.0 1050.0 1945.5 1049.0 1945.5 1039.0 1955.5 1034.0 1957.5 1023.0 1960.5 1017.0 1960.5 1016.0 1961.5 1009.0 1961.5 1008.0 1962.5 998.0 1962.5 997.0 1963.5 983.0 1963.5 982.0 1964.5 972.0 1964.5 971.0 1965.5 964.0 1966.5 955.0 1971.5 950.0 1973.5 944.0 1973.5 943.0 1974.5 938.0 1974.5 937.0 1975.5 930.0 1976.5 926.0 1978.5 921.0 1979.5 917.0 1978.5 904.0 1978.5 894.0 1982.5 890.0 1983.5 886.0 1982.5 878.0 1982.5 869.0 1985.5 867.0 1987.5 860.0 1990.5 856.0 1989.5 848.0 1989.5 845.0 1990.5 834.0 2001.5 821.0 2004.5 815.0 2004.5 814.0 2005.5 808.0 2005.5 807.0 2006.5 800.0 2006.5 799.0 2007.5 789.0 2007.5 788.0 2008.5 780.0 2008.5 775.0 2009.5 770.0 2011.5 765.0 2011.5 764.0 2012.5 759.0 2012.5 758.0 2013.5 741.0 2013.5 740.0 2014.5 735.0 2014.5 734.0 2015.5 729.0 2015.5 722.0 2017.5 711.0 2024.5 701.0 2027.5 696.0 2028.5 687.0 2028.5 686.0 2029.5 681.0 2029.5 676.0 2031.5 671.0 2031.5 660.0 2035.5 654.0 2038.5 649.0 2038.5 648.0 2039.5 634.0 2039.5 630.0 2040.5 621.0 2044.5 611.0 2044.5 610.0 2045.5 603.0 2045.5 598.0 2046.5 590.0 2049.5 573.0 2049.5 572.0 2050.5 567.0 2050.5 561.0 2052.5 553.0 2052.5 552.0 2053.5 547.0 2053.5 541.0 2056.5 536.0 2060.5 533.0 2061.5 526.0 2061.5 525.0 2062.5 517.0 2062.5 512.0 2064.5 506.0 2064.5 505.0 2065.5 500.0 2065.5 494.0 2067.5 489.0 2067.5 488.0 2068.5 482.0 2068.5 481.0 2069.5 476.0 2069.5 470.0 2071.5 461.0 2071.5 460.0 2072.5 454.0 2072.5 449.0 2073.5 444.0 2075.5
 sorting_tube_rack_base 772.0 1497.5 757.0 1497.5 750.0 1495.5 747.0 1493.5 753.0 1492.5 760.0 1489.5 766.0 1489.5 767.0 1488.5 774.0 1488.5 775.5 1490.0 776.5 1494.0 772.0 1497.5
 sorting_tube_rack_base 684.0 1552.5 680.0 1551.5 678.5 1550.0 682.0 1547.5 691.0 1547.5 692.0 1546.5 702.0 1546.5 703.0 1547.5 710.0 1547.5 710.0 1550.5 699.0 1550.5 698.0 1551.5 685.0 1551.5 684.0 1552.5
 sorting_tube_rack_base 967.5 1840.0 969.5 1839.0 970.5 1836.0 970.5 1828.0 971.5 1823.0 969.5 1817.0 965.0 1814.5 962.5 1817.0 960.5 1821.0 960.5 1827.0 961.5 1828.0 961.5 1833.0 962.5 1837.0 965.0 1840.5 967.5 1840.0
 sorting_tube_rack_base 680.0 1540.5 669.0 1540.5 664.5 1536.0 663.5 1528.0 662.5 1527.0 662.5 1513.0 663.5 1509.0 669.0 1504.5 674.0 1503.5 678.0 1501.5 683.0 1500.5 688.0 1498.5 692.0 1498.5 697.0 1496.5 706.0 1495.5 715.0 1492.5 719.0 1492.5 728.0 1489.5 732.0 1489.5 746.0 1485.5 750.0 1485.5 755.0 1483.5 763.0 1482.5 767.0 1480.5 770.0 1480.5 773.0 1478.5 786.0 1474.5 791.0 1473.5 794.0 1471.5 799.0 1470.5 807.0 1467.5 812.0 1467.5 813.0 1466.5 819.0 1466.5 825.0 1469.5 830.5 1475.0 831.5 1479.0 831.5 1493.0 830.5 1494.0 828.5 1508.0 825.5 1515.0 820.0 1520.5 814.0 1521.5 813.0 1522.5 807.0 1522.5 806.0 1523.5 800.0 1523.5 799.0 1524.5 794.0 1524.5 793.0 1525.5 787.0 1525.5 786.0 1526.5 779.0 1526.5 778.0 1527.5 772.0 1527.5 771.0 1528.5 765.0 1528.5 764.0 1529.5 758.0 1529.5 757.0 1530.5 750.0 1530.5 749.0 1531.5 742.0 1531.5 741.0 1532.5 735.0 1532.5 734.0 1533.5 728.0 1533.5 727.0 1534.5 720.0 1534.5 719.0 1535.5 713.0 1535.5 712.0 1536.5 704.0 1536.5 703.0 1537.5 696.0 1537.5 695.0 1538.5 690.0 1538.5 689.0 1539.5 681.0 1539.5 680.0 1540.5
dispensing_tube_rack 3839.0 1371.5 3832.0 1371.5 3821.0 1374.5 3813.0 1374.5 3812.0 1375.5 3804.0 1375.5 3803.0 1376.5 3798.0 1376.5 3797.0 1377.5 3792.0 1377.5 3786.0 1379.5 3777.0 1379.5 3776.0 1380.5 3768.0 1380.5 3767.0 1381.5 3759.0 1382.5 3752.0 1385.5 3748.0 1385.5 3738.0 1387.5 3733.0 1389.5 3727.0 1389.5 3726.0 1390.5 3719.0 1390.5 3718.0 1391.5 3713.0 1391.5 3712.0 1392.5 3706.0 1392.5 3705.0 1393.5 3698.0 1393.5 3697.0 1394.5 3688.0 1394.5 3687.0 1395.5 3682.0 1395.5 3677.0 1397.5 3670.0 1398.5 3666.0 1400.5 3661.0 1400.5 3651.0 1402.5 3646.0 1404.5 3641.0 1404.5 3640.0 1405.5 3634.0 1405.5 3628.0 1407.5 3623.0 1407.5 3622.0 1408.5 3614.0 1408.5 3613.0 1409.5 3605.0 1409.5 3604.0 1410.5 3592.0 1412.5 3585.0 1415.5 3580.0 1415.5 3579.0 1416.5 3574.0 1416.5 3565.0 1419.5 3558.0 1419.5 3557.0 1420.5 3549.0 1420.5 3548.0 1421.5 3529.0 1421.5 3518.0 1425.5 3512.0 1428.5 3510.0 1430.5 3505.0 1430.5 3504.0 1431.5 3496.0 1431.5 3495.0 1432.5 3488.0 1432.5 3483.0 1434.5 3479.0 1434.5 3474.0 1436.5 3469.0 1436.5 3468.0 1437.5 3462.0 1437.5 3461.0 1438.5 3455.0 1438.5 3454.0 1439.5 3445.0 1440.5 3444.0 1441.5 3439.0 1441.5 3424.0 1444.5 3423.0 1445.5 3417.0 1445.5 3416.0 1446.5 3411.0 1446.5 3408.0 1445.5 3400.0 1439.5 3399.0 1439.5 3393.5 1434.0 3389.5 1426.0 3389.5 1424.0 3385.5 1414.0 3380.5 1406.0 3376.5 1398.0 3372.5 1388.0 3369.0 1384.5 3364.0 1383.5 3359.0 1385.5 3354.0 1385.5 3336.0 1394.5 3331.0 1395.5 3325.0 1398.5 3323.0 1400.5 3319.0 1401.5 3314.0 1404.5 3309.0 1405.5 3304.0 1408.5 3300.0 1409.5 3293.0 1414.5 3286.0 1417.5 3270.0 1425.5 3265.0 1427.5 3263.0 1429.5 3256.0 1431.5 3253.0 1433.5 3247.0 1435.5 3236.0 1440.5 3234.0 1442.5 3223.0 1447.5 3220.0 1449.5 3213.0 1451.5 3207.0 1454.5 3202.0 1458.5 3191.0 1462.5 3181.0 1467.5 3173.0 1473.5 3164.0 1477.5 3152.0 1484.5 3150.0 1484.5 3142.0 1490.5 3138.0 1491.5 3132.0 1491.5 3127.0 1493.5 3111.0 1498.5 3105.0 1498.5 3104.0 1499.5 3099.0 1499.5 3098.0 1500.5 3093.0 1500.5 3088.0 1502.5 3076.0 1504.5 3075.0 1505.5 3069.0 1505.5 3064.0 1506.5 3060.0 1508.5 3057.0 1508.5 3052.0 1510.5 3047.0 1511.5 3042.0 1511.5 3041.0 1512.5 3035.0 1512.5 3034.0 1513.5 3027.0 1513.5 3026.0 1514.5 3020.0 1514.5 3019.0 1515.5 3011.0 1515.5 3010.0 1516.5 3005.0 1516.5 3000.0 1518.5 2997.0 1518.5 2993.0 1520.5 2988.0 1521.5 2983.0 1521.5 2982.0 1522.5 2977.0 1522.5 2976.0 1523.5 2971.0 1523.5 2970.0 1524.5 2964.0 1524.5 2963.0 1525.5 2954.0 1525.5 2953.0 1526.5 2946.0 1526.5 2938.0 1528.5 2933.0 1530.5 2927.0 1530.5 2926.0 1531.5 2918.0 1531.5 2917.0 1532.5 2911.0 1532.5 2910.0 1533.5 2905.0 1533.5 2899.0 1535.5 2894.0 1535.5 2893.0 1536.5 2888.0 1536.5 2887.0 1537.5 2878.0 1538.5 2867.0 1541.5 2861.0 1541.5 2860.0 1542.5 2854.0 1542.5 2853.0 1543.5 2847.0 1543.5 2846.0 1544.5 2841.0 1544.5 2840.0 1545.5 2834.0 1545.5 2833.0 1546.5 2827.0 1546.5 2818.0 1548.5 2815.0 1550.5 2811.0 1551.5 2804.0 1551.5 2803.0 1552.5 2797.0 1552.5 2796.0 1553.5 2790.0 1553.5 2789.0 1554.5 2782.0 1554.5 2781.0 1555.5 2776.0 1555.5 2775.0 1556.5 2769.0 1556.5 2768.0 1557.5 2759.0 1557.5 2758.0 1556.5 2748.0 1556.5 2747.0 1557.5 2741.0 1557.5 2727.0 1561.5 2720.0 1565.5 2712.0 1567.5 2708.0 1567.5 2703.0 1569.5 2698.0 1569.5 2693.0 1571.5 2688.0 1571.5 2687.0 1572.5 2681.0 1572.5 2680.0 1573.5 2673.0 1573.5 2672.0 1574.5 2666.0 1574.5 2665.0 1575.5 2658.0 1575.5 2657.0 1576.5 2651.0 1576.5 2650.0 1577.5 2645.0 1577.5 2640.0 1578.5 2635.0 1580.5 2630.0 1580.5 2629.0 1581.5 2624.0 1581.5 2623.0 1582.5 2618.0 1582.5 2612.0 1584.5 2606.0 1584.5 2605.0 1585.5 2598.0 1585.5 2597.0 1586.5 2590.0 1586.5 2589.0 1587.5 2584.0 1587.5 2583.0 1588.5 2576.0 1589.5 2570.0 1591.5 2560.0 1591.5 2559.0 1592.5 2553.0 1592.5 2548.0 1593.5 2543.0 1595.5 2538.0 1595.5 2537.0 1596.5 2532.0 1596.5 2531.0 1597.5 2526.0 1597.5 2521.0 1599.5 2516.0 1599.5 2510.0 1601.5 2503.0 1601.5 2502.0 1602.5 2492.0 1602.5 2491.0 1603.5 2482.0 1603.5 2481.0 1604.5 2476.0 1604.5 2470.0 1606.5 2461.0 1607.5 2457.0 1608.5 2454.0 1610.5 2450.0 1611.5 2445.0 1611.5 2444.0 1612.5 2439.0 1612.5 2434.0 1614.5 2429.0 1615.5 2424.0 1615.5 2423.0 1616.5 2416.0 1616.5 2415.0 1617.5 2407.0 1617.5 2406.0 1618.5 2397.0 1618.5 2396.0 1619.5 2391.0 1619.5 2386.0 1617.5 2378.0 1615.5 2374.5 1612.0 2372.5 1608.0 2368.5 1595.0 2367.5 1587.0 2365.5 1583.0 2365.5 1580.0 2363.5 1576.0 2358.5 1560.0 2358.5 1557.0 2356.5 1553.0 2355.5 1546.0 2354.5 1545.0 2352.5 1537.0 2352.5 1534.0 2350.5 1527.0 2348.5 1524.0 2348.5 1521.0 2346.5 1516.0 2346.5 1513.0 2344.5 1509.0 2344.5 1505.0 2340.5 1495.0 2340.5 1492.0 2338.5 1487.0 2338.5 1483.0 2336.5 1477.0 2336.5 1473.0 2331.5 1460.0 2329.5 1451.0 2327.5 1446.0 2325.5 1434.0 2323.5 1429.0 2323.5 1425.0 2321.5 1421.0 2321.5 1418.0 2319.5 1415.0 2317.5 1407.0 2315.5 1404.0 2313.5 1393.0 2311.5 1388.0 2310.5 1381.0 2308.5 1376.0 2308.5 1373.0 2306.5 1368.0 2306.5 1364.0 2303.5 1356.0 2301.5 1348.0 2298.5 1341.0 2297.5 1334.0 2295.5 1330.0 2295.5 1327.0 2293.5 1323.0 2293.5 1320.0 2289.5 1310.0 2286.5 1295.0 2284.5 1291.0 2284.5 1288.0 2282.5 1283.0 2281.5 1278.0 2281.5 1273.0 2280.5 1272.0 2280.5 1266.0 2279.5 1265.0 2279.5 1256.0 2278.5 1252.0 2275.5 1245.0 2275.5 1242.0 2273.5 1238.0 2272.5 1231.0 2268.5 1221.0 2267.5 1214.0 2265.5 1209.0 2265.5 1206.0 2263.5 1202.0 2261.5 1193.0 2259.5 1190.0 2258.5 1185.0 2254.5 1176.0 2253.5 1169.0 2251.5 1165.0 2249.5 1156.0 2249.5 1151.0 2248.5 1146.0 2244.5 1137.0 2242.5 1134.0 2241.5 1129.0 2239.5 1125.0 2238.5 1116.0 2234.5 1099.0 2233.5 1098.0 2233.5 1093.0 2232.5 1089.0 2228.5 1083.0 2224.5 1073.0 2223.5 1069.0 2223.5 1064.0 2220.5 1050.0 2217.5 1043.0 2215.5 1034.0 2213.5 1030.0 2210.5 1019.0 2207.5 1011.0 2206.5 1002.0 2204.5 997.0 2204.5 993.0 2201.5 985.0 2201.5 982.0 2199.5 978.0 2197.5 967.0 2194.5 960.0 2192.5 952.0 2192.5 948.0 2190.5 943.0 2189.5 934.0 2186.5 926.0 2186.5 923.0 2184.5 919.0 2182.5 908.0 2177.5 897.0 2177.5 894.0 2175.5 889.0 2175.5 885.0 2173.5 880.0 2173.5 876.0 2168.5 864.0 2168.5 861.0 2166.5 853.0 2164.5 848.0 2164.5 844.0 2160.5 834.0 2160.5 831.0 2158.5 826.0 2158.5 822.0 2156.5 817.0 2156.5 814.0 2154.5 810.0 2153.5 805.0 2151.5 801.0 2151.5 798.0 2149.5 794.0 2149.5 791.0 2147.5 786.0 2147.5 780.0 2145.5 774.0 2145.5 769.0 2144.5 768.0 2144.5 763.0 2142.5 757.0 2140.5 747.0 2138.5 744.0 2138.5 735.0 2137.5 734.0 2137.5 727.0 2138.5 724.0 2145.0 717.5 2149.0 714.5 2154.0 712.5 2159.0 712.5 2164.0 711.5 2169.0 709.5 2174.0 709.5 2180.0 707.5 2186.0 707.5 2187.0 706.5 2192.0 706.5 2193.0 705.5 2206.0 705.5 2207.0 706.5 2212.0 706.5 2216.5 703.0 2221.5 695.0 2222.5 689.0 2223.5 688.0 2223.5 681.0 2224.5 680.0 2224.5 669.0 2225.5 668.0 2225.5 654.0 2224.5 653.0 2224.5 646.0 2223.5 645.0 2223.5 640.0 2221.5 633.0 2216.5 622.0 2215.5 617.0 2215.5 611.0 2214.5 610.0 2214.5 605.0 2212.5 601.0 2212.5 598.0 2210.5 594.0 2210.5 574.0 2211.5 573.0 2211.5 568.0 2212.5 567.0 2213.5 560.0 2218.5 551.0 2224.0 545.5 2235.0 540.5 2241.5 534.0 2254.5 507.0 2259.0 502.5 2266.0 499.5 2269.0 499.5 2274.0 497.5 2278.0 497.5 2287.0 494.5 2297.0 492.5 2307.0 492.5 2308.0 491.5 2322.0 491.5 2323.0 490.5 2329.0 490.5 2333.0 489.5 2344.0 484.5 2348.0 483.5 2353.0 483.5 2354.0 482.5 2360.0 482.5 2371.0 479.5 2375.0 479.5 2381.0 477.5 2386.0 477.5 2387.0 476.5 2392.0 476.5 2393.0 475.5 2398.0 475.5 2399.0 474.5 2405.0 474.5 2406.0 473.5 2411.0 473.5 2412.0 472.5 2421.0 471.5 2428.0 468.5 2441.0 466.5 2447.0 464.5 2452.0 464.5 2453.0 463.5 2459.0 463.5 2460.0 462.5 2466.0 462.5 2467.0 461.5 2473.0 461.5 2474.0 460.5 2480.0 460.5 2489.0 457.5 2492.0 457.5 2496.0 455.5 2501.0 454.5 2510.0 454.5 2511.0 453.5 2534.0 453.5 2535.0 452.5 2541.0 452.5 2542.0 451.5 2550.0 451.5 2551.0 450.5 2557.0 450.5 2570.0 444.5 2581.0 438.5 2586.0 438.5 2587.0 437.5 2592.0 437.5 2593.0 436.5 2598.0 436.5 2599.0 435.5 2605.0 435.5 2606.0 434.5 2611.0 434.5 2612.0 433.5 2617.0 433.5 2618.0 432.5 2627.0 431.5 2638.0 428.5 2643.0 428.5 2644.0 427.5 2649.0 427.5 2650.0 426.5 2660.0 424.5 2667.0 424.5 2668.0 423.5 2674.0 423.5 2675.0 422.5 2687.0 422.5 2688.0 421.5 2695.0 421.5 2702.0 423.5 2704.5 426.0 2706.5 432.0 2706.5 438.0 2707.5 439.0 2707.5 462.0 2708.5 463.0 2708.5 470.0 2716.0 470.5 2717.0 471.5 2731.0 471.5 2732.0 470.5 2737.0 470.5 2737.0 469.5 2729.0 467.5 2725.0 467.5 2718.0 465.5 2714.5 461.0 2714.5 451.0 2713.5 450.0 2713.5 442.0 2714.5 441.0 2714.5 434.0 2715.5 433.0 2715.5 428.0 2721.0 419.5 2724.0 418.5 2725.5 421.0 2730.5 426.0 2732.5 429.0 2732.5 436.0 2733.5 437.0 2734.5 443.0 2740.0 446.5 2745.0 447.5 2750.0 447.5 2754.0 449.5 2760.5 455.0 2760.5 462.0 2755.5 470.0 2761.0 474.5 2768.0 477.5 2774.0 477.5 2775.0 478.5 2792.0 478.5 2793.0 479.5 2798.0 478.5 2801.5 476.0 2805.5 468.0 2815.5 458.0 2815.5 456.0 2821.5 443.0 2832.5 432.0 2834.5 428.0 2840.0 422.5 2844.0 422.5 2847.0 424.5 2852.0 425.5 2861.0 425.5 2862.0 424.5 2876.0 424.5 2883.0 427.5 2886.0 427.5 2894.5 436.0 2898.5 441.0 2901.5 447.0 2904.5 450.0 2905.5 453.0 2910.5 461.0 2910.5 463.0 2914.5 470.0 2916.5 477.0 2920.5 483.0 2922.5 488.0 2924.5 490.0 2929.5 499.0 2930.5 502.0 2930.5 508.0 2931.5 509.0 2931.5 514.0 2932.5 515.0 2932.5 520.0 2930.5 524.0 2923.0 530.5 2932.0 531.5 2934.0 530.5 2937.0 526.5 2939.0 525.5 2945.0 525.5 2954.0 522.5 2959.0 521.5 2964.0 521.5 2975.0 518.5 2980.0 518.5 2981.0 517.5 2988.0 517.5 2993.0 516.5 2997.0 514.5 3006.0 513.5 3007.0 512.5 3013.0 512.5 3014.0 511.5 3020.0 511.5 3021.0 510.5 3030.0 509.5 3036.0 507.5 3042.0 507.5 3043.0 506.5 3048.0 506.5 3049.0 505.5 3054.0 505.5 3059.0 504.5 3068.0 501.5 3072.0 501.5 3077.0 499.5 3081.0 499.5 3087.0 497.5 3092.0 497.5 3102.0 495.5 3108.0 493.5 3124.0 489.5 3129.0 486.5 3133.0 485.5 3135.5 483.0 3137.5 479.0 3137.5 476.0 3139.5 471.0 3145.5 465.0 3148.5 459.0 3148.5 457.0 3154.5 447.0 3157.5 440.0 3161.5 434.0 3168.0 427.5 3169.0 427.5 3173.5 422.0 3176.5 416.0 3180.5 406.0 3183.5 401.0 3194.5 390.0 3197.5 386.0 3200.5 380.0 3206.5 372.0 3207.5 369.0 3220.5 356.0 3220.5 355.0 3227.5 346.0 3229.5 342.0 3235.5 336.0 3239.5 331.0 3243.5 322.0 3249.0 316.5 3254.0 314.5 3259.0 313.5 3264.0 311.5 3269.0 311.5 3278.0 308.5 3283.0 308.5 3284.0 307.5 3290.0 307.5 3294.0 306.5 3297.0 304.5 3300.0 304.5 3304.0 302.5 3310.0 302.5 3311.0 301.5 3326.0 301.5 3327.0 300.5 3333.0 300.5 3334.0 299.5 3339.0 299.5 3340.0 298.5 3347.0 298.5 3348.0 297.5 3354.0 297.5 3364.0 295.5 3368.0 293.5 3376.0 292.5 3384.0 289.5 3388.0 289.5 3394.0 287.5 3403.0 286.5 3404.0 285.5 3409.0 285.5 3410.0 284.5 3419.0 283.5 3424.0 281.5 3429.0 280.5 3434.0 280.5 3435.0 279.5 3440.0 279.5 3445.0 278.5 3450.0 276.5 3453.0 276.5 3457.0 274.5 3464.0 274.5 3465.0 273.5 3471.0 273.5 3472.0 272.5 3477.0 272.5 3489.0 268.5 3501.0 268.5 3502.0 269.5 3509.0 269.5 3510.0 270.5 3517.0 271.5 3521.5 268.0 3523.5 264.0 3531.0 256.5 3535.0 254.5 3547.5 242.0 3547.5 241.0 3553.5 235.0 3553.5 234.0 3558.0 228.5 3564.0 225.5 3572.0 225.5 3577.0 226.5 3582.5 222.0 3584.0 218.5 3586.0 218.5 3594.0 214.5 3601.0 214.5 3602.0 213.5 3611.0 213.5 3612.0 214.5 3617.0 214.5 3626.0 218.5 3629.0 218.5 3633.0 220.5 3636.0 220.5 3646.0 225.5 3654.0 228.5 3663.0 236.5 3670.0 239.5 3677.0 239.5 3680.0 240.5 3685.0 238.5 3690.0 233.5 3699.0 230.5 3705.0 230.5 3706.0 229.5 3713.0 229.5 3714.0 228.5 3720.0 228.5 3721.0 227.5 3729.0 225.5 3735.0 225.5 3736.0 224.5 3743.0 224.5 3748.0 223.5 3752.0 221.5 3755.0 221.5 3763.0 218.5 3770.0 218.5 3775.0 217.5 3784.0 214.5 3815.0 214.5 3824.0 218.5 3830.0 223.5 3834.0 225.5 3839.0 225.5
dispensing_tube_rack 3562.5 1084.0 3565.0 1083.5 3569.0 1080.5 3585.0 1075.5 3590.0 1075.5 3595.0 1073.5 3598.5 1070.0 3600.5 1062.0 3602.5 1058.0 3602.5 1044.0 3599.0 1040.5 3596.0 1039.5 3587.0 1039.5 3586.0 1040.5 3581.0 1040.5 3580.0 1041.5 3575.0 1041.5 3570.0 1042.5 3565.0 1044.5 3560.0 1045.5 3555.0 1045.5 3554.0 1046.5 3548.0 1046.5 3544.0 1047.5 3538.0 1050.5 3533.5 1056.0 3533.5 1061.0 3535.5 1065.0 3536.5 1071.0 3539.5 1077.0 3542.5 1081.0 3548.0 1084.5 3562.0 1084.5 3562.5 1084.0
dispensing_tube_rack 3839.0 1047.5 3833.0 1047.5 3827.0 1051.5 3820.0 1054.5 3810.0 1060.5 3807.0 1061.5 3787.0 1072.5 3782.0 1074.5 3775.0 1079.5 3762.0 1084.5 3759.0 1086.5 3750.0 1090.5 3743.0 1095.5 3736.0 1098.5 3731.0 1101.5 3726.0 1103.5 3724.0 1105.5 3719.0 1107.5 3717.0 1109.5 3710.0 1113.5 3706.0 1114.5 3700.0 1118.5 3693.0 1121.5 3688.0 1124.5 3680.0 1130.5 3678.0 1130.5 3671.0 1134.5 3669.0 1134.5 3661.0 1138.5 3654.0 1143.5 3649.0 1145.5 3638.0 1151.5 3633.0 1153.5 3623.0 1161.5 3614.0 1165.5 3608.0 1170.5 3600.5 1176.0 3599.5 1179.0 3606.5 1186.0 3609.5 1188.0 3615.5 1198.0 3620.5 1203.0 3623.5 1207.0 3626.5 1213.0 3628.5 1215.0 3631.5 1223.0 3632.5 1224.0 3632.5 1231.0 3633.5 1232.0 3633.5 1239.0 3630.5 1245.0 3626.5 1255.0 3622.0 1259.5 3620.0 1260.5 3615.0 1260.5 3614.0 1261.5 3609.0 1261.5 3605.0 1263.5 3600.5 1269.0 3599.5 1272.0 3594.0 1277.5 3588.0 1279.5 3583.0 1282.5 3578.0 1283.5 3575.0 1285.5 3566.0 1288.5 3552.0 1290.5 3544.0 1293.5 3537.0 1299.5 3533.0 1300.5 3518.0 1308.5 3512.0 1310.5 3505.0 1317.5 3498.0 1320.5 3485.0 1322.5 3479.0 1324.5 3473.0 1327.5 3467.0 1333.5 3456.0 1339.5 3454.0 1339.5 3450.5 1344.0 3452.5 1348.0 3455.0 1350.5 3459.0 1352.5 3473.0 1352.5 3480.0 1348.5 3485.0 1347.5 3491.0 1344.5 3494.0 1344.5 3497.0 1342.5 3504.0 1340.5 3507.0 1337.5 3520.0 1332.5 3523.0 1330.5 3530.0 1329.5 3531.0 1328.5 3539.0 1325.5 3541.0 1323.5 3547.0 1320.5 3551.0 1319.5 3556.0 1319.5 3557.0 1318.5 3568.0 1316.5 3571.0 1314.5 3577.0 1312.5 3585.0 1306.5 3593.0 1299.5 3598.0 1296.5 3607.0 1293.5 3609.0 1293.5 3616.0 1289.5 3624.0 1287.5 3635.0 1282.5 3641.0 1280.5 3644.0 1278.5 3650.0 1276.5 3666.0 1268.5 3683.0 1263.5 3685.0 1263.5 3696.0 1257.5 3699.0 1256.5 3711.0 1250.5 3718.0 1246.5 3725.0 1240.5 3729.0 1238.5 3737.0 1236.5 3742.0 1234.5 3757.0 1226.5 3763.0 1225.5 3770.0 1223.5 3783.0 1215.5 3789.0 1210.5 3794.0 1208.5 3804.0 1206.5 3817.0 1199.5 3828.0 1196.5 3831.0 1194.5 3839.0 1194.5
dispensing_tube_rack 2394.5 1133.0 2396.5 1129.0 2394.5 1126.0 2394.5 1123.0 2391.0 1119.5 2389.5 1120.0 2388.5 1127.0 2386.5 1130.0 2390.0 1133.5 2394.5 1133.0
dispensing_tube_rack 2411.5 1499.0 2416.0 1497.5 2420.0 1497.5 2423.0 1495.5 2429.5 1489.0 2429.5 1488.0 2440.5 1477.0 2442.5 1473.0 2451.5 1464.0 2454.5 1456.0 2454.5 1453.0 2458.5 1446.0 2465.5 1439.0 2465.5 1438.0 2470.0 1434.5 2480.5 1424.0 2484.5 1418.0 2486.5 1413.0 2486.5 1410.0 2488.5 1406.0 2488.5 1397.0 2487.5 1396.0 2487.5 1391.0 2486.5 1390.0 2486.5 1384.0 2485.5 1383.0 2484.5 1374.0 2482.5 1370.0 2482.5 1367.0 2479.5 1361.0 2477.5 1353.0 2475.5 1350.0 2474.5 1345.0 2470.5 1336.0 2466.5 1324.0 2466.5 1322.0 2459.5 1309.0 2458.5 1302.0 2457.5 1301.0 2457.5 1296.0 2456.5 1295.0 2456.5 1290.0 2455.5 1289.0 2455.5 1284.0 2454.5 1283.0 2454.5 1273.0 2453.5 1272.0 2453.5 1267.0 2450.5 1261.0 2444.5 1253.0 2440.5 1243.0 2439.5 1238.0 2437.5 1234.0 2435.0 1231.5 2430.0 1229.5 2416.0 1229.5 2410.0 1231.5 2401.0 1231.5 2400.0 1232.5 2392.0 1232.5 2391.0 1233.5 2381.0 1233.5 2380.0 1234.5 2374.0 1234.5 2358.0 1238.5 2353.0 1238.5 2345.0 1240.5 2335.5 1250.0 2335.5 1255.0 2339.5 1264.0 2340.5 1272.0 2341.5 1273.0 2341.5 1279.0 2342.5 1280.0 2342.5 1285.0 2344.5 1291.0 2345.5 1300.0 2347.5 1305.0 2348.5 1311.0 2351.5 1314.0 2355.5 1321.0 2355.5 1324.0 2358.5 1333.0 2359.5 1340.0 2361.5 1345.0 2361.5 1348.0 2363.5 1352.0 2363.5 1355.0 2366.5 1362.0 2369.5 1375.0 2371.5 1379.0 2371.5 1382.0 2373.5 1386.0 2374.5 1395.0 2377.5 1405.0 2380.5 1410.0 2381.5 1415.0 2388.5 1436.0 2394.5 1449.0 2394.5 1452.0 2396.5 1456.0 2396.5 1459.0 2399.5 1469.0 2402.5 1477.0 2403.5 1482.0 2403.5 1487.0 2404.5 1488.0 2404.5 1493.0 2409.0 1499.5 2411.5 1499.0
dispensing_tube_rack 3839.0 1286.5 3833.0 1286.5 3830.0 1287.5 3823.0 1291.5 3818.0 1293.5 3813.0 1294.5 3798.0 1302.5 3796.0 1302.5 3791.0 1305.5 3780.0 1308.5 3768.0 1314.5 3763.0 1317.5 3754.0 1320.5 3746.0 1324.5 3739.0 1325.5 3734.0 1327.5 3730.0 1327.5 3726.5 1330.0 3724.5 1334.0 3716.0 1342.5 3711.0 1346.5 3702.0 1349.5 3698.0 1349.5 3694.0 1351.5 3685.0 1353.5 3680.0 1355.5 3676.5 1359.0 3681.0 1362.5 3696.0 1362.5 3697.0 1361.5 3706.0 1361.5 3707.0 1360.5 3713.0 1360.5 3718.0 1359.5 3723.0 1356.5 3727.0 1355.5 3733.0 1355.5 3734.0 1356.5 3745.0 1356.5 3751.0 1354.5 3757.0 1354.5 3758.0 1353.5 3764.0 1353.5 3765.0 1352.5 3770.0 1352.5 3783.0 1345.5 3786.0 1344.5 3806.0 1344.5 3807.0 1343.5 3812.0 1343.5 3813.0 1342.5 3819.0 1342.5 3820.0 1341.5 3827.0 1341.5 3828.0 1340.5 3839.0 1340.5
dispensing_tube_rack 3144.5 1400.0 3149.0 1397.5 3153.0 1397.5 3162.0 1393.5 3164.0 1391.5 3168.0 1390.5 3177.0 1385.5 3183.0 1379.5 3186.0 1377.5 3195.0 1374.5 3200.0 1374.5 3207.0 1371.5 3209.5 1368.0 3216.0 1361.5 3219.5 1359.0 3219.5 1355.0 3216.0 1353.5 3207.0 1353.5 3206.0 1352.5 3186.0 1352.5 3180.0 1354.5 3175.0 1354.5 3174.0 1355.5 3168.0 1355.5 3167.0 1356.5 3158.0 1356.5 3157.0 1357.5 3139.0 1362.5 3130.0 1363.5 3121.0 1366.5 3116.5 1370.0 3115.5 1373.0 3116.5 1379.0 3118.5 1385.0 3124.5 1396.0 3129.0 1400.5 3144.0 1400.5 3144.5 1400.0
dispensing_tube_rack 2516.5 1560.0 2517.0 1559.5 2528.0 1559.5 2529.0 1558.5 2538.0 1558.5 2539.0 1557.5 2548.0 1557.5 2549.0 1556.5 2559.0 1556.5 2560.0 1555.5 2571.0 1555.5 2572.0 1554.5 2577.0 1554.5 2581.0 1552.5 2584.0 1552.5 2588.0 1550.5 2593.0 1550.5 2599.0 1548.5 2605.0 1548.5 2606.0 1547.5 2615.0 1547.5 2616.0 1546.5 2621.0 1546.5 2626.0 1544.5 2630.0 1544.5 2636.0 1542.5 2641.0 1542.5 2642.0 1541.5 2649.0 1541.5 2650.0 1540.5 2656.0 1540.5 2657.0 1539.5 2662.0 1539.5 2663.0 1538.5 2669.0 1538.5 2670.0 1537.5 2676.0 1537.5 2677.0 1536.5 2686.0 1535.5 2687.0 1534.5 2692.0 1534.5 2693.0 1533.5 2715.0 1533.5 2716.0 1532.5 2723.0 1532.5 2724.0 1531.5 2729.0 1531.5 2730.0 1530.5 2735.0 1530.5 2740.0 1529.5 2749.0 1526.5 2752.0 1526.5 2758.0 1522.5 2765.0 1519.5 2769.0 1518.5 2776.0 1518.5 2777.0 1517.5 2784.0 1517.5 2785.0 1516.5 2790.0 1516.5 2791.0 1515.5 2796.0 1515.5 2797.0 1514.5 2802.0 1514.5 2803.0 1513.5 2808.0 1513.5 2817.0 1511.5 2821.0 1509.5 2830.0 1507.5 2839.0 1507.5 2840.0 1506.5 2846.0 1506.5 2847.0 1505.5 2853.0 1505.5 2854.0 1504.5 2861.0 1504.5 2862.0 1503.5 2869.0 1503.5 2870.0 1502.5 2875.0 1502.5 2886.0 1499.5 2892.0 1499.5 2893.0 1498.5 2900.0 1498.5 2901.0 1497.5 2908.0 1497.5 2909.0 1496.5 2916.0 1496.5 2917.0 1495.5 2928.0 1495.5 2929.0 1494.5 2956.0 1494.5 2957.0 1493.5 2965.0 1493.5 2966.0 1492.5 2975.0 1492.5 2976.0 1491.5 2981.0 1491.5 2986.0 1490.5 2990.0 1488.5 2997.0 1481.5 3006.0 1478.5 3011.0 1478.5 3012.0 1477.5 3017.0 1477.5 3018.0 1476.5 3029.0 1476.5 3030.0 1475.5 3038.0 1475.5 3039.0 1474.5 3050.0 1471.5 3054.5 1467.0 3056.5 1462.0 3056.5 1449.0 3055.5 1448.0 3055.5 1441.0 3053.5 1436.0 3052.5 1431.0 3050.5 1428.0 3047.5 1417.0 3045.5 1413.0 3044.5 1407.0 3041.5 1402.0 3037.5 1393.0 3035.5 1390.0 3031.0 1385.5 3024.0 1382.5 3005.0 1382.5 3004.0 1383.5 2997.0 1383.5 2996.0 1384.5 2990.0 1384.5 2989.0 1385.5 2984.0 1385.5 2983.0 1386.5 2978.0 1386.5 2973.0 1387.5 2968.0 1389.5 2963.0 1389.5 2962.0 1390.5 2956.0 1390.5 2955.0 1391.5 2948.0 1391.5 2940.0 1394.5 2932.0 1396.5 2927.0 1396.5 2926.0 1397.5 2919.0 1397.5 2918.0 1398.5 2913.0 1398.5 2908.0 1399.5 2903.0 1401.5 2898.0 1401.5 2897.0 1402.5 2892.0 1402.5 2891.0 1403.5 2886.0 1403.5 2885.0 1404.5 2875.0 1406.5 2870.0 1406.5 2869.0 1407.5 2863.0 1407.5 2862.0 1408.5 2856.0 1408.5 2855.0 1409.5 2850.0 1409.5 2849.0 1410.5 2844.0 1410.5 2843.0 1411.5 2837.0 1411.5 2836.0 1412.5 2830.0 1412.5 2829.0 1413.5 2823.0 1413.5 2822.0 1414.5 2813.0 1415.5 2812.0 1416.5 2807.0 1416.5 2806.0 1417.5 2801.0 1417.5 2800.0 1418.5 2790.0 1420.5 2785.0 1420.5 2779.0 1422.5 2774.0 1422.5 2773.0 1423.5 2768.0 1423.5 2767.0 1424.5 2761.0 1424.5 2756.0 1425.5 2751.0 1427.5 2746.0 1428.5 2741.0 1428.5 2740.0 1429.5 2735.0 1429.5 2724.0 1432.5 2718.0 1432.5 2717.0 1433.5 2710.0 1433.5 2709.0 1434.5 2703.0 1434.5 2698.0 1436.5 2693.0 1437.5 2688.0 1437.5 2687.0 1438.5 2681.0 1438.5 2680.0 1439.5 2674.0 1439.5 2673.0 1440.5 2668.0 1440.5 2667.0 1441.5 2661.0 1441.5 2660.0 1442.5 2651.0 1442.5 2650.0 1443.5 2644.0 1443.5 2643.0 1444.5 2626.0 1447.5 2620.0 1449.5 2615.0 1449.5 2610.0 1451.5 2600.0 1453.5 2595.0 1453.5 2594.0 1454.5 2589.0 1454.5 2585.0 1455.5 2582.0 1457.5 2577.0 1458.5 2570.0 1461.5 2559.0 1469.5 2558.0 1469.5 2553.5 1474.0 2545.5 1485.0 2540.5 1490.0 2540.5 1491.0 2531.0 1500.5 2527.0 1502.5 2521.5 1508.0 2517.5 1517.0 2512.5 1524.0 2510.5 1529.0 2506.0 1533.5 2498.5 1539.0 2496.5 1544.0 2494.5 1546.0 2491.5 1554.0 2495.0 1557.5 2499.0 1559.5 2504.0 1559.5 2505.0 1560.5 2516.0 1560.5 2516.5 1560.0
dispensing_tube_rack 3249.0 1740.5 3245.0 1740.5 3240.5 1734.0 3241.5 1731.0 3244.0 1728.5 3249.0 1728.5 3251.0 1729.5 3254.5 1734.0 3251.5 1739.0 3249.0 1740.5
dispensing_tube_rack 3365.0 1854.5 3365.0 1854.5
