 10ML_centrifuge_tube 1075.0 1100.5 1068.0 1100.5 1067.0 1099.5 1055.0 1099.5 1050.0 1098.5 1042.0 1095.5 1038.0 1095.5 1034.0 1093.5 1031.0 1093.5 1026.0 1091.5 1014.0 1084.5 1006.0 1080.5 995.0 1069.5 992.0 1068.5 988.0 1065.5 974.5 1052.0 970.5 1047.0 967.5 1042.0 960.5 1035.0 956.5 1028.0 956.5 1026.0 950.5 1015.0 947.5 1008.0 943.5 1001.0 942.5 995.0 940.5 990.0 940.5 986.0 938.5 981.0 938.5 976.0 936.5 970.0 936.5 957.0 935.5 956.0 935.5 947.0 936.5 946.0 936.5 933.0 937.5 932.0 937.5 925.0 941.5 913.0 943.5 905.0 945.5 902.0 948.5 895.0 954.5 886.0 963.0 877.5 971.0 872.5 974.0 869.5 980.0 865.5 996.0 858.5 999.0 856.5 1007.0 854.5 1010.0 852.5 1023.0 850.5 1031.0 847.5 1033.0 847.5 1046.0 842.5 1049.0 842.5 1054.0 840.5 1060.0 839.5 1063.0 837.5 1076.0 833.5 1082.0 833.5 1083.0 832.5 1089.0 832.5 1090.0 831.5 1096.0 831.5 1097.0 830.5 1111.0 830.5 1112.0 831.5 1120.0 831.5 1121.0 832.5 1127.0 832.5 1136.0 834.5 1140.0 836.5 1143.0 836.5 1157.0 842.5 1160.0 845.5 1162.0 845.5 1167.0 848.5 1172.0 850.5 1179.0 855.5 1182.0 855.5 1186.0 857.5 1191.0 858.5 1199.0 850.5 1204.0 848.5 1210.0 847.5 1217.0 843.5 1225.0 841.5 1226.0 840.5 1236.0 837.5 1238.0 837.5 1247.0 832.5 1254.0 826.5 1267.0 820.5 1277.0 817.5 1286.0 816.5 1292.0 814.5 1300.0 813.5 1307.0 810.5 1320.0 808.5 1325.0 806.5 1330.0 806.5 1331.0 805.5 1336.0 805.5 1342.0 803.5 1347.0 803.5 1348.0 802.5 1367.0 799.5 1368.0 798.5 1373.0 798.5 1374.0 797.5 1381.0 797.5 1382.0 796.5 1387.0 796.5 1392.0 795.5 1405.0 791.5 1409.0 791.5 1414.0 789.5 1428.0 787.5 1436.0 784.5 1443.0 783.5 1444.0 782.5 1451.0 781.5 1455.0 779.5 1464.0 778.5 1469.0 776.5 1472.0 776.5 1476.0 774.5 1481.0 773.5 1487.0 773.5 1496.0 771.5 1500.0 769.5 1508.0 768.5 1515.0 765.5 1525.0 762.5 1534.0 761.5 1535.0 760.5 1541.0 760.5 1542.0 761.5 1547.0 761.5 1548.0 762.5 1553.0 762.5 1561.0 765.5 1564.0 765.5 1569.0 767.5 1574.0 768.5 1580.0 768.5 1581.0 769.5 1586.0 769.5 1591.0 771.5 1595.0 771.5 1601.0 773.5 1606.0 773.5 1611.0 774.5 1616.0 776.5 1619.0 776.5 1624.0 778.5 1630.0 779.5 1639.0 784.5 1644.5 792.0 1646.5 798.0 1646.5 805.0 1643.5 812.0 1639.0 816.5 1638.0 816.5 1633.5 822.0 1629.5 830.0 1629.5 833.0 1625.5 841.0 1624.5 846.0 1622.5 849.0 1617.0 853.5 1612.0 856.5 1610.0 856.5 1603.0 860.5 1598.0 865.5 1597.0 865.5 1591.0 871.5 1590.0 871.5 1584.0 877.5 1576.0 883.5 1569.0 886.5 1566.0 888.5 1560.0 890.5 1549.0 895.5 1543.0 899.5 1538.0 901.5 1533.0 902.5 1528.0 905.5 1526.0 905.5 1521.0 908.5 1510.0 912.5 1502.0 914.5 1499.0 916.5 1492.0 918.5 1481.0 924.5 1466.0 930.5 1464.0 930.5 1457.0 933.5 1454.0 933.5 1445.0 937.5 1439.0 939.5 1434.0 942.5 1423.0 946.5 1420.0 948.5 1409.0 951.5 1398.0 957.5 1389.0 960.5 1382.0 963.5 1379.0 963.5 1376.0 965.5 1371.0 966.5 1368.0 968.5 1351.0 973.5 1346.0 976.5 1344.0 976.5 1330.0 981.5 1324.0 984.5 1321.0 984.5 1317.0 986.5 1308.0 989.5 1303.0 989.5 1302.0 990.5 1295.0 990.5 1294.0 991.5 1285.0 991.5 1284.0 992.5 1278.0 992.5 1277.0 993.5 1271.0 993.5 1270.0 994.5 1262.0 994.5 1261.0 995.5 1256.0 995.5 1255.0 996.5 1243.0 996.5 1239.0 995.5 1235.5 1002.0 1234.5 1008.0 1231.5 1015.0 1231.5 1017.0 1225.5 1028.0 1222.5 1031.0 1215.5 1041.0 1214.5 1044.0 1207.0 1051.5 1206.0 1051.5 1197.0 1059.5 1185.0 1066.5 1180.0 1068.5 1175.0 1069.5 1169.0 1072.5 1167.0 1074.5 1161.0 1076.5 1153.0 1080.5 1145.0 1082.5 1134.0 1086.5 1124.0 1089.5 1120.0 1091.5 1113.0 1092.5 1109.0 1094.5 1106.0 1094.5 1098.0 1097.5 1093.0 1098.5 1088.0 1098.5 1087.0 1099.5 1076.0 1099.5 1075.0 1100.5
blood_tube 1630.0 991.5 1625.0 991.5 1622.0 989.5 1616.5 983.0 1614.5 978.0 1606.5 967.0 1602.5 958.0 1597.5 953.0 1589.5 940.0 1589.5 934.0 1592.5 929.0 1599.0 923.5 1602.0 922.5 1609.0 917.5 1614.0 915.5 1619.0 912.5 1625.0 907.5 1628.0 906.5 1637.0 901.5 1643.0 896.5 1647.0 895.5 1652.0 895.5 1657.0 894.5 1667.0 890.5 1670.0 890.5 1675.0 887.5 1681.0 882.5 1692.0 877.5 1698.0 873.5 1705.0 867.5 1709.0 865.5 1716.0 859.5 1721.0 857.5 1726.0 854.5 1731.0 850.5 1736.0 848.5 1741.0 844.5 1750.0 840.5 1758.0 834.5 1759.0 834.5 1764.0 829.5 1768.0 826.5 1773.0 824.5 1778.0 821.5 1783.0 819.5 1790.0 814.5 1794.0 813.5 1796.0 811.5 1801.0 809.5 1813.0 803.5 1821.0 797.5 1822.0 797.5 1833.0 789.5 1836.0 788.5 1841.0 784.5 1844.0 783.5 1852.0 778.5 1857.0 776.5 1870.0 772.5 1879.0 767.5 1886.0 764.5 1889.0 762.5 1894.0 757.5 1899.0 754.5 1904.0 750.5 1909.0 747.5 1920.0 742.5 1922.0 740.5 1931.0 736.5 1933.0 734.5 1944.0 728.5 1952.0 726.5 1955.0 724.5 1973.0 724.5 1975.0 725.5 1982.5 733.0 1983.5 736.0 1986.5 740.0 1987.5 744.0 1987.5 750.0 1988.5 751.0 1988.5 758.0 1982.5 769.0 1975.0 776.5 1972.0 778.5 1965.0 781.5 1956.0 789.5 1952.0 790.5 1949.0 792.5 1937.0 797.5 1930.0 803.5 1926.0 805.5 1919.0 806.5 1914.0 808.5 1909.5 818.0 1902.0 824.5 1896.0 827.5 1884.0 832.5 1876.0 839.5 1870.0 843.5 1867.0 844.5 1855.0 853.5 1850.0 856.5 1845.0 858.5 1842.0 861.5 1830.0 869.5 1818.0 874.5 1807.0 881.5 1804.0 882.5 1801.0 885.5 1795.0 888.5 1784.0 895.5 1781.0 898.5 1771.0 905.5 1766.0 908.5 1748.0 917.5 1744.0 920.5 1739.0 921.5 1736.0 923.5 1721.0 929.5 1714.0 934.5 1711.0 937.5 1707.0 939.5 1704.0 942.5 1695.0 945.5 1691.5 949.0 1689.5 954.0 1685.0 958.5 1681.0 960.5 1674.0 967.5 1668.0 970.5 1666.0 972.5 1657.0 978.5 1643.0 984.5 1630.0 991.5
blood_tube 1309.0 1355.5 1297.0 1355.5 1292.0 1353.5 1285.5 1347.0 1281.5 1338.0 1278.5 1333.0 1276.5 1325.0 1274.5 1322.0 1273.5 1317.0 1271.5 1314.0 1270.5 1310.0 1270.5 1304.0 1269.5 1303.0 1269.5 1295.0 1272.5 1287.0 1277.0 1282.5 1282.0 1281.5 1285.0 1279.5 1290.0 1278.5 1293.0 1276.5 1298.0 1275.5 1302.0 1273.5 1310.0 1271.5 1313.0 1269.5 1320.0 1268.5 1329.0 1265.5 1338.0 1264.5 1339.0 1263.5 1344.0 1263.5 1345.0 1262.5 1351.0 1262.5 1352.0 1261.5 1357.0 1261.5 1361.0 1260.5 1362.0 1261.5 1371.0 1261.5 1376.0 1258.5 1385.0 1255.5 1391.0 1255.5 1392.0 1254.5 1397.0 1254.5 1404.0 1252.5 1407.0 1250.5 1413.0 1248.5 1425.0 1245.5 1428.0 1243.5 1434.0 1241.5 1446.0 1239.5 1447.0 1238.5 1456.0 1236.5 1457.0 1235.5 1468.0 1232.5 1475.0 1229.5 1486.0 1227.5 1490.0 1225.5 1498.0 1223.5 1501.0 1221.5 1512.0 1217.5 1516.0 1215.5 1521.0 1214.5 1525.0 1212.5 1532.0 1211.5 1539.0 1208.5 1542.0 1208.5 1546.0 1206.5 1549.0 1206.5 1552.0 1204.5 1555.0 1204.5 1559.0 1202.5 1569.0 1199.5 1572.0 1199.5 1576.0 1197.5 1585.0 1195.5 1586.0 1194.5 1598.0 1191.5 1601.0 1189.5 1604.0 1189.5 1613.0 1185.5 1620.0 1184.5 1624.0 1182.5 1636.0 1180.5 1639.0 1178.5 1645.0 1177.5 1656.0 1172.5 1659.0 1172.5 1663.0 1170.5 1666.0 1170.5 1670.0 1168.5 1682.0 1166.5 1692.0 1162.5 1695.0 1162.5 1698.0 1160.5 1706.0 1158.5 1710.0 1156.5 1719.0 1154.5 1727.0 1153.5 1733.0 1149.5 1736.0 1150.5 1743.0 1150.5 1748.0 1152.5 1756.5 1161.0 1758.5 1165.0 1758.5 1168.0 1763.5 1176.0 1763.5 1179.0 1760.5 1185.0 1754.5 1192.0 1749.5 1200.0 1744.0 1205.5 1739.0 1206.5 1736.0 1208.5 1730.0 1209.5 1729.0 1210.5 1721.0 1212.5 1718.0 1212.5 1709.0 1215.5 1702.0 1216.5 1701.0 1217.5 1692.0 1218.5 1686.0 1220.5 1675.0 1225.5 1664.0 1236.5 1649.0 1241.5 1640.0 1246.5 1630.0 1249.5 1627.0 1249.5 1623.0 1251.5 1620.0 1251.5 1614.0 1254.5 1612.0 1254.5 1600.0 1258.5 1596.0 1260.5 1593.0 1260.5 1588.0 1262.5 1585.0 1262.5 1578.0 1265.5 1575.0 1265.5 1571.0 1267.5 1566.0 1268.5 1559.0 1271.5 1551.0 1273.5 1547.0 1275.5 1544.0 1275.5 1540.0 1277.5 1535.0 1278.5 1532.0 1280.5 1524.0 1282.5 1521.0 1284.5 1518.0 1284.5 1514.0 1286.5 1509.0 1287.5 1505.0 1289.5 1502.0 1289.5 1496.0 1292.5 1487.0 1294.5 1480.0 1297.5 1474.0 1303.5 1465.0 1306.5 1460.0 1307.5 1450.0 1307.5 1449.0 1308.5 1434.0 1308.5 1433.0 1309.5 1423.0 1314.5 1418.0 1315.5 1415.0 1317.5 1407.0 1319.5 1404.0 1321.5 1393.0 1324.5 1386.0 1328.5 1380.0 1334.5 1379.0 1334.5 1373.0 1339.5 1366.0 1341.5 1359.0 1344.5 1345.0 1346.5 1344.0 1347.5 1337.0 1348.5 1330.0 1351.5 1321.0 1353.5 1316.0 1353.5 1315.0 1354.5 1310.0 1354.5 1309.0 1355.5
 5ML_centrifuge_tube 1793.0 1103.5 1787.0 1103.5 1786.0 1102.5 1780.0 1102.5 1771.0 1099.5 1769.0 1097.5 1764.0 1096.5 1760.0 1094.5 1755.0 1090.5 1749.0 1087.5 1740.0 1078.5 1734.0 1075.5 1731.5 1073.0 1729.5 1069.0 1729.5 1066.0 1727.5 1061.0 1727.5 1054.0 1731.5 1048.0 1732.5 1045.0 1736.5 1040.0 1737.5 1037.0 1741.5 1032.0 1745.0 1026.5 1755.0 1022.5 1760.5 1018.0 1762.5 1013.0 1767.5 1006.0 1773.5 994.0 1778.5 989.0 1783.5 981.0 1788.5 975.0 1793.5 966.0 1800.5 958.0 1803.5 952.0 1807.5 948.0 1812.5 941.0 1815.5 934.0 1822.5 926.0 1822.5 925.0 1839.0 908.5 1845.0 904.5 1851.0 898.5 1859.0 893.5 1868.5 884.0 1868.5 883.0 1883.0 868.5 1889.0 866.5 1895.0 863.5 1900.0 864.5 1903.5 868.0 1906.5 874.0 1906.5 882.0 1905.5 883.0 1905.5 888.0 1904.5 892.0 1901.5 899.0 1899.5 908.0 1896.5 914.0 1896.5 917.0 1891.5 928.0 1889.5 937.0 1886.5 944.0 1884.5 953.0 1880.5 961.0 1874.5 968.0 1868.5 978.0 1868.5 980.0 1865.5 985.0 1861.5 989.0 1855.5 999.0 1853.5 1005.0 1847.5 1013.0 1847.5 1014.0 1841.5 1021.0 1837.5 1027.0 1836.5 1030.0 1833.5 1034.0 1833.5 1036.0 1822.5 1058.0 1821.5 1061.0 1821.5 1066.0 1820.5 1071.0 1815.5 1078.0 1809.5 1088.0 1800.5 1097.0 1799.5 1100.0 1793.0 1103.5
 5ML_centrifuge_tube 1490.0 1132.5 1488.0 1131.5 1478.0 1131.5 1474.0 1130.5 1468.0 1126.5 1461.5 1120.0 1457.5 1114.0 1454.5 1107.0 1452.5 1105.0 1451.5 1101.0 1451.5 1083.0 1449.5 1077.0 1449.5 1070.0 1448.5 1069.0 1448.5 1058.0 1450.5 1053.0 1456.0 1047.5 1469.0 1043.5 1474.0 1042.5 1496.0 1042.5 1497.0 1043.5 1503.0 1043.5 1504.0 1044.5 1509.0 1044.5 1510.0 1043.5 1515.0 1043.5 1516.0 1042.5 1521.0 1042.5 1526.0 1041.5 1531.0 1039.5 1536.0 1038.5 1541.0 1038.5 1550.0 1035.5 1555.0 1034.5 1562.0 1034.5 1563.0 1033.5 1568.0 1033.5 1574.0 1031.5 1578.0 1031.5 1584.0 1029.5 1589.0 1029.5 1590.0 1028.5 1595.0 1028.5 1601.0 1026.5 1605.0 1026.5 1610.0 1024.5 1615.0 1024.5 1616.0 1023.5 1622.0 1022.5 1625.0 1020.5 1660.0 1020.5 1661.0 1019.5 1681.0 1019.5 1682.0 1020.5 1710.0 1020.5 1711.0 1021.5 1732.0 1021.5 1736.0 1022.5 1741.5 1026.0 1741.5 1029.0 1736.5 1034.0 1731.5 1041.0 1729.5 1046.0 1723.0 1052.5 1716.0 1055.5 1714.0 1055.5 1705.0 1060.5 1703.0 1060.5 1696.0 1064.5 1693.0 1065.5 1687.0 1070.5 1679.0 1074.5 1677.0 1074.5 1672.0 1077.5 1670.0 1077.5 1659.0 1083.5 1654.0 1084.5 1649.0 1086.5 1640.0 1087.5 1635.0 1089.5 1630.0 1089.5 1625.0 1090.5 1620.0 1092.5 1617.0 1092.5 1612.0 1094.5 1608.0 1094.5 1603.0 1096.5 1599.0 1096.5 1594.0 1098.5 1590.0 1098.5 1585.0 1100.5 1572.0 1102.5 1568.0 1104.5 1565.0 1104.5 1556.0 1107.5 1552.0 1107.5 1547.0 1109.5 1536.0 1111.5 1535.0 1112.5 1529.0 1112.5 1521.0 1116.5 1518.0 1119.5 1512.0 1123.5 1495.0 1131.5 1490.0 1132.5
 10ML_centrifuge_tube 2814.0 480.5 2809.0 480.5 2808.0 479.5 2800.0 479.5 2783.0 474.5 2777.0 471.5 2771.0 467.5 2757.5 454.0 2754.5 449.0 2752.5 443.0 2752.5 425.0 2755.5 417.0 2758.5 407.0 2759.5 406.0 2765.5 391.0 2768.5 386.0 2768.5 384.0 2773.5 375.0 2777.5 370.0 2782.0 365.5 2783.0 365.5 2788.0 360.5 2794.0 356.5 2800.0 353.5 2803.0 353.5 2807.0 351.5 2814.0 350.5 2815.0 349.5 2823.0 349.5 2824.0 348.5 2833.0 348.5 2834.0 349.5 2845.0 349.5 2850.0 351.5 2857.0 352.5 2870.0 358.5 2876.0 363.5 2877.0 363.5 2884.5 371.0 2886.5 375.0 2890.5 380.0 2893.5 387.0 2895.5 399.0 2894.5 403.0 2891.5 409.0 2891.5 411.0 2885.5 421.0 2885.5 423.0 2881.5 433.0 2879.5 436.0 2878.5 441.0 2874.5 449.0 2868.5 458.0 2858.0 468.5 2853.0 471.5 2842.0 476.5 2838.0 477.5 2833.0 477.5 2832.0 478.5 2824.0 478.5 2823.0 479.5 2815.0 479.5 2814.0 480.5
 10ML_centrifuge_tube 3701.0 307.5 3693.0 307.5 3692.0 306.5 3683.0 306.5 3682.0 305.5 3677.0 305.5 3669.0 302.5 3664.0 301.5 3646.0 292.5 3644.0 290.5 3639.0 288.5 3625.5 275.0 3621.5 268.0 3619.5 261.0 3620.5 257.0 3620.5 247.0 3621.5 243.0 3625.5 235.0 3636.5 224.0 3641.5 216.0 3646.5 211.0 3646.5 210.0 3652.5 204.0 3656.5 198.0 3666.0 188.5 3672.0 184.5 3675.0 183.5 3680.0 179.5 3686.0 176.5 3688.0 176.5 3696.0 173.5 3707.0 173.5 3708.0 172.5 3714.0 172.5 3715.0 173.5 3725.0 173.5 3742.0 179.5 3745.0 181.5 3752.0 183.5 3755.0 185.5 3762.0 188.5 3768.0 192.5 3775.0 199.5 3776.0 199.5 3782.5 206.0 3784.5 209.0 3787.5 218.0 3787.5 233.0 3785.5 239.0 3782.5 245.0 3777.5 250.0 3777.5 251.0 3771.5 257.0 3765.5 266.0 3759.5 272.0 3759.5 273.0 3753.5 279.0 3753.5 280.0 3745.5 288.0 3745.5 289.0 3735.0 296.5 3732.0 297.5 3727.0 301.5 3723.0 302.5 3716.0 305.5 3712.0 306.5 3702.0 306.5 3701.0 307.5
 10ML_centrifuge_tube 2889.0 557.5 2885.5 555.0 2885.5 549.0 2888.5 545.0 2898.0 540.5 2903.0 539.5 2907.0 537.5 2912.0 536.5 2915.0 534.5 2922.0 534.5 2923.0 533.5 2934.0 533.5 2939.0 534.5 2949.0 537.5 2955.5 543.0 2956.5 545.0 2948.0 548.5 2944.0 549.5 2935.0 549.5 2934.0 550.5 2927.0 550.5 2916.0 553.5 2909.0 553.5 2908.0 554.5 2902.0 554.5 2901.0 555.5 2892.0 555.5 2889.0 557.5
 sorting_tube_rack_base 599.0 2109.5 588.0 2109.5 586.5 2108.0 586.5 2105.0 594.5 2097.0 595.5 2094.0 600.0 2089.5 605.0 2085.5 609.0 2083.5 667.0 2025.5 668.0 2025.5 676.5 2017.0 676.5 2016.0 682.0 2010.5 688.0 2006.5 695.0 1999.5 696.0 1999.5 704.5 1992.0 704.5 1991.0 732.5 1963.0 736.5 1958.0 738.5 1954.0 746.5 1946.0 750.5 1940.0 758.5 1932.0 760.5 1929.0 763.5 1922.0 772.5 1911.0 778.5 1902.0 781.5 1899.0 783.5 1895.0 786.5 1892.0 792.5 1882.0 795.5 1876.0 797.5 1874.0 800.5 1867.0 803.5 1862.0 808.5 1852.0 810.5 1850.0 813.5 1844.0 817.5 1840.0 826.5 1821.0 828.5 1818.0 833.5 1807.0 835.5 1805.0 841.5 1790.0 848.5 1777.0 850.5 1770.0 854.5 1762.0 854.5 1760.0 857.5 1755.0 861.5 1745.0 866.5 1736.0 868.5 1729.0 872.5 1721.0 874.5 1713.0 880.5 1700.0 886.5 1689.0 886.5 1687.0 893.5 1674.0 893.5 1672.0 896.5 1666.0 896.5 1663.0 898.5 1659.0 898.5 1656.0 901.5 1649.0 901.5 1647.0 904.5 1638.0 906.5 1635.0 908.5 1627.0 912.5 1620.0 914.5 1612.0 916.5 1609.0 917.5 1604.0 919.5 1601.0 923.5 1590.0 927.5 1573.0 927.5 1568.0 930.5 1557.0 930.5 1553.0 933.5 1546.0 937.5 1541.0 939.5 1535.0 942.5 1530.0 944.5 1524.0 946.5 1522.0 951.5 1514.0 956.5 1509.0 959.5 1504.0 964.5 1499.0 964.5 1498.0 970.5 1490.0 973.5 1487.0 979.5 1478.0 983.5 1473.0 990.0 1467.5 999.0 1463.5 1004.0 1463.5 1009.0 1461.5 1016.0 1461.5 1027.0 1465.5 1036.5 1475.0 1040.0 1479.5 1044.0 1481.5 1051.5 1489.0 1051.5 1490.0 1066.5 1505.0 1070.0 1509.5 1075.0 1511.5 1080.0 1514.5 1089.5 1524.0 1093.5 1535.0 1093.5 1543.0 1092.5 1544.0 1092.5 1576.0 1091.5 1577.0 1091.5 1598.0 1090.5 1599.0 1090.5 1619.0 1089.5 1620.0 1089.5 1641.0 1088.5 1642.0 1088.5 1651.0 1087.5 1652.0 1087.5 1672.0 1086.5 1673.0 1086.5 1697.0 1085.5 1698.0 1085.5 1710.0 1084.5 1711.0 1084.5 1728.0 1083.5 1729.0 1083.5 1753.0 1082.5 1754.0 1082.5 1778.0 1081.5 1779.0 1081.5 1796.0 1080.5 1797.0 1080.5 1818.0 1079.5 1819.0 1079.5 1839.0 1078.5 1840.0 1078.5 1852.0 1077.5 1853.0 1077.5 1876.0 1076.5 1877.0 1076.5 1893.0 1075.5 1894.0 1075.5 1905.0 1074.5 1906.0 1074.5 1917.0 1073.5 1918.0 1073.5 1930.0 1072.5 1931.0 1072.5 1945.0 1071.5 1946.0 1071.5 1959.0 1070.5 1960.0 1070.5 1969.0 1069.5 1970.0 1069.5 1979.0 1068.5 1980.0 1068.5 1986.0 1065.5 1993.0 1058.5 2004.0 1046.0 2016.5 1043.0 2018.5 1037.0 2020.5 1034.0 2020.5 1029.0 2022.5 1022.0 2022.5 1021.0 2023.5 1013.0 2023.5 1012.0 2024.5 1002.0 2024.5 1001.0 2025.5 988.0 2025.5 987.0 2026.5 977.0 2026.5 976.0 2027.5 968.0 2027.5 963.0 2029.5 958.0 2030.5 955.0 2032.5 949.0 2033.5 948.0 2034.5 941.0 2034.5 940.0 2035.5 935.0 2035.5 930.0 2037.5 925.0 2038.5 914.0 2038.5 913.0 2039.5 904.0 2039.5 900.0 2041.5 897.0 2041.5 893.0 2043.5 888.0 2044.5 883.0 2044.5 877.0 2046.5 865.0 2048.5 860.0 2050.5 855.0 2050.5 854.0 2051.5 849.0 2051.5 848.0 2052.5 842.0 2053.5 837.0 2056.5 835.0 2056.5 828.0 2060.5 826.0 2060.5 819.0 2063.5 815.0 2064.5 809.0 2064.5 808.0 2065.5 802.0 2065.5 801.0 2066.5 795.0 2066.5 794.0 2067.5 787.0 2067.5 786.0 2068.5 779.0 2068.5 778.0 2069.5 773.0 2069.5 772.0 2070.5 758.0 2074.5 753.0 2075.5 748.0 2075.5 747.0 2076.5 742.0 2076.5 737.0 2078.5 733.0 2078.5 728.0 2080.5 723.0 2080.5 714.0 2082.5 710.0 2084.5 701.0 2086.5 695.0 2088.5 690.0 2088.5 684.0 2090.5 679.0 2090.5 678.0 2091.5 673.0 2091.5 668.0 2092.5 649.0 2099.5 641.0 2099.5 640.0 2100.5 635.0 2100.5 631.0 2101.5 622.0 2105.5 617.0 2106.5 611.0 2106.5 610.0 2107.5 605.0 2107.5 599.0 2109.5
blood_tube 190.0 842.5 182.0 842.5 181.0 841.5 175.0 840.5 160.0 832.5 151.0 828.5 140.0 821.5 138.0 821.5 132.0 816.5 127.0 813.5 125.0 813.5 117.0 808.5 116.0 808.5 104.0 796.5 100.0 794.5 95.0 790.5 90.0 787.5 83.0 784.5 80.0 782.5 67.5 770.0 64.5 764.0 62.5 757.0 63.5 750.0 64.5 749.0 67.5 739.0 74.5 731.0 80.5 722.0 84.0 718.5 87.0 717.5 92.0 713.5 94.0 713.5 101.0 709.5 106.0 708.5 114.0 705.5 120.0 705.5 121.0 704.5 134.0 704.5 135.0 703.5 140.0 703.5 144.0 704.5 149.0 707.5 156.0 709.5 158.0 711.5 163.0 713.5 166.0 716.5 171.0 718.5 176.0 722.5 179.0 723.5 184.0 727.5 187.0 728.5 193.0 733.5 197.0 735.5 202.0 739.5 207.0 741.5 209.0 743.5 218.0 747.5 239.0 758.5 251.0 770.5 252.0 770.5 256.5 775.0 259.5 787.0 258.5 790.0 254.5 797.0 254.5 799.0 251.5 804.0 246.5 809.0 246.5 810.0 236.0 820.5 231.0 824.5 220.0 830.5 218.0 830.5 207.0 836.5 202.0 838.5 197.0 839.5 190.0 842.5
blood_tube 126.0 940.5 117.0 937.5 105.0 927.5 85.0 914.5 72.0 908.5 66.0 902.5 60.0 898.5 55.0 897.5 46.0 892.5 41.0 888.5 34.5 880.0 32.5 872.0 32.5 859.0 34.5 854.0 36.5 852.0 38.5 847.0 43.5 842.0 43.5 841.0 58.0 826.5 66.0 821.5 75.0 818.5 82.0 814.5 90.0 813.5 94.0 811.5 99.0 810.5 112.0 810.5 118.0 813.5 120.0 813.5 127.0 817.5 132.0 822.5 150.0 828.5 157.0 832.5 163.0 834.5 166.0 836.5 173.0 839.5 179.0 844.5 180.0 844.5 185.0 849.5 189.0 851.5 192.0 854.5 197.0 857.5 210.0 863.5 213.5 867.0 216.5 873.0 218.5 875.0 213.0 879.5 209.0 881.5 204.0 886.5 200.0 889.5 193.0 892.5 188.0 896.5 177.0 907.5 168.0 912.5 161.0 917.5 157.0 921.5 145.0 929.5 141.0 933.5 126.0 940.5
blood_tube 0.0 961.5 6.0 961.5 12.0 959.5 15.0 957.5 19.0 956.5 27.0 956.5 28.0 955.5 45.0 955.5 46.0 956.5 51.0 956.5 56.0 959.5 59.0 962.5 62.0 963.5 67.5 969.0 65.5 971.0 61.0 980.5 56.0 984.5 53.0 985.5 48.0 989.5 43.0 991.5 41.0 993.5 32.0 997.5 20.0 1006.5 14.0 1008.5 9.0 1011.5 5.0 1012.5 0.0 1012.5
 10ML_sorting_tube_rack 231.0 867.5 221.0 867.5 218.0 866.5 211.0 862.5 202.0 859.5 197.0 854.5 196.0 854.5 190.5 849.0 189.5 845.0 196.0 840.5 200.0 839.5 210.0 835.5 221.0 829.5 225.0 828.5 230.0 825.5 243.0 812.5 244.0 812.5 252.5 804.0 258.5 793.0 260.5 788.0 258.5 776.0 255.5 770.0 250.0 764.5 245.0 761.5 240.0 759.5 236.0 756.5 234.0 756.5 225.0 751.5 223.0 751.5 213.0 746.5 202.0 737.5 193.0 732.5 188.5 728.0 189.5 726.0 193.0 723.5 195.0 723.5 204.0 719.5 208.0 719.5 213.0 717.5 231.0 717.5 241.0 713.5 247.0 713.5 248.0 712.5 257.0 712.5 258.0 711.5 264.0 711.5 270.0 709.5 277.0 709.5 278.0 708.5 285.0 708.5 286.0 707.5 292.0 707.5 293.0 706.5 300.0 706.5 301.0 705.5 306.0 705.5 317.0 702.5 322.0 702.5 323.0 701.5 328.0 701.5 334.0 699.5 339.0 699.5 340.0 698.5 345.0 698.5 346.0 697.5 352.0 697.5 353.0 696.5 360.0 696.5 361.0 695.5 367.0 695.5 368.0 694.5 375.0 694.5 376.0 693.5 382.0 693.5 383.0 692.5 389.0 692.5 390.0 691.5 395.0 691.5 396.0 690.5 402.0 690.5 403.0 689.5 409.0 689.5 410.0 688.5 415.0 688.5 416.0 687.5 421.0 687.5 427.0 685.5 432.0 685.5 433.0 684.5 439.0 684.5 440.0 683.5 446.0 683.5 447.0 682.5 452.0 682.5 453.0 681.5 458.0 681.5 464.0 679.5 470.0 679.5 471.0 678.5 477.0 678.5 478.0 677.5 483.0 677.5 484.0 676.5 490.0 676.5 491.0 675.5 498.0 675.5 499.0 674.5 505.0 674.5 506.0 673.5 511.0 673.5 512.0 672.5 518.0 672.5 519.0 671.5 525.0 671.5 526.0 670.5 531.0 670.5 532.0 669.5 538.0 669.5 559.0 664.5 565.0 664.5 566.0 663.5 573.0 663.5 574.0 662.5 580.0 662.5 581.0 661.5 588.0 661.5 589.0 660.5 595.0 660.5 596.0 659.5 602.0 659.5 603.0 658.5 609.0 658.5 610.0 657.5 617.0 657.5 618.0 656.5 623.0 656.5 631.0 653.5 637.0 653.5 638.0 652.5 643.0 652.5 654.0 649.5 660.0 649.5 661.0 648.5 666.0 648.5 667.0 647.5 672.0 647.5 673.0 646.5 678.0 646.5 679.0 645.5 684.0 645.5 685.0 644.5 691.0 644.5 692.0 643.5 698.0 643.5 699.0 642.5 705.0 642.5 706.0 641.5 712.0 641.5 713.0 640.5 722.0 639.5 723.0 638.5 729.0 638.5 730.0 637.5 735.0 637.5 736.0 636.5 741.0 636.5 747.0 634.5 754.0 634.5 755.0 633.5 760.0 633.5 761.0 632.5 767.0 632.5 768.0 631.5 775.0 631.5 776.0 630.5 783.0 630.5 784.0 629.5 793.0 629.5 794.0 628.5 806.0 628.5 807.0 629.5 815.0 630.5 822.0 634.5 826.5 639.0 829.5 646.0 831.5 649.0 834.5 660.0 837.5 665.0 851.0 678.5 853.5 680.0 854.5 684.0 852.0 686.5 847.0 688.5 800.0 688.5 799.0 689.5 781.0 689.5 780.0 690.5 766.0 690.5 765.0 691.5 746.0 691.5 745.0 692.5 737.0 692.5 736.0 691.5 715.0 691.5 714.0 692.5 708.0 692.5 707.0 691.5 693.0 691.5 692.0 692.5 680.0 692.5 679.0 693.5 663.0 693.5 662.0 694.5 642.0 694.5 641.0 695.5 611.0 695.5 610.0 696.5 583.0 696.5 582.0 697.5 559.0 697.5 553.0 699.5 548.0 699.5 547.0 700.5 539.0 701.5 535.0 703.5 532.0 703.5 529.0 705.5 524.0 706.5 514.0 710.5 494.0 720.5 492.0 722.5 486.0 724.5 475.0 730.5 473.0 730.5 465.0 734.5 463.0 734.5 456.0 737.5 446.0 742.5 444.0 744.5 437.0 746.5 432.0 749.5 430.0 749.5 422.0 753.5 405.0 764.5 395.0 769.5 387.0 772.5 381.0 777.5 380.0 777.5 369.0 784.5 367.0 786.5 362.0 788.5 354.0 794.5 349.0 796.5 342.0 801.5 339.0 804.5 322.0 815.5 313.0 823.5 304.0 828.5 296.0 831.5 289.0 836.5 269.0 848.5 263.0 851.5 257.0 853.5 246.0 859.5 244.0 859.5 238.0 862.5 234.0 866.5 231.0 867.5
 10ML_sorting_tube_rack 71.0 967.5 65.0 967.5 61.5 964.0 58.5 957.0 58.5 950.0 61.5 945.0 63.5 940.0 65.5 930.0 67.5 927.0 68.5 922.0 72.0 918.5 76.0 916.5 84.0 916.5 90.0 920.5 95.0 922.5 106.0 929.5 111.0 933.5 115.5 938.0 115.5 947.0 114.5 950.0 110.0 953.5 104.0 955.5 96.0 960.5 94.0 960.5 84.0 964.5 76.0 965.5 71.0 967.5
 10ML_sorting_tube_rack 995.0 1130.5 984.0 1130.5 980.0 1128.5 972.5 1121.0 972.5 1120.0 960.0 1107.5 955.5 1104.0 955.5 1103.0 948.5 1096.0 948.5 1095.0 940.5 1087.0 935.5 1079.0 930.5 1074.0 930.5 1073.0 921.0 1063.5 920.0 1063.5 914.0 1057.5 911.0 1055.5 907.0 1054.5 892.0 1049.5 887.0 1047.5 877.0 1045.5 844.0 1045.5 843.0 1046.5 838.0 1046.5 832.0 1048.5 822.0 1048.5 821.0 1049.5 816.0 1049.5 815.0 1050.5 801.0 1053.5 795.0 1055.5 790.0 1055.5 789.0 1056.5 782.0 1056.5 781.0 1057.5 774.0 1057.5 773.0 1058.5 765.0 1058.5 764.0 1059.5 751.0 1059.5 750.0 1060.5 740.0 1060.5 739.0 1061.5 728.0 1061.5 727.0 1062.5 722.0 1062.5 716.0 1064.5 711.0 1064.5 710.0 1065.5 705.0 1065.5 704.0 1066.5 697.0 1066.5 696.0 1067.5 680.0 1067.5 679.0 1068.5 674.0 1068.5 671.0 1070.5 666.0 1071.5 659.0 1071.5 658.0 1072.5 650.0 1072.5 647.5 1070.0 651.0 1067.5 660.0 1065.5 664.5 1061.0 665.0 1058.5 669.0 1057.5 671.0 1055.5 677.0 1053.5 682.0 1050.5 687.0 1049.5 691.0 1047.5 696.0 1046.5 718.0 1035.5 720.0 1035.5 729.0 1030.5 736.0 1027.5 748.0 1018.5 759.0 1013.5 762.0 1011.5 780.0 1003.5 784.5 1000.0 784.5 999.0 794.0 989.5 802.0 984.5 806.0 983.5 811.0 983.5 812.0 982.5 823.0 982.5 824.0 981.5 840.0 981.5 841.0 982.5 866.0 982.5 867.0 983.5 872.0 983.5 873.0 984.5 878.0 984.5 887.0 987.5 894.0 988.5 898.0 990.5 908.0 992.5 915.0 996.5 921.0 998.5 924.0 1000.5 932.0 1002.5 937.0 1004.5 941.0 1007.5 945.5 1013.0 947.5 1018.0 951.5 1025.0 957.5 1032.0 959.5 1036.0 963.5 1041.0 966.5 1047.0 972.5 1053.0 972.5 1054.0 982.0 1063.5 983.0 1063.5 992.0 1071.5 1000.0 1076.5 1005.0 1080.5 1011.0 1086.5 1020.0 1089.5 1026.5 1096.0 1027.5 1098.0 1026.5 1103.0 1021.0 1108.5 1016.0 1112.5 1012.0 1114.5 1000.5 1126.0 999.0 1128.5 995.0 1130.5
dispensing_tube_rack 3839.0 1431.5 3828.0 1431.5 3827.0 1432.5 3822.0 1432.5 3821.0 1433.5 3814.0 1433.5 3813.0 1434.5 3798.0 1434.5 3797.0 1435.5 3790.0 1435.5 3789.0 1436.5 3773.0 1436.5 3772.0 1437.5 3759.0 1437.5 3758.0 1438.5 3753.0 1438.5 3748.0 1439.5 3743.0 1441.5 3736.0 1441.5 3735.0 1442.5 3728.0 1442.5 3722.0 1445.5 3716.0 1446.5 3712.0 1448.5 3694.0 1448.5 3693.0 1449.5 3686.0 1450.5 3681.0 1452.5 3676.0 1453.5 3666.0 1456.5 3663.0 1458.5 3656.0 1461.5 3653.0 1461.5 3648.0 1463.5 3643.0 1464.5 3638.0 1464.5 3637.0 1465.5 3630.0 1466.5 3626.0 1468.5 3613.0 1470.5 3612.0 1471.5 3603.0 1472.5 3595.0 1475.5 3588.0 1476.5 3579.0 1479.5 3574.0 1479.5 3573.0 1480.5 3568.0 1480.5 3567.0 1481.5 3562.0 1481.5 3554.0 1484.5 3547.0 1485.5 3546.0 1486.5 3536.0 1486.5 3535.0 1487.5 3526.0 1487.5 3525.0 1488.5 3518.0 1488.5 3516.0 1487.5 3511.5 1483.0 3511.5 1482.0 3506.5 1477.0 3501.5 1469.0 3497.5 1464.0 3493.5 1455.0 3488.5 1449.0 3488.5 1436.0 3489.0 1433.5 3487.0 1432.5 3473.0 1432.5 3463.0 1436.5 3460.0 1438.5 3452.0 1440.5 3449.0 1442.5 3441.0 1444.5 3437.0 1446.5 3432.0 1447.5 3423.0 1451.5 3419.0 1452.5 3411.0 1458.5 3402.0 1462.5 3394.0 1464.5 3393.0 1465.5 3385.0 1467.5 3375.0 1471.5 3372.0 1471.5 3367.0 1474.5 3361.0 1476.5 3359.0 1478.5 3346.0 1484.5 3343.0 1486.5 3338.0 1487.5 3333.0 1490.5 3331.0 1490.5 3324.0 1494.5 3318.0 1495.5 3314.0 1497.5 3311.0 1497.5 3300.0 1502.5 3288.0 1508.5 3282.0 1510.5 3279.0 1512.5 3274.0 1513.5 3271.0 1515.5 3264.0 1518.5 3260.0 1521.5 3258.0 1521.5 3253.0 1524.5 3251.0 1524.5 3238.0 1531.5 3233.0 1535.5 3223.0 1539.5 3214.0 1541.5 3208.0 1541.5 3202.0 1543.5 3196.0 1543.5 3195.0 1544.5 3190.0 1544.5 3185.0 1546.5 3180.0 1547.5 3175.0 1550.5 3171.0 1551.5 3165.0 1551.5 3164.0 1552.5 3157.0 1552.5 3156.0 1553.5 3151.0 1553.5 3150.0 1554.5 3141.0 1554.5 3140.0 1555.5 3131.0 1555.5 3130.0 1556.5 3119.0 1556.5 3118.0 1557.5 3110.0 1557.5 3109.0 1558.5 3102.0 1558.5 3101.0 1559.5 3095.0 1559.5 3094.0 1560.5 3088.0 1560.5 3080.0 1562.5 3073.0 1565.5 3068.0 1566.5 3063.0 1566.5 3062.0 1567.5 3055.0 1568.5 3054.0 1569.5 3048.0 1569.5 3047.0 1570.5 3041.0 1570.5 3040.0 1571.5 3032.0 1571.5 3031.0 1572.5 3024.0 1572.5 3023.0 1573.5 3016.0 1573.5 3015.0 1574.5 3009.0 1574.5 3008.0 1575.5 3003.0 1575.5 2995.0 1578.5 2983.0 1580.5 2982.0 1581.5 2977.0 1581.5 2971.0 1583.5 2966.0 1583.5 2965.0 1584.5 2959.0 1584.5 2958.0 1585.5 2951.0 1585.5 2950.0 1586.5 2944.0 1586.5 2939.0 1587.5 2934.0 1589.5 2929.0 1589.5 2928.0 1590.5 2922.0 1590.5 2921.0 1591.5 2914.0 1591.5 2913.0 1592.5 2908.0 1592.5 2902.0 1594.5 2897.0 1594.5 2896.0 1595.5 2890.0 1595.5 2889.0 1596.5 2884.0 1596.5 2876.0 1599.5 2871.0 1600.5 2864.0 1600.5 2863.0 1601.5 2855.0 1601.5 2854.0 1602.5 2846.0 1602.5 2845.0 1603.5 2838.0 1603.5 2837.0 1604.5 2830.0 1604.5 2829.0 1605.5 2819.0 1605.5 2811.0 1608.5 2808.0 1608.5 2803.0 1610.5 2794.0 1610.5 2793.0 1611.5 2784.0 1611.5 2783.0 1612.5 2778.0 1612.5 2777.0 1613.5 2772.0 1613.5 2771.0 1614.5 2766.0 1614.5 2753.0 1618.5 2748.0 1618.5 2747.0 1619.5 2742.0 1619.5 2741.0 1620.5 2736.0 1620.5 2735.0 1621.5 2728.0 1622.5 2721.0 1625.5 2717.0 1625.5 2711.0 1627.5 2706.0 1627.5 2705.0 1628.5 2698.0 1628.5 2697.0 1629.5 2690.0 1629.5 2689.0 1630.5 2684.0 1630.5 2683.0 1631.5 2676.0 1631.5 2675.0 1632.5 2669.0 1632.5 2668.0 1633.5 2662.0 1633.5 2661.0 1634.5 2656.0 1634.5 2655.0 1635.5 2650.0 1635.5 2649.0 1636.5 2644.0 1636.5 2639.0 1637.5 2630.0 1640.5 2624.0 1640.5 2623.0 1641.5 2618.0 1641.5 2617.0 1642.5 2611.0 1642.5 2610.0 1643.5 2605.0 1643.5 2604.0 1644.5 2596.0 1644.5 2595.0 1645.5 2587.0 1645.5 2586.0 1646.5 2577.0 1647.5 2572.0 1649.5 2562.0 1649.5 2561.0 1650.5 2553.0 1650.5 2552.0 1651.5 2547.0 1651.5 2541.0 1653.5 2536.0 1653.5 2530.0 1655.5 2525.0 1655.5 2524.0 1656.5 2519.0 1656.5 2514.0 1658.5 2509.0 1658.5 2508.0 1659.5 2498.0 1659.5 2497.0 1660.5 2491.0 1660.5 2490.0 1661.5 2485.0 1661.5 2479.0 1663.5 2475.0 1663.5 2470.0 1665.5 2458.0 1667.5 2454.0 1669.5 2448.0 1669.5 2447.0 1670.5 2431.0 1670.5 2423.0 1668.5 2418.5 1665.0 2414.5 1660.0 2411.5 1655.0 2411.5 1653.0 2408.5 1648.0 2407.5 1640.0 2405.5 1635.0 2401.5 1619.0 2401.5 1617.0 2398.5 1610.0 2398.5 1604.0 2397.5 1603.0 2397.5 1598.0 2395.5 1589.0 2393.5 1585.0 2393.5 1582.0 2391.5 1579.0 2386.5 1563.0 2386.5 1558.0 2384.5 1553.0 2382.5 1541.0 2380.5 1535.0 2376.5 1527.0 2373.5 1517.0 2373.5 1513.0 2370.5 1504.0 2370.5 1501.0 2366.5 1491.0 2366.5 1487.0 2364.5 1482.0 2363.5 1475.0 2359.5 1465.0 2359.5 1462.0 2357.5 1458.0 2357.5 1455.0 2355.5 1451.0 2355.5 1448.0 2353.5 1444.0 2353.5 1441.0 2351.5 1438.0 2350.5 1433.0 2348.5 1430.0 2347.5 1422.0 2345.5 1418.0 2345.5 1415.0 2343.5 1410.0 2342.5 1405.0 2340.5 1400.0 2340.5 1395.0 2338.5 1389.0 2334.5 1372.0 2332.5 1368.0 2331.5 1362.0 2329.5 1359.0 2327.5 1347.0 2325.5 1343.0 2324.5 1336.0 2323.5 1335.0 2321.5 1326.0 2317.5 1316.0 2317.5 1313.0 2315.5 1309.0 2314.5 1304.0 2314.5 1297.0 2313.5 1296.0 2313.5 1289.0 2312.5 1288.0 2312.5 1283.0 2311.5 1282.0 2311.5 1276.0 2310.5 1275.0 2310.5 1268.0 2309.5 1267.0 2309.5 1262.0 2307.5 1257.0 2303.5 1253.0 2299.5 1245.0 2298.5 1238.0 2295.5 1231.0 2293.5 1223.0 2291.5 1219.0 2290.5 1214.0 2288.5 1210.0 2287.5 1204.0 2285.5 1201.0 2284.5 1196.0 2282.5 1192.0 2280.5 1183.0 2280.5 1178.0 2279.5 1177.0 2278.5 1170.0 2276.5 1164.0 2274.5 1161.0 2273.5 1154.0 2271.5 1150.0 2271.5 1147.0 2269.5 1143.0 2268.5 1136.0 2266.5 1132.0 2264.5 1120.0 2262.5 1112.0 2260.5 1108.0 2257.5 1099.0 2256.5 1092.0 2254.5 1088.0 2254.5 1085.0 2251.5 1078.0 2248.5 1068.0 2248.5 1063.0 2247.5 1062.0 2247.5 1057.0 2246.5 1056.0 2244.5 1047.0 2242.5 1044.0 2239.5 1034.0 2239.5 1031.0 2236.5 1024.0 2233.5 1013.0 2231.5 1009.0 2231.5 1006.0 2228.5 999.0 2227.5 992.0 2224.5 985.0 2224.5 982.0 2222.5 977.0 2222.5 972.0 2221.5 967.0 2218.5 959.0 2218.5 957.0 2215.5 951.0 2215.5 947.0 2213.5 942.0 2212.5 935.0 2210.5 931.0 2209.5 926.0 2207.5 922.0 2206.5 914.0 2204.5 910.0 2202.5 901.0 2201.5 894.0 2198.5 887.0 2195.5 875.0 2193.5 871.0 2193.5 868.0 2190.5 861.0 2190.5 857.0 2188.5 851.0 2188.5 847.0 2181.5 829.0 2179.5 817.0 2176.5 808.0 2176.5 805.0 2174.5 800.0 2174.5 797.0 2171.5 788.0 2171.5 785.0 2166.5 772.0 2166.5 768.0 2164.5 762.0 2164.5 755.0 2163.5 754.0 2163.5 748.0 2162.5 747.0 2162.5 737.0 2164.5 731.0 2168.0 727.5 2174.0 724.5 2177.0 724.5 2181.0 722.5 2185.0 722.5 2190.0 720.5 2200.0 718.5 2204.0 718.5 2213.0 715.5 2220.0 715.5 2221.0 714.5 2226.0 714.5 2227.0 713.5 2235.0 713.5 2236.0 712.5 2242.0 711.5 2246.5 707.0 2250.5 698.0 2250.5 691.0 2251.5 690.0 2251.5 675.0 2252.5 674.0 2252.5 666.0 2248.5 653.0 2246.5 649.0 2244.5 639.0 2244.5 635.0 2242.5 629.0 2238.5 622.0 2237.5 616.0 2235.5 612.0 2233.5 603.0 2231.5 599.0 2231.5 588.0 2232.5 584.0 2236.5 574.0 2243.5 561.0 2251.0 553.5 2265.0 547.5 2268.5 543.0 2269.5 538.0 2269.5 531.0 2271.5 528.0 2273.5 521.0 2276.5 516.0 2286.0 506.5 2289.0 504.5 2293.0 504.5 2302.0 502.5 2315.0 497.5 2320.0 496.5 2326.0 496.5 2327.0 495.5 2332.0 495.5 2338.0 493.5 2344.0 493.5 2345.0 492.5 2350.0 492.5 2356.0 490.5 2361.0 490.5 2376.0 487.5 2380.0 485.5 2395.0 482.5 2400.0 480.5 2410.0 478.5 2416.0 478.5 2417.0 477.5 2424.0 477.5 2425.0 476.5 2430.0 476.5 2431.0 475.5 2437.0 475.5 2438.0 474.5 2447.0 474.5 2452.0 472.5 2461.0 470.5 2467.0 467.5 2472.0 467.5 2473.0 466.5 2480.0 466.5 2485.0 465.5 2493.0 462.5 2498.0 461.5 2506.0 461.5 2507.0 460.5 2514.0 460.5 2528.0 457.5 2532.0 455.5 2541.0 453.5 2548.0 453.5 2549.0 452.5 2555.0 452.5 2556.0 451.5 2570.0 451.5 2575.0 450.5 2586.0 445.5 2588.0 443.5 2596.0 441.5 2599.0 439.5 2604.0 438.5 2608.0 436.5 2617.0 434.5 2621.0 434.5 2626.0 432.5 2631.0 431.5 2636.0 431.5 2637.0 430.5 2647.0 430.5 2648.0 429.5 2654.0 429.5 2655.0 428.5 2662.0 428.5 2663.0 427.5 2668.0 427.5 2669.0 426.5 2674.0 426.5 2680.0 424.5 2686.0 424.5 2687.0 423.5 2692.0 423.5 2702.0 421.5 2707.0 419.5 2713.0 419.5 2714.0 418.5 2719.0 418.5 2720.0 417.5 2725.0 417.5 2726.0 416.5 2732.0 416.5 2733.0 415.5 2748.0 415.5 2751.0 416.5 2756.0 413.5 2763.5 406.0 2767.5 395.0 2772.5 386.0 2772.5 384.0 2777.5 375.0 2782.0 370.5 2791.0 366.5 2793.0 364.5 2802.0 361.5 2811.0 356.5 2823.0 356.5 2824.0 357.5 2834.0 359.5 2838.0 359.5 2847.0 362.5 2852.0 362.5 2853.0 363.5 2859.0 363.5 2868.0 366.5 2873.5 370.0 2881.5 384.0 2881.5 401.0 2880.5 402.0 2880.5 411.0 2885.0 416.5 2892.0 416.5 2897.0 414.5 2908.0 414.5 2909.0 415.5 2925.0 415.5 2926.0 414.5 2933.0 414.5 2938.0 416.5 2942.0 416.5 2949.0 419.5 2954.0 423.5 2959.5 429.0 2961.5 433.0 2964.5 436.0 2967.5 441.0 2970.5 448.0 2972.5 450.0 2974.5 455.0 2982.5 466.0 2983.5 469.0 2986.5 473.0 2986.5 475.0 2993.5 486.0 2996.5 494.0 2998.5 502.0 2999.5 503.0 3002.5 511.0 3006.5 516.0 3010.5 525.0 3010.5 527.0 3014.0 531.5 3020.0 534.5 3025.0 534.5 3026.0 533.5 3032.0 533.5 3033.0 532.5 3041.0 532.5 3042.0 531.5 3048.0 531.5 3052.0 530.5 3059.0 527.5 3066.0 526.5 3067.0 525.5 3072.0 525.5 3073.0 524.5 3079.0 524.5 3080.0 523.5 3085.0 523.5 3090.0 522.5 3095.0 520.5 3100.0 519.5 3107.0 519.5 3108.0 518.5 3113.0 518.5 3117.0 517.5 3124.0 514.5 3129.0 513.5 3134.0 513.5 3135.0 512.5 3140.0 512.5 3145.0 511.5 3154.0 508.5 3159.0 507.5 3164.0 507.5 3165.0 506.5 3174.0 505.5 3180.0 503.5 3186.0 500.5 3191.5 495.0 3194.5 487.0 3196.5 484.0 3204.5 476.0 3213.5 461.0 3214.5 458.0 3224.5 446.0 3226.5 441.0 3229.5 437.0 3235.5 431.0 3237.5 426.0 3241.5 420.0 3247.5 413.0 3252.5 403.0 3264.5 391.0 3271.5 377.0 3274.5 372.0 3282.0 364.5 3283.0 364.5 3288.5 359.0 3292.5 352.0 3297.5 347.0 3304.5 333.0 3307.5 328.0 3309.5 323.0 3312.5 319.0 3323.0 308.5 3334.0 300.5 3338.0 296.5 3358.0 289.5 3363.0 289.5 3369.0 287.5 3374.0 287.5 3375.0 286.5 3380.0 286.5 3381.0 285.5 3387.0 285.5 3388.0 284.5 3393.0 284.5 3399.0 282.5 3404.0 282.5 3408.0 281.5 3419.0 276.5 3422.0 274.5 3428.0 272.5 3440.0 272.5 3441.0 271.5 3448.0 271.5 3449.0 270.5 3454.0 270.5 3455.0 269.5 3463.0 269.5 3464.0 268.5 3472.0 268.5 3475.0 267.5 3481.0 263.5 3490.0 259.5 3495.0 259.5 3496.0 258.5 3505.0 257.5 3510.0 255.5 3515.0 254.5 3522.0 254.5 3523.0 253.5 3530.0 253.5 3535.0 252.5 3540.0 250.5 3543.0 250.5 3547.0 248.5 3553.0 248.5 3554.0 247.5 3560.0 247.5 3565.0 246.5 3570.0 244.5 3575.0 244.5 3576.0 243.5 3583.0 243.5 3584.0 242.5 3591.0 242.5 3592.0 241.5 3598.0 241.5 3603.0 239.5 3614.0 239.5 3621.0 242.5 3625.0 241.5 3636.0 233.5 3642.0 230.5 3646.5 226.0 3648.5 223.0 3649.5 219.0 3658.5 210.0 3664.5 198.0 3664.5 197.0 3674.0 188.5 3677.0 188.5 3683.0 186.5 3686.0 184.5 3700.0 181.5 3701.0 180.5 3716.0 180.5 3717.0 181.5 3726.0 182.5 3727.0 183.5 3741.0 186.5 3752.0 191.5 3759.0 192.5 3761.0 194.5 3767.0 197.5 3774.0 203.5 3779.0 205.5 3784.0 209.5 3789.0 209.5 3797.0 203.5 3803.0 202.5 3811.0 199.5 3816.0 199.5 3817.0 198.5 3839.0 198.5
dispensing_tube_rack 3295.5 475.0 3301.0 474.5 3306.0 472.5 3313.0 471.5 3318.5 470.0 3308.0 459.5 3303.0 459.5 3302.0 460.5 3294.0 461.5 3291.0 463.5 3286.5 468.0 3285.5 472.0 3290.0 475.5 3295.5 475.0
dispensing_tube_rack 3707.5 1130.0 3702.5 1126.0 3700.5 1118.0 3697.0 1114.5 3694.0 1113.5 3681.0 1113.5 3677.5 1116.0 3677.5 1119.0 3684.0 1130.5 3707.0 1130.5 3707.5 1130.0
dispensing_tube_rack 3839.0 1175.5 3832.0 1175.5 3826.0 1178.5 3822.0 1181.5 3815.0 1183.5 3809.0 1187.5 3806.0 1188.5 3800.0 1192.5 3795.0 1194.5 3790.0 1195.5 3785.0 1197.5 3781.0 1200.5 3778.0 1201.5 3770.0 1207.5 3767.0 1208.5 3762.0 1212.5 3757.0 1214.5 3751.0 1218.5 3746.5 1224.0 3746.5 1230.0 3745.5 1231.0 3745.5 1238.0 3749.5 1245.0 3753.5 1255.0 3761.5 1263.0 3763.5 1266.0 3765.5 1272.0 3765.5 1275.0 3767.5 1280.0 3768.5 1285.0 3768.5 1300.0 3765.5 1306.0 3761.5 1310.0 3761.5 1314.0 3766.0 1317.5 3774.0 1318.5 3784.0 1314.5 3797.0 1307.5 3805.0 1305.5 3810.0 1303.5 3815.0 1300.5 3827.0 1297.5 3833.0 1294.5 3839.0 1294.5
dispensing_tube_rack 2465.5 1548.0 2469.5 1543.0 2481.5 1531.0 2486.5 1523.0 2489.5 1520.0 2490.5 1517.0 2507.0 1500.5 2508.0 1500.5 2514.5 1495.0 2515.5 1492.0 2524.5 1474.0 2525.5 1469.0 2525.5 1464.0 2526.5 1460.0 2525.5 1459.0 2525.5 1451.0 2524.5 1450.0 2524.5 1445.0 2523.5 1444.0 2521.5 1433.0 2519.5 1429.0 2518.5 1424.0 2518.5 1418.0 2517.5 1413.0 2515.5 1408.0 2515.5 1404.0 2513.5 1396.0 2511.5 1392.0 2511.5 1389.0 2507.5 1378.0 2504.5 1373.0 2504.5 1371.0 2500.5 1359.0 2499.5 1354.0 2494.5 1342.0 2490.5 1337.0 2488.5 1333.0 2486.5 1323.0 2485.5 1322.0 2485.5 1314.0 2484.5 1313.0 2484.5 1308.0 2476.5 1290.0 2473.5 1279.0 2470.5 1274.0 2469.5 1269.0 2464.0 1262.5 2459.0 1261.5 2444.0 1261.5 2443.0 1262.5 2437.0 1262.5 2436.0 1263.5 2431.0 1263.5 2418.0 1266.5 2417.0 1267.5 2412.0 1267.5 2411.0 1268.5 2400.0 1268.5 2399.0 1269.5 2391.0 1269.5 2382.0 1273.5 2376.5 1279.0 2374.5 1284.0 2374.5 1312.0 2377.5 1317.0 2381.0 1319.5 2386.5 1325.0 2389.5 1332.0 2390.5 1339.0 2392.5 1343.0 2393.5 1348.0 2396.5 1354.0 2398.5 1363.0 2398.5 1370.0 2401.5 1381.0 2401.5 1386.0 2402.5 1387.0 2402.5 1394.0 2403.5 1395.0 2403.5 1402.0 2404.5 1407.0 2408.5 1418.0 2412.5 1426.0 2419.5 1444.0 2421.5 1456.0 2423.5 1464.0 2426.5 1471.0 2428.5 1474.0 2428.5 1477.0 2430.5 1481.0 2430.5 1484.0 2434.5 1498.0 2436.5 1500.0 2441.5 1511.0 2441.5 1518.0 2443.5 1524.0 2449.5 1534.0 2454.0 1548.5 2465.0 1548.5 2465.5 1548.0
dispensing_tube_rack 3650.5 1374.0 3653.5 1370.0 3650.0 1367.5 3645.0 1369.5 3641.0 1369.5 3639.5 1371.0 3641.0 1373.5 3644.0 1374.5 3650.5 1374.0
dispensing_tube_rack 3232.5 1444.0 3236.0 1442.5 3245.0 1435.5 3248.0 1434.5 3253.0 1434.5 3254.0 1433.5 3260.0 1433.5 3267.5 1430.0 3266.5 1429.0 3265.5 1422.0 3261.0 1418.5 3251.0 1418.5 3250.0 1417.5 3245.0 1417.5 3244.0 1418.5 3234.0 1418.5 3223.0 1422.5 3215.0 1424.5 3211.0 1426.5 3206.5 1431.0 3208.5 1436.0 3215.0 1442.5 3219.0 1444.5 3232.0 1444.5 3232.5 1444.0
dispensing_tube_rack 2574.5 1615.0 2579.0 1612.5 2589.0 1608.5 2595.0 1608.5 2596.0 1607.5 2603.0 1607.5 2604.0 1606.5 2615.0 1606.5 2616.0 1605.5 2621.0 1605.5 2626.0 1603.5 2641.0 1600.5 2646.0 1600.5 2651.0 1599.5 2660.0 1596.5 2665.0 1595.5 2671.0 1595.5 2672.0 1594.5 2678.0 1594.5 2679.0 1593.5 2684.0 1593.5 2693.0 1591.5 2707.0 1586.5 2713.0 1586.5 2714.0 1585.5 2724.0 1585.5 2725.0 1584.5 2733.0 1584.5 2734.0 1583.5 2744.0 1583.5 2745.0 1582.5 2754.0 1582.5 2759.0 1581.5 2768.0 1576.5 2774.0 1576.5 2780.0 1578.5 2792.0 1578.5 2808.0 1574.5 2820.0 1568.5 2824.0 1567.5 2831.0 1567.5 2832.0 1566.5 2840.0 1566.5 2841.0 1565.5 2848.0 1565.5 2849.0 1564.5 2859.0 1564.5 2860.0 1563.5 2869.0 1563.5 2879.0 1561.5 2888.0 1558.5 2897.0 1558.5 2898.0 1557.5 2906.0 1557.5 2907.0 1556.5 2913.0 1556.5 2914.0 1555.5 2925.0 1555.5 2926.0 1554.5 2934.0 1554.5 2935.0 1553.5 2947.0 1549.5 2952.0 1549.5 2953.0 1548.5 2958.0 1548.5 2959.0 1547.5 2964.0 1547.5 2965.0 1546.5 2971.0 1546.5 2972.0 1545.5 2977.0 1545.5 2978.0 1544.5 2983.0 1544.5 2984.0 1543.5 2989.0 1543.5 2990.0 1542.5 3009.0 1542.5 3010.0 1541.5 3015.0 1541.5 3016.0 1540.5 3022.0 1540.5 3023.0 1539.5 3027.0 1540.5 3040.0 1540.5 3041.0 1539.5 3050.0 1537.5 3056.0 1532.5 3066.0 1526.5 3086.0 1526.5 3087.0 1525.5 3093.0 1525.5 3094.0 1524.5 3110.0 1524.5 3116.0 1521.5 3120.0 1518.5 3125.0 1513.5 3126.0 1513.5 3132.5 1508.0 3138.5 1495.0 3138.5 1489.0 3135.5 1480.0 3134.5 1479.0 3134.5 1474.0 3132.5 1468.0 3130.5 1459.0 3128.5 1457.0 3126.5 1450.0 3121.0 1444.5 3115.0 1442.5 3102.0 1442.5 3101.0 1443.5 3092.0 1443.5 3091.0 1444.5 3086.0 1444.5 3085.0 1445.5 3076.0 1445.5 3075.0 1446.5 3066.0 1446.5 3065.0 1447.5 3048.0 1450.5 3047.0 1451.5 3040.0 1451.5 3039.0 1452.5 3034.0 1452.5 3029.0 1454.5 3024.0 1454.5 3023.0 1455.5 3014.0 1455.5 3013.0 1456.5 3007.0 1456.5 3003.0 1458.5 2998.0 1459.5 2995.0 1461.5 2991.0 1462.5 2985.0 1462.5 2984.0 1463.5 2979.0 1463.5 2978.0 1464.5 2969.0 1465.5 2968.0 1466.5 2963.0 1466.5 2962.0 1467.5 2957.0 1467.5 2956.0 1468.5 2950.0 1468.5 2949.0 1469.5 2944.0 1469.5 2938.0 1471.5 2932.0 1471.5 2931.0 1472.5 2923.0 1472.5 2922.0 1473.5 2915.0 1473.5 2914.0 1474.5 2909.0 1474.5 2904.0 1476.5 2899.0 1476.5 2898.0 1477.5 2893.0 1477.5 2892.0 1478.5 2887.0 1478.5 2886.0 1479.5 2881.0 1479.5 2866.0 1482.5 2865.0 1483.5 2860.0 1483.5 2854.0 1485.5 2845.0 1486.5 2844.0 1487.5 2839.0 1487.5 2838.0 1488.5 2833.0 1488.5 2832.0 1489.5 2826.0 1489.5 2821.0 1491.5 2817.0 1491.5 2808.0 1494.5 2803.0 1495.5 2798.0 1495.5 2788.0 1497.5 2787.0 1498.5 2781.0 1498.5 2780.0 1499.5 2767.0 1499.5 2766.0 1500.5 2759.0 1500.5 2758.0 1501.5 2751.0 1501.5 2750.0 1502.5 2740.0 1502.5 2739.0 1503.5 2733.0 1503.5 2722.0 1506.5 2717.0 1506.5 2716.0 1507.5 2710.0 1507.5 2705.0 1509.5 2702.0 1509.5 2698.0 1511.5 2695.0 1511.5 2691.0 1513.5 2686.0 1513.5 2685.0 1514.5 2680.0 1514.5 2679.0 1515.5 2674.0 1515.5 2663.0 1518.5 2658.0 1518.5 2648.0 1520.5 2642.0 1522.5 2636.0 1525.5 2629.0 1526.5 2628.0 1527.5 2623.0 1527.5 2614.0 1530.5 2611.0 1532.5 2603.5 1540.0 2600.5 1545.0 2595.0 1550.5 2594.0 1550.5 2574.5 1570.0 2574.5 1572.0 2571.5 1577.0 2566.0 1582.5 2563.0 1583.5 2559.0 1586.5 2553.5 1592.0 2552.0 1594.5 2543.0 1603.5 2538.0 1607.5 2533.5 1610.0 2533.5 1613.0 2535.0 1614.5 2540.0 1615.5 2574.0 1615.5 2574.5 1615.0
dispensing_tube_rack 3249.0 1734.5 3246.5 1734.0 3248.0 1732.5 3249.0 1734.5
