blood_tube 1470.0 1637.5 1459.0 1637.5 1455.0 1635.5 1447.0 1633.5 1442.5 1629.0 1436.5 1620.0 1430.5 1607.0 1426.5 1601.0 1422.0 1596.5 1419.0 1594.5 1412.0 1591.5 1406.0 1587.5 1399.5 1581.0 1396.5 1577.0 1392.5 1570.0 1381.5 1557.0 1376.5 1550.0 1376.5 1548.0 1373.5 1542.0 1369.5 1537.0 1366.5 1530.0 1363.5 1525.0 1362.5 1520.0 1362.5 1509.0 1363.5 1505.0 1369.5 1493.0 1373.5 1488.0 1380.5 1481.0 1380.5 1480.0 1385.0 1475.5 1393.0 1472.5 1398.0 1469.5 1404.0 1467.5 1412.0 1467.5 1413.0 1466.5 1419.0 1466.5 1424.0 1467.5 1432.0 1470.5 1439.0 1477.5 1440.0 1477.5 1446.5 1484.0 1446.5 1485.0 1455.5 1494.0 1456.5 1497.0 1460.5 1503.0 1467.5 1510.0 1467.5 1511.0 1474.5 1518.0 1478.5 1524.0 1482.5 1532.0 1484.5 1538.0 1484.5 1543.0 1485.5 1548.0 1487.5 1552.0 1490.0 1554.5 1496.0 1557.5 1504.5 1566.0 1506.5 1569.0 1507.5 1574.0 1511.5 1580.0 1512.5 1583.0 1512.5 1597.0 1510.5 1600.0 1504.5 1613.0 1500.5 1618.0 1495.5 1626.0 1490.0 1630.5 1487.0 1631.5 1480.0 1635.5 1477.0 1636.5 1471.0 1636.5 1470.0 1637.5
blood_tube 1810.0 1632.5 1801.0 1630.5 1798.0 1628.5 1794.0 1627.5 1788.0 1621.5 1784.0 1618.5 1779.0 1616.5 1773.0 1610.5 1772.0 1610.5 1761.0 1599.5 1760.0 1599.5 1754.5 1594.0 1751.5 1590.0 1750.5 1584.0 1747.5 1577.0 1747.5 1575.0 1742.5 1566.0 1740.5 1558.0 1740.5 1553.0 1739.5 1552.0 1737.5 1544.0 1736.5 1543.0 1735.5 1536.0 1734.5 1535.0 1734.5 1530.0 1732.5 1524.0 1732.5 1507.0 1738.5 1496.0 1742.5 1491.0 1753.0 1480.5 1759.0 1476.5 1768.0 1473.5 1775.0 1470.5 1784.0 1470.5 1785.0 1469.5 1794.0 1469.5 1795.0 1470.5 1800.0 1470.5 1807.0 1472.5 1815.0 1477.5 1816.0 1477.5 1825.5 1487.0 1829.5 1492.0 1834.5 1507.0 1835.5 1508.0 1836.5 1515.0 1837.5 1516.0 1839.5 1525.0 1841.5 1530.0 1844.5 1535.0 1847.5 1546.0 1847.5 1551.0 1848.5 1552.0 1848.5 1576.0 1849.5 1577.0 1849.5 1582.0 1850.5 1587.0 1852.5 1592.0 1852.5 1602.0 1851.5 1606.0 1848.5 1613.0 1838.0 1623.5 1832.0 1625.5 1825.0 1629.5 1818.0 1631.5 1811.0 1631.5 1810.0 1632.5
blood_tube 1209.0 448.5 1194.0 448.5 1190.0 447.5 1183.0 444.5 1178.5 440.0 1176.5 434.0 1176.5 431.0 1174.5 427.0 1174.5 424.0 1171.5 417.0 1170.5 412.0 1166.5 405.0 1159.5 389.0 1159.5 387.0 1156.5 382.0 1156.5 377.0 1157.5 376.0 1157.5 369.0 1159.5 364.0 1166.0 357.5 1173.0 353.5 1178.0 351.5 1181.0 351.5 1185.0 349.5 1190.0 349.5 1191.0 348.5 1199.0 348.5 1200.0 349.5 1208.0 349.5 1216.0 353.5 1220.5 359.0 1221.5 364.0 1223.5 367.0 1225.5 374.0 1228.5 379.0 1230.5 386.0 1235.5 394.0 1235.5 396.0 1238.5 401.0 1238.5 403.0 1244.5 414.0 1244.5 420.0 1245.5 421.0 1245.5 426.0 1244.5 429.0 1235.0 438.5 1226.0 443.5 1217.0 445.5 1209.0 448.5
blood_tube 1311.0 445.5 1309.0 444.5 1298.0 444.5 1290.0 441.5 1282.5 434.0 1278.5 422.0 1269.5 404.0 1266.5 392.0 1261.5 381.0 1260.5 376.0 1260.5 365.0 1264.5 356.0 1268.0 352.5 1273.0 349.5 1277.0 348.5 1282.0 345.5 1287.0 344.5 1292.0 344.5 1293.0 343.5 1302.0 343.5 1303.0 344.5 1310.0 344.5 1317.0 348.5 1322.5 354.0 1322.5 356.0 1326.5 362.0 1327.5 365.0 1332.5 372.0 1332.5 374.0 1335.5 379.0 1343.5 399.0 1346.5 403.0 1350.5 411.0 1350.5 425.0 1348.5 429.0 1343.0 434.5 1339.0 437.5 1328.0 442.5 1319.0 444.5 1312.0 444.5 1311.0 445.5
blood_tube 1449.0 428.5 1446.0 427.5 1444.5 424.0 1448.0 417.5 1449.5 418.0 1450.5 426.0 1449.0 428.5
blood_tube 1106.0 447.5 1096.0 447.5 1095.0 446.5 1088.0 446.5 1082.0 444.5 1076.5 439.0 1075.5 435.0 1073.5 432.0 1072.5 425.0 1070.5 421.0 1067.5 408.0 1062.5 399.0 1060.5 394.0 1059.5 389.0 1055.5 381.0 1055.5 375.0 1054.5 374.0 1054.5 367.0 1056.5 363.0 1059.0 360.5 1071.0 353.5 1086.0 350.5 1087.0 349.5 1094.0 349.5 1095.0 350.5 1103.0 350.5 1112.0 355.5 1116.5 361.0 1119.5 367.0 1120.5 372.0 1125.5 383.0 1132.5 395.0 1133.5 400.0 1137.5 409.0 1139.5 412.0 1141.5 421.0 1141.5 427.0 1139.5 431.0 1131.0 439.5 1121.0 444.5 1112.0 446.5 1107.0 446.5 1106.0 447.5
 5ML_centrifuge_tube 3130.0 337.5 3125.0 336.5 3113.0 336.5 3112.0 335.5 3105.0 335.5 3100.0 333.5 3097.0 333.5 3091.0 330.5 3083.0 328.5 3078.0 325.5 3076.0 325.5 3072.0 322.5 3069.0 321.5 3063.5 316.0 3063.5 315.0 3058.5 310.0 3056.5 306.0 3056.5 292.0 3061.5 281.0 3063.5 274.0 3067.5 267.0 3069.5 260.0 3077.5 245.0 3081.5 239.0 3086.0 234.5 3095.0 229.5 3100.0 228.5 3104.0 226.5 3107.0 226.5 3111.0 224.5 3119.0 224.5 3120.0 223.5 3146.0 223.5 3147.0 224.5 3152.0 224.5 3157.0 225.5 3162.0 227.5 3171.0 229.5 3178.0 232.5 3183.0 233.5 3189.0 236.5 3199.5 247.0 3204.5 259.0 3204.5 265.0 3200.5 275.0 3200.5 277.0 3197.5 282.0 3193.5 292.0 3186.5 303.0 3184.5 309.0 3177.5 319.0 3171.0 325.5 3165.0 328.5 3157.0 333.5 3150.0 334.5 3144.0 336.5 3131.0 336.5 3130.0 337.5
 5ML_centrifuge_tube 2896.0 352.5 2875.0 352.5 2874.0 351.5 2866.0 351.5 2865.0 350.5 2859.0 350.5 2849.0 346.5 2843.0 345.5 2834.0 339.5 2830.0 337.5 2822.5 331.0 2818.5 324.0 2818.5 312.0 2819.5 311.0 2819.5 305.0 2820.5 300.0 2824.5 286.0 2826.5 283.0 2828.5 275.0 2830.5 272.0 2832.5 264.0 2835.5 258.0 2840.0 252.5 2854.0 244.5 2863.0 242.5 2871.0 239.5 2877.0 239.5 2878.0 238.5 2899.0 238.5 2900.0 239.5 2905.0 239.5 2911.0 241.5 2918.0 242.5 2919.0 243.5 2928.0 245.5 2931.0 247.5 2938.0 249.5 2943.0 252.5 2949.5 259.0 2954.5 268.0 2956.5 274.0 2956.5 279.0 2953.5 286.0 2948.5 301.0 2946.5 306.0 2939.5 321.0 2930.5 335.0 2926.0 339.5 2925.0 339.5 2920.0 344.5 2912.0 348.5 2904.0 350.5 2903.0 351.5 2897.0 351.5 2896.0 352.5
 10ML_centrifuge_tube 2590.0 476.5 2573.0 476.5 2568.0 475.5 2559.0 472.5 2553.0 469.5 2546.5 463.0 2543.5 455.0 2543.5 439.0 2545.5 433.0 2545.5 429.0 2547.5 425.0 2549.5 417.0 2550.5 416.0 2553.5 406.0 2561.0 398.5 2564.0 396.5 2572.0 393.5 2579.0 392.5 2585.0 390.5 2593.0 390.5 2594.0 391.5 2604.0 391.5 2609.0 393.5 2613.0 393.5 2622.0 397.5 2626.0 400.5 2630.5 405.0 2633.5 410.0 2634.5 414.0 2634.5 430.0 2631.5 438.0 2631.5 443.0 2630.5 448.0 2626.5 462.0 2624.5 465.0 2620.0 469.5 2611.0 473.5 2602.0 475.5 2591.0 475.5 2590.0 476.5
 10ML_centrifuge_tube 2949.0 525.5 2948.0 524.5 2942.0 524.5 2941.0 523.5 2929.0 521.5 2919.0 517.5 2915.5 514.0 2915.5 509.0 2914.5 508.0 2914.5 503.0 2917.0 501.5 2923.0 501.5 2924.0 502.5 2934.0 502.5 2935.0 503.5 2947.0 503.5 2953.0 506.5 2955.0 508.5 2964.0 512.5 2967.5 515.0 2967.5 519.0 2964.0 522.5 2958.0 524.5 2950.0 524.5 2949.0 525.5
 10ML_centrifuge_tube 2637.0 595.5 2617.0 595.5 2616.0 594.5 2611.0 594.5 2601.0 592.5 2595.0 589.5 2589.0 587.5 2586.0 585.5 2580.5 580.0 2578.5 577.0 2577.5 572.0 2575.5 567.0 2575.5 559.0 2577.5 553.0 2579.5 550.0 2581.5 538.0 2585.5 527.0 2591.5 516.0 2601.0 506.5 2607.0 504.5 2616.0 504.5 2617.0 503.5 2644.0 503.5 2648.0 504.5 2655.0 507.5 2667.0 514.5 2670.5 521.0 2670.5 533.0 2667.5 540.0 2666.5 545.0 2664.5 549.0 2663.5 555.0 2661.5 558.0 2661.5 561.0 2655.5 574.0 2655.5 577.0 2650.5 587.0 2650.5 588.0 2645.0 593.5 2638.0 594.5 2637.0 595.5
 10ML_centrifuge_tube 3620.0 389.5 3617.0 388.5 3609.0 388.5 3603.5 384.0 3599.5 377.0 3592.5 369.0 3592.5 368.0 3586.5 362.0 3586.5 361.0 3578.5 353.0 3576.5 350.0 3576.5 347.0 3573.5 341.0 3571.5 339.0 3574.0 337.5 3587.0 337.5 3588.0 338.5 3595.0 338.5 3609.0 345.5 3613.0 346.5 3617.0 349.5 3622.0 354.5 3625.5 357.0 3629.5 364.0 3629.5 370.0 3625.5 378.0 3623.5 384.0 3620.0 389.5
 10ML_sorting_tube_rack 1168.0 823.5 1150.0 823.5 1149.0 822.5 1100.0 822.5 1096.0 819.5 1092.5 815.0 1088.5 807.0 1087.5 802.0 1081.5 792.0 1077.5 780.0 1073.5 775.0 1070.5 770.0 1068.5 765.0 1066.5 763.0 1060.5 750.0 1054.5 743.0 1047.5 728.0 1038.5 716.0 1034.5 707.0 1031.5 702.0 1028.5 699.0 1025.5 694.0 1023.5 689.0 1018.5 682.0 1014.5 678.0 1011.5 672.0 1009.5 670.0 1008.5 666.0 1004.5 658.0 996.5 647.0 993.5 640.0 991.5 638.0 989.5 633.0 982.5 622.0 978.5 617.0 975.5 611.0 975.5 609.0 971.5 601.0 966.5 594.0 966.5 587.0 971.5 572.0 976.5 563.0 977.5 558.0 985.5 544.0 989.5 536.0 991.5 529.0 994.5 524.0 994.5 522.0 1001.5 511.0 1004.5 503.0 1005.5 498.0 1010.5 489.0 1014.5 479.0 1016.5 476.0 1022.5 462.0 1022.5 460.0 1030.5 447.0 1036.5 432.0 1039.5 427.0 1039.5 425.0 1042.5 417.0 1047.0 412.5 1052.0 410.5 1055.0 407.5 1059.0 406.5 1068.5 416.0 1072.5 424.0 1073.5 429.0 1078.5 435.0 1080.5 440.0 1085.0 444.5 1089.0 446.5 1095.0 446.5 1096.0 447.5 1104.0 447.5 1109.0 445.5 1118.0 444.5 1124.0 441.5 1129.0 437.5 1135.0 434.5 1141.5 428.0 1143.5 425.0 1143.5 410.0 1137.5 400.0 1137.5 397.0 1140.0 393.5 1144.0 391.5 1150.0 391.5 1152.0 392.5 1167.5 408.0 1173.5 419.0 1174.5 426.0 1176.5 432.0 1178.5 435.0 1179.5 439.0 1184.0 443.5 1193.0 447.5 1197.0 446.5 1207.0 446.5 1212.0 445.5 1224.0 441.5 1233.0 434.5 1238.0 432.5 1245.5 425.0 1246.5 419.0 1247.5 418.0 1248.5 412.0 1246.5 407.0 1241.5 400.0 1241.5 395.0 1249.0 390.5 1258.0 390.5 1265.0 393.5 1269.5 401.0 1271.5 410.0 1277.5 418.0 1279.5 423.0 1280.5 428.0 1282.5 431.0 1287.0 435.5 1288.0 435.5 1294.0 440.5 1305.0 443.5 1315.0 443.5 1329.0 437.5 1339.0 431.5 1340.0 431.5 1345.5 426.0 1349.5 415.0 1349.5 410.0 1345.5 405.0 1342.5 400.0 1342.5 395.0 1343.5 393.0 1348.0 388.5 1355.0 384.5 1359.0 383.5 1375.0 383.5 1376.0 382.5 1382.0 382.5 1383.0 381.5 1394.0 381.5 1395.0 380.5 1409.0 380.5 1410.0 381.5 1424.0 381.5 1425.0 380.5 1438.0 380.5 1439.0 379.5 1494.0 379.5 1498.0 381.5 1501.5 385.0 1502.5 389.0 1505.5 394.0 1509.5 414.0 1511.5 418.0 1511.5 421.0 1514.5 429.0 1514.5 436.0 1515.5 441.0 1520.5 447.0 1524.5 455.0 1525.5 459.0 1525.5 465.0 1528.5 474.0 1528.5 479.0 1532.5 489.0 1532.5 496.0 1533.5 500.0 1536.5 506.0 1538.5 508.0 1542.5 518.0 1543.5 523.0 1543.5 528.0 1544.5 529.0 1545.5 535.0 1547.5 538.0 1549.5 547.0 1552.5 556.0 1553.5 563.0 1555.5 567.0 1555.5 570.0 1557.5 575.0 1557.5 578.0 1559.5 584.0 1563.5 591.0 1565.5 599.0 1568.5 606.0 1569.5 613.0 1570.5 614.0 1570.5 619.0 1571.5 620.0 1571.5 625.0 1570.5 626.0 1570.5 632.0 1569.5 633.0 1569.5 638.0 1568.5 639.0 1568.5 648.0 1567.5 649.0 1567.5 655.0 1565.5 661.0 1565.5 666.0 1564.5 667.0 1564.5 680.0 1563.5 681.0 1563.5 696.0 1562.5 697.0 1562.5 702.0 1561.5 703.0 1560.5 709.0 1556.5 717.0 1555.5 722.0 1553.5 725.0 1550.5 738.0 1550.5 743.0 1549.5 744.0 1549.5 754.0 1548.5 755.0 1548.5 764.0 1547.5 765.0 1547.5 771.0 1546.5 772.0 1546.5 777.0 1545.5 782.0 1542.5 789.0 1541.5 796.0 1538.5 803.0 1533.0 808.5 1525.0 812.5 1505.0 812.5 1504.0 813.5 1488.0 813.5 1487.0 814.5 1393.0 814.5 1392.0 813.5 1385.0 813.5 1384.0 814.5 1379.0 814.5 1378.0 815.5 1353.0 815.5 1352.0 816.5 1317.0 816.5 1316.0 817.5 1296.0 817.5 1295.0 818.5 1262.0 818.5 1261.0 819.5 1255.0 819.5 1254.0 820.5 1247.0 820.5 1246.0 819.5 1234.0 819.5 1233.0 820.5 1226.0 820.5 1225.0 821.5 1216.0 821.5 1215.0 820.5 1202.0 820.5 1201.0 821.5 1178.0 821.5 1177.0 822.5 1169.0 822.5 1168.0 823.5
 10ML_sorting_tube_rack 1101.5 730.0 1104.5 727.0 1105.5 722.0 1108.5 717.0 1119.5 706.0 1119.5 705.0 1125.5 699.0 1125.5 696.0 1118.0 692.5 1107.0 690.5 1106.0 689.5 1100.0 689.5 1099.0 688.5 1083.0 688.5 1078.0 690.5 1074.5 694.0 1074.5 698.0 1077.5 702.0 1081.5 710.0 1084.5 718.0 1089.0 723.5 1097.0 725.5 1101.5 730.0
 sorting_tube_rack_base 1149.0 889.5 1138.0 889.5 1137.0 888.5 1129.0 888.5 1123.0 886.5 1116.5 882.0 1107.5 870.0 1097.5 855.0 1093.5 850.0 1090.5 845.0 1088.5 839.0 1085.5 836.0 1081.5 830.0 1081.5 824.0 1080.5 823.0 1080.5 815.0 1085.0 806.5 1089.5 813.0 1091.5 819.0 1094.0 821.5 1098.0 823.5 1103.0 824.5 1108.0 824.5 1109.0 823.5 1157.0 823.5 1158.0 822.5 1188.0 822.5 1189.0 821.5 1225.0 821.5 1226.0 820.5 1276.0 820.5 1277.0 819.5 1311.0 819.5 1312.0 818.5 1325.0 818.5 1326.0 817.5 1367.0 817.5 1368.0 816.5 1436.0 816.5 1437.0 815.5 1463.0 815.5 1464.0 814.5 1513.0 814.5 1514.0 813.5 1524.0 813.5 1533.0 809.5 1538.5 804.0 1544.5 789.0 1544.5 784.0 1545.5 783.0 1545.5 777.0 1546.5 776.0 1546.5 770.0 1547.5 769.0 1547.5 760.0 1548.5 759.0 1548.5 753.0 1549.5 752.0 1549.5 746.0 1552.5 735.0 1552.5 730.0 1553.5 729.0 1553.5 719.0 1554.5 718.0 1554.5 710.0 1556.5 705.0 1556.5 700.0 1557.5 699.0 1557.5 694.0 1558.5 693.0 1558.5 687.0 1559.5 686.0 1559.5 681.0 1561.5 673.0 1563.5 669.0 1564.5 664.0 1564.5 659.0 1568.5 642.0 1569.5 641.0 1569.5 635.0 1570.5 634.0 1570.5 629.0 1571.5 628.0 1571.5 607.0 1575.0 603.5 1580.0 602.5 1583.5 606.0 1585.5 610.0 1586.5 615.0 1588.5 618.0 1590.5 627.0 1592.5 631.0 1594.5 639.0 1594.5 642.0 1596.5 647.0 1596.5 652.0 1597.5 653.0 1597.5 660.0 1598.5 661.0 1598.5 674.0 1597.5 675.0 1597.5 683.0 1596.5 684.0 1596.5 691.0 1595.5 692.0 1595.5 698.0 1593.5 704.0 1593.5 709.0 1592.5 710.0 1592.5 715.0 1591.5 716.0 1591.5 721.0 1590.5 722.0 1590.5 727.0 1588.5 732.0 1587.5 737.0 1587.5 742.0 1586.5 743.0 1586.5 750.0 1585.5 751.0 1585.5 757.0 1584.5 758.0 1584.5 764.0 1583.5 765.0 1583.5 770.0 1582.5 771.0 1582.5 777.0 1581.5 778.0 1581.5 784.0 1580.5 785.0 1580.5 790.0 1579.5 791.0 1579.5 797.0 1578.5 798.0 1578.5 804.0 1577.5 805.0 1577.5 811.0 1576.5 812.0 1576.5 818.0 1575.5 819.0 1575.5 825.0 1574.5 826.0 1574.5 831.0 1573.5 832.0 1573.5 839.0 1572.5 840.0 1572.5 848.0 1568.5 863.0 1566.5 866.0 1562.0 870.5 1556.0 874.5 1551.0 876.5 1538.0 879.5 1508.0 879.5 1507.0 880.5 1477.0 880.5 1476.0 881.5 1438.0 881.5 1437.0 882.5 1397.0 882.5 1396.0 883.5 1348.0 883.5 1347.0 884.5 1319.0 884.5 1318.0 885.5 1276.0 885.5 1275.0 886.5 1258.0 886.5 1257.0 885.5 1246.0 885.5 1245.0 886.5 1215.0 886.5 1214.0 887.5 1179.0 887.5 1178.0 888.5 1150.0 888.5 1149.0 889.5
 10ML_centrifuge_tube 0.0 268.5 7.0 268.5 13.0 266.5 18.0 266.5 19.0 265.5 37.0 265.5 51.0 268.5 54.0 270.5 65.5 282.0 69.5 288.0 76.5 295.0 78.5 300.0 82.5 306.0 82.5 310.0 80.5 314.0 79.5 319.0 71.0 327.5 65.0 331.5 57.0 335.5 51.0 337.5 48.0 339.5 43.0 340.5 39.0 342.5 26.0 345.5 19.0 345.5 18.0 346.5 0.0 346.5
 sorting_tube_rack_base 992.0 1322.5 969.0 1322.5 965.0 1321.5 961.0 1318.5 955.0 1315.5 918.5 1279.0 918.5 1278.0 907.5 1267.0 902.5 1251.0 905.5 1247.0 908.5 1241.0 909.5 1236.0 912.5 1231.0 912.5 1229.0 918.5 1215.0 921.5 1210.0 922.5 1205.0 924.5 1202.0 926.5 1196.0 926.5 1193.0 930.5 1186.0 930.5 1184.0 933.5 1179.0 941.5 1159.0 941.5 1157.0 946.5 1146.0 946.5 1143.0 950.5 1136.0 957.5 1120.0 959.5 1114.0 960.5 1107.0 971.5 1085.0 973.5 1078.0 975.5 1075.0 976.5 1070.0 979.5 1065.0 980.5 1060.0 982.5 1055.0 985.5 1050.0 987.5 1042.0 989.5 1037.0 993.5 1030.0 993.5 1028.0 998.5 1013.0 1000.5 1010.0 1005.5 996.0 1012.5 984.0 1016.5 976.0 1021.0 971.5 1029.0 967.5 1032.0 967.5 1039.0 964.5 1049.0 964.5 1050.0 963.5 1108.0 963.5 1109.0 962.5 1123.0 962.5 1124.0 963.5 1135.0 963.5 1136.0 962.5 1141.0 962.5 1142.0 961.5 1148.0 961.5 1149.0 960.5 1164.0 960.5 1165.0 961.5 1174.0 961.5 1179.0 962.5 1180.0 961.5 1218.0 961.5 1219.0 960.5 1251.0 960.5 1252.0 959.5 1258.0 959.5 1259.0 960.5 1269.0 960.5 1270.0 959.5 1292.0 959.5 1293.0 960.5 1298.0 960.5 1299.0 959.5 1304.0 959.5 1310.0 957.5 1328.0 957.5 1329.0 958.5 1336.0 958.5 1337.0 959.5 1348.0 959.5 1349.0 958.5 1359.0 958.5 1360.0 957.5 1453.0 957.5 1454.0 956.5 1499.0 956.5 1504.0 957.5 1508.0 959.5 1514.5 966.0 1516.5 970.0 1520.5 975.0 1521.5 979.0 1524.5 984.0 1524.5 986.0 1527.5 991.0 1527.5 993.0 1530.5 998.0 1532.5 1007.0 1534.5 1010.0 1535.5 1015.0 1535.5 1024.0 1536.5 1025.0 1536.5 1032.0 1535.5 1033.0 1535.5 1044.0 1533.5 1050.0 1533.5 1055.0 1532.5 1056.0 1532.5 1062.0 1531.5 1063.0 1531.5 1069.0 1529.5 1075.0 1529.5 1080.0 1527.5 1086.0 1527.5 1091.0 1526.5 1092.0 1526.5 1098.0 1525.5 1099.0 1525.5 1105.0 1524.5 1110.0 1522.5 1115.0 1521.5 1124.0 1520.5 1125.0 1520.5 1130.0 1517.5 1141.0 1517.5 1146.0 1516.5 1147.0 1515.5 1156.0 1512.5 1167.0 1512.5 1172.0 1510.5 1178.0 1510.5 1184.0 1509.5 1185.0 1509.5 1190.0 1507.5 1196.0 1507.5 1201.0 1506.5 1202.0 1506.5 1208.0 1505.5 1209.0 1505.5 1215.0 1504.5 1216.0 1504.5 1221.0 1503.5 1226.0 1501.5 1231.0 1501.5 1235.0 1499.5 1240.0 1499.5 1245.0 1497.5 1251.0 1497.5 1256.0 1495.5 1262.0 1495.5 1267.0 1494.5 1268.0 1494.5 1273.0 1493.5 1274.0 1493.5 1279.0 1492.5 1280.0 1490.5 1290.0 1487.5 1297.0 1482.0 1303.5 1478.0 1306.5 1464.0 1313.5 1456.0 1315.5 1450.0 1315.5 1449.0 1316.5 1383.0 1316.5 1382.0 1317.5 1359.0 1317.5 1355.0 1316.5 1354.0 1317.5 1258.0 1317.5 1257.0 1318.5 1206.0 1318.5 1205.0 1319.5 1180.0 1319.5 1179.0 1318.5 1174.0 1318.5 1173.0 1319.5 1096.0 1319.5 1095.0 1320.5 1062.0 1320.5 1061.0 1321.5 1048.0 1321.5 1047.0 1320.5 1041.0 1320.5 1040.0 1321.5 993.0 1321.5 992.0 1322.5
 tobe_sorted_tube_rack 0.0 1995.5 5.0 1995.5 9.5 1990.0 9.5 1988.0 16.5 1974.0 18.5 1972.0 24.5 1960.0 24.5 1958.0 28.5 1951.0 30.5 1944.0 34.5 1937.0 35.5 1934.0 40.5 1928.0 42.5 1921.0 45.5 1916.0 45.5 1914.0 48.5 1909.0 50.5 1904.0 56.5 1894.0 58.5 1892.0 63.5 1882.0 64.5 1878.0 67.5 1873.0 71.5 1868.0 73.5 1864.0 76.5 1854.0 78.5 1849.0 83.5 1841.0 84.5 1838.0 88.5 1832.0 95.5 1817.0 101.5 1809.0 107.5 1796.0 113.5 1787.0 117.5 1780.0 117.5 1778.0 121.5 1771.0 121.5 1769.0 124.5 1764.0 130.5 1751.0 130.5 1749.0 134.5 1744.0 142.5 1732.0 143.5 1729.0 147.5 1724.0 151.5 1715.0 153.5 1713.0 155.5 1708.0 158.5 1703.0 165.5 1694.0 168.5 1688.0 174.0 1682.5 177.0 1682.5 182.5 1679.0 185.5 1673.0 186.5 1668.0 186.5 1658.0 188.5 1653.0 191.5 1650.0 198.5 1629.0 203.0 1624.5 209.0 1620.5 216.0 1617.5 220.0 1616.5 230.0 1616.5 231.0 1615.5 255.0 1615.5 256.0 1614.5 288.0 1614.5 289.0 1613.5 300.0 1613.5 301.0 1614.5 334.0 1614.5 335.0 1613.5 403.0 1613.5 404.0 1612.5 460.0 1612.5 461.0 1611.5 471.0 1611.5 472.0 1610.5 481.0 1610.5 482.0 1611.5 487.0 1611.5 488.0 1610.5 502.0 1610.5 503.0 1609.5 507.0 1610.5 523.0 1610.5 524.0 1609.5 588.0 1609.5 589.0 1608.5 645.0 1608.5 646.0 1607.5 716.0 1607.5 717.0 1606.5 732.0 1606.5 733.0 1607.5 748.0 1607.5 749.0 1606.5 829.0 1606.5 830.0 1605.5 846.0 1605.5 847.0 1604.5 903.0 1604.5 904.0 1605.5 913.0 1604.5 919.0 1602.5 941.0 1602.5 942.0 1603.5 961.0 1603.5 962.0 1602.5 982.0 1602.5 983.0 1601.5 1027.0 1601.5 1028.0 1600.5 1075.0 1600.5 1076.0 1599.5 1099.0 1599.5 1100.0 1598.5 1105.0 1599.5 1127.0 1599.5 1128.0 1598.5 1142.0 1598.5 1143.0 1597.5 1157.0 1597.5 1158.0 1598.5 1166.0 1598.5 1167.0 1597.5 1175.0 1597.5 1179.0 1598.5 1181.0 1600.5 1193.0 1606.5 1212.5 1626.0 1212.5 1627.0 1225.5 1640.0 1225.5 1641.0 1230.5 1646.0 1230.5 1647.0 1237.0 1653.5 1238.0 1653.5 1246.5 1662.0 1250.5 1669.0 1255.0 1673.5 1259.0 1675.5 1265.0 1680.5 1270.0 1682.5 1274.5 1688.0 1274.5 1705.0 1267.5 1720.0 1267.5 1725.0 1266.5 1730.0 1264.5 1734.0 1263.5 1743.0 1262.5 1744.0 1262.5 1750.0 1261.5 1751.0 1261.5 1757.0 1260.5 1758.0 1260.5 1764.0 1259.5 1765.0 1259.5 1771.0 1258.5 1775.0 1255.5 1782.0 1253.5 1784.0 1250.5 1790.0 1249.5 1794.0 1249.5 1809.0 1248.5 1810.0 1248.5 1816.0 1247.5 1817.0 1247.5 1828.0 1246.5 1829.0 1246.5 1838.0 1244.5 1846.0 1238.5 1855.0 1238.5 1857.0 1234.5 1864.0 1233.5 1868.0 1233.5 1874.0 1232.5 1875.0 1232.5 1880.0 1231.5 1881.0 1231.5 1891.0 1230.5 1892.0 1230.5 1898.0 1227.5 1907.0 1223.5 1914.0 1223.5 1917.0 1221.5 1925.0 1219.5 1928.0 1219.5 1931.0 1216.5 1938.0 1215.5 1943.0 1215.5 1949.0 1214.5 1950.0 1214.5 1956.0 1212.5 1962.0 1210.5 1974.0 1208.5 1977.0 1207.5 1982.0 1205.5 1985.0 1204.5 1989.0 1204.5 1999.0 1203.5 2000.0 1203.5 2011.0 1202.5 2012.0 1202.5 2020.0 1201.5 2021.0 1201.5 2027.0 1200.5 2032.0 1196.5 2043.0 1193.5 2046.0 1192.5 2052.0 1190.5 2057.0 1189.5 2062.0 1189.5 2081.0 1186.5 2092.0 1186.5 2099.0 1185.5 2100.0 1184.5 2106.0 1180.5 2114.0 1178.5 2116.0 1178.5 2119.0 1176.5 2126.0 1174.5 2129.0 1174.5 2133.0 1172.5 2140.0 1169.5 2145.0 1163.0 2151.5 1153.0 2154.5 1140.0 2154.5 1139.0 2153.5 1134.0 2153.5 1129.0 2152.5 1128.0 2153.5 1080.0 2153.5 1079.0 2154.5 1065.0 2154.5 1064.0 2153.5 1053.0 2153.5 1052.0 2152.5 1046.0 2152.5 1042.0 2151.5 1035.0 2154.5 1030.0 2154.5 1029.0 2155.5 990.0 2155.5 989.0 2156.5 968.0 2156.5 967.0 2155.5 842.0 2155.5 841.0 2154.5 723.0 2154.5 722.0 2153.5 691.0 2153.5 690.0 2154.5 656.0 2154.5 655.0 2153.5 643.0 2153.5 642.0 2152.5 633.0 2152.5 632.0 2153.5 609.0 2153.5 608.0 2154.5 554.0 2154.5 553.0 2155.5 547.0 2155.5 546.0 2154.5 541.0 2154.5 540.0 2153.5 530.0 2150.5 515.0 2150.5 507.0 2152.5 502.0 2154.5 448.0 2154.5 447.0 2155.5 436.0 2155.5 435.0 2154.5 424.0 2154.5 423.0 2153.5 415.0 2151.5 414.0 2150.5 398.0 2150.5 397.0 2151.5 392.0 2151.5 386.0 2153.5 381.0 2153.5 380.0 2154.5 357.0 2154.5 356.0 2153.5 346.0 2153.5 345.0 2154.5 333.0 2154.5 332.0 2153.5 324.0 2153.5 323.0 2152.5 316.0 2152.5 315.0 2151.5 296.0 2151.5 295.0 2152.5 289.0 2152.5 288.0 2153.5 283.0 2153.5 282.0 2154.5 209.0 2154.5 208.0 2153.5 193.0 2153.5 192.0 2152.5 184.0 2152.5 183.0 2153.5 138.0 2153.5 137.0 2154.5 47.0 2154.5 46.0 2153.5 0.0 2153.5
 tobe_sorted_tube_rack 1295.0 1833.5 1289.5 1828.0 1288.5 1825.0 1288.5 1817.0 1290.5 1808.0 1292.5 1804.0 1296.0 1801.5 1299.5 1805.0 1299.5 1825.0 1295.0 1833.5
 tobe_sorted_tube_rack 1284.0 1856.5 1281.0 1856.5 1279.5 1855.0 1279.5 1848.0 1284.0 1844.5 1288.5 1850.0 1286.5 1854.0 1284.0 1856.5
 tobe_sorted_tube_rack 1224.0 2147.5 1220.0 2147.5 1216.5 2144.0 1213.5 2139.0 1213.5 2134.0 1217.5 2126.0 1221.5 2120.0 1222.5 2112.0 1225.5 2098.0 1227.5 2094.0 1227.5 2083.0 1226.5 2082.0 1226.5 2076.0 1230.5 2063.0 1235.0 2057.5 1239.0 2057.5 1241.5 2060.0 1243.5 2065.0 1243.5 2072.0 1244.5 2073.0 1243.5 2082.0 1240.5 2090.0 1240.5 2100.0 1239.5 2101.0 1239.5 2111.0 1236.5 2117.0 1233.0 2119.5 1230.5 2120.0 1230.5 2125.0 1232.5 2130.0 1232.5 2137.0 1230.5 2141.0 1224.0 2147.5
 tobe_sorted_tube_rack 2675.0 2156.5 2663.0 2156.5 2654.0 2154.5 2649.0 2151.5 2644.0 2150.5 2643.0 2151.5 2638.0 2151.5 2637.0 2152.5 2632.0 2152.5 2631.0 2153.5 2623.0 2153.5 2622.0 2154.5 2548.0 2154.5 2547.0 2153.5 2538.0 2153.5 2537.0 2154.5 2521.0 2154.5 2513.0 2150.5 2507.0 2150.5 2506.0 2151.5 2500.0 2151.5 2499.0 2152.5 2488.0 2152.5 2487.0 2153.5 2476.0 2153.5 2475.0 2152.5 2463.0 2152.5 2462.0 2153.5 2454.0 2153.5 2453.0 2154.5 2442.0 2154.5 2441.0 2155.5 2423.0 2155.5 2422.0 2154.5 2385.0 2154.5 2384.0 2153.5 2375.0 2153.5 2365.0 2150.5 2364.0 2148.5 2360.0 2148.5 2358.0 2150.5 2352.0 2151.5 2346.0 2153.5 2336.0 2153.5 2335.0 2154.5 2247.0 2154.5 2246.0 2155.5 2239.0 2155.5 2238.0 2154.5 2226.0 2154.5 2225.0 2153.5 2218.0 2153.5 2217.0 2154.5 2202.0 2154.5 2201.0 2155.5 2192.0 2155.5 2191.0 2154.5 2138.0 2154.5 2137.0 2153.5 2126.0 2153.5 2122.0 2152.5 2121.0 2153.5 2116.0 2153.5 2115.0 2154.5 2101.0 2154.5 2097.0 2153.5 2094.0 2151.5 2089.0 2151.5 2085.0 2153.5 2080.0 2154.5 2040.0 2154.5 2039.0 2153.5 2003.0 2153.5 2002.0 2152.5 1992.0 2152.5 1987.0 2151.5 1979.0 2154.5 1962.0 2154.5 1961.0 2153.5 1956.0 2153.5 1955.0 2152.5 1939.0 2152.5 1938.0 2153.5 1932.0 2153.5 1931.0 2154.5 1919.0 2154.5 1918.0 2153.5 1908.0 2153.5 1907.0 2154.5 1879.0 2154.5 1878.0 2153.5 1864.0 2153.5 1863.0 2152.5 1849.0 2152.5 1844.0 2154.5 1828.0 2154.5 1823.0 2152.5 1814.0 2152.5 1813.0 2153.5 1803.0 2153.5 1802.0 2152.5 1785.0 2152.5 1784.0 2153.5 1767.0 2153.5 1766.0 2152.5 1760.0 2152.5 1759.0 2153.5 1741.0 2153.5 1733.0 2151.5 1732.0 2150.5 1724.0 2150.5 1723.0 2151.5 1715.0 2151.5 1712.0 2153.5 1708.0 2154.5 1696.0 2154.5 1692.0 2153.5 1689.0 2151.5 1681.0 2151.5 1680.0 2150.5 1672.0 2150.5 1663.0 2153.5 1650.0 2153.5 1649.0 2152.5 1641.0 2151.5 1636.0 2153.5 1631.0 2154.5 1624.0 2154.5 1620.0 2152.5 1613.0 2150.5 1610.0 2143.5 1604.0 2140.5 1598.0 2138.5 1595.0 2138.5 1585.0 2132.5 1576.0 2132.5 1571.5 2135.0 1568.5 2140.0 1568.5 2143.0 1566.0 2146.5 1563.0 2148.5 1559.0 2149.5 1554.0 2149.5 1553.0 2150.5 1548.0 2150.5 1547.0 2151.5 1541.0 2151.5 1540.0 2152.5 1534.0 2152.5 1533.0 2151.5 1526.0 2151.5 1525.0 2150.5 1517.0 2151.5 1513.0 2153.5 1504.0 2153.5 1496.5 2150.0 1496.5 2147.0 1494.5 2140.0 1491.0 2136.5 1483.0 2141.5 1480.0 2144.5 1476.0 2146.5 1464.0 2144.5 1461.0 2150.5 1450.0 2153.5 1444.0 2153.5 1443.0 2154.5 1427.0 2154.5 1422.0 2152.5 1417.0 2151.5 1411.0 2151.5 1410.0 2150.5 1400.0 2150.5 1397.0 2152.5 1391.0 2154.5 1379.0 2154.5 1378.0 2153.5 1344.0 2153.5 1343.0 2152.5 1335.0 2152.5 1334.0 2151.5 1323.0 2151.5 1322.0 2152.5 1313.0 2153.5 1312.0 2154.5 1301.0 2154.5 1300.0 2155.5 1292.0 2153.5 1288.5 2150.0 1287.5 2146.0 1287.5 2141.0 1286.5 2140.0 1286.5 2120.0 1287.5 2115.0 1289.5 2111.0 1291.5 2102.0 1291.5 2095.0 1292.5 2094.0 1292.5 2089.0 1293.5 2088.0 1293.5 2081.0 1295.5 2076.0 1301.5 2064.0 1308.5 2046.0 1309.5 2042.0 1309.5 2036.0 1310.5 2035.0 1310.5 2030.0 1311.5 2029.0 1311.5 2023.0 1312.5 2022.0 1312.5 2016.0 1315.5 2007.0 1315.5 2002.0 1316.5 2001.0 1316.5 1986.0 1318.5 1982.0 1318.5 1979.0 1320.5 1975.0 1321.5 1967.0 1322.5 1966.0 1322.5 1961.0 1323.5 1960.0 1323.5 1955.0 1324.5 1954.0 1324.5 1948.0 1326.5 1942.0 1326.5 1936.0 1327.5 1935.0 1327.5 1929.0 1330.5 1921.0 1331.5 1916.0 1331.5 1911.0 1334.5 1900.0 1334.5 1896.0 1336.5 1891.0 1337.5 1882.0 1339.5 1877.0 1339.5 1873.0 1341.5 1869.0 1341.5 1854.0 1342.5 1849.0 1344.5 1845.0 1344.5 1842.0 1347.5 1834.0 1347.5 1829.0 1348.5 1828.0 1348.5 1821.0 1349.5 1820.0 1349.5 1815.0 1350.5 1810.0 1353.5 1804.0 1355.5 1798.0 1355.5 1795.0 1357.5 1790.0 1358.5 1785.0 1358.5 1780.0 1361.5 1771.0 1361.5 1766.0 1362.5 1765.0 1362.5 1760.0 1363.5 1759.0 1363.5 1754.0 1364.5 1753.0 1364.5 1748.0 1367.5 1738.0 1371.5 1730.0 1371.5 1725.0 1372.5 1724.0 1372.5 1719.0 1374.5 1714.0 1374.5 1709.0 1375.5 1708.0 1375.5 1703.0 1377.5 1697.0 1377.5 1692.0 1378.5 1691.0 1378.5 1686.0 1379.5 1685.0 1379.5 1677.0 1380.5 1676.0 1380.5 1670.0 1383.5 1661.0 1384.5 1656.0 1384.5 1648.0 1385.5 1647.0 1385.5 1642.0 1387.5 1634.0 1389.5 1630.0 1389.5 1626.0 1391.5 1619.0 1396.0 1614.5 1400.0 1612.5 1418.0 1612.5 1426.0 1615.5 1429.5 1619.0 1432.5 1626.0 1436.0 1629.5 1439.0 1630.5 1445.0 1636.5 1449.0 1638.5 1454.0 1638.5 1455.0 1639.5 1477.0 1639.5 1485.0 1635.5 1494.0 1628.5 1502.0 1623.5 1507.0 1618.5 1517.0 1614.5 1520.0 1614.5 1524.5 1608.0 1525.5 1603.0 1525.5 1598.0 1526.5 1597.0 1526.5 1592.0 1525.5 1591.0 1525.5 1581.0 1521.5 1571.0 1518.0 1567.5 1512.0 1564.5 1503.0 1555.5 1496.0 1552.5 1492.5 1549.0 1491.5 1544.0 1491.5 1524.0 1496.0 1519.5 1498.0 1518.5 1503.0 1518.5 1504.0 1517.5 1513.0 1517.5 1514.0 1518.5 1531.0 1518.5 1532.0 1517.5 1546.0 1517.5 1547.0 1516.5 1572.0 1516.5 1573.0 1515.5 1703.0 1515.5 1704.0 1516.5 1713.0 1516.5 1714.0 1517.5 1721.0 1517.5 1722.0 1518.5 1727.0 1518.5 1730.0 1519.5 1732.5 1523.0 1732.5 1541.0 1734.5 1549.0 1735.5 1550.0 1735.5 1558.0 1734.5 1559.0 1734.5 1573.0 1737.5 1584.0 1738.5 1592.0 1743.5 1603.0 1744.5 1610.0 1750.0 1613.5 1758.0 1614.5 1767.0 1617.5 1770.0 1619.5 1778.0 1627.5 1785.0 1630.5 1792.0 1634.5 1798.0 1635.5 1805.0 1638.5 1812.0 1637.5 1817.0 1635.5 1821.0 1635.5 1828.0 1633.5 1831.0 1631.5 1839.0 1628.5 1844.0 1623.5 1845.0 1623.5 1850.5 1618.0 1855.5 1610.0 1858.5 1601.0 1858.5 1594.0 1854.5 1584.0 1854.5 1571.0 1853.5 1570.0 1853.5 1562.0 1852.5 1561.0 1852.5 1556.0 1851.5 1555.0 1851.5 1545.0 1850.5 1544.0 1850.5 1532.0 1849.5 1531.0 1849.5 1524.0 1853.0 1519.5 1857.0 1518.5 1865.0 1518.5 1866.0 1517.5 1893.0 1517.5 1894.0 1518.5 1900.0 1518.5 1901.0 1517.5 1938.0 1517.5 1939.0 1516.5 1961.0 1516.5 1962.0 1517.5 1982.0 1517.5 1983.0 1516.5 2007.0 1516.5 2008.0 1517.5 2096.0 1517.5 2097.0 1518.5 2127.0 1518.5 2128.0 1519.5 2159.0 1519.5 2160.0 1518.5 2206.0 1518.5 2207.0 1517.5 2248.0 1517.5 2249.0 1518.5 2263.0 1518.5 2264.0 1519.5 2277.0 1519.5 2278.0 1518.5 2333.0 1518.5 2334.0 1519.5 2378.0 1519.5 2379.0 1520.5 2430.0 1520.5 2431.0 1521.5 2442.0 1521.5 2443.0 1520.5 2461.0 1520.5 2462.0 1521.5 2471.0 1521.5 2472.0 1520.5 2525.0 1520.5 2526.0 1519.5 2550.0 1519.5 2551.0 1520.5 2557.0 1520.5 2561.0 1521.5 2568.0 1525.5 2573.5 1532.0 2577.5 1543.0 2577.5 1546.0 2579.5 1551.0 2580.5 1556.0 2580.5 1563.0 2581.5 1564.0 2581.5 1569.0 2584.5 1580.0 2584.5 1586.0 2585.5 1587.0 2585.5 1595.0 2589.5 1608.0 2590.5 1609.0 2591.5 1616.0 2593.5 1621.0 2594.5 1626.0 2594.5 1631.0 2595.5 1632.0 2595.5 1641.0 2596.5 1642.0 2596.5 1648.0 2598.5 1653.0 2599.5 1658.0 2599.5 1665.0 2600.5 1666.0 2600.5 1673.0 2602.5 1681.0 2605.5 1689.0 2605.5 1693.0 2607.5 1698.0 2608.5 1703.0 2608.5 1708.0 2609.5 1709.0 2609.5 1714.0 2610.5 1715.0 2610.5 1721.0 2611.5 1722.0 2611.5 1727.0 2612.5 1728.0 2612.5 1733.0 2613.5 1734.0 2613.5 1739.0 2614.5 1744.0 2616.5 1749.0 2617.5 1758.0 2620.5 1770.0 2622.5 1774.0 2622.5 1778.0 2624.5 1784.0 2625.5 1793.0 2627.5 1798.0 2628.5 1805.0 2630.5 1810.0 2632.5 1824.0 2634.5 1829.0 2635.5 1834.0 2635.5 1839.0 2636.5 1840.0 2636.5 1850.0 2637.5 1851.0 2639.5 1863.0 2641.5 1868.0 2642.5 1873.0 2642.5 1878.0 2643.5 1879.0 2643.5 1907.0 2644.5 1912.0 2650.5 1923.0 2653.5 1933.0 2653.5 1938.0 2654.5 1939.0 2654.5 1944.0 2655.5 1949.0 2657.5 1954.0 2658.5 1959.0 2658.5 1970.0 2661.5 1978.0 2664.5 1990.0 2664.5 1995.0 2665.5 1996.0 2665.5 2002.0 2666.5 2003.0 2666.5 2009.0 2667.5 2010.0 2667.5 2015.0 2668.5 2016.0 2668.5 2021.0 2669.5 2022.0 2669.5 2027.0 2671.5 2032.0 2671.5 2036.0 2675.5 2048.0 2676.5 2053.0 2676.5 2058.0 2679.5 2069.0 2681.5 2072.0 2683.5 2078.0 2683.5 2084.0 2684.5 2085.0 2684.5 2092.0 2686.5 2098.0 2688.5 2108.0 2689.5 2109.0 2689.5 2122.0 2690.5 2123.0 2690.5 2129.0 2692.5 2135.0 2690.5 2149.0 2686.0 2153.5 2681.0 2155.5 2676.0 2155.5 2675.0 2156.5
 tobe_sorted_tube_rack 1810.5 1673.0 1811.5 1671.0 1810.0 1669.5 1807.0 1669.5 1808.0 1673.5 1810.5 1673.0
 tobe_sorted_tube_rack 69.0 1931.5 67.5 1929.0 69.0 1927.5 70.5 1929.0 69.0 1931.5
 tobe_sorted_tube_rack 110.0 2001.5 108.5 2000.0 111.0 1998.5 112.5 2000.0 110.0 2001.5
 tobe_sorted_tube_rack 1582.0 2150.5 1575.0 2150.5 1577.0 2148.5 1581.0 2148.5 1582.0 2150.5
dispensing_tube_rack 3839.0 1233.5 3811.0 1233.5 3810.0 1234.5 3736.0 1234.5 3735.0 1235.5 3680.0 1235.5 3679.0 1236.5 3601.0 1236.5 3600.0 1237.5 3550.0 1237.5 3549.0 1238.5 3540.0 1238.5 3539.0 1237.5 3530.0 1237.5 3529.0 1238.5 3433.0 1238.5 3432.0 1239.5 3411.0 1239.5 3410.0 1240.5 3397.0 1240.5 3396.0 1241.5 3368.0 1241.5 3365.0 1240.5 3358.5 1234.0 3350.5 1223.0 3345.5 1212.0 3343.5 1210.0 3342.5 1206.0 3335.5 1194.0 3333.5 1189.0 3330.5 1184.0 3330.5 1182.0 3327.5 1177.0 3326.5 1172.0 3323.5 1168.0 3322.5 1165.0 3318.5 1160.0 3317.5 1157.0 3311.5 1149.0 3309.5 1145.0 3307.5 1138.0 3303.5 1131.0 3297.5 1117.0 3294.5 1112.0 3289.5 1106.0 3285.5 1097.0 3281.5 1091.0 3278.5 1085.0 3278.5 1083.0 3276.0 1080.5 3268.0 1084.5 3264.0 1084.5 3260.0 1086.5 3257.5 1090.0 3245.5 1102.0 3243.5 1106.0 3236.5 1114.0 3230.5 1122.0 3230.5 1123.0 3213.5 1140.0 3213.5 1141.0 3208.5 1146.0 3208.5 1147.0 3203.5 1152.0 3203.5 1153.0 3181.5 1175.0 3175.5 1185.0 3170.5 1190.0 3170.5 1191.0 3154.5 1207.0 3153.5 1210.0 3149.5 1217.0 3148.5 1221.0 3144.5 1227.0 3138.5 1234.0 3138.5 1235.0 3134.0 1239.5 3127.0 1242.5 3122.0 1242.5 3121.0 1243.5 3101.0 1243.5 3100.0 1244.5 3036.0 1244.5 3035.0 1245.5 2993.0 1245.5 2992.0 1246.5 2977.0 1246.5 2976.0 1247.5 2959.0 1247.5 2958.0 1246.5 2875.0 1246.5 2874.0 1247.5 2761.0 1247.5 2760.0 1248.5 2693.0 1248.5 2692.0 1249.5 2620.0 1249.5 2619.0 1250.5 2605.0 1250.5 2600.0 1251.5 2599.0 1250.5 2589.0 1250.5 2585.0 1249.5 2584.0 1250.5 2525.0 1250.5 2524.0 1249.5 2514.0 1249.5 2510.0 1248.5 2503.0 1244.5 2497.5 1239.0 2496.5 1233.0 2494.5 1229.0 2493.5 1220.0 2492.5 1219.0 2492.5 1212.0 2491.5 1211.0 2491.5 1205.0 2490.5 1200.0 2488.5 1195.0 2487.5 1186.0 2485.5 1181.0 2485.5 1177.0 2483.5 1172.0 2481.5 1160.0 2479.5 1155.0 2478.5 1150.0 2478.5 1144.0 2477.5 1143.0 2477.5 1136.0 2476.5 1135.0 2476.5 1130.0 2475.5 1129.0 2475.5 1124.0 2472.5 1113.0 2472.5 1109.0 2469.5 1100.0 2468.5 1095.0 2468.5 1089.0 2467.5 1088.0 2467.5 1083.0 2466.5 1078.0 2464.5 1073.0 2464.5 1068.0 2463.5 1067.0 2463.5 1062.0 2462.5 1061.0 2462.5 1056.0 2460.5 1050.0 2459.5 1041.0 2458.5 1040.0 2458.5 1035.0 2455.5 1024.0 2455.5 1019.0 2453.5 1014.0 2453.5 1009.0 2450.5 998.0 2450.5 993.0 2449.5 992.0 2449.5 986.0 2448.5 985.0 2448.5 979.0 2447.5 978.0 2447.5 972.0 2446.5 971.0 2446.5 965.0 2445.5 964.0 2445.5 958.0 2444.5 957.0 2444.5 950.0 2443.5 949.0 2443.5 944.0 2442.5 939.0 2440.5 934.0 2440.5 931.0 2437.5 923.0 2437.5 918.0 2434.5 907.0 2434.5 902.0 2433.5 901.0 2433.5 896.0 2432.5 895.0 2432.5 890.0 2430.5 884.0 2430.5 879.0 2429.5 878.0 2429.5 872.0 2428.5 871.0 2428.5 866.0 2427.5 865.0 2427.5 860.0 2426.5 859.0 2423.5 842.0 2422.5 841.0 2421.5 833.0 2419.5 829.0 2419.5 824.0 2417.5 818.0 2417.5 813.0 2415.5 807.0 2415.5 802.0 2414.5 801.0 2414.5 796.0 2413.5 795.0 2413.5 790.0 2412.5 789.0 2412.5 784.0 2411.5 783.0 2408.5 770.0 2408.5 766.0 2406.5 760.0 2405.5 751.0 2404.5 750.0 2404.5 744.0 2403.5 743.0 2403.5 736.0 2402.5 735.0 2402.5 729.0 2401.5 728.0 2401.5 723.0 2400.5 722.0 2398.5 714.0 2398.5 709.0 2397.5 708.0 2397.5 702.0 2396.5 701.0 2396.5 696.0 2395.5 695.0 2395.5 690.0 2393.5 685.0 2393.5 680.0 2392.5 679.0 2391.5 670.0 2390.5 669.0 2390.5 660.0 2391.5 659.0 2391.5 652.0 2393.5 647.0 2399.0 641.5 2404.0 639.5 2411.0 639.5 2412.0 638.5 2429.0 638.5 2430.0 637.5 2447.0 637.5 2448.0 638.5 2453.0 637.5 2460.5 630.0 2463.5 622.0 2463.5 617.0 2464.5 616.0 2464.5 610.0 2465.5 609.0 2465.5 604.0 2467.5 598.0 2467.5 594.0 2470.5 586.0 2470.5 583.0 2473.5 575.0 2473.5 571.0 2475.5 565.0 2475.5 560.0 2477.5 554.0 2477.5 549.0 2478.5 548.0 2478.5 532.0 2477.5 531.0 2477.5 524.0 2476.5 523.0 2476.5 518.0 2472.5 501.0 2471.5 500.0 2471.5 493.0 2470.5 492.0 2470.5 486.0 2474.5 474.0 2476.5 470.0 2481.0 465.5 2490.0 461.5 2495.0 457.5 2503.0 453.5 2505.5 451.0 2509.5 442.0 2513.0 439.5 2530.0 439.5 2534.0 440.5 2540.0 443.5 2544.0 442.5 2548.5 437.0 2548.5 436.0 2553.5 431.0 2555.0 428.5 2559.0 426.5 2566.0 425.5 2567.0 424.5 2573.0 424.5 2576.5 428.0 2576.5 435.0 2577.5 436.0 2577.5 441.0 2582.0 446.5 2585.0 448.5 2589.0 449.5 2596.0 449.5 2600.0 448.5 2605.0 450.5 2609.5 455.0 2609.5 459.0 2607.0 461.5 2602.0 463.5 2595.0 463.5 2594.0 464.5 2588.0 464.5 2585.0 465.5 2576.5 470.0 2581.5 479.0 2581.5 531.0 2585.0 534.5 2588.5 531.0 2589.5 527.0 2593.5 520.0 2598.5 515.0 2601.0 511.5 2608.0 507.5 2613.5 503.0 2616.5 495.0 2616.5 489.0 2617.5 484.0 2619.5 480.0 2619.5 476.0 2623.5 459.0 2628.0 454.5 2629.0 454.5 2633.5 447.0 2634.5 439.0 2636.5 435.0 2641.0 430.5 2648.0 428.5 2692.0 428.5 2697.5 424.0 2700.5 418.0 2700.5 409.0 2698.5 405.0 2698.5 402.0 2696.5 398.0 2694.5 390.0 2694.5 386.0 2692.5 382.0 2692.5 376.0 2691.5 375.0 2691.5 365.0 2694.5 358.0 2695.5 352.0 2699.5 345.0 2702.5 341.0 2712.0 331.5 2716.0 329.5 2726.0 326.5 2733.0 323.5 2738.5 318.0 2742.5 311.0 2742.5 309.0 2745.5 304.0 2753.0 296.5 2764.0 291.5 2768.0 290.5 2788.0 290.5 2789.0 289.5 2802.0 289.5 2803.0 290.5 2817.0 290.5 2825.0 287.5 2827.5 285.0 2828.5 282.0 2832.5 277.0 2839.5 261.0 2843.0 257.5 2847.0 255.5 2852.0 251.5 2857.0 248.5 2865.0 247.5 2869.0 245.5 2874.0 244.5 2897.0 244.5 2898.0 245.5 2905.0 245.5 2906.0 246.5 2912.0 246.5 2913.0 247.5 2919.0 247.5 2920.0 248.5 2926.0 248.5 2930.0 249.5 2941.5 261.0 2943.5 266.0 2943.5 270.0 2945.5 274.0 2946.5 279.0 2943.5 287.0 2943.5 294.0 2944.5 297.0 2948.5 293.0 2949.5 288.0 2953.0 283.5 2957.0 282.5 2962.0 282.5 2970.0 279.5 2975.0 279.5 2976.0 278.5 2988.0 278.5 2989.0 277.5 2999.0 277.5 3000.0 276.5 3014.0 276.5 3015.0 275.5 3045.0 275.5 3046.0 276.5 3055.0 276.5 3056.0 275.5 3063.0 273.5 3065.5 271.0 3068.5 266.0 3068.5 264.0 3071.5 258.0 3075.5 252.0 3081.0 246.5 3089.0 242.5 3093.0 239.5 3099.0 233.5 3102.0 233.5 3112.0 229.5 3119.0 229.5 3120.0 228.5 3141.0 228.5 3142.0 229.5 3151.0 229.5 3152.0 230.5 3157.0 230.5 3158.0 231.5 3167.0 233.5 3171.0 235.5 3177.0 241.5 3186.0 245.5 3189.0 247.5 3194.5 257.0 3202.0 264.5 3206.0 263.5 3214.0 263.5 3215.0 262.5 3234.0 262.5 3235.0 261.5 3241.0 261.5 3242.0 260.5 3257.0 260.5 3258.0 259.5 3276.0 259.5 3277.0 258.5 3286.0 258.5 3287.0 257.5 3301.0 257.5 3302.0 256.5 3313.0 256.5 3314.0 255.5 3321.0 255.5 3322.0 254.5 3330.0 254.5 3331.0 253.5 3344.0 253.5 3345.0 252.5 3356.0 252.5 3357.0 251.5 3363.0 251.5 3364.0 250.5 3372.0 250.5 3373.0 249.5 3384.0 249.5 3385.0 248.5 3400.0 248.5 3401.0 247.5 3431.0 247.5 3432.0 248.5 3441.0 248.5 3447.0 250.5 3450.0 252.5 3457.0 254.5 3463.0 258.5 3466.0 259.5 3471.5 265.0 3478.0 273.5 3486.0 278.5 3505.0 278.5 3511.0 280.5 3515.0 280.5 3520.0 282.5 3526.0 286.5 3533.5 294.0 3537.5 301.0 3546.5 314.0 3551.5 319.0 3554.5 323.0 3555.5 326.0 3559.5 332.0 3565.0 337.5 3566.0 337.5 3572.5 344.0 3576.0 350.5 3579.0 352.5 3586.0 354.5 3589.5 359.0 3589.5 363.0 3591.5 367.0 3594.0 369.5 3601.0 370.5 3604.5 375.0 3604.5 380.0 3608.5 387.0 3616.0 390.5 3621.0 393.5 3623.0 392.5 3629.0 386.5 3634.0 383.5 3641.0 381.5 3646.0 381.5 3647.0 380.5 3654.0 379.5 3657.0 377.5 3662.0 376.5 3666.0 374.5 3673.0 374.5 3674.0 373.5 3685.0 373.5 3686.0 372.5 3694.0 372.5 3695.0 371.5 3707.0 371.5 3708.0 372.5 3714.0 372.5 3715.0 371.5 3758.0 371.5 3770.0 375.5 3774.0 377.5 3781.0 384.5 3785.0 387.5 3795.0 391.5 3799.0 392.5 3808.0 392.5 3809.0 393.5 3816.0 393.5 3819.0 392.5 3823.0 389.5 3831.0 381.5 3833.0 380.5 3839.0 380.5
dispensing_tube_rack 2645.5 597.0 2649.5 593.0 2651.5 587.0 2651.5 584.0 2655.5 575.0 2655.5 572.0 2660.5 564.0 2664.5 550.0 2665.5 549.0 2665.5 517.0 2662.0 513.5 2659.0 513.5 2655.5 516.0 2653.5 520.0 2653.5 526.0 2652.5 530.0 2649.0 534.5 2641.0 536.5 2635.5 541.0 2631.5 552.0 2630.0 554.5 2626.0 553.5 2619.0 548.5 2614.5 556.0 2613.5 560.0 2614.5 563.0 2617.0 565.5 2630.0 565.5 2632.5 569.0 2634.5 574.0 2634.5 584.0 2631.5 591.0 2636.0 595.5 2643.0 597.5 2645.5 597.0
dispensing_tube_rack 3350.5 590.0 3350.5 590.0
dispensing_tube_rack 3434.5 836.0 3437.5 834.0 3437.5 830.0 3435.5 825.0 3430.0 818.5 3429.0 818.5 3424.5 824.0 3424.5 834.0 3428.0 836.5 3434.5 836.0
dispensing_tube_rack 3128.5 1138.0 3138.0 1131.5 3146.5 1123.0 3146.5 1122.0 3155.5 1113.0 3155.5 1112.0 3161.5 1106.0 3163.5 1102.0 3174.5 1089.0 3175.5 1086.0 3178.5 1082.0 3207.5 1053.0 3207.5 1052.0 3212.5 1047.0 3216.5 1041.0 3222.5 1035.0 3222.5 1034.0 3228.5 1028.0 3233.5 1020.0 3239.5 1014.0 3240.5 1010.0 3237.5 1006.0 3236.5 1003.0 3228.5 989.0 3226.5 984.0 3225.5 979.0 3222.5 973.0 3219.5 970.0 3214.5 961.0 3210.5 951.0 3208.5 943.0 3205.5 937.0 3202.0 932.5 3199.0 930.5 3190.0 927.5 3119.0 927.5 3118.0 928.5 3091.0 928.5 3090.0 929.5 3085.0 929.5 3077.0 933.5 3073.5 937.0 3070.5 942.0 3066.5 946.0 3062.5 952.0 3060.5 957.0 3054.5 967.0 3054.5 974.0 3053.5 975.0 3053.5 984.0 3055.5 989.0 3055.5 993.0 3059.5 1007.0 3060.5 1008.0 3061.5 1014.0 3063.5 1019.0 3069.5 1027.0 3074.5 1038.0 3075.5 1043.0 3082.5 1059.0 3084.5 1061.0 3089.5 1072.0 3089.5 1074.0 3097.5 1089.0 3098.5 1094.0 3100.5 1099.0 3104.5 1105.0 3107.5 1112.0 3109.5 1115.0 3112.5 1122.0 3113.5 1126.0 3116.5 1130.0 3125.0 1138.5 3128.5 1138.0
dispensing_tube_rack 3839.0 1004.5 3834.0 1004.5 3829.5 1001.0 3825.5 994.0 3818.0 986.5 3817.0 986.5 3808.0 977.5 3801.0 973.5 3799.0 973.5 3792.0 970.5 3787.0 969.5 3772.0 969.5 3771.0 968.5 3739.0 968.5 3738.0 967.5 3723.0 967.5 3722.0 968.5 3717.0 968.5 3710.0 970.5 3698.0 978.5 3691.0 985.5 3690.0 985.5 3684.0 991.5 3683.0 991.5 3675.0 999.5 3674.0 999.5 3669.0 1004.5 3664.0 1007.5 3651.0 1020.5 3645.0 1024.5 3637.0 1032.5 3636.0 1032.5 3620.0 1048.5 3616.0 1050.5 3609.0 1057.5 3603.0 1061.5 3597.5 1067.0 3597.5 1068.0 3589.0 1076.5 3585.0 1078.5 3577.0 1084.5 3559.0 1102.5 3549.0 1109.5 3545.0 1111.5 3535.5 1121.0 3533.5 1125.0 3526.0 1132.5 3514.0 1140.5 3500.0 1154.5 3499.0 1154.5 3493.0 1160.5 3492.0 1160.5 3481.0 1171.5 3480.0 1171.5 3475.5 1176.0 3472.5 1180.0 3470.5 1185.0 3465.5 1190.0 3465.5 1194.0 3471.0 1196.5 3478.0 1198.5 3483.0 1198.5 3484.0 1199.5 3496.0 1199.5 3497.0 1198.5 3513.0 1198.5 3514.0 1197.5 3525.0 1197.5 3526.0 1198.5 3540.0 1198.5 3541.0 1199.5 3557.0 1199.5 3558.0 1198.5 3622.0 1198.5 3623.0 1197.5 3694.0 1197.5 3695.0 1196.5 3746.0 1196.5 3747.0 1195.5 3779.0 1195.5 3780.0 1194.5 3807.0 1194.5 3808.0 1193.5 3832.0 1193.5 3833.0 1192.5 3839.0 1192.5
dispensing_tube_rack 3410.5 1145.0 3414.0 1143.5 3417.0 1140.5 3423.0 1136.5 3426.0 1135.5 3439.0 1122.5 3440.0 1122.5 3446.5 1116.0 3446.5 1115.0 3456.0 1105.5 3457.0 1105.5 3464.0 1098.5 3465.0 1098.5 3470.0 1093.5 3471.0 1093.5 3480.5 1084.0 3480.5 1083.0 3487.0 1076.5 3493.0 1072.5 3499.0 1066.5 3500.0 1066.5 3505.5 1061.0 3505.5 1060.0 3510.5 1055.0 3514.0 1050.5 3520.0 1046.5 3525.0 1041.5 3526.0 1041.5 3531.0 1036.5 3532.0 1036.5 3538.5 1030.0 3542.5 1025.0 3544.5 1021.0 3549.0 1016.5 3553.0 1014.5 3560.0 1012.5 3562.5 1010.0 3566.5 1001.0 3571.5 995.0 3573.5 991.0 3581.5 983.0 3578.0 979.5 3573.0 978.5 3568.0 978.5 3567.0 977.5 3536.0 977.5 3535.0 976.5 3528.0 976.5 3527.0 977.5 3499.0 977.5 3498.0 978.5 3478.0 978.5 3477.0 977.5 3466.0 977.5 3465.0 978.5 3447.0 978.5 3446.0 979.5 3431.0 979.5 3430.0 980.5 3423.0 980.5 3422.0 979.5 3394.0 979.5 3393.0 978.5 3386.0 978.5 3381.0 977.5 3374.0 974.5 3369.0 970.5 3364.5 975.0 3363.5 979.0 3360.0 982.5 3355.0 985.5 3329.5 1011.0 3328.5 1013.0 3328.5 1021.0 3326.5 1025.0 3328.5 1029.0 3330.0 1029.5 3333.5 1037.0 3333.5 1042.0 3339.5 1056.0 3341.5 1058.0 3344.5 1064.0 3345.5 1069.0 3348.5 1074.0 3351.5 1077.0 3358.5 1088.0 3364.5 1100.0 3372.5 1111.0 3379.5 1125.0 3385.5 1134.0 3395.0 1143.5 3398.0 1144.5 3404.0 1144.5 3405.0 1145.5 3410.5 1145.0
dispensing_tube_rack 2654.5 1206.0 2655.0 1205.5 2737.0 1205.5 2738.0 1204.5 2762.0 1204.5 2763.0 1205.5 2772.0 1205.5 2773.0 1204.5 2785.0 1204.5 2786.0 1203.5 2793.0 1203.5 2794.0 1202.5 2802.0 1202.5 2803.0 1203.5 2812.0 1203.5 2813.0 1204.5 2850.0 1204.5 2851.0 1205.5 2860.0 1205.5 2861.0 1204.5 2921.0 1204.5 2922.0 1203.5 2950.0 1203.5 2951.0 1202.5 2962.0 1202.5 2963.0 1201.5 2972.0 1201.5 2973.0 1200.5 2984.0 1200.5 2985.0 1199.5 2999.0 1199.5 3000.0 1200.5 3016.0 1200.5 3017.0 1201.5 3022.0 1200.5 3053.0 1200.5 3057.0 1198.5 3060.5 1195.0 3060.5 1188.0 3057.5 1180.0 3057.5 1176.0 3054.5 1168.0 3054.5 1165.0 3052.5 1162.0 3050.5 1154.0 3048.5 1151.0 3043.5 1139.0 3040.5 1130.0 3040.5 1128.0 3034.5 1117.0 3034.5 1115.0 3031.5 1110.0 3031.5 1108.0 3027.5 1101.0 3026.5 1096.0 3024.5 1092.0 3023.5 1087.0 3019.5 1079.0 3018.5 1074.0 3012.5 1062.0 3010.5 1055.0 3003.5 1042.0 2999.5 1032.0 2999.5 1029.0 2995.5 1018.0 2991.5 1011.0 2983.0 1002.5 2974.0 997.5 2964.0 994.5 2922.0 994.5 2921.0 993.5 2915.0 993.5 2914.0 994.5 2888.0 994.5 2887.0 995.5 2826.0 995.5 2825.0 996.5 2790.0 996.5 2789.0 997.5 2760.0 997.5 2759.0 998.5 2700.0 998.5 2699.0 999.5 2652.0 999.5 2649.0 998.5 2643.5 1003.0 2640.5 1008.0 2636.5 1018.0 2636.5 1020.0 2632.5 1028.0 2632.5 1030.0 2629.5 1035.0 2629.5 1037.0 2625.5 1044.0 2625.5 1046.0 2622.5 1051.0 2617.5 1063.0 2614.5 1068.0 2614.5 1071.0 2611.5 1078.0 2611.5 1080.0 2608.5 1086.0 2606.5 1088.0 2604.5 1094.0 2602.5 1097.0 2598.5 1107.0 2596.5 1116.0 2594.5 1121.0 2584.5 1138.0 2583.5 1143.0 2581.5 1147.0 2577.5 1164.0 2576.5 1171.0 2573.5 1179.0 2573.5 1194.0 2575.5 1199.0 2578.0 1201.5 2585.0 1204.5 2593.0 1204.5 2594.0 1205.5 2643.0 1205.5 2644.0 1206.5 2654.0 1206.5 2654.5 1206.0
dispensing_tube_rack 2530.5 1079.0 2538.0 1078.5 2542.5 1075.0 2544.5 1072.0 2545.5 1068.0 2545.5 1061.0 2546.5 1057.0 2550.5 1052.0 2552.5 1048.0 2555.5 1045.0 2561.5 1031.0 2561.5 1028.0 2565.5 1021.0 2571.5 1015.0 2572.5 1010.0 2568.0 1006.5 2563.0 1006.5 2562.0 1005.5 2550.0 1005.5 2549.0 1004.5 2524.0 1004.5 2520.0 1005.5 2511.0 1009.5 2508.5 1014.0 2510.5 1017.0 2511.5 1023.0 2513.5 1028.0 2513.5 1037.0 2514.5 1038.0 2514.5 1043.0 2516.5 1048.0 2516.5 1054.0 2518.5 1062.0 2523.5 1072.0 2524.5 1075.0 2529.0 1079.5 2530.5 1079.0
dispensing_tube_rack 2950.0 1736.5 2945.0 1735.5 2943.5 1733.0 2942.5 1728.0 2942.5 1718.0 2943.5 1714.0 2946.0 1709.5 2949.0 1709.5 2951.5 1713.0 2953.5 1718.0 2953.5 1724.0 2955.5 1730.0 2953.5 1734.0 2950.0 1736.5
 5ML_sorting_tube_rack 0.0 276.5 5.0 276.5 14.0 273.5 19.0 272.5 25.0 272.5 26.0 271.5 42.0 271.5 47.0 273.5 50.0 273.5 54.0 275.5 57.5 281.0 57.5 283.0 62.0 286.5 65.0 286.5 69.5 291.0 71.5 296.0 72.5 302.0 78.0 307.5 80.0 308.5 84.0 307.5 91.0 304.5 98.0 304.5 99.0 303.5 104.0 303.5 105.0 302.5 111.0 302.5 112.0 301.5 127.0 301.5 128.0 300.5 136.0 300.5 137.0 299.5 148.0 299.5 149.0 298.5 164.0 298.5 165.0 297.5 182.0 297.5 183.0 296.5 202.0 296.5 203.0 295.5 212.0 295.5 213.0 294.5 223.0 294.5 224.0 293.5 236.0 293.5 237.0 292.5 246.0 292.5 250.0 293.5 256.0 296.5 264.5 305.0 267.5 310.0 274.5 326.0 281.5 334.0 283.5 338.0 286.5 341.0 290.5 348.0 302.5 360.0 302.5 361.0 313.0 371.5 317.0 374.5 324.0 378.5 328.0 381.5 345.5 399.0 345.5 400.0 355.5 410.0 359.5 416.0 360.5 419.0 364.5 424.0 382.5 442.0 382.5 443.0 388.5 449.0 392.5 455.0 407.5 470.0 409.5 474.0 416.5 481.0 421.5 489.0 434.5 502.0 434.5 503.0 447.5 516.0 451.5 524.0 454.5 528.0 471.5 545.0 474.5 549.0 477.5 555.0 481.5 559.0 485.5 566.0 485.5 568.0 488.5 574.0 488.5 577.0 485.5 582.0 480.5 588.0 477.5 595.0 474.5 600.0 471.5 603.0 468.5 609.0 461.5 619.0 457.5 623.0 447.5 637.0 445.5 641.0 440.5 646.0 440.5 647.0 435.5 653.0 434.5 656.0 430.5 661.0 427.5 667.0 422.5 672.0 416.5 681.0 415.5 684.0 408.5 691.0 404.5 698.0 403.5 701.0 396.5 710.0 390.5 720.0 384.5 727.0 384.5 728.0 376.5 736.0 372.5 743.0 366.0 749.5 361.0 752.5 357.0 756.5 350.0 760.5 344.0 760.5 343.0 761.5 332.0 761.5 331.0 762.5 301.0 762.5 300.0 763.5 283.0 763.5 282.0 764.5 265.0 764.5 264.0 765.5 235.0 765.5 234.0 766.5 211.0 766.5 210.0 767.5 178.0 767.5 177.0 768.5 157.0 768.5 156.0 769.5 137.0 769.5 136.0 770.5 97.0 770.5 96.0 771.5 76.0 771.5 75.0 772.5 54.0 772.5 53.0 773.5 44.0 773.5 43.0 774.5 15.0 774.5 14.0 775.5 0.0 775.5
 5ML_sorting_tube_rack 0.0 339.5 6.0 339.5 7.0 338.5 13.0 338.5 19.0 336.5 24.0 336.5 25.0 335.5 30.5 335.0 27.0 332.5 20.0 330.5 9.5 324.0 5.5 320.0 5.5 313.0 7.5 307.0 16.0 298.5 19.0 297.5 23.5 294.0 21.0 291.5 17.0 289.5 11.0 288.5 6.0 285.5 0.0 285.5
 5ML_sorting_tube_rack 296.5 538.0 297.0 537.5 307.0 537.5 308.0 536.5 336.0 536.5 337.0 535.5 359.0 535.5 360.0 534.5 385.0 534.5 386.0 533.5 395.0 533.5 398.0 532.5 400.5 530.0 399.5 526.0 399.5 521.0 398.5 518.0 395.0 514.5 391.0 512.5 387.5 508.0 384.5 501.0 380.0 497.5 372.5 490.0 370.5 486.0 360.5 476.0 356.5 468.0 352.0 464.5 344.5 457.0 340.5 451.0 334.5 445.0 331.5 440.0 324.0 432.5 321.0 431.5 307.0 437.5 297.5 449.0 297.5 450.0 290.5 457.0 286.5 464.0 280.5 470.0 280.5 471.0 274.5 478.0 272.5 482.0 266.5 488.0 266.5 489.0 258.5 497.0 255.5 501.0 253.5 506.0 253.5 510.0 251.5 516.0 252.5 518.0 257.0 521.5 264.0 528.5 269.0 531.5 273.0 535.5 277.0 537.5 282.0 538.5 296.0 538.5 296.5 538.0
 refrigerator_close 3455.5 0.0 3455.5 7.0 3451.5 15.0 3449.5 23.0 3444.5 32.0 3440.5 37.0 3435.5 45.0 3429.5 57.0 3426.5 61.0 3422.5 69.0 3419.5 72.0 3413.5 84.0 3411.5 87.0 3407.0 90.5 3402.0 95.5 3396.0 99.5 3391.0 104.5 3380.0 112.5 3366.0 119.5 3358.0 121.5 3355.0 123.5 3349.0 125.5 3343.0 126.5 3335.0 130.5 3330.0 130.5 3329.0 131.5 3307.0 131.5 3306.0 130.5 3299.0 130.5 3298.0 129.5 3288.0 129.5 3287.0 128.5 3280.0 128.5 3279.0 127.5 3272.0 127.5 3271.0 126.5 3264.0 126.5 3263.0 125.5 3249.0 125.5 3248.0 124.5 3240.0 124.5 3239.0 123.5 3222.0 123.5 3221.0 122.5 3211.0 122.5 3210.0 121.5 3201.0 121.5 3200.0 120.5 3191.0 120.5 3190.0 119.5 3182.0 119.5 3181.0 118.5 3165.0 118.5 3164.0 117.5 3152.0 117.5 3151.0 116.5 3145.0 116.5 3144.0 115.5 3137.0 115.5 3136.0 114.5 3126.0 114.5 3125.0 113.5 3110.0 113.5 3109.0 112.5 3100.0 112.5 3099.0 111.5 3086.0 111.5 3085.0 110.5 3078.0 110.5 3077.0 109.5 3072.0 109.5 3071.0 108.5 3060.0 108.5 3059.0 107.5 3047.0 107.5 3046.0 106.5 3039.0 106.5 3038.0 105.5 3027.0 105.5 3026.0 104.5 3017.0 104.5 3016.0 103.5 3010.0 103.5 3009.0 102.5 2990.0 102.5 2989.0 101.5 2984.0 101.5 2983.0 100.5 2978.0 100.5 2977.0 99.5 2969.0 99.5 2968.0 98.5 2961.0 98.5 2960.0 97.5 2952.0 97.5 2951.0 96.5 2942.0 96.5 2941.0 95.5 2932.0 95.5 2931.0 94.5 2921.0 94.5 2920.0 93.5 2912.0 93.5 2911.0 92.5 2900.0 92.5 2899.0 91.5 2884.0 91.5 2883.0 90.5 2875.0 90.5 2874.0 89.5 2861.0 89.5 2860.0 88.5 2849.0 88.5 2848.0 87.5 2837.0 87.5 2836.0 86.5 2825.0 86.5 2824.0 85.5 2813.0 85.5 2812.0 84.5 2799.0 84.5 2798.0 83.5 2791.0 83.5 2790.0 82.5 2783.0 82.5 2782.0 81.5 2777.0 81.5 2772.0 79.5 2766.0 78.5 2760.0 75.5 2758.0 73.5 2752.0 70.5 2748.5 67.0 2746.5 63.0 2740.5 54.0 2738.5 52.0 2737.5 47.0 2734.5 40.0 2733.5 35.0 2733.5 30.0 2732.5 29.0 2732.5 18.0 2734.5 12.0 2738.5 6.0 2738.5 0.0
 tube_rack_storage_cabinet 0.0 40.5 5.0 40.5 7.0 39.5 11.5 35.0 12.5 31.0 16.0 28.5 19.0 28.5 24.5 23.0 24.5 15.0 25.5 14.0 25.5 0.0
 tube_rack_storage_cabinet 280.5 0.0 280.5 5.0 287.0 9.5 293.0 12.5 296.5 17.0 298.5 22.0 301.5 27.0 301.5 29.0 306.5 40.0 317.5 51.0 317.5 52.0 326.5 61.0 334.5 77.0 336.5 80.0 344.5 88.0 352.5 99.0 357.5 104.0 361.5 112.0 361.5 114.0 364.5 120.0 373.0 128.5 374.0 128.5 379.5 134.0 379.5 135.0 389.5 149.0 395.5 162.0 401.5 168.0 401.5 169.0 415.5 183.0 417.5 187.0 420.5 190.0 426.5 199.0 436.5 209.0 439.5 214.0 448.5 223.0 451.5 227.0 452.5 230.0 456.5 237.0 460.5 241.0 464.5 247.0 473.5 258.0 477.5 266.0 480.5 270.0 492.5 282.0 495.5 286.0 499.5 293.0 500.5 297.0 503.5 302.0 511.5 310.0 514.5 314.0 518.5 322.0 529.5 333.0 533.5 339.0 534.5 342.0 539.5 349.0 540.5 352.0 544.5 358.0 557.5 371.0 557.5 372.0 562.5 377.0 565.5 382.0 572.5 390.0 574.5 394.0 580.5 401.0 592.5 419.0 598.5 426.0 603.5 434.0 611.5 443.0 611.5 444.0 618.5 451.0 622.5 456.0 625.5 461.0 632.0 467.5 639.0 471.5 647.0 472.5 648.0 473.5 657.0 475.5 666.0 479.5 673.5 487.0 677.5 494.0 687.5 504.0 691.5 510.0 696.5 515.0 698.5 519.0 698.5 533.0 694.5 543.0 693.5 549.0 691.5 551.0 688.5 557.0 678.5 570.0 674.5 579.0 666.5 589.0 658.5 603.0 652.5 616.0 650.5 618.0 648.5 623.0 633.5 642.0 628.5 651.0 627.5 654.0 622.5 661.0 618.5 670.0 616.5 672.0 613.5 679.0 608.0 686.5 607.0 686.5 602.5 691.0 598.5 697.0 597.5 700.0 592.5 709.0 589.5 716.0 587.5 718.0 581.5 731.0 577.5 736.0 576.5 739.0 572.5 745.0 566.5 752.0 564.5 756.0 561.5 759.0 560.5 762.0 554.5 773.0 549.5 781.0 543.5 788.0 542.5 791.0 537.5 798.0 535.5 803.0 529.5 811.0 525.5 820.0 520.5 827.0 519.5 830.0 514.5 835.0 511.5 839.0 510.5 842.0 498.5 861.0 496.5 866.0 489.5 876.0 481.5 885.0 475.5 898.0 470.5 906.0 469.5 909.0 459.5 925.0 459.5 926.0 453.5 932.0 450.5 938.0 448.5 940.0 444.5 948.0 439.5 955.0 437.5 960.0 430.5 973.0 426.5 978.0 423.5 984.0 417.5 991.0 410.5 1003.0 408.5 1005.0 406.5 1010.0 398.5 1020.0 390.5 1035.0 387.5 1040.0 382.5 1046.0 382.5 1047.0 377.5 1053.0 375.5 1058.0 369.5 1067.0 366.5 1070.0 360.5 1081.0 358.5 1083.0 356.5 1089.0 350.5 1098.0 349.5 1101.0 344.5 1107.0 341.5 1112.0 334.5 1120.0 331.5 1126.0 329.5 1128.0 327.5 1133.0 325.5 1135.0 314.5 1157.0 312.5 1159.0 309.5 1165.0 306.0 1167.5 300.5 1173.0 296.5 1181.0 294.5 1183.0 290.5 1191.0 281.5 1203.0 278.5 1208.0 276.5 1213.0 271.5 1222.0 271.5 1224.0 267.5 1230.0 264.5 1233.0 256.5 1245.0 254.5 1250.0 252.5 1252.0 250.5 1257.0 243.5 1266.0 242.5 1269.0 238.5 1274.0 237.5 1277.0 233.5 1283.0 225.5 1293.0 223.5 1298.0 213.5 1312.0 206.5 1325.0 200.5 1333.0 195.5 1344.0 190.5 1350.0 190.5 1351.0 181.5 1360.0 177.5 1366.0 174.5 1373.0 169.5 1380.0 166.5 1389.0 164.5 1391.0 160.5 1399.0 157.5 1402.0 155.5 1406.0 152.5 1409.0 150.5 1413.0 146.5 1418.0 144.5 1423.0 139.5 1431.0 129.5 1452.0 125.5 1456.0 119.5 1465.0 116.5 1468.0 110.5 1477.0 108.5 1482.0 106.5 1484.0 104.5 1489.0 97.5 1499.0 92.5 1507.0 92.5 1509.0 89.5 1513.0 87.5 1518.0 78.5 1530.0 69.5 1548.0 65.5 1553.0 59.5 1559.0 55.5 1565.0 52.5 1573.0 49.5 1578.0 47.5 1584.0 40.5 1593.0 39.5 1596.0 36.5 1599.0 28.5 1613.0 27.5 1616.0 21.5 1625.0 14.5 1632.0 11.5 1637.0 6.0 1642.5 0.0 1642.5
 tube_rack_storage_cabinet 969.0 53.5 965.0 53.5 963.5 50.0 964.5 47.0 969.0 45.5 971.5 50.0 969.0 53.5
 tube_rack_storage_cabinet 80.5 317.0 80.5 311.0 81.5 309.0 79.5 307.0 79.5 317.0 80.5 317.0
 tube_rack_storage_cabinet 66.5 325.0 70.0 324.5 74.0 320.5 77.0 319.5 66.0 319.5 61.5 324.0 66.5 325.0
 tube_rack_storage_cabinet 0.0 339.5 6.0 339.5 7.0 340.5 12.0 340.5 13.0 341.5 18.0 341.5 19.0 342.5 36.0 342.5 47.0 339.5 50.0 336.5 53.5 335.0 51.5 330.0 49.0 327.5 45.0 325.5 39.0 325.5 38.0 324.5 21.0 324.5 7.0 331.5 0.0 331.5
 tube_rack_storage_cabinet 24.5 410.0 26.0 407.5 34.0 403.5 45.0 400.5 47.5 398.0 47.5 393.0 42.5 382.0 41.5 376.0 39.0 368.5 34.0 368.5 32.5 373.0 32.5 377.0 29.5 384.0 22.0 389.5 17.0 392.5 12.0 394.5 7.5 399.0 9.0 399.5 17.5 408.0 19.0 410.5 24.5 410.0
 tube_rack_storage_cabinet 219.5 588.0 225.5 582.0 227.5 579.0 227.5 574.0 225.5 570.0 221.0 565.5 216.0 563.5 212.5 560.0 221.5 551.0 223.5 546.0 222.5 544.0 222.5 539.0 221.5 538.0 221.5 532.0 219.0 527.5 215.0 527.5 211.5 531.0 210.5 534.0 210.5 542.0 209.5 543.0 209.5 549.0 206.0 553.5 204.0 553.5 197.5 560.0 197.5 573.0 200.5 579.0 207.0 584.5 214.0 588.5 219.5 588.0
 tube_rack_storage_cabinet 456.5 536.0 458.5 534.0 454.5 532.0 454.5 536.0 456.5 536.0
 tube_rack_storage_cabinet 441.5 549.0 441.5 549.0
 tube_rack_storage_cabinet 155.5 581.0 159.0 580.5 162.5 575.0 161.5 574.0 161.5 569.0 160.5 566.0 158.0 563.5 143.0 563.5 141.0 564.5 134.0 571.5 131.0 573.5 126.5 575.0 131.0 578.5 134.0 579.5 140.0 579.5 141.0 580.5 152.0 580.5 155.5 581.0
 tube_rack_storage_cabinet 40.5 582.0 50.0 580.5 53.5 578.0 54.5 574.0 50.0 569.5 49.0 570.5 32.0 570.5 28.0 569.5 24.0 566.5 19.5 570.0 17.5 575.0 18.5 578.0 23.0 581.5 28.0 582.5 40.0 582.5 40.5 582.0
 tube_rack_storage_cabinet 309.5 582.0 312.5 579.0 312.5 576.0 309.0 573.5 305.0 574.5 303.5 579.0 305.0 581.5 309.5 582.0
 tube_rack_storage_cabinet 338.5 582.0 341.5 579.0 341.5 575.0 339.0 573.5 335.0 573.5 332.5 575.0 331.5 579.0 336.0 582.5 338.5 582.0
 tube_rack_storage_cabinet 0.0 644.5 10.0 644.5 11.0 645.5 17.0 645.5 23.0 647.5 30.0 647.5 31.0 648.5 41.0 648.5 49.0 646.5 54.5 641.0 54.5 633.0 52.5 628.0 52.5 620.0 54.5 615.0 59.5 607.0 59.5 605.0 52.0 600.5 48.0 599.5 43.0 599.5 42.0 598.5 24.0 598.5 23.0 599.5 18.0 599.5 17.0 600.5 12.0 600.5 11.0 601.5 0.0 601.5
 tube_rack_storage_cabinet 311.5 611.0 315.0 609.5 315.5 608.0 312.0 604.5 307.0 604.5 305.5 609.0 308.0 611.5 311.5 611.0
 tube_rack_storage_cabinet 398.5 610.0 398.0 607.5 395.5 609.0 398.5 610.0
 tube_rack_storage_cabinet 279.5 642.0 280.5 640.0 280.5 635.0 278.0 632.5 275.0 632.5 272.5 635.0 272.5 640.0 275.0 642.5 279.5 642.0
 tube_rack_storage_cabinet 156.5 636.0 158.0 634.5 155.0 633.5 154.5 636.0 156.5 636.0
 tube_rack_storage_cabinet 219.5 641.0 222.5 639.0 220.0 634.5 215.0 633.5 210.5 636.0 211.5 639.0 216.0 641.5 219.5 641.0
 tube_rack_storage_cabinet 337.5 639.0 339.5 637.0 338.0 633.5 334.5 634.0 334.5 639.0 337.5 639.0
 tube_rack_storage_cabinet 336.5 703.0 339.5 700.0 339.5 693.0 336.0 691.5 331.5 695.0 331.5 700.0 335.0 703.5 336.5 703.0
 tube_rack_storage_cabinet 35.5 695.0 35.5 695.0
 tube_rack_storage_cabinet 279.5 699.0 278.0 695.5 275.0 694.5 273.5 696.0 274.0 699.5 279.5 699.0
 tube_rack_storage_cabinet 369.5 740.0 369.5 740.0
 tube_rack_storage_cabinet 311.5 757.0 317.0 756.5 318.0 755.5 336.0 755.5 336.0 754.5 319.0 754.5 318.0 753.5 312.0 753.5 311.0 752.5 305.0 752.5 299.0 754.5 304.0 757.5 311.5 757.0
 tube_rack_storage_cabinet 0.0 771.5 43.0 771.5 44.0 770.5 71.0 770.5 69.0 768.5 56.0 768.5 55.0 769.5 50.0 768.5 45.0 764.5 42.0 763.5 38.0 760.5 32.0 760.5 27.0 762.5 20.0 763.5 19.0 764.5 14.0 764.5 13.0 765.5 0.0 765.5
