 10ML_sorting_tube_rack 1051.0 1334.5 1040.0 1334.5 1032.0 1330.5 1025.0 1325.5 1015.0 1321.5 1012.0 1319.5 998.0 1315.5 994.0 1313.5 989.0 1309.5 981.0 1306.5 975.0 1302.5 958.0 1294.5 955.0 1292.5 946.0 1288.5 944.0 1286.5 939.0 1284.5 937.0 1282.5 932.0 1280.5 930.0 1278.5 925.0 1277.5 920.0 1275.5 918.0 1273.5 907.0 1268.5 905.0 1266.5 887.0 1258.5 874.0 1253.5 869.0 1249.5 866.0 1248.5 854.0 1241.5 843.0 1235.5 832.0 1232.5 828.0 1229.5 823.0 1227.5 821.0 1225.5 816.0 1223.5 814.0 1221.5 799.0 1214.5 797.0 1212.5 784.0 1205.5 782.0 1203.5 770.0 1198.5 760.0 1192.5 759.0 1192.5 754.0 1187.5 743.0 1179.5 740.0 1178.5 734.0 1173.5 727.0 1170.5 720.5 1164.0 716.5 1156.0 712.5 1151.0 702.0 1140.5 697.0 1137.5 689.5 1130.0 689.5 1129.0 682.5 1122.0 678.5 1117.0 675.5 1112.0 662.5 1099.0 662.5 1098.0 654.5 1090.0 654.5 1089.0 643.5 1078.0 643.5 1077.0 631.5 1065.0 627.5 1060.0 625.5 1056.0 617.5 1048.0 617.5 1047.0 612.5 1042.0 612.5 1041.0 598.5 1027.0 598.5 1026.0 585.5 1013.0 584.5 1010.0 571.5 997.0 571.5 996.0 562.0 986.5 561.0 986.5 555.5 981.0 555.5 980.0 544.5 969.0 541.5 965.0 540.5 962.0 532.5 954.0 525.5 941.0 518.0 935.5 513.5 931.0 513.5 930.0 507.5 924.0 507.5 923.0 502.5 918.0 502.5 917.0 496.5 911.0 493.5 906.0 479.5 892.0 477.5 888.0 468.5 879.0 465.5 874.0 460.0 868.5 459.0 868.5 447.5 857.0 447.5 856.0 441.5 850.0 438.5 845.0 434.5 840.0 428.5 834.0 428.5 833.0 405.5 810.0 405.5 809.0 400.5 804.0 397.5 798.0 395.5 796.0 392.5 790.0 392.5 785.0 394.5 782.0 404.0 772.5 415.0 765.5 418.0 764.5 425.0 760.5 427.0 760.5 433.0 757.5 445.0 750.5 453.0 748.5 457.0 746.5 462.0 745.5 464.0 743.5 473.0 738.5 487.0 734.5 499.0 724.5 504.0 722.5 510.0 721.5 517.0 718.5 519.0 718.5 526.0 714.5 535.0 710.5 544.0 705.5 554.0 695.5 559.0 693.5 564.0 690.5 575.0 687.5 582.0 683.5 587.0 681.5 589.0 679.5 594.0 677.5 603.0 675.5 608.0 673.5 613.0 670.5 618.0 668.5 620.0 666.5 630.0 662.5 633.0 660.5 638.0 659.5 649.0 654.5 651.0 652.5 659.0 648.5 664.5 643.0 664.5 642.0 671.0 635.5 680.0 631.5 683.0 629.5 686.0 629.5 693.0 626.5 695.0 626.5 699.0 623.5 704.0 621.5 706.0 619.5 714.0 616.5 722.0 612.5 727.0 611.5 735.0 607.5 741.0 603.5 747.0 601.5 754.0 600.5 762.0 597.5 771.0 590.5 778.0 587.5 781.0 585.5 788.0 578.5 794.0 574.5 802.0 570.5 808.0 569.5 815.0 566.5 822.0 565.5 826.0 563.5 833.0 562.5 834.0 561.5 848.0 561.5 849.0 560.5 866.0 560.5 872.0 562.5 877.0 562.5 878.0 563.5 898.0 563.5 904.0 565.5 930.0 565.5 931.0 566.5 951.0 566.5 952.0 567.5 964.0 567.5 965.0 568.5 970.0 567.5 995.0 567.5 996.0 568.5 1008.0 568.5 1009.0 569.5 1020.0 569.5 1021.0 570.5 1037.0 570.5 1038.0 571.5 1051.0 571.5 1052.0 572.5 1083.0 572.5 1084.0 573.5 1111.0 573.5 1112.0 574.5 1136.0 574.5 1137.0 575.5 1164.0 575.5 1167.0 577.5 1175.0 579.5 1179.0 581.5 1187.5 590.0 1188.5 593.0 1188.5 598.0 1187.5 599.0 1187.5 605.0 1186.5 606.0 1186.5 611.0 1185.5 612.0 1185.5 617.0 1184.5 621.0 1186.5 626.0 1194.5 639.0 1196.5 644.0 1200.5 650.0 1208.5 668.0 1214.5 676.0 1220.5 687.0 1223.5 690.0 1228.5 699.0 1233.5 709.0 1236.5 714.0 1241.0 719.5 1249.0 722.5 1254.0 723.5 1257.0 725.5 1263.0 731.5 1264.0 731.5 1270.5 738.0 1273.5 745.0 1281.5 755.0 1291.5 775.0 1291.5 777.0 1294.5 783.0 1301.5 790.0 1305.5 796.0 1307.5 801.0 1309.5 803.0 1311.5 808.0 1313.5 810.0 1317.5 819.0 1322.5 828.0 1322.5 830.0 1326.5 838.0 1328.5 840.0 1331.5 847.0 1336.5 855.0 1337.5 858.0 1341.5 864.0 1345.5 868.0 1348.5 873.0 1351.5 882.0 1359.5 898.0 1364.5 905.0 1369.5 916.0 1377.5 927.0 1380.5 932.0 1383.5 941.0 1388.5 950.0 1390.5 955.0 1393.5 960.0 1393.5 962.0 1396.5 967.0 1396.5 969.0 1399.5 974.0 1405.5 981.0 1408.5 986.0 1411.5 994.0 1413.5 997.0 1415.5 1004.0 1425.5 1024.0 1425.5 1032.0 1423.5 1038.0 1420.5 1042.0 1412.0 1050.5 1411.0 1050.5 1405.0 1056.5 1395.0 1062.5 1389.0 1068.5 1388.0 1068.5 1380.0 1076.5 1379.0 1076.5 1373.0 1081.5 1370.0 1082.5 1362.0 1090.5 1356.0 1094.5 1348.0 1102.5 1343.0 1106.5 1335.0 1111.5 1330.0 1115.5 1325.0 1120.5 1324.0 1120.5 1318.0 1126.5 1317.0 1126.5 1312.0 1131.5 1311.0 1131.5 1305.0 1137.5 1297.0 1142.5 1288.0 1151.5 1284.0 1154.5 1278.0 1157.5 1269.0 1166.5 1261.0 1171.5 1251.0 1181.5 1246.0 1184.5 1241.0 1188.5 1232.0 1197.5 1226.0 1201.5 1223.0 1202.5 1217.0 1206.5 1209.0 1214.5 1208.0 1214.5 1197.0 1225.5 1193.0 1228.5 1186.0 1232.5 1178.0 1240.5 1177.0 1240.5 1170.0 1247.5 1169.0 1247.5 1164.0 1252.5 1163.0 1252.5 1158.0 1257.5 1154.0 1260.5 1147.0 1264.5 1141.5 1269.0 1134.0 1276.5 1128.0 1280.5 1123.0 1285.5 1113.0 1291.5 1103.0 1301.5 1094.0 1307.5 1086.0 1315.5 1085.0 1315.5 1075.0 1323.5 1070.0 1325.5 1059.0 1332.5 1052.0 1333.5 1051.0 1334.5
 10ML_sorting_tube_rack 1303.5 951.0 1308.0 950.5 1311.5 946.0 1312.5 937.0 1309.5 928.0 1300.5 919.0 1298.5 913.0 1298.5 909.0 1296.5 904.0 1291.5 898.0 1290.5 895.0 1284.5 884.0 1284.5 881.0 1280.5 872.0 1270.5 862.0 1266.5 855.0 1264.5 847.0 1262.5 842.0 1255.5 829.0 1253.5 824.0 1244.5 813.0 1239.5 799.0 1235.5 791.0 1230.0 786.5 1225.0 784.5 1220.0 784.5 1216.0 787.5 1208.0 791.5 1201.0 798.5 1200.0 798.5 1194.0 803.5 1184.0 809.5 1174.0 814.5 1171.0 815.5 1166.0 820.5 1165.0 820.5 1160.0 825.5 1147.0 832.5 1140.0 833.5 1134.0 836.5 1132.0 836.5 1128.0 839.5 1121.0 843.5 1113.5 851.0 1113.5 852.0 1104.5 861.0 1102.5 864.0 1101.5 872.0 1100.5 873.0 1100.5 878.0 1104.5 884.0 1104.5 886.0 1108.5 894.0 1115.0 901.5 1121.0 904.5 1126.0 905.5 1135.0 910.5 1143.5 919.0 1143.5 920.0 1149.0 922.5 1169.0 922.5 1170.0 923.5 1180.0 923.5 1181.0 924.5 1193.0 924.5 1197.0 925.5 1204.0 928.5 1209.0 928.5 1210.0 929.5 1221.0 929.5 1222.0 930.5 1228.0 930.5 1229.0 931.5 1235.0 931.5 1236.0 932.5 1242.0 932.5 1243.0 933.5 1248.0 933.5 1260.0 936.5 1265.0 938.5 1271.0 938.5 1272.0 939.5 1281.0 939.5 1287.0 943.5 1294.0 950.5 1296.0 951.5 1303.5 951.0
 10ML_sorting_tube_rack 738.5 1044.0 732.0 1041.5 727.0 1041.5 723.0 1039.5 718.0 1039.5 714.0 1037.5 710.0 1037.5 707.5 1040.0 710.0 1041.5 717.0 1041.5 721.0 1042.5 723.0 1044.5 738.0 1044.5 738.5 1044.0
 5ML_sorting_tube_rack 1794.0 836.5 1774.0 836.5 1773.0 835.5 1768.0 835.5 1767.0 834.5 1761.0 834.5 1760.0 833.5 1753.0 832.5 1752.0 831.5 1747.0 831.5 1746.0 830.5 1740.0 830.5 1739.0 829.5 1734.0 829.5 1729.0 828.5 1724.0 826.5 1720.0 826.5 1715.0 824.5 1711.0 824.5 1705.0 822.5 1700.0 822.5 1695.0 820.5 1686.0 819.5 1685.0 818.5 1680.0 818.5 1679.0 817.5 1673.0 817.5 1667.0 815.5 1662.0 815.5 1661.0 814.5 1656.0 814.5 1651.0 812.5 1646.0 811.5 1641.0 811.5 1635.0 809.5 1630.0 809.5 1625.0 808.5 1616.0 805.5 1607.0 804.5 1601.0 802.5 1597.0 802.5 1592.0 800.5 1588.0 800.5 1584.0 798.5 1576.0 797.5 1575.0 796.5 1561.0 794.5 1556.0 792.5 1547.0 791.5 1541.0 789.5 1536.0 789.5 1531.0 787.5 1527.0 787.5 1522.0 785.5 1518.0 785.5 1513.0 783.5 1509.0 783.5 1501.0 780.5 1498.0 780.5 1493.0 778.5 1487.0 778.5 1486.0 777.5 1478.0 777.5 1477.0 776.5 1472.0 776.5 1466.0 774.5 1462.0 774.5 1456.0 771.5 1451.0 767.5 1448.0 766.5 1443.5 762.0 1440.5 757.0 1440.5 755.0 1437.5 750.0 1435.5 745.0 1433.5 743.0 1432.5 738.0 1430.5 735.0 1426.5 723.0 1420.5 711.0 1412.5 696.0 1412.5 694.0 1405.5 682.0 1403.5 675.0 1399.5 669.0 1383.5 637.0 1383.5 635.0 1377.5 624.0 1373.5 615.0 1371.5 613.0 1369.5 607.0 1365.5 599.0 1365.5 597.0 1359.5 586.0 1355.5 577.0 1354.5 576.0 1350.5 567.0 1348.5 565.0 1345.5 555.0 1342.5 550.0 1342.5 548.0 1338.5 537.0 1333.5 528.0 1329.5 524.0 1324.5 514.0 1318.5 503.0 1318.5 501.0 1315.5 495.0 1309.5 485.0 1303.5 469.0 1298.5 462.0 1294.5 453.0 1293.5 452.0 1287.5 438.0 1281.5 426.0 1276.5 417.0 1272.5 405.0 1268.5 398.0 1268.5 390.0 1269.5 385.0 1275.0 379.5 1281.0 376.5 1285.0 373.5 1287.0 373.5 1300.0 366.5 1305.0 362.5 1310.0 359.5 1320.0 355.5 1327.0 351.5 1329.0 351.5 1336.0 347.5 1338.0 347.5 1363.0 334.5 1365.0 334.5 1381.0 326.5 1384.0 325.5 1391.0 320.5 1399.0 316.5 1410.0 312.5 1416.0 308.5 1424.0 304.5 1426.0 302.5 1432.0 299.5 1439.0 297.5 1442.0 295.5 1452.0 291.5 1457.0 288.5 1459.0 288.5 1464.0 285.5 1472.0 282.5 1477.0 278.5 1480.0 277.5 1489.0 271.5 1493.0 270.5 1503.0 266.5 1509.0 261.5 1521.0 255.5 1526.0 253.5 1538.0 247.5 1540.0 247.5 1545.0 244.5 1557.0 240.5 1560.0 240.5 1565.0 238.5 1577.0 238.5 1578.0 237.5 1586.0 237.5 1587.0 236.5 1596.0 236.5 1597.0 235.5 1617.0 235.5 1618.0 234.5 1623.0 234.5 1624.0 233.5 1633.0 233.5 1634.0 232.5 1642.0 232.5 1643.0 231.5 1648.0 231.5 1649.0 230.5 1655.0 230.5 1656.0 229.5 1674.0 229.5 1675.0 228.5 1687.0 228.5 1688.0 227.5 1697.0 227.5 1698.0 226.5 1709.0 226.5 1710.0 225.5 1721.0 225.5 1722.0 224.5 1732.0 224.5 1733.0 223.5 1744.0 223.5 1745.0 222.5 1751.0 222.5 1752.0 221.5 1759.0 221.5 1760.0 220.5 1768.0 220.5 1769.0 219.5 1776.0 219.5 1777.0 218.5 1783.0 218.5 1784.0 217.5 1790.0 217.5 1791.0 216.5 1796.0 216.5 1797.0 215.5 1802.0 215.5 1803.0 214.5 1812.0 214.5 1813.0 213.5 1822.0 213.5 1823.0 212.5 1832.0 212.5 1833.0 211.5 1843.0 211.5 1844.0 210.5 1856.0 210.5 1857.0 209.5 1865.0 209.5 1866.0 208.5 1874.0 208.5 1875.0 207.5 1885.0 207.5 1886.0 206.5 1895.0 206.5 1896.0 205.5 1907.0 205.5 1908.0 204.5 1916.0 204.5 1917.0 203.5 1930.0 203.5 1932.0 204.5 1937.5 210.0 1939.5 215.0 1939.5 223.0 1938.5 224.0 1938.5 229.0 1937.5 230.0 1937.5 247.0 1945.5 272.0 1946.5 281.0 1950.5 294.0 1950.5 298.0 1952.5 303.0 1952.5 307.0 1955.5 315.0 1955.5 318.0 1957.5 322.0 1957.5 325.0 1959.5 331.0 1964.5 341.0 1967.5 345.0 1972.5 350.0 1974.5 354.0 1975.5 361.0 1977.5 365.0 1979.5 377.0 1981.5 382.0 1983.5 391.0 1985.5 395.0 1985.5 398.0 1989.5 408.0 1990.5 412.0 1990.5 418.0 1991.5 419.0 1991.5 424.0 1994.5 432.0 1994.5 435.0 1997.5 442.0 1998.5 449.0 2000.5 453.0 2001.5 461.0 2003.5 465.0 2004.5 472.0 2006.5 477.0 2006.5 480.0 2008.5 484.0 2009.5 491.0 2010.5 492.0 2012.5 503.0 2013.5 504.0 2013.5 509.0 2016.5 518.0 2016.5 522.0 2018.5 526.0 2018.5 529.0 2020.5 533.0 2020.5 536.0 2022.5 540.0 2022.5 543.0 2024.5 547.0 2024.5 551.0 2027.5 560.0 2028.5 565.0 2028.5 570.0 2030.5 575.0 2030.5 579.0 2032.5 585.0 2034.5 588.0 2035.5 596.0 2036.5 597.0 2038.5 611.0 2041.5 620.0 2041.5 626.0 2042.5 627.0 2042.5 641.0 2039.5 648.0 2037.5 651.0 2025.0 660.5 2019.0 666.5 2013.0 670.5 2002.0 679.5 2001.0 679.5 1995.0 685.5 1991.0 688.5 1982.0 693.5 1977.5 698.0 1977.5 699.0 1970.0 705.5 1966.0 707.5 1961.0 712.5 1949.0 720.5 1945.0 724.5 1932.0 733.5 1927.0 737.5 1919.0 745.5 1913.0 749.5 1907.0 752.5 1899.0 760.5 1892.0 764.5 1882.0 774.5 1873.0 780.5 1870.0 783.5 1865.0 786.5 1856.0 794.5 1852.0 796.5 1846.0 802.5 1841.0 806.5 1831.0 812.5 1822.0 821.5 1816.0 824.5 1808.0 831.5 1804.0 833.5 1795.0 835.5 1794.0 836.5
 5ML_sorting_tube_rack 1854.5 578.0 1858.0 574.5 1866.0 571.5 1876.0 571.5 1877.0 570.5 1884.0 570.5 1885.0 571.5 1892.0 571.5 1893.0 572.5 1910.0 572.5 1911.0 573.5 1920.0 573.5 1921.0 574.5 1942.0 574.5 1943.0 575.5 1949.0 575.5 1955.0 577.5 1973.0 577.5 1976.5 575.0 1977.5 572.0 1977.5 558.0 1976.5 557.0 1976.5 551.0 1975.5 550.0 1975.5 544.0 1974.5 543.0 1974.5 536.0 1973.5 531.0 1970.5 522.0 1969.5 515.0 1967.5 508.0 1965.5 505.0 1965.5 502.0 1963.5 498.0 1962.5 490.0 1960.5 485.0 1957.5 472.0 1955.5 468.0 1953.5 457.0 1950.5 450.0 1950.5 447.0 1948.5 443.0 1946.5 433.0 1946.5 428.0 1945.5 427.0 1945.5 420.0 1944.5 419.0 1944.5 412.0 1941.5 403.0 1938.0 399.5 1931.0 397.5 1930.0 396.5 1925.0 398.5 1918.0 405.5 1906.0 412.5 1901.0 416.5 1896.0 418.5 1891.0 422.5 1887.0 424.5 1882.0 428.5 1878.0 430.5 1869.0 437.5 1866.0 438.5 1860.0 442.5 1856.0 446.5 1850.0 450.5 1839.0 455.5 1825.0 466.5 1819.0 469.5 1815.5 473.0 1814.5 476.0 1814.5 481.0 1813.5 482.0 1813.5 488.0 1816.5 493.0 1820.5 502.0 1820.5 505.0 1822.5 509.0 1822.5 512.0 1824.5 516.0 1824.5 519.0 1826.5 523.0 1828.5 532.0 1834.5 548.0 1834.5 551.0 1836.5 556.0 1843.5 569.0 1851.0 578.5 1854.5 578.0
 5ML_sorting_tube_rack 1778.5 566.0 1783.0 564.5 1786.5 560.0 1785.5 556.0 1785.5 545.0 1783.5 542.0 1780.5 531.0 1778.5 528.0 1777.5 523.0 1775.5 519.0 1775.5 514.0 1774.5 510.0 1770.0 506.5 1760.0 506.5 1759.0 507.5 1749.0 512.5 1744.0 514.5 1740.5 518.0 1735.5 529.0 1735.5 535.0 1737.5 539.0 1739.5 548.0 1743.5 555.0 1743.5 557.0 1749.0 563.5 1761.0 565.5 1762.0 566.5 1778.0 566.5 1778.5 566.0
 5ML_sorting_tube_rack 1465.5 686.0 1469.0 684.5 1480.0 678.5 1484.0 674.5 1493.0 670.5 1504.0 662.5 1508.0 660.5 1513.0 656.5 1520.0 653.5 1523.0 651.5 1528.0 646.5 1534.0 642.5 1539.0 640.5 1547.0 638.5 1551.5 635.0 1553.5 628.0 1553.5 620.0 1549.5 610.0 1549.5 607.0 1547.5 603.0 1545.5 595.0 1543.5 590.0 1538.5 581.0 1536.5 574.0 1533.5 569.0 1529.5 559.0 1528.5 554.0 1525.5 547.0 1521.0 542.5 1510.0 539.5 1497.0 539.5 1496.0 538.5 1485.0 538.5 1484.0 537.5 1475.0 537.5 1474.0 536.5 1466.0 536.5 1465.0 535.5 1452.0 535.5 1451.0 534.5 1438.0 534.5 1437.0 533.5 1392.0 533.5 1388.5 535.0 1387.5 540.0 1387.5 547.0 1388.5 550.0 1392.5 556.0 1394.5 562.0 1398.5 569.0 1400.5 574.0 1402.5 576.0 1408.5 589.0 1412.5 596.0 1416.5 610.0 1420.5 617.0 1423.5 624.0 1429.5 634.0 1434.5 646.0 1441.5 658.0 1444.5 667.0 1444.5 670.0 1447.5 674.0 1448.5 677.0 1451.0 678.5 1458.0 685.5 1460.0 686.5 1465.5 686.0
 5ML_sorting_tube_rack 1599.5 600.0 1605.0 596.5 1610.0 595.5 1614.0 593.5 1621.0 586.5 1625.0 584.5 1629.5 579.0 1629.5 573.0 1626.5 567.0 1624.5 561.0 1620.5 555.0 1616.0 550.5 1610.0 547.5 1602.0 547.5 1601.0 546.5 1592.0 546.5 1591.0 547.5 1584.0 547.5 1580.5 550.0 1580.5 558.0 1579.5 559.0 1580.5 564.0 1585.5 573.0 1585.5 576.0 1587.5 579.0 1589.5 586.0 1594.5 595.0 1594.5 597.0 1599.5 600.0
 10ML_centrifuge_tube 1929.0 949.5 1908.0 949.5 1902.0 947.5 1893.0 941.5 1888.5 937.0 1888.5 925.0 1891.5 920.0 1903.0 908.5 1904.0 908.5 1914.0 898.5 1915.0 898.5 1925.0 888.5 1926.0 888.5 1933.5 881.0 1933.5 880.0 1941.0 872.5 1944.0 870.5 1955.0 870.5 1959.5 877.0 1959.5 879.0 1967.5 894.0 1968.5 901.0 1970.5 905.0 1970.5 918.0 1969.5 923.0 1967.5 927.0 1960.0 934.5 1954.0 938.5 1940.0 946.5 1934.0 947.5 1929.0 949.5
 5ML_sorting_tube_rack 1910.0 933.5 1905.0 932.5 1900.0 930.5 1897.5 928.0 1896.5 925.0 1898.5 920.0 1903.0 917.5 1907.5 913.0 1909.5 909.0 1914.0 906.5 1918.0 907.5 1924.0 907.5 1925.0 908.5 1930.0 908.5 1932.5 903.0 1932.5 894.0 1935.5 889.0 1938.5 886.0 1939.5 883.0 1944.0 878.5 1947.5 884.0 1949.5 889.0 1952.5 900.0 1957.5 905.0 1958.5 909.0 1955.0 911.5 1952.0 911.5 1945.0 914.5 1938.0 921.5 1932.0 924.5 1929.0 924.5 1924.0 926.5 1914.0 932.5 1910.0 933.5
 5ML_sorting_tube_rack 2027.0 1420.5 2015.0 1420.5 2003.0 1415.5 1996.0 1411.5 1994.0 1411.5 1987.0 1408.5 1978.0 1406.5 1977.0 1405.5 1971.0 1404.5 1957.0 1398.5 1949.0 1397.5 1948.0 1396.5 1940.0 1395.5 1937.0 1393.5 1925.0 1389.5 1923.0 1389.5 1918.0 1386.5 1916.0 1386.5 1907.0 1381.5 1890.0 1376.5 1886.0 1374.5 1883.0 1374.5 1880.0 1372.5 1874.0 1370.5 1868.0 1369.5 1856.0 1364.5 1853.0 1364.5 1847.0 1361.5 1839.0 1359.5 1832.0 1355.5 1821.0 1351.5 1816.0 1350.5 1812.0 1348.5 1803.0 1346.5 1792.0 1342.5 1789.0 1340.5 1783.0 1338.5 1776.0 1337.5 1772.0 1335.5 1765.0 1334.5 1761.0 1332.5 1756.0 1331.5 1736.0 1321.5 1731.0 1320.5 1727.0 1318.5 1715.0 1316.5 1711.0 1314.5 1702.0 1312.5 1695.0 1308.5 1689.0 1306.5 1683.5 1301.0 1681.5 1298.0 1676.5 1286.0 1674.5 1283.0 1667.5 1269.0 1667.5 1266.0 1665.5 1260.0 1660.5 1249.0 1655.5 1242.0 1651.5 1232.0 1647.5 1225.0 1647.5 1223.0 1642.5 1212.0 1640.5 1210.0 1636.5 1201.0 1634.5 1199.0 1630.5 1189.0 1630.5 1185.0 1628.5 1181.0 1628.5 1178.0 1631.0 1174.5 1635.0 1172.5 1638.0 1169.5 1645.0 1165.5 1648.0 1165.5 1652.0 1163.5 1655.5 1158.0 1656.5 1154.0 1656.5 1149.0 1657.5 1147.0 1666.0 1138.5 1667.0 1138.5 1672.5 1133.0 1676.5 1127.0 1682.0 1121.5 1683.0 1121.5 1710.0 1094.5 1711.0 1094.5 1731.0 1074.5 1732.0 1074.5 1743.0 1063.5 1747.0 1061.5 1751.5 1057.0 1751.5 1056.0 1763.0 1044.5 1767.5 1041.0 1771.0 1036.5 1777.0 1032.5 1803.0 1006.5 1808.0 1003.5 1812.5 999.0 1820.0 989.5 1825.0 986.5 1837.0 974.5 1842.0 971.5 1866.0 947.5 1867.0 947.5 1874.0 941.5 1875.0 941.5 1881.0 935.5 1883.0 934.5 1889.0 934.5 1892.0 935.5 1899.0 939.5 1906.0 939.5 1911.0 940.5 1916.0 942.5 1921.0 943.5 1932.0 943.5 1933.0 942.5 1938.0 942.5 1939.0 941.5 1946.0 939.5 1950.5 935.0 1950.5 934.0 1958.0 927.5 1965.0 923.5 1970.5 921.0 1972.5 916.0 1977.0 911.5 1982.0 909.5 1992.0 909.5 1993.0 910.5 1999.0 910.5 2000.0 911.5 2009.0 911.5 2010.0 912.5 2019.0 912.5 2020.0 913.5 2026.0 913.5 2027.0 914.5 2033.0 914.5 2034.0 915.5 2045.0 915.5 2046.0 916.5 2053.0 916.5 2054.0 917.5 2061.0 917.5 2062.0 918.5 2070.0 918.5 2071.0 919.5 2079.0 919.5 2090.0 922.5 2098.0 922.5 2099.0 923.5 2107.0 923.5 2108.0 924.5 2115.0 925.5 2121.0 928.5 2124.5 932.0 2127.5 939.0 2127.5 945.0 2128.5 946.0 2128.5 954.0 2129.5 955.0 2129.5 960.0 2130.5 961.0 2130.5 966.0 2134.5 982.0 2134.5 988.0 2135.5 989.0 2135.5 994.0 2140.5 1006.0 2145.5 1015.0 2145.5 1017.0 2150.5 1026.0 2154.5 1038.0 2154.5 1041.0 2158.5 1054.0 2161.5 1061.0 2164.5 1074.0 2164.5 1079.0 2166.5 1084.0 2170.5 1098.0 2170.5 1101.0 2175.5 1113.0 2177.5 1120.0 2177.5 1126.0 2178.5 1131.0 2181.5 1139.0 2181.5 1142.0 2184.5 1149.0 2184.5 1151.0 2187.5 1160.0 2189.5 1164.0 2189.5 1169.0 2191.5 1175.0 2192.5 1184.0 2194.5 1189.0 2194.5 1194.0 2195.5 1195.0 2195.5 1200.0 2196.5 1201.0 2196.5 1209.0 2193.5 1215.0 2193.5 1217.0 2189.5 1224.0 2184.5 1229.0 2184.5 1230.0 2179.5 1235.0 2175.5 1242.0 2172.5 1246.0 2161.5 1257.0 2161.5 1258.0 2156.5 1264.0 2155.5 1267.0 2150.5 1274.0 2146.5 1278.0 2140.5 1287.0 2132.5 1295.0 2128.5 1302.0 2124.5 1307.0 2118.5 1313.0 2118.5 1314.0 2112.5 1321.0 2110.5 1325.0 2101.5 1334.0 2098.5 1338.0 2095.5 1344.0 2086.5 1353.0 2085.5 1356.0 2079.5 1365.0 2071.5 1373.0 2067.5 1379.0 2062.5 1384.0 2060.5 1388.0 2057.5 1391.0 2053.5 1398.0 2050.5 1402.0 2046.0 1406.5 2045.0 1406.5 2033.0 1418.5 2027.0 1420.5
 5ML_sorting_tube_rack 2124.5 1149.0 2126.0 1148.5 2130.5 1144.0 2132.5 1136.0 2133.5 1135.0 2133.5 1125.0 2132.5 1124.0 2132.5 1119.0 2131.5 1115.0 2128.5 1110.0 2127.5 1105.0 2125.5 1100.0 2125.5 1087.0 2122.5 1079.0 2120.0 1076.5 2116.0 1080.5 2110.0 1082.5 2105.5 1087.0 2102.5 1095.0 2097.0 1099.5 2095.0 1099.5 2089.5 1105.0 2088.5 1108.0 2082.0 1114.5 2077.5 1118.0 2076.5 1122.0 2070.5 1133.0 2071.5 1140.0 2075.0 1143.5 2079.0 1144.5 2096.0 1144.5 2097.0 1145.5 2106.0 1145.5 2107.0 1146.5 2112.0 1146.5 2120.0 1149.5 2124.5 1149.0
 5ML_sorting_tube_rack 1689.5 1227.0 1696.0 1225.5 1703.0 1221.5 1708.0 1220.5 1715.0 1220.5 1719.5 1214.0 1720.5 1211.0 1726.0 1205.5 1730.0 1203.5 1735.0 1198.5 1739.0 1195.5 1742.0 1194.5 1744.5 1190.0 1737.0 1185.5 1735.0 1183.5 1727.0 1180.5 1725.0 1178.5 1708.0 1175.5 1707.0 1174.5 1701.0 1174.5 1700.0 1173.5 1694.0 1173.5 1693.0 1172.5 1685.0 1172.5 1679.5 1177.0 1677.5 1183.0 1677.5 1188.0 1676.5 1193.0 1678.5 1197.0 1679.5 1205.0 1680.5 1206.0 1682.5 1214.0 1682.5 1217.0 1684.5 1223.0 1689.0 1227.5 1689.5 1227.0
 centrifuge_close 3369.5 0.0 3369.5 6.0 3373.5 14.0 3375.5 21.0 3375.5 44.0 3376.5 45.0 3376.5 73.0 3377.5 74.0 3377.5 91.0 3376.5 92.0 3376.5 103.0 3377.5 104.0 3377.5 118.0 3376.5 119.0 3376.5 136.0 3375.5 137.0 3375.5 169.0 3376.5 170.0 3376.5 192.0 3375.5 193.0 3375.5 201.0 3374.5 202.0 3374.5 207.0 3373.5 208.0 3373.5 213.0 3372.5 214.0 3372.5 231.0 3371.5 232.0 3371.5 251.0 3370.5 252.0 3370.5 262.0 3369.5 263.0 3369.5 270.0 3368.5 271.0 3368.5 277.0 3367.5 278.0 3367.5 284.0 3366.5 285.0 3366.5 291.0 3365.5 292.0 3365.5 300.0 3364.5 301.0 3364.5 318.0 3363.5 319.0 3363.5 339.0 3362.5 340.0 3362.5 356.0 3361.5 357.0 3361.5 367.0 3360.5 368.0 3360.5 376.0 3359.5 377.0 3359.5 384.0 3358.5 385.0 3358.5 391.0 3357.5 392.0 3357.5 397.0 3356.5 398.0 3356.5 407.0 3355.5 408.0 3355.5 422.0 3354.5 423.0 3354.5 435.0 3353.5 436.0 3353.5 442.0 3352.5 443.0 3352.5 448.0 3350.5 457.0 3348.5 460.0 3346.5 466.0 3346.5 469.0 3343.5 475.0 3335.5 483.0 3332.5 489.0 3328.5 494.0 3324.5 501.0 3319.0 506.5 3313.0 510.5 3301.5 522.0 3298.5 526.0 3296.5 531.0 3292.0 535.5 3285.0 538.5 3278.0 542.5 3271.0 549.5 3265.0 553.5 3256.0 557.5 3251.0 561.5 3245.0 564.5 3237.0 566.5 3234.0 568.5 3223.0 571.5 3220.0 573.5 3213.0 575.5 3202.0 579.5 3192.0 582.5 3185.0 585.5 3170.0 590.5 3164.0 590.5 3163.0 591.5 3158.0 591.5 3153.0 593.5 3148.0 594.5 3143.0 594.5 3142.0 595.5 3136.0 595.5 3135.0 596.5 3130.0 596.5 3129.0 597.5 3123.0 597.5 3122.0 598.5 3115.0 598.5 3114.0 599.5 3106.0 599.5 3105.0 600.5 3097.0 600.5 3096.0 601.5 3090.0 601.5 3089.0 602.5 3084.0 602.5 3083.0 603.5 3075.0 603.5 3074.0 604.5 3065.0 604.5 3064.0 605.5 3055.0 605.5 3054.0 606.5 3039.0 606.5 3038.0 607.5 3030.0 607.5 3029.0 608.5 3020.0 608.5 3019.0 609.5 3003.0 609.5 3002.0 610.5 2993.0 610.5 2992.0 611.5 2969.0 611.5 2968.0 610.5 2916.0 610.5 2911.0 609.5 2900.0 603.5 2894.0 602.5 2889.0 600.5 2883.0 600.5 2882.0 599.5 2875.0 598.5 2871.5 595.0 2870.5 592.0 2870.5 586.0 2869.5 585.0 2869.5 576.0 2873.5 566.0 2875.5 564.0 2875.5 561.0 2870.5 553.0 2869.5 550.0 2869.5 544.0 2870.5 540.0 2874.5 531.0 2874.5 525.0 2875.5 524.0 2875.5 516.0 2872.5 508.0 2872.5 502.0 2871.5 501.0 2871.5 488.0 2869.5 485.0 2863.0 479.5 2858.0 476.5 2808.0 476.5 2797.0 473.5 2788.0 473.5 2787.0 472.5 2766.0 472.5 2765.0 473.5 2756.0 473.5 2755.0 474.5 2748.0 474.5 2747.0 475.5 2742.0 475.5 2741.0 476.5 2735.0 476.5 2730.0 477.5 2724.0 480.5 2721.5 485.0 2710.5 496.0 2708.5 500.0 2700.5 511.0 2694.5 517.0 2692.5 525.0 2690.5 530.0 2690.5 537.0 2691.5 538.0 2691.5 554.0 2688.5 562.0 2688.5 569.0 2687.5 570.0 2687.5 578.0 2685.5 582.0 2685.5 585.0 2683.5 590.0 2680.0 593.5 2675.0 595.5 2671.0 595.5 2665.0 597.5 2658.0 597.5 2657.0 598.5 2645.0 598.5 2644.0 599.5 2639.0 599.5 2638.0 600.5 2629.0 600.5 2619.0 595.5 2603.5 580.0 2599.5 575.0 2597.5 571.0 2591.5 564.0 2588.5 558.0 2588.5 556.0 2585.5 549.0 2583.5 541.0 2581.5 537.0 2581.5 534.0 2579.5 531.0 2576.5 521.0 2576.5 515.0 2575.5 514.0 2575.5 501.0 2576.5 500.0 2576.5 493.0 2577.5 492.0 2577.5 485.0 2578.5 484.0 2578.5 472.0 2579.5 471.0 2579.5 464.0 2580.5 463.0 2580.5 457.0 2581.5 456.0 2581.5 446.0 2582.5 445.0 2582.5 439.0 2583.5 438.0 2585.5 428.0 2585.5 410.0 2586.5 409.0 2587.5 400.0 2588.5 399.0 2588.5 389.0 2589.5 388.0 2589.5 378.0 2590.5 377.0 2590.5 370.0 2591.5 369.0 2591.5 363.0 2593.5 357.0 2593.5 352.0 2594.5 351.0 2594.5 339.0 2595.5 338.0 2595.5 329.0 2596.5 328.0 2596.5 319.0 2597.5 318.0 2597.5 307.0 2598.5 306.0 2598.5 300.0 2600.5 294.0 2600.5 289.0 2601.5 288.0 2601.5 283.0 2602.5 282.0 2602.5 274.0 2603.5 273.0 2603.5 264.0 2604.5 263.0 2604.5 253.0 2605.5 252.0 2605.5 244.0 2606.5 243.0 2606.5 237.0 2607.5 236.0 2607.5 231.0 2608.5 230.0 2610.5 216.0 2611.5 215.0 2611.5 208.0 2612.5 207.0 2612.5 198.0 2613.5 197.0 2613.5 183.0 2614.5 182.0 2614.5 176.0 2615.5 172.0 2620.5 163.0 2620.5 161.0 2631.5 139.0 2647.0 123.5 2648.0 123.5 2655.0 116.5 2656.0 116.5 2669.0 106.5 2672.0 105.5 2681.0 100.5 2685.0 96.5 2694.0 90.5 2696.0 90.5 2700.0 87.5 2707.0 84.5 2720.0 76.5 2742.0 65.5 2745.0 64.5 2754.0 57.5 2761.0 55.5 2768.0 54.5 2773.0 51.5 2784.0 47.5 2787.0 45.5 2804.0 40.5 2810.0 37.5 2812.0 35.5 2817.0 33.5 2822.0 30.5 2827.0 28.5 2832.0 27.5 2836.0 25.5 2845.0 23.5 2850.0 20.5 2852.0 20.5 2857.0 17.5 2865.0 15.5 2866.0 14.5 2874.0 12.5 2877.0 12.5 2881.0 10.5 2886.0 9.5 2889.0 7.5 2898.0 7.5 2902.5 5.0 2902.5 0.0
 10ML_sorting_tube_rack 3419.5 2159.0 3419.0 2157.5 3411.0 2157.5 3410.0 2156.5 3385.0 2156.5 3384.0 2157.5 3363.0 2157.5 3362.0 2156.5 3355.0 2156.5 3354.0 2155.5 3328.0 2155.5 3327.0 2156.5 3306.0 2156.5 3305.0 2155.5 3285.0 2155.5 3284.0 2154.5 3269.0 2154.5 3268.0 2153.5 3262.0 2153.5 3257.0 2151.5 3253.0 2151.5 3248.0 2149.5 3243.0 2148.5 3239.0 2146.5 3230.0 2144.5 3226.0 2141.5 3221.0 2139.5 3218.0 2136.5 3214.0 2134.5 3199.0 2129.5 3194.0 2126.5 3192.0 2126.5 3185.0 2122.5 3182.0 2121.5 3173.0 2120.5 3167.0 2117.5 3165.0 2117.5 3160.0 2114.5 3153.0 2111.5 3147.0 2106.5 3137.0 2100.5 3126.0 2096.5 3112.0 2092.5 3111.0 2091.5 3104.0 2090.5 3099.0 2088.5 3097.0 2086.5 3085.0 2079.5 3080.0 2075.5 3076.0 2073.5 3068.0 2071.5 3063.0 2068.5 3061.0 2068.5 3056.0 2065.5 3054.0 2065.5 3043.0 2059.5 3038.0 2057.5 3033.0 2056.5 3021.0 2051.5 3014.0 2046.5 3010.0 2045.5 2999.0 2038.5 2993.0 2035.5 2988.0 2034.5 2983.0 2031.5 2981.0 2031.5 2974.0 2027.5 2966.5 2020.0 2962.5 2014.0 2955.5 2007.0 2948.5 1994.0 2948.5 1991.0 2946.5 1986.0 2945.5 1981.0 2945.5 1976.0 2944.5 1975.0 2944.5 1965.0 2945.5 1964.0 2945.5 1952.0 2946.5 1951.0 2946.5 1943.0 2947.5 1942.0 2947.5 1934.0 2948.5 1933.0 2948.5 1921.0 2949.5 1920.0 2949.5 1911.0 2953.5 1901.0 2953.5 1898.0 2956.5 1892.0 2957.5 1887.0 2959.5 1882.0 2961.5 1880.0 2963.5 1874.0 2967.5 1868.0 2969.5 1862.0 2969.5 1856.0 2970.5 1855.0 2970.5 1850.0 2974.5 1838.0 2978.5 1832.0 2983.5 1827.0 2986.5 1818.0 2987.5 1813.0 2987.5 1807.0 2988.5 1806.0 2988.5 1796.0 2989.5 1795.0 2989.5 1785.0 2990.5 1784.0 2990.5 1775.0 2991.5 1774.0 2991.5 1766.0 2992.5 1765.0 2992.5 1748.0 2993.5 1747.0 2993.5 1733.0 2994.5 1732.0 2994.5 1704.0 2995.5 1703.0 2995.5 1691.0 2996.5 1690.0 2996.5 1675.0 2997.5 1674.0 2997.5 1641.0 2998.5 1640.0 2998.5 1631.0 2999.5 1630.0 2999.5 1624.0 3000.5 1623.0 3000.5 1618.0 3001.5 1613.0 3004.5 1607.0 3004.5 1605.0 3008.5 1598.0 3010.5 1592.0 3011.5 1585.0 3012.5 1584.0 3018.5 1567.0 3021.5 1562.0 3022.5 1557.0 3024.5 1553.0 3025.5 1546.0 3027.5 1542.0 3027.5 1539.0 3029.5 1536.0 3031.5 1529.0 3034.5 1524.0 3034.5 1522.0 3037.5 1517.0 3042.5 1502.0 3044.5 1494.0 3047.5 1489.0 3051.5 1478.0 3053.5 1475.0 3055.5 1463.0 3059.5 1455.0 3059.5 1453.0 3063.5 1446.0 3063.5 1444.0 3067.5 1436.0 3068.5 1431.0 3070.5 1428.0 3074.5 1415.0 3074.5 1413.0 3078.5 1406.0 3078.5 1404.0 3081.5 1399.0 3083.5 1394.0 3084.5 1388.0 3086.5 1384.0 3086.5 1381.0 3088.5 1377.0 3089.5 1371.0 3093.5 1364.0 3094.5 1360.0 3097.5 1356.0 3098.5 1349.0 3099.5 1348.0 3100.5 1341.0 3102.5 1338.0 3105.5 1329.0 3108.5 1324.0 3108.5 1322.0 3111.5 1317.0 3111.5 1315.0 3115.5 1307.0 3116.5 1301.0 3121.5 1287.0 3127.5 1276.0 3138.0 1265.5 3142.0 1263.5 3147.0 1262.5 3167.0 1262.5 3168.0 1263.5 3173.0 1263.5 3179.0 1265.5 3184.0 1265.5 3195.0 1268.5 3200.0 1268.5 3201.0 1269.5 3210.0 1270.5 3211.0 1271.5 3216.0 1271.5 3217.0 1272.5 3244.0 1277.5 3249.0 1279.5 3254.0 1280.5 3271.0 1285.5 3276.0 1286.5 3281.0 1286.5 3282.0 1287.5 3288.0 1287.5 3289.0 1288.5 3297.0 1288.5 3298.0 1289.5 3307.0 1289.5 3312.0 1290.5 3321.0 1293.5 3338.0 1296.5 3344.0 1298.5 3349.0 1298.5 3350.0 1299.5 3355.0 1299.5 3356.0 1300.5 3361.0 1300.5 3362.0 1301.5 3367.0 1301.5 3368.0 1302.5 3382.0 1304.5 3386.0 1306.5 3393.0 1307.5 3405.0 1310.5 3409.0 1312.5 3422.0 1314.5 3423.0 1315.5 3431.0 1315.5 3432.0 1316.5 3442.0 1316.5 3447.0 1317.5 3452.0 1319.5 3457.0 1319.5 3463.0 1321.5 3467.0 1321.5 3473.0 1323.5 3478.0 1323.5 3479.0 1324.5 3484.0 1324.5 3485.0 1325.5 3490.0 1325.5 3495.0 1327.5 3500.0 1327.5 3501.0 1328.5 3513.0 1331.5 3518.0 1331.5 3519.0 1332.5 3528.0 1333.5 3537.0 1336.5 3547.0 1338.5 3555.0 1339.5 3559.0 1341.5 3567.0 1342.5 3568.0 1343.5 3574.0 1343.5 3575.0 1344.5 3581.0 1344.5 3582.0 1345.5 3589.0 1345.5 3590.0 1346.5 3596.0 1346.5 3597.0 1347.5 3602.0 1347.5 3603.0 1348.5 3608.0 1348.5 3613.0 1350.5 3617.0 1350.5 3626.0 1353.5 3631.0 1354.5 3636.0 1354.5 3641.0 1356.5 3646.0 1357.5 3651.0 1357.5 3657.0 1359.5 3662.0 1359.5 3663.0 1360.5 3668.0 1360.5 3673.0 1361.5 3678.0 1363.5 3682.0 1363.5 3687.0 1365.5 3694.0 1366.5 3699.0 1368.5 3703.0 1368.5 3715.0 1372.5 3720.0 1373.5 3725.0 1373.5 3726.0 1374.5 3734.0 1374.5 3735.0 1375.5 3743.0 1375.5 3749.0 1377.5 3754.0 1377.5 3765.0 1380.5 3774.0 1381.5 3782.0 1384.5 3786.0 1384.5 3791.0 1386.5 3796.0 1387.5 3801.0 1387.5 3802.0 1388.5 3807.0 1388.5 3808.0 1389.5 3814.0 1389.5 3815.0 1390.5 3821.0 1390.5 3834.0 1395.5 3839.0 1395.5
 10ML_sorting_tube_rack 3839.0 2156.5 3776.0 2156.5 3775.0 2155.5 3768.0 2155.5 3767.0 2154.5 3762.0 2154.5 3759.0 2152.5 3754.0 2152.5 3748.0 2154.5 3731.0 2154.5 3730.0 2153.5 3723.0 2153.5 3722.0 2154.5 3706.0 2154.5 3705.0 2153.5 3657.0 2153.5 3656.0 2154.5 3650.0 2154.5 3649.0 2153.5 3644.0 2153.5 3643.0 2152.5 3631.0 2152.5 3630.0 2153.5 3617.0 2153.5 3611.0 2151.5 3600.0 2151.5 3599.0 2152.5 3575.0 2152.5 3571.0 2154.5 3565.0 2154.5 3564.0 2155.5 3554.0 2155.5 3553.0 2154.5 3544.0 2154.5 3543.0 2155.5 3524.0 2155.5 3523.0 2154.5 3507.0 2154.5 3506.0 2153.5 3498.0 2153.5 3497.0 2152.5 3490.0 2152.5 3485.0 2151.5 3484.0 2152.5 3479.0 2152.5 3474.0 2154.5 3469.0 2155.5 3463.0 2155.5 3462.0 2156.5 3454.0 2156.5 3449.0 2157.5 3448.5 2159.0
 sorting_tube_rack_base 3268.5 2159.0 3268.0 2157.5 3263.0 2156.5 3258.0 2156.5 3254.0 2154.5 3249.0 2153.5 3244.0 2151.5 3229.0 2144.5 3227.0 2144.5 3218.0 2139.5 3207.0 2134.5 3202.0 2133.5 3189.0 2126.5 3187.0 2126.5 3180.0 2122.5 3173.0 2120.5 3166.0 2116.5 3159.0 2114.5 3150.0 2109.5 3129.0 2099.5 3126.0 2097.5 3121.0 2096.5 3113.0 2092.5 3111.0 2092.5 3106.0 2089.5 3101.0 2088.5 3098.0 2086.5 3094.0 2085.5 3092.0 2083.5 3079.0 2077.5 3074.0 2074.5 3069.0 2073.5 3064.0 2071.5 3059.0 2068.5 3054.0 2066.5 3047.0 2062.5 3040.0 2060.5 3035.0 2057.5 3027.0 2054.5 3014.0 2047.5 3012.0 2047.5 3004.0 2043.5 3002.0 2043.5 2990.0 2037.5 2979.0 2030.5 2977.0 2030.5 2972.0 2027.5 2963.5 2019.0 2962.5 2016.0 2959.5 2013.0 2957.5 2009.0 2954.5 2006.0 2949.5 1997.0 2949.5 1995.0 2945.5 1988.0 2944.5 1985.0 2944.5 1950.0 2945.5 1949.0 2945.5 1943.0 2946.5 1942.0 2946.5 1931.0 2947.5 1930.0 2947.5 1921.0 2948.5 1920.0 2948.5 1914.0 2949.5 1910.0 2952.5 1903.0 2952.5 1900.0 2954.5 1894.0 2956.5 1891.0 2957.5 1886.0 2959.5 1882.0 2959.5 1879.0 2962.5 1873.0 2963.5 1866.0 2965.5 1863.0 2967.5 1854.0 2974.5 1839.0 2974.5 1836.0 2976.5 1834.0 2979.0 1827.5 2981.5 1833.0 2981.5 1841.0 2982.5 1842.0 2982.5 1851.0 2981.5 1852.0 2981.5 1865.0 2980.5 1866.0 2980.5 1875.0 2979.5 1876.0 2979.5 1882.0 2977.5 1887.0 2974.5 1906.0 2973.5 1907.0 2973.5 1926.0 2975.5 1931.0 2980.5 1937.0 2980.5 1938.0 2988.0 1945.5 3004.0 1953.5 3009.0 1954.5 3017.0 1958.5 3022.0 1959.5 3038.0 1967.5 3040.0 1967.5 3047.0 1971.5 3057.0 1975.5 3062.0 1976.5 3067.0 1978.5 3084.0 1987.5 3089.0 1989.5 3097.0 1991.5 3115.0 1999.5 3120.0 2002.5 3125.0 2004.5 3130.0 2005.5 3137.0 2009.5 3139.0 2009.5 3144.0 2012.5 3150.0 2014.5 3155.0 2017.5 3157.0 2017.5 3164.0 2021.5 3171.0 2023.5 3176.0 2026.5 3178.0 2026.5 3189.0 2032.5 3204.0 2037.5 3212.0 2041.5 3219.0 2043.5 3230.0 2049.5 3237.0 2051.5 3245.0 2055.5 3263.0 2062.5 3266.0 2064.5 3271.0 2065.5 3293.0 2076.5 3301.0 2078.5 3323.0 2089.5 3328.0 2091.5 3333.0 2092.5 3336.0 2094.5 3341.0 2095.5 3348.0 2099.5 3353.0 2101.5 3358.0 2102.5 3363.0 2104.5 3374.0 2110.5 3379.0 2112.5 3384.0 2113.5 3391.0 2117.5 3402.0 2122.5 3404.0 2122.5 3409.0 2125.5 3417.0 2127.5 3420.0 2129.5 3443.0 2138.5 3448.0 2141.5 3455.0 2143.5 3463.0 2148.5 3467.0 2149.5 3470.0 2152.5 3473.5 2154.0 3466.5 2159.0
 tube_rack_storage_cabinet 0.0 341.5 7.0 341.5 9.0 340.5 16.0 333.5 25.0 329.5 37.0 326.5 43.0 324.5 54.0 318.5 64.0 316.5 76.0 312.5 80.0 309.5 85.0 307.5 95.0 301.5 100.0 300.5 112.0 295.5 118.0 294.5 123.0 291.5 130.0 289.5 138.0 285.5 150.0 283.5 156.0 281.5 168.0 275.5 173.0 272.5 179.0 270.5 190.0 268.5 196.0 266.5 203.0 262.5 215.0 258.5 222.0 257.5 226.0 255.5 229.0 255.5 233.0 253.5 236.0 253.5 240.0 251.5 243.0 251.5 250.0 249.5 256.0 246.5 260.0 243.5 266.0 241.5 270.0 241.5 275.0 239.5 279.0 239.5 284.0 237.5 296.0 235.5 297.0 234.5 304.0 233.5 309.0 231.5 318.0 226.5 320.0 224.5 334.0 220.5 336.0 218.5 345.0 214.5 348.0 212.5 355.0 210.5 360.0 207.5 362.0 207.5 367.0 204.5 369.0 204.5 374.0 201.5 386.0 197.5 397.0 195.5 401.0 193.5 408.0 191.5 413.0 188.5 418.0 187.5 424.0 184.5 440.0 179.5 443.0 179.5 449.0 177.5 458.0 172.5 469.0 168.5 476.0 167.5 480.0 165.5 487.0 164.5 493.0 162.5 502.0 157.5 516.0 153.5 520.0 153.5 525.0 151.5 532.0 150.5 549.0 142.5 551.0 142.5 556.0 139.5 572.0 136.5 581.0 133.5 586.0 132.5 591.0 129.5 596.0 128.5 600.0 126.5 603.0 126.5 613.0 122.5 616.0 122.5 620.0 120.5 629.0 118.5 640.0 112.5 645.0 111.5 648.0 109.5 651.0 109.5 656.0 107.5 663.0 106.5 664.0 105.5 680.0 101.5 688.0 97.5 690.0 97.5 696.0 94.5 710.0 92.5 723.0 88.5 732.0 83.5 742.0 78.5 746.0 77.5 751.0 77.5 752.0 76.5 757.0 76.5 761.0 74.5 767.0 73.5 770.0 71.5 777.0 70.5 786.0 67.5 789.0 65.5 795.0 63.5 798.0 63.5 803.0 61.5 813.0 59.5 821.0 55.5 823.0 55.5 828.0 52.5 830.0 52.5 839.0 48.5 842.0 48.5 846.0 46.5 853.0 45.5 860.0 42.5 870.0 40.5 877.0 36.5 882.0 34.5 889.0 33.5 893.0 31.5 896.0 31.5 909.0 25.5 911.0 25.5 920.0 20.5 926.0 18.5 938.0 15.5 941.0 15.5 946.0 13.5 951.0 12.5 965.0 12.5 966.0 11.5 972.0 11.5 977.0 9.5 986.0 8.5 987.0 7.5 998.0 7.5 999.0 6.5 1004.0 6.5 1009.5 5.0 1009.5 0.0
 tube_rack_storage_cabinet 1011.5 0.0 1011.5 5.0 1024.0 8.5 1029.0 8.5 1033.0 7.5 1038.5 5.0 1038.5 0.0
 tube_rack_storage_cabinet 1050.5 0.0 1051.0 5.5 1063.0 5.5 1063.5 0.0
 tube_rack_storage_cabinet 1388.5 0.0 1388.5 5.0 1392.0 6.5 1398.0 6.5 1399.0 7.5 1411.0 7.5 1412.0 8.5 1420.0 8.5 1421.0 7.5 1429.0 7.5 1430.0 6.5 1435.0 6.5 1436.0 7.5 1443.0 7.5 1444.0 8.5 1450.0 7.5 1454.5 5.0 1454.5 0.0
 tube_rack_storage_cabinet 1472.5 0.0 1472.5 5.0 1476.0 6.5 1482.0 6.5 1483.0 7.5 1493.0 7.5 1494.0 8.5 1505.0 8.5 1509.5 5.0 1509.5 0.0
 tube_rack_storage_cabinet 1532.5 0.0 1532.5 6.0 1535.0 8.5 1538.0 9.5 1548.0 9.5 1549.0 8.5 1559.0 8.5 1560.0 7.5 1566.0 7.5 1567.0 6.5 1576.0 6.5 1577.0 5.5 1584.0 5.5 1592.0 8.5 1601.0 9.5 1602.0 8.5 1628.0 8.5 1629.0 7.5 1636.0 7.5 1637.0 6.5 1646.0 6.5 1647.0 7.5 1652.0 7.5 1653.0 8.5 1664.0 8.5 1665.0 7.5 1678.0 7.5 1679.0 8.5 1709.0 8.5 1710.0 9.5 1740.0 9.5 1741.0 8.5 1771.0 8.5 1772.0 9.5 1792.0 9.5 1793.0 8.5 1804.0 8.5 1805.0 7.5 1826.0 7.5 1827.0 8.5 1835.0 8.5 1836.0 9.5 1841.0 9.5 1842.0 8.5 1857.0 8.5 1858.0 7.5 1865.0 7.5 1866.0 6.5 1882.0 6.5 1883.0 7.5 1891.0 7.5 1892.0 8.5 1911.0 8.5 1912.0 7.5 1925.0 7.5 1926.0 6.5 1931.0 6.5 1932.0 7.5 1968.0 7.5 1969.0 6.5 1973.0 7.5 1981.0 11.5 1987.0 15.5 1989.0 15.5 1995.0 11.5 1999.5 6.0 1999.5 0.0
 tube_rack_storage_cabinet 2136.5 0.0 2136.5 6.0 2145.0 14.5 2150.5 17.0 2154.5 25.0 2154.5 30.0 2155.5 31.0 2155.5 36.0 2156.5 37.0 2156.5 44.0 2157.5 45.0 2157.5 52.0 2158.5 53.0 2158.5 59.0 2159.5 60.0 2159.5 65.0 2160.5 66.0 2160.5 71.0 2161.5 72.0 2161.5 77.0 2162.5 78.0 2162.5 83.0 2165.5 91.0 2168.5 107.0 2169.5 108.0 2169.5 120.0 2170.5 121.0 2170.5 130.0 2171.5 131.0 2171.5 136.0 2173.5 142.0 2173.5 149.0 2174.5 150.0 2174.5 157.0 2175.5 158.0 2177.5 168.0 2180.5 174.0 2181.5 182.0 2184.5 191.0 2186.5 201.0 2186.5 217.0 2187.5 218.0 2187.5 223.0 2189.5 228.0 2189.5 233.0 2190.5 234.0 2190.5 244.0 2191.5 245.0 2191.5 252.0 2192.5 253.0 2192.5 258.0 2193.5 259.0 2193.5 264.0 2194.5 265.0 2194.5 271.0 2199.5 292.0 2199.5 300.0 2200.5 301.0 2200.5 308.0 2201.5 309.0 2201.5 315.0 2203.5 321.0 2203.5 328.0 2204.5 329.0 2204.5 336.0 2207.5 347.0 2210.5 351.0 2211.5 356.0 2214.5 362.0 2215.5 367.0 2215.5 375.0 2216.5 376.0 2216.5 383.0 2217.5 388.0 2220.5 397.0 2220.5 402.0 2221.5 403.0 2221.5 408.0 2222.5 409.0 2222.5 418.0 2223.5 419.0 2223.5 428.0 2224.5 433.0 2226.5 438.0 2227.5 443.0 2227.5 448.0 2229.5 454.0 2229.5 459.0 2230.5 460.0 2230.5 465.0 2231.5 466.0 2231.5 472.0 2232.5 473.0 2232.5 480.0 2233.5 481.0 2233.5 486.0 2234.5 487.0 2234.5 495.0 2235.5 496.0 2235.5 503.0 2236.5 504.0 2236.5 515.0 2237.5 518.0 2240.5 521.0 2240.5 523.0 2244.5 530.0 2244.5 539.0 2245.5 540.0 2245.5 548.0 2246.5 549.0 2247.5 558.0 2248.5 559.0 2248.5 580.0 2249.5 581.0 2249.5 588.0 2250.5 589.0 2250.5 594.0 2251.5 599.0 2253.5 604.0 2254.5 609.0 2254.5 614.0 2255.5 615.0 2256.5 624.0 2259.5 633.0 2259.5 642.0 2260.5 643.0 2260.5 653.0 2265.5 668.0 2267.5 680.0 2269.5 684.0 2269.5 689.0 2270.5 690.0 2270.5 695.0 2271.5 699.0 2273.5 702.0 2275.5 709.0 2275.5 714.0 2276.5 715.0 2276.5 720.0 2277.5 721.0 2277.5 726.0 2278.5 727.0 2278.5 735.0 2279.5 736.0 2279.5 744.0 2280.5 745.0 2280.5 752.0 2281.5 753.0 2281.5 759.0 2282.5 760.0 2282.5 767.0 2283.5 768.0 2283.5 773.0 2284.5 774.0 2284.5 779.0 2286.5 784.0 2286.5 793.0 2285.5 794.0 2285.5 806.0 2288.5 814.0 2288.5 830.0 2290.5 834.0 2295.5 839.0 2301.5 850.0 2301.5 853.0 2304.5 860.0 2304.5 879.0 2306.5 882.0 2308.5 892.0 2309.5 893.0 2309.5 901.0 2310.5 902.0 2310.5 910.0 2311.5 911.0 2311.5 918.0 2312.5 919.0 2312.5 931.0 2313.5 932.0 2313.5 938.0 2315.5 942.0 2316.5 950.0 2319.5 957.0 2319.5 960.0 2321.5 965.0 2322.5 970.0 2322.5 975.0 2323.5 976.0 2323.5 981.0 2324.5 982.0 2324.5 988.0 2326.5 998.0 2327.5 999.0 2327.5 1004.0 2328.5 1005.0 2330.5 1015.0 2334.5 1023.0 2334.5 1026.0 2336.5 1031.0 2337.5 1036.0 2337.5 1042.0 2338.5 1043.0 2338.5 1053.0 2339.5 1054.0 2339.5 1066.0 2340.5 1067.0 2340.5 1074.0 2342.5 1080.0 2347.5 1087.0 2350.5 1093.0 2357.0 1099.5 2362.0 1102.5 2367.5 1108.0 2367.5 1109.0 2376.5 1118.0 2379.5 1123.0 2383.5 1132.0 2383.5 1147.0 2384.5 1148.0 2384.5 1153.0 2386.5 1158.0 2386.5 1163.0 2382.5 1170.0 2379.5 1181.0 2376.5 1186.0 2373.5 1193.0 2369.5 1198.0 2365.5 1206.0 2364.5 1210.0 2357.5 1217.0 2353.5 1224.0 2342.5 1235.0 2333.5 1252.0 2330.0 1255.5 2327.0 1256.5 2321.0 1261.5 2320.0 1261.5 2313.5 1268.0 2310.5 1275.0 2309.5 1280.0 2307.5 1285.0 2302.0 1290.5 2301.0 1290.5 2295.5 1296.0 2291.5 1304.0 2287.5 1310.0 2281.5 1316.0 2278.5 1320.0 2273.5 1332.0 2270.5 1337.0 2266.5 1342.0 2262.0 1345.5 2257.0 1350.5 2254.5 1352.0 2244.5 1372.0 2240.0 1376.5 2237.0 1377.5 2231.0 1381.5 2226.5 1386.0 2224.5 1390.0 2222.5 1401.0 2218.5 1409.0 2214.0 1413.5 2211.0 1414.5 2205.5 1419.0 2200.5 1431.0 2196.0 1435.5 2195.0 1435.5 2188.5 1446.0 2184.5 1455.0 2179.0 1460.5 2178.0 1460.5 2167.5 1471.0 2164.5 1477.0 2158.5 1487.0 2158.5 1489.0 2155.5 1495.0 2151.0 1499.5 2144.0 1502.5 2138.5 1508.0 2134.5 1515.0 2134.5 1517.0 2131.5 1524.0 2126.5 1531.0 2119.0 1538.5 2114.5 1542.0 2110.5 1551.0 2102.5 1559.0 2099.5 1565.0 2096.5 1576.0 2094.5 1581.0 2088.0 1587.5 2087.0 1587.5 2079.5 1595.0 2077.5 1599.0 2073.5 1604.0 2070.5 1612.0 2063.0 1619.5 2060.0 1621.5 2057.0 1621.5 2049.0 1624.5 2045.5 1630.0 2044.5 1634.0 2044.5 1640.0 2043.5 1643.0 2040.5 1647.0 2035.5 1658.0 2034.5 1662.0 2030.5 1668.0 2023.0 1675.5 2014.0 1680.5 2009.5 1685.0 2006.5 1692.0 2004.5 1702.0 2002.0 1704.5 1993.0 1707.5 1989.5 1711.0 1988.5 1716.0 1984.5 1721.0 1980.5 1730.0 1976.5 1736.0 1971.5 1745.0 1970.5 1748.0 1964.5 1754.0 1963.5 1760.0 1958.0 1766.5 1957.0 1766.5 1951.5 1772.0 1944.5 1786.0 1944.5 1788.0 1939.0 1793.5 1930.0 1797.5 1926.0 1800.5 1921.5 1806.0 1919.5 1811.0 1919.5 1816.0 1918.5 1817.0 1917.5 1824.0 1914.5 1829.0 1909.0 1834.5 1906.0 1835.5 1902.5 1839.0 1898.5 1850.0 1894.0 1854.5 1891.0 1855.5 1885.5 1861.0 1883.5 1866.0 1880.0 1869.5 1874.0 1867.5 1871.0 1864.5 1868.0 1863.5 1865.0 1864.5 1863.5 1867.0 1863.5 1870.0 1867.5 1877.0 1867.5 1882.0 1865.5 1886.0 1860.5 1893.0 1860.5 1895.0 1857.5 1900.0 1855.5 1906.0 1854.5 1912.0 1849.0 1917.5 1844.0 1919.5 1835.5 1931.0 1833.5 1937.0 1833.5 1940.0 1827.5 1947.0 1823.5 1955.0 1819.0 1959.5 1818.0 1959.5 1813.5 1964.0 1811.5 1970.0 1806.0 1975.5 1803.0 1976.5 1797.5 1983.0 1794.5 1991.0 1794.5 1994.0 1790.0 2002.5 1783.0 2005.5 1780.5 2008.0 1777.5 2016.0 1772.5 2022.0 1768.5 2032.0 1763.0 2037.5 1761.0 2038.5 1756.0 2038.5 1755.0 2039.5 1748.0 2040.5 1742.5 2046.0 1740.5 2053.0 1740.5 2061.0 1739.5 2065.0 1736.5 2072.0 1736.5 2075.0 1733.5 2082.0 1731.5 2085.0 1722.0 2094.5 1710.0 2100.5 1707.0 2102.5 1701.0 2108.5 1696.0 2104.5 1691.0 2102.5 1685.0 2102.5 1682.0 2104.5 1680.5 2107.0 1680.5 2117.0 1681.5 2118.0 1681.5 2125.0 1680.5 2130.0 1678.5 2135.0 1676.0 2136.5 1669.0 2136.5 1660.0 2131.5 1656.0 2131.5 1652.0 2134.5 1644.0 2138.5 1638.0 2138.5 1633.0 2137.5 1629.0 2135.5 1626.0 2135.5 1621.0 2133.5 1616.0 2133.5 1615.0 2132.5 1610.0 2133.5 1601.0 2139.5 1595.0 2141.5 1591.0 2141.5 1586.0 2143.5 1579.0 2143.5 1575.0 2142.5 1569.0 2139.5 1562.0 2139.5 1561.0 2140.5 1555.0 2140.5 1554.0 2141.5 1546.0 2141.5 1545.0 2142.5 1534.0 2142.5 1533.0 2143.5 1523.0 2143.5 1522.0 2142.5 1517.0 2142.5 1509.0 2139.5 1505.0 2139.5 1502.0 2141.5 1496.0 2143.5 1486.0 2143.5 1485.0 2142.5 1480.0 2142.5 1479.0 2141.5 1469.0 2141.5 1468.0 2142.5 1460.0 2142.5 1459.0 2141.5 1452.0 2140.5 1451.0 2139.5 1445.0 2139.5 1442.0 2141.5 1436.0 2143.5 1425.0 2143.5 1424.0 2142.5 1397.0 2142.5 1388.0 2139.5 1383.0 2140.5 1376.0 2143.5 1366.0 2143.5 1365.0 2142.5 1360.0 2142.5 1359.0 2141.5 1351.0 2141.5 1350.0 2142.5 1339.0 2142.5 1334.0 2141.5 1330.0 2139.5 1325.0 2139.5 1322.0 2141.5 1315.0 2143.5 1306.0 2143.5 1305.0 2142.5 1300.0 2142.5 1299.0 2141.5 1291.0 2141.5 1290.0 2142.5 1279.0 2142.5 1274.0 2141.5 1270.0 2139.5 1265.0 2139.5 1262.0 2141.5 1256.0 2143.5 1245.0 2143.5 1244.0 2142.5 1216.0 2142.5 1210.0 2140.5 1205.0 2140.5 1199.0 2143.5 1195.0 2144.5 1184.0 2144.5 1183.0 2143.5 1167.0 2143.5 1166.0 2144.5 1161.0 2144.5 1160.0 2143.5 1155.0 2143.5 1149.0 2141.5 1123.0 2141.5 1122.0 2140.5 1114.0 2140.5 1113.0 2141.5 1108.0 2141.5 1107.0 2142.5 1101.0 2142.5 1095.0 2140.5 1088.0 2134.5 1079.0 2131.5 1074.5 2126.0 1074.5 2120.0 1077.5 2113.0 1077.5 2106.0 1074.0 2102.5 1068.0 2102.5 1062.0 2104.5 1059.5 2109.0 1065.5 2116.0 1069.5 2123.0 1070.5 2127.0 1070.5 2136.0 1068.5 2141.0 1064.5 2146.0 1059.0 2150.5 1022.0 2150.5 1021.0 2149.5 1015.0 2149.5 1011.0 2148.5 1010.0 2149.5 1002.0 2149.5 1001.0 2150.5 993.0 2150.5 992.0 2149.5 985.0 2149.5 984.0 2148.5 978.0 2148.5 977.0 2147.5 972.0 2147.5 971.0 2146.5 966.0 2146.5 965.0 2145.5 958.0 2145.5 957.0 2144.5 945.0 2144.5 944.0 2143.5 936.0 2143.5 927.0 2139.5 925.0 2139.5 919.0 2136.5 914.0 2132.5 909.0 2130.5 904.0 2127.5 893.0 2116.5 888.0 2113.5 879.0 2104.5 874.0 2102.5 868.0 2098.5 865.0 2095.5 860.0 2092.5 854.5 2087.0 854.5 2086.0 848.5 2080.0 848.5 2079.0 842.0 2073.5 837.0 2070.5 827.0 2065.5 822.0 2061.5 813.0 2055.5 806.0 2049.5 797.0 2044.5 786.0 2041.5 779.0 2036.5 778.0 2036.5 773.5 2032.0 773.5 2031.0 766.0 2023.5 762.0 2020.5 759.0 2019.5 751.0 2012.5 739.0 2005.5 736.0 2004.5 726.0 1994.5 714.0 1987.5 711.0 1984.5 703.0 1978.5 699.0 1976.5 692.5 1970.0 692.5 1969.0 686.0 1962.5 682.0 1960.5 674.0 1952.5 669.0 1950.5 658.0 1944.5 646.0 1932.5 645.0 1932.5 640.0 1927.5 632.0 1922.5 623.0 1914.5 618.0 1911.5 611.0 1905.5 603.0 1900.5 598.0 1895.5 594.0 1892.5 589.0 1890.5 579.0 1884.5 574.5 1880.0 574.5 1879.0 567.0 1871.5 564.0 1870.5 555.0 1863.5 544.0 1856.5 531.0 1843.5 530.0 1843.5 519.0 1832.5 515.0 1830.5 507.0 1824.5 496.0 1813.5 492.0 1811.5 487.0 1807.5 482.0 1805.5 477.0 1802.5 472.0 1798.5 468.0 1796.5 451.5 1780.0 451.5 1779.0 443.0 1770.5 433.0 1764.5 428.5 1760.0 427.5 1757.0 423.5 1752.0 422.5 1749.0 417.0 1744.5 412.0 1742.5 405.0 1741.5 390.0 1735.5 378.0 1725.5 373.0 1722.5 369.0 1718.5 362.0 1714.5 358.0 1711.5 343.0 1696.5 335.0 1692.5 326.0 1685.5 319.0 1681.5 314.0 1677.5 308.0 1671.5 307.0 1671.5 299.0 1665.5 295.0 1663.5 292.0 1660.5 288.0 1658.5 285.0 1655.5 280.0 1653.5 271.0 1647.5 260.0 1636.5 254.0 1632.5 251.0 1631.5 239.0 1623.5 238.0 1623.5 231.0 1617.5 230.0 1617.5 219.0 1606.5 212.0 1602.5 204.0 1595.5 197.0 1591.5 192.0 1587.5 187.0 1582.5 182.0 1579.5 168.0 1565.5 162.0 1561.5 156.0 1558.5 152.0 1555.5 146.0 1549.5 145.0 1549.5 132.0 1539.5 127.0 1534.5 121.0 1530.5 114.5 1524.0 110.5 1518.0 105.0 1513.5 102.0 1512.5 95.0 1508.5 88.0 1501.5 78.0 1495.5 71.0 1488.5 66.0 1485.5 53.0 1472.5 41.0 1465.5 36.0 1461.5 31.0 1456.5 20.0 1450.5 16.0 1447.5 12.5 1443.0 8.0 1438.5 6.0 1437.5 0.0 1437.5
 tube_rack_storage_cabinet 1780.5 847.0 1789.0 846.5 1794.0 845.5 1800.0 842.5 1808.0 839.5 1815.0 835.5 1822.0 833.5 1827.5 828.0 1827.5 827.0 1836.0 818.5 1841.0 814.5 1854.0 807.5 1861.5 800.0 1863.0 797.5 1870.0 793.5 1879.0 784.5 1884.0 781.5 1895.0 777.5 1904.0 775.5 1909.0 773.5 1913.5 770.0 1916.5 759.0 1918.5 755.0 1926.0 747.5 1931.0 744.5 1936.0 742.5 1953.0 725.5 1958.0 722.5 1963.0 720.5 1970.0 716.5 1975.0 714.5 1979.5 709.0 1981.5 705.0 1996.0 690.5 2001.0 688.5 2006.0 685.5 2009.5 681.0 2016.0 674.5 2023.0 670.5 2026.0 667.5 2035.0 663.5 2042.5 656.0 2044.5 652.0 2046.5 644.0 2048.5 641.0 2048.5 631.0 2046.5 625.0 2046.5 610.0 2045.5 605.0 2043.5 601.0 2042.5 596.0 2040.5 592.0 2040.5 578.0 2039.5 573.0 2036.5 564.0 2036.5 550.0 2035.5 549.0 2035.5 541.0 2036.5 540.0 2036.5 532.0 2037.5 531.0 2037.5 523.0 2038.5 522.0 2037.5 516.0 2032.5 511.0 2027.5 504.0 2026.5 501.0 2026.5 496.0 2025.5 495.0 2025.5 490.0 2023.5 486.0 2018.5 481.0 2017.5 476.0 2015.5 472.0 2015.5 463.0 2014.5 462.0 2014.5 457.0 2013.5 456.0 2006.5 442.0 2005.5 435.0 2001.5 425.0 2001.5 422.0 1999.5 418.0 1998.5 411.0 1996.5 408.0 1993.5 399.0 1993.5 396.0 1991.5 388.0 1987.5 376.0 1987.5 370.0 1984.5 362.0 1984.5 359.0 1981.5 352.0 1980.5 344.0 1977.5 334.0 1974.5 329.0 1971.5 326.0 1968.5 319.0 1968.5 314.0 1967.5 309.0 1965.5 304.0 1959.5 297.0 1956.5 290.0 1956.5 284.0 1955.5 283.0 1955.5 278.0 1952.5 270.0 1952.5 267.0 1950.5 262.0 1950.5 256.0 1949.5 255.0 1949.5 222.0 1950.5 221.0 1949.5 215.0 1945.5 208.0 1943.5 202.0 1938.0 197.5 1933.0 196.5 1928.0 196.5 1927.0 195.5 1921.0 195.5 1920.0 194.5 1913.0 194.5 1912.0 193.5 1904.0 193.5 1903.0 194.5 1893.0 194.5 1887.0 196.5 1876.0 198.5 1871.0 200.5 1864.0 200.5 1863.0 201.5 1838.0 201.5 1837.0 202.5 1827.0 204.5 1819.0 204.5 1818.0 205.5 1813.0 205.5 1812.0 206.5 1807.0 206.5 1806.0 207.5 1796.0 207.5 1795.0 208.5 1785.0 208.5 1784.0 209.5 1776.0 209.5 1775.0 210.5 1764.0 210.5 1763.0 211.5 1750.0 211.5 1749.0 212.5 1737.0 212.5 1736.0 213.5 1726.0 213.5 1725.0 214.5 1714.0 214.5 1713.0 215.5 1705.0 215.5 1700.0 216.5 1693.0 219.5 1688.0 219.5 1687.0 220.5 1668.0 220.5 1662.0 222.5 1650.0 222.5 1644.0 220.5 1634.0 220.5 1633.0 219.5 1627.0 219.5 1622.0 221.5 1617.0 222.5 1611.0 222.5 1610.0 223.5 1605.0 223.5 1596.0 226.5 1592.0 226.5 1583.0 228.5 1579.0 230.5 1565.0 232.5 1559.0 234.5 1553.0 234.5 1552.0 235.5 1539.0 238.5 1535.0 240.5 1532.0 240.5 1525.0 243.5 1523.0 243.5 1507.0 252.5 1505.0 252.5 1493.0 261.5 1491.0 263.5 1486.0 265.5 1481.0 266.5 1478.0 268.5 1473.0 269.5 1470.0 271.5 1459.0 274.5 1454.0 276.5 1443.0 282.5 1434.0 291.5 1431.0 293.5 1423.0 296.5 1412.0 299.5 1409.0 301.5 1396.0 307.5 1390.0 311.5 1380.0 315.5 1377.0 318.5 1364.0 325.5 1359.0 326.5 1354.0 329.5 1352.0 329.5 1344.0 333.5 1339.0 334.5 1336.0 336.5 1324.0 341.5 1317.0 345.5 1311.0 351.5 1305.0 354.5 1297.0 356.5 1288.0 361.5 1277.0 372.5 1268.0 377.5 1264.5 381.0 1262.5 387.0 1262.5 393.0 1261.5 394.0 1262.5 401.0 1264.5 407.0 1266.5 410.0 1270.5 422.0 1274.5 430.0 1275.5 435.0 1277.5 440.0 1283.5 448.0 1283.5 449.0 1288.5 459.0 1290.5 464.0 1293.5 469.0 1295.5 477.0 1299.5 485.0 1302.5 489.0 1303.5 494.0 1305.5 499.0 1314.5 513.0 1317.5 520.0 1318.5 525.0 1324.5 538.0 1327.5 541.0 1331.5 548.0 1331.5 550.0 1335.5 561.0 1337.5 564.0 1338.5 568.0 1340.5 570.0 1342.5 575.0 1344.5 577.0 1350.5 590.0 1350.5 592.0 1354.5 601.0 1357.5 604.0 1361.5 610.0 1362.5 614.0 1364.5 617.0 1366.5 624.0 1374.5 636.0 1376.5 645.0 1378.5 649.0 1379.5 654.0 1383.5 661.0 1389.5 668.0 1390.5 673.0 1392.5 677.0 1395.5 688.0 1397.5 692.0 1400.5 695.0 1404.5 703.0 1405.5 708.0 1407.5 713.0 1407.5 718.0 1408.5 723.0 1411.5 730.0 1411.5 732.0 1415.5 739.0 1418.5 743.0 1425.0 749.5 1430.0 752.5 1433.5 757.0 1436.5 765.0 1438.5 772.0 1444.0 777.5 1448.0 779.5 1453.0 780.5 1460.0 780.5 1465.0 781.5 1469.0 783.5 1485.0 787.5 1489.0 787.5 1496.0 789.5 1499.0 791.5 1508.0 794.5 1513.0 795.5 1518.0 795.5 1519.0 796.5 1524.0 796.5 1528.0 797.5 1535.0 800.5 1540.0 801.5 1549.0 801.5 1550.0 802.5 1555.0 802.5 1560.0 804.5 1565.0 805.5 1580.0 805.5 1585.0 806.5 1590.0 808.5 1594.0 808.5 1600.0 810.5 1606.0 810.5 1607.0 811.5 1612.0 811.5 1613.0 812.5 1623.0 814.5 1627.0 814.5 1634.0 817.5 1637.0 817.5 1641.0 819.5 1649.0 821.5 1656.0 822.5 1661.0 824.5 1669.0 825.5 1676.0 828.5 1679.0 828.5 1686.0 831.5 1690.0 832.5 1695.0 832.5 1696.0 833.5 1702.0 833.5 1703.0 834.5 1708.0 834.5 1714.0 836.5 1721.0 836.5 1722.0 837.5 1735.0 837.5 1740.0 839.5 1745.0 840.5 1751.0 840.5 1752.0 841.5 1760.0 841.5 1772.0 844.5 1778.0 847.5 1780.5 847.0
 tube_rack_storage_cabinet 1940.0 536.5 1923.0 536.5 1922.0 535.5 1905.0 535.5 1904.0 534.5 1882.0 534.5 1878.0 532.5 1867.0 523.5 1866.0 523.5 1862.5 517.0 1861.5 513.0 1857.0 508.5 1854.0 506.5 1850.0 505.5 1839.0 505.5 1835.5 501.0 1835.5 495.0 1836.5 491.0 1839.0 487.5 1852.0 487.5 1863.0 481.5 1870.0 474.5 1871.5 474.0 1872.5 469.0 1868.5 465.0 1865.5 459.0 1868.0 457.5 1876.0 458.5 1880.0 462.5 1885.0 460.5 1887.0 458.5 1892.0 456.5 1897.0 452.5 1911.0 446.5 1914.5 450.0 1915.5 455.0 1923.5 466.0 1924.5 469.0 1929.0 472.5 1930.0 471.5 1936.0 471.5 1940.0 470.5 1941.5 473.0 1943.5 484.0 1944.5 485.0 1944.5 490.0 1946.5 496.0 1946.5 501.0 1947.5 502.0 1946.5 506.0 1946.5 512.0 1945.5 513.0 1945.5 532.0 1944.5 534.0 1940.0 536.5
 tube_rack_storage_cabinet 1045.5 1343.0 1053.0 1342.5 1054.0 1341.5 1060.0 1340.5 1062.0 1338.5 1068.0 1336.5 1075.0 1332.5 1079.0 1328.5 1085.0 1325.5 1090.0 1320.5 1096.0 1316.5 1100.0 1315.5 1105.5 1310.0 1106.5 1307.0 1114.0 1299.5 1118.0 1297.5 1125.0 1290.5 1134.0 1286.5 1146.0 1274.5 1150.0 1272.5 1158.0 1264.5 1170.0 1256.5 1181.0 1245.5 1186.0 1241.5 1190.0 1239.5 1201.0 1228.5 1206.0 1224.5 1210.0 1222.5 1215.0 1217.5 1222.0 1213.5 1233.0 1202.5 1241.0 1197.5 1243.0 1195.5 1251.0 1191.5 1256.5 1186.0 1256.5 1185.0 1261.0 1180.5 1262.0 1180.5 1271.0 1171.5 1274.0 1169.5 1283.0 1165.5 1287.5 1160.0 1288.5 1157.0 1292.0 1153.5 1301.0 1148.5 1306.0 1143.5 1309.0 1141.5 1316.0 1138.5 1319.0 1136.5 1332.0 1123.5 1333.0 1123.5 1339.0 1117.5 1340.0 1117.5 1352.0 1105.5 1353.0 1105.5 1366.0 1092.5 1372.0 1088.5 1377.0 1086.5 1379.0 1084.5 1388.0 1079.5 1390.0 1077.5 1398.0 1073.5 1404.5 1067.0 1408.5 1060.0 1419.0 1049.5 1423.0 1046.5 1428.0 1044.5 1432.5 1040.0 1432.5 1025.0 1431.5 1024.0 1429.5 1012.0 1426.5 1007.0 1424.5 1001.0 1421.5 995.0 1414.5 988.0 1414.5 987.0 1409.5 981.0 1408.5 975.0 1405.5 968.0 1404.5 963.0 1399.5 955.0 1392.5 942.0 1392.5 940.0 1387.5 932.0 1380.5 924.0 1378.5 919.0 1378.5 915.0 1375.5 906.0 1369.5 900.0 1369.5 899.0 1364.5 893.0 1361.5 883.0 1361.5 880.0 1358.5 875.0 1349.5 866.0 1346.5 861.0 1344.5 852.0 1337.5 841.0 1330.5 832.0 1328.5 827.0 1328.5 823.0 1325.5 815.0 1322.5 812.0 1320.5 808.0 1317.5 805.0 1314.5 799.0 1314.5 797.0 1309.5 789.0 1308.5 783.0 1306.5 777.0 1303.5 772.0 1302.5 767.0 1298.5 762.0 1297.5 759.0 1282.5 744.0 1282.5 743.0 1276.5 737.0 1275.5 734.0 1272.5 730.0 1272.5 728.0 1267.0 720.5 1264.0 718.5 1254.0 713.5 1247.0 710.5 1243.5 706.0 1240.5 700.0 1229.5 689.0 1224.5 681.0 1224.5 679.0 1221.5 674.0 1217.5 669.0 1213.5 660.0 1207.5 653.0 1206.5 648.0 1204.5 643.0 1204.5 639.0 1201.5 633.0 1195.5 623.0 1195.5 615.0 1194.5 614.0 1194.5 604.0 1195.5 603.0 1195.5 589.0 1193.5 584.0 1190.5 579.0 1182.0 574.5 1166.0 570.5 1143.0 570.5 1137.0 568.5 1114.0 568.5 1113.0 567.5 1107.0 567.5 1106.0 566.5 1095.0 566.5 1094.0 567.5 1083.0 567.5 1082.0 566.5 1075.0 566.5 1074.0 565.5 1053.0 565.5 1048.0 564.5 1044.0 562.5 1038.0 562.5 1037.0 563.5 1023.0 563.5 1022.0 562.5 1015.0 561.5 1014.0 560.5 992.0 560.5 991.0 559.5 986.0 559.5 985.0 558.5 976.0 558.5 975.0 559.5 965.0 559.5 959.0 557.5 953.0 557.5 952.0 556.5 941.0 556.5 940.0 555.5 932.0 555.5 931.0 556.5 908.0 556.5 907.0 555.5 900.0 555.5 899.0 554.5 874.0 554.5 873.0 553.5 868.0 553.5 867.0 552.5 842.0 552.5 841.0 553.5 835.0 553.5 825.0 555.5 821.0 557.5 816.0 558.5 808.0 562.5 801.0 564.5 795.0 568.5 792.0 571.5 785.0 575.5 777.0 575.5 772.0 576.5 768.0 578.5 756.0 590.5 750.0 594.5 748.0 594.5 743.0 597.5 732.0 601.5 729.0 603.5 722.0 605.5 716.0 608.5 714.0 610.5 704.0 615.5 702.0 615.5 692.0 620.5 686.0 624.5 676.0 629.5 666.0 636.5 654.0 636.5 648.0 638.5 642.0 644.5 641.0 644.5 634.0 651.5 628.0 654.5 616.0 662.5 611.0 664.5 605.0 668.5 598.0 669.5 597.0 670.5 590.0 671.5 576.0 678.5 571.0 682.5 559.0 687.5 548.0 694.5 545.0 695.5 535.0 695.5 527.0 698.5 522.0 702.5 517.0 707.5 510.0 711.5 508.0 713.5 502.0 716.5 496.5 722.0 496.5 723.0 489.0 731.5 482.0 732.5 481.0 731.5 473.0 731.5 469.0 732.5 464.0 736.5 456.0 740.5 444.0 745.5 442.0 745.5 431.0 751.5 426.0 753.5 420.0 754.5 413.0 758.5 408.0 763.5 399.0 769.5 393.5 775.0 390.5 779.0 387.5 785.0 387.5 793.0 388.5 794.0 391.5 806.0 393.5 809.0 404.5 820.0 407.5 824.0 410.5 830.0 419.0 838.5 422.0 839.5 429.0 843.5 435.5 850.0 440.5 858.0 444.5 863.0 451.5 870.0 454.5 875.0 466.5 887.0 467.5 890.0 470.5 894.0 477.0 900.5 478.0 900.5 482.5 905.0 482.5 906.0 495.5 919.0 497.5 923.0 502.0 927.5 503.0 927.5 511.5 936.0 514.5 941.0 523.5 950.0 525.5 954.0 534.5 967.0 549.5 982.0 553.5 989.0 565.5 1001.0 565.5 1002.0 572.5 1009.0 572.5 1010.0 584.5 1022.0 584.5 1023.0 590.5 1029.0 590.5 1030.0 595.5 1035.0 595.5 1036.0 600.5 1041.0 600.5 1042.0 605.0 1046.5 611.0 1050.5 616.5 1056.0 619.5 1061.0 624.5 1066.0 627.5 1071.0 631.5 1075.0 634.5 1080.0 643.5 1089.0 647.5 1094.0 650.5 1099.0 654.5 1104.0 662.0 1111.5 663.0 1111.5 670.5 1119.0 672.5 1123.0 675.5 1126.0 677.5 1130.0 683.0 1135.5 693.0 1143.5 699.0 1147.5 702.0 1148.5 706.5 1153.0 708.5 1156.0 711.5 1163.0 717.5 1170.0 717.5 1171.0 728.0 1181.5 733.0 1184.5 738.0 1189.5 753.0 1197.5 758.0 1201.5 760.0 1201.5 767.0 1205.5 769.0 1205.5 780.0 1212.5 791.0 1217.5 796.0 1221.5 802.0 1224.5 807.0 1225.5 821.0 1232.5 825.0 1235.5 830.0 1237.5 832.0 1239.5 843.0 1244.5 845.0 1246.5 851.0 1249.5 854.0 1252.5 862.0 1256.5 864.0 1256.5 872.0 1260.5 880.0 1265.5 882.0 1265.5 887.0 1268.5 889.0 1268.5 896.0 1272.5 903.0 1275.5 905.0 1277.5 913.0 1281.5 922.0 1284.5 928.0 1287.5 930.0 1287.5 934.0 1290.5 958.0 1302.5 969.0 1311.5 974.0 1314.5 980.0 1315.5 986.0 1317.5 995.0 1322.5 1002.0 1325.5 1007.0 1328.5 1009.0 1328.5 1020.0 1334.5 1028.0 1336.5 1039.0 1342.5 1043.0 1343.5 1045.5 1343.0
 tube_rack_storage_cabinet 1119.0 680.5 1119.0 680.5
 tube_rack_storage_cabinet 1134.0 820.5 1130.5 819.0 1135.0 817.5 1137.0 819.5 1134.0 820.5
 tube_rack_storage_cabinet 2030.5 1436.0 2033.0 1435.5 2037.5 1431.0 2046.5 1418.0 2046.5 1417.0 2051.0 1412.5 2056.0 1408.5 2063.0 1404.5 2066.5 1400.0 2070.5 1390.0 2076.0 1384.5 2084.0 1382.5 2087.0 1380.5 2093.0 1378.5 2098.5 1373.0 2099.5 1370.0 2099.5 1359.0 2100.5 1356.0 2106.5 1345.0 2107.5 1342.0 2111.5 1338.0 2115.5 1332.0 2124.0 1323.5 2129.0 1320.5 2134.5 1315.0 2134.5 1314.0 2139.0 1310.5 2143.0 1309.5 2146.5 1306.0 2149.5 1297.0 2155.5 1291.0 2158.5 1284.0 2160.5 1276.0 2162.5 1273.0 2164.5 1267.0 2170.0 1261.5 2175.0 1258.5 2181.5 1252.0 2186.5 1243.0 2186.5 1241.0 2192.5 1232.0 2194.5 1228.0 2198.5 1224.0 2201.5 1217.0 2202.5 1209.0 2203.5 1208.0 2203.5 1200.0 2204.5 1199.0 2204.5 1185.0 2203.5 1184.0 2203.5 1177.0 2202.5 1176.0 2199.5 1166.0 2197.5 1161.0 2194.5 1156.0 2192.5 1145.0 2189.5 1136.0 2186.5 1130.0 2186.5 1121.0 2185.5 1120.0 2185.5 1113.0 2184.5 1112.0 2184.5 1104.0 2183.5 1100.0 2179.5 1093.0 2178.5 1086.0 2177.5 1085.0 2177.5 1068.0 2175.5 1063.0 2174.5 1057.0 2168.5 1051.0 2164.5 1043.0 2164.5 1037.0 2163.5 1036.0 2163.5 1027.0 2162.5 1026.0 2162.5 1021.0 2161.5 1016.0 2159.5 1011.0 2159.5 1003.0 2158.5 1002.0 2158.5 996.0 2157.5 992.0 2153.5 982.0 2153.5 975.0 2154.5 974.0 2154.5 968.0 2150.0 962.5 2145.0 959.5 2138.5 954.0 2136.5 947.0 2136.5 942.0 2134.5 937.0 2133.5 931.0 2128.5 923.0 2121.0 915.5 2110.0 913.5 2104.0 910.5 2095.0 902.5 2090.0 900.5 2069.0 900.5 2068.0 899.5 2057.0 899.5 2056.0 900.5 2047.0 900.5 2046.0 899.5 2039.0 898.5 2034.0 896.5 2016.0 896.5 2015.0 895.5 1989.0 895.5 1985.0 894.5 1981.5 890.0 1980.5 881.0 1978.5 875.0 1975.5 870.0 1969.5 864.0 1967.0 860.5 1964.0 858.5 1958.0 857.5 1955.0 858.5 1948.0 863.5 1946.0 863.5 1937.0 868.5 1934.0 871.5 1926.0 876.5 1919.5 883.0 1915.5 889.0 1910.0 894.5 1906.0 896.5 1898.0 902.5 1895.0 903.5 1888.5 910.0 1885.5 915.0 1878.0 922.5 1872.0 926.5 1869.0 927.5 1861.5 934.0 1857.5 940.0 1852.5 949.0 1847.0 954.5 1840.0 958.5 1838.0 958.5 1830.0 962.5 1824.5 968.0 1824.5 969.0 1819.0 974.5 1815.5 977.0 1809.0 984.5 1805.0 986.5 1798.5 993.0 1794.5 1002.0 1790.5 1008.0 1785.0 1013.5 1782.0 1015.5 1772.0 1019.5 1765.5 1026.0 1763.5 1030.0 1756.5 1037.0 1756.5 1038.0 1750.0 1044.5 1745.0 1046.5 1736.5 1055.0 1735.5 1058.0 1727.5 1068.0 1727.5 1069.0 1721.0 1074.5 1714.0 1077.5 1710.0 1080.5 1704.5 1086.0 1704.5 1087.0 1693.5 1098.0 1690.0 1102.5 1683.0 1106.5 1672.5 1117.0 1672.5 1118.0 1666.5 1124.0 1666.5 1125.0 1657.0 1134.5 1652.0 1137.5 1648.0 1141.5 1642.0 1144.5 1632.5 1154.0 1628.5 1160.0 1623.5 1165.0 1623.5 1166.0 1616.5 1176.0 1614.5 1183.0 1614.5 1186.0 1611.5 1194.0 1611.5 1207.0 1612.5 1208.0 1612.5 1214.0 1613.5 1215.0 1613.5 1239.0 1614.5 1240.0 1614.5 1245.0 1616.5 1252.0 1621.0 1256.5 1625.0 1259.5 1631.0 1259.5 1637.0 1257.5 1640.0 1255.5 1644.5 1261.0 1644.5 1263.0 1647.5 1269.0 1647.5 1275.0 1648.5 1280.0 1650.5 1284.0 1658.0 1289.5 1665.5 1297.0 1667.5 1301.0 1670.5 1304.0 1672.5 1309.0 1674.5 1311.0 1675.5 1315.0 1680.0 1319.5 1687.0 1322.5 1694.0 1322.5 1695.0 1323.5 1703.0 1323.5 1707.0 1324.5 1717.0 1328.5 1723.0 1332.5 1733.0 1334.5 1738.0 1337.5 1747.0 1345.5 1758.0 1348.5 1762.0 1348.5 1767.0 1350.5 1772.0 1351.5 1778.0 1351.5 1779.0 1352.5 1784.0 1352.5 1785.0 1353.5 1790.0 1353.5 1793.0 1354.5 1797.5 1359.0 1799.5 1367.0 1801.5 1371.0 1807.0 1375.5 1824.0 1375.5 1828.0 1377.5 1837.0 1379.5 1852.0 1379.5 1853.0 1380.5 1862.0 1381.5 1863.0 1382.5 1868.0 1382.5 1869.0 1383.5 1876.0 1383.5 1877.0 1384.5 1883.0 1384.5 1891.0 1388.5 1896.0 1392.5 1901.0 1394.5 1906.0 1394.5 1911.0 1395.5 1916.0 1398.5 1919.5 1403.0 1925.0 1408.5 1929.0 1410.5 1938.0 1410.5 1939.0 1411.5 1944.0 1411.5 1950.0 1413.5 1955.0 1413.5 1960.0 1414.5 1969.0 1418.5 1979.0 1428.5 1983.0 1431.5 1988.0 1433.5 1993.0 1434.5 2002.0 1434.5 2003.0 1435.5 2022.0 1435.5 2023.0 1436.5 2030.5 1436.0
 tube_rack_storage_cabinet 1601.5 1212.0 1605.5 1209.0 1599.0 1205.5 1596.0 1207.5 1594.5 1210.0 1597.0 1212.5 1601.5 1212.0
 tube_rack_storage_cabinet 1011.5 2052.0 1014.5 2050.0 1014.5 2048.0 1010.0 2045.5 1005.5 2049.0 1008.0 2051.5 1011.5 2052.0
 tube_rack_storage_cabinet 1700.0 2121.5 1698.5 2121.0 1698.5 2115.0 1699.5 2110.0 1701.5 2113.0 1701.5 2120.0 1700.0 2121.5
