 refrigerator_close 2303.0 1473.5 2292.0 1473.5 2291.0 1472.5 2258.0 1472.5 2257.0 1471.5 2219.0 1471.5 2218.0 1470.5 2190.0 1470.5 2189.0 1469.5 2168.0 1469.5 2167.0 1468.5 2118.0 1468.5 2117.0 1467.5 2091.0 1467.5 2090.0 1466.5 2038.0 1466.5 2037.0 1465.5 1989.0 1465.5 1988.0 1464.5 1918.0 1464.5 1917.0 1463.5 1908.0 1463.5 1907.0 1464.5 1893.0 1464.5 1892.0 1463.5 1875.0 1463.5 1874.0 1462.5 1861.0 1462.5 1860.0 1461.5 1853.0 1461.5 1843.0 1458.5 1838.0 1456.5 1826.0 1447.5 1817.0 1441.5 1808.5 1433.0 1805.5 1427.0 1804.5 1422.0 1802.5 1417.0 1802.5 1411.0 1801.5 1410.0 1801.5 1387.0 1802.5 1386.0 1802.5 1362.0 1803.5 1361.0 1803.5 1344.0 1804.5 1343.0 1804.5 1319.0 1805.5 1318.0 1805.5 1292.0 1806.5 1291.0 1806.5 1266.0 1807.5 1265.0 1807.5 1235.0 1808.5 1234.0 1808.5 1204.0 1809.5 1203.0 1809.5 1149.0 1810.5 1148.0 1810.5 1118.0 1811.5 1117.0 1811.5 1111.0 1813.5 1105.0 1813.5 1038.0 1814.5 1037.0 1814.5 1014.0 1815.5 1013.0 1815.5 1006.0 1814.5 1005.0 1814.5 996.0 1815.5 995.0 1815.5 983.0 1816.5 982.0 1816.5 933.0 1817.5 932.0 1817.5 903.0 1818.5 902.0 1818.5 882.0 1817.5 881.0 1817.5 875.0 1818.5 874.0 1818.5 866.0 1819.5 865.0 1819.5 844.0 1820.5 843.0 1820.5 822.0 1819.5 821.0 1819.5 812.0 1820.5 811.0 1820.5 779.0 1821.5 778.0 1821.5 722.0 1822.5 721.0 1822.5 714.0 1823.5 713.0 1823.5 707.0 1824.5 706.0 1824.5 701.0 1825.5 700.0 1826.5 694.0 1829.5 689.0 1832.5 681.0 1834.5 678.0 1848.0 664.5 1853.0 661.5 1859.0 660.5 1864.0 658.5 1869.0 655.5 1878.0 652.5 1910.0 652.5 1911.0 651.5 1922.0 651.5 1923.0 650.5 1931.0 650.5 1932.0 651.5 1941.0 651.5 1942.0 652.5 1948.0 652.5 1949.0 653.5 1954.0 653.5 1955.0 654.5 2007.0 654.5 2013.0 652.5 2024.0 652.5 2030.0 654.5 2037.0 654.5 2038.0 655.5 2050.0 655.5 2051.0 656.5 2058.0 656.5 2059.0 657.5 2070.0 657.5 2071.0 658.5 2087.0 658.5 2088.0 659.5 2111.0 659.5 2112.0 660.5 2123.0 660.5 2124.0 661.5 2144.0 661.5 2145.0 662.5 2172.0 662.5 2173.0 663.5 2205.0 663.5 2206.0 664.5 2265.0 664.5 2266.0 665.5 2328.0 665.5 2329.0 666.5 2349.0 666.5 2350.0 667.5 2362.0 667.5 2363.0 668.5 2371.0 668.5 2372.0 669.5 2377.0 669.5 2380.0 671.5 2387.0 673.5 2395.0 677.5 2402.0 683.5 2407.0 686.5 2416.5 696.0 2420.5 704.0 2421.5 709.0 2423.5 713.0 2423.5 718.0 2424.5 719.0 2424.5 742.0 2423.5 743.0 2423.5 751.0 2422.5 752.0 2422.5 759.0 2421.5 760.0 2421.5 767.0 2420.5 768.0 2420.5 778.0 2419.5 779.0 2419.5 787.0 2418.5 788.0 2418.5 793.0 2417.5 794.0 2417.5 799.0 2416.5 800.0 2416.5 806.0 2415.5 807.0 2415.5 814.0 2414.5 815.0 2414.5 823.0 2413.5 824.0 2413.5 839.0 2412.5 840.0 2412.5 857.0 2411.5 858.0 2411.5 867.0 2410.5 868.0 2410.5 873.0 2409.5 874.0 2409.5 894.0 2407.5 899.0 2406.5 904.0 2406.5 914.0 2405.5 915.0 2405.5 926.0 2404.5 927.0 2404.5 934.0 2403.5 935.0 2403.5 951.0 2402.5 952.0 2402.5 958.0 2401.5 959.0 2401.5 967.0 2400.5 968.0 2400.5 978.0 2399.5 979.0 2399.5 998.0 2398.5 999.0 2398.5 1005.0 2397.5 1006.0 2397.5 1013.0 2396.5 1014.0 2396.5 1034.0 2395.5 1035.0 2395.5 1042.0 2394.5 1043.0 2394.5 1057.0 2393.5 1058.0 2393.5 1063.0 2391.5 1069.0 2391.5 1074.0 2390.5 1075.0 2390.5 1080.0 2389.5 1081.0 2389.5 1088.0 2388.5 1089.0 2388.5 1105.0 2387.5 1106.0 2387.5 1115.0 2386.5 1116.0 2386.5 1129.0 2385.5 1130.0 2385.5 1140.0 2384.5 1141.0 2384.5 1150.0 2383.5 1151.0 2383.5 1160.0 2382.5 1161.0 2382.5 1177.0 2381.5 1178.0 2381.5 1188.0 2380.5 1189.0 2380.5 1195.0 2379.5 1196.0 2379.5 1201.0 2378.5 1202.0 2378.5 1207.0 2377.5 1208.0 2377.5 1215.0 2376.5 1216.0 2376.5 1223.0 2375.5 1224.0 2375.5 1238.0 2374.5 1239.0 2374.5 1245.0 2373.5 1246.0 2373.5 1266.0 2372.5 1267.0 2372.5 1277.0 2371.5 1278.0 2371.5 1298.0 2370.5 1299.0 2370.5 1305.0 2369.5 1306.0 2369.5 1313.0 2368.5 1314.0 2368.5 1327.0 2367.5 1328.0 2367.5 1336.0 2366.5 1337.0 2366.5 1351.0 2365.5 1352.0 2365.5 1364.0 2364.5 1365.0 2364.5 1372.0 2363.5 1373.0 2363.5 1383.0 2362.5 1384.0 2362.5 1393.0 2361.5 1394.0 2361.5 1405.0 2360.5 1406.0 2360.5 1413.0 2359.5 1414.0 2359.5 1419.0 2355.5 1436.0 2353.5 1441.0 2349.5 1448.0 2346.5 1452.0 2335.0 1463.5 2334.0 1463.5 2321.0 1470.5 2315.0 1472.5 2304.0 1472.5 2303.0 1473.5
 5ML_centrifuge_tube 2366.0 1829.5 2338.0 1829.5 2337.0 1828.5 2325.0 1828.5 2324.0 1827.5 2318.0 1827.5 2309.0 1823.5 2306.0 1823.5 2301.0 1821.5 2294.0 1817.5 2291.0 1814.5 2287.0 1812.5 2282.0 1807.5 2271.0 1801.5 2263.5 1794.0 2260.5 1786.0 2260.5 1780.0 2259.5 1779.0 2259.5 1774.0 2260.5 1773.0 2260.5 1726.0 2261.5 1725.0 2261.5 1720.0 2262.5 1719.0 2262.5 1713.0 2265.5 1706.0 2269.0 1703.5 2274.5 1698.0 2280.0 1693.5 2287.0 1691.5 2290.0 1689.5 2297.0 1687.5 2302.0 1687.5 2303.0 1686.5 2321.0 1686.5 2322.0 1687.5 2333.0 1687.5 2334.0 1688.5 2339.0 1688.5 2340.0 1689.5 2345.0 1689.5 2354.0 1692.5 2358.0 1694.5 2365.0 1696.5 2370.0 1699.5 2372.0 1699.5 2380.0 1703.5 2385.0 1707.5 2389.0 1709.5 2394.0 1713.5 2400.5 1721.0 2404.5 1728.0 2406.5 1730.0 2409.5 1741.0 2409.5 1762.0 2408.5 1763.0 2408.5 1773.0 2407.5 1774.0 2407.5 1783.0 2406.5 1784.0 2406.5 1792.0 2405.5 1793.0 2405.5 1799.0 2404.5 1803.0 2401.5 1810.0 2399.5 1813.0 2393.0 1820.5 2388.0 1822.5 2383.0 1825.5 2381.0 1825.5 2375.0 1828.5 2367.0 1828.5 2366.0 1829.5
 5ML_centrifuge_tube 2082.0 1904.5 2062.0 1904.5 2061.0 1903.5 2056.0 1903.5 2055.0 1902.5 2050.0 1902.5 2046.0 1901.5 2039.0 1898.5 2036.0 1898.5 2028.0 1895.5 2025.0 1892.5 2019.0 1890.5 2011.0 1884.5 2004.5 1878.0 2003.5 1875.0 1999.5 1870.0 1996.5 1865.0 1992.5 1852.0 1992.5 1832.0 1993.5 1831.0 1993.5 1810.0 1992.5 1809.0 1992.5 1793.0 1993.5 1792.0 1993.5 1784.0 1994.5 1783.0 1994.5 1777.0 1998.5 1766.0 2001.5 1761.0 2012.0 1752.5 2020.0 1748.5 2022.0 1748.5 2027.0 1745.5 2037.0 1743.5 2038.0 1742.5 2044.0 1742.5 2045.0 1741.5 2054.0 1741.5 2055.0 1740.5 2068.0 1740.5 2069.0 1741.5 2076.0 1741.5 2077.0 1742.5 2082.0 1742.5 2095.0 1745.5 2114.0 1752.5 2116.0 1754.5 2124.0 1759.5 2129.0 1764.5 2130.0 1764.5 2138.5 1773.0 2139.5 1776.0 2143.5 1783.0 2146.5 1794.0 2146.5 1841.0 2145.5 1842.0 2145.5 1852.0 2144.5 1857.0 2139.5 1871.0 2135.5 1878.0 2129.0 1884.5 2128.0 1884.5 2121.0 1891.5 2113.0 1895.5 2111.0 1897.5 2103.0 1900.5 2099.0 1900.5 2094.0 1902.5 2089.0 1903.5 2083.0 1903.5 2082.0 1904.5
 10ML_centrifuge_tube 1758.0 1990.5 1734.0 1990.5 1729.0 1989.5 1725.0 1987.5 1720.0 1986.5 1715.0 1983.5 1700.5 1969.0 1697.5 1960.0 1696.5 1959.0 1696.5 1936.0 1695.5 1935.0 1695.5 1930.0 1694.5 1929.0 1694.5 1918.0 1695.5 1917.0 1695.5 1908.0 1697.5 1900.0 1704.5 1890.0 1704.5 1889.0 1716.0 1877.5 1721.0 1874.5 1726.0 1872.5 1739.0 1869.5 1763.0 1869.5 1772.0 1873.5 1774.0 1873.5 1779.0 1876.5 1784.0 1878.5 1794.5 1889.0 1797.5 1893.0 1800.5 1899.0 1801.5 1904.0 1801.5 1920.0 1800.5 1921.0 1800.5 1956.0 1798.5 1963.0 1794.5 1971.0 1792.0 1973.5 1786.0 1977.5 1783.0 1978.5 1776.0 1983.5 1771.0 1985.5 1764.0 1989.5 1759.0 1989.5 1758.0 1990.5
 10ML_centrifuge_tube 1781.5 2159.0 1781.5 2158.0 1776.5 2153.0 1773.5 2148.0 1770.5 2139.0 1770.5 2111.0 1771.5 2110.0 1771.5 2077.0 1773.5 2074.0 1779.5 2061.0 1782.5 2057.0 1795.0 2044.5 1801.0 2040.5 1807.0 2037.5 1813.0 2036.5 1814.0 2035.5 1819.0 2035.5 1820.0 2034.5 1829.0 2034.5 1830.0 2033.5 1842.0 2033.5 1843.0 2034.5 1848.0 2034.5 1854.0 2036.5 1861.0 2041.5 1862.0 2041.5 1869.0 2047.5 1873.0 2048.5 1879.5 2055.0 1882.5 2065.0 1884.5 2069.0 1884.5 2075.0 1885.5 2076.0 1885.5 2093.0 1884.5 2094.0 1884.5 2109.0 1883.5 2110.0 1883.5 2123.0 1882.5 2124.0 1882.5 2134.0 1881.5 2135.0 1881.5 2142.0 1880.5 2147.0 1877.5 2155.0 1874.5 2159.0
dispensing_tube_rack 3839.0 2150.5 3823.0 2150.5 3822.0 2151.5 3815.0 2151.5 3814.0 2152.5 3809.0 2152.5 3808.0 2153.5 3801.0 2153.5 3800.0 2154.5 3732.0 2154.5 3731.0 2153.5 3719.0 2153.5 3718.0 2154.5 3688.0 2154.5 3687.0 2155.5 3680.0 2155.5 3679.0 2154.5 3627.0 2154.5 3626.0 2155.5 3613.0 2155.5 3612.0 2154.5 3540.0 2154.5 3539.0 2153.5 3529.0 2153.5 3528.0 2154.5 3498.0 2154.5 3497.0 2153.5 3466.0 2153.5 3465.0 2152.5 3457.0 2152.5 3456.0 2151.5 3449.0 2150.5 3446.0 2147.5 3441.0 2146.5 3437.0 2150.5 3428.0 2153.5 3423.0 2153.5 3422.0 2152.5 3416.0 2152.5 3415.0 2151.5 3399.0 2151.5 3398.0 2152.5 3390.0 2152.5 3389.0 2153.5 3374.0 2153.5 3373.0 2152.5 3346.0 2152.5 3341.0 2150.5 3336.0 2149.5 3324.0 2149.5 3323.0 2150.5 3317.0 2150.5 3316.0 2151.5 3310.0 2151.5 3309.0 2152.5 3299.0 2152.5 3298.0 2153.5 3286.0 2153.5 3285.0 2154.5 3211.0 2154.5 3210.0 2153.5 3172.0 2153.5 3171.0 2154.5 3149.0 2154.5 3148.0 2153.5 3130.0 2153.5 3129.0 2152.5 3110.0 2152.5 3109.0 2151.5 3093.0 2151.5 3087.0 2153.5 3078.0 2153.5 3077.0 2154.5 3062.0 2154.5 3061.0 2153.5 3032.0 2153.5 3023.0 2150.5 3015.0 2150.5 3011.0 2148.5 3002.5 2140.0 3002.5 2139.0 2994.0 2130.5 2989.5 2137.0 2984.5 2149.0 2979.0 2152.5 2975.0 2153.5 2966.0 2153.5 2965.0 2154.5 2960.0 2154.5 2959.0 2153.5 2952.0 2153.5 2951.0 2152.5 2939.0 2152.5 2938.0 2153.5 2923.0 2153.5 2922.0 2152.5 2906.0 2152.5 2905.0 2151.5 2878.0 2151.5 2877.0 2152.5 2805.0 2152.5 2804.0 2151.5 2786.0 2151.5 2785.0 2152.5 2733.0 2152.5 2732.0 2153.5 2726.0 2153.5 2725.0 2154.5 2693.0 2154.5 2692.0 2153.5 2667.0 2153.5 2666.0 2154.5 2619.0 2154.5 2618.0 2153.5 2613.0 2153.5 2612.0 2154.5 2442.0 2154.5 2441.0 2153.5 2432.0 2153.5 2431.0 2154.5 2354.0 2154.5 2353.0 2153.5 2345.0 2153.5 2335.0 2155.5 2334.0 2156.5 2320.0 2156.5 2319.0 2157.5 2314.0 2156.5 2290.0 2156.5 2289.0 2157.5 2284.0 2156.5 2194.0 2156.5 2193.0 2155.5 2184.0 2155.5 2183.0 2154.5 2170.0 2154.5 2169.0 2155.5 2134.0 2155.5 2133.0 2154.5 2103.0 2154.5 2102.0 2155.5 2001.0 2155.5 2000.0 2156.5 1976.0 2156.5 1975.0 2157.5 1965.0 2157.5 1964.0 2156.5 1952.0 2156.5 1951.0 2155.5 1946.0 2155.5 1945.0 2154.5 1929.0 2154.5 1928.0 2153.5 1895.0 2153.5 1891.0 2152.5 1885.5 2150.0 1885.5 2147.0 1882.5 2141.0 1882.5 2139.0 1879.0 2132.5 1874.0 2132.5 1873.0 2131.5 1868.0 2131.5 1865.0 2132.5 1862.5 2135.0 1859.5 2144.0 1854.0 2150.5 1848.0 2150.5 1847.0 2151.5 1840.0 2151.5 1839.0 2152.5 1834.0 2152.5 1833.0 2151.5 1811.0 2151.5 1810.0 2152.5 1799.0 2152.5 1798.0 2153.5 1788.0 2153.5 1787.0 2152.5 1773.0 2152.5 1767.0 2154.5 1756.0 2154.5 1755.0 2155.5 1743.0 2155.5 1742.0 2156.5 1733.0 2156.5 1732.0 2157.5 1727.0 2157.5 1726.0 2156.5 1681.0 2156.5 1680.0 2155.5 1675.0 2155.5 1674.0 2154.5 1665.0 2154.5 1664.0 2155.5 1657.0 2155.5 1653.0 2154.5 1648.5 2150.0 1646.5 2144.0 1645.5 2137.0 1643.5 2132.0 1642.5 2125.0 1640.5 2121.0 1638.5 2109.0 1634.5 2100.0 1632.5 2098.0 1630.5 2093.0 1628.5 2091.0 1626.5 2083.0 1625.5 2082.0 1623.5 2071.0 1620.5 2064.0 1619.5 2057.0 1618.5 2056.0 1617.5 2049.0 1615.5 2043.0 1609.5 2032.0 1609.5 2014.0 1612.5 2009.0 1613.5 2004.0 1620.5 1988.0 1625.0 1983.5 1637.0 1979.5 1643.0 1975.5 1647.5 1970.0 1647.5 1959.0 1648.5 1955.0 1651.5 1950.0 1653.5 1943.0 1658.0 1938.5 1664.0 1937.5 1669.0 1935.5 1678.0 1935.5 1682.0 1936.5 1686.0 1939.5 1689.0 1940.5 1691.5 1938.0 1695.5 1932.0 1696.5 1929.0 1700.0 1925.5 1703.0 1924.5 1734.0 1924.5 1742.0 1921.5 1747.0 1916.5 1749.0 1915.5 1755.0 1917.5 1763.0 1917.5 1766.5 1914.0 1767.5 1911.0 1765.5 1904.0 1762.0 1900.5 1759.0 1899.5 1753.0 1894.5 1750.0 1894.5 1745.5 1890.0 1744.5 1888.0 1744.5 1880.0 1749.0 1877.5 1755.0 1879.5 1759.5 1884.0 1760.5 1889.0 1763.0 1891.5 1767.0 1893.5 1772.0 1894.5 1777.0 1894.5 1783.5 1899.0 1784.5 1903.0 1786.5 1906.0 1786.5 1909.0 1790.0 1913.5 1794.0 1913.5 1799.0 1908.5 1803.0 1907.5 1813.0 1901.5 1822.0 1897.5 1837.0 1897.5 1843.0 1894.5 1848.0 1893.5 1852.0 1891.5 1855.0 1891.5 1860.0 1889.5 1869.0 1888.5 1882.0 1884.5 1888.5 1879.0 1891.5 1872.0 1892.5 1868.0 1892.5 1862.0 1893.5 1861.0 1893.5 1853.0 1894.5 1852.0 1894.5 1845.0 1895.5 1840.0 1897.5 1836.0 1900.0 1833.5 1908.0 1829.5 1910.0 1827.5 1918.0 1823.5 1929.0 1819.5 1942.0 1817.5 1946.0 1815.5 1960.0 1812.5 1961.0 1811.5 1967.0 1811.5 1968.0 1810.5 1978.0 1810.5 1982.0 1811.5 1985.0 1814.5 1989.0 1815.5 1991.5 1810.0 1999.5 1797.0 2004.0 1792.5 2009.0 1795.5 2014.0 1799.5 2018.0 1801.5 2026.0 1801.5 2030.0 1802.5 2035.0 1801.5 2039.0 1799.5 2043.5 1795.0 2044.5 1792.0 2049.0 1787.5 2053.0 1789.5 2059.0 1794.5 2064.0 1794.5 2068.5 1790.0 2069.5 1787.0 2074.0 1783.5 2082.0 1782.5 2085.5 1779.0 2077.0 1774.5 2063.0 1774.5 2057.0 1772.5 2047.0 1772.5 2032.0 1765.5 2019.0 1765.5 2017.5 1763.0 2022.0 1760.5 2027.0 1760.5 2028.0 1759.5 2033.0 1759.5 2041.0 1755.5 2046.0 1751.5 2052.0 1748.5 2059.0 1748.5 2060.0 1747.5 2065.0 1748.5 2073.0 1748.5 2078.0 1750.5 2090.0 1750.5 2094.0 1752.5 2099.0 1752.5 2100.0 1753.5 2107.0 1753.5 2115.0 1757.5 2120.5 1763.0 2122.5 1767.0 2130.5 1776.0 2133.5 1784.0 2136.0 1785.5 2139.5 1783.0 2140.5 1778.0 2145.0 1773.5 2156.0 1768.5 2165.0 1766.5 2171.0 1766.5 2176.0 1764.5 2180.0 1764.5 2187.0 1761.5 2190.0 1761.5 2194.0 1759.5 2202.0 1757.5 2205.0 1757.5 2209.0 1755.5 2214.0 1754.5 2223.0 1754.5 2231.0 1751.5 2234.0 1751.5 2242.0 1748.5 2254.0 1748.5 2256.0 1747.5 2262.5 1741.0 2265.5 1735.0 2265.5 1732.0 2269.5 1716.0 2274.0 1711.5 2277.0 1710.5 2281.5 1706.0 2282.5 1703.0 2289.0 1697.5 2292.0 1697.5 2302.0 1694.5 2303.0 1693.5 2313.0 1693.5 2314.0 1694.5 2326.0 1694.5 2327.0 1695.5 2334.0 1695.5 2335.0 1694.5 2341.0 1694.5 2346.0 1693.5 2350.0 1694.5 2356.0 1697.5 2360.0 1698.5 2365.5 1704.0 2365.5 1706.0 2370.0 1711.5 2379.0 1714.5 2386.0 1717.5 2388.5 1720.0 2391.5 1731.0 2400.5 1740.0 2403.5 1745.0 2404.5 1751.0 2405.5 1751.0 2406.5 1745.0 2409.5 1739.0 2409.5 1734.0 2410.5 1733.0 2410.5 1721.0 2409.5 1719.0 2415.0 1714.5 2419.0 1713.5 2422.0 1711.5 2425.0 1711.5 2430.0 1709.5 2437.0 1708.5 2438.0 1707.5 2445.0 1706.5 2454.0 1702.5 2468.0 1700.5 2473.0 1698.5 2476.0 1698.5 2484.0 1695.5 2492.0 1694.5 2496.0 1692.5 2503.0 1691.5 2507.0 1689.5 2510.0 1689.5 2515.0 1687.5 2522.0 1687.5 2523.0 1686.5 2528.0 1686.5 2532.0 1684.5 2546.0 1682.5 2551.0 1680.5 2563.0 1678.5 2570.0 1675.5 2574.0 1674.5 2580.0 1674.5 2581.0 1673.5 2602.0 1673.5 2603.0 1674.5 2609.0 1674.5 2610.0 1675.5 2622.0 1675.5 2628.0 1673.5 2637.0 1673.5 2649.0 1677.5 2656.0 1677.5 2657.0 1678.5 2663.0 1678.5 2666.0 1679.5 2673.0 1683.5 2675.0 1683.5 2684.0 1688.5 2693.0 1697.5 2699.0 1699.5 2709.0 1699.5 2714.0 1696.5 2719.0 1694.5 2724.0 1693.5 2730.0 1690.5 2732.0 1688.5 2737.0 1686.5 2740.0 1686.5 2744.0 1684.5 2749.0 1684.5 2750.0 1683.5 2759.0 1683.5 2760.0 1682.5 2775.0 1682.5 2776.0 1681.5 2799.0 1681.5 2800.0 1682.5 2810.0 1682.5 2817.0 1685.5 2820.0 1687.5 2825.0 1692.5 2829.0 1694.5 2835.0 1694.5 2836.0 1695.5 2841.0 1695.5 2846.5 1701.0 2849.5 1707.0 2855.0 1711.5 2861.0 1712.5 2862.0 1713.5 2867.0 1713.5 2870.0 1714.5 2874.5 1719.0 2875.5 1722.0 2880.0 1725.5 2887.0 1726.5 2893.0 1729.5 2901.0 1736.5 2902.0 1736.5 2909.0 1742.5 2921.0 1748.5 2927.0 1754.5 2930.0 1755.5 2936.5 1762.0 2938.5 1766.0 2941.0 1768.5 2952.0 1774.5 2964.0 1778.5 2969.0 1782.5 2975.0 1788.5 2976.5 1787.0 2979.5 1780.0 2979.5 1756.0 2980.5 1755.0 2980.5 1748.0 2981.5 1747.0 2981.5 1740.0 2982.5 1739.0 2982.5 1732.0 2986.5 1719.0 2988.5 1709.0 2988.5 1704.0 2991.5 1695.0 2991.5 1691.0 2993.5 1686.0 2993.5 1681.0 2994.5 1680.0 2994.5 1673.0 2995.5 1672.0 2995.5 1666.0 2996.5 1665.0 2996.5 1659.0 2999.5 1647.0 3000.5 1646.0 3000.5 1641.0 3001.5 1640.0 3001.5 1627.0 3006.5 1616.0 3011.5 1607.0 3013.5 1599.0 3015.5 1595.0 3020.0 1590.5 3024.0 1587.5 3027.0 1586.5 3030.0 1583.5 3038.0 1580.5 3039.0 1579.5 3044.0 1579.5 3045.0 1578.5 3050.0 1578.5 3054.0 1576.5 3057.0 1576.5 3064.0 1573.5 3078.0 1571.5 3084.0 1569.5 3089.0 1569.5 3099.0 1567.5 3103.0 1565.5 3106.0 1565.5 3111.0 1563.5 3116.0 1562.5 3127.0 1557.5 3132.0 1557.5 3133.0 1556.5 3142.0 1556.5 3143.0 1555.5 3150.0 1555.5 3151.0 1554.5 3159.0 1554.5 3160.0 1553.5 3174.0 1553.5 3179.0 1551.5 3190.0 1549.5 3191.0 1548.5 3200.0 1547.5 3209.0 1544.5 3212.0 1544.5 3216.0 1542.5 3221.0 1542.5 3222.0 1541.5 3227.0 1541.5 3228.0 1540.5 3235.0 1539.5 3243.0 1535.5 3249.0 1534.5 3250.0 1533.5 3256.0 1533.5 3257.0 1532.5 3263.0 1532.5 3264.0 1531.5 3274.0 1531.5 3275.0 1530.5 3282.0 1530.5 3283.0 1529.5 3289.0 1529.5 3290.0 1528.5 3303.0 1525.5 3306.0 1523.5 3318.0 1519.5 3325.0 1518.5 3329.0 1516.5 3332.0 1516.5 3337.0 1514.5 3341.0 1514.5 3347.0 1512.5 3352.0 1512.5 3353.0 1511.5 3358.0 1511.5 3359.0 1510.5 3364.0 1510.5 3372.0 1507.5 3377.0 1506.5 3382.0 1504.5 3388.0 1504.5 3389.0 1503.5 3395.0 1503.5 3400.0 1501.5 3404.0 1501.5 3413.0 1498.5 3420.0 1497.5 3428.0 1494.5 3440.0 1494.5 3441.0 1495.5 3451.0 1495.5 3452.0 1496.5 3458.0 1496.5 3464.0 1498.5 3469.0 1498.5 3470.0 1499.5 3476.0 1500.5 3481.0 1503.5 3486.0 1505.5 3502.0 1508.5 3506.0 1510.5 3509.0 1510.5 3513.0 1512.5 3520.0 1512.5 3521.0 1513.5 3534.0 1513.5 3537.0 1515.5 3542.0 1516.5 3545.0 1518.5 3550.0 1519.5 3556.0 1523.5 3562.0 1525.5 3573.0 1533.5 3576.0 1534.5 3581.0 1538.5 3589.0 1542.5 3596.0 1544.5 3605.0 1549.5 3617.0 1554.5 3623.0 1555.5 3628.0 1557.5 3633.0 1560.5 3640.0 1562.5 3643.0 1564.5 3652.0 1568.5 3659.0 1570.5 3662.0 1572.5 3667.0 1573.5 3670.0 1575.5 3681.0 1578.5 3687.0 1581.5 3689.0 1583.5 3695.0 1585.5 3698.0 1587.5 3704.0 1589.5 3707.0 1589.5 3711.0 1591.5 3722.0 1594.5 3727.0 1597.5 3729.0 1597.5 3734.0 1600.5 3739.0 1601.5 3744.0 1603.5 3751.0 1607.5 3758.0 1609.5 3765.0 1613.5 3770.0 1615.5 3775.0 1616.5 3778.0 1618.5 3783.0 1619.5 3787.0 1621.5 3792.0 1622.5 3795.0 1624.5 3812.0 1630.5 3815.0 1632.5 3820.0 1633.5 3832.0 1639.5 3839.0 1639.5
dispensing_tube_rack 3024.5 1923.0 3029.0 1920.5 3037.0 1919.5 3046.0 1916.5 3056.0 1914.5 3061.0 1912.5 3066.0 1909.5 3071.0 1908.5 3074.0 1906.5 3085.0 1903.5 3089.0 1901.5 3098.0 1899.5 3099.0 1898.5 3105.0 1897.5 3108.0 1895.5 3129.0 1888.5 3136.0 1887.5 3140.0 1885.5 3144.0 1885.5 3149.0 1883.5 3154.0 1882.5 3162.0 1878.5 3167.0 1877.5 3170.0 1875.5 3178.0 1874.5 3190.0 1871.5 3191.0 1870.5 3200.0 1868.5 3209.0 1864.5 3214.0 1863.5 3217.0 1861.5 3230.0 1858.5 3234.0 1858.5 3240.0 1856.5 3244.0 1856.5 3248.0 1854.5 3251.0 1854.5 3256.0 1851.5 3260.0 1850.5 3267.0 1845.5 3273.0 1842.5 3278.0 1841.5 3282.5 1839.0 3282.5 1836.0 3281.0 1834.5 3276.0 1832.5 3272.0 1829.5 3265.5 1821.0 3265.5 1820.0 3258.0 1816.5 3249.5 1811.0 3249.5 1810.0 3245.0 1805.5 3244.0 1805.5 3235.0 1799.5 3228.0 1795.5 3220.0 1792.5 3213.0 1788.5 3210.0 1787.5 3202.0 1780.5 3187.0 1772.5 3184.0 1771.5 3181.0 1768.5 3177.0 1766.5 3167.0 1758.5 3154.0 1752.5 3146.0 1745.5 3135.0 1742.5 3128.0 1739.5 3117.0 1730.5 3111.0 1727.5 3106.0 1726.5 3099.0 1722.5 3093.0 1717.5 3082.0 1712.5 3076.0 1712.5 3071.0 1713.5 3067.5 1716.0 3064.5 1721.0 3064.5 1723.0 3061.5 1728.0 3061.5 1730.0 3058.5 1735.0 3055.5 1746.0 3055.5 1751.0 3054.5 1752.0 3054.5 1760.0 3052.5 1769.0 3050.5 1773.0 3050.5 1776.0 3047.5 1785.0 3046.5 1792.0 3044.5 1796.0 3044.5 1799.0 3041.5 1806.0 3040.5 1814.0 3039.5 1815.0 3038.5 1824.0 3036.5 1829.0 3035.5 1834.0 3035.5 1840.0 3034.5 1841.0 3034.5 1849.0 3031.5 1860.0 3028.5 1865.0 3026.5 1875.0 3024.5 1879.0 3024.5 1884.0 3023.5 1885.0 3023.5 1890.0 3022.5 1891.0 3022.5 1896.0 3020.5 1902.0 3016.5 1910.0 3016.5 1915.0 3020.0 1923.5 3024.5 1923.0
dispensing_tube_rack 2304.5 1736.0 2310.0 1735.5 2319.0 1733.5 2320.0 1734.5 2325.0 1734.5 2326.0 1735.5 2332.0 1735.5 2335.0 1734.5 2338.5 1730.0 2334.5 1720.0 2330.0 1716.5 2324.0 1716.5 2323.0 1715.5 2317.0 1715.5 2309.0 1718.5 2304.0 1719.5 2298.5 1724.0 2294.5 1730.0 2296.5 1734.0 2299.0 1735.5 2304.5 1736.0
dispensing_tube_rack 2090.5 1793.0 2094.5 1789.0 2090.0 1784.5 2087.5 1787.0 2087.5 1791.0 2090.5 1793.0
dispensing_tube_rack 3713.5 2018.0 3717.5 2014.0 3723.5 2003.0 3728.5 1989.0 3737.5 1972.0 3737.5 1970.0 3740.5 1964.0 3742.5 1962.0 3745.5 1954.0 3745.5 1949.0 3746.5 1948.0 3746.5 1942.0 3748.5 1937.0 3748.5 1934.0 3750.5 1930.0 3751.5 1925.0 3754.5 1918.0 3757.5 1913.0 3759.5 1906.0 3762.5 1899.0 3763.5 1894.0 3768.5 1883.0 3770.5 1881.0 3771.5 1877.0 3774.5 1870.0 3776.5 1867.0 3776.5 1864.0 3778.5 1860.0 3779.5 1853.0 3780.5 1852.0 3780.5 1846.0 3779.5 1845.0 3779.5 1839.0 3777.5 1835.0 3772.0 1830.5 3769.0 1829.5 3762.0 1829.5 3761.0 1828.5 3756.0 1828.5 3752.0 1826.5 3747.0 1825.5 3734.0 1825.5 3733.0 1826.5 3728.0 1826.5 3721.0 1829.5 3708.0 1832.5 3704.0 1834.5 3701.0 1834.5 3695.0 1837.5 3691.0 1838.5 3689.0 1840.5 3677.0 1846.5 3675.0 1846.5 3668.0 1849.5 3661.0 1850.5 3656.0 1852.5 3653.0 1852.5 3647.0 1855.5 3645.0 1855.5 3635.0 1859.5 3620.0 1868.5 3615.0 1869.5 3607.0 1873.5 3593.0 1877.5 3586.0 1880.5 3581.0 1881.5 3576.0 1884.5 3574.0 1884.5 3569.0 1887.5 3560.0 1891.5 3557.0 1891.5 3546.0 1894.5 3540.0 1897.5 3529.0 1908.5 3525.5 1911.0 3528.0 1914.5 3530.0 1914.5 3538.0 1919.5 3545.0 1926.5 3557.0 1932.5 3563.0 1934.5 3566.0 1936.5 3576.0 1946.5 3581.0 1948.5 3584.0 1948.5 3590.0 1950.5 3596.0 1953.5 3602.0 1958.5 3610.0 1962.5 3612.0 1962.5 3622.0 1967.5 3628.0 1973.5 3629.0 1973.5 3634.0 1978.5 3639.0 1981.5 3652.0 1986.5 3659.0 1992.5 3665.0 1995.5 3667.0 1995.5 3675.0 1999.5 3678.0 2002.5 3683.0 2004.5 3685.0 2006.5 3698.0 2013.5 3700.0 2013.5 3709.0 2018.5 3713.5 2018.0
dispensing_tube_rack 2951.5 1883.0 2955.5 1878.0 2962.5 1871.0 2963.5 1865.0 2960.0 1861.5 2950.0 1865.5 2947.5 1869.0 2947.5 1872.0 2944.5 1880.0 2948.0 1883.5 2951.5 1883.0
dispensing_tube_rack 3839.0 1945.5 3834.0 1945.5 3830.5 1950.0 3828.5 1954.0 3828.5 1957.0 3824.5 1967.0 3824.5 1969.0 3818.5 1979.0 3816.5 1981.0 3812.5 1989.0 3810.5 1996.0 3809.5 2004.0 3806.5 2010.0 3806.5 2013.0 3803.5 2020.0 3800.5 2031.0 3797.5 2036.0 3797.5 2039.0 3795.5 2043.0 3795.5 2047.0 3793.5 2051.0 3790.5 2064.0 3796.0 2070.5 3804.0 2075.5 3809.0 2080.5 3813.0 2082.5 3818.0 2083.5 3827.0 2088.5 3833.0 2093.5 3839.0 2093.5
 centrifuge_close 0.0 1073.5 5.0 1073.5 9.5 1079.0 12.5 1086.0 15.5 1091.0 24.5 1100.0 28.5 1106.0 30.5 1111.0 32.5 1113.0 35.5 1119.0 35.5 1121.0 38.5 1125.0 44.5 1138.0 46.5 1141.0 60.5 1169.0 61.5 1170.0 66.5 1181.0 69.5 1186.0 75.5 1199.0 81.5 1210.0 84.5 1213.0 85.5 1216.0 92.5 1224.0 93.5 1227.0 99.5 1235.0 101.5 1245.0 105.5 1252.0 109.5 1256.0 116.5 1272.0 116.5 1274.0 119.5 1281.0 119.5 1286.0 120.5 1287.0 120.5 1294.0 121.5 1295.0 121.5 1300.0 119.5 1305.0 118.5 1310.0 112.5 1316.0 108.5 1322.0 97.5 1336.0 94.5 1343.0 88.5 1351.0 85.5 1356.0 77.5 1364.0 77.5 1365.0 72.5 1371.0 70.5 1378.0 68.5 1382.0 64.5 1387.0 63.5 1390.0 54.5 1403.0 51.0 1405.5 42.0 1414.5 37.0 1418.5 28.0 1424.5 16.0 1434.5 15.0 1434.5 9.0 1439.5 6.0 1440.5 0.0 1440.5
