 centrifuge_close 1389.0 54.5 1386.5 53.0 1385.5 50.0 1388.0 48.5 1391.5 51.0 1389.0 54.5
 centrifuge_close 1196.0 687.5 1189.0 686.5 1184.5 683.0 1179.5 675.0 1177.5 673.0 1173.5 665.0 1171.5 656.0 1169.5 653.0 1168.5 648.0 1164.5 638.0 1164.5 632.0 1163.5 631.0 1162.5 625.0 1153.5 609.0 1152.5 605.0 1152.5 593.0 1147.0 587.5 1142.5 584.0 1139.5 579.0 1136.0 575.5 1132.0 573.5 1126.0 573.5 1125.0 572.5 1115.0 572.5 1114.0 573.5 1109.0 573.5 1108.0 574.5 1099.0 574.5 1090.0 570.5 1084.5 564.0 1081.5 555.0 1081.5 552.0 1079.5 546.0 1073.5 537.0 1073.5 536.0 1068.5 529.0 1068.5 527.0 1065.5 522.0 1064.5 517.0 1062.5 512.0 1059.5 507.0 1051.5 489.0 1048.5 476.0 1045.5 468.0 1045.5 462.0 1044.5 457.0 1041.5 450.0 1039.5 442.0 1034.5 432.0 1034.5 430.0 1028.0 420.5 1023.0 418.5 1008.0 418.5 1007.0 419.5 996.0 419.5 995.0 420.5 966.0 420.5 965.0 421.5 951.0 421.5 950.0 422.5 941.0 422.5 940.0 423.5 926.0 423.5 925.0 424.5 908.0 424.5 902.0 422.5 898.5 419.0 896.5 414.0 896.5 410.0 894.5 405.0 892.5 397.0 892.5 390.0 891.5 389.0 891.5 383.0 890.5 382.0 890.5 376.0 889.5 375.0 889.5 369.0 887.5 363.0 887.5 358.0 886.5 357.0 886.5 351.0 885.5 350.0 885.5 345.0 884.5 344.0 884.5 338.0 883.5 337.0 883.5 332.0 881.5 326.0 881.5 321.0 880.5 320.0 880.5 314.0 879.5 313.0 879.5 308.0 878.5 307.0 878.5 302.0 876.5 296.0 876.5 291.0 875.5 290.0 875.5 278.0 874.5 277.0 874.5 270.0 873.5 269.0 873.5 264.0 871.5 259.0 870.5 254.0 870.5 248.0 869.5 247.0 869.5 240.0 870.5 239.0 870.5 231.0 873.5 225.0 887.0 211.5 893.0 207.5 898.0 205.5 904.0 200.5 913.0 195.5 919.0 190.5 922.0 189.5 927.0 185.5 955.0 171.5 957.0 169.5 961.0 168.5 966.0 165.5 972.0 163.5 978.0 160.5 980.0 158.5 988.0 154.5 1008.0 146.5 1010.0 146.5 1015.0 143.5 1029.0 138.5 1032.0 136.5 1039.0 134.5 1042.0 132.5 1048.0 131.5 1052.0 129.5 1060.0 127.5 1065.0 124.5 1070.0 122.5 1080.0 120.5 1097.0 115.5 1109.0 113.5 1114.0 111.5 1125.0 105.5 1126.0 105.5 1133.0 98.5 1135.0 98.5 1142.0 94.5 1148.0 92.5 1159.0 90.5 1163.0 88.5 1172.0 87.5 1177.0 85.5 1183.0 85.5 1184.0 84.5 1189.0 84.5 1190.0 83.5 1216.0 83.5 1217.0 84.5 1222.0 84.5 1230.0 87.5 1235.0 88.5 1243.0 88.5 1244.0 89.5 1253.0 89.5 1254.0 90.5 1316.0 90.5 1317.0 91.5 1335.0 91.5 1336.0 92.5 1357.0 92.5 1358.0 93.5 1366.0 93.5 1367.0 94.5 1374.0 94.5 1389.0 97.5 1390.0 96.5 1396.0 96.5 1402.0 94.5 1407.0 94.5 1415.0 91.5 1430.0 91.5 1433.0 92.5 1442.0 99.5 1450.0 102.5 1455.0 105.5 1460.0 106.5 1468.0 110.5 1470.0 112.5 1474.0 113.5 1485.0 119.5 1490.0 121.5 1501.0 128.5 1508.0 131.5 1517.5 141.0 1521.5 149.0 1521.5 151.0 1524.5 156.0 1524.5 161.0 1525.5 162.0 1525.5 170.0 1529.5 177.0 1534.5 183.0 1536.5 188.0 1538.5 190.0 1540.5 196.0 1544.5 204.0 1546.5 212.0 1549.5 219.0 1550.5 224.0 1554.5 231.0 1556.5 239.0 1558.5 243.0 1558.5 246.0 1560.5 249.0 1562.5 256.0 1564.5 260.0 1565.5 265.0 1568.5 272.0 1571.5 283.0 1575.5 292.0 1575.5 295.0 1579.5 307.0 1586.5 321.0 1589.5 337.0 1591.5 342.0 1591.5 346.0 1593.5 351.0 1593.5 356.0 1594.5 357.0 1594.5 362.0 1597.5 371.0 1597.5 374.0 1600.5 382.0 1601.5 391.0 1603.5 397.0 1603.5 408.0 1604.5 409.0 1604.5 428.0 1605.5 433.0 1607.5 438.0 1609.5 447.0 1610.5 448.0 1612.5 457.0 1614.5 463.0 1614.5 468.0 1615.5 469.0 1615.5 474.0 1616.5 475.0 1616.5 480.0 1617.5 481.0 1617.5 494.0 1618.5 495.0 1618.5 500.0 1617.5 501.0 1617.5 509.0 1616.5 510.0 1616.5 523.0 1617.5 524.0 1617.5 535.0 1615.5 545.0 1614.5 546.0 1612.5 556.0 1612.5 560.0 1610.5 567.0 1607.5 572.0 1604.5 579.0 1599.5 586.0 1595.0 590.5 1591.0 592.5 1583.0 598.5 1577.0 601.5 1569.0 609.5 1559.0 613.5 1547.0 621.5 1541.0 624.5 1538.0 624.5 1534.0 626.5 1525.0 628.5 1519.0 631.5 1516.0 631.5 1505.0 636.5 1502.0 636.5 1499.0 638.5 1493.0 640.5 1490.0 640.5 1486.0 642.5 1483.0 642.5 1479.0 644.5 1470.0 646.5 1462.0 650.5 1457.0 651.5 1451.0 651.5 1450.0 652.5 1445.0 652.5 1439.0 654.5 1434.0 654.5 1433.0 655.5 1424.0 655.5 1423.0 656.5 1414.0 656.5 1413.0 657.5 1406.0 657.5 1405.0 658.5 1398.0 658.5 1397.0 659.5 1391.0 659.5 1390.0 660.5 1385.0 660.5 1375.0 662.5 1370.0 664.5 1365.0 665.5 1360.0 665.5 1359.0 666.5 1353.0 666.5 1352.0 667.5 1342.0 667.5 1341.0 668.5 1335.0 668.5 1334.0 669.5 1327.0 669.5 1326.0 670.5 1320.0 670.5 1314.0 672.5 1309.0 672.5 1308.0 673.5 1303.0 673.5 1302.0 674.5 1296.0 674.5 1295.0 675.5 1288.0 675.5 1287.0 676.5 1281.0 676.5 1280.0 677.5 1274.0 677.5 1273.0 678.5 1267.0 678.5 1266.0 679.5 1260.0 679.5 1259.0 680.5 1252.0 680.5 1251.0 681.5 1244.0 681.5 1243.0 682.5 1236.0 682.5 1235.0 683.5 1225.0 683.5 1224.0 684.5 1215.0 684.5 1214.0 685.5 1206.0 685.5 1205.0 686.5 1197.0 686.5 1196.0 687.5
 centrifuge_close 1106.0 695.5 1089.0 695.5 1087.5 689.0 1084.5 684.0 1080.5 672.0 1077.5 669.0 1079.5 665.0 1089.0 658.5 1103.0 658.5 1108.0 660.5 1115.0 660.5 1119.0 662.5 1122.5 666.0 1123.5 669.0 1123.5 675.0 1122.5 676.0 1122.5 682.0 1121.5 684.0 1116.0 689.5 1110.0 691.5 1106.0 695.5
 refrigerator_close 3839.0 566.5 3820.0 566.5 3819.0 567.5 3804.0 567.5 3803.0 566.5 3776.0 566.5 3772.0 565.5 3771.0 566.5 3690.0 566.5 3689.0 565.5 3683.0 565.5 3682.0 564.5 3677.0 564.5 3672.0 562.5 3669.0 562.5 3657.0 557.5 3655.0 557.5 3646.0 552.5 3643.0 549.5 3633.0 543.5 3627.5 538.0 3620.5 525.0 3615.5 519.0 3614.5 516.0 3611.5 512.0 3602.5 503.0 3599.5 498.0 3583.0 481.5 3579.0 479.5 3571.5 472.0 3567.5 464.0 3562.5 452.0 3559.5 447.0 3557.5 436.0 3555.5 431.0 3555.5 427.0 3550.5 415.0 3548.5 413.0 3544.5 404.0 3537.5 387.0 3535.5 385.0 3527.5 369.0 3527.5 367.0 3524.5 362.0 3524.5 360.0 3517.5 349.0 3514.5 342.0 3512.5 339.0 3510.5 331.0 3504.5 315.0 3500.5 307.0 3496.5 302.0 3495.5 299.0 3491.5 294.0 3488.5 288.0 3486.5 282.0 3483.5 276.0 3483.5 273.0 3480.5 265.0 3480.5 242.0 3481.5 241.0 3481.5 235.0 3483.5 230.0 3484.5 223.0 3487.5 216.0 3488.5 212.0 3488.5 207.0 3490.5 202.0 3490.5 199.0 3492.5 196.0 3493.5 191.0 3495.5 187.0 3495.5 184.0 3498.5 177.0 3504.5 168.0 3508.5 156.0 3508.5 153.0 3510.5 150.0 3513.5 139.0 3516.5 132.0 3518.5 129.0 3519.5 124.0 3521.5 120.0 3522.5 113.0 3523.5 112.0 3525.5 101.0 3527.5 97.0 3527.5 94.0 3532.5 81.0 3532.5 78.0 3534.5 74.0 3535.5 67.0 3538.5 61.0 3542.5 51.0 3544.5 43.0 3550.5 30.0 3556.5 16.0 3563.5 9.0 3565.5 6.0 3565.5 0.0
 refrigerator_close 3781.5 0.0 3781.5 6.0 3785.0 11.5 3789.0 11.5 3795.5 5.0 3795.5 0.0
 10ML_sorting_tube_rack 1134.0 1892.5 1128.0 1892.5 1127.0 1891.5 1118.0 1891.5 1109.0 1887.5 1104.5 1883.0 1103.5 1880.0 1099.5 1873.0 1094.5 1863.0 1094.5 1858.0 1093.5 1853.0 1090.5 1847.0 1086.5 1835.0 1081.5 1829.0 1079.5 1824.0 1078.5 1819.0 1074.5 1811.0 1072.5 1805.0 1067.5 1799.0 1062.5 1788.0 1058.5 1782.0 1055.5 1779.0 1052.5 1772.0 1049.5 1767.0 1046.5 1764.0 1043.5 1758.0 1043.5 1756.0 1037.5 1746.0 1034.5 1739.0 1030.5 1734.0 1028.5 1730.0 1024.5 1725.0 1020.5 1716.0 1013.5 1706.0 1002.5 1685.0 998.5 1675.0 992.5 1667.0 988.5 1660.0 983.5 1649.0 979.5 1644.0 979.5 1642.0 974.5 1632.0 972.5 1630.0 968.5 1622.0 961.5 1614.0 958.5 1607.0 956.5 1605.0 952.5 1598.0 944.5 1582.0 942.5 1575.0 935.5 1566.0 931.5 1558.0 926.5 1551.0 924.5 1546.0 922.5 1544.0 919.5 1537.0 917.5 1535.0 914.5 1528.0 912.5 1526.0 908.5 1517.0 903.5 1511.0 902.5 1508.0 889.5 1488.0 886.5 1482.0 883.5 1473.0 880.5 1467.0 875.5 1461.0 872.5 1454.0 870.5 1452.0 862.5 1436.0 860.5 1434.0 853.5 1420.0 851.5 1413.0 851.5 1408.0 850.5 1407.0 850.5 1400.0 851.5 1397.0 858.5 1383.0 862.5 1378.0 864.5 1373.0 870.5 1365.0 878.5 1357.0 883.5 1349.0 886.5 1346.0 888.5 1342.0 892.5 1337.0 898.5 1331.0 905.5 1322.0 914.5 1308.0 922.5 1299.0 925.5 1294.0 930.5 1289.0 930.5 1288.0 940.5 1275.0 945.5 1270.0 945.5 1269.0 952.5 1259.0 956.5 1255.0 958.5 1251.0 964.5 1245.0 964.5 1244.0 969.5 1239.0 972.5 1233.0 981.5 1222.0 986.5 1214.0 992.5 1208.0 995.5 1203.0 1002.0 1196.5 1007.0 1193.5 1011.5 1189.0 1013.5 1184.0 1014.5 1179.0 1018.5 1172.0 1029.5 1161.0 1031.5 1157.0 1034.5 1154.0 1037.5 1149.0 1041.5 1144.0 1046.5 1139.0 1052.5 1130.0 1061.5 1121.0 1064.5 1115.0 1066.5 1113.0 1069.5 1107.0 1072.5 1104.0 1073.5 1101.0 1076.5 1098.0 1079.5 1093.0 1084.5 1088.0 1087.5 1083.0 1090.5 1080.0 1094.5 1073.0 1097.5 1069.0 1107.5 1059.0 1113.5 1050.0 1118.5 1045.0 1124.5 1036.0 1133.5 1027.0 1137.5 1021.0 1142.0 1016.5 1147.0 1013.5 1158.0 1004.5 1166.0 1000.5 1168.0 1000.5 1179.0 994.5 1184.0 993.5 1189.0 993.5 1190.0 992.5 1218.0 992.5 1219.0 991.5 1234.0 991.5 1235.0 990.5 1272.0 990.5 1273.0 989.5 1278.0 989.5 1279.0 988.5 1284.0 988.5 1285.0 987.5 1290.0 987.5 1291.0 986.5 1298.0 986.5 1299.0 985.5 1310.0 985.5 1311.0 984.5 1331.0 984.5 1332.0 983.5 1342.0 983.5 1343.0 982.5 1353.0 982.5 1354.0 981.5 1363.0 981.5 1364.0 980.5 1372.0 980.5 1373.0 979.5 1387.0 979.5 1388.0 978.5 1403.0 978.5 1404.0 977.5 1424.0 977.5 1425.0 976.5 1436.0 976.5 1437.0 975.5 1448.0 975.5 1449.0 974.5 1457.0 974.5 1458.0 973.5 1467.0 973.5 1468.0 972.5 1478.0 972.5 1479.0 971.5 1486.0 971.5 1487.0 970.5 1494.0 970.5 1495.0 969.5 1504.0 969.5 1505.0 968.5 1521.0 968.5 1522.0 967.5 1538.0 967.5 1539.0 966.5 1551.0 966.5 1552.0 965.5 1558.0 965.5 1559.0 964.5 1566.0 964.5 1567.0 963.5 1577.0 963.5 1578.0 962.5 1586.0 962.5 1587.0 961.5 1594.0 961.5 1595.0 960.5 1602.0 960.5 1603.0 959.5 1610.0 959.5 1611.0 958.5 1635.0 958.5 1636.0 957.5 1644.0 957.5 1645.0 956.5 1665.0 956.5 1666.0 955.5 1676.0 955.5 1682.0 953.5 1688.0 953.5 1689.0 952.5 1698.0 952.5 1699.0 951.5 1708.0 951.5 1709.0 950.5 1719.0 950.5 1720.0 949.5 1729.0 949.5 1730.0 948.5 1744.0 948.5 1745.0 947.5 1764.0 947.5 1765.0 946.5 1777.0 946.5 1778.0 945.5 1787.0 945.5 1788.0 944.5 1799.0 944.5 1800.0 943.5 1810.0 943.5 1811.0 942.5 1822.0 942.5 1823.0 941.5 1830.0 941.5 1831.0 940.5 1842.0 940.5 1843.0 939.5 1855.0 939.5 1856.0 938.5 1863.0 938.5 1864.0 937.5 1873.0 937.5 1874.0 936.5 1883.0 936.5 1884.0 935.5 1894.0 935.5 1895.0 934.5 1910.0 934.5 1911.0 933.5 1918.0 933.5 1919.0 932.5 1925.0 932.5 1926.0 931.5 1936.0 931.5 1937.0 930.5 1950.0 930.5 1951.0 929.5 1968.0 929.5 1969.0 928.5 1981.0 928.5 1982.0 927.5 1991.0 927.5 1992.0 928.5 1998.0 928.5 2004.0 930.5 2011.5 938.0 2013.5 944.0 2016.5 950.0 2016.5 959.0 2017.5 960.0 2017.5 975.0 2018.5 976.0 2018.5 1003.0 2019.5 1004.0 2019.5 1029.0 2020.5 1030.0 2020.5 1048.0 2021.5 1049.0 2021.5 1068.0 2022.5 1069.0 2022.5 1090.0 2023.5 1091.0 2023.5 1104.0 2024.5 1105.0 2024.5 1125.0 2025.5 1126.0 2025.5 1136.0 2026.5 1137.0 2026.5 1145.0 2027.5 1146.0 2027.5 1156.0 2028.5 1157.0 2028.5 1164.0 2029.5 1165.0 2030.5 1172.0 2032.5 1177.0 2032.5 1180.0 2034.5 1185.0 2034.5 1190.0 2035.5 1191.0 2035.5 1196.0 2036.5 1197.0 2036.5 1202.0 2037.5 1203.0 2037.5 1208.0 2038.5 1209.0 2038.5 1215.0 2039.5 1216.0 2039.5 1223.0 2040.5 1224.0 2040.5 1233.0 2041.5 1234.0 2041.5 1241.0 2042.5 1242.0 2042.5 1247.0 2043.5 1248.0 2043.5 1256.0 2044.5 1257.0 2044.5 1268.0 2045.5 1269.0 2045.5 1276.0 2046.5 1277.0 2046.5 1283.0 2047.5 1284.0 2047.5 1291.0 2048.5 1292.0 2048.5 1298.0 2049.5 1299.0 2049.5 1306.0 2050.5 1307.0 2050.5 1317.0 2051.5 1318.0 2051.5 1329.0 2052.5 1330.0 2052.5 1342.0 2053.5 1343.0 2053.5 1348.0 2054.5 1349.0 2054.5 1354.0 2055.5 1355.0 2055.5 1360.0 2056.5 1361.0 2057.5 1370.0 2061.5 1380.0 2064.5 1391.0 2064.5 1399.0 2065.5 1400.0 2065.5 1423.0 2066.5 1424.0 2066.5 1439.0 2067.5 1440.0 2067.5 1470.0 2068.5 1471.0 2068.5 1496.0 2069.5 1497.0 2069.5 1502.0 2070.5 1503.0 2070.5 1515.0 2071.5 1516.0 2071.5 1529.0 2072.5 1530.0 2072.5 1539.0 2073.5 1540.0 2073.5 1553.0 2074.5 1554.0 2074.5 1600.0 2075.5 1601.0 2075.5 1612.0 2076.5 1613.0 2076.5 1619.0 2077.5 1620.0 2077.5 1628.0 2078.5 1629.0 2078.5 1674.0 2081.5 1680.0 2083.5 1686.0 2083.5 1702.0 2082.5 1703.0 2082.5 1722.0 2081.5 1723.0 2081.5 1733.0 2086.5 1747.0 2086.5 1763.0 2087.5 1764.0 2087.5 1782.0 2086.5 1783.0 2086.5 1797.0 2089.5 1805.0 2089.5 1822.0 2087.5 1828.0 2087.5 1832.0 2085.5 1838.0 2077.0 1846.5 2070.0 1850.5 2068.0 1850.5 2060.0 1853.5 2055.0 1853.5 2049.0 1855.5 2037.0 1855.5 2036.0 1856.5 2025.0 1856.5 2024.0 1857.5 2010.0 1857.5 2009.0 1858.5 1956.0 1858.5 1955.0 1859.5 1927.0 1859.5 1926.0 1860.5 1893.0 1860.5 1892.0 1861.5 1865.0 1861.5 1864.0 1862.5 1825.0 1862.5 1824.0 1863.5 1788.0 1863.5 1787.0 1864.5 1745.0 1864.5 1744.0 1865.5 1704.0 1865.5 1703.0 1866.5 1669.0 1866.5 1668.0 1867.5 1638.0 1867.5 1637.0 1868.5 1621.0 1868.5 1620.0 1869.5 1608.0 1869.5 1607.0 1870.5 1586.0 1870.5 1585.0 1871.5 1566.0 1871.5 1565.0 1872.5 1555.0 1872.5 1554.0 1873.5 1524.0 1873.5 1523.0 1874.5 1505.0 1874.5 1504.0 1875.5 1485.0 1875.5 1484.0 1876.5 1454.0 1876.5 1453.0 1877.5 1429.0 1877.5 1428.0 1878.5 1395.0 1878.5 1394.0 1879.5 1368.0 1879.5 1367.0 1880.5 1339.0 1880.5 1338.0 1881.5 1328.0 1881.5 1327.0 1882.5 1310.0 1882.5 1309.0 1883.5 1301.0 1883.5 1300.0 1884.5 1270.0 1884.5 1269.0 1885.5 1247.0 1885.5 1246.0 1886.5 1220.0 1886.5 1219.0 1887.5 1205.0 1887.5 1204.0 1888.5 1190.0 1888.5 1189.0 1889.5 1182.0 1889.5 1181.0 1890.5 1156.0 1890.5 1155.0 1891.5 1135.0 1891.5 1134.0 1892.5
 10ML_sorting_tube_rack 1145.5 1739.0 1151.5 1733.0 1153.5 1730.0 1154.5 1725.0 1157.5 1719.0 1159.5 1717.0 1161.5 1712.0 1162.5 1707.0 1164.5 1704.0 1164.5 1701.0 1166.5 1697.0 1168.5 1688.0 1171.5 1683.0 1179.5 1675.0 1183.5 1665.0 1187.0 1660.5 1190.5 1658.0 1193.5 1651.0 1194.5 1643.0 1200.5 1628.0 1205.5 1620.0 1207.5 1615.0 1210.5 1610.0 1210.5 1608.0 1215.5 1598.0 1212.0 1594.5 1206.0 1593.5 1205.0 1592.5 1190.0 1592.5 1185.0 1594.5 1180.0 1594.5 1179.0 1595.5 1148.0 1595.5 1147.0 1596.5 1140.0 1596.5 1139.0 1597.5 1131.0 1597.5 1130.0 1598.5 1120.0 1598.5 1119.0 1599.5 1100.0 1599.5 1095.0 1600.5 1090.0 1602.5 1086.0 1602.5 1074.0 1605.5 1070.5 1610.0 1070.5 1614.0 1072.5 1616.0 1074.5 1621.0 1081.5 1634.0 1081.5 1637.0 1083.5 1642.0 1084.5 1650.0 1086.5 1654.0 1088.5 1665.0 1091.5 1669.0 1095.0 1671.5 1101.5 1678.0 1103.5 1681.0 1106.5 1688.0 1108.5 1690.0 1113.5 1703.0 1118.5 1712.0 1123.5 1717.0 1126.5 1724.0 1127.5 1731.0 1129.5 1735.0 1134.0 1739.5 1145.0 1739.5 1145.5 1739.0
 5ML_sorting_tube_rack 0.0 1175.5 6.0 1175.5 8.0 1176.5 15.5 1184.0 20.5 1192.0 25.5 1197.0 25.5 1198.0 31.5 1204.0 35.5 1210.0 40.5 1215.0 40.5 1216.0 50.5 1226.0 50.5 1227.0 55.5 1232.0 61.5 1243.0 64.5 1247.0 69.5 1252.0 72.5 1257.0 76.5 1262.0 82.5 1268.0 82.5 1269.0 87.5 1274.0 87.5 1275.0 92.5 1280.0 94.5 1284.0 97.5 1287.0 100.5 1292.0 105.5 1297.0 107.5 1301.0 117.5 1313.0 126.5 1326.0 131.5 1331.0 134.5 1336.0 137.5 1339.0 141.5 1346.0 145.5 1351.0 150.5 1356.0 154.5 1362.0 155.5 1365.0 158.5 1369.0 159.5 1373.0 157.5 1379.0 154.5 1385.0 148.0 1391.5 147.0 1391.5 138.0 1400.5 137.0 1400.5 132.0 1405.5 127.0 1408.5 122.0 1412.5 113.0 1421.5 112.0 1421.5 106.0 1427.5 100.0 1431.5 95.0 1436.5 94.0 1436.5 89.0 1441.5 88.0 1441.5 83.0 1446.5 74.0 1452.5 66.0 1460.5 65.0 1460.5 60.0 1465.5 55.0 1468.5 46.0 1476.5 45.0 1476.5 37.0 1484.5 32.0 1487.5 18.0 1499.5 17.0 1499.5 7.0 1509.5 5.0 1510.5 0.0 1510.5
 tube_rack_storage_cabinet 0.0 446.5 6.0 446.5 8.0 447.5 15.5 455.0 15.5 456.0 28.5 469.0 34.5 478.0 44.5 488.0 44.5 489.0 49.5 495.0 52.5 502.0 57.5 509.0 58.5 513.0 60.5 516.0 66.5 529.0 71.0 533.5 76.0 536.5 86.5 547.0 88.5 550.0 94.5 563.0 102.0 570.5 106.0 572.5 111.5 578.0 114.5 584.0 114.5 586.0 118.5 594.0 118.5 599.0 119.5 600.0 119.5 605.0 124.5 614.0 126.5 621.0 129.0 625.5 130.0 625.5 133.5 630.0 139.5 636.0 144.5 644.0 148.5 649.0 158.5 659.0 158.5 660.0 169.0 668.5 173.5 674.0 179.5 686.0 181.5 692.0 181.5 695.0 184.5 701.0 185.5 706.0 188.5 712.0 192.0 714.5 196.5 719.0 200.5 725.0 203.5 731.0 207.5 735.0 210.5 740.0 214.5 744.0 220.5 753.0 220.5 754.0 225.5 759.0 226.5 762.0 230.5 769.0 237.5 780.0 239.5 786.0 243.5 791.0 245.5 798.0 247.5 801.0 248.5 805.0 253.5 811.0 257.5 820.0 259.5 822.0 263.5 830.0 271.5 838.0 275.5 846.0 280.0 851.5 281.0 851.5 285.5 856.0 289.5 864.0 292.5 867.0 293.5 871.0 297.5 879.0 301.5 885.0 302.5 890.0 304.5 894.0 314.5 904.0 322.5 916.0 326.0 918.5 334.5 927.0 335.5 931.0 337.5 934.0 338.5 938.0 345.5 948.0 352.5 959.0 353.5 962.0 357.0 965.5 360.0 966.5 363.5 971.0 365.5 976.0 366.5 982.0 368.5 987.0 371.5 990.0 374.5 997.0 383.5 1009.0 388.5 1014.0 391.5 1018.0 394.5 1027.0 398.5 1033.0 401.5 1036.0 402.5 1039.0 407.5 1045.0 412.5 1054.0 418.5 1070.0 422.5 1077.0 426.5 1081.0 429.5 1086.0 436.5 1095.0 440.5 1101.0 441.5 1104.0 444.5 1107.0 446.5 1111.0 450.5 1115.0 456.5 1124.0 459.5 1130.0 462.5 1133.0 464.5 1137.0 467.5 1140.0 471.5 1147.0 474.5 1150.0 475.5 1153.0 481.5 1161.0 483.5 1166.0 485.5 1168.0 492.5 1179.0 494.5 1184.0 502.0 1193.5 506.0 1195.5 515.0 1198.5 522.0 1198.5 523.0 1197.5 529.0 1197.5 530.0 1196.5 536.0 1196.5 537.0 1195.5 542.0 1195.5 543.0 1194.5 548.0 1194.5 559.0 1198.5 567.5 1207.0 567.5 1208.0 573.5 1215.0 573.5 1216.0 584.5 1232.0 590.5 1239.0 592.5 1244.0 596.5 1251.0 598.5 1253.0 603.5 1263.0 606.5 1268.0 606.5 1277.0 607.5 1280.0 603.5 1288.0 599.5 1293.0 589.5 1303.0 589.5 1304.0 580.0 1313.5 575.0 1316.5 552.5 1339.0 552.5 1340.0 547.0 1345.5 546.0 1345.5 514.0 1377.5 513.0 1377.5 508.0 1382.5 507.0 1382.5 502.0 1387.5 496.0 1391.5 485.5 1402.0 485.5 1403.0 479.5 1409.0 479.5 1410.0 461.5 1428.0 458.0 1432.5 457.0 1432.5 451.0 1438.5 450.0 1438.5 440.0 1448.5 439.0 1448.5 430.5 1457.0 430.5 1458.0 394.0 1494.5 393.0 1494.5 360.0 1527.5 359.0 1527.5 331.0 1555.5 330.0 1555.5 310.5 1575.0 310.5 1576.0 305.0 1581.5 304.0 1581.5 290.0 1595.5 289.0 1595.5 264.0 1620.5 263.0 1620.5 258.0 1625.5 257.0 1625.5 244.5 1638.0 244.5 1639.0 169.5 1714.0 169.5 1715.0 158.0 1726.5 157.0 1726.5 151.5 1732.0 151.5 1733.0 114.5 1770.0 114.5 1771.0 87.5 1798.0 87.5 1799.0 54.5 1832.0 50.5 1838.0 31.5 1857.0 31.5 1858.0 20.0 1869.5 19.0 1869.5 11.5 1877.0 11.5 1878.0 6.0 1883.5 0.0 1883.5
 tube_rack_storage_cabinet 0.0 1510.5 5.0 1510.5 11.0 1506.5 14.0 1503.5 20.0 1500.5 24.0 1497.5 33.0 1489.5 34.0 1489.5 39.0 1484.5 40.0 1484.5 45.0 1479.5 46.0 1479.5 57.0 1468.5 65.0 1463.5 70.5 1459.0 73.0 1455.5 77.0 1452.5 80.0 1451.5 89.0 1442.5 97.0 1436.5 102.0 1434.5 106.0 1431.5 118.5 1419.0 118.5 1418.0 129.0 1407.5 138.0 1401.5 153.5 1386.0 156.5 1380.0 159.5 1371.0 158.5 1368.0 151.5 1355.0 146.5 1350.0 144.5 1346.0 137.5 1337.0 131.5 1330.0 126.5 1322.0 121.5 1317.0 121.5 1316.0 111.5 1303.0 110.5 1300.0 102.5 1292.0 102.5 1291.0 96.5 1285.0 90.5 1276.0 87.5 1273.0 82.5 1265.0 73.5 1256.0 70.5 1250.0 63.5 1241.0 62.5 1238.0 55.5 1228.0 51.5 1223.0 39.5 1211.0 39.5 1210.0 25.5 1196.0 20.5 1188.0 16.5 1184.0 14.5 1180.0 7.0 1172.5 5.0 1171.5 0.0 1171.5
 sorting_tube_rack_base 1167.0 2028.5 1159.0 2028.5 1158.0 2027.5 1147.0 2027.5 1141.0 2025.5 1136.0 2022.5 1129.5 2016.0 1127.5 2012.0 1120.5 2003.0 1117.5 1996.0 1109.5 1985.0 1103.5 1975.0 1101.5 1970.0 1096.5 1963.0 1092.5 1955.0 1090.5 1953.0 1087.5 1947.0 1084.5 1944.0 1082.5 1939.0 1079.5 1934.0 1075.5 1929.0 1068.5 1916.0 1065.5 1909.0 1062.5 1904.0 1062.5 1902.0 1059.5 1897.0 1059.5 1882.0 1063.5 1875.0 1065.5 1868.0 1068.5 1863.0 1070.5 1858.0 1076.0 1851.5 1077.0 1851.5 1082.0 1846.5 1085.0 1844.5 1089.5 1849.0 1090.5 1852.0 1090.5 1865.0 1091.5 1866.0 1091.5 1872.0 1093.5 1880.0 1099.0 1886.5 1103.0 1889.5 1110.0 1892.5 1114.0 1893.5 1120.0 1893.5 1121.0 1894.5 1146.0 1894.5 1147.0 1893.5 1168.0 1893.5 1169.0 1892.5 1182.0 1892.5 1183.0 1891.5 1200.0 1891.5 1201.0 1890.5 1222.0 1890.5 1223.0 1889.5 1239.0 1889.5 1240.0 1888.5 1258.0 1888.5 1259.0 1887.5 1281.0 1887.5 1282.0 1886.5 1302.0 1886.5 1303.0 1885.5 1325.0 1885.5 1326.0 1884.5 1347.0 1884.5 1348.0 1883.5 1368.0 1883.5 1369.0 1882.5 1394.0 1882.5 1395.0 1881.5 1420.0 1881.5 1421.0 1880.5 1438.0 1880.5 1439.0 1879.5 1459.0 1879.5 1460.0 1878.5 1481.0 1878.5 1482.0 1877.5 1505.0 1877.5 1506.0 1876.5 1521.0 1876.5 1522.0 1875.5 1540.0 1875.5 1541.0 1874.5 1564.0 1874.5 1565.0 1873.5 1586.0 1873.5 1587.0 1872.5 1605.0 1872.5 1606.0 1871.5 1629.0 1871.5 1630.0 1870.5 1647.0 1870.5 1648.0 1869.5 1671.0 1869.5 1672.0 1868.5 1702.0 1868.5 1703.0 1867.5 1736.0 1867.5 1737.0 1866.5 1759.0 1866.5 1760.0 1865.5 1786.0 1865.5 1787.0 1864.5 1815.0 1864.5 1816.0 1863.5 1840.0 1863.5 1841.0 1862.5 1865.0 1862.5 1866.0 1861.5 1889.0 1861.5 1890.0 1860.5 1920.0 1860.5 1921.0 1859.5 1947.0 1859.5 1948.0 1858.5 1979.0 1858.5 1980.0 1857.5 2008.0 1857.5 2009.0 1856.5 2043.0 1856.5 2044.0 1855.5 2060.0 1855.5 2061.0 1854.5 2067.0 1854.5 2072.0 1853.5 2078.0 1850.5 2090.5 1838.0 2092.5 1835.0 2093.5 1828.0 2094.5 1827.0 2094.5 1794.0 2095.5 1793.0 2095.5 1776.0 2096.5 1775.0 2096.5 1753.0 2095.5 1752.0 2095.5 1738.0 2094.5 1737.0 2094.5 1714.0 2093.5 1713.0 2093.5 1701.0 2092.5 1700.0 2092.5 1692.0 2091.5 1691.0 2091.5 1683.0 2090.5 1682.0 2090.5 1676.0 2089.5 1675.0 2089.5 1643.0 2088.5 1642.0 2088.5 1625.0 2087.5 1624.0 2087.5 1616.0 2086.5 1615.0 2086.5 1598.0 2085.5 1597.0 2085.5 1564.0 2084.5 1563.0 2084.5 1540.0 2083.5 1539.0 2083.5 1502.0 2082.5 1501.0 2082.5 1482.0 2081.5 1481.0 2081.5 1452.0 2080.5 1451.0 2080.5 1432.0 2079.5 1431.0 2079.5 1422.0 2078.5 1421.0 2078.5 1414.0 2077.5 1413.0 2077.5 1407.0 2076.5 1406.0 2076.5 1401.0 2075.5 1400.0 2075.5 1395.0 2074.5 1390.0 2070.5 1379.0 2070.5 1376.0 2066.5 1368.0 2064.5 1366.0 2060.5 1357.0 2060.5 1347.0 2059.5 1344.0 2064.0 1339.5 2065.0 1340.5 2076.0 1340.5 2079.0 1341.5 2088.0 1346.5 2090.0 1346.5 2096.0 1350.5 2100.5 1356.0 2102.5 1361.0 2102.5 1366.0 2104.5 1372.0 2104.5 1378.0 2105.5 1379.0 2105.5 1396.0 2106.5 1397.0 2106.5 1427.0 2107.5 1428.0 2107.5 1440.0 2108.5 1441.0 2108.5 1452.0 2109.5 1453.0 2109.5 1472.0 2110.5 1473.0 2110.5 1492.0 2111.5 1493.0 2111.5 1505.0 2112.5 1506.0 2112.5 1525.0 2113.5 1526.0 2113.5 1543.0 2114.5 1544.0 2114.5 1568.0 2115.5 1569.0 2115.5 1580.0 2116.5 1581.0 2116.5 1595.0 2117.5 1596.0 2117.5 1613.0 2118.5 1614.0 2118.5 1639.0 2119.5 1640.0 2119.5 1659.0 2120.5 1660.0 2120.5 1687.0 2121.5 1688.0 2121.5 1706.0 2122.5 1707.0 2122.5 1721.0 2123.5 1722.0 2123.5 1739.0 2124.5 1740.0 2124.5 1758.0 2125.5 1759.0 2125.5 1772.0 2126.5 1773.0 2126.5 1785.0 2127.5 1786.0 2127.5 1799.0 2128.5 1800.0 2128.5 1814.0 2129.5 1815.0 2129.5 1828.0 2130.5 1829.0 2130.5 1842.0 2131.5 1843.0 2131.5 1856.0 2132.5 1857.0 2132.5 1871.0 2133.5 1872.0 2133.5 1886.0 2134.5 1887.0 2134.5 1898.0 2135.5 1899.0 2135.5 1914.0 2136.5 1915.0 2136.5 1949.0 2135.5 1950.0 2135.5 1955.0 2134.5 1958.0 2130.5 1965.0 2114.0 1981.5 2113.0 1981.5 2108.0 1986.5 2100.0 1992.5 2093.0 1995.5 2085.0 1995.5 2084.0 1996.5 2061.0 1996.5 2060.0 1997.5 2028.0 1997.5 2027.0 1998.5 1974.0 1998.5 1973.0 1999.5 1932.0 1999.5 1931.0 2000.5 1885.0 2000.5 1884.0 2001.5 1851.0 2001.5 1850.0 2002.5 1823.0 2002.5 1822.0 2003.5 1795.0 2003.5 1794.0 2004.5 1756.0 2004.5 1755.0 2005.5 1723.0 2005.5 1722.0 2006.5 1693.0 2006.5 1692.0 2007.5 1661.0 2007.5 1660.0 2008.5 1638.0 2008.5 1637.0 2009.5 1614.0 2009.5 1613.0 2010.5 1588.0 2010.5 1587.0 2011.5 1559.0 2011.5 1558.0 2012.5 1529.0 2012.5 1528.0 2013.5 1493.0 2013.5 1492.0 2014.5 1465.0 2014.5 1464.0 2015.5 1440.0 2015.5 1439.0 2016.5 1415.0 2016.5 1414.0 2017.5 1395.0 2017.5 1394.0 2018.5 1368.0 2018.5 1367.0 2019.5 1348.0 2019.5 1347.0 2020.5 1323.0 2020.5 1322.0 2021.5 1300.0 2021.5 1299.0 2022.5 1286.0 2022.5 1285.0 2023.5 1265.0 2023.5 1264.0 2024.5 1239.0 2024.5 1238.0 2025.5 1218.0 2025.5 1217.0 2026.5 1193.0 2026.5 1192.0 2027.5 1168.0 2027.5 1167.0 2028.5
