 5ML_sorting_tube_rack 0.0 675.5 7.0 675.5 11.0 677.5 14.0 680.5 21.0 684.5 29.0 691.5 30.0 691.5 37.0 697.5 38.0 697.5 45.0 703.5 55.0 709.5 62.0 715.5 68.0 718.5 73.0 723.5 74.0 723.5 79.0 728.5 86.0 732.5 94.0 738.5 97.0 739.5 103.0 743.5 106.0 746.5 113.0 750.5 126.0 760.5 129.0 761.5 137.0 767.5 144.0 771.5 152.0 777.5 155.0 778.5 161.0 782.5 164.0 785.5 168.0 787.5 173.0 791.5 178.0 794.5 181.0 797.5 186.0 800.5 191.5 806.0 194.5 813.0 194.5 818.0 187.5 833.0 181.5 843.0 179.5 848.0 177.5 850.0 172.5 861.0 169.5 866.0 163.5 874.0 161.5 879.0 154.5 890.0 152.5 896.0 145.5 908.0 140.5 914.0 136.5 921.0 135.5 924.0 131.5 929.0 128.5 934.0 126.5 939.0 122.5 944.0 121.5 947.0 116.5 956.0 116.5 958.0 113.5 962.0 111.5 967.0 105.5 976.0 103.5 981.0 100.5 986.0 96.5 991.0 86.5 1009.0 84.5 1014.0 81.5 1019.0 77.5 1024.0 76.5 1027.0 71.5 1035.0 66.5 1046.0 61.5 1053.0 58.5 1060.0 56.5 1062.0 54.5 1067.0 52.5 1069.0 49.5 1075.0 43.5 1083.0 34.0 1092.5 28.0 1096.5 20.0 1099.5 12.0 1099.5 11.0 1100.5 0.0 1100.5
 5ML_sorting_tube_rack 0.0 790.5 9.0 790.5 10.0 789.5 15.0 789.5 20.0 787.5 27.0 787.5 28.0 786.5 35.0 786.5 36.0 785.5 41.0 785.5 47.0 783.5 52.0 783.5 57.0 782.5 64.0 779.5 68.5 774.0 65.0 769.5 50.0 761.5 39.0 756.5 33.0 751.5 32.0 751.5 27.0 746.5 23.0 743.5 17.0 741.5 12.0 738.5 6.0 732.5 0.0 732.5
 tube_rack_storage_cabinet 0.0 344.5 6.0 344.5 11.0 347.5 15.0 351.5 24.0 357.5 30.5 364.0 30.5 365.0 36.0 370.5 46.0 376.5 51.0 381.5 60.0 387.5 64.5 392.0 64.5 393.0 70.0 398.5 71.0 398.5 84.0 408.5 85.0 408.5 103.0 426.5 116.0 436.5 117.0 436.5 122.0 441.5 126.0 444.5 133.0 448.5 145.0 460.5 150.0 463.5 153.5 468.0 161.0 474.5 164.0 475.5 178.0 489.5 183.0 492.5 197.0 504.5 204.0 508.5 212.0 516.5 217.0 520.5 223.0 523.5 228.0 527.5 235.0 534.5 246.0 542.5 252.0 548.5 253.0 548.5 262.0 555.5 266.0 557.5 272.0 563.5 276.0 566.5 279.0 567.5 286.0 573.5 287.0 573.5 293.0 579.5 297.0 581.5 300.0 584.5 306.0 587.5 312.0 593.5 313.0 593.5 320.0 600.5 326.0 604.5 331.0 609.5 339.0 614.5 344.0 618.5 351.0 625.5 355.0 627.5 358.0 630.5 369.0 637.5 374.0 638.5 389.0 638.5 390.0 637.5 395.0 637.5 396.0 636.5 410.0 636.5 414.0 637.5 420.0 641.5 427.0 647.5 428.0 647.5 433.0 652.5 434.0 652.5 439.0 657.5 440.0 657.5 445.0 662.5 446.0 662.5 451.0 667.5 458.0 671.5 463.0 675.5 477.5 690.0 480.5 695.0 480.5 706.0 479.5 707.0 479.5 712.0 476.5 717.0 476.5 719.0 473.5 724.0 473.5 726.0 467.5 738.0 464.5 745.0 460.5 750.0 458.5 755.0 453.5 764.0 453.5 766.0 450.5 771.0 446.5 782.0 442.5 789.0 440.5 794.0 435.5 801.0 433.5 806.0 425.5 818.0 421.5 826.0 421.5 828.0 415.5 839.0 415.5 841.0 409.5 852.0 407.5 859.0 400.5 871.0 398.5 873.0 396.5 878.0 392.5 885.0 390.5 892.0 386.5 899.0 383.5 907.0 379.5 913.0 374.5 924.0 370.5 929.0 369.5 932.0 365.5 937.0 363.5 942.0 359.5 948.0 355.5 960.0 351.5 967.0 348.5 974.0 346.5 977.0 345.5 981.0 339.5 989.0 338.5 992.0 333.5 1000.0 330.5 1008.0 327.5 1013.0 327.5 1015.0 324.5 1020.0 322.5 1026.0 318.5 1032.0 312.5 1045.0 306.5 1053.0 305.5 1056.0 297.5 1070.0 295.5 1076.0 293.5 1079.0 291.5 1085.0 288.5 1091.0 284.5 1097.0 283.5 1101.0 280.5 1106.0 276.5 1111.0 275.5 1115.0 271.5 1123.0 266.5 1130.0 266.5 1132.0 262.5 1142.0 253.5 1159.0 251.5 1164.0 247.5 1169.0 243.5 1177.0 241.5 1179.0 239.5 1184.0 236.5 1188.0 236.5 1190.0 229.5 1203.0 229.5 1205.0 226.5 1211.0 216.5 1228.0 213.5 1235.0 209.5 1242.0 207.5 1247.0 204.5 1251.0 202.5 1258.0 195.5 1273.0 193.5 1275.0 189.5 1284.0 185.5 1290.0 182.5 1293.0 180.5 1298.0 177.5 1303.0 173.5 1313.0 168.5 1322.0 168.5 1324.0 165.5 1329.0 160.5 1340.0 150.5 1357.0 141.5 1377.0 139.5 1380.0 138.5 1385.0 134.5 1393.0 132.5 1395.0 129.5 1402.0 123.5 1410.0 123.5 1411.0 117.5 1421.0 117.5 1423.0 114.5 1428.0 114.5 1430.0 107.5 1443.0 107.5 1445.0 97.5 1465.0 92.5 1472.0 91.5 1476.0 83.5 1492.0 81.5 1494.0 80.5 1499.0 77.5 1504.0 77.5 1506.0 74.5 1511.0 71.5 1518.0 69.5 1520.0 66.5 1527.0 64.5 1529.0 59.5 1542.0 58.5 1543.0 54.5 1554.0 52.5 1556.0 50.5 1561.0 42.5 1577.0 39.5 1584.0 36.5 1589.0 33.5 1597.0 24.5 1614.0 24.5 1616.0 21.5 1621.0 21.5 1623.0 17.5 1630.0 16.5 1633.0 12.5 1640.0 8.5 1649.0 5.0 1654.5 0.0 1654.5
 tube_rack_storage_cabinet 0.0 1095.5 8.0 1095.5 16.0 1092.5 21.0 1092.5 31.0 1088.5 34.0 1088.5 39.0 1085.5 41.5 1082.0 45.0 1079.5 51.5 1073.0 53.5 1070.0 54.5 1065.0 61.5 1052.0 66.5 1045.0 69.5 1039.0 69.5 1036.0 72.5 1030.0 81.5 1021.0 83.5 1018.0 85.5 1012.0 91.5 999.0 97.5 991.0 103.5 982.0 104.5 978.0 108.5 970.0 114.5 962.0 120.5 948.0 125.5 941.0 129.5 933.0 129.5 931.0 132.5 925.0 136.5 920.0 137.5 917.0 141.5 913.0 145.5 905.0 150.5 898.0 151.5 895.0 155.5 890.0 156.5 887.0 160.5 882.0 162.5 877.0 167.5 868.0 171.5 864.0 175.5 854.0 179.5 848.0 188.5 829.0 189.5 822.0 191.5 817.0 189.5 809.0 187.5 804.0 171.0 787.5 162.0 783.5 148.0 773.5 133.0 766.5 125.0 758.5 122.0 757.5 117.0 753.5 113.0 751.5 110.0 748.5 107.0 747.5 99.0 740.5 92.0 737.5 80.0 727.5 74.0 724.5 67.0 718.5 62.0 716.5 57.0 712.5 52.0 707.5 47.0 704.5 37.0 694.5 31.0 691.5 22.0 683.5 16.0 679.5 13.0 678.5 9.0 674.5 5.0 672.5 0.0 672.5
 10ML_sorting_tube_rack 944.0 1113.5 933.0 1113.5 924.0 1111.5 920.0 1109.5 913.5 1103.0 910.5 1099.0 909.5 1096.0 906.5 1093.0 903.5 1087.0 896.0 1079.5 895.0 1079.5 881.0 1065.5 877.0 1063.5 867.0 1053.5 863.0 1050.5 860.0 1049.5 857.0 1046.5 847.0 1040.5 839.0 1032.5 838.0 1032.5 832.0 1026.5 831.0 1026.5 824.0 1019.5 816.0 1014.5 807.0 1005.5 802.0 1002.5 793.5 994.0 793.5 993.0 787.0 987.5 786.0 987.5 778.0 980.5 774.0 978.5 769.0 973.5 765.0 970.5 759.0 968.5 752.0 964.5 748.0 961.5 741.0 954.5 733.0 949.5 723.0 939.5 717.0 935.5 711.0 932.5 705.0 926.5 704.0 926.5 699.0 921.5 693.0 917.5 689.0 913.5 681.0 908.5 669.0 896.5 661.0 891.5 656.5 887.0 653.5 881.0 652.5 876.0 653.5 873.0 653.5 864.0 654.5 859.0 659.5 848.0 659.5 846.0 663.5 835.0 669.5 824.0 671.5 815.0 676.5 805.0 678.5 802.0 679.5 797.0 682.5 792.0 682.5 790.0 686.5 782.0 688.5 774.0 691.5 769.0 695.5 760.0 701.5 748.0 703.5 740.0 705.5 737.0 706.5 732.0 708.5 729.0 709.5 723.0 714.5 714.0 716.5 704.0 718.5 701.0 720.5 694.0 724.5 686.0 730.5 672.0 730.5 670.0 737.5 657.0 739.5 649.0 743.5 641.0 743.5 638.0 746.5 633.0 748.5 626.0 752.5 618.0 754.5 611.0 757.5 606.0 758.5 601.0 761.5 596.0 763.5 589.0 768.5 574.0 770.5 570.0 780.0 557.5 789.0 552.5 796.0 551.5 802.0 549.5 808.0 549.5 809.0 548.5 816.0 548.5 817.0 547.5 825.0 547.5 826.0 546.5 831.0 546.5 832.0 545.5 837.0 545.5 838.0 544.5 846.0 544.5 847.0 543.5 855.0 543.5 856.0 542.5 863.0 542.5 864.0 541.5 873.0 541.5 874.0 540.5 881.0 540.5 882.0 539.5 888.0 539.5 889.0 538.5 897.0 538.5 898.0 537.5 906.0 537.5 907.0 536.5 915.0 536.5 916.0 535.5 922.0 535.5 927.0 533.5 932.0 533.5 933.0 532.5 939.0 532.5 940.0 531.5 946.0 531.5 947.0 530.5 953.0 530.5 954.0 529.5 962.0 529.5 963.0 528.5 971.0 528.5 972.0 527.5 980.0 527.5 981.0 526.5 987.0 526.5 988.0 525.5 993.0 525.5 994.0 524.5 1000.0 524.5 1001.0 523.5 1007.0 523.5 1008.0 522.5 1014.0 522.5 1015.0 521.5 1022.0 521.5 1023.0 520.5 1029.0 520.5 1030.0 519.5 1035.0 519.5 1036.0 518.5 1044.0 518.5 1045.0 517.5 1051.0 517.5 1052.0 516.5 1057.0 516.5 1058.0 515.5 1063.0 515.5 1064.0 514.5 1071.0 514.5 1072.0 513.5 1080.0 513.5 1081.0 512.5 1088.0 512.5 1089.0 511.5 1094.0 511.5 1100.0 509.5 1112.0 509.5 1113.0 508.5 1126.0 508.5 1127.0 507.5 1135.0 507.5 1136.0 506.5 1141.0 506.5 1142.0 505.5 1148.0 505.5 1154.0 503.5 1160.0 503.5 1161.0 502.5 1166.0 502.5 1172.0 500.5 1177.0 500.5 1178.0 499.5 1183.0 499.5 1184.0 498.5 1189.0 498.5 1190.0 497.5 1196.0 497.5 1197.0 496.5 1203.0 496.5 1204.0 495.5 1210.0 495.5 1211.0 494.5 1218.0 494.5 1219.0 493.5 1227.0 493.5 1228.0 492.5 1234.0 492.5 1235.0 491.5 1251.0 491.5 1264.0 487.5 1271.0 487.5 1272.0 486.5 1280.0 486.5 1281.0 485.5 1289.0 485.5 1290.0 484.5 1298.0 484.5 1299.0 483.5 1309.0 481.5 1314.0 481.5 1315.0 480.5 1330.0 480.5 1331.0 479.5 1340.0 479.5 1341.0 480.5 1346.0 480.5 1355.0 484.5 1357.5 487.0 1361.5 494.0 1361.5 496.0 1365.5 504.0 1368.5 515.0 1372.5 523.0 1374.5 525.0 1379.5 535.0 1379.5 537.0 1382.5 542.0 1385.5 545.0 1387.5 549.0 1390.5 552.0 1391.5 555.0 1397.5 564.0 1400.5 570.0 1405.5 575.0 1410.5 584.0 1416.5 591.0 1418.5 596.0 1419.5 601.0 1426.5 616.0 1434.5 628.0 1434.5 630.0 1440.5 640.0 1445.5 645.0 1449.5 651.0 1451.5 657.0 1459.5 670.0 1464.5 679.0 1464.5 681.0 1468.5 689.0 1473.5 695.0 1476.5 700.0 1476.5 702.0 1483.5 715.0 1485.5 721.0 1489.5 727.0 1493.0 729.5 1497.5 734.0 1500.5 739.0 1502.5 745.0 1504.5 748.0 1512.5 756.0 1513.5 759.0 1513.5 778.0 1512.5 779.0 1512.5 790.0 1511.5 791.0 1511.5 797.0 1510.5 798.0 1510.5 803.0 1509.5 804.0 1509.5 810.0 1508.5 811.0 1508.5 817.0 1507.5 818.0 1507.5 825.0 1506.5 826.0 1506.5 833.0 1505.5 834.0 1505.5 840.0 1504.5 841.0 1504.5 851.0 1503.5 852.0 1503.5 862.0 1502.5 863.0 1502.5 871.0 1501.5 872.0 1501.5 880.0 1500.5 881.0 1500.5 890.0 1499.5 891.0 1499.5 899.0 1498.5 900.0 1498.5 909.0 1497.5 910.0 1497.5 920.0 1496.5 921.0 1496.5 928.0 1495.5 929.0 1495.5 934.0 1494.5 935.0 1494.5 941.0 1493.5 942.0 1493.5 948.0 1492.5 949.0 1492.5 956.0 1491.5 957.0 1491.5 966.0 1490.5 967.0 1490.5 975.0 1489.5 976.0 1489.5 990.0 1488.5 991.0 1488.5 1001.0 1486.5 1007.0 1486.5 1012.0 1485.5 1013.0 1485.5 1018.0 1484.5 1019.0 1484.5 1025.0 1483.5 1026.0 1483.5 1033.0 1482.5 1034.0 1482.5 1040.0 1481.5 1044.0 1477.5 1051.0 1473.0 1055.5 1467.0 1059.5 1460.0 1061.5 1453.0 1061.5 1452.0 1062.5 1444.0 1062.5 1443.0 1063.5 1438.0 1063.5 1437.0 1064.5 1430.0 1064.5 1429.0 1065.5 1421.0 1065.5 1420.0 1066.5 1410.0 1066.5 1409.0 1067.5 1400.0 1067.5 1399.0 1068.5 1390.0 1068.5 1389.0 1069.5 1374.0 1069.5 1373.0 1070.5 1364.0 1070.5 1363.0 1071.5 1356.0 1071.5 1355.0 1072.5 1346.0 1072.5 1345.0 1073.5 1338.0 1073.5 1337.0 1074.5 1329.0 1074.5 1328.0 1075.5 1321.0 1075.5 1320.0 1076.5 1312.0 1076.5 1311.0 1077.5 1302.0 1077.5 1301.0 1078.5 1290.0 1078.5 1289.0 1079.5 1274.0 1079.5 1273.0 1080.5 1262.0 1080.5 1261.0 1081.5 1255.0 1081.5 1254.0 1082.5 1238.0 1082.5 1237.0 1083.5 1227.0 1083.5 1226.0 1084.5 1218.0 1084.5 1217.0 1085.5 1209.0 1085.5 1208.0 1086.5 1201.0 1086.5 1200.0 1087.5 1195.0 1087.5 1194.0 1088.5 1188.0 1088.5 1187.0 1089.5 1178.0 1089.5 1177.0 1090.5 1163.0 1090.5 1162.0 1091.5 1152.0 1091.5 1151.0 1092.5 1144.0 1092.5 1143.0 1093.5 1137.0 1093.5 1136.0 1094.5 1129.0 1094.5 1128.0 1095.5 1117.0 1095.5 1116.0 1096.5 1102.0 1096.5 1101.0 1097.5 1093.0 1097.5 1092.0 1098.5 1084.0 1098.5 1083.0 1099.5 1075.0 1099.5 1074.0 1100.5 1067.0 1100.5 1066.0 1101.5 1058.0 1101.5 1057.0 1102.5 1046.0 1102.5 1045.0 1103.5 1036.0 1103.5 1035.0 1104.5 1026.0 1104.5 1025.0 1105.5 1014.0 1105.5 1013.0 1106.5 1005.0 1106.5 1004.0 1107.5 996.0 1107.5 995.0 1108.5 983.0 1108.5 982.0 1109.5 972.0 1109.5 971.0 1110.5 962.0 1110.5 961.0 1111.5 956.0 1111.5 955.0 1112.5 945.0 1112.5 944.0 1113.5
 10ML_sorting_tube_rack 1424.5 739.0 1434.0 737.5 1439.0 734.5 1442.5 731.0 1443.5 728.0 1442.5 725.0 1438.5 721.0 1437.5 718.0 1434.5 714.0 1433.5 709.0 1431.5 706.0 1430.5 698.0 1425.0 694.5 1419.5 689.0 1419.0 687.5 1414.5 689.0 1412.5 694.0 1412.5 711.0 1405.5 720.0 1402.5 726.0 1402.5 730.0 1404.5 734.0 1408.0 737.5 1413.0 739.5 1424.0 739.5 1424.5 739.0
 10ML_sorting_tube_rack 910.5 1025.0 919.0 1022.5 923.5 1018.0 927.5 1009.0 928.5 1002.0 929.5 1001.0 930.5 995.0 932.5 992.0 935.5 984.0 940.5 975.0 942.5 969.0 941.5 966.0 939.0 963.5 936.0 962.5 919.0 962.5 918.0 963.5 908.0 963.5 907.0 964.5 897.0 964.5 896.0 965.5 890.0 965.5 889.0 966.5 882.0 966.5 881.0 967.5 873.0 967.5 872.0 968.5 863.0 968.5 857.0 971.5 853.5 975.0 851.5 980.0 853.5 983.0 859.0 986.5 863.0 990.5 868.0 993.5 878.0 1003.5 885.0 1007.5 889.0 1011.5 900.0 1017.5 907.0 1024.5 910.5 1025.0
 sorting_tube_rack_base 988.0 1177.5 980.0 1177.5 971.0 1175.5 965.0 1172.5 959.0 1166.5 954.0 1162.5 949.0 1159.5 945.0 1155.5 935.0 1149.5 932.0 1146.5 924.0 1142.5 918.0 1136.5 917.0 1136.5 907.5 1127.0 907.5 1126.0 900.5 1119.0 898.5 1115.0 899.5 1111.0 899.5 1103.0 900.5 1100.0 906.0 1094.5 909.5 1098.0 913.5 1106.0 919.0 1111.5 923.0 1113.5 928.0 1114.5 944.0 1114.5 945.0 1113.5 953.0 1113.5 954.0 1112.5 967.0 1112.5 968.0 1111.5 975.0 1111.5 976.0 1110.5 986.0 1110.5 987.0 1109.5 999.0 1109.5 1000.0 1108.5 1006.0 1108.5 1007.0 1107.5 1013.0 1107.5 1014.0 1106.5 1023.0 1106.5 1024.0 1105.5 1032.0 1105.5 1033.0 1104.5 1043.0 1104.5 1044.0 1103.5 1055.0 1103.5 1056.0 1102.5 1066.0 1102.5 1067.0 1101.5 1076.0 1101.5 1077.0 1100.5 1086.0 1100.5 1087.0 1099.5 1099.0 1099.5 1100.0 1098.5 1109.0 1098.5 1110.0 1097.5 1118.0 1097.5 1119.0 1096.5 1130.0 1096.5 1131.0 1095.5 1139.0 1095.5 1140.0 1094.5 1148.0 1094.5 1149.0 1093.5 1158.0 1093.5 1159.0 1092.5 1167.0 1092.5 1168.0 1091.5 1174.0 1091.5 1175.0 1090.5 1183.0 1090.5 1184.0 1089.5 1194.0 1089.5 1195.0 1088.5 1203.0 1088.5 1204.0 1087.5 1211.0 1087.5 1212.0 1086.5 1218.0 1086.5 1219.0 1085.5 1226.0 1085.5 1227.0 1084.5 1239.0 1084.5 1240.0 1083.5 1249.0 1083.5 1250.0 1082.5 1260.0 1082.5 1261.0 1081.5 1269.0 1081.5 1270.0 1080.5 1276.0 1080.5 1277.0 1079.5 1284.0 1079.5 1285.0 1078.5 1301.0 1078.5 1302.0 1077.5 1311.0 1077.5 1312.0 1076.5 1321.0 1076.5 1322.0 1075.5 1331.0 1075.5 1332.0 1074.5 1339.0 1074.5 1340.0 1073.5 1352.0 1073.5 1353.0 1072.5 1364.0 1072.5 1365.0 1071.5 1378.0 1071.5 1379.0 1070.5 1390.0 1070.5 1391.0 1069.5 1399.0 1069.5 1400.0 1068.5 1410.0 1068.5 1411.0 1067.5 1419.0 1067.5 1420.0 1066.5 1431.0 1066.5 1432.0 1065.5 1438.0 1065.5 1439.0 1064.5 1447.0 1064.5 1448.0 1063.5 1456.0 1063.5 1457.0 1062.5 1462.0 1062.5 1471.0 1058.5 1476.5 1054.0 1480.5 1048.0 1482.5 1043.0 1483.5 1038.0 1483.5 1032.0 1484.5 1031.0 1484.5 1025.0 1485.5 1024.0 1485.5 1019.0 1486.5 1018.0 1486.5 1012.0 1487.5 1011.0 1487.5 1004.0 1488.5 1003.0 1488.5 995.0 1489.5 994.0 1489.5 984.0 1490.5 983.0 1490.5 971.0 1491.5 970.0 1491.5 962.0 1492.5 961.0 1492.5 953.0 1493.5 952.0 1493.5 943.0 1494.5 942.0 1494.5 933.0 1495.5 932.0 1495.5 923.0 1496.5 922.0 1496.5 916.0 1497.5 915.0 1497.5 910.0 1498.5 909.0 1498.5 901.0 1499.5 900.0 1499.5 892.0 1500.5 891.0 1500.5 883.0 1501.5 882.0 1501.5 874.0 1502.5 873.0 1502.5 866.0 1503.5 865.0 1503.5 858.0 1504.5 857.0 1504.5 851.0 1505.5 850.0 1505.5 843.0 1506.5 842.0 1506.5 833.0 1507.5 832.0 1507.5 821.0 1508.5 820.0 1508.5 814.0 1509.5 813.0 1509.5 807.0 1510.5 806.0 1510.5 800.0 1511.5 799.0 1511.5 793.0 1512.5 792.0 1512.5 786.0 1513.5 785.0 1513.5 760.0 1512.5 759.0 1511.5 753.0 1508.5 748.0 1505.5 745.0 1503.5 740.0 1504.5 737.0 1504.5 730.0 1509.0 728.5 1512.0 730.5 1521.0 731.5 1524.0 733.5 1531.5 741.0 1535.5 748.0 1537.5 754.0 1539.5 756.0 1546.5 767.0 1550.5 775.0 1551.5 780.0 1553.5 783.0 1556.5 791.0 1562.5 802.0 1562.5 823.0 1561.5 824.0 1561.5 835.0 1560.5 836.0 1560.5 846.0 1559.5 847.0 1559.5 853.0 1558.5 854.0 1558.5 861.0 1557.5 862.0 1557.5 876.0 1556.5 877.0 1556.5 884.0 1555.5 885.0 1555.5 892.0 1554.5 893.0 1554.5 903.0 1553.5 904.0 1553.5 910.0 1552.5 911.0 1552.5 917.0 1551.5 918.0 1551.5 929.0 1550.5 930.0 1550.5 943.0 1549.5 944.0 1549.5 955.0 1548.5 956.0 1548.5 962.0 1547.5 963.0 1547.5 969.0 1546.5 970.0 1546.5 981.0 1545.5 982.0 1545.5 991.0 1544.5 992.0 1544.5 1001.0 1543.5 1002.0 1543.5 1012.0 1542.5 1013.0 1542.5 1021.0 1541.5 1022.0 1541.5 1030.0 1540.5 1031.0 1540.5 1041.0 1539.5 1042.0 1539.5 1053.0 1538.5 1054.0 1538.5 1064.0 1537.5 1065.0 1537.5 1073.0 1536.5 1074.0 1536.5 1082.0 1535.5 1083.0 1535.5 1090.0 1534.5 1091.0 1534.5 1096.0 1533.5 1101.0 1530.5 1108.0 1528.5 1111.0 1522.0 1117.5 1511.0 1125.5 1502.0 1128.5 1492.0 1128.5 1491.0 1129.5 1483.0 1129.5 1482.0 1130.5 1472.0 1130.5 1471.0 1131.5 1461.0 1131.5 1460.0 1132.5 1448.0 1132.5 1447.0 1133.5 1440.0 1133.5 1439.0 1134.5 1430.0 1134.5 1429.0 1135.5 1422.0 1135.5 1421.0 1136.5 1412.0 1136.5 1411.0 1137.5 1400.0 1137.5 1399.0 1138.5 1387.0 1138.5 1386.0 1139.5 1379.0 1139.5 1378.0 1140.5 1371.0 1140.5 1370.0 1141.5 1359.0 1141.5 1358.0 1142.5 1352.0 1142.5 1351.0 1143.5 1346.0 1143.5 1345.0 1144.5 1338.0 1144.5 1337.0 1145.5 1323.0 1145.5 1322.0 1146.5 1316.0 1146.5 1315.0 1147.5 1304.0 1147.5 1303.0 1148.5 1294.0 1148.5 1293.0 1149.5 1284.0 1149.5 1283.0 1150.5 1274.0 1150.5 1273.0 1151.5 1265.0 1151.5 1264.0 1152.5 1257.0 1152.5 1256.0 1153.5 1247.0 1153.5 1246.0 1154.5 1236.0 1154.5 1235.0 1155.5 1225.0 1155.5 1224.0 1156.5 1215.0 1156.5 1214.0 1157.5 1205.0 1157.5 1204.0 1158.5 1194.0 1158.5 1193.0 1159.5 1180.0 1159.5 1179.0 1160.5 1163.0 1160.5 1162.0 1161.5 1152.0 1161.5 1151.0 1162.5 1142.0 1162.5 1141.0 1163.5 1132.0 1163.5 1131.0 1164.5 1121.0 1164.5 1120.0 1165.5 1109.0 1165.5 1108.0 1166.5 1100.0 1166.5 1099.0 1167.5 1092.0 1167.5 1091.0 1168.5 1085.0 1168.5 1084.0 1169.5 1072.0 1169.5 1071.0 1170.5 1060.0 1170.5 1059.0 1171.5 1052.0 1171.5 1051.0 1172.5 1045.0 1172.5 1044.0 1173.5 1036.0 1173.5 1035.0 1174.5 1026.0 1174.5 1025.0 1175.5 1012.0 1175.5 1011.0 1176.5 989.0 1176.5 988.0 1177.5
 sorting_tube_rack_base 793.0 1856.5 771.0 1856.5 770.0 1855.5 765.0 1855.5 764.0 1854.5 758.0 1854.5 754.0 1852.5 746.0 1850.5 741.0 1850.5 740.0 1849.5 733.0 1849.5 732.0 1848.5 725.0 1848.5 724.0 1847.5 713.0 1845.5 708.0 1843.5 699.0 1842.5 692.0 1840.5 687.0 1837.5 681.0 1835.5 672.5 1827.0 670.5 1824.0 668.5 1818.0 668.5 1813.0 667.5 1812.0 667.5 1799.0 668.5 1794.0 672.5 1783.0 674.5 1780.0 674.5 1777.0 676.5 1772.0 676.5 1769.0 681.5 1761.0 681.5 1757.0 684.5 1748.0 685.5 1739.0 687.5 1735.0 687.5 1732.0 689.5 1726.0 695.5 1716.0 699.5 1706.0 700.5 1700.0 704.5 1693.0 706.5 1688.0 707.5 1682.0 709.5 1678.0 711.5 1669.0 713.5 1665.0 715.5 1656.0 717.5 1652.0 717.5 1649.0 719.5 1645.0 720.5 1639.0 723.5 1634.0 724.5 1629.0 726.5 1626.0 730.5 1613.0 730.5 1610.0 732.5 1607.0 738.5 1589.0 739.5 1584.0 743.5 1574.0 743.5 1571.0 745.5 1567.0 747.5 1559.0 749.5 1556.0 751.5 1548.0 753.5 1545.0 754.5 1540.0 756.5 1536.0 757.5 1529.0 759.5 1526.0 760.5 1519.0 761.5 1518.0 762.5 1511.0 764.5 1507.0 765.5 1502.0 767.5 1497.0 771.5 1490.0 771.5 1487.0 774.5 1480.0 775.5 1473.0 777.5 1469.0 779.5 1459.0 782.5 1454.0 784.5 1449.0 785.5 1444.0 787.5 1441.0 789.5 1432.0 794.5 1419.0 794.5 1416.0 797.5 1410.0 799.5 1401.0 803.5 1391.0 805.5 1383.0 810.5 1368.0 813.5 1362.0 819.5 1353.0 830.0 1342.5 837.0 1337.5 848.0 1332.5 854.0 1332.5 855.0 1331.5 866.0 1331.5 867.0 1330.5 880.0 1330.5 881.0 1329.5 898.0 1329.5 899.0 1328.5 914.0 1328.5 915.0 1327.5 929.0 1327.5 930.0 1326.5 943.0 1326.5 944.0 1325.5 954.0 1325.5 955.0 1324.5 961.0 1324.5 962.0 1323.5 967.0 1323.5 968.0 1322.5 985.0 1322.5 986.0 1321.5 999.0 1321.5 1000.0 1320.5 1006.0 1320.5 1007.0 1319.5 1019.0 1319.5 1020.0 1318.5 1033.0 1318.5 1034.0 1317.5 1044.0 1317.5 1045.0 1316.5 1056.0 1316.5 1057.0 1315.5 1069.0 1315.5 1070.0 1314.5 1078.0 1314.5 1079.0 1313.5 1088.0 1313.5 1089.0 1312.5 1105.0 1312.5 1106.0 1311.5 1118.0 1311.5 1119.0 1310.5 1128.0 1310.5 1129.0 1309.5 1145.0 1309.5 1146.0 1308.5 1162.0 1308.5 1163.0 1307.5 1170.0 1307.5 1171.0 1306.5 1181.0 1306.5 1182.0 1305.5 1215.0 1305.5 1216.0 1304.5 1225.0 1304.5 1226.0 1303.5 1233.0 1303.5 1234.0 1302.5 1249.0 1302.5 1250.0 1301.5 1256.0 1301.5 1257.0 1300.5 1263.0 1300.5 1264.0 1299.5 1274.0 1299.5 1275.0 1298.5 1291.0 1298.5 1292.0 1297.5 1305.0 1297.5 1306.0 1296.5 1314.0 1296.5 1315.0 1295.5 1327.0 1295.5 1328.0 1294.5 1338.0 1294.5 1339.0 1293.5 1350.0 1293.5 1351.0 1292.5 1363.0 1292.5 1364.0 1291.5 1376.0 1291.5 1377.0 1290.5 1389.0 1290.5 1390.0 1289.5 1401.0 1289.5 1402.0 1288.5 1418.0 1288.5 1419.0 1287.5 1431.0 1287.5 1432.0 1288.5 1437.0 1288.5 1438.0 1289.5 1444.0 1290.5 1447.0 1292.5 1461.0 1306.5 1462.0 1306.5 1473.5 1318.0 1476.5 1323.0 1489.5 1336.0 1495.5 1345.0 1499.5 1354.0 1499.5 1373.0 1498.5 1374.0 1498.5 1385.0 1497.5 1386.0 1497.5 1396.0 1496.5 1397.0 1496.5 1406.0 1495.5 1407.0 1495.5 1414.0 1494.5 1415.0 1494.5 1421.0 1493.5 1422.0 1493.5 1427.0 1492.5 1428.0 1492.5 1435.0 1491.5 1436.0 1491.5 1448.0 1490.5 1449.0 1490.5 1462.0 1489.5 1463.0 1489.5 1470.0 1488.5 1471.0 1488.5 1478.0 1487.5 1479.0 1487.5 1486.0 1486.5 1487.0 1486.5 1493.0 1485.5 1494.0 1485.5 1500.0 1484.5 1501.0 1484.5 1507.0 1483.5 1508.0 1483.5 1518.0 1482.5 1519.0 1482.5 1525.0 1480.5 1531.0 1480.5 1537.0 1479.5 1538.0 1479.5 1547.0 1478.5 1548.0 1478.5 1554.0 1476.5 1560.0 1476.5 1567.0 1475.5 1568.0 1475.5 1580.0 1474.5 1581.0 1474.5 1589.0 1473.5 1590.0 1473.5 1597.0 1472.5 1598.0 1472.5 1605.0 1471.5 1606.0 1471.5 1612.0 1470.5 1613.0 1470.5 1622.0 1469.5 1623.0 1469.5 1630.0 1468.5 1631.0 1468.5 1638.0 1467.5 1639.0 1467.5 1646.0 1466.5 1647.0 1466.5 1653.0 1465.5 1654.0 1465.5 1659.0 1464.5 1660.0 1464.5 1665.0 1462.5 1671.0 1462.5 1679.0 1461.5 1680.0 1461.5 1688.0 1460.5 1689.0 1460.5 1700.0 1459.5 1701.0 1459.5 1714.0 1458.5 1715.0 1458.5 1723.0 1457.5 1724.0 1457.5 1730.0 1456.5 1731.0 1456.5 1738.0 1455.5 1739.0 1455.5 1744.0 1454.5 1745.0 1454.5 1751.0 1453.5 1752.0 1453.5 1759.0 1452.5 1760.0 1452.5 1765.0 1451.5 1770.0 1449.5 1775.0 1448.5 1782.0 1446.5 1786.0 1446.5 1789.0 1440.5 1798.0 1437.5 1805.0 1434.5 1809.0 1427.0 1816.5 1420.0 1820.5 1416.0 1821.5 1401.0 1821.5 1400.0 1822.5 1386.0 1822.5 1382.0 1824.5 1377.0 1824.5 1376.0 1825.5 1359.0 1825.5 1358.0 1826.5 1345.0 1826.5 1344.0 1827.5 1336.0 1827.5 1335.0 1828.5 1328.0 1828.5 1327.0 1829.5 1315.0 1829.5 1314.0 1830.5 1295.0 1830.5 1294.0 1831.5 1281.0 1831.5 1280.0 1832.5 1258.0 1832.5 1257.0 1833.5 1241.0 1833.5 1240.0 1834.5 1218.0 1834.5 1217.0 1835.5 1195.0 1835.5 1194.0 1836.5 1169.0 1836.5 1168.0 1837.5 1153.0 1837.5 1152.0 1838.5 1139.0 1838.5 1138.0 1839.5 1126.0 1839.5 1125.0 1840.5 1110.0 1840.5 1109.0 1841.5 1098.0 1841.5 1097.0 1842.5 1091.0 1842.5 1090.0 1843.5 1029.0 1843.5 1028.0 1844.5 1011.0 1844.5 1010.0 1845.5 979.0 1845.5 978.0 1846.5 965.0 1846.5 964.0 1847.5 942.0 1847.5 941.0 1848.5 917.0 1848.5 916.0 1849.5 902.0 1849.5 901.0 1850.5 878.0 1850.5 877.0 1851.5 852.0 1851.5 851.0 1852.5 840.0 1852.5 839.0 1853.5 831.0 1853.5 830.0 1854.5 811.0 1854.5 810.0 1855.5 794.0 1855.5 793.0 1856.5
blood_tube 1791.0 1324.5 1773.0 1324.5 1765.0 1322.5 1759.0 1319.5 1754.0 1315.5 1748.5 1310.0 1746.5 1300.0 1746.5 1259.0 1747.5 1258.0 1747.5 1233.0 1748.5 1232.0 1749.5 1226.0 1754.5 1217.0 1755.5 1213.0 1755.5 1176.0 1756.5 1175.0 1756.5 1164.0 1757.5 1163.0 1757.5 1109.0 1758.5 1108.0 1758.5 1079.0 1759.5 1078.0 1759.5 1015.0 1760.5 1014.0 1760.5 984.0 1761.5 983.0 1761.5 943.0 1762.5 942.0 1762.5 935.0 1763.5 934.0 1763.5 929.0 1765.5 921.0 1769.5 913.0 1775.0 906.5 1781.0 903.5 1787.0 901.5 1799.0 901.5 1800.0 902.5 1807.0 903.5 1812.0 906.5 1817.5 912.0 1821.5 917.0 1824.5 923.0 1824.5 930.0 1825.5 931.0 1825.5 942.0 1826.5 943.0 1826.5 961.0 1825.5 962.0 1825.5 974.0 1824.5 975.0 1824.5 987.0 1825.5 988.0 1825.5 994.0 1826.5 995.0 1826.5 1004.0 1825.5 1005.0 1825.5 1016.0 1826.5 1017.0 1826.5 1059.0 1825.5 1060.0 1825.5 1143.0 1826.5 1144.0 1826.5 1150.0 1825.5 1151.0 1825.5 1163.0 1824.5 1164.0 1824.5 1183.0 1825.5 1184.0 1825.5 1195.0 1824.5 1196.0 1824.5 1201.0 1822.5 1206.0 1822.5 1213.0 1823.5 1214.0 1823.5 1221.0 1826.5 1227.0 1827.5 1233.0 1828.5 1234.0 1828.5 1245.0 1829.5 1246.0 1829.5 1265.0 1830.5 1266.0 1830.5 1291.0 1829.5 1292.0 1829.5 1303.0 1828.5 1304.0 1828.5 1310.0 1826.5 1313.0 1822.0 1317.5 1815.0 1321.5 1809.0 1323.5 1792.0 1323.5 1791.0 1324.5
blood_tube 2098.0 1327.5 2090.0 1327.5 2086.0 1325.5 2078.5 1318.0 2076.5 1313.0 2074.5 1311.0 2067.5 1296.0 2067.5 1293.0 2063.5 1283.0 2061.5 1274.0 2059.5 1271.0 2059.5 1268.0 2056.5 1258.0 2053.5 1251.0 2052.5 1243.0 2050.5 1237.0 2051.5 1232.0 2051.5 1226.0 2052.5 1225.0 2052.5 1220.0 2048.5 1216.0 2047.5 1212.0 2044.5 1207.0 2042.5 1199.0 2038.5 1192.0 2038.5 1190.0 2034.5 1182.0 2033.5 1177.0 2029.5 1167.0 2028.5 1160.0 2026.5 1156.0 2025.5 1151.0 2022.5 1144.0 2019.5 1132.0 2015.5 1124.0 2014.5 1119.0 2012.5 1116.0 2010.5 1109.0 2007.5 1104.0 2004.5 1093.0 2003.5 1092.0 2001.5 1084.0 1999.5 1080.0 1996.5 1067.0 1994.5 1064.0 1992.5 1056.0 1986.5 1041.0 1986.5 1039.0 1983.5 1034.0 1980.5 1025.0 1980.5 1013.0 1978.5 1007.0 1973.5 998.0 1971.5 990.0 1969.5 987.0 1966.5 976.0 1959.5 961.0 1957.5 954.0 1954.5 949.0 1954.5 946.0 1952.5 942.0 1952.5 932.0 1956.5 922.0 1961.5 917.0 1961.5 916.0 1966.0 912.5 1971.0 907.5 1977.0 906.5 1983.0 904.5 1989.0 904.5 1997.0 907.5 2000.0 907.5 2006.5 914.0 2010.5 922.0 2013.5 933.0 2019.5 947.0 2022.5 956.0 2026.5 964.0 2028.5 970.0 2028.5 973.0 2031.5 979.0 2035.5 989.0 2037.5 992.0 2040.5 1000.0 2042.5 1003.0 2045.5 1014.0 2048.5 1019.0 2050.5 1024.0 2052.5 1032.0 2054.5 1035.0 2058.5 1049.0 2060.5 1054.0 2064.5 1060.0 2064.5 1062.0 2067.5 1069.0 2069.5 1072.0 2072.5 1083.0 2076.5 1092.0 2076.5 1094.0 2079.5 1099.0 2081.5 1107.0 2083.5 1110.0 2085.5 1117.0 2087.5 1121.0 2087.5 1124.0 2089.5 1128.0 2089.5 1131.0 2092.5 1137.0 2092.5 1139.0 2096.5 1147.0 2096.5 1149.0 2105.5 1165.0 2105.5 1167.0 2111.5 1179.0 2110.5 1184.0 2110.5 1193.0 2113.5 1202.0 2117.0 1205.5 2121.0 1206.5 2126.5 1212.0 2131.5 1221.0 2132.5 1226.0 2135.5 1232.0 2139.5 1238.0 2140.5 1243.0 2142.5 1246.0 2144.5 1252.0 2147.5 1264.0 2150.5 1271.0 2151.5 1277.0 2154.5 1283.0 2154.5 1291.0 2155.5 1292.0 2155.5 1298.0 2154.5 1302.0 2150.5 1310.0 2141.0 1316.5 2136.0 1318.5 2133.0 1318.5 2129.0 1320.5 2126.0 1320.5 2122.0 1322.5 2114.0 1323.5 2109.0 1325.5 2104.0 1326.5 2099.0 1326.5 2098.0 1327.5
blood_tube 2511.0 1415.5 2493.0 1415.5 2489.0 1413.5 2484.0 1412.5 2478.5 1407.0 2475.5 1401.0 2469.5 1393.0 2465.5 1386.0 2465.5 1384.0 2461.5 1375.0 2457.5 1370.0 2456.5 1367.0 2449.5 1358.0 2448.5 1354.0 2445.5 1349.0 2442.5 1338.0 2442.5 1333.0 2441.5 1332.0 2441.5 1327.0 2440.5 1326.0 2440.5 1320.0 2441.5 1319.0 2441.5 1314.0 2438.5 1312.0 2438.5 1310.0 2434.5 1304.0 2429.5 1293.0 2423.5 1283.0 2421.5 1278.0 2419.5 1276.0 2417.5 1271.0 2414.5 1266.0 2414.5 1261.0 2412.5 1255.0 2408.5 1251.0 2407.5 1245.0 2404.5 1239.0 2400.5 1229.0 2396.5 1223.0 2393.5 1220.0 2392.5 1217.0 2386.5 1206.0 2386.5 1204.0 2381.5 1193.0 2379.5 1191.0 2378.5 1187.0 2375.5 1182.0 2372.5 1175.0 2372.5 1172.0 2370.5 1166.0 2367.5 1160.0 2366.5 1154.0 2362.5 1147.0 2356.5 1141.0 2352.5 1135.0 2349.5 1128.0 2340.0 1118.5 2339.0 1118.5 2331.5 1111.0 2325.5 1098.0 2318.5 1091.0 2315.5 1087.0 2313.5 1080.0 2308.5 1071.0 2307.5 1068.0 2303.5 1063.0 2298.5 1052.0 2293.5 1040.0 2290.5 1027.0 2288.5 1023.0 2288.5 1019.0 2286.5 1014.0 2286.5 1009.0 2285.5 1008.0 2285.5 994.0 2286.5 993.0 2288.5 985.0 2290.5 982.0 2292.5 976.0 2299.0 969.5 2307.0 965.5 2310.0 965.5 2314.0 963.5 2321.0 963.5 2322.0 964.5 2328.0 964.5 2332.0 965.5 2342.0 971.5 2347.5 977.0 2354.5 993.0 2354.5 995.0 2364.5 1014.0 2364.5 1017.0 2366.5 1024.0 2368.5 1027.0 2369.5 1031.0 2375.0 1036.5 2376.0 1036.5 2382.5 1043.0 2386.5 1050.0 2388.5 1052.0 2394.5 1065.0 2398.5 1070.0 2402.5 1078.0 2402.5 1080.0 2405.5 1086.0 2409.5 1091.0 2419.5 1112.0 2423.5 1117.0 2427.5 1125.0 2431.5 1130.0 2435.5 1140.0 2442.5 1149.0 2446.5 1155.0 2450.5 1164.0 2454.5 1168.0 2459.5 1177.0 2459.5 1179.0 2466.5 1192.0 2468.5 1200.0 2475.5 1213.0 2480.5 1220.0 2482.5 1228.0 2484.5 1231.0 2485.5 1236.0 2487.5 1239.0 2488.5 1245.0 2490.5 1249.0 2491.5 1255.0 2498.5 1266.0 2499.5 1270.0 2501.5 1273.0 2502.5 1278.0 2504.5 1281.0 2505.5 1286.0 2511.0 1291.5 2516.0 1292.5 2519.0 1294.5 2525.0 1296.5 2528.5 1302.0 2537.5 1321.0 2541.5 1325.0 2544.5 1332.0 2552.5 1348.0 2556.5 1353.0 2559.5 1359.0 2559.5 1362.0 2562.5 1369.0 2564.5 1372.0 2564.5 1385.0 2556.0 1393.5 2551.0 1395.5 2544.0 1401.5 2536.0 1405.5 2528.0 1408.5 2525.0 1410.5 2519.0 1411.5 2511.0 1415.5
 10ML_centrifuge_tube 2935.0 492.5 2931.0 491.5 2921.0 491.5 2916.0 490.5 2912.0 488.5 2902.0 486.5 2895.0 482.5 2888.0 479.5 2886.0 477.5 2873.5 469.0 2868.5 458.0 2868.5 439.0 2870.5 435.0 2870.5 432.0 2874.5 418.0 2879.5 406.0 2881.5 399.0 2886.5 388.0 2890.5 382.0 2897.0 375.5 2901.0 372.5 2904.0 371.5 2922.0 362.5 2927.0 361.5 2932.0 359.5 2937.0 358.5 2942.0 358.5 2943.0 357.5 2962.0 357.5 2963.0 358.5 2968.0 358.5 2969.0 359.5 2974.0 359.5 2988.0 364.5 2995.0 366.5 3002.0 370.5 3012.5 381.0 3016.5 388.0 3018.5 393.0 3018.5 409.0 3014.5 421.0 3012.5 424.0 3010.5 432.0 3002.5 451.0 3001.5 456.0 2995.5 469.0 2988.0 476.5 2984.0 478.5 2981.0 481.5 2976.0 484.5 2974.0 484.5 2969.0 487.5 2964.0 488.5 2959.0 490.5 2952.0 490.5 2951.0 491.5 2936.0 491.5 2935.0 492.5
 10ML_centrifuge_tube 3035.0 692.5 3007.0 692.5 2994.0 689.5 2980.0 684.5 2973.0 680.5 2971.0 680.5 2967.0 677.5 2961.0 674.5 2956.5 670.0 2953.5 665.0 2950.5 662.0 2945.5 650.0 2944.5 645.0 2944.5 632.0 2946.5 628.0 2946.5 625.0 2951.5 614.0 2953.5 612.0 2956.5 604.0 2960.5 597.0 2966.5 584.0 2968.5 582.0 2973.5 574.0 2980.0 567.5 2990.0 561.5 2993.0 558.5 3006.0 553.5 3010.0 553.5 3019.0 550.5 3027.0 550.5 3028.0 549.5 3054.0 549.5 3063.0 551.5 3070.0 554.5 3073.0 554.5 3081.0 558.5 3083.0 560.5 3088.0 562.5 3090.0 564.5 3096.0 567.5 3102.5 574.0 3107.5 583.0 3108.5 589.0 3109.5 590.0 3109.5 599.0 3110.5 600.0 3110.5 609.0 3108.5 614.0 3107.5 621.0 3102.5 631.0 3097.5 638.0 3092.5 650.0 3086.5 661.0 3082.5 665.0 3078.5 671.0 3073.0 676.5 3065.0 682.5 3060.0 684.5 3053.0 688.5 3047.0 689.5 3041.0 691.5 3036.0 691.5 3035.0 692.5
 10ML_centrifuge_tube 2885.0 953.5 2872.0 953.5 2866.0 950.5 2864.0 950.5 2859.0 947.5 2853.5 943.0 2851.5 939.0 2852.5 934.0 2856.5 928.0 2859.5 921.0 2863.5 917.0 2868.5 909.0 2872.5 905.0 2874.5 900.0 2875.5 895.0 2875.5 890.0 2880.5 874.0 2882.5 870.0 2884.5 861.0 2886.5 858.0 2905.5 839.0 2909.5 830.0 2911.5 828.0 2915.5 819.0 2917.5 817.0 2921.5 808.0 2922.5 801.0 2930.5 785.0 2932.5 773.0 2933.5 772.0 2935.5 763.0 2937.5 758.0 2943.0 752.5 2949.0 750.5 2955.0 750.5 2956.0 749.5 2961.0 749.5 2962.0 748.5 2967.0 748.5 2968.0 747.5 2974.0 747.5 2975.0 746.5 2980.0 746.5 2981.0 745.5 2987.0 745.5 2988.0 744.5 2995.0 744.5 2996.0 743.5 3001.0 743.5 3005.0 741.5 3011.0 741.5 3016.0 743.5 3017.5 746.0 3017.5 758.0 3012.5 766.0 3008.5 771.0 3003.5 782.0 3001.5 784.0 2996.5 795.0 2994.5 797.0 2985.5 816.0 2984.5 823.0 2978.5 838.0 2976.5 840.0 2975.5 844.0 2973.0 845.5 2964.5 854.0 2961.5 860.0 2956.5 866.0 2956.5 867.0 2947.5 876.0 2945.5 879.0 2942.5 886.0 2937.5 893.0 2935.5 898.0 2928.0 905.5 2927.0 905.5 2922.5 910.0 2920.5 915.0 2915.0 919.5 2909.0 917.5 2904.0 914.5 2900.0 914.5 2897.5 918.0 2897.5 924.0 2904.5 930.0 2906.5 935.0 2905.5 939.0 2900.0 944.5 2895.5 948.0 2894.0 950.5 2885.0 953.5
 5ML_centrifuge_tube 3839.0 435.5 3834.0 435.5 3828.0 439.5 3823.0 441.5 3815.0 446.5 3811.0 446.5 3803.0 449.5 3798.0 450.5 3793.0 450.5 3792.0 451.5 3778.0 451.5 3777.0 452.5 3758.0 452.5 3752.0 450.5 3742.0 448.5 3729.0 448.5 3719.0 445.5 3713.0 442.5 3709.0 442.5 3701.0 439.5 3689.0 437.5 3680.0 432.5 3678.0 432.5 3670.0 427.5 3668.0 427.5 3663.0 424.5 3661.0 424.5 3653.0 419.5 3641.0 413.5 3636.0 409.5 3629.5 403.0 3624.5 395.0 3612.5 383.0 3608.5 376.0 3607.5 372.0 3607.5 364.0 3609.5 360.0 3610.5 352.0 3616.5 339.0 3618.5 336.0 3623.5 331.0 3628.5 324.0 3631.5 316.0 3634.5 310.0 3641.5 301.0 3644.5 294.0 3649.5 288.0 3654.5 278.0 3656.5 275.0 3661.5 270.0 3661.5 269.0 3676.0 254.5 3685.0 248.5 3690.0 246.5 3692.0 244.5 3698.0 241.5 3705.0 239.5 3710.0 236.5 3718.0 235.5 3724.0 233.5 3729.0 233.5 3730.0 232.5 3738.0 232.5 3739.0 231.5 3750.0 231.5 3751.0 230.5 3774.0 230.5 3775.0 231.5 3782.0 231.5 3783.0 232.5 3791.0 232.5 3792.0 233.5 3798.0 233.5 3803.0 234.5 3808.0 236.5 3826.0 240.5 3834.0 244.5 3839.0 244.5
 10ML_centrifuge_tube 3399.0 407.5 3394.0 406.5 3386.0 402.5 3380.0 398.5 3374.5 393.0 3368.5 384.0 3367.5 381.0 3367.5 364.0 3370.5 357.0 3371.5 352.0 3375.5 346.0 3377.5 341.0 3384.5 329.0 3391.5 318.0 3393.5 316.0 3399.5 306.0 3411.0 294.5 3431.0 284.5 3433.0 284.5 3440.0 281.5 3444.0 280.5 3449.0 280.5 3455.0 278.5 3488.0 278.5 3489.0 279.5 3503.0 281.5 3510.0 284.5 3515.0 285.5 3524.0 290.5 3531.0 293.5 3534.0 295.5 3543.5 305.0 3544.5 308.0 3543.5 317.0 3541.0 320.5 3537.0 321.5 3532.0 321.5 3531.0 322.5 3524.0 322.5 3523.0 323.5 3517.0 323.5 3516.0 324.5 3508.0 324.5 3507.0 325.5 3501.0 325.5 3500.0 326.5 3495.0 326.5 3494.0 327.5 3489.0 327.5 3484.0 328.5 3479.0 330.5 3467.0 332.5 3463.0 334.5 3460.0 334.5 3455.0 336.5 3448.0 341.5 3441.5 348.0 3438.5 352.0 3437.5 355.0 3433.5 360.0 3429.5 368.0 3427.5 370.0 3425.5 375.0 3423.5 377.0 3419.5 386.0 3415.5 391.0 3414.5 394.0 3411.5 398.0 3405.0 404.5 3399.0 407.5
dispensing_tube_rack 3839.0 1646.5 3830.0 1646.5 3829.0 1647.5 3822.0 1647.5 3821.0 1648.5 3799.0 1648.5 3798.0 1649.5 3758.0 1649.5 3757.0 1650.5 3723.0 1650.5 3722.0 1651.5 3701.0 1651.5 3700.0 1652.5 3661.0 1652.5 3660.0 1653.5 3653.0 1653.5 3652.0 1654.5 3643.0 1654.5 3642.0 1655.5 3612.0 1655.5 3611.0 1656.5 3590.0 1656.5 3589.0 1657.5 3575.0 1657.5 3574.0 1658.5 3552.0 1658.5 3551.0 1659.5 3519.0 1659.5 3518.0 1660.5 3475.0 1660.5 3474.0 1661.5 3433.0 1661.5 3432.0 1662.5 3409.0 1662.5 3408.0 1663.5 3349.0 1663.5 3348.0 1664.5 3301.0 1664.5 3300.0 1665.5 3282.0 1665.5 3281.0 1666.5 3269.0 1666.5 3268.0 1665.5 3259.0 1665.5 3258.0 1666.5 3231.0 1666.5 3230.0 1667.5 3204.0 1667.5 3203.0 1668.5 3187.0 1668.5 3186.0 1669.5 3163.0 1669.5 3162.0 1670.5 3127.0 1670.5 3126.0 1671.5 3071.0 1671.5 3070.0 1672.5 3065.0 1672.5 3064.0 1671.5 3027.0 1671.5 3026.0 1672.5 3000.0 1672.5 2999.0 1673.5 2976.0 1673.5 2975.0 1674.5 2966.0 1674.5 2965.0 1675.5 2939.0 1675.5 2938.0 1676.5 2916.0 1676.5 2915.0 1677.5 2893.0 1677.5 2892.0 1676.5 2887.0 1676.5 2883.0 1674.5 2879.5 1670.0 2878.5 1664.0 2873.5 1650.0 2869.5 1642.0 2869.5 1639.0 2867.5 1634.0 2866.5 1627.0 2865.5 1626.0 2865.5 1620.0 2863.5 1614.0 2863.5 1609.0 2860.5 1598.0 2857.5 1593.0 2857.5 1591.0 2854.5 1586.0 2853.5 1578.0 2852.5 1577.0 2850.5 1563.0 2848.5 1559.0 2848.5 1556.0 2845.5 1550.0 2844.5 1543.0 2839.5 1531.0 2836.5 1517.0 2833.5 1509.0 2832.5 1502.0 2828.5 1494.0 2827.5 1487.0 2824.5 1479.0 2823.5 1470.0 2820.5 1462.0 2820.5 1457.0 2819.5 1456.0 2818.5 1447.0 2817.5 1446.0 2814.5 1437.0 2813.5 1436.0 2809.5 1424.0 2806.5 1409.0 2803.5 1401.0 2803.5 1396.0 2800.5 1385.0 2798.5 1382.0 2798.5 1379.0 2796.5 1373.0 2794.5 1370.0 2792.5 1361.0 2791.5 1354.0 2787.5 1343.0 2787.5 1339.0 2784.5 1327.0 2779.5 1317.0 2776.5 1310.0 2775.5 1302.0 2773.5 1297.0 2773.5 1292.0 2771.5 1287.0 2771.5 1284.0 2768.5 1278.0 2767.5 1270.0 2766.5 1269.0 2766.5 1263.0 2765.5 1262.0 2765.5 1253.0 2764.5 1252.0 2764.5 1242.0 2763.5 1241.0 2763.5 1236.0 2762.5 1233.0 2757.5 1223.0 2754.5 1220.0 2752.5 1214.0 2750.5 1211.0 2748.5 1204.0 2748.5 1200.0 2746.5 1195.0 2745.5 1190.0 2745.5 1185.0 2741.5 1171.0 2737.5 1164.0 2737.5 1161.0 2735.5 1157.0 2734.5 1150.0 2733.5 1149.0 2731.5 1137.0 2728.5 1130.0 2728.5 1125.0 2727.5 1120.0 2722.5 1107.0 2719.5 1098.0 2719.5 1094.0 2717.5 1089.0 2717.5 1086.0 2715.5 1082.0 2711.5 1065.0 2707.5 1055.0 2707.5 1052.0 2704.5 1046.0 2703.5 1041.0 2703.5 1036.0 2701.5 1030.0 2701.5 1025.0 2698.5 1015.0 2696.5 1011.0 2696.5 1008.0 2692.5 995.0 2690.5 992.0 2688.5 986.0 2688.5 983.0 2686.5 978.0 2685.5 969.0 2683.5 963.0 2683.5 959.0 2677.5 942.0 2677.5 939.0 2674.5 933.0 2674.5 930.0 2671.5 921.0 2670.5 916.0 2670.5 911.0 2669.5 910.0 2669.5 905.0 2667.5 900.0 2667.5 897.0 2664.5 890.0 2661.5 874.0 2659.5 871.0 2659.5 868.0 2656.5 860.0 2655.5 851.0 2653.5 846.0 2653.5 843.0 2651.5 837.0 2648.5 832.0 2646.5 819.0 2644.5 815.0 2644.5 811.0 2642.5 807.0 2641.5 799.0 2640.5 798.0 2640.5 792.0 2639.5 791.0 2639.5 786.0 2637.5 777.0 2633.5 769.0 2633.5 766.0 2629.5 756.0 2628.5 749.0 2625.5 741.0 2625.5 736.0 2624.5 735.0 2624.5 730.0 2623.5 729.0 2623.5 712.0 2625.5 708.0 2625.5 705.0 2627.5 699.0 2629.5 696.0 2633.0 693.5 2639.0 692.5 2643.0 690.5 2648.0 689.5 2656.0 689.5 2657.0 688.5 2666.0 688.5 2667.0 687.5 2675.0 687.5 2676.0 686.5 2685.0 686.5 2686.0 685.5 2698.0 685.5 2707.0 688.5 2714.0 692.5 2716.0 692.5 2720.0 695.5 2724.5 690.0 2725.5 684.0 2732.5 671.0 2733.5 666.0 2736.5 661.0 2738.5 655.0 2738.5 652.0 2741.5 647.0 2741.5 645.0 2747.5 629.0 2748.5 622.0 2750.5 618.0 2753.5 606.0 2755.5 603.0 2755.5 600.0 2757.5 596.0 2757.5 592.0 2759.5 588.0 2759.5 585.0 2762.5 576.0 2762.5 568.0 2763.5 567.0 2763.5 559.0 2762.5 558.0 2762.5 552.0 2759.5 540.0 2757.5 537.0 2755.5 530.0 2755.5 523.0 2754.5 522.0 2754.5 514.0 2755.5 513.0 2755.5 507.0 2758.5 496.0 2761.5 491.0 2763.5 486.0 2768.0 480.5 2776.0 476.5 2782.0 474.5 2785.0 474.5 2794.0 470.5 2797.5 466.0 2800.5 460.0 2803.5 451.0 2803.5 449.0 2807.5 441.0 2814.0 434.5 2818.0 432.5 2821.0 429.5 2827.0 426.5 2831.0 426.5 2837.0 424.5 2871.0 424.5 2874.0 423.5 2882.5 415.0 2887.5 402.0 2888.5 398.0 2892.5 393.0 2908.0 377.5 2919.0 371.5 2922.0 371.5 2926.0 368.5 2935.0 365.5 2940.0 365.5 2941.0 364.5 2964.0 364.5 2970.0 366.5 2975.0 366.5 2981.0 368.5 2986.0 368.5 2994.0 373.5 3000.0 379.5 3001.0 379.5 3005.5 384.0 3009.5 392.0 3012.5 395.0 3015.5 403.0 3019.0 406.5 3023.0 405.5 3026.0 402.5 3035.0 399.5 3044.0 398.5 3049.0 396.5 3071.0 396.5 3076.0 394.5 3081.0 394.5 3082.0 393.5 3091.0 393.5 3092.0 392.5 3100.0 392.5 3101.0 391.5 3128.0 391.5 3129.0 390.5 3138.0 389.5 3143.0 387.5 3148.0 387.5 3149.0 386.5 3154.0 386.5 3159.0 385.5 3164.0 383.5 3172.0 382.5 3179.0 379.5 3183.0 379.5 3193.0 377.5 3198.0 375.5 3202.0 375.5 3208.0 373.5 3214.0 373.5 3215.0 372.5 3220.0 372.5 3226.0 370.5 3231.0 370.5 3237.0 368.5 3242.0 368.5 3243.0 367.5 3249.0 367.5 3250.0 366.5 3257.0 366.5 3258.0 365.5 3264.0 365.5 3265.0 364.5 3274.0 364.5 3275.0 363.5 3282.0 363.5 3293.0 360.5 3307.0 360.5 3308.0 359.5 3318.0 359.5 3319.0 358.5 3327.0 358.5 3328.0 357.5 3343.0 357.5 3348.0 359.5 3357.0 360.5 3364.0 363.5 3364.5 365.0 3369.0 367.5 3369.5 366.0 3378.5 357.0 3380.0 354.5 3384.0 353.5 3392.0 357.5 3395.0 360.5 3398.0 361.5 3410.0 361.5 3411.0 360.5 3420.0 360.5 3422.0 359.5 3425.5 355.0 3426.5 347.0 3429.0 342.5 3436.0 345.5 3440.0 346.5 3441.5 344.0 3448.0 337.5 3453.0 335.5 3457.0 331.5 3466.0 327.5 3470.0 327.5 3476.0 325.5 3481.0 325.5 3482.0 324.5 3504.0 324.5 3513.5 320.0 3513.5 308.0 3515.0 306.5 3519.5 309.0 3519.5 312.0 3521.5 316.0 3527.0 320.5 3555.0 320.5 3556.0 319.5 3563.0 319.5 3569.0 317.5 3575.0 317.5 3576.0 316.5 3584.0 316.5 3585.0 315.5 3593.0 315.5 3594.0 314.5 3600.0 314.5 3601.0 313.5 3615.0 313.5 3620.0 315.5 3625.0 315.5 3630.0 313.5 3635.0 310.5 3645.5 300.0 3649.5 291.0 3654.0 286.5 3655.0 286.5 3660.5 281.0 3664.5 273.0 3668.5 269.0 3670.5 265.0 3679.0 256.5 3683.0 254.5 3688.0 253.5 3692.0 251.5 3695.0 248.5 3697.0 248.5 3704.0 244.5 3707.0 244.5 3715.0 241.5 3719.0 241.5 3727.0 238.5 3734.0 238.5 3735.0 237.5 3742.0 237.5 3743.0 236.5 3749.0 236.5 3750.0 235.5 3775.0 235.5 3776.0 236.5 3787.0 236.5 3799.0 240.5 3808.0 241.5 3809.0 242.5 3815.0 242.5 3816.0 243.5 3821.0 243.5 3825.0 244.5 3831.0 247.5 3839.0 247.5
dispensing_tube_rack 3488.0 312.5 3485.0 312.5 3479.0 309.5 3477.5 307.0 3477.5 303.0 3479.5 298.0 3479.5 294.0 3484.0 289.5 3491.0 289.5 3495.0 292.5 3498.5 294.0 3497.5 295.0 3494.5 307.0 3490.0 311.5 3488.0 312.5
dispensing_tube_rack 3410.5 399.0 3410.5 394.0 3407.5 395.0 3407.5 398.0 3410.5 399.0
dispensing_tube_rack 2709.5 770.0 2709.5 770.0
dispensing_tube_rack 2937.5 1554.0 2945.0 1553.5 2950.5 1549.0 2951.5 1546.0 2957.0 1540.5 2961.0 1538.5 2964.5 1535.0 2966.5 1531.0 2973.0 1524.5 2974.0 1524.5 2978.5 1520.0 2979.5 1517.0 2986.0 1510.5 2989.0 1509.5 3002.0 1496.5 3010.5 1490.0 3013.5 1485.0 3021.0 1479.5 3034.0 1466.5 3035.0 1466.5 3054.5 1447.0 3054.5 1446.0 3065.0 1435.5 3068.0 1434.5 3072.0 1431.5 3082.0 1421.5 3083.0 1421.5 3089.5 1413.0 3089.5 1412.0 3094.0 1407.5 3099.0 1404.5 3114.5 1389.0 3115.5 1386.0 3118.5 1382.0 3129.5 1371.0 3129.5 1366.0 3130.5 1365.0 3130.5 1358.0 3129.5 1357.0 3129.5 1352.0 3127.5 1347.0 3126.5 1339.0 3124.5 1336.0 3122.5 1330.0 3122.5 1327.0 3115.5 1311.0 3114.5 1306.0 3114.5 1299.0 3111.5 1290.0 3108.5 1285.0 3106.5 1280.0 3103.5 1275.0 3099.5 1264.0 3097.5 1255.0 3095.5 1250.0 3090.0 1244.5 3084.0 1241.5 3077.0 1241.5 3076.0 1242.5 3070.0 1242.5 3069.0 1243.5 3064.0 1243.5 3059.0 1244.5 3055.0 1246.5 3050.0 1246.5 3049.0 1247.5 3019.0 1247.5 3018.0 1248.5 3004.0 1248.5 3003.0 1249.5 2987.0 1249.5 2986.0 1250.5 2966.0 1250.5 2965.0 1251.5 2949.0 1251.5 2948.0 1252.5 2937.0 1252.5 2933.0 1251.5 2932.0 1252.5 2920.0 1252.5 2919.0 1253.5 2901.0 1253.5 2900.0 1254.5 2877.0 1254.5 2876.0 1253.5 2870.0 1253.5 2862.0 1256.5 2859.0 1256.5 2855.0 1258.5 2848.5 1265.0 2848.5 1273.0 2849.5 1274.0 2849.5 1280.0 2853.5 1296.0 2853.5 1307.0 2854.5 1308.0 2854.5 1314.0 2857.5 1320.0 2863.5 1329.0 2865.5 1339.0 2870.5 1350.0 2872.5 1360.0 2873.5 1361.0 2873.5 1366.0 2875.5 1375.0 2877.5 1379.0 2879.5 1388.0 2879.5 1393.0 2880.5 1394.0 2880.5 1400.0 2881.5 1405.0 2883.5 1410.0 2884.5 1415.0 2890.5 1432.0 2893.5 1437.0 2896.5 1449.0 2898.5 1453.0 2899.5 1460.0 2901.5 1464.0 2903.5 1473.0 2906.5 1480.0 2909.5 1490.0 2914.5 1504.0 2916.5 1507.0 2917.5 1511.0 2917.5 1520.0 2918.5 1523.0 2922.5 1528.0 2923.5 1531.0 2927.5 1538.0 2929.5 1547.0 2931.5 1552.0 2934.0 1554.5 2937.5 1554.0
dispensing_tube_rack 3839.0 1403.5 3834.0 1403.5 3829.5 1407.0 3826.5 1414.0 3826.5 1419.0 3829.5 1424.0 3829.5 1428.0 3831.5 1434.0 3834.0 1437.5 3839.0 1437.5
dispensing_tube_rack 3040.5 1628.0 3041.0 1627.5 3130.0 1627.5 3131.0 1626.5 3165.0 1626.5 3166.0 1625.5 3195.0 1625.5 3196.0 1624.5 3252.0 1624.5 3253.0 1623.5 3305.0 1623.5 3306.0 1622.5 3331.0 1622.5 3332.0 1621.5 3340.0 1621.5 3341.0 1622.5 3359.0 1622.5 3360.0 1621.5 3375.0 1621.5 3376.0 1620.5 3410.0 1620.5 3411.0 1619.5 3419.0 1619.5 3420.0 1618.5 3428.0 1618.5 3429.0 1617.5 3455.0 1617.5 3456.0 1616.5 3503.0 1616.5 3504.0 1615.5 3544.0 1615.5 3545.0 1614.5 3581.0 1614.5 3582.0 1613.5 3595.0 1613.5 3596.0 1614.5 3629.0 1614.5 3630.0 1615.5 3658.0 1615.5 3659.0 1616.5 3674.0 1616.5 3675.0 1615.5 3689.0 1615.5 3690.0 1614.5 3710.0 1614.5 3713.0 1613.5 3720.0 1609.5 3727.0 1607.5 3736.0 1607.5 3737.0 1606.5 3759.0 1606.5 3760.0 1605.5 3765.0 1605.5 3766.0 1604.5 3771.0 1604.5 3781.0 1600.5 3785.5 1595.0 3784.5 1591.0 3784.5 1581.0 3779.5 1564.0 3774.5 1555.0 3771.5 1548.0 3769.5 1545.0 3764.5 1531.0 3758.5 1521.0 3755.5 1517.0 3751.5 1510.0 3748.5 1501.0 3739.5 1487.0 3737.5 1485.0 3734.5 1479.0 3734.5 1477.0 3731.5 1471.0 3728.5 1468.0 3725.5 1463.0 3720.5 1447.0 3714.5 1436.0 3708.5 1430.0 3702.5 1419.0 3698.0 1414.5 3691.0 1413.5 3690.0 1412.5 3662.0 1412.5 3661.0 1413.5 3629.0 1413.5 3628.0 1414.5 3607.0 1414.5 3606.0 1415.5 3584.0 1415.5 3583.0 1416.5 3561.0 1416.5 3560.0 1417.5 3547.0 1417.5 3546.0 1418.5 3524.0 1418.5 3523.0 1419.5 3508.0 1419.5 3507.0 1420.5 3493.0 1420.5 3492.0 1421.5 3480.0 1421.5 3479.0 1422.5 3470.0 1422.5 3469.0 1423.5 3453.0 1423.5 3452.0 1424.5 3435.0 1424.5 3434.0 1425.5 3418.0 1425.5 3417.0 1426.5 3407.0 1426.5 3406.0 1427.5 3388.0 1427.5 3387.0 1428.5 3360.0 1428.5 3359.0 1427.5 3345.0 1427.5 3344.0 1428.5 3331.0 1428.5 3330.0 1429.5 3316.0 1429.5 3315.0 1430.5 3290.0 1430.5 3289.0 1431.5 3282.0 1431.5 3281.0 1432.5 3275.0 1432.5 3274.0 1433.5 3268.0 1433.5 3267.0 1434.5 3258.0 1434.5 3257.0 1435.5 3247.0 1435.5 3240.0 1438.5 3238.0 1438.5 3225.0 1445.5 3219.0 1451.5 3218.0 1451.5 3213.0 1456.5 3212.0 1456.5 3204.0 1464.5 3203.0 1464.5 3195.0 1470.5 3189.0 1473.5 3182.5 1480.0 3182.5 1481.0 3173.0 1490.5 3172.0 1490.5 3166.0 1496.5 3163.0 1497.5 3153.0 1502.5 3147.0 1506.5 3141.0 1512.5 3136.0 1516.5 3129.0 1520.5 3124.5 1525.0 3124.5 1526.0 3116.0 1534.5 3115.0 1534.5 3110.5 1539.0 3110.5 1540.0 3103.0 1547.5 3096.0 1551.5 3086.0 1561.5 3080.0 1564.5 3078.0 1564.5 3070.0 1568.5 3064.5 1574.0 3062.5 1578.0 3058.5 1583.0 3048.0 1593.5 3042.0 1596.5 3024.5 1614.0 3025.5 1618.0 3025.5 1624.0 3032.0 1627.5 3040.5 1628.0
