 centrifuge_close 0.0 100.5 5.0 100.5 9.5 96.0 10.5 93.0 15.0 88.5 21.0 85.5 25.0 84.5 29.5 80.0 29.5 79.0 34.0 74.5 39.0 71.5 43.0 67.5 50.0 62.5 53.0 61.5 56.0 58.5 66.0 52.5 73.0 45.5 76.0 43.5 85.0 39.5 89.0 35.5 96.0 30.5 102.0 28.5 105.0 26.5 113.0 23.5 122.0 15.5 133.0 10.5 136.0 10.5 141.0 8.5 150.0 7.5 157.5 5.0 157.5 0.0
 centrifuge_close 689.5 0.0 689.5 5.0 691.5 9.0 699.0 16.5 700.0 16.5 706.0 22.5 714.0 26.5 719.5 32.0 721.5 35.0 725.5 44.0 728.5 49.0 738.5 59.0 741.5 65.0 751.5 75.0 755.5 84.0 757.5 87.0 764.5 95.0 765.5 98.0 769.5 103.0 772.5 108.0 780.5 116.0 784.5 123.0 786.5 129.0 792.5 136.0 795.5 141.0 808.5 154.0 811.5 160.0 816.5 174.0 816.5 179.0 817.5 180.0 817.5 185.0 818.5 189.0 822.5 194.0 823.5 197.0 827.5 202.0 831.5 211.0 831.5 213.0 834.0 217.5 841.0 216.5 845.0 214.5 847.0 215.5 851.5 220.0 855.0 224.5 860.0 226.5 866.5 233.0 866.5 234.0 873.5 243.0 875.5 247.0 881.5 253.0 886.5 261.0 887.5 266.0 893.5 279.0 894.5 287.0 897.5 297.0 898.5 298.0 900.5 306.0 901.5 307.0 902.5 314.0 906.5 330.0 909.5 337.0 911.5 346.0 911.5 350.0 913.5 354.0 914.5 359.0 918.5 369.0 921.5 380.0 922.5 381.0 922.5 387.0 923.5 388.0 923.5 396.0 924.5 397.0 924.5 406.0 927.5 417.0 932.5 425.0 933.5 429.0 933.5 434.0 932.5 435.0 932.5 456.0 931.5 457.0 931.5 464.0 930.5 469.0 926.5 477.0 920.5 485.0 917.5 492.0 915.5 494.0 911.5 502.0 905.0 508.5 904.0 508.5 881.0 531.5 876.0 535.5 871.0 538.5 866.0 543.5 865.0 543.5 859.0 549.5 852.0 553.5 850.0 555.5 839.0 561.5 830.0 565.5 828.0 567.5 820.0 570.5 817.0 572.5 812.0 573.5 789.0 585.5 783.0 587.5 780.0 587.5 770.0 591.5 761.0 593.5 754.0 596.5 742.0 600.5 738.0 602.5 732.0 603.5 729.0 605.5 720.0 607.5 716.0 609.5 713.0 609.5 699.0 615.5 692.0 616.5 688.0 618.5 685.0 618.5 681.0 620.5 673.0 622.5 670.0 622.5 666.0 624.5 663.0 624.5 659.0 626.5 656.0 626.5 649.0 629.5 646.0 629.5 638.0 632.5 630.0 633.5 620.0 637.5 615.0 638.5 612.0 640.5 600.0 643.5 593.0 646.5 590.0 646.5 585.0 648.5 577.0 649.5 565.0 654.5 563.0 654.5 556.0 657.5 545.0 659.5 544.0 660.5 536.0 662.5 532.0 664.5 520.0 668.5 515.0 669.5 511.0 671.5 506.0 672.5 499.0 675.5 496.0 675.5 489.0 678.5 477.0 681.5 467.0 685.5 464.0 685.5 460.0 687.5 453.0 688.5 449.0 690.5 438.0 692.5 437.0 693.5 432.0 693.5 426.0 695.5 421.0 695.5 412.0 697.5 408.0 699.5 405.0 699.5 401.0 701.5 396.0 702.5 389.0 702.5 388.0 703.5 381.0 703.5 370.0 706.5 312.0 706.5 311.0 705.5 300.0 705.5 299.0 706.5 292.0 706.5 287.0 705.5 282.0 703.5 275.0 702.5 269.0 699.5 267.0 699.5 261.0 696.5 254.0 696.5 253.0 695.5 247.0 695.5 241.0 692.5 237.0 689.5 231.0 683.5 227.0 682.5 221.0 679.5 217.0 679.5 212.0 677.5 208.0 677.5 200.0 674.5 192.5 667.0 190.0 663.5 186.0 661.5 180.5 656.0 177.0 651.5 173.0 648.5 170.0 647.5 166.0 644.5 158.5 637.0 158.5 636.0 150.5 628.0 145.5 621.0 141.5 613.0 135.5 607.0 132.5 603.0 128.5 592.0 118.5 582.0 110.5 566.0 102.5 555.0 99.5 549.0 91.5 540.0 91.5 539.0 85.5 527.0 81.5 522.0 80.5 519.0 76.5 514.0 73.5 509.0 68.5 498.0 59.5 489.0 57.5 486.0 52.5 476.0 50.5 469.0 47.5 465.0 42.5 454.0 40.5 452.0 34.5 442.0 29.5 436.0 26.5 429.0 24.5 426.0 23.5 421.0 21.5 418.0 20.5 413.0 12.5 405.0 8.5 393.0 5.0 385.5 0.0 385.5
 refrigerator_close 3661.5 0.0 3661.5 5.0 3660.5 6.0 3660.5 12.0 3659.5 13.0 3659.5 20.0 3658.5 23.0 3655.5 27.0 3654.5 30.0 3650.5 35.0 3646.5 47.0 3641.5 54.0 3640.5 57.0 3636.5 62.0 3633.5 68.0 3627.5 83.0 3624.5 88.0 3622.5 93.0 3615.5 108.0 3610.5 117.0 3603.5 124.0 3601.5 132.0 3601.5 136.0 3597.5 143.0 3595.5 148.0 3591.5 153.0 3586.5 165.0 3582.5 172.0 3577.5 178.0 3572.5 189.0 3567.5 196.0 3564.5 203.0 3562.5 205.0 3558.5 214.0 3556.5 217.0 3553.5 225.0 3549.5 230.0 3545.5 238.0 3545.5 240.0 3540.5 251.0 3537.5 255.0 3537.5 257.0 3534.5 262.0 3534.5 264.0 3529.5 271.0 3525.5 280.0 3523.5 282.0 3520.5 289.0 3516.5 294.0 3511.5 305.0 3509.5 307.0 3507.5 312.0 3505.5 314.0 3503.5 319.0 3489.5 342.0 3485.5 351.0 3479.5 360.0 3474.5 371.0 3471.5 376.0 3471.5 378.0 3467.5 386.0 3463.5 391.0 3460.5 396.0 3457.5 403.0 3453.5 409.0 3453.5 411.0 3449.5 419.0 3441.5 430.0 3440.5 433.0 3433.5 442.0 3433.5 443.0 3425.0 451.5 3424.0 451.5 3419.0 456.5 3418.0 456.5 3413.0 461.5 3407.0 465.5 3399.0 472.5 3393.0 475.5 3391.0 477.5 3382.0 481.5 3377.0 484.5 3375.0 484.5 3366.0 489.5 3360.0 491.5 3351.0 493.5 3344.0 496.5 3333.0 499.5 3329.0 501.5 3321.0 502.5 3320.0 503.5 3315.0 503.5 3314.0 502.5 3265.0 502.5 3264.0 501.5 3218.0 501.5 3217.0 500.5 3203.0 500.5 3202.0 499.5 3170.0 499.5 3169.0 498.5 3128.0 498.5 3127.0 497.5 3082.0 497.5 3081.0 496.5 3039.0 496.5 3038.0 495.5 3014.0 495.5 3013.0 494.5 2997.0 494.5 2996.0 493.5 2981.0 493.5 2980.0 494.5 2970.0 494.5 2969.0 493.5 2954.0 493.5 2953.0 492.5 2938.0 492.5 2937.0 491.5 2921.0 491.5 2917.0 490.5 2916.0 491.5 2909.0 491.5 2908.0 492.5 2897.0 492.5 2896.0 491.5 2890.0 491.5 2889.0 490.5 2884.0 491.5 2875.0 491.5 2874.0 492.5 2869.0 492.5 2868.0 491.5 2830.0 491.5 2829.0 490.5 2821.0 490.5 2820.0 491.5 2802.0 491.5 2801.0 490.5 2791.0 490.5 2790.0 491.5 2778.0 491.5 2777.0 490.5 2743.0 490.5 2742.0 489.5 2732.0 489.5 2731.0 490.5 2700.0 490.5 2699.0 489.5 2655.0 489.5 2654.0 488.5 2645.0 488.5 2644.0 487.5 2636.0 487.5 2635.0 486.5 2630.0 486.5 2624.0 484.5 2619.0 484.5 2613.0 482.5 2609.0 479.5 2599.0 473.5 2596.0 472.5 2586.0 465.5 2581.5 460.0 2576.5 450.0 2570.5 439.0 2569.5 432.0 2568.5 431.0 2568.5 417.0 2569.5 416.0 2569.5 406.0 2570.5 405.0 2570.5 397.0 2573.5 386.0 2573.5 380.0 2574.5 379.0 2574.5 373.0 2575.5 372.0 2575.5 343.0 2574.5 342.0 2574.5 336.0 2576.5 330.0 2576.5 325.0 2577.5 324.0 2577.5 317.0 2578.5 316.0 2578.5 308.0 2579.5 307.0 2579.5 293.0 2581.5 287.0 2581.5 283.0 2583.5 278.0 2583.5 274.0 2586.5 264.0 2589.5 256.0 2589.5 251.0 2590.5 250.0 2590.5 245.0 2591.5 244.0 2591.5 234.0 2592.5 233.0 2593.5 224.0 2595.5 219.0 2597.5 207.0 2599.5 202.0 2600.5 193.0 2602.5 188.0 2602.5 183.0 2603.5 182.0 2603.5 177.0 2604.5 176.0 2604.5 171.0 2605.5 170.0 2605.5 165.0 2606.5 164.0 2606.5 158.0 2608.5 152.0 2611.5 136.0 2614.5 128.0 2614.5 122.0 2615.5 121.0 2615.5 113.0 2616.5 112.0 2616.5 107.0 2617.5 106.0 2617.5 100.0 2618.5 99.0 2618.5 93.0 2619.5 92.0 2620.5 83.0 2622.5 77.0 2622.5 72.0 2623.5 71.0 2623.5 64.0 2624.5 63.0 2624.5 53.0 2625.5 52.0 2627.5 38.0 2629.5 32.0 2629.5 28.0 2631.5 20.0 2634.5 12.0 2639.5 6.0 2639.5 0.0
 5ML_sorting_tube_rack 2230.0 2156.5 2173.0 2156.5 2172.0 2155.5 2128.0 2155.5 2127.0 2154.5 2112.0 2154.5 2111.0 2155.5 2098.0 2155.5 2097.0 2154.5 2054.0 2154.5 2053.0 2155.5 1982.0 2155.5 1981.0 2156.5 1863.0 2156.5 1862.0 2155.5 1694.0 2155.5 1693.0 2156.5 1589.0 2156.5 1588.0 2155.5 1583.0 2155.5 1577.5 2151.0 1576.5 2144.0 1575.5 2143.0 1575.5 2095.0 1576.5 2094.0 1576.5 2088.0 1575.5 2087.0 1575.5 2067.0 1576.5 2066.0 1576.5 2051.0 1575.5 2050.0 1576.5 2045.0 1576.5 2005.0 1577.5 2004.0 1577.5 1997.0 1576.5 1996.0 1576.5 1987.0 1577.5 1986.0 1577.5 1980.0 1579.5 1974.0 1579.5 1921.0 1580.5 1920.0 1580.5 1869.0 1581.5 1868.0 1581.5 1856.0 1582.5 1855.0 1582.5 1803.0 1583.5 1802.0 1583.5 1793.0 1584.5 1792.0 1584.5 1787.0 1583.5 1786.0 1583.5 1770.0 1584.5 1769.0 1584.5 1739.0 1585.5 1738.0 1585.5 1698.0 1586.5 1697.0 1588.5 1686.0 1593.5 1677.0 1600.0 1670.5 1603.0 1669.5 1609.0 1665.5 1615.0 1663.5 1619.0 1663.5 1625.0 1661.5 1634.0 1661.5 1635.0 1660.5 1644.0 1660.5 1645.0 1659.5 1652.0 1659.5 1653.0 1658.5 1660.0 1658.5 1661.0 1657.5 1667.0 1657.5 1668.0 1656.5 1673.0 1656.5 1678.0 1654.5 1683.0 1654.5 1693.0 1652.5 1699.0 1650.5 1704.0 1650.5 1705.0 1649.5 1716.0 1649.5 1717.0 1648.5 1723.0 1648.5 1724.0 1647.5 1730.0 1647.5 1731.0 1646.5 1736.0 1646.5 1746.0 1644.5 1747.0 1643.5 1755.0 1643.5 1756.0 1642.5 1764.0 1642.5 1765.0 1641.5 1772.0 1641.5 1773.0 1640.5 1779.0 1640.5 1780.0 1639.5 1786.0 1639.5 1787.0 1638.5 1792.0 1638.5 1798.0 1636.5 1803.0 1636.5 1804.0 1635.5 1814.0 1633.5 1819.0 1633.5 1820.0 1632.5 1826.0 1632.5 1827.0 1631.5 1835.0 1631.5 1836.0 1630.5 1845.0 1630.5 1846.0 1629.5 1854.0 1629.5 1855.0 1628.5 1865.0 1628.5 1866.0 1627.5 1871.0 1627.5 1876.0 1626.5 1881.0 1624.5 1887.0 1624.5 1888.0 1623.5 1894.0 1623.5 1895.0 1622.5 1900.0 1622.5 1901.0 1621.5 1911.0 1619.5 1920.0 1619.5 1921.0 1618.5 1928.0 1618.5 1933.0 1616.5 1938.0 1615.5 1944.0 1615.5 1945.0 1614.5 1953.0 1614.5 1954.0 1613.5 1964.0 1613.5 1965.0 1612.5 1975.0 1612.5 1981.0 1610.5 1986.0 1610.5 1987.0 1609.5 1994.0 1609.5 1995.0 1608.5 2001.0 1608.5 2002.0 1607.5 2007.0 1607.5 2008.0 1606.5 2014.0 1606.5 2020.0 1604.5 2025.0 1604.5 2031.0 1602.5 2039.0 1602.5 2040.0 1601.5 2047.0 1601.5 2048.0 1600.5 2054.0 1600.5 2055.0 1599.5 2061.0 1599.5 2062.0 1598.5 2071.0 1598.5 2072.0 1597.5 2078.0 1597.5 2082.0 1595.5 2087.0 1594.5 2099.0 1594.5 2100.0 1593.5 2112.0 1593.5 2113.0 1594.5 2120.0 1594.5 2127.0 1598.5 2132.5 1605.0 2136.5 1612.0 2142.5 1631.0 2143.5 1638.0 2145.5 1642.0 2146.5 1649.0 2148.5 1653.0 2148.5 1657.0 2150.5 1662.0 2150.5 1666.0 2152.5 1671.0 2154.5 1685.0 2156.5 1690.0 2156.5 1693.0 2159.5 1702.0 2159.5 1709.0 2160.5 1710.0 2160.5 1716.0 2161.5 1717.0 2163.5 1727.0 2163.5 1732.0 2164.5 1733.0 2164.5 1747.0 2165.5 1748.0 2165.5 1754.0 2166.5 1755.0 2166.5 1760.0 2167.5 1765.0 2170.5 1773.0 2171.5 1778.0 2171.5 1785.0 2172.5 1786.0 2172.5 1791.0 2176.5 1799.0 2180.5 1812.0 2181.5 1817.0 2181.5 1822.0 2184.5 1833.0 2184.5 1838.0 2186.5 1843.0 2186.5 1847.0 2188.5 1852.0 2188.5 1856.0 2191.5 1871.0 2192.5 1872.0 2194.5 1882.0 2194.5 1889.0 2195.5 1890.0 2195.5 1895.0 2196.5 1896.0 2196.5 1901.0 2198.5 1907.0 2202.5 1931.0 2204.5 1936.0 2204.5 1940.0 2208.5 1953.0 2208.5 1957.0 2210.5 1967.0 2212.5 1972.0 2213.5 1979.0 2217.5 1993.0 2217.5 1998.0 2218.5 1999.0 2218.5 2004.0 2219.5 2005.0 2219.5 2010.0 2221.5 2016.0 2221.5 2021.0 2222.5 2022.0 2222.5 2028.0 2223.5 2029.0 2223.5 2043.0 2224.5 2044.0 2224.5 2054.0 2225.5 2055.0 2225.5 2062.0 2227.5 2067.0 2227.5 2070.0 2229.5 2074.0 2229.5 2077.0 2231.5 2082.0 2231.5 2086.0 2233.5 2091.0 2233.5 2094.0 2235.5 2097.0 2237.5 2103.0 2241.5 2120.0 2242.5 2129.0 2244.5 2134.0 2244.5 2150.0 2241.0 2154.5 2237.0 2155.5 2231.0 2155.5 2230.0 2156.5
 5ML_centrifuge_tube 1323.0 917.5 1313.0 917.5 1312.0 916.5 1307.0 916.5 1301.0 914.5 1293.0 909.5 1286.5 903.0 1282.5 896.0 1282.5 894.0 1274.5 879.0 1273.5 876.0 1274.5 872.0 1274.5 863.0 1277.5 854.0 1279.5 851.0 1284.5 846.0 1284.5 845.0 1289.0 840.5 1298.0 835.5 1303.0 833.5 1317.0 829.5 1321.0 829.5 1325.0 827.5 1336.0 827.5 1337.0 828.5 1342.0 828.5 1345.0 830.5 1357.0 836.5 1362.5 842.0 1365.5 849.0 1365.5 852.0 1367.5 856.0 1367.5 865.0 1365.5 868.0 1362.5 875.0 1360.5 878.0 1359.5 882.0 1359.5 887.0 1358.5 888.0 1358.5 894.0 1357.5 895.0 1357.5 901.0 1356.5 905.0 1353.0 908.5 1340.0 913.5 1338.0 913.5 1330.0 916.5 1324.0 916.5 1323.0 917.5
 5ML_centrifuge_tube 1156.0 940.5 1135.0 940.5 1128.0 937.5 1124.0 933.5 1119.0 930.5 1114.5 926.0 1110.5 920.0 1106.5 912.0 1101.5 906.0 1099.5 899.0 1098.5 898.0 1098.5 889.0 1104.5 876.0 1110.0 870.5 1111.0 870.5 1118.0 863.5 1129.0 858.5 1142.0 853.5 1146.0 852.5 1151.0 852.5 1152.0 851.5 1165.0 851.5 1171.0 854.5 1173.0 854.5 1182.0 859.5 1185.5 863.0 1189.5 871.0 1191.5 879.0 1189.5 882.0 1187.5 889.0 1180.5 896.0 1176.5 905.0 1176.5 910.0 1175.5 911.0 1175.5 922.0 1172.5 931.0 1168.0 935.5 1165.0 937.5 1156.0 940.5
 5ML_centrifuge_tube 1254.0 1120.5 1238.0 1120.5 1233.0 1119.5 1222.0 1114.5 1211.5 1104.0 1208.5 1099.0 1208.5 1097.0 1204.5 1092.0 1203.5 1089.0 1200.5 1085.0 1199.5 1080.0 1197.5 1076.0 1197.5 1059.0 1198.5 1056.0 1208.5 1042.0 1214.0 1036.5 1220.0 1032.5 1224.0 1031.5 1231.0 1027.5 1233.0 1027.5 1239.0 1024.5 1249.0 1022.5 1260.0 1022.5 1261.0 1023.5 1269.0 1023.5 1273.0 1024.5 1278.0 1027.5 1282.0 1028.5 1286.0 1031.5 1290.5 1036.0 1295.5 1043.0 1297.5 1048.0 1302.5 1056.0 1307.5 1068.0 1307.5 1078.0 1306.5 1083.0 1303.5 1089.0 1295.5 1099.0 1291.0 1103.5 1284.0 1108.5 1279.0 1110.5 1272.0 1114.5 1270.0 1114.5 1258.0 1119.5 1254.0 1120.5
 10ML_centrifuge_tube 1227.0 864.5 1218.0 864.5 1217.0 863.5 1212.0 863.5 1207.0 862.5 1201.0 859.5 1195.0 857.5 1188.5 851.0 1184.5 843.0 1182.5 841.0 1178.5 832.0 1173.5 823.0 1171.5 817.0 1171.5 814.0 1169.5 809.0 1168.5 804.0 1169.5 796.0 1172.5 789.0 1175.5 785.0 1184.0 776.5 1188.0 773.5 1196.0 769.5 1201.0 768.5 1205.0 766.5 1219.0 763.5 1234.0 763.5 1235.0 764.5 1240.0 764.5 1241.0 765.5 1249.0 767.5 1254.0 770.5 1262.5 779.0 1268.5 788.0 1269.5 791.0 1273.5 798.0 1273.5 800.0 1276.5 805.0 1277.5 810.0 1279.5 814.0 1279.5 829.0 1278.5 834.0 1276.5 839.0 1271.0 844.5 1264.0 848.5 1260.0 852.5 1251.0 857.5 1243.0 859.5 1238.0 862.5 1233.0 863.5 1228.0 863.5 1227.0 864.5
 10ML_centrifuge_tube 1239.0 976.5 1222.0 976.5 1218.0 975.5 1211.0 972.5 1209.0 972.5 1203.0 969.5 1194.5 961.0 1194.5 960.0 1186.5 952.0 1181.5 944.0 1179.5 937.0 1177.5 934.0 1175.5 928.0 1175.5 910.0 1177.5 903.0 1180.5 898.0 1187.0 891.5 1188.0 891.5 1195.0 884.5 1205.0 879.5 1208.0 877.5 1213.0 876.5 1220.0 873.5 1227.0 873.5 1228.0 872.5 1247.0 872.5 1248.0 873.5 1253.0 873.5 1260.0 876.5 1263.0 878.5 1273.5 889.0 1281.5 901.0 1284.5 908.0 1288.5 913.0 1291.5 922.0 1291.5 941.0 1287.5 949.0 1282.5 954.0 1282.5 955.0 1275.0 962.5 1269.0 966.5 1263.0 969.5 1257.0 971.5 1250.0 972.5 1243.0 975.5 1239.0 976.5
 10ML_centrifuge_tube 1135.0 1059.5 1132.0 1059.5 1123.0 1054.5 1118.0 1053.5 1112.0 1049.5 1109.0 1046.5 1105.0 1044.5 1099.5 1038.0 1098.5 1035.0 1094.5 1030.0 1091.5 1025.0 1089.5 1020.0 1084.5 1015.0 1080.5 1008.0 1078.5 1002.0 1078.5 983.0 1079.5 980.0 1083.5 973.0 1092.0 964.5 1097.0 961.5 1106.0 954.5 1111.0 952.5 1118.0 948.5 1123.0 947.5 1130.0 944.5 1136.0 944.5 1137.0 943.5 1151.0 943.5 1156.0 945.5 1162.0 946.5 1173.0 954.5 1178.0 957.5 1182.5 962.0 1187.5 970.0 1190.5 973.0 1193.5 979.0 1195.5 981.0 1196.5 985.0 1199.5 991.0 1200.5 996.0 1200.5 1005.0 1201.5 1006.0 1201.5 1013.0 1200.5 1016.0 1196.5 1023.0 1188.5 1032.0 1188.5 1033.0 1179.0 1042.5 1175.0 1045.5 1159.0 1053.5 1155.0 1054.5 1150.0 1054.5 1146.0 1056.5 1143.0 1056.5 1135.0 1059.5
 5ML_sorting_tube_rack 1495.0 1479.5 1490.0 1478.5 1485.0 1475.5 1483.0 1475.5 1478.0 1472.5 1476.0 1472.5 1467.0 1466.5 1461.0 1463.5 1456.0 1458.5 1451.0 1454.5 1445.0 1451.5 1443.0 1449.5 1431.0 1442.5 1422.0 1435.5 1419.0 1434.5 1407.0 1425.5 1402.0 1423.5 1396.0 1419.5 1391.0 1414.5 1385.0 1410.5 1370.0 1403.5 1363.0 1398.5 1360.0 1395.5 1352.0 1391.5 1347.0 1386.5 1346.0 1386.5 1340.0 1380.5 1326.0 1371.5 1323.0 1370.5 1318.0 1366.5 1315.0 1365.5 1304.0 1359.5 1298.0 1354.5 1288.0 1348.5 1281.0 1345.5 1276.0 1341.5 1273.0 1340.5 1270.0 1337.5 1267.0 1336.5 1263.0 1333.5 1261.0 1333.5 1256.0 1330.5 1252.0 1329.5 1242.0 1319.5 1239.0 1318.5 1233.0 1314.5 1230.0 1313.5 1227.0 1310.5 1219.0 1305.5 1214.0 1300.5 1203.0 1292.5 1192.0 1288.5 1176.0 1280.5 1167.0 1275.5 1160.0 1272.5 1156.0 1269.5 1149.0 1262.5 1148.0 1262.5 1139.5 1254.0 1139.5 1253.0 1132.0 1245.5 1131.0 1245.5 1126.5 1241.0 1123.5 1236.0 1111.5 1224.0 1108.5 1220.0 1106.5 1215.0 1103.5 1210.0 1094.5 1198.0 1088.5 1192.0 1088.5 1191.0 1080.5 1179.0 1066.5 1165.0 1064.5 1162.0 1061.5 1154.0 1057.5 1148.0 1054.5 1145.0 1053.5 1142.0 1047.0 1134.5 1042.5 1131.0 1038.5 1125.0 1035.5 1119.0 1027.5 1111.0 1024.5 1106.0 1017.5 1099.0 1008.5 1085.0 998.5 1072.0 998.5 1071.0 990.5 1062.0 986.5 1056.0 985.5 1053.0 980.5 1047.0 978.5 1043.0 975.5 1040.0 974.5 1037.0 971.5 1033.0 962.5 1024.0 957.5 1015.0 957.5 1010.0 958.5 1008.0 966.0 1000.5 970.5 997.0 970.5 996.0 982.0 984.5 983.0 984.5 992.0 975.5 1002.0 969.5 1012.0 959.5 1016.0 956.5 1021.0 954.5 1027.0 950.5 1033.0 944.5 1042.0 939.5 1050.0 931.5 1059.0 925.5 1065.0 922.5 1070.0 918.5 1075.0 913.5 1080.0 909.5 1085.0 906.5 1090.0 904.5 1093.0 904.5 1097.5 901.0 1099.5 896.0 1100.5 890.0 1103.5 884.0 1105.5 882.0 1107.5 877.0 1120.0 864.5 1131.0 858.5 1133.0 858.5 1147.0 850.5 1151.0 849.5 1158.0 849.5 1159.0 848.5 1167.0 848.5 1173.0 850.5 1181.0 850.5 1182.5 849.0 1182.5 845.0 1177.0 842.5 1173.5 839.0 1172.5 836.0 1172.5 822.0 1173.5 817.0 1172.5 816.0 1172.5 811.0 1171.5 810.0 1171.5 797.0 1174.5 788.0 1180.0 783.5 1183.0 782.5 1187.0 779.5 1193.0 773.5 1206.0 766.5 1209.0 765.5 1215.0 765.5 1216.0 764.5 1239.0 764.5 1244.0 767.5 1250.0 769.5 1254.5 774.0 1254.5 775.0 1260.0 781.5 1271.0 787.5 1279.0 788.5 1288.0 793.5 1295.0 794.5 1300.0 796.5 1305.0 799.5 1310.0 803.5 1320.0 807.5 1323.0 809.5 1331.0 811.5 1334.0 813.5 1339.0 814.5 1341.0 816.5 1346.5 819.0 1346.5 820.0 1353.0 826.5 1356.0 828.5 1360.0 829.5 1367.5 834.0 1369.5 845.0 1372.0 850.5 1379.0 850.5 1380.0 849.5 1389.0 849.5 1395.0 847.5 1415.0 847.5 1416.0 848.5 1427.0 848.5 1428.0 849.5 1434.0 850.5 1445.0 856.5 1453.5 865.0 1453.5 866.0 1459.0 871.5 1468.0 875.5 1474.0 877.5 1477.0 877.5 1484.0 882.5 1494.0 885.5 1505.0 890.5 1515.0 894.5 1527.0 900.5 1535.0 906.5 1540.0 907.5 1543.0 909.5 1549.0 910.5 1552.0 912.5 1557.0 913.5 1564.0 916.5 1571.0 921.5 1578.0 924.5 1584.0 925.5 1591.0 929.5 1594.0 930.5 1606.0 936.5 1612.0 940.5 1614.0 940.5 1626.0 947.5 1634.0 951.5 1636.0 951.5 1646.5 958.0 1650.5 965.0 1650.5 974.0 1648.5 979.0 1648.5 987.0 1649.5 988.0 1649.5 995.0 1650.5 999.0 1653.5 1006.0 1653.5 1009.0 1655.5 1014.0 1656.5 1019.0 1659.5 1029.0 1671.5 1041.0 1679.5 1054.0 1683.5 1064.0 1684.5 1072.0 1686.5 1078.0 1686.5 1083.0 1689.5 1090.0 1691.5 1100.0 1696.5 1111.0 1698.5 1122.0 1699.5 1123.0 1701.5 1134.0 1708.5 1153.0 1711.5 1160.0 1712.5 1167.0 1715.5 1174.0 1715.5 1177.0 1717.5 1181.0 1717.5 1184.0 1719.5 1188.0 1721.5 1196.0 1723.5 1200.0 1725.5 1209.0 1726.5 1210.0 1726.5 1216.0 1727.5 1217.0 1727.5 1224.0 1721.5 1234.0 1716.5 1239.0 1713.5 1244.0 1696.5 1261.0 1691.5 1270.0 1670.5 1291.0 1666.5 1296.0 1664.5 1300.0 1657.5 1308.0 1657.5 1309.0 1642.5 1324.0 1637.5 1332.0 1633.5 1337.0 1614.5 1356.0 1614.5 1357.0 1599.5 1372.0 1599.5 1373.0 1594.5 1378.0 1588.5 1388.0 1580.5 1396.0 1575.5 1404.0 1559.5 1420.0 1555.5 1425.0 1552.5 1430.0 1540.5 1442.0 1535.5 1450.0 1529.5 1457.0 1529.5 1458.0 1520.0 1467.5 1519.0 1467.5 1513.0 1473.5 1507.0 1477.5 1503.0 1478.5 1496.0 1478.5 1495.0 1479.5
 5ML_sorting_tube_rack 1195.5 879.0 1198.5 875.0 1196.5 865.0 1194.0 859.5 1191.0 859.5 1189.5 861.0 1189.5 866.0 1188.5 867.0 1188.5 877.0 1190.0 879.5 1195.5 879.0
 5ML_sorting_tube_rack 1644.5 1137.0 1651.0 1134.5 1653.5 1130.0 1651.5 1125.0 1651.5 1119.0 1649.5 1115.0 1644.0 1109.5 1641.0 1109.5 1638.0 1112.5 1634.0 1114.5 1629.0 1115.5 1625.5 1119.0 1624.5 1124.0 1621.5 1131.0 1625.0 1134.5 1631.0 1134.5 1636.0 1135.5 1641.0 1137.5 1644.5 1137.0
 10ML_centrifuge_tube 3028.0 1274.5 3005.0 1274.5 2991.0 1271.5 2982.0 1267.5 2977.0 1266.5 2968.0 1260.5 2965.0 1259.5 2956.0 1252.5 2952.0 1250.5 2945.5 1244.0 2945.5 1243.0 2937.5 1234.0 2934.5 1228.0 2932.5 1222.0 2932.5 1215.0 2931.5 1214.0 2931.5 1205.0 2932.5 1200.0 2934.5 1196.0 2935.5 1191.0 2938.5 1186.0 2940.5 1180.0 2944.5 1172.0 2952.5 1158.0 2962.0 1148.5 2968.0 1144.5 2989.0 1136.5 2994.0 1136.5 2995.0 1135.5 3009.0 1135.5 3010.0 1136.5 3020.0 1136.5 3025.0 1137.5 3030.0 1139.5 3033.0 1139.5 3042.0 1143.5 3044.0 1143.5 3057.0 1149.5 3068.0 1157.5 3073.0 1162.5 3074.0 1162.5 3081.5 1170.0 3085.5 1175.0 3088.5 1182.0 3089.5 1189.0 3090.5 1190.0 3090.5 1196.0 3089.5 1197.0 3089.5 1204.0 3086.5 1212.0 3085.5 1217.0 3083.5 1222.0 3078.5 1232.0 3077.5 1235.0 3073.5 1242.0 3071.5 1247.0 3067.5 1253.0 3059.0 1261.5 3058.0 1261.5 3052.0 1266.5 3044.0 1270.5 3035.0 1273.5 3029.0 1273.5 3028.0 1274.5
 10ML_centrifuge_tube 2649.0 1602.5 2643.0 1602.5 2642.0 1601.5 2633.0 1601.5 2632.0 1600.5 2627.0 1600.5 2626.0 1599.5 2619.0 1598.5 2613.0 1596.5 2610.0 1594.5 2601.0 1591.5 2596.0 1587.5 2592.0 1585.5 2587.0 1581.5 2573.5 1568.0 2569.5 1562.0 2563.5 1551.0 2561.5 1546.0 2558.5 1535.0 2558.5 1520.0 2559.5 1519.0 2560.5 1512.0 2564.5 1501.0 2566.5 1498.0 2567.5 1493.0 2569.5 1490.0 2570.5 1485.0 2572.5 1482.0 2573.5 1477.0 2578.5 1469.0 2585.0 1462.5 2586.0 1462.5 2593.0 1456.5 2601.0 1452.5 2614.0 1448.5 2636.0 1448.5 2637.0 1449.5 2649.0 1449.5 2656.0 1452.5 2662.0 1453.5 2675.0 1459.5 2681.0 1463.5 2684.0 1466.5 2688.0 1468.5 2693.0 1472.5 2699.5 1479.0 2704.5 1487.0 2706.5 1489.0 2709.5 1497.0 2712.5 1503.0 2713.5 1510.0 2716.5 1525.0 2715.5 1526.0 2715.5 1533.0 2712.5 1543.0 2710.5 1546.0 2709.5 1551.0 2707.5 1554.0 2701.5 1570.0 2699.5 1572.0 2695.5 1579.0 2687.0 1587.5 2683.0 1590.5 2674.0 1595.5 2665.0 1598.5 2661.0 1600.5 2656.0 1600.5 2655.0 1601.5 2650.0 1601.5 2649.0 1602.5
 10ML_centrifuge_tube 3174.0 1522.5 3169.0 1521.5 3157.0 1521.5 3152.0 1519.5 3149.0 1519.5 3145.0 1517.5 3142.0 1517.5 3131.0 1513.5 3115.0 1505.5 3111.0 1502.5 3104.0 1495.5 3099.0 1492.5 3092.5 1486.0 3092.5 1485.0 3081.5 1474.0 3074.5 1461.0 3072.5 1452.0 3072.5 1432.0 3076.5 1423.0 3078.5 1417.0 3082.5 1412.0 3086.5 1405.0 3093.5 1396.0 3097.5 1390.0 3101.5 1386.0 3103.5 1382.0 3108.0 1377.5 3125.0 1368.5 3128.0 1367.5 3133.0 1367.5 3134.0 1366.5 3139.0 1366.5 3140.0 1365.5 3149.0 1364.5 3150.0 1363.5 3159.0 1363.5 3167.0 1366.5 3176.0 1367.5 3185.0 1370.5 3188.0 1370.5 3191.0 1372.5 3199.0 1374.5 3205.0 1377.5 3213.0 1383.5 3223.0 1389.5 3228.0 1393.5 3243.5 1409.0 3248.5 1416.0 3250.5 1422.0 3252.5 1425.0 3255.5 1434.0 3255.5 1452.0 3254.5 1453.0 3250.5 1467.0 3248.5 1470.0 3242.5 1476.0 3239.5 1482.0 3234.0 1487.5 3229.5 1491.0 3227.5 1495.0 3220.5 1504.0 3216.0 1508.5 3215.0 1508.5 3205.0 1516.5 3198.0 1519.5 3190.0 1520.5 3189.0 1521.5 3175.0 1521.5 3174.0 1522.5
 5ML_centrifuge_tube 3839.0 1852.5 3829.0 1852.5 3828.0 1851.5 3813.0 1848.5 3810.0 1846.5 3805.0 1845.5 3802.0 1843.5 3797.0 1842.5 3792.0 1840.5 3787.0 1837.5 3785.0 1837.5 3774.0 1831.5 3765.0 1828.5 3762.0 1826.5 3753.0 1822.5 3750.0 1819.5 3746.0 1817.5 3743.0 1814.5 3737.0 1811.5 3731.0 1806.5 3723.0 1801.5 3713.0 1791.5 3706.0 1787.5 3670.5 1752.0 3669.5 1749.0 3661.5 1739.0 3654.5 1725.0 3651.5 1720.0 3643.5 1701.0 3643.5 1698.0 3641.5 1693.0 3640.5 1684.0 3639.5 1683.0 3639.5 1678.0 3638.5 1677.0 3638.5 1669.0 3640.5 1664.0 3641.5 1657.0 3645.5 1650.0 3651.5 1644.0 3655.5 1638.0 3666.0 1627.5 3677.0 1619.5 3680.0 1618.5 3686.0 1614.5 3692.0 1608.5 3697.0 1605.5 3701.0 1601.5 3706.0 1598.5 3709.0 1595.5 3713.0 1593.5 3724.0 1585.5 3726.0 1585.5 3739.0 1578.5 3756.0 1573.5 3761.0 1573.5 3762.0 1572.5 3770.0 1572.5 3771.0 1571.5 3796.0 1571.5 3797.0 1572.5 3810.0 1572.5 3811.0 1573.5 3817.0 1573.5 3818.0 1574.5 3824.0 1575.5 3832.0 1579.5 3839.0 1579.5
dispensing_tube_rack 3839.0 2153.5 3830.0 2153.5 3829.0 2154.5 3799.0 2154.5 3798.0 2153.5 3779.0 2153.5 3778.0 2152.5 3749.0 2152.5 3748.0 2153.5 3649.0 2153.5 3648.0 2152.5 3640.0 2152.5 3639.0 2151.5 3628.0 2151.5 3627.0 2152.5 3620.0 2152.5 3616.0 2154.5 3611.0 2154.5 3610.0 2155.5 3605.0 2155.5 3604.0 2154.5 3598.0 2154.5 3593.0 2152.5 3544.0 2152.5 3543.0 2151.5 3202.0 2151.5 3201.0 2152.5 3129.0 2152.5 3128.0 2151.5 3122.0 2151.5 3121.0 2152.5 3050.0 2152.5 3049.0 2153.5 2996.0 2153.5 2995.0 2154.5 2991.0 2153.5 2982.0 2153.5 2981.0 2152.5 2974.0 2152.5 2968.0 2154.5 2793.0 2154.5 2792.0 2155.5 2785.0 2155.5 2784.0 2156.5 2760.0 2156.5 2759.0 2155.5 2666.0 2155.5 2665.0 2154.5 2652.0 2154.5 2651.0 2153.5 2624.0 2153.5 2623.0 2152.5 2614.0 2152.5 2613.0 2153.5 2599.0 2153.5 2598.0 2154.5 2526.0 2154.5 2525.0 2153.5 2518.0 2153.5 2517.0 2152.5 2511.0 2152.5 2502.0 2150.5 2497.0 2144.5 2493.0 2143.5 2492.0 2144.5 2483.0 2144.5 2479.0 2143.5 2475.0 2140.5 2472.0 2139.5 2467.5 2135.0 2463.5 2128.0 2463.5 2126.0 2460.5 2120.0 2458.5 2108.0 2453.5 2097.0 2449.5 2083.0 2448.5 2074.0 2446.5 2069.0 2446.5 2065.0 2444.5 2060.0 2443.5 2051.0 2440.5 2041.0 2438.5 2037.0 2438.5 2034.0 2436.5 2030.0 2436.5 2027.0 2434.5 2023.0 2434.5 2019.0 2429.5 2005.0 2426.5 1987.0 2424.5 1983.0 2423.5 1978.0 2421.5 1975.0 2419.5 1969.0 2418.5 1960.0 2416.5 1955.0 2416.5 1952.0 2414.5 1948.0 2414.5 1945.0 2412.5 1941.0 2411.5 1934.0 2410.5 1933.0 2407.5 1921.0 2405.5 1918.0 2402.5 1908.0 2401.5 1899.0 2399.5 1894.0 2398.5 1889.0 2396.5 1886.0 2389.5 1862.0 2387.5 1853.0 2384.5 1844.0 2384.5 1841.0 2381.5 1829.0 2378.5 1822.0 2377.5 1815.0 2376.5 1814.0 2373.5 1801.0 2369.5 1791.0 2368.5 1787.0 2368.5 1782.0 2367.5 1777.0 2363.5 1764.0 2361.5 1760.0 2361.5 1757.0 2359.5 1753.0 2358.5 1746.0 2356.5 1742.0 2355.5 1737.0 2353.5 1734.0 2353.5 1731.0 2351.5 1726.0 2350.5 1721.0 2344.5 1703.0 2344.5 1698.0 2343.5 1697.0 2343.5 1692.0 2342.5 1687.0 2338.5 1676.0 2335.5 1670.0 2333.5 1656.0 2331.5 1652.0 2331.5 1649.0 2329.5 1645.0 2327.5 1634.0 2326.5 1633.0 2325.5 1626.0 2323.5 1621.0 2320.5 1609.0 2318.5 1606.0 2310.5 1580.0 2309.5 1571.0 2308.5 1570.0 2305.5 1557.0 2303.5 1554.0 2301.5 1547.0 2301.5 1543.0 2298.5 1534.0 2297.5 1527.0 2295.5 1523.0 2290.5 1500.0 2288.5 1497.0 2285.5 1485.0 2285.5 1480.0 2284.5 1479.0 2284.5 1473.0 2283.5 1472.0 2283.5 1467.0 2282.5 1466.0 2282.5 1454.0 2281.5 1453.0 2282.5 1445.0 2288.0 1438.5 2303.0 1435.5 2309.0 1433.5 2316.0 1433.5 2317.0 1432.5 2323.0 1432.5 2329.0 1430.5 2336.0 1430.5 2337.0 1429.5 2350.0 1429.5 2351.0 1428.5 2360.0 1428.5 2361.0 1427.5 2371.0 1427.5 2375.0 1428.5 2378.5 1421.0 2378.5 1416.0 2375.5 1407.0 2374.5 1402.0 2374.5 1397.0 2372.5 1388.0 2367.5 1374.0 2366.5 1370.0 2366.5 1361.0 2365.5 1360.0 2365.5 1352.0 2364.5 1351.0 2364.5 1346.0 2363.5 1345.0 2364.5 1338.0 2365.5 1337.0 2367.5 1328.0 2370.5 1322.0 2376.0 1316.5 2388.0 1312.5 2394.0 1309.5 2396.5 1307.0 2399.5 1299.0 2400.5 1294.0 2400.5 1289.0 2401.5 1288.0 2401.5 1282.0 2402.5 1281.0 2402.5 1276.0 2403.5 1275.0 2403.5 1270.0 2407.0 1264.5 2411.0 1262.5 2428.0 1259.5 2437.0 1256.5 2441.0 1256.5 2450.0 1253.5 2459.0 1253.5 2460.0 1252.5 2472.0 1252.5 2473.0 1251.5 2481.0 1251.5 2482.0 1250.5 2488.0 1250.5 2489.0 1249.5 2495.0 1249.5 2496.0 1248.5 2502.0 1248.5 2503.0 1247.5 2509.0 1247.5 2510.0 1246.5 2522.0 1246.5 2523.0 1245.5 2532.0 1245.5 2533.0 1244.5 2539.0 1244.5 2540.0 1243.5 2545.0 1243.5 2550.0 1241.5 2554.0 1241.5 2559.0 1239.5 2564.0 1238.5 2569.0 1238.5 2570.0 1237.5 2576.0 1237.5 2577.0 1236.5 2585.0 1236.5 2586.0 1235.5 2591.0 1235.5 2592.0 1234.5 2598.0 1234.5 2599.0 1233.5 2605.0 1233.5 2606.0 1232.5 2612.0 1232.5 2613.0 1231.5 2619.0 1231.5 2620.0 1230.5 2627.0 1230.5 2628.0 1229.5 2634.0 1229.5 2635.0 1228.5 2640.0 1228.5 2641.0 1227.5 2646.0 1227.5 2647.0 1226.5 2654.0 1226.5 2655.0 1225.5 2662.0 1225.5 2663.0 1224.5 2669.0 1224.5 2670.0 1223.5 2676.0 1223.5 2682.0 1221.5 2686.0 1221.5 2692.0 1219.5 2700.0 1219.5 2701.0 1218.5 2708.0 1218.5 2709.0 1217.5 2715.0 1217.5 2716.0 1216.5 2721.0 1216.5 2722.0 1215.5 2728.0 1215.5 2729.0 1214.5 2735.0 1214.5 2736.0 1213.5 2742.0 1213.5 2743.0 1212.5 2748.0 1212.5 2752.0 1211.5 2759.0 1208.5 2767.0 1207.5 2768.0 1206.5 2774.0 1206.5 2775.0 1205.5 2781.0 1205.5 2782.0 1204.5 2791.0 1204.5 2792.0 1203.5 2800.0 1203.5 2801.0 1202.5 2808.0 1202.5 2809.0 1201.5 2817.0 1201.5 2818.0 1200.5 2825.0 1200.5 2826.0 1199.5 2833.0 1199.5 2834.0 1198.5 2841.0 1198.5 2842.0 1197.5 2849.0 1197.5 2850.0 1196.5 2856.0 1196.5 2857.0 1195.5 2864.0 1195.5 2865.0 1194.5 2871.0 1194.5 2872.0 1193.5 2880.0 1193.5 2881.0 1192.5 2888.0 1192.5 2894.0 1190.5 2899.0 1190.5 2900.0 1189.5 2909.0 1189.5 2910.0 1188.5 2925.0 1188.5 2926.0 1189.5 2934.0 1189.5 2941.5 1182.0 2944.5 1175.0 2948.5 1170.0 2949.5 1167.0 2956.5 1157.0 2961.0 1152.5 2964.0 1150.5 2970.0 1148.5 2978.0 1144.5 2982.0 1144.5 2991.0 1141.5 2996.0 1141.5 2997.0 1140.5 3014.0 1140.5 3015.0 1141.5 3021.0 1141.5 3026.0 1142.5 3031.0 1144.5 3036.0 1144.5 3045.0 1147.5 3052.0 1148.5 3061.0 1157.5 3066.0 1160.5 3070.5 1165.0 3070.5 1166.0 3083.5 1177.0 3087.5 1186.0 3089.5 1189.0 3096.0 1195.5 3109.0 1203.5 3112.0 1204.5 3117.0 1204.5 3118.0 1205.5 3136.0 1205.5 3137.0 1204.5 3142.0 1204.5 3148.0 1207.5 3155.0 1214.5 3161.0 1218.5 3168.0 1225.5 3169.0 1225.5 3177.5 1236.0 3183.5 1246.0 3189.5 1253.0 3189.5 1254.0 3196.5 1264.0 3204.5 1273.0 3211.5 1284.0 3214.5 1291.0 3220.5 1298.0 3220.5 1299.0 3225.5 1304.0 3225.5 1305.0 3231.0 1309.5 3238.0 1309.5 3243.0 1308.5 3248.0 1306.5 3252.0 1306.5 3257.0 1304.5 3262.0 1303.5 3267.0 1303.5 3268.0 1302.5 3273.0 1302.5 3278.0 1301.5 3287.0 1298.5 3296.0 1297.5 3304.0 1294.5 3312.0 1294.5 3313.0 1293.5 3324.0 1293.5 3325.0 1292.5 3331.0 1292.5 3332.0 1291.5 3340.0 1291.5 3341.0 1290.5 3354.0 1290.5 3355.0 1289.5 3360.0 1289.5 3361.0 1288.5 3366.0 1288.5 3367.0 1287.5 3392.0 1287.5 3396.0 1286.5 3401.0 1283.5 3404.0 1280.5 3408.0 1278.5 3413.5 1273.0 3415.5 1269.0 3423.5 1261.0 3423.5 1260.0 3432.5 1251.0 3432.5 1250.0 3445.5 1237.0 3445.5 1236.0 3451.5 1230.0 3457.5 1221.0 3461.5 1216.0 3467.5 1210.0 3467.5 1209.0 3479.5 1197.0 3483.5 1189.0 3491.5 1181.0 3491.5 1180.0 3500.0 1171.5 3501.0 1171.5 3508.5 1164.0 3508.5 1163.0 3515.5 1153.0 3521.5 1147.0 3521.5 1146.0 3539.5 1128.0 3543.5 1122.0 3544.5 1119.0 3548.5 1113.0 3557.0 1105.5 3561.0 1102.5 3567.0 1099.5 3572.0 1095.5 3578.0 1092.5 3583.0 1091.5 3589.0 1091.5 3593.0 1090.5 3596.0 1088.5 3607.0 1085.5 3624.0 1085.5 3625.0 1084.5 3639.0 1084.5 3640.0 1083.5 3651.0 1083.5 3652.0 1082.5 3664.0 1080.5 3665.0 1079.5 3671.0 1079.5 3672.0 1078.5 3685.0 1078.5 3686.0 1077.5 3692.0 1077.5 3693.0 1076.5 3700.0 1076.5 3701.0 1075.5 3707.0 1075.5 3713.0 1073.5 3718.0 1073.5 3719.0 1072.5 3724.0 1072.5 3725.0 1071.5 3734.0 1070.5 3735.0 1069.5 3740.0 1069.5 3741.0 1068.5 3747.0 1068.5 3748.0 1067.5 3754.0 1067.5 3755.0 1066.5 3761.0 1066.5 3762.0 1065.5 3770.0 1065.5 3771.0 1064.5 3778.0 1064.5 3779.0 1063.5 3784.0 1063.5 3785.0 1062.5 3793.0 1062.5 3794.0 1061.5 3802.0 1061.5 3803.0 1060.5 3808.0 1060.5 3813.0 1058.5 3819.0 1058.5 3820.0 1057.5 3825.0 1057.5 3826.0 1056.5 3832.0 1056.5 3833.0 1055.5 3839.0 1055.5
dispensing_tube_rack 3195.5 1656.0 3203.0 1655.5 3204.0 1654.5 3209.0 1654.5 3210.0 1653.5 3217.0 1653.5 3223.0 1651.5 3228.0 1651.5 3229.0 1650.5 3236.0 1650.5 3237.0 1649.5 3245.0 1649.5 3246.0 1648.5 3252.0 1648.5 3253.0 1647.5 3261.0 1647.5 3262.0 1646.5 3283.0 1646.5 3284.0 1645.5 3293.0 1645.5 3294.0 1644.5 3299.0 1644.5 3300.0 1643.5 3306.0 1643.5 3307.0 1642.5 3317.0 1642.5 3318.0 1641.5 3325.0 1641.5 3326.0 1640.5 3331.0 1640.5 3332.0 1639.5 3337.0 1639.5 3338.0 1638.5 3346.0 1638.5 3347.0 1637.5 3355.0 1637.5 3365.0 1635.5 3370.0 1633.5 3379.0 1632.5 3380.0 1631.5 3392.0 1631.5 3393.0 1630.5 3400.0 1630.5 3401.0 1629.5 3406.0 1629.5 3412.5 1625.0 3403.0 1622.5 3395.0 1618.5 3389.5 1613.0 3386.5 1608.0 3382.5 1596.0 3374.5 1588.0 3371.5 1581.0 3367.5 1576.0 3362.5 1567.0 3354.5 1556.0 3350.5 1549.0 3343.5 1540.0 3342.5 1537.0 3327.5 1522.0 3323.5 1515.0 3321.5 1510.0 3317.0 1506.5 3310.5 1500.0 3308.0 1496.5 3305.0 1496.5 3303.5 1499.0 3301.5 1507.0 3301.5 1523.0 3299.5 1527.0 3293.0 1533.5 3285.0 1537.5 3273.5 1549.0 3272.5 1552.0 3264.0 1562.5 3256.0 1567.5 3244.5 1579.0 3242.5 1583.0 3237.0 1588.5 3230.0 1592.5 3224.5 1600.0 3219.5 1605.0 3215.5 1610.0 3212.5 1616.0 3209.0 1619.5 3201.0 1623.5 3194.0 1624.5 3189.0 1626.5 3186.5 1630.0 3184.5 1639.0 3183.5 1640.0 3183.5 1649.0 3181.5 1655.0 3184.0 1656.5 3195.0 1656.5 3195.5 1656.0
dispensing_tube_rack 3839.0 1558.5 3831.0 1558.5 3826.0 1560.5 3815.0 1562.5 3811.5 1565.0 3811.5 1568.0 3815.0 1570.5 3823.0 1572.5 3827.0 1572.5 3831.0 1574.5 3839.0 1574.5
dispensing_tube_rack 3110.5 1671.0 3114.0 1669.5 3106.0 1669.5 3106.0 1670.5 3110.5 1671.0
blood_tube 516.0 1513.5 503.0 1513.5 492.0 1510.5 485.0 1506.5 482.0 1505.5 478.0 1502.5 462.0 1486.5 457.0 1482.5 452.0 1479.5 443.0 1470.5 442.0 1470.5 436.0 1464.5 435.0 1464.5 429.0 1458.5 423.0 1455.5 419.0 1452.5 414.5 1448.0 410.5 1441.0 409.5 1438.0 409.5 1429.0 413.5 1418.0 415.5 1414.0 421.5 1407.0 421.5 1406.0 430.0 1397.5 437.0 1393.5 440.0 1390.5 446.0 1387.5 451.0 1383.5 462.0 1377.5 464.0 1377.5 469.0 1374.5 475.0 1373.5 481.0 1371.5 486.0 1371.5 487.0 1370.5 504.0 1370.5 508.0 1372.5 515.0 1373.5 519.0 1375.5 524.0 1379.5 529.0 1382.5 536.0 1389.5 543.0 1394.5 549.0 1397.5 554.0 1402.5 558.0 1405.5 571.0 1412.5 578.0 1417.5 581.0 1418.5 587.5 1424.0 591.5 1429.0 593.5 1434.0 593.5 1439.0 594.5 1440.0 594.5 1449.0 591.5 1455.0 590.5 1460.0 586.5 1467.0 582.5 1472.0 576.5 1478.0 576.5 1479.0 564.0 1491.5 548.0 1502.5 538.0 1506.5 533.0 1509.5 527.0 1510.5 522.0 1512.5 517.0 1512.5 516.0 1513.5
blood_tube 336.0 1535.5 331.0 1535.5 330.0 1534.5 320.0 1534.5 309.0 1530.5 298.0 1524.5 294.0 1521.5 283.0 1510.5 275.0 1505.5 272.0 1502.5 268.0 1500.5 265.0 1497.5 254.0 1491.5 249.0 1486.5 245.0 1484.5 242.0 1481.5 232.0 1474.5 229.0 1473.5 224.5 1469.0 221.5 1463.0 221.5 1457.0 222.5 1456.0 222.5 1449.0 223.5 1446.0 227.5 1439.0 228.5 1436.0 238.0 1426.5 239.0 1426.5 244.0 1421.5 249.0 1418.5 253.0 1414.5 257.0 1412.5 260.0 1409.5 270.0 1404.5 275.0 1402.5 279.0 1399.5 281.0 1399.5 286.0 1396.5 288.0 1396.5 294.0 1393.5 298.0 1393.5 303.0 1391.5 310.0 1391.5 311.0 1390.5 321.0 1390.5 326.0 1391.5 337.0 1396.5 339.0 1398.5 348.0 1403.5 354.0 1407.5 360.0 1413.5 365.0 1416.5 372.0 1422.5 373.0 1422.5 379.0 1427.5 385.0 1430.5 388.0 1433.5 395.0 1438.5 399.0 1439.5 408.0 1444.5 417.5 1454.0 420.5 1460.0 420.5 1464.0 416.5 1474.0 415.5 1479.0 413.5 1483.0 409.5 1488.0 406.5 1494.0 400.5 1500.0 400.5 1501.0 391.0 1510.5 390.0 1510.5 384.0 1515.5 381.0 1516.5 372.0 1521.5 369.0 1522.5 365.0 1525.5 363.0 1525.5 354.0 1530.5 352.0 1530.5 345.0 1533.5 337.0 1534.5 336.0 1535.5
blood_tube 251.0 1688.5 244.0 1688.5 243.0 1687.5 234.0 1687.5 229.0 1686.5 224.0 1683.5 219.0 1681.5 212.0 1675.5 201.0 1669.5 198.0 1668.5 183.0 1660.5 181.0 1660.5 170.0 1654.5 165.0 1652.5 160.0 1649.5 155.0 1647.5 153.0 1645.5 144.0 1641.5 139.5 1638.0 139.5 1637.0 133.0 1630.5 132.0 1630.5 127.5 1625.0 126.5 1622.0 126.5 1617.0 125.5 1612.0 126.5 1608.0 129.5 1602.0 129.5 1600.0 132.5 1594.0 135.5 1591.0 139.5 1584.0 145.0 1578.5 146.0 1578.5 152.0 1572.5 153.0 1572.5 163.0 1562.5 164.0 1562.5 169.0 1557.5 172.0 1555.5 179.0 1552.5 186.0 1548.5 188.0 1548.5 197.0 1543.5 199.0 1543.5 205.0 1540.5 209.0 1540.5 215.0 1538.5 220.0 1539.5 225.0 1539.5 230.0 1540.5 243.0 1547.5 245.0 1547.5 258.0 1554.5 264.0 1556.5 270.0 1560.5 283.0 1567.5 295.0 1571.5 302.0 1575.5 309.0 1577.5 314.0 1580.5 329.0 1587.5 336.0 1594.5 337.0 1594.5 339.5 1599.0 341.5 1606.0 341.5 1615.0 339.5 1619.0 339.5 1622.0 337.5 1628.0 334.5 1632.0 333.5 1635.0 329.5 1641.0 324.5 1646.0 324.5 1647.0 319.0 1652.5 318.0 1652.5 308.0 1662.5 295.0 1672.5 283.0 1679.5 281.0 1681.5 273.0 1684.5 263.0 1686.5 262.0 1687.5 252.0 1687.5 251.0 1688.5
blood_tube 144.0 1574.5 137.0 1574.5 131.0 1572.5 126.0 1572.5 112.0 1567.5 105.0 1560.5 101.0 1558.5 90.0 1551.5 77.0 1545.5 75.0 1543.5 65.0 1539.5 62.0 1537.5 55.0 1534.5 41.0 1524.5 38.0 1523.5 32.5 1518.0 31.5 1512.0 30.5 1511.0 30.5 1497.0 29.5 1496.0 30.5 1490.0 36.5 1479.0 41.5 1471.0 51.0 1461.5 64.0 1451.5 70.0 1447.5 73.0 1446.5 80.0 1441.5 86.0 1439.5 98.0 1434.5 103.0 1433.5 110.0 1433.5 111.0 1432.5 117.0 1432.5 118.0 1433.5 127.0 1433.5 134.0 1437.5 143.0 1441.5 151.0 1448.5 157.0 1452.5 186.0 1467.5 191.0 1470.5 197.0 1472.5 200.0 1474.5 205.0 1475.5 210.0 1477.5 212.0 1479.5 218.0 1482.5 224.5 1489.0 226.5 1493.0 229.5 1504.0 228.5 1509.0 224.5 1516.0 223.5 1521.0 221.5 1525.0 220.5 1530.0 215.0 1535.5 205.0 1539.5 202.0 1539.5 193.0 1542.5 180.0 1549.5 175.0 1553.5 172.0 1554.5 156.0 1567.5 151.0 1570.5 146.0 1572.5 144.0 1574.5
blood_tube 0.0 1584.5 13.0 1584.5 14.0 1583.5 25.0 1583.5 26.0 1584.5 38.0 1587.5 45.0 1592.5 51.0 1594.5 56.0 1597.5 61.0 1598.5 64.0 1600.5 70.0 1602.5 75.0 1605.5 80.0 1609.5 86.0 1612.5 88.0 1612.5 95.0 1616.5 102.0 1618.5 105.0 1620.5 114.0 1622.5 120.0 1624.5 125.0 1627.5 134.0 1636.5 135.0 1636.5 139.5 1641.0 145.5 1650.0 147.5 1655.0 146.5 1659.0 141.5 1664.0 138.5 1668.0 135.5 1674.0 132.5 1677.0 130.5 1681.0 121.0 1690.5 112.0 1696.5 103.0 1704.5 99.0 1706.5 96.0 1709.5 93.0 1710.5 87.0 1714.5 77.0 1717.5 73.0 1717.5 68.0 1719.5 51.0 1719.5 43.0 1716.5 41.0 1716.5 32.0 1711.5 29.0 1708.5 22.0 1703.5 12.0 1698.5 6.0 1694.5 0.0 1694.5
 10ML_sorting_tube_rack 0.0 1699.5 8.0 1699.5 11.0 1701.5 18.0 1703.5 29.0 1709.5 35.0 1715.5 39.0 1717.5 48.0 1719.5 53.0 1719.5 54.0 1720.5 60.0 1720.5 61.0 1721.5 70.0 1721.5 71.0 1720.5 78.0 1719.5 86.0 1715.5 89.0 1712.5 94.0 1710.5 96.0 1708.5 105.0 1704.5 110.0 1701.5 118.0 1693.5 123.0 1690.5 125.0 1690.5 131.5 1685.0 133.5 1681.0 139.0 1675.5 144.0 1672.5 155.0 1661.5 159.0 1659.5 165.0 1659.5 166.0 1658.5 172.0 1658.5 177.0 1661.5 185.0 1669.5 190.0 1671.5 196.0 1671.5 197.0 1672.5 202.0 1672.5 209.0 1675.5 211.0 1675.5 220.0 1682.5 225.0 1685.5 231.0 1686.5 239.0 1689.5 244.0 1689.5 245.0 1690.5 252.0 1690.5 253.0 1689.5 260.0 1689.5 267.0 1687.5 270.0 1685.5 274.0 1684.5 279.0 1680.5 284.0 1677.5 293.0 1674.5 299.0 1670.5 302.0 1667.5 305.0 1666.5 324.5 1647.0 328.5 1642.0 334.5 1632.0 337.5 1629.0 340.5 1622.0 340.5 1620.0 344.5 1613.0 342.5 1603.0 339.5 1597.0 332.0 1589.5 328.0 1586.5 319.0 1582.5 312.0 1577.5 299.0 1571.5 294.0 1567.5 284.0 1565.5 283.0 1564.5 275.0 1563.5 270.0 1560.5 268.0 1560.5 259.0 1555.5 253.0 1553.5 245.0 1547.5 237.0 1542.5 231.5 1537.0 229.5 1533.0 229.5 1528.0 228.5 1527.0 228.5 1522.0 230.5 1518.0 230.5 1515.0 232.5 1511.0 233.5 1504.0 236.5 1498.0 240.0 1494.5 244.0 1492.5 250.0 1492.5 255.0 1494.5 266.0 1500.5 273.0 1507.5 278.0 1509.5 286.0 1514.5 300.0 1525.5 301.0 1525.5 312.0 1531.5 317.0 1533.5 323.0 1534.5 324.0 1535.5 341.0 1535.5 345.0 1533.5 348.0 1533.5 358.0 1529.5 361.0 1527.5 369.0 1525.5 371.0 1523.5 376.0 1521.5 378.0 1519.5 384.0 1516.5 388.0 1512.5 392.0 1510.5 397.5 1505.0 399.5 1501.0 406.0 1494.5 407.0 1494.5 411.5 1490.0 412.5 1486.0 414.5 1483.0 418.5 1469.0 425.0 1462.5 429.0 1462.5 438.0 1467.5 446.0 1475.5 451.0 1478.5 455.0 1482.5 461.0 1486.5 470.0 1495.5 471.0 1495.5 484.0 1508.5 492.0 1511.5 501.0 1512.5 502.0 1513.5 519.0 1513.5 520.0 1512.5 525.0 1512.5 531.0 1510.5 537.0 1509.5 549.0 1502.5 554.0 1497.5 560.0 1494.5 564.0 1491.5 567.5 1485.0 573.0 1479.5 574.0 1479.5 578.5 1475.0 580.5 1471.0 588.5 1463.0 590.5 1460.0 592.5 1451.0 593.5 1450.0 593.5 1439.0 592.5 1438.0 592.5 1433.0 591.5 1430.0 588.5 1426.0 582.0 1419.5 566.0 1410.5 563.0 1407.5 554.0 1402.5 540.5 1389.0 544.0 1384.5 549.0 1382.5 551.0 1380.5 559.0 1376.5 563.0 1375.5 575.0 1375.5 581.0 1373.5 586.0 1373.5 587.0 1372.5 592.0 1372.5 597.0 1370.5 602.0 1369.5 609.0 1369.5 610.0 1368.5 615.0 1368.5 621.0 1366.5 626.0 1366.5 627.0 1365.5 632.0 1365.5 633.0 1364.5 639.0 1364.5 640.0 1363.5 646.0 1363.5 647.0 1362.5 653.0 1362.5 654.0 1361.5 659.0 1361.5 660.0 1360.5 669.0 1359.5 679.0 1357.5 680.0 1356.5 685.0 1356.5 691.0 1354.5 699.0 1354.5 700.0 1353.5 709.0 1353.5 710.0 1352.5 716.0 1352.5 717.0 1351.5 722.0 1351.5 728.0 1349.5 733.0 1349.5 734.0 1348.5 739.0 1348.5 740.0 1347.5 745.0 1347.5 746.0 1346.5 751.0 1346.5 752.0 1345.5 758.0 1345.5 759.0 1344.5 764.0 1344.5 765.0 1343.5 771.0 1343.5 777.0 1341.5 784.0 1340.5 785.0 1339.5 791.0 1339.5 792.0 1338.5 797.0 1338.5 798.0 1337.5 803.0 1337.5 804.0 1336.5 809.0 1336.5 810.0 1335.5 817.0 1335.5 818.0 1334.5 836.0 1334.5 846.0 1338.5 851.5 1345.0 851.5 1347.0 856.5 1363.0 859.5 1368.0 890.0 1398.5 891.0 1398.5 897.0 1404.5 906.0 1409.5 911.0 1410.5 920.0 1413.5 924.0 1415.5 934.0 1425.5 935.0 1425.5 943.5 1434.0 943.5 1435.0 951.0 1442.5 952.0 1442.5 956.5 1447.0 956.5 1448.0 962.0 1453.5 967.0 1456.5 986.5 1476.0 986.5 1477.0 996.0 1486.5 1000.0 1488.5 1002.5 1492.0 1013.0 1502.5 1014.0 1502.5 1018.5 1507.0 1018.5 1508.0 1025.0 1515.5 1033.0 1520.5 1039.0 1526.5 1052.0 1533.5 1060.0 1538.5 1064.0 1539.5 1068.5 1544.0 1070.5 1551.0 1069.5 1556.0 1069.5 1569.0 1068.5 1570.0 1068.5 1576.0 1067.5 1577.0 1067.5 1583.0 1066.5 1584.0 1066.5 1589.0 1064.5 1595.0 1064.5 1599.0 1060.5 1615.0 1055.5 1628.0 1055.5 1636.0 1054.5 1637.0 1054.5 1645.0 1053.5 1646.0 1053.5 1651.0 1050.5 1662.0 1049.5 1671.0 1046.5 1678.0 1045.5 1683.0 1043.5 1686.0 1043.5 1689.0 1041.5 1693.0 1041.5 1696.0 1039.5 1700.0 1038.5 1708.0 1036.5 1714.0 1036.5 1719.0 1034.5 1724.0 1033.5 1733.0 1031.5 1737.0 1030.5 1742.0 1028.5 1745.0 1027.5 1749.0 1027.5 1759.0 1026.5 1760.0 1026.5 1766.0 1024.5 1772.0 1024.5 1780.0 1023.5 1781.0 1023.5 1791.0 1022.5 1792.0 1020.5 1804.0 1018.5 1809.0 1018.5 1815.0 1017.5 1816.0 1016.5 1824.0 1013.5 1831.0 1013.5 1834.0 1011.5 1839.0 1010.5 1846.0 1008.5 1852.0 1008.5 1859.0 1007.5 1860.0 1007.5 1868.0 1006.5 1869.0 1006.5 1875.0 1005.5 1876.0 1005.5 1882.0 1002.5 1893.0 1000.5 1905.0 998.5 1909.0 998.5 1913.0 993.5 1927.0 992.5 1932.0 992.5 1938.0 991.5 1943.0 989.5 1947.0 989.5 1950.0 985.5 1960.0 983.5 1969.0 979.5 1976.0 973.0 1982.5 972.0 1982.5 961.0 1993.5 957.0 1996.5 951.0 1999.5 943.0 2001.5 939.0 2003.5 934.0 2004.5 928.0 2004.5 927.0 2005.5 921.0 2005.5 920.0 2006.5 915.0 2006.5 914.0 2007.5 909.0 2007.5 908.0 2008.5 903.0 2008.5 902.0 2009.5 897.0 2009.5 896.0 2010.5 890.0 2010.5 889.0 2011.5 884.0 2011.5 883.0 2012.5 877.0 2012.5 876.0 2013.5 868.0 2013.5 867.0 2014.5 859.0 2014.5 858.0 2015.5 851.0 2015.5 850.0 2016.5 843.0 2016.5 842.0 2017.5 837.0 2017.5 832.0 2018.5 827.0 2020.5 823.0 2020.5 817.0 2022.5 811.0 2022.5 810.0 2023.5 804.0 2023.5 803.0 2024.5 798.0 2024.5 792.0 2026.5 787.0 2026.5 786.0 2027.5 781.0 2027.5 770.0 2030.5 765.0 2030.5 760.0 2031.5 755.0 2033.5 752.0 2033.5 748.0 2035.5 740.0 2036.5 739.0 2037.5 734.0 2037.5 733.0 2038.5 728.0 2038.5 722.0 2040.5 717.0 2040.5 716.0 2041.5 711.0 2041.5 710.0 2042.5 700.0 2042.5 699.0 2043.5 692.0 2043.5 691.0 2044.5 684.0 2044.5 683.0 2045.5 677.0 2045.5 676.0 2046.5 670.0 2046.5 669.0 2047.5 663.0 2047.5 662.0 2048.5 652.0 2050.5 647.0 2050.5 646.0 2051.5 641.0 2051.5 640.0 2052.5 634.0 2052.5 633.0 2053.5 628.0 2053.5 627.0 2054.5 621.0 2054.5 616.0 2056.5 611.0 2057.5 606.0 2057.5 605.0 2058.5 594.0 2058.5 593.0 2059.5 588.0 2059.5 583.0 2060.5 578.0 2062.5 573.0 2062.5 572.0 2063.5 567.0 2063.5 566.0 2064.5 561.0 2064.5 560.0 2065.5 555.0 2065.5 554.0 2066.5 549.0 2066.5 540.0 2069.5 530.0 2071.5 524.0 2071.5 523.0 2072.5 515.0 2072.5 514.0 2073.5 507.0 2073.5 506.0 2074.5 500.0 2074.5 494.0 2076.5 489.0 2076.5 484.0 2077.5 471.0 2081.5 462.0 2082.5 461.0 2083.5 456.0 2083.5 455.0 2084.5 450.0 2084.5 449.0 2085.5 443.0 2085.5 442.0 2086.5 437.0 2086.5 431.0 2088.5 425.0 2088.5 424.0 2089.5 418.0 2089.5 417.0 2090.5 412.0 2090.5 407.0 2092.5 403.0 2092.5 394.0 2095.5 389.0 2096.5 384.0 2096.5 383.0 2097.5 378.0 2097.5 377.0 2098.5 370.0 2098.5 369.0 2099.5 364.0 2099.5 363.0 2100.5 358.0 2100.5 352.0 2102.5 343.0 2102.5 342.0 2103.5 333.0 2103.5 332.0 2104.5 325.0 2104.5 324.0 2105.5 319.0 2105.5 318.0 2106.5 312.0 2106.5 311.0 2107.5 304.0 2107.5 303.0 2108.5 293.0 2108.5 292.0 2109.5 287.0 2108.5 274.0 2108.5 269.0 2107.5 261.0 2104.5 258.0 2104.5 252.0 2101.5 245.0 2095.5 216.0 2084.5 206.0 2079.5 199.0 2075.5 193.0 2073.5 180.0 2070.5 172.0 2066.5 166.0 2065.5 160.0 2062.5 158.0 2062.5 149.0 2057.5 137.0 2053.5 132.0 2052.5 129.0 2050.5 124.0 2049.5 115.0 2044.5 110.0 2043.5 103.0 2043.5 102.0 2042.5 97.0 2042.5 90.0 2039.5 81.0 2034.5 74.0 2027.5 71.0 2025.5 61.0 2022.5 52.0 2021.5 46.0 2018.5 40.0 2016.5 37.0 2016.5 33.0 2014.5 30.0 2014.5 26.0 2012.5 23.0 2012.5 17.0 2010.5 6.0 2004.5 0.0 2004.5
 10ML_sorting_tube_rack 400.0 1426.5 394.0 1426.5 391.0 1424.5 386.0 1423.5 377.5 1419.0 377.5 1415.0 381.0 1411.5 394.0 1405.5 400.0 1405.5 404.0 1407.5 408.5 1413.0 408.5 1419.0 405.0 1423.5 400.0 1426.5
 10ML_sorting_tube_rack 207.0 1468.5 200.0 1468.5 196.0 1465.5 193.0 1464.5 187.0 1460.5 181.0 1457.5 175.5 1452.0 173.5 1449.0 178.0 1443.5 184.0 1440.5 188.0 1439.5 193.0 1439.5 199.0 1437.5 208.0 1437.5 216.0 1440.5 219.5 1445.0 219.5 1452.0 218.5 1453.0 216.5 1463.0 213.0 1466.5 207.0 1468.5
 10ML_sorting_tube_rack 849.5 1498.0 854.5 1494.0 854.5 1491.0 848.0 1483.5 845.0 1483.5 842.5 1489.0 842.5 1494.0 845.0 1497.5 849.5 1498.0
 10ML_sorting_tube_rack 926.5 1544.0 931.0 1543.5 943.0 1539.5 946.0 1536.5 949.5 1535.0 947.0 1532.5 942.0 1530.5 936.0 1529.5 931.5 1524.0 931.5 1517.0 937.0 1511.5 939.0 1511.5 941.5 1509.0 936.0 1505.5 923.0 1505.5 917.5 1512.0 917.5 1514.0 914.5 1519.0 912.5 1527.0 908.5 1534.0 908.5 1539.0 911.0 1541.5 918.0 1544.5 926.5 1544.0
 10ML_sorting_tube_rack 0.0 1526.5 5.0 1526.5 10.0 1528.5 12.0 1530.5 17.0 1532.5 20.0 1532.5 25.0 1534.5 28.0 1534.5 37.0 1538.5 45.0 1546.5 50.0 1549.5 60.0 1549.5 61.0 1548.5 67.0 1548.5 74.0 1551.5 76.0 1551.5 93.0 1557.5 101.0 1561.5 110.0 1570.5 118.0 1574.5 124.5 1580.0 125.5 1583.0 125.5 1590.0 124.5 1591.0 124.5 1599.0 123.5 1600.0 123.5 1605.0 122.5 1610.0 118.0 1615.5 114.0 1617.5 109.0 1617.5 105.0 1616.5 99.0 1613.5 97.0 1613.5 92.0 1610.5 86.0 1609.5 71.0 1603.5 69.0 1601.5 41.0 1585.5 36.5 1579.0 36.5 1575.0 35.0 1572.5 31.0 1575.5 26.0 1575.5 25.0 1576.5 16.0 1576.5 15.0 1575.5 0.0 1575.5
 10ML_sorting_tube_rack 820.5 1605.0 822.5 1603.0 823.5 1599.0 821.5 1595.0 818.0 1591.5 814.0 1591.5 810.5 1597.0 810.5 1602.0 814.0 1605.5 820.5 1605.0
 10ML_sorting_tube_rack 804.5 1621.0 808.5 1615.0 809.5 1610.0 808.0 1607.5 804.0 1606.5 799.5 1609.0 798.5 1615.0 799.5 1618.0 803.0 1621.5 804.5 1621.0
 10ML_sorting_tube_rack 838.5 1616.0 841.5 1614.0 836.0 1609.5 829.0 1607.5 825.5 1610.0 826.5 1613.0 830.0 1616.5 838.5 1616.0
 10ML_sorting_tube_rack 805.5 1674.0 810.5 1670.0 810.5 1665.0 811.5 1664.0 811.5 1653.0 808.5 1645.0 808.5 1643.0 804.0 1636.5 799.5 1641.0 797.5 1647.0 793.0 1651.5 789.0 1653.5 786.5 1656.0 786.5 1659.0 794.5 1666.0 796.5 1670.0 802.0 1674.5 805.5 1674.0
 10ML_sorting_tube_rack 830.5 1674.0 830.5 1674.0
 10ML_sorting_tube_rack 774.5 1686.0 774.5 1681.0 773.0 1680.5 769.5 1683.0 771.0 1686.5 774.5 1686.0
 sorting_tube_rack_base 307.5 2159.0 307.0 2157.5 300.0 2157.5 299.0 2156.5 292.0 2156.5 291.0 2155.5 286.0 2155.5 285.0 2154.5 280.0 2154.5 275.0 2152.5 270.0 2152.5 269.0 2151.5 264.0 2151.5 259.0 2150.5 252.0 2147.5 249.0 2147.5 239.0 2141.5 238.0 2141.5 233.5 2137.0 233.5 2136.0 228.5 2131.0 223.5 2124.0 222.5 2121.0 222.5 2105.0 225.5 2100.0 231.0 2094.5 234.0 2094.5 239.0 2097.5 250.0 2102.5 255.0 2105.5 260.0 2109.5 267.0 2112.5 272.0 2113.5 282.0 2113.5 283.0 2112.5 295.0 2112.5 296.0 2111.5 309.0 2111.5 310.0 2110.5 316.0 2110.5 317.0 2109.5 323.0 2109.5 324.0 2108.5 331.0 2108.5 332.0 2107.5 337.0 2107.5 348.0 2104.5 352.0 2104.5 357.0 2102.5 360.0 2102.5 365.0 2100.5 370.0 2100.5 371.0 2099.5 376.0 2099.5 377.0 2098.5 385.0 2098.5 386.0 2097.5 397.0 2097.5 398.0 2096.5 405.0 2096.5 406.0 2095.5 413.0 2095.5 414.0 2094.5 425.0 2094.5 426.0 2093.5 433.0 2093.5 434.0 2092.5 439.0 2092.5 440.0 2091.5 452.0 2089.5 453.0 2088.5 458.0 2088.5 459.0 2087.5 464.0 2087.5 465.0 2086.5 470.0 2086.5 475.0 2085.5 484.0 2082.5 489.0 2081.5 496.0 2081.5 497.0 2080.5 503.0 2080.5 504.0 2079.5 509.0 2079.5 515.0 2077.5 520.0 2077.5 521.0 2076.5 536.0 2073.5 543.0 2072.5 548.0 2070.5 553.0 2070.5 554.0 2069.5 559.0 2069.5 560.0 2068.5 565.0 2068.5 566.0 2067.5 573.0 2067.5 574.0 2066.5 580.0 2066.5 581.0 2065.5 586.0 2065.5 587.0 2064.5 592.0 2064.5 593.0 2063.5 599.0 2063.5 600.0 2062.5 606.0 2062.5 607.0 2061.5 622.0 2058.5 627.0 2058.5 638.0 2055.5 643.0 2055.5 644.0 2054.5 649.0 2054.5 650.0 2053.5 655.0 2053.5 656.0 2052.5 662.0 2052.5 663.0 2051.5 668.0 2051.5 669.0 2050.5 678.0 2049.5 684.0 2047.5 689.0 2047.5 690.0 2046.5 696.0 2046.5 701.0 2045.5 706.0 2043.5 710.0 2043.5 719.0 2040.5 728.0 2039.5 729.0 2038.5 734.0 2038.5 735.0 2037.5 740.0 2037.5 741.0 2036.5 749.0 2036.5 750.0 2035.5 758.0 2035.5 759.0 2034.5 768.0 2034.5 769.0 2033.5 774.0 2033.5 775.0 2032.5 789.0 2030.5 794.0 2028.5 798.0 2028.5 803.0 2026.5 808.0 2026.5 809.0 2025.5 814.0 2025.5 815.0 2024.5 821.0 2024.5 822.0 2023.5 827.0 2023.5 828.0 2022.5 833.0 2022.5 834.0 2021.5 839.0 2021.5 845.0 2019.5 851.0 2019.5 852.0 2018.5 857.0 2018.5 858.0 2017.5 863.0 2017.5 864.0 2016.5 869.0 2016.5 870.0 2015.5 876.0 2015.5 877.0 2014.5 882.0 2014.5 883.0 2013.5 888.0 2013.5 889.0 2012.5 894.0 2012.5 905.0 2009.5 910.0 2009.5 911.0 2008.5 917.0 2008.5 918.0 2007.5 924.0 2007.5 925.0 2006.5 932.0 2006.5 933.0 2005.5 939.0 2005.5 944.0 2004.5 953.0 2001.5 963.0 1996.5 973.5 1988.0 973.5 1987.0 981.5 1977.0 984.5 1970.0 984.5 1966.0 986.5 1960.0 986.5 1956.0 988.5 1951.0 989.5 1943.0 991.5 1939.0 991.5 1936.0 994.5 1929.0 994.5 1926.0 996.5 1918.0 998.5 1913.0 998.5 1910.0 1000.5 1905.0 1005.5 1878.0 1006.5 1877.0 1006.5 1872.0 1008.5 1866.0 1008.5 1861.0 1011.5 1850.0 1011.5 1845.0 1012.5 1844.0 1012.5 1838.0 1013.5 1837.0 1013.5 1831.0 1014.5 1830.0 1014.5 1824.0 1016.5 1818.0 1016.5 1814.0 1019.5 1801.0 1021.5 1796.0 1023.5 1782.0 1024.5 1781.0 1026.5 1771.0 1027.5 1762.0 1029.5 1757.0 1029.5 1753.0 1031.5 1748.0 1031.5 1744.0 1033.5 1739.0 1035.5 1725.0 1037.5 1719.0 1039.5 1707.0 1041.5 1703.0 1042.5 1698.0 1042.5 1693.0 1043.5 1692.0 1043.5 1687.0 1044.5 1686.0 1044.5 1681.0 1045.5 1680.0 1045.5 1674.0 1046.5 1673.0 1046.5 1668.0 1047.5 1667.0 1047.5 1662.0 1048.5 1661.0 1048.5 1656.0 1049.5 1651.0 1052.5 1643.0 1053.5 1636.0 1056.5 1629.0 1057.5 1624.0 1057.5 1618.0 1058.5 1617.0 1058.5 1612.0 1060.5 1607.0 1060.5 1603.0 1062.5 1593.0 1066.5 1580.0 1066.5 1574.0 1067.5 1573.0 1067.5 1567.0 1068.5 1566.0 1068.5 1561.0 1070.5 1556.0 1070.5 1550.0 1068.5 1547.0 1060.5 1539.0 1056.5 1533.0 1050.5 1527.0 1048.5 1524.0 1055.0 1520.5 1062.0 1520.5 1063.0 1519.5 1070.0 1519.5 1073.0 1520.5 1079.0 1525.5 1085.0 1527.5 1090.5 1533.0 1090.5 1534.0 1100.0 1543.5 1106.0 1547.5 1117.5 1559.0 1120.5 1564.0 1124.5 1569.0 1130.5 1575.0 1130.5 1576.0 1135.5 1581.0 1136.5 1583.0 1136.5 1590.0 1137.5 1591.0 1137.5 1597.0 1135.5 1603.0 1135.5 1607.0 1133.5 1612.0 1133.5 1617.0 1132.5 1618.0 1132.5 1623.0 1131.5 1624.0 1131.5 1629.0 1129.5 1635.0 1129.5 1640.0 1128.5 1641.0 1128.5 1646.0 1127.5 1647.0 1127.5 1652.0 1126.5 1653.0 1126.5 1658.0 1125.5 1659.0 1125.5 1664.0 1123.5 1670.0 1123.5 1675.0 1122.5 1676.0 1122.5 1682.0 1121.5 1683.0 1121.5 1688.0 1119.5 1694.0 1119.5 1699.0 1116.5 1714.0 1115.5 1715.0 1115.5 1720.0 1114.5 1721.0 1114.5 1728.0 1113.5 1729.0 1113.5 1735.0 1112.5 1736.0 1112.5 1741.0 1111.5 1746.0 1109.5 1751.0 1108.5 1760.0 1106.5 1766.0 1106.5 1771.0 1104.5 1776.0 1103.5 1785.0 1101.5 1790.0 1101.5 1798.0 1100.5 1799.0 1100.5 1808.0 1099.5 1809.0 1099.5 1821.0 1098.5 1826.0 1096.5 1831.0 1096.5 1834.0 1094.5 1838.0 1094.5 1842.0 1092.5 1847.0 1092.5 1852.0 1091.5 1853.0 1091.5 1860.0 1090.5 1861.0 1090.5 1866.0 1088.5 1872.0 1088.5 1878.0 1087.5 1879.0 1087.5 1886.0 1086.5 1891.0 1084.5 1896.0 1084.5 1903.0 1083.5 1904.0 1083.5 1911.0 1082.5 1912.0 1082.5 1920.0 1081.5 1921.0 1081.5 1926.0 1078.5 1934.0 1077.5 1941.0 1075.5 1946.0 1075.5 1950.0 1073.5 1954.0 1071.5 1963.0 1071.5 1967.0 1069.5 1973.0 1069.5 1978.0 1068.5 1979.0 1068.5 1984.0 1067.5 1985.0 1065.5 1995.0 1065.5 2000.0 1064.5 2004.0 1062.5 2007.0 1060.5 2015.0 1055.5 2024.0 1051.5 2029.0 1040.0 2040.5 1034.0 2044.5 1029.0 2046.5 1019.0 2052.5 1017.0 2052.5 1011.0 2055.5 1003.0 2056.5 1002.0 2057.5 996.0 2057.5 991.0 2058.5 986.0 2060.5 981.0 2060.5 980.0 2061.5 973.0 2061.5 972.0 2062.5 967.0 2062.5 961.0 2064.5 956.0 2064.5 955.0 2065.5 949.0 2065.5 948.0 2066.5 938.0 2068.5 933.0 2068.5 922.0 2071.5 917.0 2071.5 916.0 2072.5 911.0 2072.5 905.0 2074.5 900.0 2074.5 899.0 2075.5 893.0 2075.5 892.0 2076.5 885.0 2076.5 884.0 2077.5 878.0 2077.5 872.0 2079.5 867.0 2079.5 862.0 2081.5 848.0 2083.5 843.0 2085.5 839.0 2085.5 833.0 2087.5 828.0 2087.5 827.0 2088.5 822.0 2088.5 816.0 2090.5 811.0 2090.5 805.0 2092.5 800.0 2092.5 794.0 2094.5 788.0 2094.5 787.0 2095.5 782.0 2095.5 776.0 2097.5 771.0 2097.5 770.0 2098.5 765.0 2098.5 764.0 2099.5 759.0 2099.5 749.0 2101.5 744.0 2103.5 739.0 2103.5 738.0 2104.5 730.0 2104.5 729.0 2105.5 723.0 2105.5 717.0 2107.5 712.0 2107.5 711.0 2108.5 706.0 2108.5 705.0 2109.5 698.0 2109.5 697.0 2110.5 692.0 2110.5 687.0 2111.5 682.0 2113.5 678.0 2113.5 667.0 2116.5 658.0 2117.5 657.0 2118.5 652.0 2118.5 651.0 2119.5 644.0 2119.5 643.0 2120.5 635.0 2120.5 634.0 2121.5 629.0 2121.5 628.0 2122.5 623.0 2122.5 618.0 2124.5 612.0 2124.5 611.0 2125.5 606.0 2125.5 605.0 2126.5 600.0 2126.5 599.0 2127.5 593.0 2127.5 592.0 2128.5 587.0 2128.5 576.0 2131.5 571.0 2131.5 566.0 2132.5 561.0 2134.5 557.0 2134.5 546.0 2137.5 541.0 2137.5 535.0 2139.5 530.0 2139.5 529.0 2140.5 523.0 2140.5 522.0 2141.5 516.0 2141.5 515.0 2142.5 502.0 2145.5 497.0 2145.5 496.0 2146.5 491.0 2146.5 490.0 2147.5 485.0 2147.5 479.0 2149.5 474.0 2149.5 473.0 2150.5 464.0 2150.5 463.0 2151.5 455.0 2151.5 444.0 2154.5 435.0 2154.5 434.0 2155.5 423.0 2155.5 422.0 2156.5 413.0 2156.5 412.0 2157.5 399.0 2157.5 398.5 2159.0
