 refrigerator_close 2919.5 0.0 2919.5 21.0 2917.5 27.0 2915.5 30.0 2913.5 36.0 2912.5 43.0 2909.5 52.0 2908.5 57.0 2908.5 63.0 2907.5 64.0 2906.5 72.0 2904.5 76.0 2899.5 94.0 2896.5 101.0 2896.5 104.0 2894.5 109.0 2894.5 112.0 2891.5 119.0 2891.5 122.0 2889.5 126.0 2889.5 129.0 2887.5 132.0 2885.5 140.0 2883.5 142.0 2879.5 153.0 2877.5 156.0 2873.5 170.0 2871.5 175.0 2867.5 181.0 2866.5 185.0 2863.5 192.0 2863.5 196.0 2860.5 207.0 2858.5 211.0 2857.5 216.0 2855.5 220.0 2854.5 225.0 2852.5 229.0 2851.5 234.0 2849.5 237.0 2848.5 244.0 2846.5 248.0 2840.5 266.0 2840.5 269.0 2836.5 277.0 2833.5 288.0 2833.5 292.0 2831.5 296.0 2830.5 303.0 2825.5 316.0 2825.5 319.0 2823.5 322.0 2820.5 329.0 2819.5 334.0 2817.5 337.0 2814.5 349.0 2808.5 366.0 2803.5 381.0 2799.5 390.0 2795.5 397.0 2794.5 402.0 2792.5 405.0 2792.5 408.0 2790.5 412.0 2789.5 419.0 2788.5 420.0 2786.5 429.0 2784.5 432.0 2781.5 443.0 2779.5 447.0 2778.5 452.0 2774.5 462.0 2773.5 467.0 2771.5 470.0 2771.5 473.0 2769.5 477.0 2769.5 481.0 2766.5 488.0 2765.5 493.0 2759.5 504.0 2754.5 509.0 2749.5 517.0 2746.5 520.0 2745.5 523.0 2741.5 530.0 2735.0 537.5 2724.0 545.5 2716.0 549.5 2704.0 554.5 2693.0 556.5 2692.0 557.5 2683.0 557.5 2682.0 558.5 2668.0 558.5 2667.0 557.5 2643.0 557.5 2642.0 556.5 2623.0 556.5 2622.0 555.5 2609.0 555.5 2608.0 554.5 2596.0 554.5 2595.0 553.5 2578.0 553.5 2577.0 552.5 2548.0 552.5 2547.0 551.5 2523.0 551.5 2522.0 550.5 2506.0 550.5 2505.0 549.5 2486.0 549.5 2485.0 548.5 2465.0 548.5 2464.0 547.5 2447.0 547.5 2446.0 546.5 2399.0 546.5 2398.0 545.5 2374.0 545.5 2373.0 544.5 2366.0 544.5 2365.0 543.5 2356.0 543.5 2355.0 542.5 2307.0 542.5 2306.0 541.5 2258.0 541.5 2257.0 540.5 2241.0 540.5 2240.0 539.5 2228.0 539.5 2227.0 538.5 2198.0 538.5 2197.0 537.5 2187.0 537.5 2186.0 536.5 2174.0 536.5 2173.0 535.5 2165.0 535.5 2160.0 534.5 2156.0 532.5 2153.0 532.5 2146.0 529.5 2144.0 529.5 2134.0 525.5 2131.0 523.5 2124.0 516.5 2123.0 516.5 2116.0 509.5 2115.0 509.5 2108.5 503.0 2104.5 495.0 2101.5 484.0 2098.5 475.0 2098.5 462.0 2099.5 461.0 2099.5 436.0 2100.5 435.0 2100.5 426.0 2101.5 425.0 2101.5 404.0 2102.5 403.0 2102.5 388.0 2103.5 387.0 2103.5 374.0 2104.5 373.0 2104.5 353.0 2105.5 352.0 2105.5 337.0 2106.5 336.0 2106.5 315.0 2107.5 314.0 2107.5 291.0 2108.5 290.0 2108.5 269.0 2109.5 268.0 2109.5 255.0 2110.5 254.0 2110.5 241.0 2111.5 240.0 2111.5 222.0 2112.5 221.0 2112.5 206.0 2113.5 205.0 2113.5 195.0 2114.5 194.0 2114.5 180.0 2115.5 179.0 2115.5 156.0 2116.5 155.0 2116.5 140.0 2117.5 139.0 2117.5 126.0 2118.5 125.0 2118.5 107.0 2119.5 106.0 2119.5 89.0 2120.5 88.0 2120.5 78.0 2121.5 77.0 2121.5 45.0 2122.5 44.0 2122.5 33.0 2123.5 32.0 2123.5 23.0 2124.5 22.0 2126.5 12.0 2130.5 5.0 2130.5 0.0
 centrifuge_close 258.5 0.0 258.5 5.0 264.0 9.5 267.0 10.5 277.0 16.5 278.0 16.5 283.5 22.0 283.5 23.0 288.5 28.0 291.5 33.0 299.5 41.0 307.5 52.0 308.5 55.0 312.5 60.0 316.5 67.0 329.5 80.0 333.5 85.0 338.5 93.0 343.5 98.0 348.5 105.0 350.5 110.0 356.0 115.5 357.0 115.5 363.5 124.0 365.5 129.0 370.0 132.5 376.5 139.0 376.5 140.0 382.0 144.5 389.0 147.5 392.0 149.5 410.5 168.0 414.5 173.0 419.5 182.0 421.5 188.0 424.5 193.0 424.5 195.0 429.5 205.0 435.5 215.0 441.5 228.0 450.5 237.0 454.5 243.0 457.5 249.0 460.5 252.0 465.5 259.0 469.5 268.0 471.5 270.0 473.5 275.0 475.5 277.0 490.5 307.0 494.5 312.0 497.5 317.0 503.5 329.0 507.5 334.0 511.5 342.0 516.5 355.0 520.5 363.0 522.5 365.0 526.5 373.0 530.5 379.0 536.5 386.0 540.5 392.0 543.5 398.0 543.5 401.0 545.5 409.0 546.5 410.0 546.5 415.0 547.5 416.0 547.5 432.0 545.5 438.0 545.5 445.0 551.5 456.0 551.5 477.0 550.5 478.0 550.5 485.0 549.5 489.0 547.5 491.0 545.5 496.0 541.5 503.0 538.5 507.0 521.0 524.5 520.0 524.5 513.0 531.5 508.0 535.5 501.0 539.5 488.0 552.5 483.0 555.5 475.0 563.5 468.0 567.5 466.0 567.5 461.0 570.5 459.0 570.5 447.0 575.5 439.0 577.5 426.0 583.5 418.0 585.5 413.0 587.5 408.0 590.5 405.0 590.5 399.0 592.5 396.0 594.5 391.0 595.5 381.0 599.5 377.0 599.5 372.0 601.5 366.0 602.5 363.0 604.5 356.0 606.5 353.0 608.5 348.0 609.5 344.0 611.5 341.0 611.5 337.0 613.5 334.0 613.5 330.0 615.5 327.0 615.5 318.0 618.5 314.0 618.5 309.0 620.5 301.0 621.5 297.0 623.5 294.0 623.5 290.0 625.5 287.0 625.5 274.0 629.5 270.0 629.5 265.0 631.5 260.0 631.5 259.0 632.5 253.0 632.5 252.0 633.5 247.0 633.5 242.0 634.5 238.0 636.5 235.0 636.5 228.0 639.5 225.0 639.5 221.0 641.5 214.0 642.5 210.0 644.5 207.0 644.5 203.0 646.5 199.0 646.5 193.0 648.5 189.0 648.5 183.0 650.5 177.0 650.5 171.0 652.5 167.0 652.5 158.0 655.5 155.0 655.5 149.0 658.5 147.0 658.5 141.0 661.5 132.0 663.5 128.0 665.5 123.0 666.5 118.0 666.5 111.0 668.5 98.0 675.5 93.0 677.5 90.0 677.5 83.0 680.5 75.0 681.5 70.0 683.5 56.0 685.5 47.0 688.5 40.0 689.5 32.0 691.5 28.0 693.5 25.0 693.5 16.0 696.5 13.0 696.5 9.0 698.5 0.0 698.5
 5ML_centrifuge_tube 996.0 875.5 987.0 875.5 986.0 874.5 978.0 874.5 977.0 873.5 970.0 872.5 964.0 869.5 956.5 862.0 951.5 854.0 947.0 849.5 939.0 844.5 929.5 835.0 928.5 833.0 928.5 825.0 929.5 820.0 934.5 811.0 942.0 803.5 945.0 802.5 952.0 798.5 957.0 797.5 961.0 795.5 966.0 794.5 971.0 794.5 972.0 793.5 977.0 793.5 978.0 792.5 988.0 792.5 989.0 793.5 996.0 793.5 1002.0 795.5 1005.0 797.5 1013.0 799.5 1021.0 803.5 1023.5 807.0 1029.0 812.5 1032.5 815.0 1031.5 819.0 1027.0 821.5 1022.0 826.5 1021.0 826.5 1016.5 831.0 1014.5 835.0 1013.5 840.0 1013.5 864.0 1011.5 868.0 1007.0 872.5 1002.0 874.5 997.0 874.5 996.0 875.5
 5ML_centrifuge_tube 819.0 893.5 797.0 893.5 796.0 892.5 787.0 892.5 774.0 886.5 769.0 881.5 768.0 881.5 764.5 877.0 758.5 871.0 754.5 864.0 754.5 856.0 755.5 855.0 755.5 850.0 758.5 843.0 760.5 840.0 770.0 830.5 777.0 827.5 786.0 822.5 794.0 820.5 797.0 818.5 801.0 817.5 808.0 817.5 809.0 816.5 825.0 816.5 826.0 817.5 835.0 819.5 839.0 821.5 850.0 829.5 852.0 829.5 857.5 834.0 856.5 839.0 854.5 842.0 853.5 846.0 848.5 851.0 845.5 856.0 839.5 862.0 834.5 870.0 832.5 876.0 831.5 885.0 829.5 890.0 824.0 892.5 819.0 893.5
 5ML_centrifuge_tube 933.0 1050.5 916.0 1050.5 915.0 1049.5 909.0 1049.5 904.0 1048.5 897.0 1045.5 894.0 1045.5 888.0 1042.5 880.0 1039.5 871.5 1031.0 871.5 1030.0 866.5 1025.0 866.5 1024.0 860.5 1017.0 856.5 1010.0 856.5 1005.0 855.5 1004.0 855.5 997.0 856.5 993.0 859.5 989.0 865.5 983.0 868.5 978.0 874.0 972.5 883.0 966.5 891.0 962.5 895.0 961.5 900.0 961.5 901.0 960.5 916.0 960.5 921.0 959.5 922.0 960.5 927.0 960.5 935.0 963.5 939.0 963.5 944.0 965.5 957.0 968.5 964.0 972.5 971.5 980.0 976.5 993.0 976.5 1008.0 975.5 1013.0 972.5 1019.0 972.5 1021.0 968.5 1028.0 962.5 1034.0 962.5 1035.0 957.0 1040.5 947.0 1046.5 945.0 1046.5 939.0 1049.5 934.0 1049.5 933.0 1050.5
 10ML_centrifuge_tube 896.0 830.5 885.0 830.5 884.0 829.5 873.0 829.5 867.0 827.5 863.0 827.5 857.0 825.5 854.0 823.5 842.0 818.5 836.5 813.0 833.5 806.0 832.5 800.0 829.5 795.0 828.5 791.0 824.5 785.0 820.5 774.0 820.5 770.0 825.5 759.0 833.0 751.5 843.0 747.5 851.0 743.5 854.0 743.5 858.0 741.5 866.0 739.5 871.0 739.5 872.0 738.5 890.0 738.5 895.0 739.5 899.0 741.5 907.0 743.5 916.0 748.5 925.0 756.5 929.0 758.5 940.0 769.5 943.0 770.5 948.5 775.0 948.5 782.0 949.5 786.0 946.5 792.0 943.5 796.0 936.5 803.0 932.5 809.0 927.5 814.0 923.5 819.0 921.5 823.0 917.0 826.5 912.0 828.5 907.0 829.5 897.0 829.5 896.0 830.5
 10ML_centrifuge_tube 914.0 928.5 900.0 928.5 899.0 927.5 892.0 927.5 891.0 926.5 884.0 926.5 876.0 924.5 867.0 918.5 863.5 914.0 856.0 906.5 853.0 905.5 844.0 899.5 838.0 896.5 831.5 890.0 830.5 887.0 830.5 881.0 829.5 880.0 830.5 873.0 835.0 866.5 838.0 864.5 845.0 861.5 850.5 856.0 850.5 855.0 855.5 850.0 859.5 844.0 860.5 841.0 865.0 836.5 871.0 833.5 876.0 833.5 877.0 832.5 883.0 832.5 884.0 831.5 907.0 831.5 915.0 834.5 918.0 834.5 924.0 836.5 930.0 840.5 933.0 841.5 943.0 848.5 949.5 856.0 951.5 859.0 959.5 875.0 960.5 879.0 960.5 892.0 958.5 898.0 955.5 904.0 950.0 910.5 949.0 910.5 938.0 921.5 932.0 924.5 922.0 927.5 915.0 927.5 914.0 928.5
 10ML_centrifuge_tube 830.0 997.5 811.0 997.5 810.0 996.5 803.0 996.5 802.0 995.5 795.0 994.5 791.0 992.5 788.0 992.5 782.0 990.5 764.0 980.5 762.5 978.0 754.5 970.0 754.5 969.0 748.5 961.0 747.5 958.0 743.5 953.0 739.5 945.0 737.5 939.0 737.5 928.0 738.5 923.0 742.5 915.0 749.0 908.5 764.0 900.5 775.0 895.5 782.0 895.5 783.0 894.5 793.0 894.5 794.0 893.5 818.0 893.5 819.0 894.5 826.0 895.5 832.0 897.5 848.0 905.5 853.0 908.5 861.5 917.0 863.5 921.0 866.5 924.0 867.5 927.0 870.5 931.0 872.5 936.0 872.5 939.0 876.5 949.0 876.5 955.0 872.5 965.0 862.5 975.0 859.5 980.0 850.0 989.5 845.0 992.5 841.0 993.5 835.0 996.5 830.0 997.5
 10ML_centrifuge_tube 1090.0 907.5 1068.0 907.5 1067.0 906.5 1058.0 905.5 1057.0 904.5 1049.0 901.5 1035.0 894.5 1032.0 892.5 1026.5 887.0 1024.5 883.0 1021.5 880.0 1016.5 871.0 1015.5 866.0 1013.5 862.0 1013.5 845.0 1014.5 844.0 1017.5 833.0 1019.5 830.0 1028.0 821.5 1033.0 818.5 1036.0 815.5 1047.0 810.5 1052.0 809.5 1071.0 809.5 1072.0 810.5 1077.0 810.5 1086.0 812.5 1098.0 817.5 1104.0 819.5 1111.0 825.5 1112.0 825.5 1118.5 832.0 1123.5 840.0 1126.5 843.0 1129.5 849.0 1130.5 854.0 1130.5 859.0 1131.5 860.0 1131.5 865.0 1130.5 866.0 1130.5 872.0 1129.5 876.0 1126.5 883.0 1123.5 888.0 1118.0 894.5 1108.0 901.5 1099.0 905.5 1095.0 905.5 1090.0 907.5
 5ML_sorting_tube_rack 1172.0 1378.5 1163.0 1378.5 1158.0 1377.5 1150.0 1374.5 1147.0 1374.5 1138.0 1369.5 1135.0 1368.5 1125.0 1363.5 1114.0 1357.5 1108.0 1352.5 1100.0 1349.5 1093.0 1345.5 1087.0 1343.5 1081.0 1340.5 1075.0 1336.5 1067.0 1333.5 1063.0 1330.5 1061.0 1330.5 1057.0 1327.5 1052.0 1325.5 1047.0 1321.5 1041.0 1319.5 1033.0 1315.5 1028.0 1314.5 1022.0 1311.5 1017.0 1307.5 1009.0 1303.5 1001.0 1300.5 994.0 1296.5 989.0 1292.5 983.0 1290.5 978.0 1287.5 973.0 1285.5 968.0 1284.5 948.0 1274.5 946.0 1272.5 931.0 1265.5 929.0 1263.5 923.0 1260.5 921.0 1260.5 913.0 1256.5 906.0 1254.5 901.0 1251.5 891.0 1246.5 889.0 1244.5 881.0 1240.5 879.0 1240.5 873.0 1237.5 871.0 1235.5 858.0 1229.5 851.0 1227.5 834.0 1220.5 830.0 1217.5 825.0 1212.5 820.0 1209.5 808.5 1198.0 799.5 1184.0 794.5 1179.0 794.5 1178.0 779.5 1163.0 775.5 1157.0 771.5 1153.0 767.5 1147.0 757.5 1137.0 749.5 1126.0 748.5 1123.0 744.5 1118.0 742.5 1114.0 737.5 1109.0 733.5 1104.0 729.5 1097.0 716.5 1080.0 716.5 1079.0 710.5 1072.0 708.5 1068.0 701.5 1059.0 695.5 1053.0 695.5 1052.0 688.5 1045.0 685.5 1041.0 684.5 1038.0 679.5 1031.0 672.5 1024.0 669.5 1020.0 665.5 1013.0 659.5 1006.0 653.5 995.0 639.5 981.0 634.5 974.0 631.5 968.0 631.5 963.0 632.5 962.0 633.5 954.0 638.0 949.5 642.0 947.5 650.0 940.5 656.0 937.5 660.0 934.5 674.0 920.5 675.0 920.5 681.0 915.5 691.0 910.5 693.0 910.5 698.0 907.5 702.0 906.5 711.0 899.5 717.0 896.5 724.0 890.5 738.0 885.5 740.0 883.5 746.0 883.5 756.5 890.0 756.5 894.0 750.0 899.5 743.0 903.5 738.5 908.0 736.5 915.0 735.5 916.0 734.5 922.0 728.5 936.0 730.5 943.0 735.5 952.0 741.5 958.0 745.5 964.0 752.5 971.0 752.5 972.0 764.0 983.5 768.0 986.5 775.0 990.5 777.0 990.5 784.0 993.5 793.0 995.5 794.0 996.5 806.0 999.5 811.0 1002.5 817.0 1004.5 823.0 1004.5 824.0 1003.5 835.0 1003.5 840.0 1004.5 848.0 1007.5 851.0 1010.5 857.0 1013.5 865.5 1022.0 866.5 1025.0 869.5 1029.0 879.0 1038.5 885.0 1041.5 887.0 1043.5 895.0 1046.5 904.0 1046.5 905.0 1047.5 914.0 1047.5 915.0 1048.5 940.0 1048.5 947.0 1045.5 949.0 1045.5 953.0 1042.5 956.0 1041.5 963.5 1034.0 967.5 1029.0 971.5 1022.0 973.5 1011.0 974.5 1010.0 974.5 995.0 972.5 991.0 968.0 987.5 963.5 983.0 961.5 977.0 961.5 972.0 960.5 969.0 956.0 964.5 945.0 961.5 940.0 959.5 933.0 958.5 932.0 957.5 927.0 957.5 922.0 956.5 917.0 954.5 914.5 951.0 914.5 949.0 917.5 943.0 921.0 938.5 935.0 933.5 944.0 928.5 950.0 922.5 956.0 918.5 962.5 912.0 963.5 909.0 966.5 905.0 973.5 898.0 976.5 893.0 981.0 888.5 983.0 887.5 996.0 887.5 1001.0 886.5 1006.0 884.5 1013.0 884.5 1015.0 885.5 1023.0 893.5 1032.0 898.5 1039.0 900.5 1044.0 903.5 1059.0 909.5 1064.0 910.5 1070.0 910.5 1071.0 911.5 1087.0 911.5 1088.0 910.5 1097.0 909.5 1103.0 907.5 1110.0 903.5 1122.0 898.5 1127.0 895.5 1131.0 894.5 1135.5 889.0 1136.5 884.0 1136.5 874.0 1135.5 873.0 1135.5 868.0 1134.5 867.0 1134.5 860.0 1135.5 857.0 1140.0 852.5 1145.0 850.5 1149.0 850.5 1154.0 852.5 1158.0 852.5 1163.0 854.5 1174.0 857.5 1181.0 861.5 1186.0 863.5 1188.0 865.5 1195.0 867.5 1202.0 870.5 1205.0 870.5 1214.0 874.5 1216.0 874.5 1223.0 878.5 1234.0 882.5 1243.0 884.5 1251.0 888.5 1256.0 889.5 1270.0 895.5 1280.0 900.5 1288.5 909.0 1292.5 919.0 1292.5 930.0 1291.5 931.0 1291.5 939.0 1297.5 957.0 1300.5 962.0 1301.5 966.0 1303.5 969.0 1308.5 974.0 1308.5 975.0 1316.5 983.0 1320.5 990.0 1326.5 1003.0 1330.5 1015.0 1332.5 1017.0 1334.5 1023.0 1336.5 1026.0 1337.5 1031.0 1339.5 1034.0 1341.5 1041.0 1344.5 1046.0 1348.5 1055.0 1349.5 1062.0 1352.5 1074.0 1354.5 1078.0 1355.5 1083.0 1360.5 1094.0 1360.5 1097.0 1364.5 1106.0 1369.5 1115.0 1369.5 1118.0 1371.5 1123.0 1373.5 1134.0 1375.5 1137.0 1376.5 1143.0 1377.5 1144.0 1377.5 1151.0 1374.5 1161.0 1362.5 1173.0 1358.5 1179.0 1352.5 1185.0 1352.5 1186.0 1347.5 1191.0 1347.5 1192.0 1334.5 1205.0 1332.5 1209.0 1328.5 1214.0 1315.0 1227.5 1309.0 1231.5 1297.5 1243.0 1297.5 1244.0 1284.0 1257.5 1283.0 1257.5 1276.5 1264.0 1276.5 1265.0 1271.5 1270.0 1271.5 1271.0 1266.5 1276.0 1255.5 1290.0 1254.5 1293.0 1251.5 1296.0 1249.5 1300.0 1241.5 1309.0 1239.5 1313.0 1236.5 1316.0 1234.5 1320.0 1227.5 1328.0 1227.5 1329.0 1223.0 1332.5 1217.5 1338.0 1207.5 1351.0 1202.5 1359.0 1191.0 1370.5 1178.0 1377.5 1173.0 1377.5 1172.0 1378.5
 5ML_sorting_tube_rack 1271.5 1060.0 1273.0 1058.5 1267.5 1059.0 1269.0 1060.5 1271.5 1060.0
blood_tube 217.0 1399.5 209.0 1399.5 208.0 1398.5 197.0 1398.5 196.0 1397.5 191.0 1397.5 190.0 1396.5 182.0 1395.5 178.0 1393.5 173.0 1392.5 168.0 1389.5 163.5 1385.0 155.5 1372.0 149.5 1365.0 149.5 1364.0 140.0 1354.5 135.0 1351.5 126.5 1343.0 124.5 1340.0 120.5 1328.0 120.5 1320.0 119.5 1319.0 119.5 1314.0 125.0 1308.5 131.0 1305.5 141.0 1295.5 149.0 1291.5 154.0 1287.5 159.0 1284.5 161.0 1284.5 170.0 1279.5 179.0 1277.5 184.0 1277.5 185.0 1276.5 194.0 1276.5 195.0 1277.5 203.0 1277.5 215.0 1282.5 220.0 1283.5 227.0 1286.5 238.0 1289.5 241.0 1291.5 250.0 1294.5 256.0 1299.5 260.0 1301.5 265.0 1305.5 272.0 1309.5 279.0 1315.5 283.0 1317.5 288.5 1323.0 291.5 1328.0 291.5 1344.0 287.5 1355.0 278.5 1366.0 278.5 1367.0 267.0 1378.5 262.0 1381.5 253.0 1388.5 245.0 1391.5 237.0 1395.5 225.0 1398.5 218.0 1398.5 217.0 1399.5
blood_tube 0.0 1301.5 10.0 1301.5 11.0 1302.5 20.0 1302.5 25.0 1304.5 30.0 1307.5 38.0 1309.5 41.0 1311.5 51.0 1313.5 58.0 1318.5 67.0 1322.5 70.0 1324.5 89.0 1343.5 90.0 1343.5 101.5 1355.0 103.5 1359.0 103.5 1365.0 104.5 1366.0 104.5 1374.0 100.5 1381.0 98.5 1386.0 94.5 1392.0 91.5 1395.0 89.5 1399.0 83.0 1405.5 82.0 1405.5 72.0 1412.5 64.0 1419.5 59.0 1421.5 55.0 1424.5 48.0 1425.5 47.0 1426.5 21.0 1426.5 20.0 1425.5 14.0 1425.5 6.0 1422.5 0.0 1422.5
blood_tube 0.0 1448.5 8.0 1448.5 14.0 1450.5 22.0 1454.5 38.0 1461.5 44.0 1465.5 49.5 1471.0 53.5 1477.0 54.5 1482.0 54.5 1494.0 49.5 1505.0 44.5 1511.0 38.5 1521.0 25.0 1534.5 24.0 1534.5 8.0 1547.5 5.0 1548.5 0.0 1548.5
 sorting_tube_rack_base 0.0 1977.5 9.0 1977.5 13.0 1975.5 18.0 1975.5 19.0 1974.5 27.0 1974.5 28.0 1973.5 34.0 1973.5 35.0 1972.5 42.0 1972.5 43.0 1971.5 49.0 1971.5 50.0 1970.5 55.0 1970.5 60.0 1968.5 69.0 1967.5 74.0 1965.5 77.0 1965.5 82.0 1963.5 86.0 1963.5 91.0 1961.5 96.0 1960.5 101.0 1960.5 106.0 1959.5 111.0 1957.5 114.0 1957.5 117.0 1955.5 124.0 1953.5 128.0 1953.5 133.0 1951.5 146.0 1948.5 150.0 1948.5 156.0 1946.5 161.0 1946.5 162.0 1945.5 167.0 1945.5 168.0 1944.5 173.0 1944.5 177.0 1942.5 197.0 1937.5 201.0 1937.5 214.0 1933.5 223.0 1932.5 224.0 1931.5 229.0 1931.5 230.0 1930.5 235.0 1930.5 236.0 1929.5 242.0 1929.5 252.0 1926.5 262.0 1921.5 270.0 1920.5 281.0 1917.5 285.0 1917.5 291.0 1915.5 296.0 1915.5 297.0 1914.5 303.0 1914.5 309.0 1912.5 314.0 1912.5 315.0 1911.5 320.0 1911.5 321.0 1910.5 328.0 1909.5 332.0 1907.5 341.0 1905.5 350.0 1904.5 354.0 1903.5 361.0 1900.5 364.0 1900.5 373.0 1897.5 380.0 1896.5 381.0 1895.5 390.0 1894.5 395.0 1892.5 409.0 1890.5 413.0 1888.5 425.0 1885.5 431.0 1883.5 435.0 1883.5 441.0 1881.5 445.0 1881.5 450.0 1879.5 454.0 1879.5 459.0 1877.5 463.0 1877.5 472.0 1874.5 489.0 1871.5 494.0 1869.5 498.0 1869.5 502.0 1867.5 505.0 1867.5 510.0 1865.5 513.0 1865.5 517.0 1863.5 522.0 1862.5 529.0 1859.5 532.0 1859.5 537.0 1857.5 541.0 1857.5 546.0 1855.5 551.0 1855.5 552.0 1854.5 557.0 1854.5 563.0 1852.5 572.0 1851.5 577.0 1849.5 581.0 1849.5 586.0 1847.5 590.0 1847.5 597.0 1844.5 604.0 1843.5 609.0 1841.5 613.0 1841.5 619.0 1839.5 624.0 1839.5 625.0 1838.5 634.0 1837.5 642.0 1834.5 645.0 1834.5 649.0 1832.5 656.0 1831.5 663.0 1828.5 668.5 1823.0 669.5 1820.0 672.5 1817.0 679.5 1806.0 681.5 1800.0 682.5 1793.0 684.5 1789.0 686.5 1780.0 686.5 1776.0 688.5 1771.0 691.5 1759.0 691.5 1756.0 693.5 1751.0 694.5 1746.0 694.5 1739.0 697.5 1730.0 699.5 1718.0 700.5 1717.0 700.5 1708.0 701.5 1707.0 701.5 1698.0 702.5 1697.0 702.5 1691.0 703.5 1690.0 703.5 1684.0 704.5 1683.0 704.5 1678.0 705.5 1677.0 705.5 1671.0 706.5 1670.0 706.5 1665.0 707.5 1664.0 707.5 1659.0 708.5 1654.0 712.5 1641.0 713.5 1636.0 713.5 1631.0 714.5 1630.0 714.5 1624.0 715.5 1623.0 715.5 1617.0 716.5 1616.0 716.5 1610.0 717.5 1609.0 717.5 1604.0 718.5 1603.0 718.5 1598.0 720.5 1592.0 722.5 1580.0 724.5 1574.0 725.5 1565.0 726.5 1564.0 726.5 1557.0 727.5 1556.0 727.5 1551.0 729.5 1547.0 730.5 1538.0 732.5 1533.0 733.5 1524.0 734.5 1523.0 734.5 1518.0 735.5 1513.0 737.5 1508.0 737.5 1504.0 739.5 1498.0 739.5 1493.0 741.5 1487.0 741.5 1481.0 742.5 1480.0 742.5 1475.0 745.5 1464.0 745.5 1445.0 744.5 1444.0 744.5 1435.0 743.5 1434.0 749.0 1430.5 753.0 1429.5 760.0 1429.5 761.0 1430.5 767.0 1430.5 771.0 1431.5 786.0 1438.5 790.5 1443.0 791.5 1446.0 797.5 1454.0 797.5 1455.0 802.5 1460.0 802.5 1461.0 808.5 1467.0 816.5 1478.0 822.5 1490.0 822.5 1495.0 823.5 1496.0 823.5 1512.0 824.5 1513.0 824.5 1537.0 823.5 1538.0 823.5 1547.0 822.5 1548.0 822.5 1559.0 821.5 1560.0 821.5 1570.0 820.5 1571.0 820.5 1579.0 819.5 1580.0 819.5 1586.0 818.5 1587.0 818.5 1592.0 816.5 1598.0 816.5 1604.0 815.5 1605.0 815.5 1611.0 814.5 1612.0 814.5 1617.0 813.5 1618.0 813.5 1623.0 812.5 1624.0 812.5 1630.0 811.5 1631.0 811.5 1639.0 810.5 1640.0 810.5 1646.0 809.5 1647.0 807.5 1657.0 807.5 1663.0 806.5 1664.0 806.5 1671.0 805.5 1672.0 805.5 1680.0 804.5 1681.0 804.5 1688.0 803.5 1689.0 803.5 1694.0 802.5 1695.0 802.5 1701.0 801.5 1702.0 801.5 1707.0 800.5 1708.0 800.5 1713.0 798.5 1718.0 798.5 1723.0 797.5 1724.0 797.5 1730.0 796.5 1731.0 796.5 1739.0 795.5 1740.0 795.5 1747.0 794.5 1748.0 794.5 1753.0 793.5 1754.0 793.5 1760.0 792.5 1761.0 792.5 1768.0 791.5 1769.0 791.5 1775.0 790.5 1776.0 790.5 1783.0 789.5 1784.0 789.5 1790.0 788.5 1795.0 786.5 1800.0 786.5 1803.0 784.5 1808.0 783.5 1813.0 783.5 1818.0 780.5 1829.0 776.5 1838.0 774.5 1846.0 770.5 1854.0 763.5 1864.0 760.0 1867.5 754.0 1870.5 742.0 1873.5 738.0 1875.5 734.0 1880.5 729.0 1883.5 725.0 1884.5 722.0 1886.5 709.0 1890.5 692.0 1893.5 688.0 1895.5 675.0 1897.5 669.0 1899.5 662.0 1900.5 658.0 1902.5 651.0 1903.5 642.0 1906.5 633.0 1907.5 628.0 1909.5 624.0 1909.5 619.0 1911.5 615.0 1911.5 607.0 1914.5 604.0 1914.5 600.0 1916.5 593.0 1917.5 588.0 1919.5 584.0 1919.5 579.0 1921.5 576.0 1921.5 572.0 1923.5 569.0 1923.5 565.0 1925.5 558.0 1926.5 557.0 1927.5 549.0 1929.5 545.0 1929.5 540.0 1931.5 524.0 1934.5 519.0 1936.5 515.0 1936.5 502.0 1940.5 489.0 1942.5 485.0 1944.5 482.0 1944.5 478.0 1946.5 471.0 1947.5 466.0 1949.5 454.0 1951.5 449.0 1953.5 445.0 1953.5 440.0 1955.5 435.0 1955.5 430.0 1956.5 426.0 1958.5 423.0 1958.5 419.0 1960.5 416.0 1960.5 411.0 1962.5 400.0 1964.5 399.0 1965.5 390.0 1966.5 381.0 1969.5 372.0 1970.5 367.0 1972.5 363.0 1972.5 358.0 1974.5 354.0 1974.5 349.0 1976.5 342.0 1977.5 335.0 1980.5 328.0 1981.5 319.0 1984.5 310.0 1985.5 309.0 1986.5 300.0 1987.5 295.0 1989.5 286.0 1990.5 277.0 1992.5 273.0 1994.5 270.0 1994.5 260.0 1998.5 255.0 1998.5 249.0 2000.5 245.0 2000.5 232.0 2003.5 227.0 2005.5 224.0 2005.5 215.0 2008.5 206.0 2009.5 201.0 2011.5 197.0 2011.5 188.0 2014.5 183.0 2014.5 182.0 2015.5 177.0 2015.5 176.0 2016.5 171.0 2016.5 166.0 2017.5 161.0 2019.5 156.0 2019.5 148.0 2022.5 145.0 2022.5 141.0 2024.5 124.0 2028.5 118.0 2028.5 117.0 2029.5 112.0 2029.5 111.0 2030.5 106.0 2030.5 105.0 2031.5 98.0 2032.5 94.0 2034.5 91.0 2034.5 82.0 2037.5 73.0 2038.5 67.0 2040.5 58.0 2040.5 57.0 2041.5 36.0 2041.5 35.0 2040.5 30.0 2040.5 22.0 2038.5 13.0 2034.5 8.0 2030.5 5.0 2029.5 0.0 2029.5
 10ML_sorting_tube_rack 0.0 1338.5 9.0 1338.5 14.5 1334.0 15.5 1329.0 23.0 1325.5 28.0 1324.5 36.0 1324.5 37.0 1323.5 85.0 1323.5 86.0 1322.5 91.0 1322.5 92.0 1321.5 101.0 1321.5 102.0 1322.5 109.0 1323.5 115.0 1325.5 121.0 1328.5 121.5 1330.0 126.0 1334.5 127.0 1334.5 140.0 1347.5 143.0 1348.5 151.0 1348.5 154.5 1346.0 155.5 1340.0 161.5 1332.0 161.5 1330.0 164.0 1327.5 169.0 1324.5 182.0 1324.5 187.0 1325.5 189.0 1324.5 195.5 1318.0 200.5 1310.0 204.5 1306.0 205.5 1303.0 210.0 1297.5 215.0 1294.5 231.0 1294.5 232.0 1293.5 237.0 1293.5 243.0 1291.5 251.0 1290.5 257.0 1287.5 259.0 1287.5 263.0 1283.5 265.0 1283.5 273.0 1279.5 278.0 1279.5 279.0 1278.5 285.0 1278.5 286.0 1277.5 291.0 1277.5 292.0 1276.5 297.0 1276.5 298.0 1275.5 303.0 1275.5 304.0 1274.5 310.0 1274.5 315.0 1273.5 320.0 1271.5 325.0 1271.5 326.0 1270.5 337.0 1268.5 338.0 1267.5 343.0 1267.5 354.0 1264.5 363.0 1263.5 368.0 1261.5 375.0 1261.5 376.0 1260.5 383.0 1260.5 384.0 1259.5 389.0 1259.5 390.0 1258.5 395.0 1258.5 396.0 1257.5 403.0 1257.5 404.0 1256.5 410.0 1256.5 418.0 1253.5 426.0 1252.5 431.0 1250.5 436.0 1249.5 441.0 1249.5 442.0 1248.5 447.0 1248.5 448.0 1247.5 453.0 1247.5 459.0 1245.5 465.0 1245.5 466.0 1244.5 471.0 1244.5 472.0 1243.5 481.0 1243.5 482.0 1242.5 489.0 1242.5 490.0 1241.5 496.0 1241.5 497.0 1240.5 506.0 1239.5 507.0 1238.5 514.0 1238.5 515.0 1237.5 520.0 1237.5 521.0 1238.5 528.0 1238.5 531.0 1239.5 544.0 1247.5 547.5 1251.0 549.5 1256.0 553.5 1271.0 555.5 1274.0 569.0 1287.5 575.0 1291.5 580.5 1297.0 582.5 1301.0 590.0 1308.5 596.0 1311.5 598.0 1313.5 607.0 1317.5 627.0 1337.5 628.0 1337.5 656.0 1365.5 665.0 1370.5 669.5 1375.0 672.5 1381.0 677.5 1386.0 677.5 1387.0 705.5 1415.0 708.5 1421.0 715.0 1427.5 721.0 1429.5 726.0 1432.5 732.0 1433.5 738.0 1437.5 743.5 1443.0 745.5 1449.0 745.5 1475.0 742.5 1483.0 742.5 1486.0 740.5 1490.0 739.5 1495.0 739.5 1502.0 738.5 1503.0 738.5 1508.0 737.5 1509.0 735.5 1521.0 734.5 1522.0 734.5 1527.0 732.5 1533.0 732.5 1538.0 731.5 1539.0 731.5 1544.0 730.5 1545.0 730.5 1550.0 728.5 1554.0 728.5 1557.0 726.5 1562.0 725.5 1567.0 725.5 1580.0 724.5 1581.0 724.5 1593.0 723.5 1594.0 723.5 1603.0 722.5 1604.0 722.5 1610.0 719.5 1622.0 717.5 1625.0 716.5 1630.0 713.5 1635.0 712.5 1643.0 711.5 1644.0 711.5 1655.0 710.5 1656.0 710.5 1661.0 709.5 1662.0 709.5 1667.0 708.5 1668.0 708.5 1673.0 707.5 1674.0 707.5 1679.0 706.5 1680.0 706.5 1685.0 705.5 1686.0 705.5 1691.0 704.5 1692.0 704.5 1697.0 703.5 1698.0 703.5 1705.0 702.5 1706.0 702.5 1711.0 701.5 1712.0 700.5 1721.0 698.5 1726.0 698.5 1732.0 696.5 1741.0 693.5 1749.0 693.5 1755.0 692.5 1756.0 692.5 1762.0 691.5 1763.0 691.5 1768.0 690.5 1769.0 690.5 1774.0 687.5 1785.0 684.5 1790.0 681.5 1797.0 679.5 1799.0 676.5 1806.0 667.5 1817.0 664.5 1824.0 659.0 1829.5 650.0 1832.5 645.0 1833.5 640.0 1833.5 639.0 1834.5 634.0 1834.5 633.0 1835.5 622.0 1837.5 618.0 1839.5 611.0 1840.5 606.0 1842.5 603.0 1842.5 594.0 1845.5 589.0 1846.5 584.0 1846.5 583.0 1847.5 578.0 1847.5 577.0 1848.5 568.0 1849.5 565.0 1851.5 558.0 1853.5 556.0 1855.5 549.0 1858.5 541.0 1859.5 535.0 1861.5 530.0 1861.5 529.0 1862.5 521.0 1862.5 520.0 1863.5 514.0 1863.5 513.0 1864.5 508.0 1864.5 507.0 1865.5 499.0 1867.5 490.0 1868.5 485.0 1870.5 482.0 1870.5 477.0 1872.5 468.0 1873.5 463.0 1875.5 458.0 1876.5 452.0 1876.5 451.0 1877.5 445.0 1877.5 440.0 1878.5 434.0 1881.5 429.0 1882.5 426.0 1884.5 420.0 1885.5 414.0 1887.5 405.0 1888.5 399.0 1890.5 394.0 1890.5 383.0 1893.5 369.0 1895.5 363.0 1897.5 360.0 1899.5 354.0 1901.5 341.0 1904.5 336.0 1904.5 335.0 1905.5 330.0 1905.5 325.0 1907.5 321.0 1907.5 316.0 1909.5 312.0 1909.5 309.0 1911.5 304.0 1912.5 299.0 1915.5 294.0 1917.5 291.0 1917.5 286.0 1919.5 281.0 1919.5 280.0 1920.5 275.0 1920.5 274.0 1921.5 269.0 1921.5 268.0 1922.5 263.0 1922.5 262.0 1923.5 256.0 1923.5 255.0 1924.5 247.0 1924.5 238.0 1927.5 227.0 1929.5 226.0 1930.5 217.0 1931.5 216.0 1932.5 211.0 1932.5 210.0 1933.5 204.0 1933.5 198.0 1935.5 194.0 1935.5 189.0 1937.5 180.0 1938.5 175.0 1940.5 172.0 1940.5 166.0 1943.5 161.0 1944.5 156.0 1946.5 150.0 1946.5 149.0 1947.5 143.0 1947.5 137.0 1949.5 132.0 1949.5 131.0 1950.5 126.0 1950.5 117.0 1953.5 112.0 1954.5 107.0 1954.5 106.0 1955.5 97.0 1956.5 90.0 1959.5 83.0 1960.5 82.0 1961.5 73.0 1962.5 72.0 1963.5 58.0 1965.5 53.0 1967.5 48.0 1967.5 42.0 1969.5 37.0 1969.5 29.0 1972.5 9.0 1978.5 0.0 1978.5
 10ML_sorting_tube_rack 220.5 1390.0 221.0 1389.5 231.0 1389.5 237.0 1386.5 242.5 1385.0 238.0 1380.5 234.0 1378.5 199.0 1378.5 187.0 1381.5 181.5 1378.0 178.5 1371.0 178.5 1367.0 174.5 1357.0 170.0 1352.5 162.0 1352.5 159.0 1351.5 156.5 1355.0 163.5 1361.0 164.5 1364.0 164.5 1370.0 165.5 1374.0 167.5 1377.0 168.5 1384.0 173.0 1387.5 184.0 1387.5 185.0 1388.5 191.0 1388.5 192.0 1389.5 207.0 1389.5 208.0 1390.5 220.0 1390.5 220.5 1390.0
 10ML_sorting_tube_rack 68.5 1403.0 70.5 1401.0 70.5 1389.0 69.0 1386.5 65.5 1389.0 64.5 1392.0 64.5 1397.0 63.5 1401.0 65.0 1403.5 68.5 1403.0
 5ML_sorting_tube_rack 1763.0 2155.5 1758.0 2154.5 1724.0 2154.5 1723.0 2155.5 1676.0 2155.5 1675.0 2154.5 1661.0 2154.5 1660.0 2155.5 1636.0 2155.5 1635.0 2154.5 1526.0 2154.5 1525.0 2155.5 1501.0 2155.5 1500.0 2154.5 1453.0 2154.5 1452.0 2155.5 1445.0 2155.5 1444.0 2154.5 1378.0 2154.5 1377.0 2155.5 1366.0 2155.5 1365.0 2154.5 1320.0 2154.5 1319.0 2155.5 1286.0 2155.5 1285.0 2154.5 1277.0 2154.5 1276.0 2155.5 1249.0 2155.5 1244.0 2153.5 1240.5 2150.0 1237.5 2138.0 1237.5 2110.0 1236.5 2109.0 1236.5 2103.0 1237.5 2102.0 1237.5 2041.0 1238.5 2040.0 1238.5 2015.0 1239.5 2014.0 1239.5 1994.0 1238.5 1993.0 1238.5 1983.0 1239.5 1982.0 1239.5 1913.0 1240.5 1912.0 1240.5 1856.0 1241.5 1855.0 1241.5 1832.0 1240.5 1831.0 1240.5 1803.0 1241.5 1802.0 1241.5 1738.0 1242.5 1737.0 1242.5 1689.0 1243.5 1688.0 1243.5 1620.0 1244.5 1619.0 1244.5 1608.0 1243.5 1607.0 1243.5 1540.0 1242.5 1539.0 1242.5 1507.0 1243.5 1506.0 1243.5 1497.0 1244.5 1496.0 1244.5 1490.0 1245.5 1489.0 1245.5 1481.0 1248.5 1473.0 1254.0 1467.5 1259.0 1464.5 1261.0 1464.5 1267.0 1461.5 1270.0 1461.5 1274.0 1459.5 1281.0 1458.5 1285.0 1456.5 1288.0 1456.5 1292.0 1454.5 1295.0 1454.5 1300.0 1452.5 1305.0 1452.5 1306.0 1451.5 1311.0 1451.5 1312.0 1450.5 1318.0 1450.5 1324.0 1448.5 1329.0 1448.5 1330.0 1447.5 1335.0 1447.5 1336.0 1446.5 1341.0 1446.5 1346.0 1444.5 1366.0 1440.5 1370.0 1440.5 1375.0 1438.5 1380.0 1438.5 1381.0 1437.5 1386.0 1437.5 1387.0 1436.5 1396.0 1435.5 1401.0 1433.5 1406.0 1433.5 1412.0 1431.5 1417.0 1431.5 1428.0 1428.5 1435.0 1427.5 1440.0 1425.5 1444.0 1425.5 1449.0 1423.5 1464.0 1420.5 1470.0 1420.5 1471.0 1419.5 1477.0 1419.5 1478.0 1418.5 1483.0 1418.5 1489.0 1416.5 1493.0 1416.5 1497.0 1414.5 1506.0 1412.5 1510.0 1412.5 1515.0 1410.5 1519.0 1410.5 1530.0 1407.5 1535.0 1407.5 1536.0 1406.5 1541.0 1406.5 1547.0 1404.5 1556.0 1403.5 1561.0 1401.5 1570.0 1400.5 1576.0 1398.5 1581.0 1398.5 1596.0 1395.5 1601.0 1393.5 1611.0 1391.5 1616.0 1391.5 1617.0 1390.5 1622.0 1390.5 1623.0 1389.5 1629.0 1389.5 1634.0 1388.5 1639.0 1386.5 1644.0 1386.5 1645.0 1385.5 1651.0 1385.5 1652.0 1384.5 1658.0 1383.5 1664.0 1380.5 1668.0 1379.5 1687.0 1379.5 1695.0 1383.5 1701.5 1390.0 1704.5 1396.0 1705.5 1402.0 1707.5 1407.0 1707.5 1411.0 1709.5 1416.0 1709.5 1421.0 1710.5 1422.0 1710.5 1428.0 1713.5 1443.0 1714.5 1444.0 1714.5 1449.0 1715.5 1450.0 1715.5 1455.0 1716.5 1456.0 1716.5 1461.0 1717.5 1462.0 1717.5 1467.0 1718.5 1468.0 1720.5 1479.0 1721.5 1480.0 1721.5 1485.0 1722.5 1486.0 1722.5 1491.0 1725.5 1502.0 1725.5 1507.0 1726.5 1508.0 1726.5 1513.0 1728.5 1519.0 1728.5 1524.0 1729.5 1525.0 1729.5 1530.0 1730.5 1531.0 1730.5 1537.0 1731.5 1538.0 1731.5 1544.0 1732.5 1545.0 1732.5 1550.0 1736.5 1570.0 1738.5 1574.0 1738.5 1577.0 1740.5 1581.0 1741.5 1586.0 1741.5 1591.0 1743.5 1597.0 1743.5 1602.0 1744.5 1603.0 1744.5 1609.0 1745.5 1610.0 1745.5 1617.0 1746.5 1618.0 1746.5 1625.0 1749.5 1633.0 1750.5 1641.0 1751.5 1642.0 1753.5 1650.0 1755.5 1662.0 1756.5 1663.0 1756.5 1669.0 1757.5 1670.0 1757.5 1675.0 1758.5 1676.0 1758.5 1681.0 1760.5 1687.0 1760.5 1692.0 1761.5 1693.0 1761.5 1698.0 1762.5 1699.0 1762.5 1704.0 1764.5 1710.0 1764.5 1716.0 1765.5 1721.0 1768.5 1730.0 1769.5 1735.0 1769.5 1740.0 1772.5 1751.0 1772.5 1756.0 1773.5 1757.0 1773.5 1762.0 1774.5 1763.0 1774.5 1769.0 1775.5 1770.0 1775.5 1775.0 1776.5 1776.0 1776.5 1783.0 1777.5 1784.0 1777.5 1790.0 1778.5 1791.0 1778.5 1796.0 1779.5 1797.0 1779.5 1802.0 1780.5 1803.0 1780.5 1808.0 1781.5 1809.0 1781.5 1814.0 1782.5 1815.0 1782.5 1820.0 1783.5 1821.0 1785.5 1830.0 1787.5 1835.0 1787.5 1842.0 1788.5 1843.0 1788.5 1852.0 1790.5 1858.0 1790.5 1863.0 1791.5 1864.0 1791.5 1869.0 1794.5 1878.0 1795.5 1885.0 1797.5 1890.0 1797.5 1893.0 1799.5 1898.0 1799.5 1903.0 1800.5 1904.0 1800.5 1910.0 1801.5 1911.0 1801.5 1917.0 1802.5 1918.0 1802.5 1923.0 1803.5 1924.0 1803.5 1929.0 1804.5 1930.0 1804.5 1936.0 1805.5 1937.0 1805.5 1944.0 1806.5 1945.0 1806.5 1951.0 1807.5 1952.0 1807.5 1957.0 1808.5 1958.0 1808.5 1965.0 1809.5 1966.0 1809.5 1972.0 1810.5 1973.0 1811.5 1980.0 1812.5 1981.0 1813.5 1988.0 1814.5 1989.0 1814.5 1994.0 1815.5 1995.0 1815.5 2000.0 1816.5 2005.0 1818.5 2009.0 1818.5 2012.0 1820.5 2017.0 1820.5 2026.0 1821.5 2027.0 1821.5 2033.0 1824.5 2041.0 1825.5 2048.0 1826.5 2049.0 1828.5 2059.0 1828.5 2069.0 1829.5 2070.0 1829.5 2078.0 1830.5 2079.0 1830.5 2084.0 1831.5 2085.0 1831.5 2092.0 1832.5 2093.0 1832.5 2107.0 1833.5 2108.0 1833.5 2129.0 1834.5 2130.0 1834.5 2143.0 1833.5 2144.0 1832.5 2150.0 1830.0 2152.5 1826.0 2154.5 1764.0 2154.5 1763.0 2155.5
 5ML_centrifuge_tube 2615.0 1302.5 2588.0 1302.5 2583.0 1300.5 2575.0 1299.5 2568.0 1296.5 2560.0 1294.5 2553.0 1290.5 2550.0 1289.5 2544.0 1285.5 2536.0 1277.5 2535.0 1277.5 2522.5 1265.0 2521.5 1262.0 2516.5 1255.0 2515.5 1252.0 2511.5 1245.0 2508.5 1236.0 2509.5 1233.0 2509.5 1223.0 2511.5 1215.0 2513.5 1210.0 2513.5 1206.0 2516.5 1199.0 2518.5 1190.0 2521.5 1186.0 2522.5 1183.0 2526.5 1178.0 2529.5 1171.0 2531.5 1168.0 2535.5 1157.0 2540.0 1152.5 2543.0 1150.5 2550.0 1147.5 2561.0 1144.5 2568.0 1144.5 2569.0 1143.5 2585.0 1143.5 2586.0 1144.5 2597.0 1144.5 2598.0 1145.5 2604.0 1145.5 2605.0 1146.5 2614.0 1147.5 2619.0 1149.5 2624.0 1150.5 2629.0 1153.5 2634.0 1155.5 2640.0 1159.5 2643.0 1160.5 2654.0 1167.5 2664.5 1178.0 2664.5 1179.0 2669.5 1184.0 2675.5 1193.0 2676.5 1197.0 2680.5 1205.0 2680.5 1213.0 2681.5 1214.0 2681.5 1223.0 2677.5 1237.0 2675.5 1242.0 2672.5 1247.0 2672.5 1249.0 2668.5 1256.0 2668.5 1258.0 2665.5 1263.0 2663.5 1269.0 2656.5 1279.0 2645.0 1290.5 2639.0 1294.5 2628.0 1299.5 2615.0 1302.5
 10ML_centrifuge_tube 2370.0 1113.5 2355.0 1113.5 2354.0 1112.5 2348.0 1112.5 2343.0 1111.5 2337.0 1108.5 2335.0 1108.5 2327.0 1104.5 2323.0 1101.5 2317.5 1096.0 2314.5 1092.0 2310.5 1084.0 2308.5 1075.0 2307.5 1074.0 2307.5 1039.0 2310.5 1032.0 2311.5 1028.0 2314.5 1024.0 2319.0 1019.5 2320.0 1019.5 2326.0 1014.5 2332.0 1011.5 2341.0 1009.5 2364.0 1009.5 2369.0 1011.5 2378.0 1012.5 2389.0 1016.5 2398.0 1023.5 2399.0 1023.5 2405.5 1030.0 2409.5 1037.0 2414.5 1043.0 2414.5 1052.0 2415.5 1055.0 2413.5 1060.0 2412.5 1065.0 2410.5 1070.0 2407.5 1083.0 2404.5 1090.0 2400.5 1096.0 2390.0 1106.5 2385.0 1109.5 2376.0 1112.5 2371.0 1112.5 2370.0 1113.5
 10ML_centrifuge_tube 2067.0 1352.5 2059.0 1352.5 2048.0 1347.5 2043.0 1344.5 2037.5 1340.0 2030.5 1329.0 2027.5 1316.0 2026.5 1315.0 2026.5 1310.0 2025.5 1309.0 2025.5 1302.0 2024.5 1301.0 2024.5 1294.0 2025.5 1293.0 2025.5 1286.0 2026.5 1285.0 2026.5 1272.0 2027.5 1271.0 2027.5 1266.0 2031.5 1259.0 2038.0 1252.5 2046.0 1248.5 2057.0 1241.5 2063.0 1239.5 2078.0 1239.5 2088.0 1241.5 2089.0 1242.5 2095.0 1242.5 2102.0 1244.5 2108.0 1247.5 2111.0 1250.5 2115.0 1252.5 2119.5 1257.0 2123.5 1265.0 2123.5 1271.0 2124.5 1272.0 2124.5 1312.0 2123.5 1315.0 2120.0 1319.5 2116.0 1322.5 2111.0 1324.5 2104.0 1325.5 2103.0 1326.5 2096.0 1327.5 2088.0 1331.5 2079.5 1340.0 2076.5 1346.0 2072.0 1350.5 2067.0 1352.5
 10ML_centrifuge_tube 2419.0 1202.5 2405.0 1202.5 2400.5 1199.0 2398.5 1195.0 2398.5 1182.0 2400.5 1176.0 2406.0 1170.5 2412.0 1166.5 2420.0 1162.5 2426.0 1160.5 2429.0 1160.5 2433.0 1158.5 2445.0 1158.5 2446.0 1159.5 2454.0 1160.5 2457.0 1162.5 2463.0 1163.5 2469.0 1166.5 2472.0 1169.5 2482.0 1174.5 2487.5 1179.0 2486.5 1186.0 2484.0 1190.5 2481.0 1190.5 2476.0 1192.5 2473.0 1192.5 2468.0 1194.5 2463.0 1194.5 2462.0 1195.5 2455.0 1195.5 2454.0 1196.5 2448.0 1196.5 2447.0 1197.5 2442.0 1197.5 2436.0 1199.5 2432.0 1199.5 2426.0 1201.5 2420.0 1201.5 2419.0 1202.5
 10ML_centrifuge_tube 3016.0 992.5 3005.0 992.5 3004.0 991.5 2997.0 991.5 2996.0 990.5 2991.0 990.5 2990.0 989.5 2979.0 986.5 2974.0 984.5 2972.0 982.5 2964.0 978.5 2953.5 968.0 2949.5 959.0 2948.5 955.0 2948.5 939.0 2950.5 934.0 2950.5 931.0 2952.5 927.0 2953.5 920.0 2957.5 913.0 2958.5 910.0 2961.5 906.0 2967.0 900.5 2970.0 898.5 2977.0 895.5 2982.0 894.5 2991.0 894.5 2992.0 893.5 2997.0 893.5 2998.0 894.5 3010.0 894.5 3011.0 895.5 3020.0 896.5 3029.0 899.5 3041.0 906.5 3046.0 908.5 3053.5 916.0 3057.5 921.0 3064.5 934.0 3064.5 940.0 3063.5 941.0 3053.5 961.0 3049.5 966.0 3043.5 976.0 3042.5 979.0 3039.5 983.0 3034.0 987.5 3028.0 990.5 3024.0 991.5 3017.0 991.5 3016.0 992.5
dispensing_tube_rack 3839.0 1781.5 3832.0 1781.5 3827.0 1784.5 3817.0 1792.5 3814.0 1793.5 3807.0 1798.5 3798.0 1807.5 3792.0 1811.5 3785.0 1814.5 3782.0 1814.5 3775.0 1817.5 3773.0 1817.5 3768.0 1820.5 3754.0 1827.5 3748.0 1831.5 3742.0 1836.5 3734.0 1840.5 3728.5 1846.0 3725.0 1850.5 3718.0 1853.5 3714.0 1854.5 3707.0 1857.5 3704.0 1857.5 3694.0 1861.5 3689.0 1862.5 3684.0 1865.5 3674.0 1869.5 3671.0 1869.5 3667.0 1871.5 3662.0 1871.5 3656.0 1873.5 3648.0 1874.5 3644.0 1876.5 3636.0 1878.5 3629.0 1881.5 3626.0 1881.5 3619.0 1884.5 3615.0 1884.5 3593.0 1891.5 3589.0 1892.5 3580.0 1893.5 3575.0 1895.5 3567.0 1896.5 3557.0 1900.5 3554.0 1900.5 3547.0 1903.5 3539.0 1904.5 3535.0 1906.5 3532.0 1906.5 3526.0 1908.5 3523.0 1910.5 3514.0 1912.5 3511.0 1914.5 3506.0 1915.5 3502.0 1917.5 3495.0 1918.5 3486.0 1921.5 3483.0 1921.5 3479.0 1923.5 3471.0 1925.5 3470.0 1926.5 3457.0 1930.5 3454.0 1930.5 3449.0 1932.5 3438.0 1934.5 3433.0 1936.5 3426.0 1937.5 3425.0 1938.5 3416.0 1940.5 3402.0 1945.5 3398.0 1945.5 3394.0 1947.5 3387.0 1948.5 3383.0 1950.5 3365.0 1953.5 3361.0 1955.5 3358.0 1955.5 3350.0 1959.5 3335.0 1964.5 3331.0 1964.5 3321.0 1968.5 3318.0 1968.5 3314.0 1970.5 3307.0 1971.5 3306.0 1972.5 3297.0 1974.5 3289.0 1977.5 3280.0 1978.5 3270.0 1981.5 3262.0 1985.5 3254.0 1986.5 3249.0 1988.5 3244.0 1989.5 3237.0 1989.5 3232.0 1990.5 3227.0 1992.5 3224.0 1992.5 3220.0 1994.5 3212.0 1995.5 3208.0 1997.5 3205.0 1997.5 3198.0 2000.5 3190.0 2001.5 3189.0 2002.5 3181.0 2004.5 3174.0 2007.5 3166.0 2008.5 3165.0 2009.5 3160.0 2009.5 3159.0 2010.5 3154.0 2010.5 3149.0 2011.5 3140.0 2014.5 3137.0 2014.5 3133.0 2016.5 3124.0 2019.5 3117.0 2020.5 3112.0 2022.5 3104.0 2022.5 3103.0 2023.5 3097.0 2023.5 3094.0 2022.5 3084.0 2017.5 3071.0 2004.5 3070.0 2004.5 3066.5 2000.0 3064.5 1995.0 3058.5 1984.0 3058.5 1982.0 3055.5 1975.0 3053.5 1973.0 3051.5 1968.0 3049.5 1966.0 3045.5 1954.0 3046.5 1953.0 3047.5 1946.0 3049.5 1943.0 3049.5 1937.0 3050.5 1936.0 3050.5 1922.0 3055.0 1918.5 3060.0 1916.5 3066.0 1916.5 3067.0 1915.5 3076.0 1915.5 3077.0 1914.5 3101.0 1914.5 3106.0 1916.5 3111.0 1917.5 3115.0 1916.5 3125.0 1909.5 3133.0 1901.5 3134.0 1901.5 3141.0 1895.5 3142.0 1895.5 3151.0 1886.5 3158.0 1882.5 3164.0 1876.5 3169.0 1872.5 3172.0 1871.5 3181.0 1865.5 3193.0 1858.5 3199.0 1854.5 3213.0 1840.5 3214.0 1840.5 3221.0 1833.5 3227.0 1829.5 3234.0 1826.5 3241.0 1821.5 3244.0 1818.5 3254.0 1812.5 3259.0 1808.5 3264.0 1803.5 3265.0 1803.5 3271.0 1797.5 3272.0 1797.5 3278.0 1791.5 3284.0 1787.5 3289.0 1782.5 3295.0 1778.5 3320.0 1763.5 3337.0 1746.5 3338.0 1746.5 3344.0 1740.5 3348.0 1737.5 3354.0 1734.5 3358.5 1730.0 3359.5 1726.0 3362.5 1720.0 3362.5 1715.0 3360.5 1713.0 3355.5 1702.0 3354.5 1698.0 3352.5 1696.0 3348.5 1689.0 3339.5 1680.0 3335.5 1674.0 3331.5 1666.0 3329.5 1664.0 3327.5 1659.0 3324.5 1654.0 3313.5 1643.0 3311.5 1639.0 3300.5 1625.0 3300.5 1624.0 3294.5 1615.0 3284.5 1603.0 3279.5 1592.0 3278.0 1590.5 3274.0 1590.5 3271.0 1592.5 3266.0 1593.5 3261.0 1595.5 3252.0 1604.5 3247.0 1607.5 3242.0 1612.5 3241.0 1612.5 3234.0 1619.5 3228.0 1623.5 3219.0 1632.5 3211.0 1637.5 3203.0 1645.5 3195.0 1649.5 3183.5 1661.0 3180.5 1666.0 3177.5 1669.0 3175.5 1673.0 3169.0 1678.5 3165.0 1680.5 3162.0 1683.5 3157.0 1686.5 3146.5 1697.0 3146.5 1698.0 3139.0 1705.5 3135.0 1707.5 3119.5 1723.0 3115.5 1728.0 3112.5 1733.0 3110.5 1741.0 3105.5 1746.0 3104.5 1748.0 3104.5 1757.0 3105.5 1762.0 3110.5 1770.0 3115.5 1782.0 3117.5 1784.0 3121.5 1792.0 3123.5 1798.0 3127.5 1813.0 3131.5 1821.0 3133.5 1833.0 3134.5 1836.0 3132.5 1841.0 3129.5 1845.0 3126.0 1847.5 3121.5 1852.0 3121.5 1853.0 3114.0 1860.5 3110.0 1862.5 3101.0 1871.5 3093.0 1876.5 3081.0 1888.5 3077.0 1890.5 3072.5 1895.0 3069.5 1902.0 3066.0 1905.5 3062.0 1907.5 3054.0 1909.5 3050.5 1914.0 3049.5 1922.0 3046.0 1923.5 3038.0 1923.5 3025.0 1936.5 3016.0 1940.5 3011.0 1943.5 3009.0 1943.5 3003.0 1948.5 3002.0 1948.5 2985.0 1965.5 2984.0 1965.5 2979.0 1970.5 2973.0 1974.5 2964.0 1983.5 2963.0 1983.5 2958.0 1988.5 2949.0 1994.5 2934.0 2009.5 2930.0 2012.5 2927.0 2013.5 2922.0 2018.5 2921.0 2018.5 2916.0 2023.5 2915.0 2023.5 2910.5 2028.0 2910.5 2029.0 2904.0 2035.5 2898.0 2038.5 2892.0 2043.5 2891.0 2043.5 2881.5 2053.0 2878.5 2058.0 2868.0 2068.5 2867.0 2068.5 2862.5 2073.0 2862.5 2074.0 2856.0 2080.5 2848.0 2084.5 2842.0 2089.5 2837.0 2091.5 2832.0 2092.5 2828.0 2094.5 2823.0 2094.5 2818.0 2095.5 2813.0 2097.5 2799.0 2099.5 2792.0 2102.5 2790.0 2102.5 2785.0 2105.5 2778.0 2107.5 2774.0 2107.5 2769.0 2109.5 2762.0 2110.5 2758.0 2112.5 2755.0 2112.5 2750.0 2114.5 2745.0 2114.5 2744.0 2115.5 2727.0 2118.5 2724.0 2120.5 2716.0 2121.5 2711.0 2123.5 2704.0 2124.5 2700.0 2126.5 2690.0 2129.5 2685.0 2129.5 2679.0 2131.5 2675.0 2131.5 2666.0 2134.5 2654.0 2136.5 2649.0 2138.5 2644.0 2139.5 2636.0 2139.5 2635.0 2140.5 2630.0 2140.5 2619.0 2143.5 2610.0 2143.5 2609.0 2144.5 2601.0 2144.5 2600.0 2145.5 2568.0 2145.5 2567.0 2146.5 2560.0 2146.5 2559.0 2147.5 2549.0 2147.5 2548.0 2148.5 2522.0 2148.5 2521.0 2149.5 2515.0 2149.5 2514.0 2150.5 2491.0 2150.5 2490.0 2151.5 2479.0 2151.5 2475.0 2150.5 2476.5 2146.0 2479.5 2141.0 2488.0 2135.5 2494.0 2134.5 2500.0 2132.5 2505.0 2132.5 2512.0 2130.5 2518.0 2127.5 2520.0 2125.5 2531.0 2120.5 2537.0 2119.5 2546.0 2116.5 2549.0 2114.5 2558.0 2112.5 2562.0 2110.5 2565.0 2110.5 2571.0 2108.5 2574.0 2106.5 2579.0 2105.5 2589.0 2101.5 2601.0 2099.5 2605.0 2097.5 2608.0 2097.5 2615.0 2094.5 2619.0 2093.5 2626.0 2093.5 2627.0 2092.5 2632.0 2092.5 2633.0 2091.5 2646.0 2088.5 2647.0 2087.5 2656.0 2085.5 2664.0 2082.5 2670.0 2082.5 2676.0 2080.5 2683.0 2079.5 2698.0 2073.5 2701.0 2071.5 2706.0 2070.5 2710.0 2068.5 2719.0 2066.5 2723.0 2066.5 2737.0 2063.5 2741.0 2061.5 2751.0 2058.5 2755.5 2054.0 2758.5 2049.0 2758.5 2036.0 2757.5 2031.0 2754.5 2025.0 2754.5 2023.0 2748.5 2010.0 2745.5 2005.0 2745.5 2003.0 2741.5 1995.0 2735.5 1987.0 2733.5 1983.0 2728.0 1977.5 2722.0 1974.5 2717.0 1973.5 2703.0 1973.5 2698.0 1975.5 2694.0 1975.5 2689.0 1977.5 2676.0 1979.5 2663.0 1984.5 2656.0 1984.5 2655.0 1985.5 2648.0 1985.5 2635.0 1990.5 2627.0 1991.5 2626.0 1992.5 2617.0 1993.5 2608.0 1996.5 2605.0 1996.5 2600.0 1998.5 2596.0 1998.5 2591.0 2000.5 2588.0 2000.5 2582.0 2002.5 2576.0 2005.5 2573.0 2005.5 2568.0 2007.5 2563.0 2008.5 2558.0 2008.5 2552.0 2010.5 2543.0 2011.5 2542.0 2012.5 2537.0 2012.5 2536.0 2013.5 2530.0 2013.5 2525.0 2014.5 2518.0 2017.5 2513.0 2018.5 2510.0 2020.5 2507.0 2020.5 2503.0 2022.5 2492.0 2024.5 2488.0 2026.5 2485.0 2026.5 2480.0 2028.5 2476.0 2028.5 2463.0 2032.5 2451.0 2034.5 2446.0 2036.5 2434.0 2038.5 2424.0 2042.5 2419.0 2043.5 2408.0 2043.5 2399.0 2046.5 2394.0 2049.5 2386.0 2051.5 2380.0 2051.5 2379.0 2052.5 2371.0 2053.5 2367.0 2055.5 2360.0 2056.5 2359.0 2057.5 2354.0 2057.5 2343.0 2060.5 2338.0 2063.5 2333.0 2065.5 2326.0 2066.5 2320.0 2068.5 2316.0 2068.5 2307.0 2071.5 2298.0 2072.5 2297.0 2073.5 2291.0 2073.5 2290.0 2074.5 2285.0 2074.5 2279.0 2076.5 2272.0 2080.5 2267.0 2082.5 2264.0 2082.5 2260.0 2084.5 2252.0 2086.5 2238.0 2092.5 2228.0 2095.5 2222.5 2101.0 2218.5 2111.0 2217.5 2118.0 2214.5 2125.0 2209.5 2131.0 2205.5 2140.0 2199.0 2147.5 2193.0 2150.5 2184.0 2152.5 2170.0 2152.5 2169.0 2153.5 2148.0 2153.5 2147.0 2152.5 2134.0 2152.5 2133.0 2151.5 2095.0 2151.5 2090.0 2150.5 2088.0 2148.5 2079.0 2144.5 2073.5 2139.0 2072.5 2135.0 2070.5 2132.0 2069.5 2127.0 2066.5 2121.0 2065.5 2113.0 2062.5 2106.0 2062.5 2104.0 2059.5 2094.0 2057.5 2089.0 2056.5 2080.0 2054.5 2075.0 2054.5 2072.0 2050.5 2063.0 2048.5 2057.0 2048.5 2053.0 2046.5 2044.0 2044.5 2040.0 2044.5 2036.0 2042.5 2030.0 2042.5 2025.0 2041.5 2024.0 2041.5 2019.0 2040.5 2018.0 2039.5 2011.0 2037.5 2007.0 2033.5 1993.0 2031.5 1982.0 2029.5 1978.0 2029.5 1974.0 2025.5 1961.0 2024.5 1954.0 2020.5 1943.0 2018.5 1940.0 2017.5 1931.0 2015.5 1927.0 2013.5 1914.0 2012.5 1913.0 2012.5 1908.0 2010.5 1902.0 2010.5 1897.0 2009.5 1896.0 2005.5 1879.0 2004.5 1878.0 2003.5 1869.0 2002.5 1868.0 2002.5 1862.0 1999.5 1851.0 2000.5 1846.0 2000.5 1832.0 1999.5 1831.0 1999.5 1819.0 1998.5 1818.0 1998.5 1810.0 1997.5 1805.0 1993.5 1796.0 1988.5 1790.0 1986.5 1781.0 1984.5 1778.0 1984.5 1775.0 1982.5 1770.0 1977.5 1761.0 1976.5 1756.0 1974.5 1753.0 1972.5 1747.0 1970.5 1738.0 1968.5 1733.0 1967.5 1728.0 1967.5 1723.0 1964.5 1711.0 1960.5 1703.0 1958.5 1701.0 1957.5 1696.0 1957.5 1691.0 1956.5 1690.0 1954.5 1678.0 1952.5 1672.0 1952.5 1667.0 1951.5 1666.0 1951.5 1660.0 1946.5 1643.0 1944.5 1640.0 1943.5 1633.0 1941.5 1629.0 1941.5 1626.0 1939.5 1622.0 1939.5 1619.0 1936.5 1611.0 1936.5 1605.0 1935.5 1604.0 1935.5 1599.0 1934.5 1595.0 1930.5 1587.0 1928.5 1585.0 1927.5 1579.0 1924.5 1570.0 1924.5 1565.0 1923.5 1560.0 1920.5 1551.0 1919.5 1542.0 1917.5 1538.0 1917.5 1535.0 1912.5 1526.0 1910.5 1521.0 1909.5 1513.0 1907.5 1507.0 1907.5 1502.0 1906.5 1497.0 1904.5 1492.0 1900.5 1477.0 1898.5 1475.0 1897.5 1470.0 1895.5 1467.0 1894.5 1461.0 1893.5 1460.0 1893.5 1453.0 1892.5 1452.0 1892.5 1446.0 1891.5 1441.0 1888.5 1432.0 1888.5 1426.0 1887.5 1425.0 1887.5 1419.0 1886.5 1415.0 1883.5 1410.0 1878.5 1397.0 1877.5 1388.0 1876.5 1387.0 1876.5 1381.0 1875.5 1380.0 1872.5 1367.0 1868.5 1360.0 1866.5 1348.0 1864.5 1344.0 1864.5 1338.0 1863.5 1337.0 1863.5 1331.0 1862.5 1326.0 1857.5 1315.0 1857.5 1310.0 1859.5 1306.0 1865.0 1300.5 1869.0 1298.5 1877.0 1296.5 1881.0 1294.5 1888.0 1293.5 1894.0 1291.5 1897.0 1289.5 1902.0 1288.5 1905.0 1286.5 1908.5 1282.0 1908.5 1273.0 1907.5 1272.0 1907.5 1266.0 1904.5 1260.0 1904.5 1258.0 1901.5 1253.0 1899.5 1246.0 1897.5 1242.0 1893.5 1228.0 1893.5 1225.0 1891.5 1220.0 1891.5 1215.0 1890.5 1214.0 1890.5 1209.0 1889.5 1208.0 1889.5 1200.0 1888.5 1199.0 1888.5 1182.0 1889.5 1177.0 1894.5 1168.0 1899.0 1163.5 1904.0 1162.5 1909.0 1159.5 1914.5 1154.0 1917.5 1145.0 1920.5 1138.0 1920.5 1135.0 1923.5 1130.0 1927.0 1127.5 1931.0 1126.5 1943.0 1126.5 1950.0 1124.5 1955.0 1121.5 1957.0 1121.5 1961.0 1118.5 1965.0 1118.5 1970.0 1116.5 1983.0 1116.5 1988.0 1117.5 1989.0 1116.5 1994.0 1116.5 1995.0 1115.5 2000.0 1115.5 2001.0 1114.5 2021.0 1114.5 2022.0 1113.5 2030.0 1113.5 2035.0 1111.5 2037.0 1109.5 2042.0 1107.5 2046.0 1104.5 2055.0 1102.5 2059.0 1100.5 2072.0 1097.5 2077.0 1097.5 2078.0 1096.5 2083.0 1096.5 2084.0 1095.5 2090.0 1095.5 2096.0 1093.5 2103.0 1092.5 2107.0 1090.5 2119.0 1088.5 2120.0 1087.5 2125.0 1087.5 2130.0 1085.5 2135.0 1085.5 2136.0 1084.5 2144.0 1084.5 2145.0 1083.5 2161.0 1083.5 2162.0 1084.5 2172.0 1084.5 2173.0 1083.5 2178.0 1083.5 2179.0 1082.5 2184.0 1082.5 2195.0 1079.5 2202.0 1075.5 2204.0 1073.5 2215.0 1070.5 2221.0 1070.5 2222.0 1069.5 2229.0 1069.5 2230.0 1068.5 2235.0 1068.5 2236.0 1067.5 2242.0 1067.5 2243.0 1066.5 2252.0 1066.5 2253.0 1065.5 2260.0 1065.5 2261.0 1064.5 2267.0 1064.5 2268.0 1063.5 2275.0 1063.5 2282.0 1066.5 2288.0 1071.5 2301.0 1075.5 2309.0 1080.5 2310.0 1080.5 2315.0 1085.5 2319.0 1087.5 2322.0 1084.5 2330.0 1081.5 2334.0 1082.5 2337.5 1087.0 2335.5 1093.0 2331.0 1096.5 2328.0 1097.5 2325.5 1101.0 2331.0 1106.5 2344.0 1112.5 2345.0 1113.5 2386.0 1113.5 2387.0 1114.5 2398.0 1114.5 2404.0 1119.5 2411.0 1119.5 2410.0 1114.5 2404.0 1112.5 2402.5 1110.0 2402.5 1088.0 2407.0 1084.5 2412.0 1082.5 2416.0 1079.5 2420.5 1075.0 2420.5 1074.0 2426.0 1068.5 2435.0 1065.5 2447.0 1065.5 2448.0 1066.5 2454.0 1066.5 2459.0 1068.5 2467.0 1069.5 2470.5 1074.0 2470.5 1079.0 2472.5 1084.0 2477.0 1086.5 2480.0 1086.5 2482.5 1089.0 2484.5 1094.0 2484.5 1097.0 2486.5 1101.0 2487.5 1106.0 2487.5 1112.0 2488.5 1116.0 2494.0 1121.5 2495.0 1121.5 2501.5 1128.0 2503.5 1131.0 2507.5 1140.0 2510.5 1143.0 2512.5 1148.0 2512.5 1163.0 2513.5 1165.0 2520.0 1171.5 2526.0 1174.5 2528.0 1173.5 2532.5 1169.0 2532.5 1168.0 2540.0 1158.5 2547.0 1154.5 2549.0 1154.5 2554.0 1151.5 2560.0 1150.5 2564.0 1148.5 2578.0 1148.5 2581.0 1150.5 2587.0 1151.5 2605.0 1151.5 2606.0 1152.5 2614.0 1152.5 2615.0 1153.5 2621.0 1153.5 2622.0 1154.5 2631.0 1156.5 2636.0 1158.5 2640.0 1158.5 2646.0 1160.5 2650.5 1155.0 2650.5 1154.0 2656.0 1148.5 2670.0 1144.5 2674.5 1140.0 2677.5 1131.0 2677.5 1119.0 2678.5 1115.0 2680.5 1112.0 2682.5 1103.0 2686.5 1094.0 2691.5 1080.0 2693.5 1072.0 2697.5 1065.0 2699.5 1057.0 2703.5 1049.0 2704.5 1042.0 2707.5 1035.0 2708.5 1028.0 2715.5 1016.0 2715.5 1014.0 2718.5 1009.0 2723.5 1004.0 2727.5 999.0 2730.5 993.0 2731.5 988.0 2734.5 981.0 2739.0 977.5 2754.0 972.5 2757.0 972.5 2767.0 969.5 2768.0 968.5 2777.0 967.5 2782.0 965.5 2799.0 961.5 2813.0 961.5 2814.0 960.5 2819.0 960.5 2820.0 959.5 2825.0 959.5 2826.0 958.5 2833.0 958.5 2834.0 957.5 2840.0 957.5 2844.0 956.5 2849.0 953.5 2865.0 950.5 2871.0 948.5 2881.0 948.5 2882.0 947.5 2889.0 947.5 2890.0 946.5 2895.0 946.5 2896.0 945.5 2901.0 945.5 2902.0 944.5 2907.0 944.5 2912.0 943.5 2917.0 941.5 2934.0 941.5 2935.0 940.5 2942.0 940.5 2947.0 938.5 2949.0 936.5 2953.0 935.5 2957.5 931.0 2959.5 926.0 2959.5 923.0 2964.0 917.5 2967.0 916.5 2972.5 911.0 2972.5 910.0 2978.0 906.5 2990.0 903.5 2999.0 903.5 3000.0 902.5 3008.0 902.5 3014.0 904.5 3018.0 904.5 3027.0 907.5 3032.0 907.5 3033.0 908.5 3038.0 908.5 3042.0 911.5 3045.0 912.5 3050.0 916.5 3058.0 916.5 3059.0 915.5 3065.0 915.5 3068.0 914.5 3077.0 908.5 3080.0 908.5 3084.0 906.5 3087.0 906.5 3092.0 904.5 3097.0 903.5 3104.0 903.5 3105.0 902.5 3110.0 902.5 3115.0 901.5 3123.0 898.5 3128.0 897.5 3134.0 897.5 3135.0 896.5 3142.0 896.5 3143.0 895.5 3149.0 895.5 3150.0 894.5 3155.0 894.5 3156.0 893.5 3173.0 893.5 3179.0 895.5 3188.0 896.5 3193.0 898.5 3203.0 900.5 3209.0 903.5 3217.0 908.5 3223.0 909.5 3224.0 910.5 3231.0 911.5 3244.0 916.5 3249.0 917.5 3253.0 919.5 3258.0 923.5 3277.0 942.5 3286.0 948.5 3299.5 962.0 3303.5 968.0 3308.0 972.5 3309.0 972.5 3338.0 1001.5 3339.0 1001.5 3346.0 1008.5 3347.0 1008.5 3366.0 1027.5 3367.0 1027.5 3373.0 1033.5 3379.0 1037.5 3386.5 1045.0 3386.5 1046.0 3398.5 1058.0 3400.5 1066.0 3404.5 1073.0 3405.5 1077.0 3410.0 1083.5 3414.5 1079.0 3417.5 1071.0 3420.5 1067.0 3437.5 1050.0 3437.5 1049.0 3448.5 1038.0 3450.5 1034.0 3453.5 1031.0 3455.5 1027.0 3465.5 1017.0 3468.5 1011.0 3472.0 1007.5 3478.0 1004.5 3480.0 1002.5 3488.0 998.5 3494.0 996.5 3497.0 996.5 3501.0 994.5 3509.0 993.5 3518.0 990.5 3525.0 990.5 3526.0 989.5 3532.0 989.5 3537.0 988.5 3546.0 985.5 3551.0 984.5 3557.0 984.5 3566.0 982.5 3573.0 979.5 3577.0 978.5 3586.0 977.5 3591.0 975.5 3600.0 974.5 3605.0 972.5 3610.0 971.5 3615.0 971.5 3616.0 970.5 3621.0 970.5 3626.0 968.5 3635.0 967.5 3636.0 966.5 3641.0 966.5 3647.0 964.5 3653.0 964.5 3658.0 962.5 3662.0 962.5 3667.0 960.5 3672.0 960.5 3673.0 959.5 3679.0 959.5 3688.0 957.5 3698.0 953.5 3703.0 953.5 3708.0 951.5 3713.0 950.5 3718.0 950.5 3719.0 949.5 3727.0 949.5 3728.0 948.5 3733.0 948.5 3739.0 946.5 3744.0 946.5 3750.0 944.5 3757.0 943.5 3758.0 942.5 3763.0 942.5 3764.0 941.5 3773.0 940.5 3778.0 938.5 3783.0 938.5 3788.0 936.5 3792.0 936.5 3797.0 934.5 3802.0 933.5 3807.0 933.5 3812.0 931.5 3817.0 930.5 3823.0 930.5 3824.0 929.5 3831.0 929.5 3832.0 928.5 3839.0 928.5
dispensing_tube_rack 2468.5 1122.0 2471.5 1119.0 2470.5 1115.0 2469.0 1113.5 2465.0 1113.5 2462.5 1117.0 2462.5 1120.0 2465.0 1122.5 2468.5 1122.0
dispensing_tube_rack 2353.5 1209.0 2366.0 1206.5 2367.0 1205.5 2373.0 1205.5 2381.0 1199.5 2387.0 1196.5 2394.0 1196.5 2399.0 1200.5 2404.0 1203.5 2408.0 1203.5 2412.0 1200.5 2417.0 1198.5 2422.0 1197.5 2431.0 1197.5 2432.0 1196.5 2441.0 1196.5 2442.0 1195.5 2452.0 1195.5 2453.0 1194.5 2458.0 1194.5 2464.0 1191.5 2471.0 1190.5 2472.0 1191.5 2491.0 1191.5 2496.0 1190.5 2496.5 1188.0 2494.5 1185.0 2493.5 1180.0 2489.0 1175.5 2484.0 1172.5 2477.0 1170.5 2473.5 1167.0 2471.5 1161.0 2468.5 1158.0 2464.5 1151.0 2463.5 1147.0 2463.5 1140.0 2461.5 1134.0 2455.0 1127.5 2452.0 1126.5 2434.0 1126.5 2433.0 1127.5 2428.0 1127.5 2422.0 1130.5 2419.0 1130.5 2412.0 1133.5 2407.0 1134.5 2402.0 1134.5 2399.0 1135.5 2396.5 1138.0 2394.5 1143.0 2394.5 1152.0 2392.5 1160.0 2390.0 1163.5 2379.0 1157.5 2375.0 1157.5 2371.5 1161.0 2364.5 1174.0 2364.5 1178.0 2362.5 1182.0 2360.0 1184.5 2358.0 1183.5 2353.5 1179.0 2351.5 1171.0 2351.5 1159.0 2353.5 1155.0 2358.0 1150.5 2362.5 1147.0 2363.5 1145.0 2360.0 1136.5 2349.0 1136.5 2343.5 1145.0 2343.5 1160.0 2344.5 1161.0 2344.5 1176.0 2343.5 1181.0 2340.0 1185.5 2334.0 1187.5 2330.5 1190.0 2331.5 1194.0 2335.0 1195.5 2338.5 1200.0 2338.5 1204.0 2343.0 1208.5 2345.0 1209.5 2353.5 1209.0
dispensing_tube_rack 2123.5 1253.0 2129.5 1250.0 2126.5 1245.0 2120.0 1238.5 2115.0 1235.5 2109.0 1233.5 2106.5 1236.0 2106.5 1241.0 2108.5 1247.0 2113.0 1250.5 2119.0 1253.5 2123.5 1253.0
dispensing_tube_rack 3369.5 1893.0 3378.0 1890.5 3386.0 1890.5 3387.0 1891.5 3400.0 1891.5 3401.0 1890.5 3410.0 1889.5 3419.0 1886.5 3422.0 1886.5 3427.0 1884.5 3436.0 1884.5 3437.0 1883.5 3443.0 1883.5 3450.0 1880.5 3461.0 1877.5 3473.0 1875.5 3481.0 1872.5 3486.0 1872.5 3491.0 1870.5 3499.0 1869.5 3510.0 1865.5 3512.0 1863.5 3520.0 1859.5 3526.0 1858.5 3530.0 1856.5 3534.0 1856.5 3538.0 1854.5 3547.0 1852.5 3548.0 1851.5 3555.0 1851.5 3556.0 1850.5 3561.0 1850.5 3566.0 1847.5 3574.0 1844.5 3577.0 1844.5 3590.0 1839.5 3605.0 1839.5 3609.0 1838.5 3615.0 1835.5 3621.0 1831.5 3628.5 1825.0 3630.5 1821.0 3630.5 1809.0 3629.5 1805.0 3623.5 1794.0 3612.5 1783.0 3612.5 1782.0 3607.0 1774.5 3604.0 1772.5 3590.0 1766.5 3583.0 1766.5 3582.0 1765.5 3575.0 1765.5 3570.0 1767.5 3565.0 1767.5 3559.0 1769.5 3554.0 1769.5 3548.0 1771.5 3543.0 1771.5 3542.0 1772.5 3536.0 1772.5 3535.0 1773.5 3530.0 1773.5 3525.0 1774.5 3517.0 1777.5 3514.0 1777.5 3502.0 1781.5 3496.0 1785.5 3488.0 1789.5 3486.0 1789.5 3472.0 1796.5 3470.0 1798.5 3455.0 1805.5 3445.0 1815.5 3439.0 1818.5 3431.0 1824.5 3428.0 1825.5 3422.0 1830.5 3411.0 1835.5 3408.0 1837.5 3403.0 1842.5 3397.0 1846.5 3389.5 1854.0 3387.5 1858.0 3382.0 1863.5 3377.0 1865.5 3375.0 1867.5 3371.0 1868.5 3366.5 1876.0 3361.5 1881.0 3360.5 1885.0 3362.5 1887.0 3364.5 1892.0 3367.0 1893.5 3369.5 1893.0
