 tube_rack_storage_cabinet 0.0 228.5 5.0 228.5 9.0 226.5 14.5 219.0 29.5 204.0 33.5 198.0 34.5 195.0 43.0 186.5 48.0 182.5 53.0 179.5 69.0 163.5 70.0 163.5 80.0 153.5 87.0 149.5 91.0 148.5 95.0 145.5 100.0 145.5 108.0 149.5 113.0 153.5 122.0 158.5 126.0 163.5 129.0 165.5 140.0 165.5 144.5 169.0 148.5 177.0 153.0 181.5 160.0 184.5 163.0 186.5 167.5 191.0 169.0 193.5 175.5 200.0 175.5 201.0 181.0 206.5 191.0 212.5 201.0 215.5 205.5 220.0 207.5 226.0 213.5 237.0 220.0 243.5 223.0 244.5 238.0 259.5 251.0 266.5 253.0 266.5 263.0 270.5 266.0 273.5 270.0 275.5 273.5 279.0 277.5 291.0 283.0 294.5 285.0 294.5 292.0 298.5 298.0 304.5 302.0 306.5 305.5 310.0 308.5 317.0 312.0 320.5 320.0 322.5 330.0 330.5 335.0 333.5 339.0 334.5 343.0 337.5 352.0 346.5 353.0 346.5 359.0 352.5 368.0 356.5 373.0 360.5 379.0 363.5 386.5 371.0 392.5 382.0 399.0 387.5 406.0 389.5 413.0 393.5 418.0 395.5 423.0 398.5 425.0 398.5 429.0 402.5 435.0 406.5 441.0 408.5 445.5 414.0 447.5 422.0 450.5 428.0 452.5 440.0 454.5 444.0 458.0 446.5 466.0 447.5 467.0 448.5 473.0 449.5 478.0 451.5 487.0 456.5 493.0 456.5 494.0 457.5 502.0 457.5 504.0 458.5 515.0 469.5 518.0 471.5 529.0 476.5 537.0 483.5 543.0 486.5 545.0 486.5 550.5 492.0 550.5 493.0 555.0 496.5 560.0 497.5 564.5 501.0 564.5 502.0 574.0 511.5 587.0 518.5 594.0 523.5 598.0 527.5 607.0 532.5 613.0 538.5 623.0 544.5 627.5 550.0 630.5 557.0 632.5 560.0 637.0 564.5 643.0 567.5 651.0 569.5 654.0 571.5 663.0 574.5 669.0 577.5 671.5 581.0 677.0 586.5 680.0 587.5 685.5 593.0 688.5 598.0 693.0 602.5 697.0 604.5 701.5 610.0 701.5 612.0 705.0 615.5 709.0 616.5 719.0 620.5 723.0 620.5 728.0 622.5 733.0 626.5 741.0 629.5 744.0 631.5 752.5 640.0 756.0 645.5 766.0 652.5 774.0 657.5 778.0 661.5 788.0 667.5 793.0 672.5 799.0 675.5 803.0 678.5 809.0 685.5 815.0 689.5 822.0 692.5 824.0 694.5 831.0 698.5 839.0 705.5 849.0 712.5 862.0 718.5 865.0 720.5 870.5 726.0 870.5 727.0 879.0 735.5 880.0 735.5 885.0 740.5 898.0 748.5 901.0 749.5 910.0 754.5 916.0 759.5 917.0 759.5 925.5 768.0 930.5 776.0 935.0 780.5 948.0 787.5 952.0 790.5 958.5 797.0 962.0 801.5 965.0 803.5 982.0 811.5 990.5 820.0 993.5 826.0 1007.0 839.5 1014.0 843.5 1025.0 854.5 1031.0 857.5 1034.0 860.5 1037.0 861.5 1043.0 865.5 1050.0 871.5 1061.0 877.5 1066.0 882.5 1070.0 884.5 1079.5 894.0 1079.5 895.0 1085.0 899.5 1093.0 903.5 1099.0 909.5 1103.0 911.5 1111.5 920.0 1111.5 921.0 1117.0 925.5 1119.0 925.5 1134.0 933.5 1140.5 940.0 1140.5 941.0 1149.0 949.5 1155.0 952.5 1157.0 954.5 1165.0 958.5 1170.0 963.5 1171.0 963.5 1178.5 971.0 1178.5 972.0 1183.0 975.5 1188.0 980.5 1201.0 989.5 1207.0 992.5 1209.0 992.5 1215.0 995.5 1222.0 1000.5 1236.0 1014.5 1243.0 1017.5 1245.0 1019.5 1250.0 1021.5 1256.0 1025.5 1260.5 1030.0 1264.5 1037.0 1270.0 1042.5 1274.0 1044.5 1282.0 1046.5 1287.0 1049.5 1299.0 1053.5 1304.0 1056.5 1311.0 1062.5 1312.0 1062.5 1326.0 1076.5 1329.0 1077.5 1338.0 1082.5 1345.0 1084.5 1353.5 1089.0 1354.5 1094.0 1354.5 1099.0 1357.5 1105.0 1359.0 1109.5 1363.0 1109.5 1366.5 1108.0 1366.5 1104.0 1370.0 1100.5 1372.5 1104.0 1370.0 1109.5 1366.5 1110.0 1366.5 1116.0 1365.5 1119.0 1359.0 1121.5 1354.5 1126.0 1352.5 1131.0 1352.5 1144.0 1353.5 1145.0 1350.0 1148.5 1344.0 1150.5 1339.5 1155.0 1339.5 1156.0 1330.0 1165.5 1323.0 1168.5 1314.0 1168.5 1313.0 1169.5 1307.0 1169.5 1306.0 1170.5 1301.0 1170.5 1295.0 1172.5 1287.0 1178.5 1286.0 1178.5 1280.5 1184.0 1276.5 1191.0 1262.5 1205.0 1260.5 1210.0 1260.5 1213.0 1256.5 1223.0 1256.5 1226.0 1253.5 1235.0 1251.5 1238.0 1250.5 1243.0 1248.5 1246.0 1246.5 1252.0 1233.5 1265.0 1231.5 1269.0 1231.5 1272.0 1229.5 1278.0 1227.5 1281.0 1226.5 1286.0 1224.5 1291.0 1221.5 1296.0 1221.5 1298.0 1218.5 1303.0 1218.5 1305.0 1214.5 1313.0 1204.5 1323.0 1200.5 1339.0 1198.5 1344.0 1197.5 1351.0 1193.5 1363.0 1191.5 1366.0 1190.5 1371.0 1186.5 1378.0 1179.5 1385.0 1176.5 1389.0 1174.5 1394.0 1174.5 1397.0 1172.5 1401.0 1171.5 1408.0 1169.5 1412.0 1167.5 1420.0 1163.5 1428.0 1155.5 1439.0 1147.5 1447.0 1145.5 1451.0 1142.5 1461.0 1140.5 1473.0 1136.5 1486.0 1134.5 1491.0 1132.5 1493.0 1130.5 1498.0 1124.5 1506.0 1122.5 1512.0 1118.5 1517.0 1117.5 1520.0 1114.5 1524.0 1112.5 1530.0 1112.5 1533.0 1110.5 1537.0 1109.5 1542.0 1106.5 1548.0 1102.5 1554.0 1097.5 1559.0 1097.5 1560.0 1092.5 1565.0 1090.5 1568.0 1087.5 1576.0 1085.5 1579.0 1082.5 1589.0 1080.5 1600.0 1078.5 1603.0 1077.5 1608.0 1075.5 1611.0 1073.5 1618.0 1071.5 1621.0 1070.5 1626.0 1068.5 1629.0 1066.5 1637.0 1065.5 1638.0 1065.5 1649.0 1066.5 1650.0 1066.5 1655.0 1067.5 1656.0 1067.5 1667.0 1069.5 1672.0 1073.0 1675.5 1080.0 1679.5 1089.0 1681.5 1096.0 1684.5 1098.5 1689.0 1097.5 1692.0 1097.5 1697.0 1095.5 1702.0 1084.5 1713.0 1081.5 1719.0 1081.5 1723.0 1079.5 1728.0 1078.5 1733.0 1078.5 1742.0 1077.5 1743.0 1077.5 1748.0 1076.5 1749.0 1075.5 1757.0 1072.5 1764.0 1068.5 1770.0 1062.5 1776.0 1058.5 1782.0 1058.5 1784.0 1054.5 1791.0 1053.5 1799.0 1051.5 1803.0 1049.5 1811.0 1049.5 1814.0 1047.5 1820.0 1032.5 1835.0 1029.5 1839.0 1026.5 1848.0 1024.5 1851.0 1023.5 1860.0 1020.5 1869.0 1018.5 1881.0 1015.5 1887.0 1008.5 1895.0 1006.5 1900.0 1006.5 1903.0 1003.5 1907.0 998.5 1912.0 997.5 1916.0 995.5 1919.0 994.5 1925.0 992.5 1930.0 991.5 1937.0 988.5 1943.0 988.5 1945.0 985.5 1949.0 983.5 1954.0 981.5 1956.0 977.5 1965.0 974.5 1969.0 969.5 1974.0 967.5 1978.0 965.5 1986.0 964.5 1987.0 963.5 1994.0 961.5 1999.0 960.5 2006.0 958.5 2012.0 953.5 2021.0 951.5 2026.0 949.5 2028.0 944.5 2039.0 937.5 2046.0 934.5 2051.0 934.5 2054.0 932.5 2058.0 932.5 2061.0 930.5 2065.0 929.5 2072.0 925.5 2081.0 925.5 2083.0 922.5 2089.0 920.5 2091.0 915.5 2100.0 911.5 2106.0 908.5 2109.0 904.5 2118.0 902.5 2130.0 898.5 2139.0 893.0 2144.5 882.0 2150.5 877.0 2150.5 876.0 2151.5 580.0 2151.5 579.0 2152.5 560.0 2152.5 559.0 2151.5 531.0 2151.5 530.0 2152.5 471.0 2152.5 470.0 2153.5 440.0 2153.5 439.0 2152.5 431.0 2152.5 430.0 2151.5 408.0 2151.5 407.0 2152.5 354.0 2152.5 353.0 2151.5 349.0 2152.5 325.0 2152.5 324.0 2151.5 281.0 2151.5 280.0 2152.5 272.0 2152.5 271.0 2151.5 160.0 2151.5 159.0 2152.5 148.0 2152.5 147.0 2151.5 114.0 2151.5 113.0 2152.5 17.0 2152.5 16.0 2151.5 11.0 2151.5 10.0 2150.5 0.0 2150.5
blood_tube 1867.0 1161.5 1854.0 1161.5 1850.0 1160.5 1845.0 1157.5 1837.5 1150.0 1831.5 1138.0 1827.5 1133.0 1824.5 1128.0 1815.5 1119.0 1812.5 1115.0 1811.5 1112.0 1808.0 1108.5 1804.0 1106.5 1798.5 1101.0 1796.5 1096.0 1795.5 1091.0 1795.5 1080.0 1796.5 1079.0 1796.5 1073.0 1798.5 1067.0 1802.5 1060.0 1808.0 1054.5 1812.0 1052.5 1817.0 1048.5 1824.0 1044.5 1838.0 1038.5 1856.0 1038.5 1862.0 1040.5 1868.0 1043.5 1873.5 1049.0 1877.5 1057.0 1909.5 1089.0 1912.5 1093.0 1916.5 1100.0 1916.5 1116.0 1914.5 1122.0 1911.5 1126.0 1910.5 1130.0 1906.5 1136.0 1892.0 1150.5 1884.0 1156.5 1880.0 1158.5 1867.0 1161.5
blood_tube 1629.0 1190.5 1625.0 1189.5 1619.0 1189.5 1614.0 1188.5 1610.0 1186.5 1601.5 1178.0 1599.5 1174.0 1591.0 1165.5 1590.0 1165.5 1582.0 1157.5 1581.0 1157.5 1571.5 1148.0 1571.5 1147.0 1566.5 1142.0 1566.5 1141.0 1561.5 1136.0 1559.5 1133.0 1559.5 1120.0 1560.5 1117.0 1568.5 1102.0 1581.0 1089.5 1587.0 1085.5 1595.0 1081.5 1608.0 1081.5 1609.0 1080.5 1614.0 1081.5 1620.0 1084.5 1624.0 1087.5 1629.0 1092.5 1632.0 1093.5 1641.0 1101.5 1652.0 1107.5 1659.0 1114.5 1664.0 1115.5 1671.0 1121.5 1674.0 1122.5 1675.5 1120.0 1674.5 1115.0 1674.5 1110.0 1673.5 1109.0 1673.5 1089.0 1674.5 1087.0 1679.5 1082.0 1679.5 1081.0 1684.5 1076.0 1684.5 1075.0 1695.0 1064.5 1703.0 1058.5 1714.0 1053.5 1719.0 1052.5 1734.0 1052.5 1740.0 1054.5 1745.0 1057.5 1749.5 1062.0 1749.5 1063.0 1757.5 1071.0 1757.5 1072.0 1764.5 1079.0 1764.5 1080.0 1775.0 1090.5 1782.0 1094.5 1788.5 1101.0 1789.5 1104.0 1793.5 1108.0 1797.5 1115.0 1793.5 1127.0 1791.5 1136.0 1787.5 1143.0 1786.5 1146.0 1780.5 1152.0 1780.5 1153.0 1774.0 1159.5 1773.0 1159.5 1766.0 1165.5 1760.0 1168.5 1750.0 1171.5 1740.0 1171.5 1739.0 1170.5 1734.0 1170.5 1733.0 1169.5 1725.0 1167.5 1718.5 1161.0 1718.5 1160.0 1713.5 1155.0 1710.5 1150.0 1710.5 1148.0 1705.5 1140.0 1701.0 1135.5 1693.0 1131.5 1690.0 1128.5 1685.0 1126.5 1681.0 1127.5 1678.5 1130.0 1678.5 1149.0 1676.5 1156.0 1667.0 1165.5 1653.0 1174.5 1647.5 1181.0 1647.5 1182.0 1642.0 1187.5 1636.0 1189.5 1630.0 1189.5 1629.0 1190.5
blood_tube 1869.0 1068.5 1864.5 1065.0 1861.5 1058.0 1864.0 1053.5 1869.0 1053.5 1872.5 1059.0 1871.5 1066.0 1869.0 1068.5
blood_tube 1880.0 1074.5 1880.0 1074.5
blood_tube 1880.0 1149.5 1876.5 1145.0 1880.0 1139.5 1884.5 1141.0 1885.5 1146.0 1883.0 1148.5 1880.0 1149.5
blood_tube 1595.0 1294.5 1593.0 1293.5 1583.0 1293.5 1575.0 1289.5 1559.0 1273.5 1555.0 1270.5 1552.0 1269.5 1541.0 1262.5 1532.0 1254.5 1524.0 1249.5 1519.5 1244.0 1517.5 1240.0 1517.5 1227.0 1518.5 1226.0 1519.5 1219.0 1521.5 1217.0 1524.5 1211.0 1527.5 1207.0 1533.5 1201.0 1533.5 1200.0 1538.0 1195.5 1553.0 1188.5 1560.0 1188.5 1561.0 1187.5 1568.0 1187.5 1570.0 1188.5 1579.0 1195.5 1580.0 1195.5 1584.5 1200.0 1584.5 1201.0 1589.0 1205.5 1593.0 1208.5 1596.0 1209.5 1608.0 1218.5 1616.0 1221.5 1622.0 1224.5 1626.5 1230.0 1627.5 1233.0 1633.5 1239.0 1635.5 1246.0 1636.5 1247.0 1636.5 1256.0 1634.5 1261.0 1634.5 1265.0 1632.5 1267.0 1625.5 1278.0 1615.0 1286.5 1606.0 1291.5 1596.0 1293.5 1595.0 1294.5
blood_tube 1715.0 1282.5 1699.0 1282.5 1690.0 1278.5 1679.0 1267.5 1675.0 1265.5 1670.0 1261.5 1659.0 1250.5 1655.0 1247.5 1649.0 1244.5 1643.0 1238.5 1639.0 1236.5 1632.5 1231.0 1628.5 1224.0 1628.5 1219.0 1630.5 1213.0 1630.5 1207.0 1631.5 1202.0 1633.5 1197.0 1638.0 1191.5 1645.5 1184.0 1645.5 1183.0 1653.0 1175.5 1663.0 1169.5 1667.0 1166.5 1674.0 1162.5 1685.0 1162.5 1692.0 1165.5 1694.0 1167.5 1703.0 1172.5 1715.0 1184.5 1732.0 1194.5 1737.0 1198.5 1741.0 1200.5 1748.0 1206.5 1749.0 1206.5 1753.5 1211.0 1755.5 1214.0 1758.5 1221.0 1758.5 1237.0 1755.5 1246.0 1752.5 1252.0 1745.5 1261.0 1745.5 1262.0 1738.0 1269.5 1737.0 1269.5 1731.0 1275.5 1730.0 1275.5 1722.0 1280.5 1716.0 1281.5 1715.0 1282.5
 10ML_sorting_tube_rack 2211.0 1627.5 2161.0 1627.5 2160.0 1626.5 2149.0 1626.5 2148.0 1625.5 2128.0 1625.5 2127.0 1624.5 2089.0 1624.5 2088.0 1623.5 2053.0 1623.5 2052.0 1622.5 2027.0 1622.5 2026.0 1621.5 1994.0 1621.5 1993.0 1620.5 1980.0 1620.5 1979.0 1621.5 1964.0 1621.5 1963.0 1620.5 1947.0 1620.5 1946.0 1621.5 1941.0 1621.5 1940.0 1620.5 1931.0 1620.5 1930.0 1619.5 1875.0 1619.5 1874.0 1618.5 1858.0 1618.5 1857.0 1619.5 1845.0 1619.5 1844.0 1618.5 1830.0 1618.5 1829.0 1619.5 1819.0 1619.5 1818.0 1618.5 1811.0 1618.5 1810.0 1617.5 1801.0 1617.5 1800.0 1618.5 1786.0 1618.5 1785.0 1617.5 1768.0 1617.5 1767.0 1618.5 1759.0 1618.5 1758.0 1617.5 1751.0 1617.5 1750.0 1616.5 1718.0 1616.5 1713.0 1614.5 1709.5 1611.0 1704.5 1601.0 1704.5 1600.0 1699.0 1594.5 1693.0 1591.5 1691.0 1589.5 1685.0 1586.5 1681.0 1582.5 1673.0 1577.5 1671.0 1577.5 1663.0 1572.5 1658.0 1567.5 1655.0 1565.5 1641.0 1558.5 1634.5 1552.0 1634.5 1551.0 1630.0 1546.5 1624.0 1542.5 1614.0 1537.5 1607.0 1534.5 1602.0 1531.5 1596.0 1529.5 1593.0 1527.5 1583.0 1517.5 1577.0 1514.5 1575.0 1512.5 1570.0 1510.5 1568.0 1508.5 1564.0 1507.5 1548.0 1498.5 1540.0 1490.5 1535.0 1487.5 1529.0 1485.5 1527.0 1483.5 1522.0 1481.5 1517.0 1478.5 1512.0 1474.5 1503.0 1470.5 1485.5 1453.0 1483.5 1450.0 1482.5 1446.0 1482.5 1431.0 1485.5 1418.0 1493.5 1403.0 1494.5 1399.0 1494.5 1391.0 1495.5 1386.0 1500.5 1372.0 1503.5 1367.0 1503.5 1365.0 1507.5 1359.0 1510.5 1349.0 1512.5 1345.0 1513.5 1338.0 1515.5 1333.0 1515.5 1330.0 1519.5 1322.0 1524.5 1315.0 1526.5 1302.0 1528.5 1297.0 1529.5 1292.0 1531.5 1289.0 1535.5 1278.0 1540.0 1274.5 1553.0 1274.5 1557.0 1276.5 1561.0 1280.5 1566.0 1283.5 1576.0 1286.5 1579.0 1288.5 1583.0 1289.5 1602.0 1289.5 1603.0 1288.5 1608.0 1288.5 1612.0 1287.5 1623.0 1281.5 1625.5 1279.0 1630.5 1270.0 1642.0 1258.5 1647.0 1255.5 1652.5 1250.0 1653.5 1246.0 1656.0 1243.5 1661.0 1243.5 1677.0 1252.5 1681.5 1257.0 1684.5 1265.0 1686.5 1268.0 1693.0 1273.5 1700.0 1276.5 1718.0 1276.5 1722.0 1273.5 1731.0 1269.5 1737.0 1265.5 1745.5 1258.0 1749.5 1252.0 1755.5 1239.0 1756.5 1234.0 1756.5 1229.0 1757.5 1228.0 1757.5 1220.0 1753.5 1213.0 1747.0 1206.5 1740.0 1203.5 1734.0 1198.5 1730.0 1196.5 1720.0 1196.5 1718.0 1195.5 1713.5 1191.0 1711.5 1187.0 1704.0 1181.5 1697.0 1179.5 1693.5 1176.0 1689.5 1168.0 1685.5 1163.0 1686.5 1158.0 1686.5 1152.0 1687.5 1151.0 1687.5 1143.0 1686.5 1142.0 1686.5 1136.0 1685.5 1135.0 1688.0 1129.5 1689.0 1129.5 1693.5 1134.0 1695.0 1137.5 1699.0 1139.5 1715.0 1144.5 1718.5 1148.0 1718.5 1154.0 1717.5 1155.0 1717.5 1161.0 1722.0 1166.5 1727.0 1168.5 1738.0 1168.5 1739.0 1167.5 1745.0 1167.5 1750.0 1166.5 1755.0 1164.5 1758.0 1164.5 1763.0 1161.5 1772.0 1152.5 1773.0 1152.5 1779.5 1147.0 1783.5 1140.0 1789.5 1134.0 1794.5 1125.0 1795.5 1122.0 1798.5 1119.0 1801.5 1112.0 1805.0 1108.5 1809.0 1108.5 1814.5 1114.0 1814.5 1115.0 1822.0 1122.5 1823.0 1122.5 1827.5 1127.0 1828.5 1130.0 1831.5 1133.0 1834.5 1138.0 1835.5 1144.0 1837.5 1149.0 1840.0 1151.5 1845.0 1154.5 1852.0 1157.5 1860.0 1157.5 1861.0 1156.5 1867.0 1156.5 1871.0 1154.5 1879.0 1153.5 1885.0 1150.5 1888.0 1147.5 1892.0 1145.5 1904.5 1133.0 1906.5 1130.0 1910.5 1121.0 1912.5 1118.0 1912.5 1110.0 1911.5 1109.0 1911.5 1103.0 1910.0 1099.5 1902.0 1099.5 1901.0 1098.5 1896.0 1098.5 1890.5 1094.0 1888.5 1089.0 1883.0 1083.5 1878.0 1082.5 1874.0 1080.5 1870.5 1077.0 1869.5 1073.0 1873.0 1069.5 1877.5 1062.0 1877.5 1059.0 1882.0 1054.5 1887.0 1052.5 1894.0 1051.5 1907.0 1046.5 1910.0 1046.5 1923.0 1043.5 1924.0 1042.5 1936.0 1040.5 1937.0 1039.5 1944.0 1039.5 1945.0 1038.5 1954.0 1038.5 1955.0 1037.5 1960.0 1037.5 1961.0 1036.5 1966.0 1036.5 1967.0 1035.5 1972.0 1035.5 1973.0 1034.5 1979.0 1034.5 1980.0 1033.5 1986.0 1033.5 1987.0 1032.5 1992.0 1032.5 1993.0 1031.5 1998.0 1031.5 2009.0 1028.5 2014.0 1028.5 2015.0 1027.5 2020.0 1027.5 2025.0 1026.5 2030.0 1024.5 2037.0 1024.5 2038.0 1023.5 2046.0 1023.5 2057.0 1020.5 2062.0 1020.5 2063.0 1019.5 2074.0 1019.5 2075.0 1018.5 2084.0 1018.5 2085.0 1017.5 2094.0 1017.5 2097.0 1018.5 2104.0 1022.5 2108.5 1027.0 2112.5 1035.0 2113.5 1040.0 2117.5 1048.0 2126.5 1062.0 2129.5 1069.0 2131.5 1071.0 2134.5 1077.0 2138.5 1082.0 2148.0 1091.5 2149.0 1091.5 2154.0 1096.5 2155.0 1096.5 2159.5 1101.0 2159.5 1102.0 2171.5 1114.0 2179.5 1126.0 2184.5 1131.0 2184.5 1132.0 2194.5 1146.0 2200.5 1153.0 2206.5 1163.0 2220.5 1177.0 2222.5 1181.0 2232.5 1196.0 2236.5 1200.0 2238.5 1204.0 2244.5 1211.0 2244.5 1212.0 2250.5 1219.0 2250.5 1220.0 2255.0 1224.5 2268.0 1229.5 2274.0 1233.5 2278.5 1239.0 2278.5 1245.0 2279.5 1246.0 2279.5 1251.0 2280.5 1252.0 2278.5 1260.0 2278.5 1266.0 2277.5 1267.0 2277.5 1274.0 2275.5 1279.0 2273.5 1281.0 2273.5 1286.0 2272.5 1287.0 2272.5 1293.0 2271.5 1294.0 2271.5 1299.0 2269.5 1305.0 2269.5 1311.0 2268.5 1312.0 2268.5 1330.0 2267.5 1331.0 2267.5 1337.0 2266.5 1338.0 2266.5 1343.0 2265.5 1344.0 2264.5 1352.0 2260.5 1360.0 2258.5 1366.0 2258.5 1371.0 2257.5 1372.0 2254.5 1381.0 2253.5 1386.0 2253.5 1392.0 2252.5 1393.0 2252.5 1402.0 2251.5 1403.0 2251.5 1430.0 2250.5 1431.0 2250.5 1437.0 2249.5 1438.0 2249.5 1443.0 2248.5 1444.0 2248.5 1451.0 2247.5 1452.0 2247.5 1458.0 2246.5 1459.0 2246.5 1465.0 2245.5 1466.0 2245.5 1474.0 2244.5 1475.0 2244.5 1480.0 2242.5 1484.0 2242.5 1487.0 2240.5 1491.0 2240.5 1511.0 2239.5 1512.0 2239.5 1517.0 2238.5 1518.0 2238.5 1537.0 2237.5 1538.0 2237.5 1546.0 2236.5 1547.0 2236.5 1557.0 2237.5 1558.0 2237.5 1571.0 2236.5 1572.0 2236.5 1577.0 2235.5 1578.0 2231.5 1598.0 2231.5 1607.0 2230.5 1612.0 2228.5 1616.0 2221.0 1623.5 2215.0 1626.5 2211.0 1627.5
 10ML_sorting_tube_rack 1854.0 1114.5 1850.0 1114.5 1844.0 1109.5 1840.0 1107.5 1835.5 1104.0 1839.0 1099.5 1841.0 1099.5 1851.0 1095.5 1856.0 1095.5 1859.0 1096.5 1864.5 1100.0 1864.5 1104.0 1854.0 1114.5
 10ML_sorting_tube_rack 1732.0 1110.5 1729.0 1110.5 1725.5 1108.0 1724.5 1101.0 1730.0 1096.5 1735.0 1096.5 1739.5 1100.0 1739.5 1104.0 1734.0 1109.5 1732.0 1110.5
 10ML_sorting_tube_rack 1659.0 1199.5 1654.0 1199.5 1652.0 1197.5 1644.5 1194.0 1644.5 1190.0 1650.5 1185.0 1654.5 1178.0 1659.0 1175.5 1667.0 1175.5 1672.0 1174.5 1672.5 1178.0 1669.0 1179.5 1664.5 1185.0 1663.5 1194.0 1659.0 1199.5
 10ML_sorting_tube_rack 1689.0 1191.5 1686.0 1191.5 1686.0 1189.5 1689.0 1189.5 1689.0 1191.5
 10ML_sorting_tube_rack 2169.5 1223.0 2170.5 1219.0 2169.0 1216.5 2167.5 1218.0 2167.5 1222.0 2169.5 1223.0
 sorting_tube_rack_base 2261.0 1688.5 2194.0 1688.5 2193.0 1687.5 2173.0 1687.5 2172.0 1686.5 2152.0 1686.5 2151.0 1685.5 2126.0 1685.5 2125.0 1684.5 2097.0 1684.5 2096.0 1683.5 2072.0 1683.5 2071.0 1682.5 2054.0 1682.5 2053.0 1681.5 2031.0 1681.5 2030.0 1680.5 2006.0 1680.5 2005.0 1679.5 1986.0 1679.5 1985.0 1678.5 1970.0 1678.5 1969.0 1677.5 1951.0 1677.5 1950.0 1676.5 1935.0 1676.5 1934.0 1675.5 1917.0 1675.5 1916.0 1674.5 1896.0 1674.5 1895.0 1673.5 1884.0 1673.5 1883.0 1672.5 1858.0 1672.5 1857.0 1671.5 1839.0 1671.5 1838.0 1670.5 1831.0 1670.5 1830.0 1671.5 1816.0 1671.5 1815.0 1670.5 1793.0 1670.5 1792.0 1669.5 1763.0 1669.5 1762.0 1668.5 1757.0 1668.5 1756.0 1667.5 1746.0 1665.5 1744.0 1663.5 1736.0 1659.5 1734.0 1657.5 1729.0 1655.5 1721.0 1650.5 1714.0 1647.5 1703.0 1640.5 1689.5 1627.0 1686.5 1620.0 1683.5 1616.0 1682.5 1613.0 1684.5 1605.0 1689.0 1598.5 1694.0 1597.5 1700.0 1597.5 1702.5 1601.0 1704.5 1609.0 1707.0 1611.5 1713.0 1614.5 1717.0 1615.5 1725.0 1615.5 1726.0 1616.5 1774.0 1616.5 1775.0 1617.5 1836.0 1617.5 1837.0 1618.5 1887.0 1618.5 1888.0 1619.5 1928.0 1619.5 1929.0 1620.5 1964.0 1620.5 1965.0 1621.5 2001.0 1621.5 2002.0 1622.5 2021.0 1622.5 2022.0 1623.5 2047.0 1623.5 2048.0 1624.5 2064.0 1624.5 2065.0 1625.5 2086.0 1625.5 2087.0 1626.5 2114.0 1626.5 2115.0 1627.5 2136.0 1627.5 2137.0 1628.5 2152.0 1628.5 2153.0 1629.5 2159.0 1629.5 2160.0 1628.5 2166.0 1628.5 2167.0 1629.5 2178.0 1629.5 2179.0 1630.5 2214.0 1630.5 2223.0 1625.5 2230.5 1618.0 2232.5 1615.0 2234.5 1608.0 2234.5 1599.0 2235.5 1598.0 2235.5 1592.0 2236.5 1591.0 2236.5 1586.0 2237.5 1585.0 2237.5 1579.0 2238.5 1578.0 2238.5 1573.0 2239.5 1572.0 2239.5 1566.0 2241.5 1560.0 2241.5 1555.0 2242.5 1554.0 2242.5 1542.0 2243.5 1541.0 2243.5 1522.0 2244.5 1521.0 2244.5 1495.0 2245.5 1494.0 2245.5 1482.0 2246.5 1481.0 2246.5 1470.0 2247.5 1469.0 2247.5 1458.0 2248.5 1457.0 2248.5 1446.0 2249.5 1445.0 2249.5 1437.0 2250.5 1436.0 2250.5 1428.0 2251.5 1427.0 2251.5 1418.0 2252.5 1417.0 2252.5 1410.0 2253.5 1409.0 2253.5 1403.0 2254.5 1402.0 2254.5 1395.0 2255.5 1394.0 2255.5 1388.0 2256.5 1387.0 2256.5 1375.0 2257.5 1374.0 2257.5 1367.0 2258.5 1366.0 2258.5 1360.0 2259.5 1359.0 2259.5 1350.0 2260.5 1349.0 2260.5 1340.0 2261.5 1339.0 2261.5 1333.0 2262.5 1332.0 2262.5 1326.0 2263.5 1325.0 2263.5 1318.0 2264.5 1317.0 2264.5 1310.0 2265.5 1309.0 2265.5 1300.0 2266.5 1299.0 2266.5 1293.0 2268.5 1287.0 2268.5 1282.0 2269.5 1281.0 2269.5 1274.0 2270.5 1273.0 2270.5 1265.0 2271.5 1264.0 2271.5 1258.0 2272.5 1257.0 2272.5 1247.0 2271.5 1246.0 2271.5 1240.0 2269.5 1235.0 2261.0 1226.5 2256.0 1224.5 2253.5 1220.0 2257.0 1216.5 2264.0 1213.5 2268.0 1212.5 2274.0 1213.5 2285.0 1219.5 2291.5 1226.0 2300.5 1240.0 2309.5 1249.0 2312.5 1253.0 2321.5 1271.0 2321.5 1273.0 2325.5 1280.0 2326.5 1284.0 2326.5 1316.0 2325.5 1317.0 2325.5 1329.0 2324.5 1330.0 2324.5 1338.0 2323.5 1339.0 2323.5 1347.0 2322.5 1348.0 2322.5 1357.0 2321.5 1358.0 2321.5 1370.0 2320.5 1371.0 2320.5 1381.0 2319.5 1382.0 2319.5 1395.0 2318.5 1396.0 2318.5 1406.0 2317.5 1407.0 2317.5 1416.0 2316.5 1417.0 2316.5 1441.0 2315.5 1442.0 2315.5 1453.0 2314.5 1454.0 2314.5 1466.0 2313.5 1467.0 2313.5 1478.0 2312.5 1479.0 2312.5 1492.0 2311.5 1493.0 2311.5 1501.0 2312.5 1502.0 2311.5 1506.0 2311.5 1515.0 2310.5 1516.0 2310.5 1524.0 2309.5 1525.0 2309.5 1537.0 2308.5 1538.0 2308.5 1544.0 2307.5 1545.0 2307.5 1551.0 2306.5 1552.0 2306.5 1568.0 2305.5 1569.0 2305.5 1579.0 2304.5 1580.0 2304.5 1587.0 2303.5 1588.0 2303.5 1594.0 2302.5 1595.0 2302.5 1603.0 2301.5 1604.0 2301.5 1616.0 2300.5 1617.0 2300.5 1633.0 2299.5 1634.0 2299.5 1645.0 2297.5 1650.0 2297.5 1654.0 2293.5 1667.0 2289.5 1674.0 2282.0 1681.5 2273.0 1686.5 2268.0 1687.5 2262.0 1687.5 2261.0 1688.5
 sorting_tube_rack_base 1531.5 2159.0 1527.5 2154.0 1526.5 2151.0 1527.5 2144.0 1528.5 2143.0 1529.5 2134.0 1531.5 2129.0 1532.5 2122.0 1533.5 2121.0 1535.5 2113.0 1538.5 2107.0 1538.5 2104.0 1540.5 2100.0 1542.5 2089.0 1544.5 2085.0 1545.5 2078.0 1546.5 2077.0 1548.5 2069.0 1551.5 2064.0 1552.5 2058.0 1554.5 2054.0 1554.5 2051.0 1556.5 2047.0 1557.5 2040.0 1558.5 2039.0 1559.5 2032.0 1560.5 2031.0 1560.5 2026.0 1562.5 2020.0 1562.5 2016.0 1564.5 2011.0 1564.5 2008.0 1566.5 2004.0 1568.5 1995.0 1569.5 1994.0 1572.5 1984.0 1573.5 1979.0 1575.5 1976.0 1579.5 1966.0 1581.5 1958.0 1581.5 1955.0 1583.5 1951.0 1584.5 1944.0 1586.5 1940.0 1586.5 1937.0 1589.5 1930.0 1589.5 1927.0 1591.5 1923.0 1592.5 1916.0 1594.5 1912.0 1594.5 1909.0 1598.5 1900.0 1599.5 1893.0 1604.5 1880.0 1608.5 1875.0 1615.0 1868.5 1616.0 1868.5 1621.0 1863.5 1626.0 1860.5 1633.0 1858.5 1639.0 1858.5 1640.0 1857.5 1644.0 1858.5 1650.0 1858.5 1651.0 1859.5 1656.0 1859.5 1657.0 1860.5 1665.0 1860.5 1666.0 1861.5 1673.0 1861.5 1674.0 1862.5 1679.0 1862.5 1680.0 1863.5 1686.0 1863.5 1687.0 1864.5 1697.0 1864.5 1698.0 1865.5 1705.0 1865.5 1706.0 1866.5 1714.0 1866.5 1715.0 1867.5 1722.0 1867.5 1723.0 1868.5 1729.0 1868.5 1730.0 1869.5 1743.0 1869.5 1744.0 1870.5 1752.0 1870.5 1753.0 1871.5 1759.0 1871.5 1760.0 1872.5 1768.0 1872.5 1769.0 1873.5 1776.0 1873.5 1777.0 1874.5 1787.0 1874.5 1788.0 1875.5 1795.0 1875.5 1801.0 1877.5 1807.0 1877.5 1808.0 1878.5 1817.0 1878.5 1818.0 1879.5 1826.0 1879.5 1827.0 1880.5 1832.0 1880.5 1833.0 1881.5 1838.0 1881.5 1839.0 1882.5 1847.0 1882.5 1848.0 1883.5 1856.0 1883.5 1857.0 1884.5 1863.0 1884.5 1864.0 1885.5 1871.0 1885.5 1872.0 1886.5 1879.0 1886.5 1880.0 1887.5 1887.0 1887.5 1888.0 1888.5 1894.0 1888.5 1895.0 1889.5 1901.0 1889.5 1902.0 1890.5 1909.0 1890.5 1910.0 1891.5 1917.0 1891.5 1918.0 1892.5 1925.0 1892.5 1926.0 1893.5 1933.0 1893.5 1934.0 1894.5 1940.0 1894.5 1941.0 1895.5 1947.0 1895.5 1948.0 1896.5 1955.0 1896.5 1956.0 1897.5 1961.0 1897.5 1967.0 1899.5 1973.0 1899.5 1974.0 1900.5 1986.0 1900.5 1987.0 1901.5 1992.0 1901.5 1993.0 1902.5 1998.0 1902.5 1999.0 1903.5 2004.0 1903.5 2005.0 1904.5 2011.0 1904.5 2012.0 1905.5 2018.0 1905.5 2019.0 1906.5 2025.0 1906.5 2026.0 1907.5 2033.0 1907.5 2034.0 1908.5 2045.0 1908.5 2046.0 1909.5 2053.0 1909.5 2054.0 1910.5 2060.0 1910.5 2061.0 1911.5 2066.0 1911.5 2072.0 1913.5 2078.0 1913.5 2079.0 1914.5 2084.0 1914.5 2085.0 1915.5 2092.0 1915.5 2093.0 1916.5 2101.0 1916.5 2102.0 1917.5 2109.0 1917.5 2110.0 1918.5 2116.0 1918.5 2117.0 1919.5 2123.0 1919.5 2124.0 1920.5 2129.0 1920.5 2130.0 1921.5 2135.0 1921.5 2136.0 1922.5 2142.0 1922.5 2143.0 1923.5 2148.0 1923.5 2149.0 1924.5 2156.0 1924.5 2157.0 1925.5 2163.0 1925.5 2164.0 1926.5 2169.0 1926.5 2180.0 1929.5 2184.0 1929.5 2196.0 1934.5 2199.0 1936.5 2214.0 1943.5 2218.0 1946.5 2227.0 1955.5 2235.0 1959.5 2241.5 1966.0 2242.5 1969.0 2246.5 1975.0 2249.5 1978.0 2254.5 1986.0 2256.5 1992.0 2257.5 1999.0 2258.5 2000.0 2258.5 2013.0 2257.5 2014.0 2257.5 2033.0 2256.5 2034.0 2256.5 2039.0 2255.5 2040.0 2255.5 2047.0 2254.5 2048.0 2254.5 2056.0 2255.5 2057.0 2254.5 2061.0 2254.5 2070.0 2253.5 2071.0 2253.5 2078.0 2252.5 2079.0 2252.5 2097.0 2251.5 2098.0 2251.5 2110.0 2250.5 2111.0 2250.5 2122.0 2249.5 2123.0 2249.5 2128.0 2248.5 2129.0 2248.5 2134.0 2247.5 2135.0 2247.5 2140.0 2246.5 2141.0 2246.5 2147.0 2245.5 2148.0 2244.5 2154.0 2239.5 2159.0
 sorting_tube_rack_base 2054.5 2159.0 2054.0 2157.5 2039.0 2157.5 2038.0 2156.5 2031.0 2156.5 2030.0 2157.5 1980.0 2157.5 1979.0 2156.5 1964.0 2156.5 1963.0 2157.5 1927.0 2157.5 1926.0 2156.5 1904.0 2156.5 1903.0 2157.5 1893.0 2157.5 1887.0 2155.5 1857.0 2155.5 1853.0 2154.5 1852.0 2155.5 1840.0 2155.5 1839.0 2156.5 1786.0 2156.5 1785.0 2157.5 1766.0 2157.5 1765.0 2156.5 1730.0 2156.5 1729.0 2157.5 1718.0 2157.5 1717.5 2159.0
 sorting_tube_rack_base 1693.5 2159.0 1693.0 2157.5 1686.0 2157.5 1685.5 2159.0
 sorting_tube_rack_base 2099.5 2159.0 2099.0 2157.5 2089.0 2157.5 2088.5 2159.0
 sorting_tube_rack_base 2125.5 2159.0 2125.0 2157.5 2114.0 2157.5 2113.5 2159.0
 5ML_centrifuge_tube 2452.0 810.5 2447.0 810.5 2446.0 809.5 2438.0 809.5 2432.0 807.5 2424.0 802.5 2419.5 798.0 2419.5 797.0 2409.5 783.0 2404.5 772.0 2402.5 763.0 2402.5 750.0 2404.5 743.0 2408.5 736.0 2412.5 731.0 2417.0 727.5 2422.0 722.5 2423.0 722.5 2428.0 717.5 2432.0 714.5 2443.0 709.5 2446.0 707.5 2457.0 703.5 2461.0 703.5 2467.0 701.5 2486.0 701.5 2492.0 704.5 2494.0 704.5 2501.0 708.5 2506.5 714.0 2508.5 717.0 2512.5 727.0 2516.5 735.0 2518.5 745.0 2519.5 746.0 2519.5 761.0 2517.5 768.0 2514.5 774.0 2510.5 780.0 2503.0 787.5 2498.0 791.5 2490.0 796.5 2485.0 800.5 2479.0 802.5 2476.0 804.5 2462.0 808.5 2458.0 808.5 2452.0 810.5
 5ML_centrifuge_tube 2325.0 636.5 2315.0 636.5 2306.0 631.5 2299.5 625.0 2296.5 621.0 2290.5 611.0 2287.5 602.0 2287.5 599.0 2285.5 595.0 2285.5 591.0 2287.5 588.0 2289.5 580.0 2292.5 574.0 2295.5 571.0 2298.5 566.0 2304.0 560.5 2312.0 555.5 2315.0 552.5 2334.0 543.5 2342.0 541.5 2345.0 539.5 2358.0 539.5 2359.0 540.5 2364.0 540.5 2369.0 542.5 2374.0 545.5 2378.5 550.0 2380.5 553.0 2381.5 557.0 2383.5 560.0 2383.5 565.0 2380.5 573.0 2379.5 578.0 2375.5 585.0 2374.5 590.0 2372.5 594.0 2372.5 599.0 2371.5 600.0 2371.5 606.0 2370.5 607.0 2370.5 612.0 2369.5 613.0 2368.5 619.0 2366.5 622.0 2361.0 626.5 2355.0 629.5 2349.0 631.5 2346.0 631.5 2337.0 634.5 2332.0 635.5 2326.0 635.5 2325.0 636.5
 5ML_centrifuge_tube 2516.0 591.5 2504.0 591.5 2503.0 590.5 2498.0 590.5 2494.0 588.5 2487.5 582.0 2485.5 579.0 2479.5 567.0 2475.5 560.0 2471.5 555.0 2466.5 547.0 2466.5 538.0 2467.5 537.0 2467.5 532.0 2469.5 527.0 2475.5 520.0 2475.5 519.0 2482.0 512.5 2483.0 512.5 2489.0 506.5 2501.0 499.5 2506.0 497.5 2510.0 494.5 2512.0 494.5 2517.0 491.5 2531.0 488.5 2532.0 487.5 2547.0 487.5 2548.0 488.5 2554.0 488.5 2558.0 489.5 2565.0 492.5 2570.5 497.0 2574.5 504.0 2575.5 509.0 2578.5 515.0 2578.5 519.0 2576.5 523.0 2576.5 526.0 2574.5 530.0 2574.5 533.0 2572.5 538.0 2572.5 543.0 2571.5 544.0 2571.5 549.0 2570.5 550.0 2570.5 557.0 2569.5 562.0 2567.5 566.0 2561.0 572.5 2558.0 573.5 2540.0 585.5 2535.0 586.5 2531.0 588.5 2523.0 589.5 2522.0 590.5 2517.0 590.5 2516.0 591.5
 10ML_centrifuge_tube 2399.0 548.5 2389.0 548.5 2383.0 545.5 2381.0 545.5 2375.0 542.5 2369.5 537.0 2368.5 534.0 2364.5 527.0 2364.5 525.0 2360.5 518.0 2358.5 511.0 2355.5 503.0 2355.5 485.0 2357.5 481.0 2358.5 476.0 2363.5 467.0 2373.0 457.5 2374.0 457.5 2385.0 448.5 2390.0 445.5 2396.0 443.5 2401.0 440.5 2403.0 440.5 2409.0 437.5 2413.0 437.5 2418.0 435.5 2435.0 435.5 2436.0 436.5 2446.0 439.5 2450.5 444.0 2452.5 449.0 2455.5 454.0 2459.5 459.0 2463.5 471.0 2463.5 474.0 2465.5 478.0 2468.5 488.0 2467.5 493.0 2467.5 500.0 2459.5 513.0 2456.5 516.0 2454.5 520.0 2444.0 530.5 2443.0 530.5 2437.0 536.5 2426.0 541.5 2405.0 547.5 2400.0 547.5 2399.0 548.5
 10ML_centrifuge_tube 2336.0 754.5 2329.0 754.5 2328.0 753.5 2319.0 751.5 2315.0 749.5 2312.0 746.5 2305.0 742.5 2299.5 736.0 2293.5 726.0 2293.5 724.0 2289.5 716.0 2286.5 713.0 2283.5 706.0 2283.5 699.0 2282.5 698.0 2282.5 682.0 2283.5 677.0 2287.5 668.0 2292.5 662.0 2292.5 661.0 2299.0 654.5 2300.0 654.5 2305.0 649.5 2306.0 649.5 2311.0 644.5 2315.0 641.5 2323.0 637.5 2329.0 635.5 2332.0 635.5 2337.0 633.5 2346.0 632.5 2347.0 631.5 2358.0 631.5 2359.0 630.5 2367.0 631.5 2375.0 635.5 2386.5 647.0 2389.5 651.0 2392.5 657.0 2398.5 667.0 2401.5 673.0 2403.5 681.0 2403.5 696.0 2402.5 700.0 2396.5 711.0 2395.5 716.0 2393.5 720.0 2381.5 732.0 2381.5 733.0 2373.0 741.5 2367.0 745.5 2356.0 749.5 2352.0 749.5 2344.0 751.5 2336.0 754.5
 10ML_centrifuge_tube 2621.0 619.5 2615.0 619.5 2614.0 618.5 2605.0 616.5 2599.0 613.5 2596.0 610.5 2589.0 606.5 2584.5 600.0 2579.5 591.0 2578.5 586.0 2576.5 582.0 2576.5 579.0 2574.5 575.0 2574.5 572.0 2571.5 564.0 2571.5 544.0 2573.5 540.0 2574.5 535.0 2578.5 527.0 2593.0 512.5 2604.0 504.5 2615.0 499.5 2623.0 497.5 2633.0 493.5 2641.0 492.5 2642.0 491.5 2665.0 491.5 2670.0 492.5 2680.0 496.5 2688.5 505.0 2691.5 513.0 2694.5 518.0 2694.5 520.0 2697.5 525.0 2697.5 527.0 2700.5 534.0 2701.5 542.0 2702.5 543.0 2702.5 565.0 2699.5 571.0 2699.5 573.0 2695.5 578.0 2694.5 581.0 2691.5 585.0 2684.0 592.5 2678.0 596.5 2675.0 597.5 2672.0 600.5 2657.0 609.5 2649.0 613.5 2638.0 616.5 2632.0 616.5 2621.0 619.5
 5ML_sorting_tube_rack 3839.0 2155.5 3772.0 2155.5 3771.0 2154.5 3750.0 2154.5 3749.0 2153.5 3735.0 2153.5 3734.0 2154.5 3722.0 2154.5 3721.0 2153.5 3694.0 2153.5 3693.0 2152.5 3670.0 2152.5 3669.0 2153.5 3638.0 2153.5 3637.0 2152.5 3606.0 2152.5 3600.0 2154.5 3595.0 2154.5 3594.0 2155.5 3571.0 2155.5 3570.0 2156.5 3484.0 2156.5 3483.0 2155.5 3457.0 2155.5 3456.0 2154.5 3446.0 2154.5 3445.0 2153.5 3418.0 2153.5 3417.0 2154.5 3405.0 2154.5 3404.0 2153.5 3356.0 2153.5 3355.0 2152.5 3298.0 2152.5 3297.0 2153.5 3282.0 2153.5 3281.0 2152.5 3272.0 2152.5 3271.0 2153.5 3231.0 2153.5 3230.0 2154.5 3219.0 2154.5 3218.0 2153.5 3201.0 2153.5 3200.0 2152.5 3195.0 2152.5 3194.0 2151.5 3188.0 2151.5 3187.0 2150.5 3167.0 2150.5 3166.0 2151.5 3161.0 2151.5 3160.0 2152.5 3152.0 2152.5 3151.0 2153.5 3066.0 2153.5 3065.0 2154.5 3052.0 2154.5 3051.0 2153.5 3035.0 2153.5 3034.0 2154.5 3020.0 2154.5 3014.0 2151.5 3010.5 2148.0 3007.5 2141.0 3005.5 2128.0 3004.5 2127.0 3004.5 2120.0 3003.5 2119.0 3003.5 2109.0 3002.5 2108.0 3002.5 2099.0 3001.5 2098.0 3001.5 2090.0 3000.5 2089.0 3000.5 2083.0 2999.5 2082.0 2999.5 2076.0 2998.5 2075.0 2998.5 2069.0 2997.5 2068.0 2997.5 2058.0 2996.5 2057.0 2996.5 2043.0 2995.5 2042.0 2995.5 2032.0 2994.5 2031.0 2994.5 2021.0 2993.5 2020.0 2993.5 2011.0 2992.5 2010.0 2992.5 2000.0 2991.5 1999.0 2991.5 1991.0 2990.5 1990.0 2990.5 1973.0 2989.5 1972.0 2989.5 1966.0 2988.5 1965.0 2988.5 1960.0 2987.5 1959.0 2987.5 1952.0 2986.5 1951.0 2986.5 1942.0 2985.5 1941.0 2985.5 1934.0 2984.5 1933.0 2984.5 1924.0 2983.5 1923.0 2983.5 1908.0 2982.5 1907.0 2982.5 1899.0 2981.5 1898.0 2981.5 1892.0 2980.5 1891.0 2980.5 1885.0 2979.5 1884.0 2979.5 1875.0 2978.5 1874.0 2978.5 1859.0 2977.5 1858.0 2977.5 1846.0 2976.5 1845.0 2976.5 1839.0 2974.5 1833.0 2974.5 1828.0 2973.5 1827.0 2973.5 1822.0 2972.5 1821.0 2972.5 1813.0 2971.5 1812.0 2971.5 1804.0 2970.5 1803.0 2970.5 1792.0 2969.5 1791.0 2969.5 1783.0 2968.5 1782.0 2968.5 1775.0 2967.5 1774.0 2967.5 1768.0 2966.5 1767.0 2966.5 1757.0 2965.5 1756.0 2965.5 1741.0 2964.5 1740.0 2964.5 1725.0 2963.5 1724.0 2963.5 1715.0 2962.5 1714.0 2962.5 1708.0 2961.5 1707.0 2961.5 1700.0 2960.5 1699.0 2960.5 1691.0 2959.5 1690.0 2959.5 1673.0 2958.5 1672.0 2958.5 1664.0 2957.5 1663.0 2957.5 1655.0 2956.5 1654.0 2956.5 1645.0 2955.5 1644.0 2955.5 1635.0 2954.5 1634.0 2954.5 1619.0 2953.5 1618.0 2953.5 1606.0 2952.5 1605.0 2952.5 1598.0 2951.5 1597.0 2951.5 1591.0 2950.5 1590.0 2950.5 1583.0 2949.5 1582.0 2949.5 1572.0 2948.5 1571.0 2948.5 1560.0 2947.5 1559.0 2947.5 1548.0 2946.5 1547.0 2946.5 1537.0 2945.5 1536.0 2945.5 1530.0 2944.5 1529.0 2944.5 1521.0 2943.5 1520.0 2943.5 1509.0 2942.5 1508.0 2942.5 1498.0 2941.5 1497.0 2941.5 1487.0 2940.5 1486.0 2940.5 1478.0 2939.5 1477.0 2939.5 1470.0 2938.5 1469.0 2938.5 1462.0 2937.5 1461.0 2937.5 1447.0 2936.5 1446.0 2936.5 1438.0 2935.5 1437.0 2935.5 1430.0 2940.5 1419.0 2946.0 1413.5 2950.0 1410.5 2959.0 1405.5 2962.0 1404.5 2969.0 1404.5 2970.0 1403.5 2983.0 1403.5 2984.0 1402.5 3013.0 1402.5 3014.0 1401.5 3129.0 1401.5 3130.0 1400.5 3153.0 1400.5 3154.0 1401.5 3159.0 1401.5 3160.0 1400.5 3193.0 1400.5 3194.0 1399.5 3211.0 1399.5 3212.0 1400.5 3220.0 1400.5 3221.0 1399.5 3250.0 1399.5 3251.0 1398.5 3306.0 1398.5 3307.0 1397.5 3379.0 1397.5 3380.0 1396.5 3385.0 1396.5 3386.0 1397.5 3403.0 1397.5 3404.0 1396.5 3487.0 1396.5 3488.0 1395.5 3612.0 1395.5 3613.0 1394.5 3634.0 1394.5 3635.0 1393.5 3646.0 1393.5 3647.0 1394.5 3662.0 1394.5 3663.0 1393.5 3734.0 1393.5 3735.0 1392.5 3783.0 1392.5 3784.0 1391.5 3794.0 1391.5 3795.0 1392.5 3806.0 1392.5 3807.0 1391.5 3819.0 1391.5 3825.0 1393.5 3833.0 1397.5 3839.0 1397.5
 10ML_sorting_tube_rack 1591.0 1804.5 1579.0 1804.5 1578.0 1803.5 1568.0 1803.5 1567.0 1802.5 1562.0 1802.5 1561.0 1801.5 1556.0 1801.5 1555.0 1800.5 1533.0 1800.5 1532.0 1799.5 1508.0 1799.5 1507.0 1798.5 1498.0 1798.5 1497.0 1797.5 1480.0 1797.5 1479.0 1796.5 1466.0 1796.5 1465.0 1795.5 1447.0 1795.5 1446.0 1794.5 1426.0 1794.5 1425.0 1793.5 1412.0 1793.5 1411.0 1792.5 1402.0 1792.5 1401.0 1791.5 1388.0 1791.5 1387.0 1790.5 1379.0 1790.5 1373.0 1788.5 1368.0 1788.5 1367.0 1787.5 1362.0 1787.5 1357.0 1785.5 1352.0 1784.5 1341.0 1780.5 1336.0 1777.5 1323.0 1772.5 1320.0 1770.5 1315.0 1769.5 1307.0 1765.5 1305.0 1765.5 1290.0 1757.5 1282.0 1755.5 1270.0 1749.5 1268.0 1749.5 1263.0 1746.5 1261.0 1746.5 1248.0 1739.5 1239.0 1737.5 1230.0 1734.5 1225.0 1731.5 1218.0 1729.5 1216.0 1727.5 1211.0 1725.5 1206.0 1722.5 1203.0 1719.5 1194.0 1714.5 1185.0 1711.5 1177.0 1709.5 1170.0 1705.5 1160.0 1701.5 1152.0 1693.5 1144.0 1688.5 1138.0 1686.5 1135.0 1686.5 1130.0 1683.5 1123.0 1681.5 1119.0 1681.5 1112.0 1679.5 1107.0 1676.5 1098.0 1672.5 1095.0 1670.5 1084.0 1668.5 1077.0 1664.5 1072.5 1660.0 1071.5 1658.0 1071.5 1646.0 1072.5 1645.0 1072.5 1640.0 1074.5 1635.0 1074.5 1631.0 1076.5 1625.0 1082.5 1614.0 1082.5 1612.0 1086.5 1606.0 1091.5 1594.0 1098.5 1581.0 1099.5 1576.0 1102.5 1571.0 1104.5 1565.0 1106.5 1563.0 1109.5 1555.0 1113.5 1547.0 1117.5 1542.0 1120.5 1537.0 1120.5 1535.0 1126.5 1524.0 1132.5 1507.0 1136.5 1500.0 1144.5 1481.0 1146.5 1479.0 1148.5 1474.0 1153.5 1465.0 1155.5 1458.0 1157.5 1455.0 1159.5 1448.0 1165.5 1438.0 1167.5 1431.0 1176.5 1413.0 1178.5 1411.0 1182.5 1400.0 1197.5 1370.0 1197.5 1368.0 1201.5 1360.0 1201.5 1358.0 1209.5 1343.0 1212.5 1335.0 1215.5 1330.0 1216.5 1326.0 1218.5 1324.0 1220.5 1319.0 1223.5 1314.0 1227.5 1305.0 1228.5 1299.0 1234.5 1286.0 1240.5 1276.0 1242.5 1269.0 1244.5 1266.0 1247.5 1258.0 1249.5 1256.0 1252.5 1248.0 1254.5 1245.0 1255.5 1240.0 1257.5 1235.0 1260.5 1231.0 1266.5 1220.0 1272.5 1208.0 1273.5 1205.0 1278.5 1195.0 1281.5 1188.0 1286.0 1183.5 1289.0 1181.5 1299.0 1177.5 1308.0 1175.5 1314.0 1173.5 1323.0 1173.5 1324.0 1172.5 1330.0 1172.5 1335.0 1170.5 1343.0 1168.5 1358.0 1168.5 1359.0 1167.5 1364.0 1167.5 1365.0 1166.5 1371.0 1166.5 1372.0 1165.5 1381.0 1165.5 1382.0 1164.5 1391.0 1164.5 1392.0 1163.5 1397.0 1163.5 1398.0 1162.5 1404.0 1162.5 1405.0 1161.5 1410.0 1161.5 1418.0 1158.5 1428.0 1158.5 1429.0 1157.5 1435.0 1157.5 1439.0 1155.5 1447.0 1154.5 1448.0 1153.5 1461.0 1153.5 1462.0 1152.5 1467.0 1152.5 1473.0 1150.5 1478.0 1150.5 1479.0 1149.5 1487.0 1149.5 1488.0 1148.5 1497.0 1148.5 1498.0 1147.5 1507.0 1147.5 1508.0 1146.5 1516.0 1146.5 1517.0 1145.5 1524.0 1145.5 1530.0 1147.5 1541.0 1153.5 1548.5 1161.0 1550.5 1165.0 1551.5 1170.0 1553.5 1173.0 1553.5 1179.0 1552.5 1181.0 1546.0 1187.5 1539.0 1191.5 1534.5 1196.0 1532.5 1200.0 1522.5 1210.0 1519.5 1215.0 1518.5 1221.0 1517.5 1222.0 1517.5 1229.0 1516.5 1230.0 1516.5 1238.0 1519.5 1244.0 1523.5 1250.0 1529.5 1256.0 1529.5 1257.0 1534.5 1265.0 1534.5 1278.0 1533.5 1282.0 1529.5 1289.0 1524.5 1300.0 1520.5 1307.0 1516.5 1321.0 1513.5 1326.0 1511.5 1331.0 1510.5 1336.0 1508.5 1339.0 1507.5 1345.0 1505.5 1348.0 1504.5 1356.0 1502.5 1361.0 1501.5 1366.0 1495.5 1383.0 1492.5 1388.0 1491.5 1393.0 1489.5 1397.0 1488.5 1404.0 1482.5 1417.0 1481.5 1423.0 1478.5 1430.0 1478.5 1436.0 1477.5 1437.0 1477.5 1448.0 1484.5 1460.0 1491.0 1466.5 1497.0 1469.5 1501.0 1472.5 1510.0 1481.5 1517.0 1485.5 1531.0 1495.5 1538.0 1497.5 1543.0 1500.5 1551.0 1503.5 1558.5 1511.0 1558.5 1512.0 1568.0 1524.5 1580.0 1527.5 1585.0 1529.5 1587.0 1531.5 1593.0 1534.5 1598.5 1540.0 1599.5 1543.0 1605.0 1547.5 1612.0 1550.5 1617.0 1554.5 1625.0 1557.5 1628.0 1557.5 1634.0 1559.5 1640.0 1562.5 1648.5 1571.0 1651.5 1576.0 1659.5 1585.0 1659.5 1586.0 1668.5 1595.0 1669.5 1600.0 1667.5 1605.0 1667.5 1609.0 1665.5 1614.0 1664.5 1619.0 1664.5 1627.0 1661.5 1640.0 1657.5 1649.0 1657.5 1651.0 1654.5 1661.0 1652.5 1665.0 1652.5 1669.0 1649.5 1677.0 1647.5 1686.0 1646.5 1693.0 1644.5 1701.0 1643.5 1702.0 1641.5 1710.0 1641.5 1715.0 1639.5 1724.0 1637.5 1728.0 1637.5 1731.0 1634.5 1738.0 1631.5 1750.0 1631.5 1754.0 1629.5 1763.0 1626.5 1770.0 1625.5 1775.0 1617.5 1793.0 1611.0 1799.5 1599.0 1803.5 1592.0 1803.5 1591.0 1804.5
 5ML_sorting_tube_rack 2709.0 1206.5 2692.0 1203.5 2686.0 1200.5 2684.0 1198.5 2679.0 1196.5 2674.0 1192.5 2670.0 1190.5 2667.0 1187.5 2664.0 1186.5 2658.0 1182.5 2650.0 1175.5 2641.0 1170.5 2634.0 1165.5 2631.0 1164.5 2625.0 1159.5 2616.0 1155.5 2608.0 1150.5 2605.0 1149.5 2597.0 1143.5 2586.0 1137.5 2577.0 1133.5 2570.0 1129.5 2567.0 1128.5 2562.0 1124.5 2559.0 1123.5 2553.0 1119.5 2547.0 1114.5 2536.0 1109.5 2530.0 1104.5 2523.0 1100.5 2510.0 1096.5 2502.0 1090.5 2497.0 1085.5 2491.0 1082.5 2484.0 1077.5 2477.0 1074.5 2475.0 1072.5 2470.0 1070.5 2468.0 1068.5 2463.0 1066.5 2461.0 1064.5 2450.0 1059.5 2447.0 1056.5 2444.0 1055.5 2433.0 1049.5 2421.0 1042.5 2409.0 1033.5 2402.0 1030.5 2400.0 1028.5 2395.0 1026.5 2390.0 1023.5 2385.0 1019.5 2375.0 1014.5 2371.0 1011.5 2368.0 1010.5 2363.0 1006.5 2360.0 1005.5 2357.0 1002.5 2353.0 1000.5 2349.0 996.5 2343.0 994.5 2338.0 991.5 2332.0 989.5 2327.0 986.5 2315.0 977.5 2314.0 977.5 2305.5 969.0 2305.5 968.0 2299.5 962.0 2296.5 958.0 2293.5 950.0 2286.5 940.0 2286.5 939.0 2280.5 933.0 2272.5 922.0 2271.5 919.0 2258.5 893.0 2255.5 890.0 2252.5 885.0 2246.5 872.0 2243.5 867.0 2239.5 862.0 2237.5 857.0 2232.5 849.0 2231.5 844.0 2228.5 838.0 2223.5 832.0 2219.5 826.0 2217.5 821.0 2209.5 811.0 2208.5 808.0 2205.5 804.0 2198.5 787.0 2193.5 781.0 2191.5 777.0 2187.5 772.0 2182.5 762.0 2180.5 756.0 2172.5 744.0 2172.5 742.0 2169.5 737.0 2169.5 735.0 2165.5 729.0 2165.5 719.0 2166.5 718.0 2166.5 713.0 2170.5 706.0 2181.5 695.0 2183.5 691.0 2201.5 673.0 2201.5 672.0 2207.5 666.0 2207.5 665.0 2212.0 661.5 2221.0 652.5 2227.0 648.5 2232.5 643.0 2232.5 642.0 2238.5 636.0 2238.5 635.0 2252.0 621.5 2253.0 621.5 2261.0 613.5 2262.0 613.5 2268.0 607.5 2273.0 604.5 2280.0 602.5 2283.5 599.0 2286.5 593.0 2286.5 591.0 2290.5 584.0 2292.5 579.0 2296.5 574.0 2299.5 569.0 2306.5 562.0 2306.5 561.0 2312.0 555.5 2313.0 555.5 2319.0 550.5 2324.0 548.5 2332.0 546.5 2335.0 544.5 2339.0 543.5 2344.5 538.0 2348.5 530.0 2353.0 527.5 2356.5 524.0 2359.5 518.0 2357.5 506.0 2356.5 505.0 2356.5 497.0 2357.5 496.0 2357.5 488.0 2359.5 482.0 2362.5 477.0 2362.5 475.0 2365.5 469.0 2368.5 465.0 2380.0 453.5 2386.0 449.5 2392.0 447.5 2400.0 443.5 2405.0 439.5 2413.0 437.5 2419.0 437.5 2420.0 436.5 2426.0 436.5 2427.0 437.5 2435.0 437.5 2443.0 441.5 2446.5 446.0 2455.5 455.0 2458.5 460.0 2465.0 466.5 2468.0 467.5 2481.0 467.5 2486.0 469.5 2489.0 469.5 2492.0 471.5 2497.0 472.5 2503.0 475.5 2505.0 477.5 2518.0 483.5 2526.0 485.5 2546.0 485.5 2554.0 488.5 2564.0 491.5 2567.0 493.5 2572.0 498.5 2581.0 501.5 2586.0 501.5 2587.0 502.5 2593.0 502.5 2594.0 503.5 2603.0 503.5 2616.0 498.5 2625.0 496.5 2629.0 494.5 2632.0 494.5 2637.0 492.5 2641.0 492.5 2647.0 490.5 2654.0 490.5 2655.0 491.5 2664.0 491.5 2665.0 492.5 2671.0 493.5 2680.0 498.5 2683.5 502.0 2689.5 511.0 2693.5 516.0 2694.5 519.0 2701.0 525.5 2708.0 528.5 2713.0 528.5 2714.0 529.5 2720.0 529.5 2733.0 532.5 2738.0 534.5 2741.0 534.5 2745.0 536.5 2757.0 540.5 2760.0 540.5 2764.0 542.5 2773.0 544.5 2776.0 546.5 2782.0 548.5 2787.0 548.5 2788.0 549.5 2794.0 549.5 2799.0 550.5 2803.0 552.5 2808.0 553.5 2812.0 555.5 2820.0 556.5 2829.0 560.5 2846.0 563.5 2847.0 564.5 2852.0 564.5 2853.0 565.5 2858.0 565.5 2862.0 566.5 2872.0 570.5 2879.0 571.5 2883.0 573.5 2889.0 574.5 2900.0 579.5 2905.0 579.5 2906.0 580.5 2912.0 580.5 2913.0 581.5 2918.0 581.5 2930.0 588.5 2934.0 591.5 2938.5 596.0 2941.5 609.0 2939.5 615.0 2935.5 621.0 2934.5 624.0 2934.5 637.0 2936.5 642.0 2936.5 645.0 2939.5 657.0 2940.5 658.0 2942.5 668.0 2942.5 673.0 2944.5 682.0 2950.5 693.0 2953.5 697.0 2955.5 702.0 2959.5 716.0 2959.5 722.0 2960.5 723.0 2960.5 728.0 2962.5 736.0 2964.5 740.0 2970.5 770.0 2970.5 776.0 2971.5 777.0 2971.5 784.0 2972.5 785.0 2972.5 790.0 2973.5 791.0 2973.5 797.0 2974.5 798.0 2974.5 805.0 2975.5 806.0 2975.5 811.0 2976.5 812.0 2976.5 818.0 2977.5 819.0 2977.5 826.0 2978.5 827.0 2978.5 833.0 2979.5 834.0 2979.5 840.0 2980.5 841.0 2980.5 847.0 2981.5 848.0 2981.5 853.0 2982.5 854.0 2982.5 859.0 2984.5 865.0 2984.5 871.0 2985.5 872.0 2985.5 878.0 2986.5 879.0 2986.5 885.0 2987.5 886.0 2987.5 893.0 2988.5 894.0 2988.5 911.0 2989.5 912.0 2989.5 924.0 2987.5 929.0 2983.5 936.0 2978.5 941.0 2978.5 942.0 2967.0 953.5 2966.0 953.5 2956.5 963.0 2951.5 971.0 2942.5 980.0 2939.5 982.0 2930.0 991.5 2929.0 991.5 2922.5 998.0 2922.5 999.0 2913.5 1008.0 2913.5 1009.0 2905.0 1017.5 2904.0 1017.5 2894.5 1027.0 2891.5 1032.0 2870.0 1053.5 2867.0 1054.5 2859.5 1062.0 2856.5 1067.0 2838.0 1085.5 2828.5 1092.0 2824.5 1098.0 2822.5 1103.0 2813.0 1112.5 2812.0 1112.5 2806.5 1118.0 2803.5 1123.0 2784.0 1142.5 2783.0 1142.5 2778.5 1147.0 2775.5 1152.0 2766.0 1161.5 2765.0 1161.5 2754.0 1172.5 2753.0 1172.5 2748.5 1177.0 2745.5 1182.0 2729.0 1198.5 2725.0 1201.5 2717.0 1204.5 2714.0 1204.5 2709.0 1206.5
 5ML_sorting_tube_rack 2904.5 841.0 2909.5 837.0 2912.5 832.0 2912.5 830.0 2918.5 820.0 2918.5 807.0 2917.5 806.0 2917.5 799.0 2916.5 798.0 2916.5 791.0 2915.5 790.0 2915.5 785.0 2910.0 782.5 2904.0 781.5 2891.0 788.5 2888.5 789.0 2888.5 792.0 2881.5 803.0 2880.5 811.0 2879.0 812.5 2874.0 812.5 2867.5 819.0 2866.5 824.0 2866.5 829.0 2865.5 830.0 2872.0 833.5 2876.0 834.5 2881.0 834.5 2882.0 835.5 2887.0 835.5 2895.0 837.5 2902.0 841.5 2904.5 841.0
 5ML_sorting_tube_rack 2888.0 819.5 2885.0 819.5 2882.5 815.0 2884.0 813.5 2889.5 815.0 2889.5 818.0 2888.0 819.5
 centrifuge_close 1977.5 0.0 1977.5 5.0 1984.0 9.5 1987.0 10.5 1993.5 17.0 1995.5 22.0 1999.5 29.0 2001.5 34.0 2005.5 39.0 2009.5 46.0 2013.5 51.0 2014.5 54.0 2022.5 67.0 2028.5 81.0 2031.5 90.0 2033.5 93.0 2037.5 105.0 2043.5 118.0 2046.5 129.0 2048.5 132.0 2049.5 137.0 2051.5 140.0 2054.5 151.0 2056.5 155.0 2056.5 169.0 2057.5 170.0 2057.5 178.0 2060.5 183.0 2062.5 191.0 2062.5 194.0 2064.5 198.0 2064.5 204.0 2065.5 205.0 2065.5 225.0 2064.5 226.0 2064.5 233.0 2062.5 237.0 2060.5 246.0 2056.5 253.0 2055.5 256.0 2050.5 265.0 2049.5 268.0 2045.5 274.0 2042.5 277.0 2039.5 282.0 2035.5 287.0 2032.5 294.0 2026.5 301.0 2020.5 311.0 2013.5 318.0 2009.5 324.0 2000.0 333.5 1994.0 337.5 1990.0 341.5 1986.0 343.5 1981.0 347.5 1976.0 352.5 1969.0 356.5 1956.0 369.5 1946.0 375.5 1941.0 379.5 1934.0 382.5 1927.0 386.5 1920.0 389.5 1914.0 395.5 1910.0 398.5 1895.0 404.5 1890.0 407.5 1887.0 410.5 1877.0 416.5 1871.0 418.5 1868.0 420.5 1861.0 423.5 1854.0 429.5 1850.0 431.5 1845.0 435.5 1840.0 438.5 1835.0 440.5 1830.0 443.5 1825.0 445.5 1817.0 450.5 1814.0 451.5 1809.0 455.5 1798.0 460.5 1793.0 464.5 1785.0 467.5 1776.0 472.5 1773.0 475.5 1768.0 478.5 1757.0 483.5 1746.0 490.5 1744.0 490.5 1734.0 496.5 1731.0 499.5 1701.0 514.5 1696.0 517.5 1694.0 517.5 1684.0 521.5 1681.0 523.5 1670.0 527.5 1661.0 528.5 1657.0 530.5 1653.0 530.5 1648.0 532.5 1645.0 532.5 1640.0 534.5 1623.0 534.5 1622.0 535.5 1611.0 535.5 1595.0 519.5 1591.0 517.5 1582.0 514.5 1577.0 515.5 1566.0 515.5 1560.0 509.5 1556.0 506.5 1546.0 500.5 1542.0 497.5 1526.5 482.0 1524.5 478.0 1523.5 472.0 1520.5 467.0 1516.5 463.0 1512.5 455.0 1507.5 448.0 1505.5 443.0 1502.5 440.0 1498.5 434.0 1494.5 424.0 1491.5 413.0 1484.5 401.0 1479.5 390.0 1476.5 386.0 1469.5 379.0 1462.5 364.0 1457.5 355.0 1454.5 347.0 1452.5 345.0 1448.5 336.0 1443.5 330.0 1442.5 327.0 1438.5 321.0 1436.5 314.0 1433.5 309.0 1433.5 307.0 1430.5 300.0 1426.5 293.0 1426.5 291.0 1421.5 282.0 1421.5 280.0 1418.5 274.0 1415.5 271.0 1410.5 264.0 1403.5 249.0 1401.5 244.0 1396.5 235.0 1394.5 230.0 1394.5 227.0 1391.5 221.0 1387.5 211.0 1384.5 208.0 1381.5 203.0 1379.5 198.0 1374.5 189.0 1371.5 178.0 1369.5 175.0 1367.5 164.0 1366.5 163.0 1366.5 158.0 1365.5 157.0 1365.5 151.0 1366.5 150.0 1366.5 140.0 1367.5 139.0 1369.5 130.0 1371.5 125.0 1376.5 115.0 1376.5 113.0 1383.5 99.0 1384.5 95.0 1390.5 87.0 1393.5 80.0 1396.5 75.0 1401.5 69.0 1406.5 60.0 1408.5 58.0 1410.5 53.0 1414.5 47.0 1418.5 43.0 1424.5 32.0 1427.5 29.0 1432.5 22.0 1435.5 16.0 1441.0 10.5 1444.0 9.5 1447.0 6.5 1450.5 5.0 1450.5 0.0
