 centrifuge_close 2367.5 0.0 2367.5 5.0 2374.5 12.0 2377.5 19.0 2377.5 22.0 2380.5 28.0 2383.5 39.0 2389.5 52.0 2389.5 55.0 2392.5 62.0 2393.5 67.0 2399.5 77.0 2399.5 79.0 2403.5 87.0 2408.5 101.0 2410.5 105.0 2412.5 114.0 2414.5 117.0 2416.5 126.0 2419.5 133.0 2419.5 136.0 2421.5 142.0 2424.5 147.0 2426.5 152.0 2427.5 157.0 2433.5 173.0 2435.5 181.0 2437.5 185.0 2438.5 191.0 2442.5 201.0 2444.5 204.0 2445.5 209.0 2448.5 216.0 2449.5 224.0 2450.5 225.0 2451.5 232.0 2452.5 233.0 2452.5 240.0 2453.5 241.0 2453.5 248.0 2454.5 249.0 2454.5 285.0 2453.5 286.0 2453.5 295.0 2452.5 296.0 2452.5 301.0 2451.5 302.0 2451.5 307.0 2450.5 308.0 2450.5 317.0 2448.5 324.0 2445.5 328.0 2435.5 338.0 2435.5 339.0 2430.5 347.0 2429.5 350.0 2416.5 363.0 2410.5 372.0 2389.0 393.5 2388.0 393.5 2383.0 398.5 2382.0 398.5 2372.0 408.5 2371.0 408.5 2365.0 413.5 2354.0 418.5 2352.0 420.5 2345.0 423.5 2338.0 429.5 2333.0 432.5 2329.0 436.5 2322.0 440.5 2316.0 442.5 2311.0 445.5 2309.0 445.5 2302.0 449.5 2296.0 451.5 2293.0 453.5 2288.0 454.5 2280.0 458.5 2274.0 463.5 2258.0 470.5 2253.0 473.5 2247.0 475.5 2244.0 477.5 2237.0 480.5 2232.0 481.5 2229.0 483.5 2221.0 485.5 2217.0 488.5 2214.0 489.5 2206.0 495.5 2200.0 497.5 2197.0 499.5 2190.0 501.5 2183.0 505.5 2173.0 509.5 2162.0 512.5 2156.0 515.5 2150.0 520.5 2145.0 522.5 2140.0 525.5 2135.0 527.5 2121.0 534.5 2116.0 535.5 2113.0 537.5 2101.0 541.5 2099.0 541.5 2091.0 545.5 2083.0 552.5 2080.0 553.5 2070.0 558.5 2064.0 559.5 2060.0 561.5 2055.0 565.5 2046.0 569.5 2041.0 570.5 2033.0 570.5 2028.0 571.5 2019.0 574.5 2014.0 574.5 2006.0 571.5 1997.5 563.0 1994.0 558.5 1986.0 554.5 1979.0 554.5 1978.0 555.5 1969.0 555.5 1968.0 554.5 1961.0 554.5 1956.0 552.5 1953.5 549.0 1945.5 541.0 1937.5 530.0 1930.5 521.0 1926.5 513.0 1920.5 507.0 1917.5 503.0 1915.5 498.0 1912.5 493.0 1911.5 489.0 1908.0 486.5 1902.0 485.5 1901.0 484.5 1896.0 484.5 1891.0 482.5 1887.5 479.0 1884.5 467.0 1880.5 459.0 1876.5 449.0 1875.5 444.0 1871.5 435.0 1869.5 427.0 1865.5 415.0 1862.5 411.0 1858.5 404.0 1857.5 398.0 1854.5 391.0 1854.5 388.0 1851.5 381.0 1851.5 378.0 1843.5 360.0 1841.5 350.0 1839.5 345.0 1839.5 342.0 1836.5 336.0 1831.5 330.0 1829.5 324.0 1827.5 321.0 1827.5 318.0 1824.5 310.0 1824.5 306.0 1821.5 299.0 1819.5 290.0 1818.5 289.0 1816.5 281.0 1814.5 277.0 1812.5 269.0 1808.5 259.0 1807.5 252.0 1802.5 243.0 1802.5 241.0 1799.5 235.0 1797.5 226.0 1797.5 221.0 1796.5 220.0 1796.5 210.0 1795.5 209.0 1795.5 198.0 1796.5 197.0 1796.5 190.0 1797.5 189.0 1797.5 183.0 1798.5 182.0 1800.5 171.0 1811.5 149.0 1814.5 145.0 1819.5 140.0 1821.5 136.0 1824.5 133.0 1826.5 128.0 1831.5 122.0 1831.5 121.0 1838.5 114.0 1843.5 105.0 1849.5 99.0 1853.5 94.0 1856.5 89.0 1869.5 76.0 1869.5 75.0 1909.5 35.0 1909.5 34.0 1916.0 27.5 1917.0 27.5 1923.0 21.5 1924.0 21.5 1932.0 14.5 1940.0 9.5 1942.0 9.5 1947.5 5.0 1947.5 0.0
 5ML_centrifuge_tube 2994.0 681.5 2975.0 681.5 2974.0 680.5 2968.0 680.5 2963.5 678.0 2960.5 671.0 2959.5 664.0 2957.5 658.0 2945.5 639.0 2944.5 633.0 2945.5 632.0 2945.5 623.0 2946.5 620.0 2949.5 616.0 2956.0 609.5 2966.0 603.5 2975.0 596.5 2979.0 594.5 2986.0 593.5 2990.0 591.5 2999.0 590.5 3004.0 588.5 3023.0 588.5 3031.0 591.5 3034.0 591.5 3043.0 595.5 3048.5 601.0 3051.5 607.0 3052.5 615.0 3054.5 621.0 3054.5 630.0 3055.5 631.0 3055.5 639.0 3054.5 640.0 3054.5 645.0 3053.5 650.0 3051.5 653.0 3047.0 657.5 3046.0 657.5 3041.0 662.5 3031.0 668.5 3029.0 670.5 3022.0 673.5 3019.0 675.5 3007.0 678.5 3001.0 680.5 2995.0 680.5 2994.0 681.5
 5ML_centrifuge_tube 2786.0 714.5 2775.0 714.5 2770.0 713.5 2763.0 709.5 2754.5 701.0 2749.5 690.0 2748.5 682.0 2747.5 681.0 2747.5 676.0 2745.5 670.0 2745.5 664.0 2746.5 663.0 2748.5 655.0 2751.5 651.0 2755.0 648.5 2761.0 642.5 2762.0 642.5 2772.0 634.5 2782.0 629.5 2792.0 627.5 2797.0 625.5 2806.0 625.5 2807.0 624.5 2814.0 624.5 2815.0 625.5 2820.0 625.5 2821.0 626.5 2828.0 627.5 2835.0 630.5 2838.5 634.0 2844.5 651.0 2845.5 652.0 2845.5 663.0 2844.5 664.0 2844.5 669.0 2841.5 677.0 2841.5 682.0 2840.5 687.0 2837.5 693.0 2832.0 698.5 2828.0 701.5 2825.0 702.5 2819.0 706.5 2808.0 709.5 2804.0 709.5 2799.0 711.5 2786.0 714.5
 5ML_centrifuge_tube 2928.0 887.5 2913.0 887.5 2912.0 886.5 2906.0 886.5 2894.0 882.5 2888.0 878.5 2882.5 873.0 2878.5 866.0 2876.5 855.0 2874.5 850.0 2873.5 845.0 2873.5 840.0 2872.5 839.0 2872.5 828.0 2876.5 816.0 2890.0 802.5 2899.0 796.5 2912.0 790.5 2918.0 789.5 2923.0 787.5 2928.0 786.5 2953.0 786.5 2954.0 787.5 2960.0 787.5 2965.0 789.5 2975.0 794.5 2983.5 803.0 2985.5 807.0 2987.5 817.0 2988.5 818.0 2988.5 823.0 2990.5 829.0 2990.5 834.0 2991.5 835.0 2991.5 847.0 2986.5 857.0 2985.5 860.0 2975.0 870.5 2967.0 874.5 2957.0 878.5 2950.0 882.5 2945.0 884.5 2936.0 886.5 2929.0 886.5 2928.0 887.5
 10ML_centrifuge_tube 2874.0 745.5 2868.0 742.5 2862.5 737.0 2859.5 733.0 2856.5 727.0 2851.5 722.0 2848.5 718.0 2844.5 709.0 2844.5 703.0 2843.5 702.0 2843.5 695.0 2842.5 694.0 2842.5 680.0 2843.5 676.0 2846.5 670.0 2847.5 666.0 2855.0 658.5 2861.0 655.5 2866.0 651.5 2869.0 650.5 2876.0 645.5 2884.0 641.5 2890.0 639.5 2894.0 639.5 2898.0 637.5 2903.0 636.5 2910.0 636.5 2911.0 635.5 2923.0 635.5 2924.0 636.5 2932.0 636.5 2941.0 639.5 2945.5 642.0 2945.5 643.0 2952.5 650.0 2956.5 657.0 2958.5 663.0 2959.5 670.0 2964.5 683.0 2964.5 697.0 2963.5 698.0 2960.5 712.0 2956.5 719.0 2950.0 724.5 2947.0 725.5 2933.0 733.5 2931.0 733.5 2925.0 737.5 2920.0 739.5 2917.0 739.5 2912.0 741.5 2907.0 742.5 2885.0 742.5 2884.0 743.5 2878.0 743.5 2874.0 745.5
 10ML_centrifuge_tube 2872.0 631.5 2867.0 631.5 2866.0 630.5 2853.0 630.5 2844.0 628.5 2841.0 626.5 2834.5 620.0 2830.5 612.0 2828.5 606.0 2828.5 603.0 2826.5 599.0 2826.5 596.0 2824.5 591.0 2824.5 573.0 2825.5 569.0 2830.5 557.0 2840.0 547.5 2845.0 544.5 2848.0 541.5 2851.0 540.5 2859.0 535.5 2861.0 535.5 2872.0 531.5 2879.0 530.5 2880.0 529.5 2885.0 529.5 2886.0 528.5 2905.0 528.5 2910.0 529.5 2921.0 533.5 2927.5 540.0 2930.5 547.0 2930.5 550.0 2933.5 557.0 2933.5 560.0 2935.5 564.0 2936.5 569.0 2936.5 591.0 2935.5 595.0 2932.5 601.0 2923.0 610.5 2918.0 614.5 2909.0 619.5 2907.0 621.5 2899.0 625.5 2887.0 627.5 2879.0 630.5 2873.0 630.5 2872.0 631.5
 10ML_centrifuge_tube 3113.0 716.5 3107.0 716.5 3106.0 715.5 3098.0 715.5 3094.0 713.5 3086.0 711.5 3080.0 708.5 3069.5 698.0 3066.5 691.0 3065.5 683.0 3064.5 682.0 3064.5 673.0 3063.5 672.0 3063.5 666.0 3062.5 665.0 3062.5 660.0 3060.5 654.0 3062.5 642.0 3066.5 633.0 3073.5 625.0 3073.5 624.0 3078.0 619.5 3083.0 616.5 3088.0 612.5 3096.0 607.5 3112.0 603.5 3116.0 601.5 3123.0 600.5 3128.0 598.5 3134.0 598.5 3135.0 597.5 3154.0 597.5 3159.0 598.5 3163.0 600.5 3166.0 600.5 3177.0 604.5 3180.0 606.5 3185.5 612.0 3187.5 617.0 3190.5 621.0 3192.5 627.0 3192.5 630.0 3195.5 638.0 3195.5 646.0 3196.5 647.0 3196.5 667.0 3194.5 673.0 3191.5 679.0 3188.5 682.0 3186.5 686.0 3179.0 693.5 3162.0 704.5 3160.0 704.5 3145.0 712.5 3141.0 713.5 3126.0 713.5 3125.0 714.5 3119.0 714.5 3113.0 716.5
 10ML_centrifuge_tube 2795.0 821.5 2781.0 821.5 2777.0 818.5 2769.0 814.5 2760.5 806.0 2757.5 802.0 2752.5 789.0 2751.5 784.0 2747.5 770.0 2747.5 753.0 2748.5 752.0 2749.5 746.0 2752.5 741.0 2767.0 726.5 2772.0 722.5 2783.0 716.5 2789.0 714.5 2796.0 713.5 2797.0 712.5 2802.0 712.5 2808.0 710.5 2829.0 710.5 2839.0 714.5 2843.0 715.5 2847.0 718.5 2853.5 725.0 2856.5 730.0 2858.5 737.0 2862.5 744.0 2863.5 752.0 2864.5 753.0 2864.5 758.0 2865.5 759.0 2865.5 767.0 2866.5 768.0 2866.5 774.0 2863.5 785.0 2859.5 790.0 2856.5 796.0 2846.0 806.5 2841.0 810.5 2837.0 811.5 2831.0 814.5 2828.0 814.5 2821.0 817.5 2817.0 818.5 2812.0 818.5 2811.0 819.5 2805.0 819.5 2804.0 820.5 2796.0 820.5 2795.0 821.5
 5ML_sorting_tube_rack 2946.0 614.5 2944.0 614.5 2939.5 609.0 2939.5 601.0 2940.5 600.0 2940.5 586.0 2939.5 585.0 2939.5 575.0 2942.5 567.0 2946.0 563.5 2949.0 563.5 2958.0 568.5 2967.0 571.5 2972.0 571.5 2973.0 572.5 2979.0 572.5 2984.0 574.5 2989.0 574.5 2995.5 579.0 2993.5 585.0 2990.0 588.5 2983.0 592.5 2976.0 594.5 2957.0 604.5 2948.0 613.5 2946.0 614.5
 5ML_sorting_tube_rack 3067.0 627.5 3063.5 626.0 3061.5 620.0 3058.5 615.0 3056.5 610.0 3056.5 606.0 3061.0 601.5 3063.0 600.5 3071.0 600.5 3079.0 603.5 3082.0 603.5 3086.5 606.0 3087.5 609.0 3086.0 610.5 3080.0 613.5 3072.5 621.0 3069.0 626.5 3067.0 627.5
 5ML_sorting_tube_rack 3131.0 1296.5 3121.0 1296.5 3120.0 1295.5 3113.0 1294.5 3107.0 1290.5 3094.0 1284.5 3087.0 1278.5 3076.0 1271.5 3071.0 1269.5 3066.0 1266.5 3061.0 1262.5 3056.0 1259.5 3049.0 1256.5 3042.0 1251.5 3037.0 1249.5 3032.0 1246.5 3027.0 1242.5 3019.0 1238.5 3014.0 1234.5 3005.0 1230.5 3003.0 1228.5 2994.0 1224.5 2987.0 1218.5 2976.0 1212.5 2974.0 1212.5 2966.0 1207.5 2963.0 1204.5 2956.0 1200.5 2951.0 1196.5 2948.0 1195.5 2940.0 1188.5 2933.0 1185.5 2931.0 1183.5 2922.0 1179.5 2920.0 1177.5 2915.0 1175.5 2907.0 1169.5 2900.0 1165.5 2897.0 1164.5 2894.0 1161.5 2888.0 1157.5 2883.0 1155.5 2881.0 1153.5 2871.0 1147.5 2868.0 1146.5 2861.0 1141.5 2856.0 1139.5 2853.0 1136.5 2843.0 1130.5 2836.0 1124.5 2825.0 1119.5 2818.0 1114.5 2813.0 1112.5 2808.0 1108.5 2805.0 1107.5 2801.0 1104.5 2799.0 1104.5 2793.0 1100.5 2787.0 1095.5 2780.0 1092.5 2778.0 1090.5 2773.0 1088.5 2768.0 1085.5 2765.0 1082.5 2751.0 1075.5 2743.0 1068.5 2732.0 1063.5 2723.0 1056.5 2713.0 1051.5 2704.0 1046.5 2699.0 1044.5 2692.5 1038.0 2687.5 1028.0 2683.5 1013.0 2679.5 1007.0 2674.5 996.0 2674.5 993.0 2669.5 982.0 2667.5 974.0 2665.5 971.0 2661.5 957.0 2659.5 954.0 2658.5 949.0 2654.5 940.0 2654.5 937.0 2652.5 933.0 2652.5 930.0 2649.5 925.0 2646.5 918.0 2646.5 916.0 2643.5 910.0 2642.5 906.0 2642.5 901.0 2641.5 900.0 2638.5 890.0 2633.5 883.0 2629.5 873.0 2628.5 868.0 2623.5 855.0 2622.5 850.0 2619.5 845.0 2618.5 840.0 2614.5 833.0 2612.5 828.0 2611.5 823.0 2609.5 820.0 2608.5 812.0 2606.5 805.0 2604.5 802.0 2601.5 791.0 2601.5 783.0 2606.5 774.0 2610.5 769.0 2618.0 761.5 2619.0 761.5 2624.0 756.5 2629.0 753.5 2633.0 749.5 2637.0 747.5 2642.0 743.5 2647.0 738.5 2648.0 738.5 2661.0 725.5 2668.0 721.5 2673.0 717.5 2678.0 712.5 2687.0 706.5 2692.0 701.5 2698.0 697.5 2707.0 688.5 2712.0 685.5 2716.0 681.5 2724.0 675.5 2732.0 672.5 2735.0 669.5 2739.0 669.5 2741.5 672.0 2744.5 679.0 2745.5 684.0 2748.5 689.0 2748.5 691.0 2752.5 699.0 2754.5 701.0 2756.5 706.0 2760.5 711.0 2761.5 714.0 2761.5 720.0 2762.5 721.0 2762.5 726.0 2758.5 732.0 2751.5 740.0 2747.5 752.0 2747.5 771.0 2750.5 777.0 2752.5 787.0 2756.5 794.0 2756.5 796.0 2762.5 806.0 2768.5 818.0 2774.0 822.5 2785.0 830.5 2788.0 830.5 2793.0 832.5 2803.0 832.5 2808.0 830.5 2812.0 830.5 2821.0 825.5 2823.0 825.5 2832.0 820.5 2837.0 818.5 2840.0 818.5 2843.0 816.5 2849.5 810.0 2852.5 805.0 2860.5 796.0 2863.5 790.0 2867.5 784.0 2869.5 774.0 2870.5 773.0 2870.5 766.0 2871.5 765.0 2872.5 759.0 2875.0 756.5 2880.0 755.5 2899.0 755.5 2904.0 756.5 2905.0 755.5 2914.0 755.5 2925.0 750.5 2928.0 750.5 2933.0 748.5 2939.0 744.5 2949.5 734.0 2952.5 729.0 2957.5 724.0 2960.5 718.0 2962.5 710.0 2965.5 705.0 2967.5 696.0 2969.5 691.0 2974.0 686.5 2977.0 685.5 2992.0 685.5 2996.0 684.5 3003.0 681.5 3020.0 676.5 3028.0 672.5 3034.0 668.5 3039.0 666.5 3041.0 664.5 3047.0 661.5 3050.0 658.5 3054.0 658.5 3060.5 665.0 3062.5 670.0 3062.5 675.0 3063.5 676.0 3063.5 683.0 3064.5 688.0 3066.5 693.0 3071.5 702.0 3074.5 711.0 3081.0 717.5 3091.0 721.5 3098.0 726.5 3103.0 726.5 3104.0 727.5 3109.0 727.5 3110.0 728.5 3116.0 728.5 3117.0 727.5 3125.0 727.5 3126.0 726.5 3135.0 726.5 3136.0 725.5 3142.0 725.5 3147.0 722.5 3157.0 720.5 3163.0 717.5 3165.0 717.5 3171.0 714.5 3175.5 710.0 3176.5 706.0 3179.5 700.0 3186.5 692.0 3189.5 684.0 3194.5 675.0 3196.5 670.0 3197.5 663.0 3199.5 657.0 3199.5 651.0 3200.5 650.0 3200.5 640.0 3204.0 637.5 3209.0 640.5 3214.0 641.5 3219.0 641.5 3226.0 644.5 3229.0 644.5 3237.0 647.5 3253.0 650.5 3256.0 652.5 3263.0 653.5 3266.0 655.5 3277.0 658.5 3278.0 659.5 3290.0 662.5 3293.0 662.5 3306.0 667.5 3313.0 668.5 3322.0 671.5 3325.0 671.5 3335.0 675.5 3338.0 675.5 3342.0 677.5 3345.0 677.5 3349.0 679.5 3354.0 680.5 3359.0 680.5 3360.0 681.5 3366.0 681.5 3370.0 682.5 3379.0 686.5 3388.0 688.5 3404.0 693.5 3425.0 701.5 3428.0 703.5 3434.0 704.5 3438.0 706.5 3441.0 706.5 3447.0 709.5 3454.5 717.0 3458.5 725.0 3458.5 730.0 3457.5 733.0 3449.5 746.0 3448.5 750.0 3448.5 755.0 3447.5 756.0 3447.5 764.0 3446.5 765.0 3446.5 772.0 3445.5 773.0 3445.5 783.0 3444.5 784.0 3444.5 795.0 3445.5 796.0 3445.5 806.0 3446.5 810.0 3451.5 819.0 3455.5 828.0 3455.5 856.0 3454.5 857.0 3454.5 875.0 3453.5 876.0 3453.5 893.0 3454.5 894.0 3454.5 909.0 3455.5 910.0 3455.5 946.0 3454.5 947.0 3454.5 955.0 3453.5 956.0 3453.5 965.0 3452.5 966.0 3452.5 984.0 3451.5 985.0 3451.5 1013.0 3450.5 1014.0 3450.5 1026.0 3449.5 1027.0 3449.5 1032.0 3448.5 1033.0 3448.5 1039.0 3445.5 1048.0 3441.5 1054.0 3436.0 1059.5 3435.0 1059.5 3429.0 1065.5 3425.0 1068.5 3418.0 1072.5 3414.0 1076.5 3409.0 1079.5 3401.0 1087.5 3396.0 1091.5 3391.0 1094.5 3383.0 1102.5 3382.0 1102.5 3365.0 1115.5 3361.0 1117.5 3353.0 1125.5 3352.0 1125.5 3346.0 1131.5 3345.0 1131.5 3340.0 1136.5 3335.0 1139.5 3329.0 1145.5 3324.0 1149.5 3316.0 1154.5 3306.0 1164.5 3300.0 1168.5 3295.0 1173.5 3282.0 1181.5 3279.0 1182.5 3272.0 1189.5 3267.0 1192.5 3253.0 1206.5 3247.0 1210.5 3244.0 1211.5 3240.0 1214.5 3233.0 1221.5 3224.0 1227.5 3219.0 1232.5 3218.0 1232.5 3211.0 1239.5 3210.0 1239.5 3203.0 1246.5 3197.0 1250.5 3192.0 1255.5 3191.0 1255.5 3183.0 1261.5 3178.0 1266.5 3177.0 1266.5 3171.0 1271.5 3165.0 1274.5 3157.0 1282.5 3153.0 1285.5 3150.0 1286.5 3147.0 1289.5 3135.0 1295.5 3131.0 1296.5
 5ML_sorting_tube_rack 2921.5 888.0 2928.0 887.5 2929.0 886.5 2935.0 886.5 2936.0 885.5 2944.0 885.5 2953.0 882.5 2958.0 879.5 2963.0 877.5 2969.0 873.5 2976.0 867.5 2985.5 860.0 2989.5 854.0 2992.5 846.0 2991.5 843.0 2991.5 834.0 2990.5 833.0 2990.5 826.0 2989.5 825.0 2989.5 819.0 2988.5 818.0 2987.5 810.0 2984.5 803.0 2979.0 797.5 2972.0 793.5 2970.0 791.5 2966.0 790.5 2963.0 788.5 2959.0 787.5 2953.0 787.5 2952.0 786.5 2927.0 786.5 2914.0 789.5 2913.0 790.5 2907.0 791.5 2899.0 795.5 2894.0 799.5 2886.0 807.5 2885.0 807.5 2878.5 814.0 2875.5 821.0 2874.5 825.0 2874.5 830.0 2873.5 831.0 2873.5 836.0 2874.5 837.0 2874.5 846.0 2877.5 854.0 2878.5 861.0 2884.5 875.0 2889.0 879.5 2900.0 884.5 2915.0 888.5 2921.5 888.0
 5ML_sorting_tube_rack 3384.5 962.0 3386.5 960.0 3389.5 953.0 3389.5 940.0 3390.5 939.0 3390.5 921.0 3387.5 911.0 3384.0 905.5 3379.0 905.5 3375.0 907.5 3370.0 908.5 3366.5 914.0 3361.0 919.5 3353.0 921.5 3342.0 932.5 3341.0 932.5 3334.5 939.0 3334.5 942.0 3332.5 946.0 3328.0 949.5 3325.0 949.5 3324.5 951.0 3327.0 952.5 3333.0 952.5 3334.0 953.5 3342.0 953.5 3343.0 954.5 3352.0 954.5 3357.0 955.5 3362.0 957.5 3372.0 960.5 3375.0 960.5 3378.0 962.5 3384.5 962.0
 5ML_sorting_tube_rack 2709.5 954.0 2713.0 950.5 2721.0 947.5 2726.0 947.5 2731.0 948.5 2736.0 950.5 2739.5 947.0 2739.5 942.0 2740.5 939.0 2737.0 935.5 2733.0 934.5 2719.0 927.5 2713.0 923.5 2709.0 919.5 2706.0 918.5 2695.0 918.5 2693.5 918.0 2693.5 924.0 2697.5 929.0 2699.5 934.0 2704.5 944.0 2704.5 947.0 2709.5 954.0
 5ML_sorting_tube_rack 2890.5 1064.0 2893.0 1063.5 2899.0 1060.5 2903.5 1056.0 2907.5 1045.0 2908.5 1041.0 2908.5 1029.0 2907.5 1027.0 2903.0 1022.5 2894.0 1018.5 2888.0 1013.5 2884.0 1011.5 2879.0 1007.5 2874.0 1005.5 2858.0 996.5 2853.0 994.5 2844.0 988.5 2838.0 988.5 2834.5 991.0 2832.5 995.0 2832.5 999.0 2834.5 1003.0 2838.5 1014.0 2846.5 1022.0 2846.5 1023.0 2853.5 1030.0 2857.5 1036.0 2863.5 1042.0 2863.5 1043.0 2871.0 1050.5 2872.0 1050.5 2876.5 1055.0 2876.5 1056.0 2884.0 1063.5 2886.0 1064.5 2890.5 1064.0
 5ML_sorting_tube_rack 3839.0 2156.5 3829.0 2156.5 3828.0 2155.5 3809.0 2155.5 3808.0 2154.5 3771.0 2154.5 3770.0 2155.5 3717.0 2155.5 3716.0 2156.5 3679.0 2156.5 3678.0 2155.5 3660.0 2155.5 3659.0 2154.5 3645.0 2154.5 3644.0 2155.5 3488.0 2155.5 3482.0 2153.5 3478.5 2150.0 3476.5 2142.0 3476.5 2137.0 3475.5 2136.0 3475.5 2127.0 3474.5 2126.0 3474.5 2116.0 3473.5 2115.0 3473.5 2094.0 3472.5 2093.0 3472.5 2085.0 3471.5 2084.0 3471.5 2077.0 3470.5 2076.0 3470.5 2064.0 3469.5 2063.0 3469.5 2054.0 3468.5 2053.0 3468.5 2043.0 3467.5 2042.0 3467.5 2032.0 3466.5 2031.0 3466.5 2025.0 3465.5 2024.0 3465.5 2017.0 3464.5 2016.0 3464.5 2008.0 3463.5 2007.0 3463.5 1978.0 3462.5 1977.0 3462.5 1969.0 3461.5 1968.0 3461.5 1963.0 3460.5 1958.0 3458.5 1953.0 3458.5 1948.0 3457.5 1947.0 3457.5 1928.0 3456.5 1927.0 3456.5 1916.0 3455.5 1915.0 3455.5 1905.0 3454.5 1904.0 3454.5 1892.0 3453.5 1891.0 3453.5 1881.0 3452.5 1880.0 3452.5 1863.0 3451.5 1862.0 3451.5 1856.0 3450.5 1855.0 3450.5 1848.0 3449.5 1847.0 3449.5 1838.0 3448.5 1837.0 3448.5 1801.0 3447.5 1800.0 3447.5 1795.0 3446.5 1794.0 3446.5 1745.0 3447.5 1744.0 3447.5 1720.0 3448.5 1719.0 3448.5 1703.0 3449.5 1702.0 3449.5 1696.0 3450.5 1695.0 3450.5 1690.0 3451.5 1689.0 3451.5 1683.0 3450.5 1682.0 3450.5 1652.0 3449.5 1651.0 3449.5 1646.0 3448.5 1645.0 3448.5 1614.0 3447.5 1613.0 3447.5 1601.0 3446.5 1600.0 3446.5 1591.0 3445.5 1590.0 3445.5 1582.0 3444.5 1581.0 3444.5 1541.0 3443.5 1540.0 3443.5 1529.0 3442.5 1528.0 3442.5 1518.0 3443.5 1517.0 3443.5 1511.0 3446.5 1503.0 3452.0 1497.5 3458.0 1494.5 3463.0 1494.5 3464.0 1493.5 3469.0 1493.5 3475.0 1491.5 3480.0 1491.5 3481.0 1490.5 3502.0 1490.5 3503.0 1491.5 3511.0 1491.5 3512.0 1492.5 3533.0 1492.5 3534.0 1493.5 3549.0 1493.5 3550.0 1494.5 3570.0 1494.5 3571.0 1495.5 3591.0 1495.5 3592.0 1496.5 3604.0 1496.5 3605.0 1497.5 3626.0 1497.5 3627.0 1498.5 3636.0 1498.5 3637.0 1499.5 3651.0 1499.5 3652.0 1500.5 3659.0 1500.5 3660.0 1501.5 3668.0 1501.5 3669.0 1502.5 3683.0 1502.5 3684.0 1503.5 3699.0 1503.5 3700.0 1504.5 3716.0 1504.5 3717.0 1505.5 3731.0 1505.5 3732.0 1506.5 3751.0 1506.5 3752.0 1507.5 3764.0 1507.5 3765.0 1508.5 3787.0 1508.5 3788.0 1509.5 3799.0 1509.5 3800.0 1510.5 3822.0 1510.5 3823.0 1511.5 3829.0 1511.5 3830.0 1512.5 3839.0 1512.5
 sorting_tube_rack_base 1885.5 2159.0 1885.0 2157.5 1881.0 2157.5 1877.0 2155.5 1874.5 2153.0 1874.5 2148.0 1875.5 2147.0 1877.5 2136.0 1879.5 2132.0 1879.5 2129.0 1881.5 2125.0 1881.5 2122.0 1883.5 2118.0 1884.5 2111.0 1886.5 2104.0 1888.5 2101.0 1888.5 2098.0 1896.5 2078.0 1898.5 2068.0 1900.5 2063.0 1903.5 2050.0 1906.5 2044.0 1907.5 2039.0 1909.5 2035.0 1911.5 2026.0 1913.5 2022.0 1913.5 2019.0 1918.5 2006.0 1919.5 2000.0 1921.5 1997.0 1922.5 1992.0 1924.5 1989.0 1927.5 1976.0 1931.5 1966.0 1931.5 1963.0 1933.5 1958.0 1935.5 1949.0 1939.5 1939.0 1939.5 1936.0 1945.5 1920.0 1945.5 1917.0 1947.5 1913.0 1949.5 1903.0 1954.5 1891.0 1955.5 1884.0 1959.5 1874.0 1961.5 1865.0 1963.5 1861.0 1965.5 1853.0 1967.5 1850.0 1969.5 1844.0 1969.5 1841.0 1971.5 1838.0 1972.5 1832.0 1973.5 1831.0 1974.5 1824.0 1978.5 1815.0 1980.5 1812.0 1988.0 1804.5 1989.0 1804.5 1996.0 1798.5 2001.0 1795.5 2010.0 1795.5 2011.0 1796.5 2018.0 1796.5 2023.0 1798.5 2027.0 1798.5 2032.0 1800.5 2036.0 1800.5 2049.0 1804.5 2053.0 1804.5 2057.0 1806.5 2062.0 1807.5 2067.0 1807.5 2068.0 1808.5 2074.0 1808.5 2075.0 1809.5 2080.0 1809.5 2085.0 1811.5 2090.0 1811.5 2095.0 1812.5 2104.0 1815.5 2108.0 1815.5 2113.0 1817.5 2117.0 1817.5 2123.0 1819.5 2139.0 1822.5 2140.0 1823.5 2149.0 1824.5 2159.0 1826.5 2160.0 1827.5 2165.0 1827.5 2173.0 1830.5 2181.0 1832.5 2193.0 1834.5 2197.0 1836.5 2205.0 1838.5 2209.0 1838.5 2214.0 1840.5 2219.0 1840.5 2220.0 1841.5 2225.0 1841.5 2226.0 1842.5 2233.0 1843.5 2237.0 1845.5 2248.0 1847.5 2253.0 1849.5 2257.0 1849.5 2262.0 1851.5 2266.0 1851.5 2271.0 1853.5 2276.0 1853.5 2281.0 1855.5 2285.0 1855.5 2293.0 1858.5 2296.0 1858.5 2300.0 1860.5 2311.0 1862.5 2315.0 1864.5 2319.0 1864.5 2323.0 1866.5 2337.0 1869.5 2342.0 1869.5 2343.0 1870.5 2348.0 1870.5 2357.0 1873.5 2382.0 1878.5 2387.0 1880.5 2391.0 1880.5 2397.0 1882.5 2402.0 1882.5 2403.0 1883.5 2408.0 1883.5 2417.0 1886.5 2426.0 1887.5 2431.0 1889.5 2435.0 1889.5 2443.0 1892.5 2451.0 1894.5 2456.0 1894.5 2457.0 1895.5 2462.0 1895.5 2473.0 1898.5 2482.0 1899.5 2487.0 1901.5 2496.0 1902.5 2505.0 1905.5 2509.0 1905.5 2520.0 1908.5 2525.0 1908.5 2526.0 1909.5 2531.0 1909.5 2536.0 1911.5 2541.0 1912.5 2546.0 1912.5 2547.0 1913.5 2556.0 1914.5 2564.0 1917.5 2569.0 1918.5 2575.0 1921.5 2579.0 1924.5 2585.5 1932.0 2594.5 1944.0 2595.5 1947.0 2599.5 1951.0 2602.5 1956.0 2610.5 1964.0 2615.5 1971.0 2617.5 1976.0 2622.5 1983.0 2628.5 1994.0 2628.5 1997.0 2630.5 2002.0 2630.5 2007.0 2629.5 2008.0 2629.5 2021.0 2628.5 2022.0 2628.5 2032.0 2627.5 2033.0 2627.5 2039.0 2626.5 2040.0 2626.5 2046.0 2625.5 2047.0 2625.5 2055.0 2624.5 2056.0 2624.5 2064.0 2623.5 2065.0 2623.5 2072.0 2622.5 2073.0 2622.5 2081.0 2621.5 2082.0 2621.5 2091.0 2620.5 2092.0 2620.5 2099.0 2619.5 2100.0 2619.5 2106.0 2618.5 2107.0 2618.5 2116.0 2617.5 2117.0 2617.5 2125.0 2615.5 2131.0 2615.5 2137.0 2614.5 2138.0 2614.5 2144.0 2613.5 2145.0 2613.5 2150.0 2611.5 2154.0 2605.5 2159.0
 sorting_tube_rack_base 2210.5 2159.0 2210.0 2157.5 2205.0 2156.5 2200.0 2156.5 2199.0 2155.5 2178.0 2155.5 2177.0 2156.5 2012.0 2156.5 2011.0 2155.5 2004.0 2155.5 2003.0 2154.5 1992.0 2154.5 1991.0 2155.5 1980.0 2155.5 1979.0 2156.5 1971.0 2156.5 1970.0 2157.5 1924.0 2157.5 1923.5 2159.0
 sorting_tube_rack_base 2524.5 2159.0 2524.0 2157.5 2516.0 2157.5 2515.0 2156.5 2280.0 2156.5 2279.0 2155.5 2261.0 2155.5 2260.0 2156.5 2252.0 2156.5 2251.0 2157.5 2243.0 2157.5 2242.5 2159.0
 sorting_tube_rack_base 2237.5 2159.0 2237.0 2157.5 2219.0 2157.5 2218.5 2159.0
 sorting_tube_rack_base 2553.5 2159.0 2553.0 2157.5 2534.0 2157.5 2533.5 2159.0
 sorting_tube_rack_base 2576.5 2159.0 2576.0 2157.5 2562.0 2157.5 2561.5 2159.0
 tube_rack_storage_cabinet 0.0 820.5 5.0 820.5 10.5 815.0 10.5 814.0 33.5 791.0 33.5 790.0 41.0 782.5 47.0 778.5 53.0 772.5 54.0 772.5 59.0 767.5 60.0 767.5 70.0 757.5 71.0 757.5 76.0 752.5 80.0 749.5 83.0 748.5 90.5 742.0 94.0 737.5 102.0 732.5 111.0 723.5 118.0 719.5 125.0 712.5 130.0 708.5 135.0 705.5 143.0 697.5 144.0 697.5 149.0 692.5 150.0 692.5 155.0 687.5 156.0 687.5 165.0 678.5 169.0 675.5 172.0 674.5 179.5 668.0 179.5 667.0 185.0 661.5 194.0 656.5 200.0 650.5 208.0 646.5 212.5 642.0 213.5 639.0 218.0 634.5 226.0 630.5 230.0 627.5 240.0 617.5 244.0 614.5 250.0 611.5 259.0 602.5 268.0 598.5 271.0 596.5 279.0 589.5 286.0 586.5 292.5 580.0 292.5 579.0 306.0 565.5 307.0 565.5 315.0 557.5 319.0 554.5 327.0 550.5 337.0 540.5 343.0 537.5 347.0 533.5 354.0 528.5 359.0 526.5 364.5 521.0 364.5 520.0 371.0 513.5 378.0 509.5 383.0 505.5 389.0 499.5 390.0 499.5 395.0 494.5 400.0 491.5 411.0 480.5 412.0 480.5 422.0 472.5 433.0 464.5 434.0 464.5 438.5 460.0 441.0 456.5 450.0 450.5 462.0 438.5 466.0 436.5 471.0 432.5 475.5 428.0 475.5 427.0 480.0 422.5 485.0 418.5 491.0 415.5 499.0 407.5 507.0 403.5 511.5 399.0 511.5 398.0 516.0 393.5 524.0 389.5 528.0 386.5 537.0 377.5 538.0 377.5 552.0 367.5 557.0 362.5 558.0 362.5 566.0 357.5 572.0 354.5 579.0 348.5 584.0 347.5 591.0 343.5 602.0 332.5 606.0 329.5 612.0 326.5 620.0 319.5 628.0 315.5 636.0 308.5 643.0 303.5 649.0 300.5 651.0 300.5 655.0 297.5 658.0 296.5 666.0 289.5 672.0 286.5 677.0 282.5 685.0 278.5 689.0 274.5 695.0 270.5 702.0 267.5 705.0 265.5 710.0 260.5 730.0 249.5 733.0 248.5 740.0 242.5 748.0 237.5 755.0 230.5 759.0 227.5 765.0 224.5 767.0 224.5 772.0 221.5 774.5 219.0 777.5 213.0 783.0 207.5 786.0 205.5 791.0 204.5 797.0 201.5 800.0 201.5 805.0 198.5 809.0 194.5 815.0 190.5 818.0 189.5 827.0 180.5 832.0 177.5 834.0 177.5 844.0 171.5 847.0 170.5 852.0 165.5 856.0 162.5 865.0 157.5 877.0 145.5 891.0 145.5 896.0 148.5 899.5 153.0 911.0 164.5 912.0 164.5 918.0 170.5 924.0 173.5 931.5 181.0 933.5 186.0 938.0 190.5 943.0 192.5 949.5 199.0 949.5 200.0 959.5 208.0 963.5 215.0 965.5 220.0 970.0 224.5 971.0 224.5 977.5 231.0 977.5 232.0 984.5 239.0 989.5 248.0 1005.5 264.0 1009.5 270.0 1017.5 278.0 1017.5 279.0 1036.5 298.0 1040.5 304.0 1049.5 313.0 1053.5 318.0 1055.5 322.0 1059.0 324.5 1067.5 333.0 1072.5 341.0 1080.5 349.0 1080.5 350.0 1088.5 362.0 1093.5 367.0 1093.5 368.0 1099.0 373.5 1100.0 373.5 1110.5 384.0 1110.5 385.0 1117.5 392.0 1121.5 398.0 1138.5 415.0 1140.5 418.0 1144.5 427.0 1150.0 432.5 1151.0 432.5 1162.0 443.5 1163.0 443.5 1170.5 451.0 1174.5 458.0 1181.0 464.5 1182.0 464.5 1187.5 470.0 1187.5 471.0 1192.5 476.0 1195.5 480.0 1197.5 485.0 1200.5 490.0 1208.0 497.5 1209.0 497.5 1214.0 502.5 1215.0 502.5 1221.0 508.5 1222.0 508.5 1226.5 513.0 1230.5 520.0 1237.0 526.5 1241.5 530.0 1243.5 533.0 1246.5 540.0 1252.5 548.0 1268.5 564.0 1271.5 569.0 1281.5 579.0 1287.5 588.0 1294.5 595.0 1297.5 601.0 1299.5 607.0 1310.0 617.5 1318.0 622.5 1322.5 627.0 1324.5 630.0 1326.5 636.0 1328.5 639.0 1338.5 649.0 1342.5 654.0 1345.5 656.0 1348.5 660.0 1350.5 665.0 1352.5 667.0 1356.5 674.0 1365.0 682.5 1366.0 682.5 1378.5 695.0 1378.5 696.0 1384.5 702.0 1384.5 703.0 1401.5 720.0 1406.5 729.0 1411.5 734.0 1414.5 739.0 1419.0 743.5 1424.0 746.5 1429.5 752.0 1429.5 753.0 1436.0 759.5 1437.0 759.5 1442.5 766.0 1446.5 773.0 1459.5 786.0 1463.5 791.0 1465.5 795.0 1471.5 803.0 1481.0 810.5 1491.5 821.0 1493.5 825.0 1496.5 828.0 1501.5 835.0 1504.5 841.0 1504.5 844.0 1509.0 849.5 1517.0 853.5 1519.5 857.0 1531.5 869.0 1533.5 873.0 1545.5 885.0 1549.5 891.0 1556.5 898.0 1561.5 908.0 1563.5 911.0 1574.0 921.5 1579.0 925.5 1583.0 927.5 1590.5 935.0 1597.5 946.0 1612.5 961.0 1617.5 969.0 1622.5 974.0 1626.5 981.0 1632.0 986.5 1633.0 986.5 1639.0 992.5 1640.0 992.5 1645.5 998.0 1645.5 999.0 1653.5 1009.0 1654.5 1012.0 1660.0 1017.5 1666.0 1021.5 1673.0 1028.5 1674.0 1028.5 1680.5 1035.0 1685.5 1043.0 1690.0 1047.5 1694.0 1049.5 1697.0 1052.5 1701.0 1054.5 1708.5 1062.0 1714.5 1075.0 1720.0 1081.5 1724.0 1083.5 1727.5 1088.0 1727.5 1096.0 1728.5 1097.0 1728.5 1115.0 1725.0 1118.5 1720.0 1119.5 1715.0 1123.5 1711.5 1130.0 1706.0 1135.5 1696.0 1141.5 1688.5 1149.0 1685.5 1160.0 1683.5 1165.0 1676.5 1178.0 1676.5 1180.0 1671.5 1190.0 1669.5 1192.0 1663.5 1204.0 1656.5 1216.0 1654.5 1222.0 1651.5 1227.0 1651.5 1229.0 1648.5 1234.0 1644.5 1244.0 1642.5 1246.0 1639.5 1252.0 1629.0 1262.5 1628.0 1262.5 1624.5 1267.0 1622.5 1275.0 1622.5 1279.0 1616.5 1298.0 1611.5 1309.0 1604.5 1320.0 1600.5 1328.0 1600.5 1330.0 1597.5 1334.0 1596.5 1337.0 1592.5 1343.0 1592.5 1345.0 1589.5 1350.0 1587.5 1356.0 1581.5 1369.0 1573.5 1380.0 1568.5 1385.0 1564.5 1394.0 1563.5 1401.0 1559.5 1411.0 1557.5 1414.0 1556.5 1419.0 1550.5 1432.0 1546.5 1438.0 1543.5 1447.0 1541.5 1450.0 1538.5 1458.0 1536.5 1460.0 1534.5 1465.0 1532.5 1467.0 1529.5 1474.0 1529.5 1476.0 1524.5 1486.0 1517.5 1497.0 1517.5 1499.0 1513.5 1509.0 1507.5 1521.0 1504.5 1526.0 1501.5 1535.0 1501.5 1538.0 1498.5 1548.0 1496.5 1552.0 1496.5 1559.0 1495.5 1560.0 1495.5 1565.0 1493.5 1568.0 1493.5 1571.0 1491.5 1577.0 1489.5 1580.0 1488.5 1584.0 1488.5 1595.0 1490.5 1600.0 1493.5 1603.0 1495.5 1607.0 1495.5 1614.0 1490.0 1619.5 1489.0 1618.5 1483.0 1618.5 1479.0 1617.5 1474.5 1624.0 1473.5 1627.0 1473.5 1636.0 1472.5 1639.0 1470.0 1641.5 1464.0 1642.5 1460.5 1647.0 1459.5 1650.0 1452.5 1660.0 1452.5 1665.0 1449.5 1670.0 1449.5 1674.0 1455.0 1679.5 1460.0 1681.5 1463.0 1681.5 1469.0 1683.5 1472.5 1687.0 1475.5 1695.0 1477.5 1697.0 1477.5 1700.0 1480.5 1703.0 1481.5 1706.0 1481.5 1718.0 1479.5 1722.0 1475.0 1726.5 1472.0 1725.5 1467.5 1721.0 1466.5 1716.0 1464.0 1712.5 1460.0 1712.5 1455.5 1717.0 1453.5 1721.0 1449.0 1724.5 1444.5 1729.0 1444.5 1730.0 1436.0 1738.5 1430.0 1741.5 1419.0 1738.5 1413.5 1744.0 1410.5 1755.0 1408.0 1758.5 1405.0 1759.5 1401.5 1763.0 1398.5 1769.0 1392.5 1776.0 1388.5 1783.0 1388.5 1786.0 1386.5 1790.0 1386.5 1800.0 1388.5 1805.0 1391.0 1806.5 1401.0 1808.5 1404.5 1812.0 1407.5 1819.0 1407.5 1824.0 1403.0 1826.5 1399.0 1827.5 1393.5 1833.0 1390.5 1839.0 1389.0 1840.5 1384.0 1840.5 1381.5 1836.0 1380.5 1831.0 1378.5 1828.0 1377.5 1824.0 1374.0 1821.5 1372.5 1824.0 1371.5 1830.0 1369.5 1833.0 1369.5 1843.0 1376.5 1850.0 1376.5 1854.0 1373.0 1860.5 1370.0 1862.5 1368.0 1860.5 1363.0 1858.5 1359.0 1858.5 1354.5 1868.0 1355.5 1875.0 1358.0 1878.5 1361.0 1878.5 1366.0 1876.5 1369.0 1873.5 1371.0 1873.5 1374.5 1878.0 1374.5 1884.0 1370.5 1891.0 1365.5 1896.0 1364.5 1899.0 1361.0 1901.5 1359.0 1901.5 1356.5 1899.0 1354.5 1891.0 1350.0 1887.5 1344.0 1886.5 1339.5 1891.0 1335.5 1898.0 1334.5 1905.0 1331.5 1912.0 1331.5 1915.0 1333.5 1919.0 1336.0 1921.5 1344.0 1924.5 1347.5 1929.0 1347.5 1937.0 1348.5 1941.0 1347.5 1944.0 1344.0 1947.5 1338.0 1949.5 1334.5 1953.0 1332.5 1958.0 1329.0 1961.5 1324.0 1961.5 1321.5 1959.0 1319.5 1955.0 1314.0 1952.5 1311.5 1957.0 1311.5 1963.0 1313.5 1969.0 1315.5 1971.0 1319.5 1982.0 1319.5 2005.0 1314.5 2019.0 1314.5 2032.0 1312.5 2037.0 1310.0 2039.5 1307.0 2039.5 1303.0 2037.5 1299.0 2033.5 1297.5 2030.0 1293.5 2024.0 1291.5 2016.0 1287.0 2011.5 1284.0 2010.5 1280.0 2013.5 1277.5 2019.0 1276.5 2025.0 1273.5 2030.0 1272.5 2034.0 1274.5 2038.0 1280.0 2042.5 1285.0 2043.5 1290.0 2043.5 1293.5 2046.0 1295.5 2055.0 1299.0 2059.5 1301.0 2057.5 1306.0 2055.5 1310.0 2055.5 1312.5 2060.0 1312.5 2075.0 1310.0 2079.5 1298.0 2079.5 1293.0 2080.5 1289.0 2082.5 1286.5 2085.0 1284.5 2091.0 1281.0 2093.5 1273.0 2085.5 1269.0 2083.5 1261.0 2083.5 1257.5 2086.0 1257.5 2089.0 1253.5 2097.0 1249.0 2101.5 1243.0 2103.5 1239.0 2103.5 1236.5 2108.0 1234.5 2117.0 1232.5 2122.0 1227.0 2127.5 1224.0 2128.5 1217.5 2135.0 1215.5 2139.0 1211.0 2143.5 1204.0 2147.5 1202.0 2147.5 1196.0 2150.5 1040.0 2150.5 1039.0 2149.5 1014.0 2149.5 1013.0 2150.5 985.0 2150.5 984.0 2149.5 952.0 2149.5 951.0 2150.5 918.0 2150.5 917.0 2149.5 895.0 2149.5 894.0 2150.5 814.0 2150.5 813.0 2151.5 795.0 2151.5 794.0 2150.5 781.0 2150.5 780.0 2151.5 760.0 2151.5 759.0 2150.5 704.0 2150.5 703.0 2151.5 680.0 2151.5 679.0 2150.5 654.0 2150.5 653.0 2151.5 618.0 2151.5 617.0 2150.5 595.0 2150.5 594.0 2151.5 589.0 2150.5 561.0 2150.5 560.0 2149.5 555.0 2149.5 554.0 2148.5 549.0 2148.5 548.0 2147.5 535.0 2147.5 534.0 2146.5 526.0 2146.5 521.0 2145.5 517.0 2143.5 514.0 2143.5 502.0 2139.5 501.0 2138.5 494.0 2138.5 488.0 2136.5 471.0 2136.5 465.0 2138.5 462.0 2141.5 457.0 2144.5 452.0 2144.5 451.0 2145.5 444.0 2145.5 443.0 2146.5 433.0 2146.5 432.0 2147.5 423.0 2147.5 422.0 2146.5 410.0 2146.5 409.0 2147.5 404.0 2147.5 403.0 2148.5 388.0 2148.5 387.0 2147.5 363.0 2147.5 362.0 2146.5 355.0 2146.5 354.0 2145.5 339.0 2148.5 334.0 2147.5 329.0 2147.5 328.0 2146.5 322.0 2146.5 318.0 2145.5 317.0 2146.5 305.0 2146.5 304.0 2145.5 295.0 2145.5 294.0 2144.5 279.0 2144.5 278.0 2145.5 269.0 2146.5 268.0 2147.5 260.0 2147.5 256.0 2145.5 246.0 2142.5 240.0 2142.5 239.0 2141.5 234.0 2141.5 229.0 2139.5 226.0 2139.5 223.0 2137.5 218.0 2136.5 212.0 2132.5 205.0 2129.5 198.0 2128.5 197.0 2127.5 192.0 2127.5 191.0 2126.5 182.0 2125.5 181.0 2124.5 176.0 2124.5 167.0 2121.5 159.0 2120.5 152.0 2116.5 145.0 2115.5 139.0 2113.5 134.0 2110.5 123.0 2106.5 114.0 2105.5 106.0 2102.5 95.0 2100.5 92.0 2098.5 87.0 2097.5 83.0 2095.5 80.0 2095.5 74.0 2093.5 66.0 2089.5 53.0 2089.5 49.0 2088.5 40.0 2083.5 34.0 2082.5 33.0 2081.5 28.0 2081.5 27.0 2080.5 20.0 2079.5 15.0 2077.5 10.0 2074.5 6.0 2073.5 0.0 2073.5
 tube_rack_storage_cabinet 1490.0 1698.5 1484.0 1698.5 1480.5 1696.0 1479.5 1693.0 1479.5 1686.0 1480.5 1685.0 1481.5 1679.0 1484.5 1674.0 1484.5 1666.0 1481.0 1661.5 1479.0 1661.5 1477.5 1659.0 1477.5 1650.0 1478.5 1647.0 1483.0 1643.5 1490.5 1642.0 1490.5 1658.0 1491.5 1659.0 1491.5 1666.0 1492.5 1667.0 1492.5 1689.0 1490.5 1694.0 1490.0 1698.5
 tube_rack_storage_cabinet 1430.0 1821.5 1427.5 1819.0 1426.5 1815.0 1426.5 1805.0 1430.0 1798.5 1431.5 1802.0 1431.5 1814.0 1430.5 1815.0 1430.0 1821.5
 tube_rack_storage_cabinet 1415.0 1842.5 1412.5 1839.0 1412.5 1833.0 1415.0 1829.5 1419.5 1833.0 1419.5 1838.0 1415.0 1842.5
 tube_rack_storage_cabinet 1370.0 1915.5 1367.5 1911.0 1367.5 1908.0 1370.0 1904.5 1371.5 1908.0 1371.5 1913.0 1370.0 1915.5
 tube_rack_storage_cabinet 1299.5 1990.0 1299.5 1990.0
 tube_rack_storage_cabinet 1269.5 2070.0 1273.5 2065.0 1273.5 2060.0 1269.0 2054.5 1264.5 2062.0 1264.5 2066.0 1267.0 2069.5 1269.5 2070.0
 tube_rack_storage_cabinet 1254.5 2081.0 1254.5 2081.0
 10ML_sorting_tube_rack 1959.0 1747.5 1954.0 1747.5 1948.0 1745.5 1943.0 1745.5 1938.0 1743.5 1933.0 1743.5 1928.0 1742.5 1923.0 1740.5 1915.0 1740.5 1914.0 1739.5 1906.0 1739.5 1905.0 1738.5 1898.0 1738.5 1897.0 1737.5 1891.0 1737.5 1890.0 1736.5 1884.0 1736.5 1883.0 1735.5 1876.0 1735.5 1875.0 1734.5 1867.0 1734.5 1866.0 1733.5 1861.0 1733.5 1860.0 1732.5 1854.0 1732.5 1853.0 1731.5 1847.0 1731.5 1846.0 1730.5 1839.0 1730.5 1834.0 1728.5 1829.0 1727.5 1824.0 1727.5 1818.0 1725.5 1804.0 1723.5 1799.0 1721.5 1794.0 1721.5 1788.0 1719.5 1783.0 1719.5 1778.0 1717.5 1773.0 1717.5 1772.0 1716.5 1766.0 1716.5 1765.0 1715.5 1760.0 1715.5 1747.0 1711.5 1743.0 1711.5 1737.0 1709.5 1733.0 1709.5 1725.0 1706.5 1715.0 1704.5 1708.0 1699.5 1700.0 1694.5 1695.0 1689.5 1694.0 1689.5 1684.0 1679.5 1671.0 1673.5 1663.0 1665.5 1662.0 1665.5 1654.0 1659.5 1653.0 1659.5 1648.0 1654.5 1647.0 1654.5 1628.0 1640.5 1621.0 1637.5 1618.0 1635.5 1605.0 1622.5 1599.0 1619.5 1597.0 1619.5 1590.0 1615.5 1586.0 1612.5 1577.0 1603.5 1576.0 1603.5 1570.5 1598.0 1566.5 1592.0 1555.0 1580.5 1549.0 1576.5 1545.0 1572.5 1542.0 1571.5 1538.0 1568.5 1536.0 1568.5 1532.0 1565.5 1529.0 1564.5 1516.0 1557.5 1510.5 1552.0 1509.5 1549.0 1509.5 1537.0 1512.5 1531.0 1512.5 1529.0 1516.5 1521.0 1518.5 1515.0 1526.5 1501.0 1528.5 1495.0 1530.5 1492.0 1534.5 1483.0 1542.5 1471.0 1546.5 1462.0 1546.5 1460.0 1549.5 1455.0 1549.5 1453.0 1553.5 1447.0 1554.5 1444.0 1557.5 1440.0 1559.5 1433.0 1566.5 1421.0 1572.5 1409.0 1574.5 1403.0 1583.5 1385.0 1585.5 1383.0 1590.5 1370.0 1598.5 1355.0 1600.5 1353.0 1607.5 1335.0 1610.5 1329.0 1612.5 1327.0 1618.5 1315.0 1618.5 1313.0 1623.5 1304.0 1626.5 1297.0 1628.5 1295.0 1633.5 1283.0 1636.5 1278.0 1639.5 1270.0 1643.5 1264.0 1645.5 1259.0 1649.5 1252.0 1653.5 1242.0 1657.5 1235.0 1658.5 1232.0 1661.5 1228.0 1662.5 1223.0 1667.5 1214.0 1667.5 1212.0 1670.5 1207.0 1673.5 1200.0 1677.5 1194.0 1679.5 1189.0 1683.5 1182.0 1683.5 1180.0 1689.5 1170.0 1694.5 1158.0 1696.5 1156.0 1699.5 1150.0 1704.0 1145.5 1710.0 1142.5 1720.0 1139.5 1727.0 1139.5 1728.0 1138.5 1739.0 1138.5 1740.0 1139.5 1752.0 1139.5 1753.0 1138.5 1763.0 1138.5 1764.0 1137.5 1781.0 1137.5 1786.0 1136.5 1791.0 1134.5 1795.0 1135.5 1801.0 1135.5 1802.0 1136.5 1829.0 1136.5 1830.0 1135.5 1835.0 1135.5 1836.0 1134.5 1846.0 1134.5 1847.0 1133.5 1857.0 1133.5 1858.0 1132.5 1870.0 1132.5 1871.0 1131.5 1888.0 1131.5 1889.0 1130.5 1910.0 1130.5 1911.0 1129.5 1919.0 1129.5 1920.0 1128.5 1936.0 1128.5 1937.0 1129.5 1943.0 1129.5 1948.0 1132.5 1959.5 1144.0 1963.5 1149.0 1966.5 1154.0 1973.5 1161.0 1975.5 1166.0 1975.5 1171.0 1976.5 1172.0 1976.5 1178.0 1973.5 1182.0 1968.5 1193.0 1968.5 1198.0 1967.5 1199.0 1967.5 1210.0 1971.5 1220.0 1971.5 1230.0 1970.5 1231.0 1970.5 1236.0 1969.5 1241.0 1966.5 1250.0 1962.5 1258.0 1962.5 1260.0 1959.5 1267.0 1958.5 1272.0 1956.5 1275.0 1955.5 1280.0 1949.5 1293.0 1948.5 1298.0 1946.5 1302.0 1944.5 1310.0 1942.5 1313.0 1937.5 1325.0 1935.5 1333.0 1931.5 1345.0 1926.5 1355.0 1924.5 1360.0 1921.5 1370.0 1919.5 1375.0 1919.5 1379.0 1917.5 1385.0 1917.5 1401.0 1919.5 1407.0 1926.0 1413.5 1929.0 1414.5 1933.5 1420.0 1933.5 1421.0 1938.0 1425.5 1942.0 1427.5 1946.5 1432.0 1946.5 1433.0 1960.5 1447.0 1965.5 1455.0 1977.5 1467.0 1980.5 1472.0 1990.0 1483.5 1997.0 1488.5 2003.0 1491.5 2010.5 1499.0 2014.5 1504.0 2016.5 1508.0 2024.5 1517.0 2029.5 1524.0 2030.5 1529.0 2033.5 1535.0 2033.5 1546.0 2032.5 1547.0 2032.5 1552.0 2030.5 1557.0 2029.5 1564.0 2027.5 1569.0 2027.5 1572.0 2025.5 1576.0 2025.5 1579.0 2023.5 1585.0 2021.5 1588.0 2019.5 1595.0 2019.5 1598.0 2016.5 1604.0 2016.5 1607.0 2009.5 1622.0 2009.5 1625.0 2006.5 1632.0 2006.5 1635.0 2004.5 1639.0 2002.5 1651.0 2000.5 1660.0 1993.5 1677.0 1989.5 1691.0 1989.5 1695.0 1987.5 1700.0 1986.5 1705.0 1982.5 1712.0 1980.5 1720.0 1978.5 1724.0 1978.5 1727.0 1974.5 1737.0 1966.0 1744.5 1962.0 1745.5 1959.0 1747.5
blood_tube 2314.0 1167.5 2296.0 1167.5 2295.0 1166.5 2288.0 1165.5 2284.0 1163.5 2276.5 1156.0 2273.5 1152.0 2269.5 1141.0 2267.5 1137.0 2266.5 1132.0 2264.5 1128.0 2264.5 1125.0 2260.5 1117.0 2254.5 1109.0 2250.5 1102.0 2250.5 1094.0 2249.5 1093.0 2249.5 1087.0 2250.5 1086.0 2253.5 1075.0 2261.0 1067.5 2267.0 1063.5 2273.0 1058.5 2279.0 1056.5 2285.0 1053.5 2290.0 1052.5 2296.0 1052.5 2297.0 1051.5 2304.0 1051.5 2317.0 1056.5 2322.5 1062.0 2325.5 1067.0 2328.5 1070.0 2330.5 1074.0 2331.5 1080.0 2334.5 1085.0 2336.5 1090.0 2340.5 1096.0 2343.5 1099.0 2346.5 1104.0 2352.5 1117.0 2354.5 1123.0 2354.5 1135.0 2350.5 1141.0 2349.5 1144.0 2342.0 1152.5 2341.0 1152.5 2333.0 1160.5 2325.0 1164.5 2314.0 1167.5
blood_tube 2184.0 1169.5 2178.0 1169.5 2177.0 1168.5 2171.0 1168.5 2158.0 1163.5 2155.0 1161.5 2151.5 1157.0 2150.5 1153.0 2143.5 1139.0 2142.5 1132.0 2139.5 1125.0 2135.5 1120.0 2132.5 1113.0 2129.5 1108.0 2127.5 1102.0 2127.5 1095.0 2126.5 1094.0 2126.5 1086.0 2132.5 1075.0 2136.0 1072.5 2141.0 1067.5 2148.0 1062.5 2157.0 1058.5 2161.0 1057.5 2166.0 1057.5 2167.0 1056.5 2179.0 1056.5 2184.0 1057.5 2189.0 1060.5 2196.5 1068.0 2200.5 1074.0 2202.5 1079.0 2212.5 1094.0 2214.5 1099.0 2217.5 1104.0 2225.5 1115.0 2227.5 1120.0 2227.5 1132.0 2226.5 1138.0 2221.5 1147.0 2209.0 1159.5 2203.0 1163.5 2193.0 1167.5 2189.0 1167.5 2184.0 1169.5
blood_tube 2064.0 1179.5 2059.0 1179.5 2058.0 1178.5 2053.0 1178.5 2049.0 1177.5 2043.0 1174.5 2041.0 1174.5 2036.5 1170.0 2034.5 1164.0 2027.5 1152.0 2023.5 1144.0 2013.5 1134.0 2009.5 1128.0 2005.5 1119.0 2005.5 1104.0 2006.5 1100.0 2009.5 1095.0 2022.0 1082.5 2029.0 1077.5 2036.0 1074.5 2044.0 1072.5 2051.0 1072.5 2056.0 1073.5 2064.0 1076.5 2071.5 1084.0 2075.5 1096.0 2081.5 1104.0 2088.0 1110.5 2095.0 1114.5 2099.5 1119.0 2106.5 1130.0 2106.5 1139.0 2105.5 1140.0 2105.5 1145.0 2104.5 1150.0 2101.5 1157.0 2095.0 1163.5 2094.0 1163.5 2088.0 1169.5 2079.0 1174.5 2069.0 1178.5 2064.0 1179.5
blood_tube 2030.0 1268.5 2027.0 1267.5 2016.0 1267.5 2010.0 1264.5 2005.5 1260.0 2000.5 1251.0 1995.5 1246.0 1991.5 1241.0 1990.5 1238.0 1986.5 1232.0 1974.5 1220.0 1972.5 1214.0 1969.5 1208.0 1969.5 1201.0 1970.5 1200.0 1970.5 1194.0 1973.5 1187.0 1976.5 1183.0 1984.0 1175.5 1995.0 1171.5 1998.0 1169.5 2002.0 1168.5 2011.0 1170.5 2015.0 1172.5 2018.0 1172.5 2023.0 1174.5 2028.5 1182.0 2035.5 1189.0 2035.5 1190.0 2041.0 1195.5 2042.0 1195.5 2049.0 1202.5 2050.0 1202.5 2059.5 1212.0 2061.5 1215.0 2065.5 1224.0 2066.5 1228.0 2066.5 1233.0 2067.5 1234.0 2067.5 1239.0 2063.5 1250.0 2057.0 1256.5 2052.0 1260.5 2040.0 1266.5 2036.0 1267.5 2031.0 1267.5 2030.0 1268.5
blood_tube 2153.0 1267.5 2140.0 1267.5 2139.0 1266.5 2134.0 1266.5 2126.0 1262.5 2117.5 1254.0 2117.5 1253.0 2111.5 1245.0 2108.5 1242.0 2104.5 1235.0 2097.5 1227.0 2097.5 1226.0 2091.5 1220.0 2089.5 1216.0 2083.5 1207.0 2082.5 1203.0 2082.5 1196.0 2081.5 1195.0 2084.5 1179.0 2089.5 1171.0 2095.0 1165.5 2103.0 1161.5 2105.0 1159.5 2112.0 1156.5 2116.0 1155.5 2142.0 1155.5 2146.0 1156.5 2151.0 1159.5 2152.5 1162.0 2158.5 1168.0 2161.5 1174.0 2164.5 1182.0 2169.5 1187.0 2169.5 1188.0 2183.5 1202.0 2183.5 1203.0 2189.5 1211.0 2193.5 1219.0 2193.5 1231.0 2192.5 1236.0 2189.5 1242.0 2185.5 1248.0 2179.0 1254.5 2178.0 1254.5 2170.0 1260.5 2162.0 1264.5 2154.0 1266.5 2153.0 1267.5
 10ML_sorting_tube_rack 2602.0 1647.5 2596.0 1647.5 2595.0 1646.5 2584.0 1646.5 2579.0 1645.5 2574.0 1643.5 2569.0 1642.5 2556.0 1642.5 2551.0 1640.5 2546.0 1639.5 2537.0 1639.5 2536.0 1638.5 2526.0 1638.5 2521.0 1637.5 2516.0 1635.5 2502.0 1633.5 2497.0 1631.5 2491.0 1631.5 2490.0 1630.5 2483.0 1630.5 2482.0 1629.5 2477.0 1629.5 2476.0 1628.5 2470.0 1628.5 2469.0 1627.5 2460.0 1627.5 2459.0 1626.5 2451.0 1626.5 2450.0 1625.5 2437.0 1625.5 2436.0 1624.5 2428.0 1624.5 2427.0 1623.5 2418.0 1623.5 2417.0 1622.5 2408.0 1622.5 2407.0 1621.5 2395.0 1621.5 2394.0 1620.5 2386.0 1620.5 2385.0 1619.5 2377.0 1619.5 2376.0 1618.5 2370.0 1618.5 2369.0 1617.5 2364.0 1617.5 2363.0 1616.5 2358.0 1616.5 2357.0 1615.5 2352.0 1615.5 2351.0 1614.5 2342.0 1614.5 2341.0 1613.5 2331.0 1613.5 2330.0 1612.5 2324.0 1612.5 2323.0 1611.5 2316.0 1611.5 2315.0 1610.5 2309.0 1610.5 2308.0 1609.5 2299.0 1609.5 2298.0 1608.5 2292.0 1608.5 2291.0 1607.5 2282.0 1607.5 2281.0 1606.5 2269.0 1606.5 2268.0 1605.5 2263.0 1605.5 2262.0 1604.5 2257.0 1604.5 2256.0 1603.5 2242.0 1603.5 2237.0 1601.5 2230.0 1600.5 2229.0 1599.5 2224.0 1599.5 2223.0 1598.5 2216.0 1598.5 2215.0 1597.5 2208.0 1597.5 2207.0 1596.5 2199.0 1596.5 2198.0 1595.5 2192.0 1595.5 2191.0 1594.5 2184.0 1594.5 2183.0 1593.5 2174.0 1593.5 2173.0 1592.5 2163.0 1592.5 2162.0 1591.5 2152.0 1591.5 2151.0 1590.5 2137.0 1590.5 2136.0 1589.5 2126.0 1589.5 2125.0 1588.5 2117.0 1588.5 2116.0 1587.5 2109.0 1587.5 2108.0 1586.5 2089.0 1586.5 2080.0 1582.5 2075.5 1578.0 2072.5 1572.0 2072.5 1570.0 2066.5 1558.0 2061.5 1549.0 2052.5 1540.0 2052.5 1539.0 2038.5 1525.0 2035.5 1519.0 2031.5 1514.0 2026.5 1509.0 2026.5 1508.0 2021.0 1502.5 2017.0 1500.5 2009.5 1493.0 2006.5 1487.0 1998.5 1479.0 1998.5 1478.0 1994.0 1473.5 1983.0 1466.5 1976.5 1458.0 1974.5 1453.0 1971.0 1447.5 1965.0 1444.5 1959.0 1440.5 1950.5 1433.0 1950.5 1432.0 1936.5 1418.0 1933.5 1413.0 1923.5 1403.0 1921.5 1398.0 1921.5 1393.0 1920.5 1392.0 1920.5 1383.0 1921.5 1382.0 1921.5 1377.0 1922.5 1372.0 1929.5 1358.0 1929.5 1355.0 1936.5 1334.0 1944.5 1316.0 1945.5 1309.0 1947.5 1303.0 1949.5 1300.0 1953.5 1289.0 1956.5 1284.0 1958.5 1279.0 1959.5 1273.0 1961.5 1269.0 1962.5 1263.0 1966.5 1256.0 1973.0 1250.5 1976.0 1250.5 1985.0 1245.5 1988.0 1246.5 1995.0 1253.5 1999.0 1255.5 2012.0 1266.5 2016.0 1268.5 2028.0 1268.5 2029.0 1267.5 2034.0 1267.5 2039.0 1265.5 2044.0 1265.5 2049.0 1263.5 2060.0 1254.5 2061.0 1254.5 2065.5 1250.0 2067.5 1245.0 2069.5 1243.0 2072.5 1236.0 2072.5 1221.0 2074.5 1216.0 2077.0 1214.5 2085.0 1217.5 2091.0 1221.5 2094.0 1222.5 2100.5 1229.0 2104.5 1237.0 2112.5 1247.0 2113.5 1250.0 2120.0 1256.5 2124.0 1259.5 2136.0 1265.5 2152.0 1265.5 2157.0 1264.5 2162.0 1262.5 2165.0 1262.5 2169.0 1260.5 2181.5 1250.0 2187.5 1241.0 2190.5 1234.0 2190.5 1230.0 2192.5 1225.0 2192.5 1220.0 2190.5 1217.0 2189.5 1212.0 2184.5 1203.0 2177.5 1195.0 2172.5 1184.0 2167.5 1177.0 2167.5 1172.0 2170.0 1168.5 2182.0 1168.5 2187.0 1166.5 2194.0 1165.5 2202.0 1161.5 2206.0 1157.5 2213.0 1153.5 2220.0 1146.5 2222.5 1145.0 2227.5 1135.0 2227.5 1127.0 2226.5 1126.0 2224.5 1118.0 2220.5 1109.0 2212.5 1097.0 2210.5 1091.0 2208.5 1088.0 2210.5 1085.0 2216.0 1080.5 2224.0 1076.5 2232.0 1076.5 2238.0 1078.5 2244.0 1081.5 2247.5 1085.0 2248.5 1088.0 2248.5 1094.0 2249.5 1095.0 2249.5 1100.0 2254.5 1107.0 2257.5 1113.0 2259.5 1119.0 2262.5 1122.0 2266.5 1130.0 2267.5 1135.0 2269.5 1140.0 2269.5 1145.0 2271.5 1149.0 2277.0 1154.5 2278.0 1154.5 2285.0 1161.5 2288.0 1163.5 2297.0 1166.5 2319.0 1166.5 2334.0 1158.5 2344.0 1151.5 2350.5 1145.0 2351.5 1142.0 2356.5 1133.0 2356.5 1127.0 2355.5 1126.0 2355.5 1121.0 2349.5 1107.0 2346.5 1104.0 2345.5 1101.0 2341.5 1096.0 2335.5 1086.0 2334.5 1079.0 2333.5 1078.0 2333.5 1071.0 2334.5 1069.0 2339.0 1066.5 2343.0 1065.5 2364.0 1065.5 2365.0 1064.5 2373.0 1064.5 2374.0 1063.5 2398.0 1063.5 2399.0 1062.5 2413.0 1062.5 2414.0 1061.5 2421.0 1061.5 2422.0 1060.5 2432.0 1060.5 2433.0 1059.5 2449.0 1059.5 2450.0 1058.5 2473.0 1058.5 2474.0 1057.5 2481.0 1057.5 2482.0 1056.5 2492.0 1056.5 2493.0 1055.5 2501.0 1055.5 2502.0 1054.5 2512.0 1054.5 2513.0 1053.5 2540.0 1053.5 2545.0 1054.5 2549.0 1056.5 2554.5 1062.0 2556.5 1066.0 2559.5 1076.0 2559.5 1081.0 2560.5 1085.0 2563.5 1091.0 2563.5 1093.0 2566.5 1098.0 2566.5 1100.0 2574.5 1114.0 2575.5 1118.0 2578.5 1123.0 2582.5 1132.0 2585.5 1136.0 2590.5 1141.0 2594.5 1148.0 2595.5 1153.0 2602.5 1168.0 2604.5 1170.0 2607.5 1177.0 2609.5 1180.0 2611.5 1188.0 2613.5 1193.0 2619.5 1203.0 2620.5 1206.0 2627.5 1218.0 2629.5 1224.0 2632.5 1227.0 2637.5 1236.0 2637.5 1238.0 2642.5 1247.0 2644.5 1254.0 2648.5 1261.0 2648.5 1263.0 2656.5 1273.0 2660.5 1279.0 2664.5 1288.0 2670.5 1295.0 2671.5 1299.0 2668.5 1304.0 2666.5 1310.0 2666.5 1329.0 2663.5 1340.0 2663.5 1345.0 2662.5 1346.0 2662.5 1354.0 2661.5 1355.0 2660.5 1364.0 2659.5 1365.0 2659.5 1372.0 2658.5 1373.0 2658.5 1380.0 2657.5 1381.0 2657.5 1387.0 2656.5 1388.0 2656.5 1397.0 2655.5 1398.0 2655.5 1404.0 2654.5 1405.0 2654.5 1410.0 2653.5 1411.0 2653.5 1416.0 2652.5 1417.0 2652.5 1426.0 2651.5 1427.0 2651.5 1434.0 2648.5 1442.0 2648.5 1447.0 2647.5 1448.0 2647.5 1465.0 2646.5 1466.0 2646.5 1473.0 2645.5 1474.0 2645.5 1480.0 2644.5 1481.0 2644.5 1488.0 2643.5 1489.0 2643.5 1496.0 2642.5 1497.0 2642.5 1503.0 2641.5 1504.0 2641.5 1512.0 2640.5 1513.0 2640.5 1526.0 2639.5 1527.0 2639.5 1540.0 2638.5 1541.0 2636.5 1551.0 2636.5 1574.0 2635.5 1575.0 2635.5 1581.0 2633.5 1586.0 2633.5 1590.0 2631.5 1595.0 2631.5 1598.0 2629.5 1603.0 2628.5 1612.0 2626.5 1622.0 2623.5 1631.0 2619.5 1639.0 2617.0 1641.5 2612.0 1644.5 2602.0 1647.5
 10ML_sorting_tube_rack 2125.0 1149.5 2121.0 1149.5 2116.0 1147.5 2111.5 1143.0 2110.5 1140.0 2110.5 1133.0 2109.5 1128.0 2106.5 1121.0 2102.0 1116.5 2098.5 1114.0 2095.5 1108.0 2094.5 1104.0 2094.5 1089.0 2102.0 1086.5 2114.0 1086.5 2118.0 1087.5 2122.5 1091.0 2125.5 1099.0 2129.5 1107.0 2131.5 1109.0 2135.5 1118.0 2137.5 1120.0 2143.5 1131.0 2143.5 1145.0 2137.0 1147.5 2132.0 1147.5 2131.0 1148.5 2126.0 1148.5 2125.0 1149.5
 10ML_sorting_tube_rack 2023.0 1164.5 2017.0 1164.5 2014.5 1162.0 2014.5 1157.0 2019.0 1151.5 2025.5 1159.0 2025.5 1162.0 2023.0 1164.5
 10ML_sorting_tube_rack 2092.0 1189.5 2087.0 1188.5 2084.5 1182.0 2085.5 1176.0 2091.0 1170.5 2094.0 1169.5 2098.0 1171.5 2100.5 1174.0 2100.5 1180.0 2096.5 1186.0 2092.0 1189.5
 10ML_sorting_tube_rack 2065.0 1206.5 2061.0 1205.5 2055.0 1199.5 2047.0 1194.5 2045.5 1192.0 2046.5 1186.0 2050.0 1183.5 2064.0 1183.5 2070.0 1186.5 2074.5 1190.0 2075.5 1195.0 2072.5 1200.0 2068.0 1204.5 2065.0 1206.5
 sorting_tube_rack_base 2640.0 1712.5 2629.0 1712.5 2628.0 1711.5 2623.0 1711.5 2622.0 1710.5 2616.0 1710.5 2615.0 1709.5 2610.0 1709.5 2609.0 1708.5 2603.0 1708.5 2602.0 1707.5 2595.0 1707.5 2594.0 1706.5 2586.0 1706.5 2585.0 1705.5 2579.0 1705.5 2578.0 1704.5 2572.0 1704.5 2571.0 1703.5 2566.0 1703.5 2565.0 1702.5 2560.0 1702.5 2559.0 1701.5 2552.0 1701.5 2551.0 1700.5 2545.0 1700.5 2544.0 1699.5 2539.0 1699.5 2538.0 1698.5 2532.0 1698.5 2531.0 1697.5 2526.0 1697.5 2525.0 1696.5 2520.0 1696.5 2519.0 1695.5 2514.0 1695.5 2513.0 1694.5 2508.0 1694.5 2507.0 1693.5 2501.0 1693.5 2500.0 1692.5 2495.0 1692.5 2494.0 1691.5 2488.0 1691.5 2487.0 1690.5 2482.0 1690.5 2481.0 1689.5 2475.0 1689.5 2469.0 1687.5 2463.0 1687.5 2462.0 1686.5 2456.0 1686.5 2455.0 1685.5 2446.0 1685.5 2445.0 1684.5 2437.0 1684.5 2431.0 1682.5 2426.0 1682.5 2425.0 1681.5 2420.0 1681.5 2419.0 1680.5 2414.0 1680.5 2413.0 1679.5 2407.0 1679.5 2406.0 1678.5 2400.0 1678.5 2399.0 1677.5 2393.0 1677.5 2392.0 1676.5 2385.0 1676.5 2384.0 1675.5 2378.0 1675.5 2377.0 1674.5 2372.0 1674.5 2366.0 1672.5 2361.0 1672.5 2360.0 1671.5 2350.0 1671.5 2349.0 1670.5 2341.0 1670.5 2340.0 1669.5 2334.0 1669.5 2333.0 1668.5 2327.0 1668.5 2326.0 1667.5 2320.0 1667.5 2319.0 1666.5 2313.0 1666.5 2312.0 1665.5 2307.0 1665.5 2306.0 1664.5 2299.0 1664.5 2298.0 1663.5 2290.0 1663.5 2289.0 1662.5 2284.0 1662.5 2283.0 1661.5 2277.0 1661.5 2276.0 1660.5 2270.0 1660.5 2269.0 1659.5 2263.0 1659.5 2262.0 1658.5 2257.0 1658.5 2256.0 1657.5 2250.0 1657.5 2249.0 1656.5 2243.0 1656.5 2242.0 1655.5 2233.0 1655.5 2232.0 1654.5 2225.0 1654.5 2224.0 1653.5 2219.0 1653.5 2218.0 1652.5 2213.0 1652.5 2212.0 1651.5 2207.0 1651.5 2206.0 1650.5 2201.0 1650.5 2200.0 1649.5 2193.0 1649.5 2192.0 1648.5 2183.0 1648.5 2182.0 1647.5 2175.0 1647.5 2174.0 1646.5 2167.0 1646.5 2166.0 1645.5 2160.0 1645.5 2159.0 1644.5 2154.0 1644.5 2148.0 1642.5 2142.0 1642.5 2141.0 1641.5 2131.0 1641.5 2130.0 1640.5 2122.0 1640.5 2111.0 1636.5 2109.0 1636.5 2101.0 1630.5 2081.0 1610.5 2080.0 1610.5 2067.5 1598.0 2064.5 1594.0 2063.5 1591.0 2058.5 1584.0 2057.5 1581.0 2057.5 1564.0 2061.0 1557.5 2064.0 1557.5 2068.5 1563.0 2069.5 1567.0 2073.5 1576.0 2076.5 1580.0 2081.0 1582.5 2091.0 1585.5 2096.0 1585.5 2097.0 1586.5 2105.0 1586.5 2106.0 1587.5 2114.0 1587.5 2115.0 1588.5 2123.0 1588.5 2124.0 1589.5 2132.0 1589.5 2133.0 1590.5 2141.0 1590.5 2142.0 1591.5 2149.0 1591.5 2150.0 1592.5 2157.0 1592.5 2158.0 1593.5 2166.0 1593.5 2167.0 1594.5 2175.0 1594.5 2176.0 1595.5 2181.0 1595.5 2182.0 1596.5 2188.0 1596.5 2189.0 1597.5 2194.0 1597.5 2195.0 1598.5 2201.0 1598.5 2202.0 1599.5 2207.0 1599.5 2208.0 1600.5 2218.0 1600.5 2219.0 1601.5 2229.0 1601.5 2230.0 1602.5 2237.0 1602.5 2238.0 1603.5 2244.0 1603.5 2245.0 1604.5 2251.0 1604.5 2252.0 1605.5 2258.0 1605.5 2259.0 1606.5 2265.0 1606.5 2266.0 1607.5 2271.0 1607.5 2272.0 1608.5 2280.0 1608.5 2281.0 1609.5 2290.0 1609.5 2291.0 1610.5 2299.0 1610.5 2300.0 1611.5 2309.0 1611.5 2310.0 1612.5 2319.0 1612.5 2320.0 1613.5 2329.0 1613.5 2330.0 1614.5 2338.0 1614.5 2339.0 1615.5 2347.0 1615.5 2348.0 1616.5 2360.0 1616.5 2361.0 1617.5 2369.0 1617.5 2370.0 1618.5 2377.0 1618.5 2378.0 1619.5 2384.0 1619.5 2385.0 1620.5 2390.0 1620.5 2391.0 1621.5 2397.0 1621.5 2398.0 1622.5 2405.0 1622.5 2406.0 1623.5 2412.0 1623.5 2413.0 1624.5 2419.0 1624.5 2420.0 1625.5 2429.0 1625.5 2430.0 1626.5 2438.0 1626.5 2449.0 1629.5 2457.0 1629.5 2458.0 1630.5 2466.0 1630.5 2467.0 1631.5 2473.0 1631.5 2474.0 1632.5 2481.0 1632.5 2482.0 1633.5 2491.0 1633.5 2492.0 1634.5 2500.0 1634.5 2501.0 1635.5 2507.0 1635.5 2508.0 1636.5 2514.0 1636.5 2520.0 1638.5 2526.0 1638.5 2527.0 1639.5 2536.0 1639.5 2537.0 1640.5 2543.0 1640.5 2544.0 1641.5 2551.0 1641.5 2552.0 1642.5 2558.0 1642.5 2559.0 1643.5 2565.0 1643.5 2566.0 1644.5 2574.0 1644.5 2575.0 1645.5 2583.0 1645.5 2584.0 1646.5 2590.0 1646.5 2591.0 1647.5 2597.0 1647.5 2598.0 1648.5 2604.0 1648.5 2608.0 1646.5 2611.0 1646.5 2614.0 1644.5 2618.0 1643.5 2621.5 1640.0 2624.5 1635.0 2626.5 1625.0 2627.5 1624.0 2627.5 1618.0 2628.5 1617.0 2628.5 1612.0 2629.5 1611.0 2629.5 1605.0 2630.5 1604.0 2630.5 1598.0 2631.5 1597.0 2631.5 1591.0 2632.5 1590.0 2632.5 1583.0 2634.5 1577.0 2634.5 1571.0 2635.5 1570.0 2635.5 1561.0 2636.5 1560.0 2636.5 1547.0 2637.5 1546.0 2637.5 1532.0 2638.5 1531.0 2638.5 1520.0 2639.5 1519.0 2639.5 1513.0 2640.5 1512.0 2640.5 1506.0 2641.5 1505.0 2641.5 1500.0 2642.5 1499.0 2642.5 1494.0 2643.5 1493.0 2643.5 1487.0 2644.5 1486.0 2644.5 1479.0 2645.5 1478.0 2645.5 1472.0 2646.5 1471.0 2646.5 1464.0 2647.5 1463.0 2647.5 1456.0 2648.5 1455.0 2648.5 1450.0 2649.5 1449.0 2649.5 1442.0 2650.5 1441.0 2650.5 1434.0 2651.5 1433.0 2651.5 1427.0 2652.5 1426.0 2652.5 1419.0 2653.5 1418.0 2653.5 1411.0 2654.5 1410.0 2654.5 1401.0 2655.5 1400.0 2655.5 1393.0 2656.5 1392.0 2656.5 1386.0 2659.5 1375.0 2659.5 1370.0 2660.5 1369.0 2660.5 1363.0 2661.5 1362.0 2661.5 1355.0 2662.5 1354.0 2662.5 1347.0 2663.5 1346.0 2663.5 1339.0 2664.5 1338.0 2664.5 1324.0 2665.5 1323.0 2665.5 1315.0 2666.5 1314.0 2666.5 1303.0 2667.5 1302.0 2667.5 1295.0 2666.5 1294.0 2666.5 1289.0 2665.5 1284.0 2663.5 1280.0 2657.0 1275.5 2652.5 1271.0 2650.5 1267.0 2651.5 1262.0 2656.0 1258.5 2665.0 1258.5 2673.0 1263.5 2684.5 1275.0 2684.5 1276.0 2689.5 1281.0 2691.5 1286.0 2705.5 1314.0 2706.5 1321.0 2709.5 1329.0 2709.5 1337.0 2710.5 1338.0 2710.5 1347.0 2709.5 1348.0 2709.5 1357.0 2708.5 1358.0 2708.5 1367.0 2707.5 1368.0 2707.5 1376.0 2706.5 1377.0 2706.5 1386.0 2705.5 1387.0 2705.5 1394.0 2704.5 1395.0 2704.5 1403.0 2703.5 1404.0 2703.5 1411.0 2702.5 1412.0 2702.5 1420.0 2701.5 1421.0 2701.5 1428.0 2700.5 1429.0 2700.5 1438.0 2699.5 1439.0 2699.5 1448.0 2698.5 1449.0 2698.5 1454.0 2697.5 1455.0 2697.5 1461.0 2696.5 1462.0 2696.5 1470.0 2695.5 1471.0 2695.5 1479.0 2694.5 1480.0 2694.5 1488.0 2693.5 1489.0 2693.5 1495.0 2692.5 1496.0 2692.5 1504.0 2691.5 1505.0 2691.5 1515.0 2690.5 1516.0 2690.5 1526.0 2689.5 1527.0 2689.5 1534.0 2688.5 1535.0 2688.5 1543.0 2687.5 1544.0 2687.5 1552.0 2686.5 1553.0 2686.5 1560.0 2685.5 1561.0 2685.5 1567.0 2684.5 1568.0 2684.5 1576.0 2683.5 1577.0 2683.5 1586.0 2682.5 1587.0 2682.5 1597.0 2681.5 1598.0 2681.5 1609.0 2680.5 1610.0 2680.5 1618.0 2679.5 1619.0 2679.5 1627.0 2678.5 1628.0 2678.5 1634.0 2677.5 1635.0 2677.5 1642.0 2676.5 1643.0 2676.5 1650.0 2675.5 1651.0 2675.5 1659.0 2674.5 1660.0 2674.5 1668.0 2673.5 1669.0 2673.5 1677.0 2672.5 1678.0 2672.5 1685.0 2671.5 1689.0 2668.5 1695.0 2662.0 1701.5 2656.0 1704.5 2651.0 1708.5 2646.0 1711.5 2641.0 1711.5 2640.0 1712.5
