 5ML_sorting_tube_rack 1423.0 761.5 1413.0 761.5 1412.0 760.5 1406.0 760.5 1405.0 759.5 1400.0 759.5 1395.0 758.5 1390.0 756.5 1380.0 754.5 1373.0 750.5 1369.0 749.5 1360.0 749.5 1356.0 748.5 1353.0 746.5 1344.0 742.5 1340.0 741.5 1325.0 741.5 1324.0 740.5 1318.0 740.5 1317.0 739.5 1311.0 739.5 1310.0 738.5 1305.0 738.5 1304.0 737.5 1298.0 737.5 1292.0 735.5 1288.0 735.5 1283.0 733.5 1279.0 733.5 1273.0 731.5 1268.0 731.5 1262.0 729.5 1257.0 729.5 1248.0 726.5 1239.0 725.5 1234.0 723.5 1230.0 723.5 1225.0 721.5 1211.0 719.5 1206.0 717.5 1203.0 717.5 1199.0 715.5 1183.0 711.5 1178.0 711.5 1168.0 709.5 1167.0 708.5 1162.0 708.5 1156.0 706.5 1151.0 706.5 1146.0 705.5 1141.0 703.5 1137.0 703.5 1128.0 700.5 1119.0 699.5 1114.0 697.5 1109.0 696.5 1104.0 696.5 1099.0 694.5 1095.0 694.5 1075.0 690.5 1070.0 688.5 1065.0 688.5 1064.0 687.5 1059.0 687.5 1058.0 686.5 1044.0 684.5 1032.0 680.5 1023.0 676.5 1017.0 672.5 1011.5 667.0 1006.5 659.0 1004.5 657.0 1000.5 650.0 996.0 645.5 995.0 645.5 988.5 639.0 988.5 638.0 982.5 630.0 964.5 612.0 960.5 605.0 949.5 594.0 942.0 584.5 941.0 584.5 934.5 578.0 931.5 573.0 921.5 563.0 917.5 557.0 912.5 552.0 912.5 551.0 902.5 541.0 902.5 540.0 895.5 533.0 892.5 528.0 885.5 521.0 883.5 517.0 869.5 503.0 866.5 496.0 846.5 476.0 846.5 475.0 834.5 463.0 828.5 455.0 825.5 450.0 820.5 445.0 820.5 444.0 812.5 436.0 812.5 435.0 806.5 429.0 802.5 423.0 794.5 414.0 791.5 409.0 779.5 397.0 779.5 396.0 773.5 390.0 773.5 389.0 767.5 383.0 765.5 379.0 753.5 367.0 748.5 356.0 748.5 349.0 754.5 338.0 773.0 319.5 774.0 319.5 789.5 304.0 791.5 300.0 804.0 287.5 805.0 287.5 820.0 272.5 821.0 272.5 825.5 268.0 830.5 259.0 835.0 254.5 836.0 254.5 847.0 243.5 848.0 243.5 854.5 237.0 854.5 236.0 864.0 226.5 868.5 223.0 870.5 219.0 885.5 204.0 887.5 200.0 894.0 193.5 898.5 190.0 898.5 189.0 913.5 174.0 913.5 173.0 925.0 161.5 925.5 160.0 938.5 147.0 941.5 142.0 946.5 137.0 946.5 136.0 952.0 130.5 953.0 130.5 958.5 125.0 960.5 122.0 963.5 115.0 969.0 109.5 980.0 105.5 986.0 105.5 987.0 104.5 1008.0 104.5 1009.0 105.5 1027.0 105.5 1028.0 106.5 1038.0 106.5 1039.0 107.5 1048.0 107.5 1049.0 108.5 1060.0 108.5 1061.0 109.5 1076.0 109.5 1077.0 110.5 1083.0 110.5 1084.0 111.5 1096.0 111.5 1097.0 112.5 1107.0 112.5 1108.0 113.5 1117.0 113.5 1118.0 114.5 1125.0 114.5 1126.0 115.5 1133.0 115.5 1134.0 116.5 1143.0 116.5 1144.0 117.5 1153.0 117.5 1154.0 118.5 1163.0 118.5 1164.0 119.5 1183.0 119.5 1184.0 120.5 1196.0 120.5 1197.0 121.5 1209.0 121.5 1210.0 122.5 1225.0 122.5 1226.0 123.5 1233.0 123.5 1234.0 124.5 1241.0 124.5 1242.0 125.5 1247.0 125.5 1248.0 126.5 1254.0 126.5 1255.0 127.5 1263.0 127.5 1264.0 128.5 1274.0 128.5 1275.0 129.5 1289.0 129.5 1290.0 130.5 1302.0 130.5 1303.0 131.5 1314.0 131.5 1315.0 132.5 1333.0 132.5 1334.0 133.5 1346.0 133.5 1347.0 134.5 1363.0 134.5 1364.0 135.5 1376.0 135.5 1377.0 136.5 1388.0 136.5 1389.0 137.5 1405.0 137.5 1406.0 138.5 1416.0 138.5 1417.0 139.5 1423.0 139.5 1435.0 143.5 1439.5 148.0 1443.5 155.0 1443.5 161.0 1444.5 162.0 1444.5 174.0 1447.5 187.0 1451.5 194.0 1453.5 199.0 1454.5 204.0 1460.5 217.0 1467.5 230.0 1467.5 232.0 1470.5 237.0 1470.5 239.0 1474.5 246.0 1474.5 248.0 1477.5 253.0 1494.5 270.0 1498.5 277.0 1498.5 279.0 1503.5 288.0 1503.5 290.0 1507.5 298.0 1510.5 309.0 1513.5 314.0 1516.5 321.0 1518.5 324.0 1521.5 332.0 1531.5 352.0 1533.5 360.0 1535.5 363.0 1543.5 379.0 1544.5 384.0 1546.5 387.0 1547.5 392.0 1550.5 397.0 1550.5 399.0 1555.5 409.0 1557.5 414.0 1558.5 419.0 1563.5 429.0 1569.5 440.0 1574.5 452.0 1577.5 461.0 1581.5 470.0 1582.5 471.0 1590.5 494.0 1593.5 502.0 1592.5 507.0 1592.5 512.0 1591.5 513.0 1590.5 519.0 1586.5 524.0 1585.5 527.0 1582.5 530.0 1575.5 541.0 1571.5 549.0 1567.5 555.0 1566.5 558.0 1562.5 564.0 1553.5 575.0 1550.5 582.0 1548.5 584.0 1544.5 592.0 1536.5 603.0 1529.5 618.0 1524.5 624.0 1521.5 629.0 1515.5 635.0 1511.5 641.0 1505.5 647.0 1503.5 652.0 1501.5 654.0 1499.5 659.0 1493.5 671.0 1491.5 674.0 1488.5 681.0 1486.5 683.0 1477.5 697.0 1470.5 709.0 1465.5 716.0 1464.5 720.0 1461.5 724.0 1458.5 731.0 1454.5 736.0 1453.5 739.0 1450.5 743.0 1438.0 755.5 1430.0 760.5 1424.0 760.5 1423.0 761.5
 5ML_sorting_tube_rack 1509.5 443.0 1519.0 441.5 1520.5 440.0 1518.5 436.0 1517.5 429.0 1515.5 427.0 1511.5 418.0 1510.5 410.0 1497.5 386.0 1495.5 377.0 1492.5 370.0 1492.5 368.0 1489.5 364.0 1479.5 343.0 1477.5 341.0 1475.5 336.0 1468.0 332.5 1464.0 332.5 1459.5 336.0 1457.5 341.0 1452.5 347.0 1452.5 348.0 1447.5 353.0 1444.5 358.0 1442.5 363.0 1438.5 369.0 1432.5 375.0 1432.5 376.0 1427.5 382.0 1423.5 390.0 1418.5 395.0 1414.5 403.0 1408.5 411.0 1405.5 419.0 1399.5 426.0 1399.5 428.0 1402.0 430.5 1406.0 431.5 1413.0 431.5 1414.0 432.5 1423.0 432.5 1424.0 433.5 1430.0 433.5 1441.0 436.5 1446.0 436.5 1447.0 437.5 1458.0 437.5 1459.0 438.5 1467.0 438.5 1468.0 439.5 1476.0 439.5 1477.0 440.5 1483.0 440.5 1484.0 441.5 1491.0 441.5 1492.0 442.5 1504.0 442.5 1505.0 443.5 1509.5 443.0
 5ML_sorting_tube_rack 1010.5 591.0 1014.5 586.0 1020.0 580.5 1025.0 578.5 1028.5 575.0 1031.5 568.0 1040.5 559.0 1044.5 552.0 1049.5 547.0 1049.5 546.0 1058.0 537.5 1059.0 537.5 1066.5 530.0 1064.5 525.0 1063.5 519.0 1055.0 514.5 1047.0 513.5 1046.0 512.5 1041.0 512.5 1040.0 511.5 1035.0 511.5 1034.0 510.5 1025.0 509.5 1024.0 508.5 1019.0 508.5 1013.0 506.5 1004.0 506.5 1003.0 505.5 996.0 505.5 992.0 503.5 982.0 500.5 977.0 500.5 976.0 499.5 969.0 499.5 968.0 498.5 959.0 498.5 958.0 497.5 941.0 497.5 940.0 498.5 934.0 499.5 932.5 502.0 936.5 511.0 938.5 517.0 944.0 519.5 946.5 522.0 948.5 526.0 948.5 529.0 950.5 533.0 955.0 537.5 956.0 537.5 963.5 545.0 966.5 550.0 975.5 559.0 975.5 560.0 982.5 568.0 985.5 574.0 993.5 582.0 996.0 585.5 1010.5 591.0
 10ML_centrifuge_tube 2047.0 1290.5 2031.0 1290.5 2030.0 1289.5 2025.0 1289.5 2024.0 1288.5 2019.0 1288.5 2010.0 1285.5 1996.0 1278.5 1993.0 1275.5 1988.0 1272.5 1972.5 1257.0 1971.5 1254.0 1963.5 1241.0 1961.5 1232.0 1958.5 1225.0 1958.5 1222.0 1954.5 1211.0 1952.5 1203.0 1951.5 1196.0 1950.5 1195.0 1950.5 1188.0 1949.5 1187.0 1949.5 1176.0 1950.5 1171.0 1957.5 1148.0 1959.5 1144.0 1963.5 1139.0 1964.5 1136.0 1967.5 1132.0 1977.0 1122.5 1982.0 1119.5 1986.0 1115.5 1995.0 1109.5 2003.0 1105.5 2019.0 1101.5 2024.0 1101.5 2025.0 1100.5 2031.0 1100.5 2032.0 1099.5 2049.0 1099.5 2050.0 1100.5 2055.0 1100.5 2056.0 1101.5 2061.0 1101.5 2067.0 1103.5 2077.0 1105.5 2085.0 1109.5 2092.0 1114.5 2109.5 1132.0 2113.5 1138.0 2115.5 1143.0 2117.5 1145.0 2118.5 1150.0 2120.5 1153.0 2120.5 1156.0 2122.5 1160.0 2122.5 1163.0 2124.5 1167.0 2125.5 1174.0 2127.5 1178.0 2128.5 1185.0 2130.5 1190.0 2130.5 1197.0 2131.5 1198.0 2131.5 1211.0 2130.5 1212.0 2130.5 1220.0 2129.5 1225.0 2127.5 1229.0 2125.5 1237.0 2121.5 1245.0 2121.5 1247.0 2117.5 1254.0 2103.0 1268.5 2095.0 1273.5 2093.0 1275.5 2088.0 1277.5 2086.0 1279.5 2073.0 1285.5 2059.0 1288.5 2058.0 1289.5 2048.0 1289.5 2047.0 1290.5
 10ML_centrifuge_tube 1749.0 1691.5 1730.0 1691.5 1725.0 1689.5 1722.0 1689.5 1717.0 1687.5 1712.0 1686.5 1709.0 1684.5 1705.0 1683.5 1692.0 1673.5 1687.0 1668.5 1686.0 1668.5 1675.0 1657.5 1674.0 1657.5 1663.0 1646.5 1662.0 1646.5 1656.5 1641.0 1651.5 1633.0 1646.5 1627.0 1644.5 1621.0 1642.5 1618.0 1640.5 1610.0 1638.5 1606.0 1638.5 1603.0 1636.5 1598.0 1636.5 1589.0 1635.5 1588.0 1635.5 1572.0 1636.5 1571.0 1636.5 1564.0 1640.5 1547.0 1642.5 1544.0 1643.5 1539.0 1646.5 1533.0 1651.5 1526.0 1652.5 1523.0 1658.5 1515.0 1658.5 1514.0 1673.0 1499.5 1683.0 1492.5 1688.0 1489.5 1695.0 1486.5 1697.0 1484.5 1704.0 1481.5 1707.0 1481.5 1711.0 1479.5 1714.0 1479.5 1720.0 1476.5 1726.0 1476.5 1727.0 1475.5 1741.0 1475.5 1742.0 1476.5 1750.0 1476.5 1751.0 1477.5 1756.0 1477.5 1761.0 1479.5 1764.0 1479.5 1774.0 1483.5 1781.0 1487.5 1789.0 1495.5 1790.0 1495.5 1804.0 1509.5 1805.0 1509.5 1816.5 1521.0 1816.5 1522.0 1824.5 1530.0 1831.5 1540.0 1831.5 1542.0 1837.5 1554.0 1837.5 1557.0 1839.5 1561.0 1839.5 1564.0 1841.5 1569.0 1841.5 1575.0 1842.5 1576.0 1842.5 1603.0 1841.5 1604.0 1841.5 1610.0 1839.5 1615.0 1838.5 1621.0 1836.5 1626.0 1825.5 1648.0 1822.5 1655.0 1817.0 1660.5 1816.0 1660.5 1805.0 1671.5 1794.0 1678.5 1782.0 1683.5 1779.0 1685.5 1776.0 1685.5 1772.0 1687.5 1762.0 1689.5 1757.0 1689.5 1756.0 1690.5 1750.0 1690.5 1749.0 1691.5
 10ML_centrifuge_tube 1778.0 1479.5 1774.0 1478.5 1768.0 1478.5 1767.0 1477.5 1761.0 1477.5 1760.0 1476.5 1754.0 1476.5 1753.0 1475.5 1747.0 1475.5 1746.0 1474.5 1740.0 1474.5 1739.0 1473.5 1734.0 1473.5 1725.0 1469.5 1720.5 1465.0 1720.5 1464.0 1714.0 1457.5 1713.0 1457.5 1707.5 1452.0 1703.5 1447.0 1701.5 1442.0 1699.5 1440.0 1696.5 1434.0 1692.5 1430.0 1688.5 1424.0 1680.5 1408.0 1676.5 1397.0 1676.5 1394.0 1674.5 1390.0 1673.5 1385.0 1673.5 1370.0 1674.5 1369.0 1674.5 1361.0 1675.5 1356.0 1679.5 1343.0 1685.5 1330.0 1693.5 1319.0 1709.0 1303.5 1714.0 1299.5 1721.0 1295.5 1733.0 1289.5 1742.0 1287.5 1746.0 1285.5 1751.0 1285.5 1752.0 1284.5 1758.0 1284.5 1759.0 1283.5 1764.0 1283.5 1765.0 1282.5 1777.0 1282.5 1782.0 1283.5 1787.0 1285.5 1799.0 1287.5 1803.0 1289.5 1806.0 1289.5 1815.0 1294.5 1832.5 1312.0 1832.5 1313.0 1838.5 1320.0 1842.5 1327.0 1845.5 1330.0 1847.5 1334.0 1851.5 1339.0 1853.5 1344.0 1857.5 1351.0 1859.5 1353.0 1862.5 1359.0 1863.5 1364.0 1866.5 1371.0 1866.5 1377.0 1867.5 1378.0 1867.5 1397.0 1866.5 1398.0 1866.5 1403.0 1865.5 1407.0 1862.5 1414.0 1862.5 1416.0 1858.5 1425.0 1852.5 1435.0 1850.5 1440.0 1840.5 1450.0 1840.5 1451.0 1830.0 1461.5 1821.0 1466.5 1819.0 1466.5 1812.0 1470.5 1800.0 1474.5 1796.0 1474.5 1787.0 1477.5 1783.0 1477.5 1778.0 1479.5
 10ML_centrifuge_tube 1599.0 1279.5 1576.0 1279.5 1575.0 1278.5 1569.0 1278.5 1564.0 1277.5 1560.0 1275.5 1554.0 1274.5 1546.0 1270.5 1540.0 1266.5 1527.5 1254.0 1527.5 1253.0 1521.5 1247.0 1521.5 1246.0 1516.5 1241.0 1508.5 1228.0 1505.5 1225.0 1501.5 1218.0 1497.5 1213.0 1494.5 1208.0 1491.5 1195.0 1490.5 1194.0 1490.5 1185.0 1491.5 1184.0 1491.5 1176.0 1493.5 1171.0 1494.5 1163.0 1497.5 1156.0 1502.5 1147.0 1504.5 1145.0 1507.5 1139.0 1513.5 1133.0 1513.5 1132.0 1519.0 1126.5 1520.0 1126.5 1528.0 1118.5 1534.0 1114.5 1540.0 1111.5 1548.0 1108.5 1556.0 1104.5 1567.0 1101.5 1575.0 1101.5 1576.0 1100.5 1598.0 1100.5 1612.0 1103.5 1618.0 1106.5 1620.0 1106.5 1629.0 1111.5 1638.5 1121.0 1638.5 1122.0 1643.5 1127.0 1643.5 1128.0 1649.5 1135.0 1650.5 1138.0 1657.5 1149.0 1660.5 1152.0 1662.5 1156.0 1665.5 1159.0 1667.5 1164.0 1670.5 1169.0 1670.5 1171.0 1674.5 1179.0 1674.5 1184.0 1676.5 1190.0 1676.5 1196.0 1675.5 1197.0 1675.5 1208.0 1674.5 1213.0 1672.5 1218.0 1671.5 1225.0 1669.5 1231.0 1664.5 1240.0 1663.5 1243.0 1655.0 1251.5 1649.0 1255.5 1638.0 1264.5 1622.0 1272.5 1617.0 1274.5 1612.0 1275.5 1608.0 1277.5 1599.0 1279.5
 5ML_centrifuge_tube 1824.0 1292.5 1819.0 1292.5 1818.0 1291.5 1811.0 1290.5 1807.0 1288.5 1804.0 1288.5 1800.0 1286.5 1797.0 1286.5 1792.0 1284.5 1783.0 1283.5 1782.0 1282.5 1774.0 1281.5 1764.0 1276.5 1759.5 1272.0 1756.5 1266.0 1748.5 1255.0 1742.5 1245.0 1738.5 1236.0 1735.5 1231.0 1734.5 1226.0 1732.5 1221.0 1732.5 1214.0 1731.5 1213.0 1731.5 1202.0 1732.5 1197.0 1736.5 1185.0 1737.5 1180.0 1739.5 1175.0 1742.5 1170.0 1749.5 1162.0 1749.5 1161.0 1756.0 1154.5 1757.0 1154.5 1762.0 1149.5 1766.0 1147.5 1771.0 1143.5 1777.0 1140.5 1783.0 1138.5 1788.0 1135.5 1797.0 1133.5 1798.0 1132.5 1803.0 1132.5 1804.0 1131.5 1815.0 1131.5 1816.0 1130.5 1823.0 1130.5 1839.0 1134.5 1844.0 1137.5 1852.0 1140.5 1858.0 1144.5 1866.5 1153.0 1874.5 1164.0 1882.5 1181.0 1882.5 1183.0 1886.5 1191.0 1886.5 1193.0 1891.5 1208.0 1891.5 1215.0 1892.5 1216.0 1892.5 1226.0 1891.5 1227.0 1891.5 1232.0 1888.5 1243.0 1880.5 1257.0 1876.5 1261.0 1874.5 1265.0 1864.0 1275.5 1860.0 1277.5 1857.0 1280.5 1849.0 1284.5 1843.0 1286.5 1840.0 1286.5 1833.0 1289.5 1830.0 1289.5 1824.0 1292.5
 5ML_centrifuge_tube 1560.0 1474.5 1539.0 1474.5 1531.0 1471.5 1524.0 1469.5 1513.0 1463.5 1509.0 1460.5 1498.0 1449.5 1497.0 1449.5 1487.5 1440.0 1487.5 1439.0 1480.5 1432.0 1480.5 1431.0 1474.5 1423.0 1470.5 1415.0 1468.5 1409.0 1466.5 1400.0 1466.5 1389.0 1467.5 1388.0 1467.5 1381.0 1468.5 1380.0 1468.5 1375.0 1473.5 1362.0 1474.5 1358.0 1479.5 1351.0 1482.5 1345.0 1486.5 1340.0 1503.0 1323.5 1504.0 1323.5 1512.0 1317.5 1515.0 1316.5 1522.0 1311.5 1533.0 1307.5 1536.0 1307.5 1541.0 1305.5 1546.0 1304.5 1551.0 1304.5 1552.0 1303.5 1568.0 1303.5 1569.0 1304.5 1576.0 1305.5 1586.0 1309.5 1595.0 1315.5 1599.0 1317.5 1609.5 1328.0 1613.5 1334.0 1618.5 1339.0 1621.5 1344.0 1628.5 1352.0 1634.5 1362.0 1636.5 1367.0 1637.5 1373.0 1638.5 1374.0 1638.5 1381.0 1639.5 1382.0 1639.5 1398.0 1638.5 1399.0 1638.5 1404.0 1636.5 1408.0 1635.5 1414.0 1627.5 1428.0 1624.5 1434.0 1615.5 1443.0 1615.5 1444.0 1607.0 1452.5 1606.0 1452.5 1600.0 1458.5 1589.0 1465.5 1587.0 1465.5 1582.0 1468.5 1577.0 1469.5 1570.0 1472.5 1566.0 1473.5 1561.0 1473.5 1560.0 1474.5
 5ML_centrifuge_tube 2020.0 1715.5 2013.0 1715.5 2012.0 1714.5 2003.0 1714.5 1998.0 1713.5 1984.0 1709.5 1981.0 1707.5 1975.0 1705.5 1965.0 1698.5 1959.0 1692.5 1958.0 1692.5 1954.5 1688.0 1948.5 1682.0 1944.5 1677.0 1942.5 1673.0 1937.5 1667.0 1936.5 1664.0 1932.5 1659.0 1930.5 1653.0 1924.5 1642.0 1923.5 1636.0 1921.5 1632.0 1920.5 1625.0 1919.5 1624.0 1919.5 1617.0 1918.5 1616.0 1918.5 1604.0 1919.5 1603.0 1919.5 1595.0 1921.5 1590.0 1921.5 1586.0 1925.5 1573.0 1929.5 1565.0 1933.5 1560.0 1934.5 1557.0 1938.5 1551.0 1943.5 1546.0 1943.5 1545.0 1951.0 1537.5 1955.0 1534.5 1961.0 1531.5 1967.0 1527.5 1973.0 1524.5 1981.0 1522.5 1988.0 1519.5 1993.0 1519.5 1994.0 1518.5 1999.0 1518.5 2000.0 1517.5 2013.0 1517.5 2014.0 1518.5 2022.0 1518.5 2023.0 1519.5 2028.0 1519.5 2039.0 1523.5 2044.0 1526.5 2048.0 1527.5 2053.0 1531.5 2056.0 1532.5 2062.0 1537.5 2063.0 1537.5 2068.5 1543.0 2068.5 1544.0 2078.5 1554.0 2086.5 1566.0 2089.5 1573.0 2094.5 1582.0 2094.5 1584.0 2097.5 1589.0 2101.5 1607.0 2102.5 1608.0 2102.5 1640.0 2101.5 1645.0 2099.5 1649.0 2099.5 1652.0 2097.5 1658.0 2095.5 1661.0 2094.5 1666.0 2089.5 1675.0 2083.5 1681.0 2083.5 1682.0 2065.0 1700.5 2060.0 1703.5 2051.0 1706.5 2048.0 1708.5 2042.0 1709.5 2032.0 1713.5 2027.0 1714.5 2021.0 1714.5 2020.0 1715.5
 5ML_sorting_tube_rack 2424.0 1968.5 2410.0 1968.5 2409.0 1967.5 2389.0 1967.5 2375.0 1963.5 2372.0 1961.5 2366.0 1960.5 2365.0 1959.5 2360.0 1959.5 2359.0 1958.5 2354.0 1958.5 2353.0 1957.5 2344.0 1956.5 2335.0 1953.5 2330.0 1952.5 2325.0 1952.5 2324.0 1951.5 2319.0 1951.5 2318.0 1950.5 2310.0 1950.5 2309.0 1949.5 2299.0 1949.5 2298.0 1948.5 2287.0 1948.5 2286.0 1947.5 2273.0 1947.5 2272.0 1946.5 2264.0 1946.5 2263.0 1945.5 2253.0 1945.5 2252.0 1944.5 2239.0 1944.5 2238.0 1943.5 2229.0 1943.5 2228.0 1942.5 2219.0 1942.5 2218.0 1941.5 2208.0 1941.5 2207.0 1940.5 2196.0 1940.5 2195.0 1939.5 2186.0 1939.5 2185.0 1938.5 2176.0 1938.5 2175.0 1937.5 2167.0 1937.5 2166.0 1936.5 2154.0 1936.5 2153.0 1935.5 2145.0 1935.5 2144.0 1934.5 2136.0 1934.5 2135.0 1933.5 2120.0 1933.5 2119.0 1932.5 2113.0 1932.5 2112.0 1931.5 2083.0 1931.5 2082.0 1930.5 2062.0 1930.5 2061.0 1929.5 2054.0 1929.5 2053.0 1928.5 2047.0 1928.5 2046.0 1927.5 2039.0 1926.5 2033.0 1924.5 2024.0 1924.5 2023.0 1923.5 2013.0 1923.5 2012.0 1922.5 2000.0 1922.5 1999.0 1921.5 1991.0 1921.5 1990.0 1920.5 1985.0 1920.5 1979.0 1918.5 1974.0 1918.5 1973.0 1917.5 1964.0 1917.5 1963.0 1916.5 1955.0 1916.5 1954.0 1915.5 1947.0 1915.5 1946.0 1914.5 1937.0 1914.5 1936.0 1913.5 1926.0 1913.5 1925.0 1912.5 1920.0 1912.5 1919.0 1911.5 1913.0 1911.5 1912.0 1910.5 1902.0 1910.5 1901.0 1909.5 1892.0 1909.5 1891.0 1908.5 1882.0 1908.5 1881.0 1907.5 1872.0 1907.5 1871.0 1906.5 1863.0 1906.5 1862.0 1905.5 1855.0 1905.5 1854.0 1904.5 1847.0 1904.5 1846.0 1903.5 1838.0 1903.5 1837.0 1902.5 1824.0 1902.5 1823.0 1901.5 1815.0 1901.5 1814.0 1900.5 1806.0 1900.5 1805.0 1899.5 1797.0 1899.5 1796.0 1898.5 1790.0 1898.5 1789.0 1897.5 1782.0 1897.5 1781.0 1896.5 1771.0 1896.5 1770.0 1895.5 1759.0 1895.5 1758.0 1894.5 1751.0 1894.5 1750.0 1893.5 1737.0 1893.5 1736.0 1892.5 1727.0 1892.5 1726.0 1891.5 1719.0 1891.5 1718.0 1890.5 1703.0 1890.5 1702.0 1889.5 1691.0 1889.5 1690.0 1888.5 1675.0 1888.5 1674.0 1887.5 1665.0 1887.5 1664.0 1886.5 1654.0 1886.5 1653.0 1885.5 1641.0 1885.5 1640.0 1884.5 1632.0 1884.5 1631.0 1883.5 1626.0 1883.5 1620.0 1881.5 1615.0 1881.5 1611.0 1880.5 1604.0 1876.5 1602.0 1876.5 1582.0 1866.5 1580.0 1864.5 1574.0 1861.5 1572.0 1861.5 1564.0 1857.5 1562.0 1855.5 1550.0 1849.5 1547.0 1846.5 1541.0 1842.5 1535.0 1839.5 1525.0 1829.5 1518.0 1826.5 1506.0 1824.5 1502.0 1822.5 1495.0 1821.5 1494.0 1820.5 1487.0 1819.5 1483.0 1817.5 1477.0 1816.5 1472.0 1813.5 1460.0 1809.5 1452.0 1805.5 1450.0 1805.5 1444.0 1802.5 1442.0 1800.5 1436.0 1798.5 1428.0 1794.5 1426.0 1794.5 1422.0 1791.5 1419.0 1790.5 1412.0 1784.5 1407.0 1781.5 1405.0 1781.5 1397.0 1777.5 1388.0 1775.5 1381.0 1771.5 1369.0 1766.5 1364.0 1762.5 1360.0 1760.5 1352.5 1753.0 1350.5 1750.0 1347.5 1742.0 1346.5 1737.0 1346.5 1724.0 1347.5 1723.0 1347.5 1717.0 1348.5 1712.0 1350.5 1707.0 1351.5 1699.0 1353.5 1695.0 1354.5 1688.0 1356.5 1684.0 1357.5 1676.0 1358.5 1675.0 1361.5 1665.0 1362.5 1658.0 1364.5 1653.0 1364.5 1650.0 1367.5 1642.0 1367.5 1638.0 1369.5 1633.0 1370.5 1626.0 1373.5 1618.0 1373.5 1614.0 1376.5 1606.0 1379.5 1596.0 1379.5 1593.0 1382.5 1585.0 1382.5 1581.0 1384.5 1577.0 1385.5 1570.0 1387.5 1566.0 1387.5 1563.0 1389.5 1558.0 1390.5 1551.0 1393.5 1542.0 1393.5 1538.0 1395.5 1534.0 1396.5 1527.0 1398.5 1523.0 1399.5 1515.0 1401.5 1511.0 1402.5 1504.0 1404.5 1500.0 1406.5 1489.0 1413.5 1467.0 1413.5 1463.0 1418.5 1446.0 1419.5 1439.0 1422.5 1432.0 1422.5 1429.0 1424.5 1425.0 1425.5 1418.0 1426.5 1417.0 1428.5 1406.0 1430.5 1401.0 1430.5 1398.0 1433.5 1389.0 1433.5 1386.0 1436.5 1378.0 1438.5 1365.0 1440.5 1361.0 1441.5 1353.0 1443.5 1348.0 1446.5 1332.0 1448.5 1326.0 1451.5 1320.0 1451.5 1317.0 1453.5 1312.0 1453.5 1308.0 1456.5 1299.0 1457.5 1292.0 1459.5 1288.0 1459.5 1285.0 1461.5 1281.0 1463.5 1269.0 1465.5 1265.0 1466.5 1258.0 1469.5 1251.0 1470.5 1244.0 1472.5 1240.0 1473.5 1231.0 1478.5 1220.0 1478.5 1218.0 1482.5 1212.0 1490.0 1197.5 1493.5 1201.0 1496.5 1211.0 1498.5 1216.0 1504.5 1227.0 1504.5 1228.0 1514.5 1242.0 1521.5 1249.0 1521.5 1250.0 1527.5 1256.0 1527.5 1257.0 1537.0 1266.5 1541.0 1269.5 1544.0 1270.5 1549.0 1274.5 1561.0 1279.5 1567.5 1286.0 1569.0 1288.5 1582.0 1288.5 1587.0 1285.5 1594.0 1283.5 1598.0 1283.5 1608.0 1279.5 1620.0 1275.5 1631.0 1272.5 1637.0 1268.5 1649.0 1261.5 1659.0 1253.5 1665.0 1251.5 1668.5 1248.0 1670.5 1244.0 1670.5 1240.0 1672.5 1235.0 1672.5 1232.0 1674.5 1228.0 1674.5 1223.0 1675.5 1222.0 1675.5 1216.0 1676.5 1215.0 1676.5 1208.0 1677.5 1207.0 1677.5 1189.0 1676.5 1188.0 1676.5 1182.0 1675.5 1181.0 1675.5 1176.0 1674.5 1175.0 1673.5 1169.0 1668.5 1160.0 1665.5 1153.0 1663.5 1150.0 1657.5 1144.0 1657.5 1143.0 1652.5 1138.0 1650.5 1134.0 1647.5 1131.0 1644.5 1125.0 1640.5 1119.0 1640.5 1115.0 1646.0 1109.5 1653.0 1106.5 1788.0 1106.5 1789.0 1105.5 1808.0 1105.5 1809.0 1106.5 1823.0 1106.5 1824.0 1105.5 1905.0 1105.5 1906.0 1104.5 1959.0 1104.5 1960.0 1105.5 1965.0 1105.5 1968.0 1106.5 1975.0 1110.5 1978.5 1115.0 1978.5 1119.0 1974.5 1124.0 1969.5 1129.0 1965.5 1134.0 1962.5 1139.0 1958.5 1143.0 1953.5 1152.0 1950.5 1161.0 1949.5 1166.0 1949.5 1173.0 1948.5 1174.0 1948.5 1194.0 1949.5 1195.0 1949.5 1202.0 1950.5 1207.0 1954.5 1219.0 1956.5 1222.0 1958.5 1232.0 1961.5 1242.0 1966.5 1252.0 1974.5 1264.0 1986.0 1275.5 1994.0 1279.5 2008.0 1287.5 2020.0 1291.5 2025.0 1292.5 2031.0 1292.5 2032.0 1293.5 2041.0 1293.5 2042.0 1294.5 2053.0 1294.5 2054.0 1293.5 2061.0 1293.5 2065.0 1292.5 2072.0 1289.5 2075.0 1289.5 2085.0 1283.5 2090.0 1279.5 2093.0 1278.5 2105.0 1270.5 2114.5 1261.0 2118.5 1256.0 2127.5 1238.0 2128.5 1232.0 2131.5 1224.0 2131.5 1217.0 2132.5 1216.0 2132.5 1200.0 2131.5 1199.0 2131.5 1193.0 2130.5 1192.0 2128.5 1178.0 2126.5 1173.0 2126.5 1169.0 2124.5 1164.0 2124.5 1161.0 2122.5 1157.0 2121.5 1150.0 2110.5 1132.0 2109.5 1129.0 2106.5 1125.0 2100.5 1119.0 2099.5 1115.0 2101.5 1111.0 2105.0 1107.5 2112.0 1104.5 2117.0 1103.5 2249.0 1103.5 2250.0 1104.5 2275.0 1104.5 2276.0 1103.5 2402.0 1103.5 2403.0 1104.5 2413.0 1104.5 2414.0 1105.5 2421.0 1105.5 2425.0 1106.5 2428.0 1108.5 2438.0 1112.5 2444.5 1119.0 2446.5 1124.0 2449.5 1129.0 2451.5 1137.0 2451.5 1143.0 2452.5 1144.0 2452.5 1152.0 2453.5 1153.0 2453.5 1162.0 2454.5 1163.0 2454.5 1181.0 2455.5 1182.0 2455.5 1215.0 2456.5 1216.0 2456.5 1237.0 2457.5 1238.0 2457.5 1267.0 2458.5 1268.0 2458.5 1285.0 2459.5 1286.0 2459.5 1300.0 2460.5 1301.0 2460.5 1312.0 2461.5 1313.0 2461.5 1338.0 2462.5 1339.0 2462.5 1365.0 2463.5 1366.0 2463.5 1392.0 2464.5 1393.0 2464.5 1416.0 2465.5 1417.0 2465.5 1430.0 2466.5 1431.0 2466.5 1441.0 2467.5 1442.0 2467.5 1475.0 2468.5 1476.0 2468.5 1504.0 2469.5 1505.0 2469.5 1521.0 2470.5 1522.0 2470.5 1542.0 2471.5 1543.0 2471.5 1550.0 2472.5 1551.0 2472.5 1561.0 2473.5 1562.0 2473.5 1574.0 2474.5 1575.0 2474.5 1593.0 2473.5 1594.0 2473.5 1603.0 2474.5 1604.0 2474.5 1617.0 2475.5 1618.0 2475.5 1626.0 2476.5 1627.0 2476.5 1641.0 2477.5 1642.0 2477.5 1664.0 2478.5 1665.0 2478.5 1682.0 2479.5 1683.0 2479.5 1698.0 2480.5 1699.0 2480.5 1730.0 2481.5 1731.0 2481.5 1760.0 2482.5 1761.0 2482.5 1787.0 2483.5 1788.0 2483.5 1813.0 2482.5 1814.0 2482.5 1823.0 2480.5 1827.0 2478.5 1836.0 2475.5 1846.0 2473.5 1850.0 2473.5 1855.0 2472.5 1856.0 2472.5 1861.0 2469.5 1869.0 2469.5 1872.0 2467.5 1876.0 2467.5 1879.0 2464.5 1886.0 2463.5 1891.0 2461.5 1894.0 2459.5 1900.0 2459.5 1909.0 2458.5 1914.0 2455.5 1923.0 2455.5 1926.0 2451.5 1936.0 2450.5 1943.0 2446.5 1952.0 2439.0 1962.5 2433.0 1965.5 2424.0 1968.5
 5ML_sorting_tube_rack 1750.5 1693.0 1761.0 1691.5 1766.0 1689.5 1770.0 1689.5 1775.0 1687.5 1783.0 1686.5 1787.0 1684.5 1790.0 1684.5 1796.0 1681.5 1798.0 1681.5 1802.0 1678.5 1805.0 1677.5 1811.0 1672.5 1812.0 1672.5 1824.5 1660.0 1830.5 1649.0 1834.5 1637.0 1839.5 1628.0 1839.5 1625.0 1841.5 1620.0 1841.5 1616.0 1843.5 1611.0 1843.5 1606.0 1844.5 1605.0 1844.5 1600.0 1845.5 1599.0 1845.5 1592.0 1844.5 1591.0 1844.5 1578.0 1843.5 1577.0 1843.5 1569.0 1841.5 1562.0 1839.5 1559.0 1838.5 1554.0 1836.5 1550.0 1835.5 1545.0 1833.5 1542.0 1832.5 1538.0 1829.5 1534.0 1824.5 1529.0 1824.5 1528.0 1817.5 1521.0 1817.5 1520.0 1812.5 1515.0 1812.5 1514.0 1806.5 1508.0 1802.5 1502.0 1795.5 1495.0 1794.5 1493.0 1794.5 1487.0 1796.5 1483.0 1802.0 1477.5 1808.0 1474.5 1810.0 1474.5 1825.0 1467.5 1830.0 1464.5 1833.0 1461.5 1838.0 1458.5 1844.5 1452.0 1847.5 1447.0 1851.5 1443.0 1854.5 1438.0 1860.5 1424.0 1862.5 1421.0 1865.5 1410.0 1868.5 1404.0 1868.5 1399.0 1869.5 1398.0 1869.5 1381.0 1868.5 1380.0 1868.5 1374.0 1867.5 1373.0 1866.5 1367.0 1864.5 1364.0 1863.5 1359.0 1860.5 1353.0 1852.5 1340.0 1851.5 1335.0 1846.5 1326.0 1843.5 1322.0 1835.5 1314.0 1833.5 1310.0 1831.5 1299.0 1836.0 1294.5 1843.0 1292.5 1849.0 1288.5 1852.0 1287.5 1855.0 1284.5 1859.0 1282.5 1867.0 1276.5 1868.0 1276.5 1875.5 1269.0 1875.5 1268.0 1886.5 1253.0 1888.5 1247.0 1891.5 1242.0 1893.5 1235.0 1893.5 1226.0 1894.5 1225.0 1894.5 1213.0 1893.5 1212.0 1893.5 1205.0 1890.5 1197.0 1890.5 1194.0 1884.5 1184.0 1884.5 1182.0 1881.5 1177.0 1881.5 1175.0 1878.5 1170.0 1878.5 1168.0 1874.5 1161.0 1872.5 1159.0 1866.5 1149.0 1860.0 1143.5 1854.0 1139.5 1847.0 1136.5 1844.0 1136.5 1837.0 1133.5 1832.0 1132.5 1826.0 1132.5 1825.0 1131.5 1804.0 1131.5 1803.0 1132.5 1795.0 1132.5 1781.0 1137.5 1778.0 1139.5 1773.0 1140.5 1770.0 1142.5 1754.0 1146.5 1749.0 1148.5 1745.5 1157.0 1743.5 1165.0 1739.5 1171.0 1736.5 1177.0 1736.5 1179.0 1730.5 1196.0 1730.5 1199.0 1728.5 1204.0 1728.5 1211.0 1729.5 1212.0 1730.5 1221.0 1733.5 1229.0 1734.5 1234.0 1736.5 1239.0 1742.5 1250.0 1744.5 1259.0 1748.5 1267.0 1748.5 1280.0 1741.0 1285.5 1728.0 1290.5 1721.0 1294.5 1719.0 1296.5 1714.0 1298.5 1711.0 1301.5 1706.0 1304.5 1684.5 1326.0 1680.5 1335.0 1680.5 1338.0 1677.5 1345.0 1677.5 1348.0 1674.5 1355.0 1673.5 1359.0 1673.5 1365.0 1672.5 1366.0 1672.5 1390.0 1674.5 1394.0 1674.5 1398.0 1677.5 1405.0 1679.5 1412.0 1682.5 1417.0 1682.5 1419.0 1685.5 1425.0 1692.5 1435.0 1695.5 1440.0 1702.5 1448.0 1704.5 1452.0 1712.5 1460.0 1714.5 1464.0 1712.5 1469.0 1707.0 1475.5 1699.0 1479.5 1688.0 1487.5 1680.0 1491.5 1677.0 1494.5 1672.0 1497.5 1668.5 1502.0 1659.5 1511.0 1659.5 1512.0 1652.5 1521.0 1651.5 1524.0 1647.5 1529.0 1646.5 1532.0 1641.5 1540.0 1641.5 1542.0 1638.5 1548.0 1638.5 1551.0 1636.5 1556.0 1635.5 1561.0 1635.5 1566.0 1634.5 1567.0 1634.5 1596.0 1638.5 1612.0 1643.5 1621.0 1643.5 1623.0 1647.5 1630.0 1657.5 1643.0 1681.5 1667.0 1681.5 1668.0 1688.0 1674.5 1696.0 1678.5 1698.0 1680.5 1709.0 1685.5 1716.0 1689.5 1724.0 1690.5 1729.0 1692.5 1735.0 1692.5 1736.0 1693.5 1750.0 1693.5 1750.5 1693.0
 5ML_sorting_tube_rack 2291.5 1304.0 2299.0 1303.5 2300.0 1302.5 2315.0 1302.5 2323.0 1299.5 2327.5 1295.0 2322.0 1290.5 2315.0 1287.5 2309.0 1286.5 2304.0 1283.5 2300.0 1282.5 2286.0 1282.5 2281.0 1284.5 2275.0 1285.5 2270.0 1288.5 2268.0 1288.5 2259.0 1292.5 2256.5 1295.0 2262.0 1297.5 2265.0 1297.5 2270.0 1299.5 2274.0 1299.5 2281.0 1301.5 2284.0 1303.5 2288.0 1304.5 2291.5 1304.0
 5ML_sorting_tube_rack 1560.5 1476.0 1566.0 1475.5 1575.0 1472.5 1582.0 1471.5 1591.0 1467.5 1593.0 1465.5 1600.0 1462.5 1606.0 1458.5 1611.5 1453.0 1615.5 1447.0 1622.5 1440.0 1622.5 1439.0 1629.5 1431.0 1633.5 1425.0 1637.5 1417.0 1640.5 1403.0 1640.5 1398.0 1642.5 1392.0 1642.5 1384.0 1641.5 1383.0 1639.5 1372.0 1637.5 1368.0 1635.5 1359.0 1631.5 1352.0 1618.5 1335.0 1615.5 1329.0 1607.0 1320.5 1591.0 1310.5 1583.0 1302.5 1579.0 1300.5 1574.0 1300.5 1573.0 1299.5 1563.0 1299.5 1562.0 1300.5 1554.0 1300.5 1544.0 1304.5 1537.0 1305.5 1533.0 1307.5 1530.0 1307.5 1525.0 1309.5 1515.0 1314.5 1513.0 1316.5 1506.0 1319.5 1500.0 1324.5 1499.0 1324.5 1494.5 1329.0 1492.5 1333.0 1488.5 1338.0 1483.5 1343.0 1480.5 1349.0 1476.5 1355.0 1476.5 1357.0 1473.5 1364.0 1471.5 1367.0 1469.5 1376.0 1467.5 1382.0 1467.5 1399.0 1468.5 1400.0 1468.5 1409.0 1469.5 1410.0 1469.5 1415.0 1472.5 1422.0 1474.5 1424.0 1478.5 1432.0 1488.5 1442.0 1488.5 1443.0 1509.0 1463.5 1523.0 1471.5 1528.0 1472.5 1535.0 1475.5 1540.0 1475.5 1541.0 1476.5 1560.0 1476.5 1560.5 1476.0
 5ML_sorting_tube_rack 2022.5 1716.0 2028.0 1715.5 2029.0 1714.5 2034.0 1714.5 2039.0 1712.5 2049.0 1710.5 2057.0 1705.5 2060.0 1704.5 2071.0 1697.5 2083.5 1685.0 2083.5 1684.0 2088.5 1679.0 2092.5 1674.0 2094.5 1670.0 2095.5 1665.0 2100.5 1654.0 2100.5 1650.0 2102.5 1645.0 2102.5 1640.0 2103.5 1639.0 2103.5 1629.0 2104.5 1628.0 2104.5 1613.0 2103.5 1612.0 2103.5 1606.0 2102.5 1605.0 2102.5 1599.0 2096.5 1586.0 2094.5 1579.0 2091.5 1574.0 2090.5 1569.0 2085.5 1562.0 2081.5 1558.0 2077.5 1551.0 2061.0 1534.5 2055.0 1531.5 2050.0 1527.5 2044.0 1524.5 2042.0 1524.5 2031.0 1518.5 2022.0 1516.5 1998.0 1516.5 1997.0 1517.5 1989.0 1517.5 1985.0 1518.5 1975.0 1523.5 1972.0 1525.5 1961.0 1530.5 1953.0 1536.5 1950.0 1537.5 1946.0 1540.5 1938.5 1549.0 1934.5 1555.0 1929.5 1560.0 1924.5 1569.0 1924.5 1573.0 1922.5 1583.0 1921.5 1584.0 1920.5 1591.0 1918.5 1596.0 1918.5 1626.0 1919.5 1630.0 1922.5 1637.0 1926.5 1651.0 1928.5 1654.0 1929.5 1658.0 1936.5 1667.0 1938.5 1671.0 1941.5 1674.0 1943.5 1678.0 1946.5 1681.0 1948.5 1685.0 1961.0 1697.5 1966.0 1700.5 1971.0 1704.5 1974.0 1705.5 1983.0 1710.5 1989.0 1712.5 1993.0 1712.5 1998.0 1714.5 2003.0 1715.5 2010.0 1715.5 2011.0 1716.5 2022.0 1716.5 2022.5 1716.0
 5ML_sorting_tube_rack 1555.5 1663.0 1566.0 1661.5 1568.0 1660.5 1573.5 1655.0 1574.5 1652.0 1584.5 1642.0 1585.5 1639.0 1594.5 1625.0 1594.5 1621.0 1598.5 1613.0 1596.0 1610.5 1589.0 1613.5 1584.0 1613.5 1578.0 1617.5 1572.0 1623.5 1571.0 1623.5 1566.5 1628.0 1562.5 1637.0 1560.5 1640.0 1559.5 1645.0 1557.5 1649.0 1552.5 1655.0 1552.5 1661.0 1554.0 1663.5 1555.5 1663.0
 10ML_centrifuge_tube 3242.0 1035.5 3209.0 1035.5 3208.0 1034.5 3200.0 1034.5 3199.0 1033.5 3194.0 1033.5 3189.0 1032.5 3179.0 1028.5 3174.0 1027.5 3169.0 1025.5 3164.0 1022.5 3151.0 1016.5 3146.0 1012.5 3138.0 1008.5 3134.0 1005.5 3128.5 1000.0 3128.5 999.0 3122.5 993.0 3122.5 992.0 3116.5 986.0 3113.5 982.0 3111.5 977.0 3109.5 975.0 3105.5 966.0 3104.5 961.0 3104.5 956.0 3103.5 955.0 3103.5 949.0 3104.5 948.0 3104.5 941.0 3109.5 929.0 3111.5 927.0 3113.5 922.0 3118.5 916.0 3120.5 912.0 3123.5 909.0 3127.5 901.0 3133.5 893.0 3138.5 881.0 3142.5 875.0 3155.0 862.5 3160.0 860.5 3165.0 857.5 3175.0 849.5 3184.0 847.5 3185.0 846.5 3194.0 844.5 3198.0 842.5 3206.0 841.5 3207.0 840.5 3214.0 840.5 3215.0 839.5 3221.0 839.5 3226.0 838.5 3231.0 836.5 3252.0 836.5 3253.0 837.5 3260.0 837.5 3265.0 838.5 3271.0 841.5 3273.0 841.5 3277.0 844.5 3284.0 847.5 3287.0 849.5 3292.0 850.5 3304.0 855.5 3310.0 858.5 3316.0 864.5 3317.0 864.5 3326.0 871.5 3327.0 871.5 3335.5 880.0 3339.5 885.0 3342.5 891.0 3345.5 895.0 3347.5 900.0 3348.5 905.0 3350.5 910.0 3350.5 915.0 3351.5 916.0 3351.5 928.0 3350.5 929.0 3350.5 935.0 3349.5 936.0 3348.5 942.0 3346.5 947.0 3339.5 959.0 3336.5 963.0 3327.5 972.0 3324.5 976.0 3320.5 983.0 3313.5 991.0 3307.5 1000.0 3303.5 1005.0 3297.0 1011.5 3289.0 1016.5 3284.0 1020.5 3275.0 1025.5 3265.0 1029.5 3249.0 1034.5 3243.0 1034.5 3242.0 1035.5
 10ML_centrifuge_tube 3839.0 582.5 3833.0 582.5 3826.0 588.5 3818.0 593.5 3806.0 597.5 3803.0 599.5 3798.0 600.5 3784.0 605.5 3779.0 605.5 3773.0 607.5 3756.0 607.5 3755.0 606.5 3747.0 606.5 3746.0 605.5 3739.0 605.5 3738.0 604.5 3730.0 604.5 3716.0 600.5 3713.0 598.5 3701.0 596.5 3695.0 593.5 3693.0 591.5 3686.0 588.5 3681.0 584.5 3673.0 581.5 3669.0 578.5 3662.0 574.5 3660.0 574.5 3654.0 571.5 3646.5 562.0 3640.5 549.0 3640.5 543.0 3639.5 542.0 3639.5 531.0 3642.5 525.0 3642.5 523.0 3646.5 514.0 3646.5 512.0 3650.5 504.0 3660.5 489.0 3667.5 480.0 3671.5 472.0 3678.5 464.0 3680.5 460.0 3684.5 455.0 3696.0 443.5 3702.0 439.5 3707.0 437.5 3709.0 435.5 3719.0 431.5 3724.0 428.5 3730.0 426.5 3734.0 426.5 3739.0 424.5 3744.0 424.5 3745.0 423.5 3754.0 422.5 3755.0 421.5 3773.0 421.5 3774.0 420.5 3786.0 420.5 3787.0 421.5 3793.0 421.5 3794.0 422.5 3799.0 422.5 3800.0 423.5 3805.0 423.5 3806.0 424.5 3811.0 424.5 3816.0 426.5 3820.0 426.5 3826.0 428.5 3832.0 431.5 3839.0 431.5
 10ML_centrifuge_tube 3839.0 1064.5 3834.0 1064.5 3832.0 1065.5 3827.5 1070.0 3826.5 1073.0 3817.0 1082.5 3811.0 1086.5 3804.0 1093.5 3799.0 1096.5 3793.5 1104.0 3789.0 1108.5 3785.0 1110.5 3780.0 1114.5 3773.0 1121.5 3770.0 1122.5 3766.0 1125.5 3762.5 1130.0 3752.0 1140.5 3751.0 1140.5 3745.0 1146.5 3737.0 1151.5 3725.0 1163.5 3721.0 1166.5 3714.0 1170.5 3704.0 1175.5 3701.0 1178.5 3695.0 1181.5 3693.0 1181.5 3685.0 1185.5 3673.0 1190.5 3671.0 1192.5 3664.0 1195.5 3659.0 1196.5 3655.0 1198.5 3650.0 1202.5 3648.0 1202.5 3644.0 1205.5 3632.0 1210.5 3627.0 1213.5 3617.0 1217.5 3615.0 1217.5 3608.0 1220.5 3586.0 1220.5 3581.0 1219.5 3572.0 1216.5 3569.0 1214.5 3564.0 1213.5 3559.0 1210.5 3554.0 1208.5 3549.5 1205.0 3547.5 1200.0 3544.5 1195.0 3543.5 1189.0 3551.5 1173.0 3553.5 1168.0 3557.5 1161.0 3558.5 1156.0 3561.5 1150.0 3566.5 1144.0 3570.5 1138.0 3570.5 1136.0 3574.5 1129.0 3580.0 1123.5 3581.0 1123.5 3585.5 1119.0 3587.5 1115.0 3596.0 1106.5 3597.0 1106.5 3606.0 1098.5 3611.0 1096.5 3618.0 1092.5 3627.5 1083.0 3631.5 1076.0 3639.0 1068.5 3644.0 1065.5 3648.5 1061.0 3648.5 1060.0 3662.5 1046.0 3662.5 1045.0 3667.0 1040.5 3674.0 1037.5 3680.0 1032.5 3684.0 1030.5 3693.0 1029.5 3699.0 1027.5 3703.0 1024.5 3708.0 1022.5 3717.0 1020.5 3723.0 1020.5 3729.0 1018.5 3734.0 1015.5 3740.0 1013.5 3745.0 1013.5 3746.0 1012.5 3751.0 1012.5 3752.0 1011.5 3757.0 1011.5 3758.0 1010.5 3763.0 1010.5 3764.0 1009.5 3773.0 1009.5 3774.0 1008.5 3783.0 1008.5 3784.0 1007.5 3813.0 1007.5 3814.0 1008.5 3819.0 1008.5 3830.0 1013.5 3834.0 1014.5 3839.0 1014.5
dispensing_tube_rack 3839.0 2150.5 3830.0 2150.5 3829.0 2151.5 3824.0 2151.5 3823.0 2152.5 3812.0 2152.5 3806.0 2150.5 3792.0 2150.5 3791.0 2151.5 3780.0 2151.5 3779.0 2150.5 3766.0 2150.5 3765.0 2151.5 3750.0 2151.5 3749.0 2150.5 3734.0 2150.5 3733.0 2151.5 3717.0 2151.5 3716.0 2150.5 3709.0 2150.5 3708.0 2151.5 3633.0 2151.5 3632.0 2150.5 3617.0 2150.5 3616.0 2151.5 3593.0 2151.5 3589.0 2150.5 3584.0 2146.5 3579.0 2144.5 3572.5 2139.0 3566.5 2125.0 3562.5 2117.0 3557.5 2111.0 3554.5 2104.0 3552.5 2101.0 3549.5 2094.0 3544.5 2087.0 3539.5 2076.0 3535.5 2065.0 3531.5 2057.0 3524.5 2045.0 3523.5 2040.0 3518.5 2028.0 3512.5 2018.0 3507.5 2006.0 3504.5 2000.0 3504.5 1997.0 3502.5 1991.0 3500.5 1988.0 3497.5 1981.0 3495.5 1979.0 3494.5 1975.0 3490.5 1967.0 3484.5 1959.0 3481.5 1954.0 3474.5 1939.0 3474.5 1936.0 3470.5 1929.0 3468.5 1924.0 3466.5 1922.0 3462.5 1914.0 3458.5 1904.0 3453.5 1897.0 3449.5 1888.0 3446.5 1883.0 3444.5 1871.0 3441.5 1864.0 3435.5 1855.0 3430.5 1843.0 3426.5 1837.0 3423.5 1834.0 3417.5 1824.0 3416.5 1819.0 3414.5 1814.0 3414.5 1811.0 3411.5 1804.0 3408.5 1801.0 3405.5 1796.0 3403.5 1789.0 3391.5 1769.0 3387.5 1760.0 3387.5 1756.0 3384.5 1744.0 3379.5 1737.0 3376.5 1734.0 3372.5 1726.0 3371.5 1721.0 3369.5 1716.0 3365.0 1711.5 3358.0 1710.5 3357.0 1709.5 3344.0 1709.5 3343.0 1710.5 3335.0 1710.5 3334.0 1711.5 3327.0 1711.5 3326.0 1712.5 3317.0 1712.5 3316.0 1713.5 3307.0 1713.5 3301.0 1715.5 3296.0 1715.5 3295.0 1716.5 3289.0 1716.5 3288.0 1717.5 3280.0 1717.5 3279.0 1718.5 3273.0 1718.5 3272.0 1719.5 3265.0 1719.5 3264.0 1720.5 3256.0 1720.5 3255.0 1721.5 3243.0 1721.5 3242.0 1722.5 3235.0 1722.5 3234.0 1723.5 3227.0 1723.5 3226.0 1724.5 3215.0 1724.5 3214.0 1725.5 3207.0 1725.5 3206.0 1726.5 3199.0 1726.5 3198.0 1727.5 3187.0 1727.5 3186.0 1728.5 3177.0 1728.5 3176.0 1729.5 3171.0 1729.5 3170.0 1730.5 3155.0 1730.5 3154.0 1731.5 3146.0 1731.5 3145.0 1732.5 3120.0 1732.5 3114.0 1730.5 3108.0 1730.5 3100.0 1732.5 3099.0 1733.5 3094.0 1733.5 3093.0 1734.5 3084.0 1734.5 3083.0 1735.5 3068.0 1735.5 3067.0 1736.5 3059.0 1739.5 3056.0 1741.5 3049.5 1748.0 3047.5 1752.0 3042.0 1757.5 3038.0 1759.5 3034.5 1763.0 3033.5 1767.0 3030.5 1774.0 3030.5 1781.0 3031.5 1782.0 3031.5 1788.0 3032.5 1789.0 3033.5 1795.0 3040.5 1808.0 3042.5 1819.0 3044.5 1824.0 3047.5 1828.0 3049.5 1833.0 3049.5 1836.0 3052.5 1842.0 3056.5 1856.0 3060.5 1864.0 3064.5 1881.0 3067.5 1890.0 3070.5 1893.0 3074.5 1902.0 3075.5 1909.0 3078.5 1916.0 3083.5 1923.0 3083.5 1925.0 3089.5 1936.0 3091.5 1942.0 3093.5 1951.0 3095.5 1954.0 3097.5 1960.0 3097.5 1966.0 3098.5 1971.0 3103.5 1977.0 3107.5 1984.0 3107.5 1986.0 3110.5 1991.0 3112.5 1998.0 3115.5 2003.0 3115.5 2005.0 3118.5 2012.0 3120.5 2015.0 3121.5 2019.0 3121.5 2026.0 3122.5 2027.0 3122.5 2032.0 3124.5 2037.0 3129.0 2042.5 3130.0 2042.5 3134.5 2047.0 3136.5 2051.0 3137.5 2059.0 3138.5 2060.0 3140.5 2069.0 3146.5 2084.0 3148.5 2087.0 3149.5 2092.0 3151.5 2095.0 3152.5 2100.0 3154.5 2103.0 3156.5 2115.0 3161.5 2130.0 3163.5 2134.0 3163.5 2143.0 3162.5 2144.0 3162.5 2149.0 3158.0 2152.5 3150.0 2152.5 3149.0 2153.5 3133.0 2153.5 3132.0 2152.5 3118.0 2152.5 3117.0 2153.5 3109.0 2153.5 3108.0 2152.5 3085.0 2152.5 3084.0 2151.5 3075.0 2151.5 3074.0 2150.5 3068.0 2150.5 3055.0 2142.5 3052.5 2140.0 3049.5 2135.0 3049.5 2132.0 3045.5 2122.0 3043.5 2113.0 3040.5 2107.0 3034.5 2097.0 3032.5 2090.0 3032.5 2087.0 3030.5 2083.0 3030.5 2080.0 3028.5 2075.0 3027.5 2070.0 3021.5 2059.0 3020.5 2054.0 3018.5 2050.0 3018.5 2047.0 3014.5 2037.0 3014.5 2035.0 3011.5 2030.0 3011.5 2028.0 3008.5 2024.0 3005.5 2017.0 3004.5 2012.0 2999.5 1999.0 2998.5 1992.0 2993.5 1981.0 2992.5 1976.0 2990.5 1973.0 2989.5 1967.0 2986.5 1960.0 2986.5 1957.0 2984.5 1950.0 2978.5 1939.0 2976.5 1932.0 2974.5 1929.0 2973.5 1922.0 2972.5 1921.0 2967.5 1903.0 2967.5 1900.0 2959.5 1884.0 2958.5 1877.0 2956.5 1873.0 2954.5 1864.0 2951.5 1858.0 2948.5 1855.0 2944.5 1846.0 2944.5 1843.0 2942.5 1839.0 2939.5 1827.0 2937.5 1822.0 2933.5 1815.0 2931.5 1807.0 2929.5 1803.0 2926.5 1790.0 2925.5 1783.0 2921.5 1774.0 2919.5 1772.0 2916.5 1765.0 2914.5 1762.0 2913.5 1757.0 2913.5 1751.0 2912.5 1750.0 2911.5 1742.0 2908.5 1735.0 2903.5 1730.0 2900.5 1724.0 2898.5 1718.0 2897.5 1711.0 2893.5 1701.0 2892.5 1695.0 2886.5 1683.0 2884.5 1680.0 2883.5 1675.0 2880.5 1668.0 2878.5 1657.0 2876.5 1653.0 2876.5 1650.0 2874.5 1647.0 2871.5 1636.0 2867.5 1625.0 2866.5 1618.0 2864.5 1614.0 2862.5 1606.0 2857.5 1598.0 2857.5 1596.0 2854.5 1591.0 2853.5 1586.0 2851.5 1583.0 2848.5 1569.0 2846.5 1565.0 2845.5 1560.0 2843.5 1555.0 2839.5 1548.0 2838.5 1543.0 2836.5 1539.0 2835.5 1532.0 2831.5 1521.0 2828.5 1516.0 2826.5 1509.0 2824.5 1506.0 2822.5 1498.0 2818.5 1490.0 2818.5 1487.0 2816.5 1481.0 2814.5 1478.0 2813.5 1473.0 2809.5 1465.0 2807.5 1454.0 2805.5 1450.0 2805.5 1447.0 2802.5 1436.0 2797.5 1426.0 2794.5 1421.0 2791.5 1410.0 2786.5 1399.0 2785.5 1392.0 2783.5 1389.0 2782.5 1384.0 2778.5 1376.0 2776.5 1368.0 2772.5 1359.0 2771.5 1354.0 2768.5 1349.0 2768.5 1347.0 2764.5 1339.0 2764.5 1336.0 2762.5 1331.0 2761.5 1324.0 2759.5 1318.0 2756.5 1313.0 2756.5 1311.0 2753.5 1306.0 2751.5 1300.0 2749.5 1291.0 2746.5 1284.0 2744.5 1272.0 2741.5 1266.0 2741.5 1264.0 2738.5 1259.0 2736.5 1252.0 2732.5 1243.0 2729.5 1234.0 2728.5 1229.0 2721.5 1211.0 2719.5 1208.0 2719.5 1205.0 2715.5 1193.0 2713.5 1190.0 2712.5 1185.0 2707.5 1176.0 2707.5 1174.0 2704.5 1169.0 2704.5 1166.0 2702.5 1162.0 2700.5 1154.0 2699.5 1147.0 2696.5 1140.0 2696.5 1138.0 2693.5 1133.0 2693.5 1131.0 2690.5 1126.0 2690.5 1124.0 2687.5 1117.0 2683.5 1099.0 2682.5 1096.0 2678.5 1090.0 2676.5 1083.0 2674.5 1080.0 2674.5 1077.0 2671.5 1070.0 2670.5 1065.0 2668.5 1061.0 2667.5 1055.0 2663.5 1046.0 2660.5 1041.0 2658.5 1035.0 2654.5 1019.0 2651.5 1014.0 2651.5 1012.0 2648.5 1007.0 2646.5 1002.0 2643.5 992.0 2643.5 989.0 2641.5 984.0 2641.5 957.0 2642.5 952.0 2644.5 948.0 2649.0 944.5 2656.0 941.5 2658.0 939.5 2663.0 937.5 2668.0 937.5 2679.0 934.5 2687.0 934.5 2688.0 933.5 2694.0 933.5 2705.0 930.5 2711.0 930.5 2712.0 929.5 2718.0 929.5 2719.0 928.5 2724.0 928.5 2725.0 927.5 2730.0 927.5 2731.0 926.5 2736.0 926.5 2737.0 925.5 2748.0 923.5 2749.0 922.5 2755.0 922.5 2760.0 924.5 2767.0 932.5 2769.0 933.5 2773.0 930.5 2779.0 927.5 2782.5 923.0 2787.5 913.0 2792.5 902.0 2794.5 896.0 2797.5 891.0 2797.5 889.0 2801.5 883.0 2805.5 872.0 2808.5 860.0 2808.5 857.0 2812.5 847.0 2812.5 844.0 2815.5 837.0 2816.5 830.0 2819.5 821.0 2820.5 813.0 2819.5 812.0 2819.5 800.0 2817.5 795.0 2816.5 787.0 2814.5 783.0 2811.5 774.0 2811.5 766.0 2812.5 765.0 2812.5 758.0 2813.5 755.0 2825.5 731.0 2832.0 724.5 2833.0 724.5 2844.0 717.5 2851.0 715.5 2861.0 710.5 2863.5 707.0 2865.5 701.0 2865.5 692.0 2866.5 691.0 2866.5 681.0 2869.5 674.0 2870.5 669.0 2874.0 664.5 2880.0 661.5 2886.0 657.5 2893.0 654.5 2896.0 654.5 2900.0 652.5 2903.0 652.5 2912.0 649.5 2917.0 649.5 2918.0 648.5 2929.0 648.5 2935.0 645.5 2941.0 643.5 2946.0 643.5 2947.0 642.5 2956.0 641.5 2957.0 640.5 2968.0 638.5 2975.0 635.5 2979.0 634.5 2986.0 634.5 2987.0 633.5 2992.0 633.5 2997.0 631.5 3000.0 631.5 3004.0 629.5 3013.0 628.5 3018.0 626.5 3023.0 625.5 3028.0 625.5 3034.0 623.5 3039.0 623.5 3040.0 622.5 3046.0 622.5 3051.0 621.5 3058.0 618.5 3061.0 618.5 3066.0 616.5 3070.0 616.5 3076.0 614.5 3080.0 614.5 3085.0 612.5 3089.0 612.5 3094.0 610.5 3099.0 610.5 3100.0 609.5 3105.0 609.5 3111.0 607.5 3116.0 607.5 3117.0 606.5 3122.0 606.5 3123.0 605.5 3128.0 605.5 3139.0 602.5 3144.0 602.5 3145.0 601.5 3150.0 601.5 3156.0 599.5 3162.0 599.5 3163.0 598.5 3168.0 598.5 3169.0 597.5 3175.0 597.5 3176.0 596.5 3182.0 596.5 3183.0 595.5 3188.0 595.5 3189.0 594.5 3204.0 591.5 3208.0 591.5 3213.0 589.5 3219.0 589.5 3220.0 588.5 3225.0 588.5 3231.0 586.5 3236.0 586.5 3237.0 585.5 3242.0 585.5 3243.0 584.5 3248.0 584.5 3249.0 583.5 3254.0 583.5 3255.0 582.5 3264.0 581.5 3271.0 578.5 3282.0 576.5 3286.0 574.5 3291.0 574.5 3292.0 573.5 3298.0 573.5 3299.0 572.5 3304.0 572.5 3305.0 571.5 3310.0 571.5 3311.0 570.5 3316.0 570.5 3317.0 569.5 3322.0 569.5 3323.0 568.5 3331.0 568.5 3332.0 567.5 3337.0 567.5 3338.0 566.5 3343.0 566.5 3354.0 563.5 3361.0 559.5 3367.0 557.5 3371.0 557.5 3380.0 554.5 3384.0 554.5 3389.0 552.5 3394.0 551.5 3399.0 551.5 3400.0 550.5 3405.0 550.5 3406.0 549.5 3411.0 549.5 3412.0 548.5 3418.0 548.5 3419.0 547.5 3426.0 547.5 3431.0 546.5 3436.0 544.5 3441.0 543.5 3446.0 543.5 3447.0 542.5 3452.0 542.5 3453.0 541.5 3459.0 541.5 3460.0 540.5 3466.0 540.5 3467.0 539.5 3473.0 539.5 3474.0 538.5 3479.0 538.5 3480.0 537.5 3485.0 537.5 3486.0 536.5 3491.0 536.5 3502.0 533.5 3506.0 533.5 3512.0 531.5 3516.0 531.5 3521.0 529.5 3526.0 529.5 3532.0 527.5 3540.0 527.5 3541.0 526.5 3548.0 526.5 3559.0 523.5 3568.0 522.5 3573.0 520.5 3576.0 520.5 3580.0 518.5 3591.0 516.5 3596.0 514.5 3601.0 514.5 3602.0 513.5 3607.0 513.5 3608.0 512.5 3614.0 512.5 3615.0 511.5 3630.0 511.5 3638.0 514.5 3643.0 514.5 3649.0 517.5 3653.0 517.5 3654.5 516.0 3657.5 509.0 3657.5 506.0 3662.5 498.0 3668.5 485.0 3671.0 483.5 3674.5 479.0 3677.5 471.0 3682.0 466.5 3689.0 463.5 3691.5 461.0 3692.5 458.0 3697.0 453.5 3704.0 450.5 3706.5 448.0 3707.5 444.0 3713.0 439.5 3718.0 438.5 3728.0 432.5 3735.0 431.5 3742.0 428.5 3752.0 428.5 3753.0 427.5 3767.0 427.5 3768.0 426.5 3788.0 426.5 3789.0 427.5 3799.0 427.5 3800.0 428.5 3806.0 428.5 3812.0 431.5 3822.0 433.5 3833.0 439.5 3839.0 439.5
dispensing_tube_rack 3549.5 1158.0 3553.5 1151.0 3553.5 1144.0 3551.0 1141.5 3547.0 1140.5 3543.0 1142.5 3539.5 1146.0 3538.5 1149.0 3545.0 1158.5 3549.5 1158.0
dispensing_tube_rack 3686.5 1196.0 3690.0 1194.5 3694.5 1190.0 3694.5 1184.0 3696.0 1182.5 3700.0 1182.5 3702.5 1185.0 3702.5 1190.0 3705.0 1191.5 3710.0 1192.5 3712.5 1190.0 3711.5 1189.0 3710.0 1181.5 3704.0 1181.5 3703.0 1178.5 3695.0 1178.5 3693.0 1181.5 3688.0 1181.5 3683.0 1182.5 3678.5 1186.0 3676.5 1190.0 3676.5 1193.0 3680.0 1196.5 3686.5 1196.0
dispensing_tube_rack 3551.5 1266.0 3556.0 1265.5 3560.0 1262.5 3564.0 1262.5 3571.0 1265.5 3577.0 1265.5 3581.0 1262.5 3588.0 1259.5 3596.0 1258.5 3605.0 1255.5 3612.0 1255.5 3613.0 1254.5 3624.0 1254.5 3636.0 1250.5 3648.0 1250.5 3649.0 1251.5 3657.0 1251.5 3658.0 1252.5 3663.0 1252.5 3664.0 1253.5 3684.0 1253.5 3690.0 1251.5 3697.0 1244.5 3701.0 1242.5 3706.0 1241.5 3716.0 1241.5 3719.0 1242.5 3722.5 1246.0 3723.5 1250.0 3729.0 1252.5 3736.0 1245.5 3738.0 1245.5 3743.0 1242.5 3752.0 1239.5 3756.0 1239.5 3755.0 1235.5 3737.0 1235.5 3736.0 1236.5 3722.0 1236.5 3716.0 1234.5 3699.0 1234.5 3695.0 1233.5 3690.0 1230.5 3688.0 1230.5 3683.0 1227.5 3677.0 1227.5 3665.0 1230.5 3662.0 1232.5 3656.0 1233.5 3655.0 1234.5 3633.0 1234.5 3628.0 1233.5 3624.0 1231.5 3606.0 1231.5 3602.0 1228.5 3599.0 1227.5 3596.0 1224.5 3591.0 1222.5 3573.0 1222.5 3572.0 1221.5 3565.0 1220.5 3564.0 1219.5 3559.0 1220.5 3554.5 1225.0 3548.5 1236.0 3547.5 1241.0 3547.5 1249.0 3546.5 1254.0 3544.5 1258.0 3543.5 1265.0 3545.0 1266.5 3551.5 1266.0
dispensing_tube_rack 3009.5 1630.0 3011.5 1629.0 3009.0 1626.5 3006.5 1629.0 3009.5 1630.0
blood_tube 655.0 1006.5 639.0 1006.5 630.0 1003.5 621.0 998.5 603.0 980.5 598.0 976.5 590.0 971.5 585.0 966.5 584.0 966.5 577.0 959.5 572.0 956.5 565.0 950.5 556.0 945.5 548.0 937.5 543.0 934.5 538.0 932.5 531.5 926.0 527.5 918.0 526.5 914.0 526.5 901.0 529.5 892.0 531.5 890.0 535.5 881.0 537.5 878.0 557.0 858.5 563.0 854.5 571.0 850.5 578.0 848.5 581.0 846.5 587.0 845.5 588.0 844.5 593.0 844.5 594.0 843.5 599.0 843.5 600.0 842.5 620.0 842.5 629.0 845.5 634.0 848.5 638.0 852.5 646.0 858.5 650.0 860.5 661.0 869.5 662.0 869.5 670.0 875.5 678.0 883.5 679.0 883.5 684.0 888.5 685.0 888.5 690.0 893.5 707.0 905.5 710.0 906.5 717.0 911.5 725.5 920.0 729.5 928.0 730.5 932.0 730.5 942.0 729.5 943.0 727.5 951.0 724.5 958.0 720.5 963.0 718.5 967.0 698.0 987.5 693.0 991.5 683.0 997.5 681.0 997.5 676.0 1000.5 674.0 1000.5 665.0 1004.5 655.0 1006.5
blood_tube 477.0 1030.5 459.0 1030.5 455.0 1029.5 440.0 1023.5 434.0 1019.5 429.0 1014.5 428.0 1014.5 419.0 1005.5 414.0 1001.5 410.0 999.5 407.0 996.5 389.0 986.5 384.0 982.5 381.0 981.5 376.0 977.5 371.0 972.5 366.0 969.5 356.0 959.5 351.0 957.5 340.5 947.0 336.5 940.0 336.5 931.0 337.5 930.0 338.5 922.0 345.5 913.0 347.5 909.0 356.0 900.5 360.0 898.5 366.0 892.5 376.0 885.5 392.0 877.5 397.0 875.5 399.0 873.5 410.0 870.5 417.0 870.5 418.0 869.5 433.0 869.5 440.0 871.5 447.0 875.5 450.0 878.5 457.0 882.5 463.0 888.5 464.0 888.5 472.0 894.5 473.0 894.5 483.0 902.5 486.0 903.5 493.0 908.5 501.0 915.5 508.0 918.5 514.0 923.5 525.0 928.5 533.0 935.5 540.0 939.5 544.5 944.0 547.5 948.0 550.5 954.0 550.5 968.0 549.5 972.0 544.5 985.0 536.5 995.0 536.5 996.0 524.0 1008.5 513.0 1016.5 508.0 1018.5 497.0 1024.5 488.0 1028.5 484.0 1029.5 478.0 1029.5 477.0 1030.5
blood_tube 403.0 1185.5 390.0 1185.5 389.0 1184.5 383.0 1184.5 370.0 1178.5 361.0 1171.5 346.0 1163.5 335.0 1159.5 332.0 1156.5 327.0 1153.5 308.0 1146.5 303.0 1143.5 298.0 1141.5 296.0 1139.5 291.0 1137.5 286.0 1134.5 279.0 1128.5 272.0 1125.5 265.0 1121.5 263.0 1121.5 255.0 1117.5 252.5 1115.0 250.5 1110.0 250.5 1105.0 249.5 1104.0 249.5 1096.0 250.5 1095.0 250.5 1084.0 253.5 1076.0 256.5 1072.0 265.5 1063.0 265.5 1062.0 287.0 1040.5 291.0 1037.5 294.0 1036.5 301.0 1031.5 309.0 1027.5 314.0 1026.5 322.0 1023.5 327.0 1023.5 328.0 1022.5 351.0 1022.5 355.0 1023.5 366.0 1029.5 373.0 1034.5 386.0 1040.5 388.0 1042.5 394.0 1045.5 400.0 1047.5 413.0 1054.5 418.0 1056.5 420.0 1058.5 427.0 1061.5 429.0 1063.5 447.0 1071.5 450.0 1073.5 455.0 1074.5 463.0 1078.5 470.0 1084.5 471.0 1084.5 478.5 1092.0 483.5 1100.0 483.5 1119.0 481.5 1124.0 478.5 1129.0 476.5 1134.0 470.5 1143.0 460.5 1153.0 460.5 1154.0 453.0 1161.5 447.0 1165.5 441.0 1170.5 436.0 1172.5 434.0 1174.5 426.0 1178.5 424.0 1178.5 419.0 1181.5 414.0 1182.5 410.0 1184.5 404.0 1184.5 403.0 1185.5
blood_tube 260.0 1066.5 248.0 1066.5 245.0 1064.5 238.0 1057.5 233.0 1054.5 222.0 1049.5 216.0 1045.5 208.0 1042.5 193.0 1034.5 185.0 1028.5 174.0 1022.5 172.0 1022.5 164.0 1018.5 157.0 1012.5 147.0 1007.5 146.0 1007.5 140.5 1002.0 137.5 994.0 137.5 987.0 136.5 986.0 136.5 980.0 137.5 979.0 139.5 971.0 142.5 965.0 145.5 961.0 150.5 956.0 150.5 955.0 156.0 949.5 157.0 949.5 165.0 941.5 166.0 941.5 172.0 935.5 176.0 932.5 183.0 928.5 185.0 926.5 192.0 923.5 203.0 921.5 210.0 918.5 214.0 917.5 230.0 917.5 231.0 918.5 237.0 919.5 242.0 922.5 260.0 931.5 267.0 936.5 272.0 938.5 277.0 942.5 290.0 949.5 298.0 955.5 301.0 956.5 306.0 960.5 311.0 963.5 321.0 968.5 329.0 970.5 335.0 973.5 339.0 976.5 341.0 976.5 352.0 982.5 359.5 990.0 362.5 995.0 363.5 999.0 363.5 1014.0 360.5 1020.0 356.0 1022.5 346.0 1022.5 345.0 1021.5 332.0 1021.5 319.0 1025.5 311.0 1026.5 305.0 1028.5 301.0 1031.5 289.0 1037.5 272.0 1054.5 271.0 1054.5 266.5 1059.0 266.5 1060.0 260.0 1066.5
blood_tube 217.0 1220.5 198.0 1220.5 197.0 1219.5 186.0 1217.5 169.0 1205.5 149.0 1195.5 147.0 1195.5 140.0 1191.5 132.0 1189.5 122.0 1185.5 115.0 1181.5 112.0 1180.5 106.0 1176.5 97.0 1172.5 91.0 1168.5 82.0 1164.5 80.0 1162.5 69.0 1156.5 62.5 1150.0 60.5 1145.0 61.5 1143.0 61.5 1129.0 64.5 1123.0 66.5 1117.0 73.5 1108.0 73.5 1107.0 80.0 1100.5 81.0 1100.5 88.0 1093.5 89.0 1093.5 98.0 1085.5 104.0 1081.5 112.0 1077.5 114.0 1077.5 123.0 1073.5 130.0 1071.5 138.0 1071.5 141.0 1070.5 146.0 1071.5 150.0 1073.5 153.0 1073.5 171.0 1082.5 176.0 1084.5 178.0 1086.5 184.0 1089.5 187.0 1089.5 203.0 1097.5 210.0 1102.5 218.0 1106.5 220.0 1106.5 226.0 1109.5 232.0 1113.5 240.0 1115.5 248.0 1120.5 265.0 1124.5 268.0 1126.5 278.0 1130.5 282.5 1135.0 285.5 1143.0 285.5 1158.0 284.5 1159.0 284.5 1164.0 281.5 1174.0 278.5 1179.0 274.5 1183.0 271.5 1188.0 265.0 1194.5 259.0 1198.5 251.0 1205.5 246.0 1207.5 244.0 1209.5 237.0 1212.5 230.0 1216.5 225.0 1217.5 217.0 1220.5
 10ML_sorting_tube_rack 534.0 1634.5 517.0 1634.5 510.0 1631.5 507.0 1628.5 502.0 1626.5 500.0 1624.5 491.0 1620.5 489.0 1618.5 483.0 1616.5 478.0 1616.5 477.0 1615.5 471.0 1614.5 466.0 1611.5 458.0 1609.5 450.0 1605.5 448.0 1603.5 439.0 1600.5 434.0 1597.5 429.0 1595.5 423.0 1594.5 417.0 1592.5 412.0 1592.5 411.0 1591.5 406.0 1591.5 401.0 1589.5 395.0 1588.5 390.0 1586.5 384.0 1582.5 379.0 1580.5 377.0 1578.5 370.0 1576.5 358.0 1571.5 353.0 1570.5 348.0 1567.5 337.0 1563.5 323.0 1560.5 318.0 1560.5 309.0 1557.5 302.0 1556.5 301.0 1555.5 294.0 1554.5 285.0 1550.5 283.0 1548.5 278.0 1546.5 273.0 1543.5 271.0 1543.5 262.0 1540.5 258.0 1538.5 253.0 1537.5 249.0 1535.5 233.0 1535.5 232.0 1534.5 226.0 1534.5 225.0 1533.5 220.0 1533.5 215.0 1531.5 212.0 1531.5 206.0 1528.5 199.0 1526.5 189.0 1520.5 180.0 1516.5 172.0 1510.5 165.0 1507.5 158.0 1506.5 157.0 1505.5 148.0 1505.5 147.0 1504.5 138.0 1504.5 137.0 1503.5 121.0 1500.5 101.0 1493.5 87.0 1487.5 82.0 1484.5 74.0 1482.5 69.0 1479.5 48.0 1471.5 39.0 1469.5 34.0 1466.5 29.5 1462.0 27.5 1457.0 21.5 1448.0 21.5 1444.0 24.5 1437.0 24.5 1419.0 25.5 1414.0 27.5 1411.0 28.5 1406.0 30.5 1403.0 31.5 1398.0 33.5 1393.0 39.5 1384.0 47.0 1377.5 48.0 1377.5 52.5 1373.0 53.5 1371.0 53.5 1358.0 57.5 1346.0 58.5 1337.0 60.5 1331.0 62.5 1328.0 65.5 1321.0 70.5 1316.0 74.5 1309.0 75.5 1304.0 79.5 1297.0 84.5 1291.0 86.5 1285.0 86.5 1281.0 88.5 1276.0 90.5 1267.0 93.5 1261.0 102.5 1252.0 104.5 1246.0 108.5 1237.0 112.5 1232.0 114.5 1227.0 115.5 1222.0 115.5 1217.0 118.5 1206.0 120.5 1203.0 125.0 1198.5 131.0 1196.5 137.0 1196.5 138.0 1195.5 143.0 1195.5 150.0 1198.5 154.5 1203.0 154.5 1204.0 159.0 1208.5 167.0 1211.5 172.0 1215.5 175.0 1216.5 180.0 1220.5 186.0 1223.5 192.0 1223.5 198.0 1221.5 207.0 1221.5 208.0 1222.5 221.0 1222.5 227.0 1220.5 233.0 1217.5 239.0 1213.5 242.0 1210.5 246.0 1208.5 254.0 1202.5 257.0 1201.5 264.0 1197.5 268.5 1193.0 271.5 1188.0 273.5 1180.0 277.0 1175.5 284.0 1172.5 289.0 1169.5 293.0 1165.5 296.0 1164.5 303.0 1160.5 306.0 1160.5 313.0 1157.5 317.0 1156.5 322.0 1156.5 327.0 1160.5 338.0 1165.5 354.0 1171.5 356.0 1171.5 362.0 1174.5 368.0 1179.5 374.0 1179.5 375.0 1180.5 381.0 1180.5 389.0 1183.5 394.0 1184.5 399.0 1184.5 404.0 1182.5 413.0 1181.5 418.0 1179.5 422.0 1179.5 431.0 1175.5 434.0 1172.5 439.0 1170.5 453.0 1162.5 455.0 1162.5 460.5 1158.0 470.5 1145.0 472.5 1140.0 477.5 1130.0 477.5 1124.0 478.5 1123.0 478.5 1100.0 476.5 1097.0 474.5 1089.0 470.0 1085.5 463.0 1084.5 456.0 1081.5 451.5 1077.0 448.5 1072.0 444.0 1067.5 439.0 1063.5 434.0 1060.5 428.0 1055.5 421.0 1053.5 414.0 1049.5 408.0 1047.5 405.0 1047.5 393.0 1043.5 384.0 1039.5 379.5 1035.0 376.5 1031.0 372.5 1024.0 371.5 1017.0 370.5 1016.0 370.5 998.0 371.5 994.0 376.0 988.5 379.0 986.5 384.0 987.5 389.0 991.5 395.0 994.5 397.0 994.5 405.0 998.5 409.5 1004.0 412.5 1010.0 417.0 1013.5 423.0 1015.5 444.0 1024.5 451.0 1030.5 458.0 1033.5 470.0 1033.5 479.0 1030.5 483.0 1027.5 492.0 1023.5 499.0 1022.5 505.0 1019.5 508.0 1016.5 520.0 1009.5 523.0 1006.5 527.0 1004.5 533.5 998.0 536.5 990.0 546.5 980.0 546.5 974.0 547.5 973.0 547.5 968.0 549.5 963.0 554.0 957.5 558.0 955.5 565.0 955.5 571.5 961.0 573.5 965.0 579.0 970.5 586.0 973.5 591.0 977.5 602.0 984.5 614.0 990.5 619.0 992.5 628.0 1001.5 636.0 1005.5 641.0 1005.5 642.0 1006.5 658.0 1006.5 659.0 1005.5 665.0 1005.5 676.0 1001.5 683.0 997.5 685.5 994.0 690.0 989.5 704.0 982.5 707.0 981.5 714.5 971.0 715.5 968.0 721.5 959.0 725.5 954.0 727.5 949.0 727.5 944.0 728.5 943.0 728.5 934.0 725.5 929.0 719.0 925.5 714.5 921.0 712.5 918.0 710.5 912.0 708.0 908.5 706.0 908.5 700.0 905.5 694.5 902.0 691.5 897.0 689.5 890.0 686.5 885.0 684.5 879.0 685.5 876.0 693.0 869.5 697.0 867.5 710.0 867.5 714.0 866.5 719.0 862.5 728.0 858.5 733.0 858.5 734.0 857.5 740.0 857.5 745.0 856.5 750.0 854.5 757.0 853.5 758.0 852.5 763.0 852.5 764.0 851.5 770.0 851.5 771.0 850.5 778.0 849.5 785.0 846.5 791.0 846.5 792.0 845.5 803.0 845.5 808.0 843.5 811.0 843.5 819.0 840.5 833.0 840.5 834.0 839.5 841.0 839.5 846.0 837.5 863.0 837.5 869.0 833.5 877.0 829.5 882.0 829.5 883.0 828.5 888.0 828.5 889.0 827.5 894.0 827.5 895.0 826.5 901.0 826.5 907.0 824.5 912.0 824.5 913.0 823.5 918.0 823.5 919.0 822.5 924.0 822.5 930.0 820.5 934.0 820.5 939.0 818.5 949.0 818.5 950.0 817.5 955.0 817.5 960.0 815.5 965.0 814.5 970.0 814.5 971.0 815.5 976.0 815.5 981.0 816.5 985.0 818.5 991.5 825.0 995.5 830.0 997.5 836.0 1003.5 847.0 1006.5 851.0 1012.5 857.0 1016.5 864.0 1019.5 867.0 1021.5 871.0 1026.5 876.0 1026.5 877.0 1039.0 889.5 1040.0 889.5 1051.0 900.5 1055.0 903.5 1061.0 906.5 1066.0 907.5 1074.0 911.5 1078.5 917.0 1080.5 921.0 1085.0 925.5 1088.0 927.5 1103.0 934.5 1106.5 939.0 1109.5 946.0 1124.0 960.5 1131.0 963.5 1136.5 969.0 1139.5 975.0 1152.0 987.5 1157.0 991.5 1163.0 993.5 1168.5 1000.0 1170.5 1005.0 1175.5 1010.0 1178.5 1015.0 1184.0 1020.5 1185.0 1020.5 1195.5 1028.0 1195.5 1029.0 1201.5 1040.0 1210.0 1048.5 1220.0 1054.5 1225.0 1056.5 1229.5 1061.0 1234.5 1070.0 1238.0 1072.5 1250.0 1072.5 1253.5 1076.0 1254.5 1080.0 1259.5 1087.0 1262.5 1096.0 1262.5 1113.0 1261.5 1114.0 1261.5 1123.0 1260.5 1124.0 1260.5 1136.0 1259.5 1137.0 1259.5 1169.0 1258.5 1170.0 1258.5 1175.0 1257.5 1176.0 1257.5 1195.0 1256.5 1196.0 1256.5 1204.0 1255.5 1205.0 1255.5 1221.0 1252.5 1230.0 1251.5 1235.0 1251.5 1250.0 1250.5 1255.0 1246.5 1267.0 1246.5 1274.0 1245.5 1275.0 1245.5 1283.0 1244.5 1288.0 1241.5 1296.0 1241.5 1301.0 1240.5 1302.0 1240.5 1310.0 1235.5 1323.0 1234.5 1328.0 1234.5 1340.0 1233.5 1341.0 1233.5 1353.0 1232.5 1354.0 1232.5 1369.0 1231.5 1370.0 1231.5 1376.0 1230.5 1377.0 1230.5 1382.0 1229.5 1383.0 1229.5 1389.0 1228.5 1390.0 1228.5 1398.0 1227.5 1399.0 1227.5 1405.0 1226.5 1406.0 1226.5 1412.0 1225.5 1413.0 1225.5 1420.0 1224.5 1421.0 1224.5 1427.0 1223.5 1428.0 1223.5 1434.0 1222.5 1435.0 1222.5 1443.0 1221.5 1444.0 1221.5 1449.0 1219.5 1452.0 1218.5 1459.0 1216.5 1464.0 1216.5 1467.0 1213.5 1475.0 1213.5 1480.0 1212.5 1481.0 1212.5 1506.0 1209.5 1513.0 1205.5 1518.0 1203.5 1523.0 1196.0 1530.5 1190.0 1533.5 1185.0 1534.5 1180.0 1534.5 1179.0 1535.5 1174.0 1535.5 1170.0 1537.5 1167.0 1537.5 1160.0 1540.5 1147.0 1540.5 1141.0 1542.5 1132.0 1547.5 1113.0 1547.5 1104.0 1550.5 1093.0 1550.5 1088.0 1549.5 1082.0 1551.5 1079.0 1553.5 1073.0 1555.5 1068.0 1555.5 1067.0 1556.5 1057.0 1556.5 1056.0 1557.5 1048.0 1557.5 1047.0 1558.5 1029.0 1558.5 1028.0 1559.5 1020.0 1559.5 1019.0 1560.5 1014.0 1560.5 1013.0 1561.5 998.0 1561.5 987.0 1564.5 986.0 1565.5 972.0 1568.5 971.0 1569.5 965.0 1569.5 964.0 1570.5 955.0 1571.5 954.0 1572.5 947.0 1572.5 946.0 1573.5 934.0 1573.5 933.0 1574.5 926.0 1574.5 925.0 1575.5 914.0 1575.5 913.0 1576.5 905.0 1576.5 900.0 1577.5 895.0 1579.5 891.0 1579.5 880.0 1582.5 875.0 1582.5 874.0 1583.5 864.0 1583.5 863.0 1584.5 850.0 1584.5 849.0 1585.5 844.0 1585.5 835.0 1588.5 830.0 1589.5 820.0 1589.5 819.0 1590.5 807.0 1590.5 806.0 1591.5 788.0 1591.5 780.0 1593.5 775.0 1596.5 768.0 1597.5 767.0 1598.5 756.0 1598.5 755.0 1599.5 746.0 1600.5 745.0 1601.5 727.0 1601.5 724.0 1602.5 717.0 1606.5 711.0 1608.5 704.0 1608.5 703.0 1609.5 695.0 1609.5 689.0 1611.5 684.0 1611.5 683.0 1612.5 676.0 1612.5 675.0 1613.5 668.0 1613.5 667.0 1614.5 662.0 1614.5 661.0 1615.5 656.0 1615.5 655.0 1616.5 649.0 1616.5 648.0 1617.5 640.0 1617.5 639.0 1618.5 632.0 1618.5 631.0 1619.5 623.0 1619.5 622.0 1620.5 606.0 1620.5 598.0 1623.5 589.0 1625.5 583.0 1625.5 574.0 1627.5 563.0 1631.5 553.0 1631.5 552.0 1632.5 542.0 1632.5 541.0 1633.5 535.0 1633.5 534.0 1634.5
 10ML_sorting_tube_rack 366.0 919.5 360.0 919.5 358.5 918.0 357.5 914.0 357.5 909.0 359.0 908.5 363.5 904.0 367.5 892.0 370.0 889.5 378.0 889.5 379.0 888.5 384.0 888.5 387.0 889.5 390.5 894.0 385.5 902.0 382.0 904.5 377.0 909.5 376.0 909.5 371.5 914.0 371.5 915.0 366.0 919.5
 10ML_sorting_tube_rack 410.0 929.5 406.0 928.5 402.5 926.0 401.5 920.0 403.5 918.0 405.5 913.0 410.0 904.5 412.5 907.0 414.5 911.0 414.5 917.0 415.5 918.0 415.5 923.0 414.5 926.0 410.0 929.5
 10ML_sorting_tube_rack 410.0 957.5 407.0 956.5 401.5 953.0 400.5 949.0 403.0 946.5 408.0 944.5 411.0 944.5 415.5 950.0 414.5 955.0 410.0 957.5
 10ML_sorting_tube_rack 323.0 959.5 320.0 959.5 314.5 955.0 314.5 950.0 318.0 947.5 322.0 946.5 325.0 947.5 327.5 950.0 328.5 954.0 323.0 959.5
 10ML_sorting_tube_rack 1090.5 1102.0 1096.0 1099.5 1098.0 1097.5 1110.0 1093.5 1118.0 1088.5 1142.0 1088.5 1146.0 1087.5 1149.0 1085.5 1150.0 1086.5 1161.0 1086.5 1164.0 1085.5 1167.5 1079.0 1168.5 1072.0 1167.5 1067.0 1165.5 1063.0 1164.5 1058.0 1160.0 1053.5 1157.0 1053.5 1151.0 1051.5 1146.0 1048.5 1134.0 1039.5 1130.0 1040.5 1126.0 1044.5 1119.0 1047.5 1114.0 1046.5 1110.5 1044.0 1109.5 1039.0 1111.5 1035.0 1115.0 1031.5 1124.5 1029.0 1121.0 1024.5 1116.0 1023.5 1110.0 1020.5 1103.0 1014.5 1092.0 1020.5 1086.0 1022.5 1083.5 1025.0 1082.5 1028.0 1082.5 1041.0 1081.5 1042.0 1081.5 1047.0 1079.5 1053.0 1079.5 1060.0 1078.5 1061.0 1078.5 1082.0 1077.5 1087.0 1078.5 1092.0 1080.5 1095.0 1081.5 1099.0 1085.0 1102.5 1090.5 1102.0
 10ML_sorting_tube_rack 205.0 1086.5 200.0 1085.5 197.5 1080.0 196.5 1073.0 197.5 1070.0 200.0 1067.5 204.0 1066.5 208.5 1071.0 208.5 1082.0 207.5 1085.0 205.0 1086.5
 10ML_sorting_tube_rack 1150.0 1084.5 1146.0 1083.5 1144.5 1081.0 1144.5 1070.0 1148.0 1066.5 1151.5 1069.0 1152.5 1072.0 1152.5 1079.0 1150.0 1084.5
 10ML_sorting_tube_rack 1044.5 1317.0 1046.5 1314.0 1046.5 1310.0 1044.0 1306.5 1042.5 1309.0 1042.5 1315.0 1044.5 1317.0
 10ML_sorting_tube_rack 1044.5 1349.0 1047.5 1344.0 1047.5 1339.0 1045.5 1335.0 1043.0 1333.5 1038.5 1339.0 1038.5 1346.0 1042.0 1349.5 1044.5 1349.0
 10ML_sorting_tube_rack 504.5 1519.0 504.5 1514.0 505.5 1513.0 505.5 1508.0 504.0 1506.5 500.0 1506.5 498.5 1509.0 499.5 1515.0 502.0 1518.5 504.5 1519.0
 10ML_sorting_tube_rack 501.5 1550.0 500.5 1546.0 496.0 1549.5 493.0 1550.5 501.5 1550.0
 sorting_tube_rack_base 610.0 1696.5 589.0 1696.5 588.0 1695.5 583.0 1695.5 578.0 1694.5 574.0 1692.5 567.0 1691.5 562.0 1689.5 555.0 1688.5 550.0 1686.5 546.0 1686.5 536.0 1682.5 526.0 1679.5 523.0 1679.5 513.0 1675.5 506.0 1674.5 501.0 1672.5 498.0 1672.5 487.0 1669.5 481.0 1666.5 473.5 1659.0 465.5 1644.0 465.5 1637.0 466.5 1636.0 468.5 1623.0 471.0 1619.5 473.0 1618.5 481.0 1618.5 486.0 1619.5 491.0 1622.5 502.0 1633.5 504.0 1634.5 509.0 1634.5 510.0 1635.5 525.0 1635.5 526.0 1636.5 535.0 1636.5 536.0 1635.5 549.0 1635.5 555.0 1633.5 561.0 1633.5 562.0 1632.5 570.0 1632.5 571.0 1631.5 578.0 1631.5 579.0 1630.5 585.0 1630.5 586.0 1629.5 591.0 1629.5 592.0 1628.5 597.0 1628.5 603.0 1626.5 608.0 1626.5 614.0 1624.5 619.0 1624.5 620.0 1623.5 625.0 1623.5 626.0 1622.5 634.0 1622.5 635.0 1621.5 640.0 1621.5 649.0 1618.5 654.0 1617.5 662.0 1617.5 663.0 1616.5 670.0 1616.5 671.0 1615.5 677.0 1615.5 678.0 1614.5 685.0 1614.5 686.0 1613.5 692.0 1613.5 693.0 1612.5 702.0 1612.5 703.0 1611.5 709.0 1611.5 720.0 1608.5 725.0 1608.5 726.0 1607.5 731.0 1607.5 732.0 1606.5 737.0 1606.5 738.0 1605.5 744.0 1605.5 745.0 1604.5 752.0 1604.5 753.0 1603.5 759.0 1603.5 760.0 1602.5 765.0 1602.5 771.0 1600.5 776.0 1600.5 777.0 1599.5 783.0 1599.5 789.0 1597.5 794.0 1597.5 800.0 1595.5 805.0 1595.5 806.0 1594.5 814.0 1594.5 815.0 1593.5 820.0 1593.5 831.0 1590.5 837.0 1590.5 838.0 1589.5 845.0 1589.5 851.0 1587.5 856.0 1587.5 857.0 1586.5 862.0 1586.5 863.0 1585.5 874.0 1585.5 875.0 1584.5 883.0 1584.5 884.0 1583.5 890.0 1583.5 910.0 1579.5 916.0 1577.5 921.0 1577.5 922.0 1576.5 928.0 1576.5 929.0 1575.5 935.0 1575.5 936.0 1574.5 941.0 1574.5 942.0 1573.5 948.0 1573.5 949.0 1572.5 956.0 1572.5 957.0 1571.5 963.0 1571.5 964.0 1570.5 969.0 1570.5 970.0 1569.5 976.0 1569.5 982.0 1567.5 988.0 1567.5 989.0 1566.5 995.0 1566.5 1000.0 1565.5 1005.0 1563.5 1010.0 1562.5 1015.0 1562.5 1016.0 1561.5 1021.0 1561.5 1022.0 1560.5 1028.0 1560.5 1039.0 1557.5 1045.0 1557.5 1046.0 1556.5 1056.0 1556.5 1057.0 1555.5 1064.0 1555.5 1065.0 1554.5 1071.0 1554.5 1072.0 1553.5 1077.0 1553.5 1078.0 1552.5 1084.0 1552.5 1085.0 1551.5 1090.0 1551.5 1100.0 1549.5 1101.0 1548.5 1107.0 1548.5 1108.0 1547.5 1114.0 1547.5 1115.0 1546.5 1120.0 1546.5 1126.0 1544.5 1131.0 1544.5 1132.0 1543.5 1137.0 1543.5 1138.0 1542.5 1144.0 1542.5 1145.0 1541.5 1150.0 1541.5 1151.0 1540.5 1157.0 1540.5 1158.0 1539.5 1164.0 1539.5 1165.0 1538.5 1173.0 1538.5 1174.0 1537.5 1179.0 1537.5 1191.0 1533.5 1194.0 1531.5 1207.5 1518.0 1211.5 1511.0 1213.5 1505.0 1213.5 1499.0 1215.5 1493.0 1215.5 1487.0 1216.5 1486.0 1216.5 1479.0 1217.5 1478.0 1218.5 1469.0 1220.5 1464.0 1221.5 1459.0 1221.5 1450.0 1222.5 1449.0 1222.5 1443.0 1223.5 1442.0 1223.5 1437.0 1224.5 1436.0 1224.5 1428.0 1225.5 1427.0 1225.5 1418.0 1226.5 1417.0 1226.5 1407.0 1227.5 1406.0 1227.5 1395.0 1228.5 1394.0 1228.5 1385.0 1229.5 1380.0 1231.5 1375.0 1231.5 1368.0 1232.5 1367.0 1232.5 1355.0 1233.5 1354.0 1233.5 1348.0 1234.5 1347.0 1234.5 1341.0 1235.5 1340.0 1235.5 1334.0 1236.5 1333.0 1236.5 1326.0 1237.5 1325.0 1237.5 1315.0 1238.5 1314.0 1238.5 1309.0 1241.5 1298.0 1241.5 1289.0 1242.5 1288.0 1242.5 1280.0 1243.5 1279.0 1243.5 1274.0 1244.5 1273.0 1244.5 1268.0 1246.5 1263.0 1246.5 1258.0 1248.5 1252.0 1248.5 1246.0 1249.5 1245.0 1249.5 1239.0 1250.5 1238.0 1250.5 1233.0 1252.5 1227.0 1252.5 1221.0 1253.5 1220.0 1253.5 1208.0 1254.5 1207.0 1254.5 1192.0 1255.5 1191.0 1255.5 1184.0 1256.5 1183.0 1256.5 1176.0 1257.5 1175.0 1257.5 1167.0 1258.5 1166.0 1258.5 1159.0 1259.5 1158.0 1259.5 1151.0 1260.5 1150.0 1260.5 1143.0 1261.5 1142.0 1261.5 1135.0 1262.5 1134.0 1262.5 1128.0 1263.5 1127.0 1263.5 1121.0 1264.5 1120.0 1264.5 1112.0 1265.5 1111.0 1265.5 1106.0 1266.5 1105.0 1266.5 1100.0 1265.5 1095.0 1262.5 1089.0 1261.5 1085.0 1261.5 1073.0 1265.0 1069.5 1270.0 1069.5 1271.0 1070.5 1277.0 1070.5 1282.0 1071.5 1290.0 1076.5 1297.5 1086.0 1297.5 1087.0 1309.0 1098.5 1310.0 1098.5 1320.5 1109.0 1320.5 1110.0 1325.5 1115.0 1328.5 1120.0 1333.5 1125.0 1333.5 1126.0 1339.5 1132.0 1340.5 1134.0 1340.5 1140.0 1341.5 1141.0 1341.5 1154.0 1340.5 1155.0 1340.5 1168.0 1339.5 1169.0 1339.5 1178.0 1338.5 1179.0 1338.5 1189.0 1337.5 1190.0 1337.5 1198.0 1336.5 1199.0 1336.5 1206.0 1335.5 1207.0 1335.5 1213.0 1334.5 1214.0 1334.5 1222.0 1333.5 1223.0 1333.5 1233.0 1332.5 1234.0 1332.5 1241.0 1331.5 1242.0 1331.5 1251.0 1330.5 1252.0 1330.5 1260.0 1329.5 1261.0 1329.5 1269.0 1328.5 1270.0 1328.5 1277.0 1327.5 1278.0 1327.5 1287.0 1326.5 1288.0 1326.5 1297.0 1325.5 1298.0 1325.5 1309.0 1324.5 1310.0 1324.5 1320.0 1323.5 1321.0 1323.5 1330.0 1322.5 1331.0 1322.5 1337.0 1321.5 1338.0 1321.5 1346.0 1320.5 1347.0 1320.5 1355.0 1319.5 1356.0 1319.5 1363.0 1318.5 1364.0 1318.5 1371.0 1317.5 1372.0 1317.5 1382.0 1316.5 1383.0 1316.5 1391.0 1315.5 1392.0 1315.5 1400.0 1314.5 1401.0 1314.5 1410.0 1313.5 1411.0 1313.5 1417.0 1312.5 1418.0 1312.5 1427.0 1311.5 1428.0 1311.5 1439.0 1310.5 1440.0 1310.5 1452.0 1309.5 1453.0 1309.5 1463.0 1308.5 1464.0 1308.5 1471.0 1307.5 1472.0 1307.5 1481.0 1306.5 1482.0 1306.5 1492.0 1305.5 1493.0 1305.5 1501.0 1304.5 1502.0 1304.5 1509.0 1303.5 1510.0 1303.5 1518.0 1302.5 1519.0 1302.5 1526.0 1301.5 1527.0 1301.5 1536.0 1300.5 1537.0 1300.5 1544.0 1299.5 1545.0 1299.5 1551.0 1296.5 1561.0 1294.5 1565.0 1282.0 1577.5 1276.0 1581.5 1269.0 1588.5 1266.0 1590.5 1262.0 1591.5 1259.0 1593.5 1253.0 1595.5 1248.0 1595.5 1247.0 1596.5 1241.0 1596.5 1240.0 1597.5 1235.0 1597.5 1230.0 1599.5 1225.0 1599.5 1219.0 1601.5 1214.0 1601.5 1208.0 1603.5 1203.0 1603.5 1202.0 1604.5 1196.0 1604.5 1195.0 1605.5 1189.0 1605.5 1188.0 1606.5 1183.0 1606.5 1182.0 1607.5 1177.0 1607.5 1176.0 1608.5 1170.0 1608.5 1169.0 1609.5 1164.0 1609.5 1163.0 1610.5 1156.0 1610.5 1155.0 1611.5 1148.0 1611.5 1147.0 1612.5 1141.0 1612.5 1140.0 1613.5 1135.0 1613.5 1134.0 1614.5 1128.0 1614.5 1127.0 1615.5 1122.0 1615.5 1121.0 1616.5 1116.0 1616.5 1110.0 1618.5 1105.0 1618.5 1104.0 1619.5 1099.0 1619.5 1098.0 1620.5 1093.0 1620.5 1087.0 1622.5 1080.0 1622.5 1079.0 1623.5 1073.0 1623.5 1072.0 1624.5 1067.0 1624.5 1066.0 1625.5 1059.0 1625.5 1058.0 1626.5 1052.0 1626.5 1051.0 1627.5 1046.0 1627.5 1040.0 1629.5 1034.0 1629.5 1033.0 1630.5 1027.0 1630.5 1026.0 1631.5 1020.0 1631.5 1019.0 1632.5 1014.0 1632.5 1013.0 1633.5 1007.0 1633.5 1006.0 1634.5 1001.0 1634.5 1000.0 1635.5 995.0 1635.5 994.0 1636.5 989.0 1636.5 983.0 1638.5 977.0 1638.5 976.0 1639.5 970.0 1639.5 969.0 1640.5 962.0 1640.5 961.0 1641.5 955.0 1641.5 954.0 1642.5 949.0 1642.5 943.0 1644.5 937.0 1644.5 936.0 1645.5 930.0 1645.5 929.0 1646.5 924.0 1646.5 923.0 1647.5 918.0 1647.5 917.0 1648.5 912.0 1648.5 911.0 1649.5 906.0 1649.5 905.0 1650.5 899.0 1650.5 898.0 1651.5 891.0 1651.5 890.0 1652.5 883.0 1652.5 882.0 1653.5 875.0 1653.5 874.0 1654.5 864.0 1656.5 858.0 1656.5 857.0 1657.5 852.0 1657.5 851.0 1658.5 846.0 1658.5 845.0 1659.5 840.0 1659.5 834.0 1661.5 829.0 1661.5 828.0 1662.5 822.0 1662.5 821.0 1663.5 815.0 1663.5 814.0 1664.5 809.0 1664.5 808.0 1665.5 803.0 1665.5 792.0 1668.5 787.0 1668.5 786.0 1669.5 778.0 1669.5 777.0 1670.5 770.0 1670.5 769.0 1671.5 764.0 1671.5 763.0 1672.5 758.0 1672.5 753.0 1674.5 747.0 1674.5 746.0 1675.5 741.0 1675.5 740.0 1676.5 735.0 1676.5 734.0 1677.5 729.0 1677.5 728.0 1678.5 723.0 1678.5 722.0 1679.5 717.0 1679.5 716.0 1680.5 710.0 1680.5 709.0 1681.5 704.0 1681.5 703.0 1682.5 698.0 1682.5 697.0 1683.5 691.0 1683.5 690.0 1684.5 685.0 1684.5 684.0 1685.5 676.0 1685.5 675.0 1686.5 667.0 1686.5 666.0 1687.5 660.0 1687.5 659.0 1688.5 654.0 1688.5 653.0 1689.5 646.0 1689.5 645.0 1690.5 640.0 1690.5 639.0 1691.5 633.0 1691.5 632.0 1692.5 627.0 1692.5 626.0 1693.5 621.0 1693.5 620.0 1694.5 611.0 1695.5 610.0 1696.5
 sorting_tube_rack_base 289.5 2159.0 281.5 2154.0 280.5 2149.0 282.5 2145.0 282.5 2141.0 287.5 2127.0 287.5 2124.0 289.5 2120.0 292.5 2109.0 294.5 2105.0 294.5 2102.0 296.5 2098.0 296.5 2095.0 300.5 2084.0 304.5 2076.0 308.5 2065.0 309.5 2060.0 311.5 2057.0 313.5 2049.0 315.5 2046.0 316.5 2041.0 324.5 2021.0 328.5 2014.0 346.0 1996.5 347.0 1996.5 352.0 1991.5 364.0 1983.5 370.0 1980.5 377.0 1979.5 382.0 1977.5 389.0 1977.5 390.0 1976.5 398.0 1976.5 399.0 1975.5 405.0 1975.5 406.0 1974.5 412.0 1974.5 413.0 1973.5 421.0 1973.5 422.0 1972.5 431.0 1972.5 432.0 1971.5 438.0 1971.5 439.0 1970.5 445.0 1970.5 446.0 1969.5 452.0 1969.5 453.0 1968.5 459.0 1968.5 460.0 1967.5 466.0 1967.5 467.0 1966.5 473.0 1966.5 474.0 1965.5 483.0 1965.5 484.0 1964.5 491.0 1964.5 492.0 1963.5 498.0 1963.5 499.0 1962.5 505.0 1962.5 506.0 1961.5 512.0 1961.5 513.0 1960.5 520.0 1960.5 521.0 1959.5 527.0 1959.5 528.0 1958.5 535.0 1958.5 536.0 1957.5 544.0 1957.5 545.0 1956.5 551.0 1956.5 557.0 1954.5 563.0 1954.5 564.0 1953.5 571.0 1953.5 572.0 1952.5 579.0 1952.5 580.0 1951.5 586.0 1951.5 587.0 1950.5 594.0 1950.5 595.0 1949.5 602.0 1949.5 603.0 1948.5 610.0 1948.5 611.0 1947.5 617.0 1947.5 618.0 1946.5 624.0 1946.5 625.0 1945.5 632.0 1945.5 633.0 1944.5 639.0 1944.5 640.0 1943.5 648.0 1943.5 649.0 1942.5 656.0 1942.5 657.0 1941.5 662.0 1941.5 663.0 1940.5 668.0 1940.5 669.0 1939.5 676.0 1939.5 677.0 1938.5 683.0 1938.5 684.0 1937.5 691.0 1937.5 692.0 1936.5 698.0 1936.5 699.0 1935.5 706.0 1935.5 707.0 1934.5 713.0 1934.5 714.0 1933.5 723.0 1933.5 724.0 1932.5 730.0 1932.5 731.0 1931.5 737.0 1931.5 738.0 1930.5 744.0 1930.5 745.0 1929.5 753.0 1929.5 754.0 1928.5 762.0 1928.5 763.0 1927.5 770.0 1927.5 771.0 1926.5 777.0 1926.5 778.0 1925.5 784.0 1925.5 785.0 1924.5 792.0 1924.5 793.0 1923.5 800.0 1923.5 801.0 1922.5 808.0 1922.5 809.0 1921.5 816.0 1921.5 817.0 1920.5 823.0 1920.5 824.0 1919.5 829.0 1919.5 830.0 1918.5 836.0 1918.5 837.0 1917.5 843.0 1917.5 844.0 1916.5 850.0 1916.5 851.0 1915.5 858.0 1915.5 859.0 1914.5 867.0 1914.5 868.0 1913.5 878.0 1913.5 879.0 1912.5 886.0 1912.5 887.0 1911.5 893.0 1911.5 894.0 1910.5 901.0 1910.5 902.0 1909.5 911.0 1909.5 912.0 1908.5 920.0 1908.5 921.0 1907.5 927.0 1907.5 928.0 1906.5 933.0 1906.5 934.0 1905.5 940.0 1905.5 941.0 1904.5 947.0 1904.5 948.0 1903.5 954.0 1903.5 955.0 1902.5 960.0 1902.5 961.0 1901.5 968.0 1901.5 969.0 1900.5 976.0 1900.5 977.0 1899.5 982.0 1899.5 983.0 1898.5 991.0 1898.5 992.0 1897.5 1000.0 1897.5 1001.0 1896.5 1006.0 1896.5 1007.0 1895.5 1012.0 1895.5 1013.0 1894.5 1021.0 1894.5 1022.0 1893.5 1029.0 1893.5 1030.0 1892.5 1036.0 1892.5 1037.0 1891.5 1042.0 1891.5 1043.0 1890.5 1050.0 1890.5 1051.0 1889.5 1057.0 1889.5 1058.0 1888.5 1064.0 1888.5 1065.0 1887.5 1071.0 1887.5 1072.0 1886.5 1079.0 1886.5 1080.0 1885.5 1086.0 1885.5 1087.0 1884.5 1096.0 1884.5 1097.0 1883.5 1105.0 1883.5 1106.0 1882.5 1113.0 1882.5 1114.0 1881.5 1123.0 1881.5 1124.0 1880.5 1148.0 1880.5 1154.0 1882.5 1159.0 1882.5 1164.0 1883.5 1169.0 1885.5 1173.0 1885.5 1178.0 1887.5 1185.0 1888.5 1202.0 1894.5 1217.0 1902.5 1220.0 1903.5 1233.5 1917.0 1237.5 1923.0 1243.5 1937.0 1243.5 1942.0 1244.5 1946.0 1243.5 1947.0 1243.5 1960.0 1242.5 1961.0 1242.5 1971.0 1241.5 1972.0 1241.5 1980.0 1240.5 1981.0 1240.5 1989.0 1239.5 1990.0 1239.5 2002.0 1238.5 2003.0 1238.5 2009.0 1237.5 2010.0 1237.5 2017.0 1236.5 2018.0 1236.5 2034.0 1235.5 2035.0 1235.5 2041.0 1234.5 2042.0 1234.5 2050.0 1233.5 2051.0 1233.5 2062.0 1232.5 2063.0 1232.5 2069.0 1231.5 2070.0 1231.5 2076.0 1230.5 2077.0 1230.5 2082.0 1228.5 2088.0 1228.5 2094.0 1227.5 2095.0 1227.5 2105.0 1226.5 2106.0 1226.5 2112.0 1225.5 2113.0 1225.5 2120.0 1224.5 2121.0 1224.5 2127.0 1223.5 2128.0 1223.5 2133.0 1222.5 2134.0 1222.5 2139.0 1218.5 2153.0 1212.5 2159.0
 sorting_tube_rack_base 1022.5 2159.0 1022.0 2157.5 1017.0 2156.5 791.0 2156.5 790.0 2155.5 756.0 2155.5 755.0 2156.5 731.0 2156.5 730.0 2155.5 708.0 2155.5 707.0 2156.5 666.0 2156.5 661.0 2155.5 660.0 2156.5 550.0 2156.5 549.0 2157.5 528.0 2157.5 522.0 2155.5 513.0 2155.5 512.0 2156.5 507.0 2156.5 506.0 2157.5 496.0 2157.5 495.5 2159.0
 sorting_tube_rack_base 416.5 2159.0 416.0 2157.5 303.0 2157.5 302.5 2159.0
 sorting_tube_rack_base 477.5 2159.0 477.0 2157.5 465.0 2157.5 464.5 2159.0
 sorting_tube_rack_base 1064.5 2159.0 1064.0 2157.5 1041.0 2157.5 1040.5 2159.0
 sorting_tube_rack_base 1135.5 2159.0 1135.0 2157.5 1128.0 2157.5 1127.5 2159.0
 10ML_sorting_tube_rack 0.0 1058.5 9.0 1058.5 17.0 1054.5 25.0 1052.5 28.0 1050.5 34.0 1048.5 54.0 1048.5 63.0 1045.5 68.0 1044.5 74.0 1044.5 75.0 1043.5 80.0 1043.5 85.0 1042.5 89.0 1040.5 97.0 1039.5 103.0 1037.5 109.0 1037.5 110.0 1036.5 115.0 1036.5 116.0 1035.5 122.0 1035.5 123.0 1034.5 136.0 1034.5 137.0 1033.5 145.0 1034.5 150.0 1036.5 155.0 1039.5 162.0 1045.5 167.0 1047.5 169.0 1049.5 173.0 1050.5 178.5 1055.0 179.5 1057.0 179.5 1062.0 177.5 1066.0 174.0 1069.5 167.0 1072.5 163.0 1073.5 145.0 1073.5 140.0 1072.5 139.0 1073.5 133.0 1073.5 132.0 1074.5 123.0 1074.5 118.0 1075.5 110.0 1078.5 103.0 1079.5 102.0 1080.5 94.0 1081.5 87.0 1084.5 82.0 1088.5 79.0 1089.5 73.5 1094.0 69.5 1100.0 68.5 1103.0 64.5 1108.0 61.5 1116.0 60.5 1121.0 60.5 1133.0 59.5 1134.0 59.5 1146.0 60.5 1150.0 64.5 1158.0 64.5 1160.0 67.5 1164.0 68.5 1167.0 77.0 1170.5 80.0 1170.5 86.0 1173.5 95.0 1180.5 102.0 1183.5 106.0 1186.5 110.5 1191.0 112.5 1194.0 112.5 1199.0 113.5 1200.0 113.5 1210.0 111.5 1215.0 111.5 1219.0 109.5 1224.0 104.0 1229.5 100.0 1232.5 97.0 1233.5 94.5 1236.0 91.5 1244.0 90.5 1249.0 90.5 1254.0 89.5 1255.0 87.5 1264.0 85.5 1267.0 80.5 1272.0 78.5 1275.0 74.5 1286.0 71.5 1291.0 68.5 1294.0 64.5 1303.0 64.5 1308.0 62.5 1314.0 59.5 1319.0 54.5 1332.0 54.5 1336.0 50.5 1346.0 41.5 1355.0 38.5 1361.0 36.5 1368.0 36.5 1372.0 33.5 1378.0 33.5 1380.0 19.5 1403.0 17.5 1411.0 17.5 1416.0 16.5 1420.0 11.5 1432.0 11.5 1440.0 10.5 1441.0 10.5 1448.0 11.5 1449.0 13.5 1460.0 18.0 1464.5 26.0 1466.5 42.0 1474.5 45.0 1475.5 51.0 1479.5 54.0 1479.5 62.0 1481.5 66.0 1483.5 71.0 1484.5 83.0 1490.5 91.0 1492.5 94.0 1494.5 97.0 1494.5 100.0 1496.5 107.0 1499.5 114.0 1504.5 122.0 1505.5 132.0 1508.5 136.0 1510.5 145.0 1511.5 153.0 1514.5 156.0 1514.5 159.0 1516.5 171.0 1521.5 179.0 1522.5 184.0 1524.5 194.0 1526.5 195.0 1527.5 211.0 1532.5 213.0 1532.5 224.0 1538.5 230.0 1540.5 239.0 1541.5 243.0 1543.5 254.0 1546.5 266.0 1551.5 269.0 1551.5 273.0 1553.5 286.0 1556.5 289.0 1558.5 296.0 1560.5 300.0 1562.5 303.0 1562.5 306.0 1564.5 311.0 1565.5 314.0 1567.5 320.0 1569.5 328.0 1570.5 335.0 1573.5 341.0 1574.5 346.0 1576.5 353.0 1580.5 357.0 1581.5 362.0 1581.5 367.0 1583.5 378.0 1585.5 382.0 1587.5 385.0 1587.5 392.0 1589.5 401.0 1594.5 414.0 1600.5 418.0 1600.5 428.0 1603.5 433.0 1605.5 438.0 1608.5 440.0 1608.5 445.0 1611.5 451.0 1613.5 457.5 1619.0 460.5 1625.0 460.5 1632.0 459.5 1633.0 459.5 1645.0 463.5 1655.0 463.5 1667.0 462.5 1668.0 461.5 1675.0 457.5 1682.0 454.5 1692.0 454.5 1696.0 452.5 1703.0 442.5 1722.0 440.5 1727.0 440.5 1730.0 438.5 1734.0 438.5 1737.0 436.5 1742.0 436.5 1745.0 434.5 1751.0 432.5 1754.0 429.5 1765.0 425.5 1772.0 425.5 1774.0 421.5 1784.0 421.5 1787.0 418.5 1793.0 416.5 1800.0 413.5 1805.0 413.5 1807.0 410.5 1813.0 410.5 1816.0 408.5 1821.0 408.5 1824.0 404.5 1835.0 402.5 1838.0 400.5 1844.0 400.5 1847.0 397.5 1856.0 394.5 1863.0 392.5 1874.0 389.5 1883.0 383.5 1894.0 380.5 1901.0 378.5 1903.0 375.5 1909.0 365.0 1919.5 359.0 1922.5 357.0 1924.5 347.0 1928.5 343.0 1928.5 339.0 1930.5 299.0 1930.5 294.0 1928.5 289.0 1928.5 288.0 1929.5 282.0 1929.5 281.0 1930.5 260.0 1930.5 252.0 1934.5 246.0 1936.5 239.0 1936.5 234.0 1937.5 229.0 1940.5 222.0 1941.5 217.0 1943.5 212.0 1943.5 211.0 1944.5 204.0 1944.5 203.0 1945.5 195.0 1945.5 194.0 1946.5 186.0 1946.5 185.0 1947.5 179.0 1947.5 178.0 1948.5 172.0 1948.5 171.0 1949.5 158.0 1949.5 157.0 1950.5 148.0 1950.5 147.0 1951.5 141.0 1951.5 140.0 1952.5 128.0 1952.5 120.0 1955.5 113.0 1956.5 105.0 1959.5 99.0 1959.5 98.0 1960.5 91.0 1960.5 90.0 1961.5 85.0 1961.5 84.0 1962.5 67.0 1962.5 66.0 1963.5 60.0 1963.5 59.0 1964.5 54.0 1964.5 53.0 1965.5 43.0 1965.5 42.0 1966.5 25.0 1966.5 24.0 1967.5 0.0 1967.5
 10ML_sorting_tube_rack 0.0 1885.5 6.0 1885.5 7.0 1884.5 22.0 1884.5 22.0 1883.5 15.0 1883.5 14.0 1882.5 0.0 1882.5
