 5ML_sorting_tube_rack 1586.0 656.5 1578.0 656.5 1577.0 655.5 1569.0 655.5 1568.0 654.5 1561.0 654.5 1560.0 653.5 1555.0 653.5 1549.0 651.5 1545.0 651.5 1541.0 649.5 1535.0 648.5 1530.0 646.5 1523.0 642.5 1520.0 641.5 1506.0 641.5 1498.0 637.5 1490.0 635.5 1485.0 635.5 1484.0 634.5 1479.0 634.5 1464.0 631.5 1463.0 630.5 1458.0 630.5 1453.0 628.5 1449.0 628.5 1440.0 625.5 1431.0 624.5 1426.0 622.5 1421.0 621.5 1416.0 621.5 1415.0 620.5 1409.0 620.5 1403.0 618.5 1399.0 618.5 1395.0 616.5 1383.0 613.5 1378.0 613.5 1377.0 612.5 1372.0 612.5 1371.0 611.5 1354.0 607.5 1350.0 605.5 1343.0 604.5 1339.0 602.5 1332.0 601.5 1328.0 599.5 1325.0 599.5 1321.0 597.5 1308.0 594.5 1303.0 594.5 1297.0 592.5 1290.0 592.5 1289.0 591.5 1281.0 591.5 1280.0 590.5 1275.0 590.5 1269.0 588.5 1265.0 588.5 1256.0 585.5 1236.0 581.5 1232.0 579.5 1229.0 579.5 1225.0 577.5 1218.0 576.5 1213.0 574.5 1209.0 574.5 1204.0 572.5 1197.0 567.5 1194.0 566.5 1187.5 560.0 1182.5 553.0 1177.5 542.0 1173.5 537.0 1168.5 532.0 1164.5 524.0 1159.5 517.0 1149.5 507.0 1145.5 501.0 1144.5 498.0 1140.5 493.0 1138.5 488.0 1131.5 478.0 1126.5 473.0 1126.5 472.0 1119.5 463.0 1117.5 459.0 1109.5 449.0 1109.5 448.0 1101.5 440.0 1099.5 436.0 1095.5 431.0 1094.5 428.0 1090.5 422.0 1084.5 416.0 1080.5 406.0 1078.5 403.0 1071.5 396.0 1062.5 380.0 1054.5 372.0 1051.5 367.0 1044.5 359.0 1043.5 356.0 1038.5 350.0 1038.5 349.0 1031.5 341.0 1030.5 338.0 1027.5 334.0 1019.5 326.0 1016.5 320.0 1014.5 318.0 1012.5 313.0 1008.5 308.0 1006.5 304.0 1002.5 299.0 998.5 291.0 990.5 283.0 983.5 273.0 982.5 270.0 977.5 264.0 977.5 263.0 971.5 255.0 969.5 250.0 966.5 246.0 965.5 241.0 965.5 236.0 964.5 235.0 965.5 230.0 969.5 225.0 972.5 218.0 974.5 215.0 982.5 207.0 982.5 206.0 987.5 201.0 987.5 200.0 993.0 194.5 994.0 194.5 1001.5 188.0 1007.5 178.0 1023.0 162.5 1024.0 162.5 1029.5 157.0 1031.5 153.0 1044.5 140.0 1044.5 139.0 1059.5 124.0 1062.5 119.0 1077.0 104.5 1078.0 104.5 1097.5 85.0 1105.5 74.0 1138.0 41.5 1145.0 38.5 1149.5 34.0 1150.5 31.0 1166.0 15.5 1172.0 11.5 1178.0 9.5 1186.0 9.5 1187.0 8.5 1194.0 8.5 1195.0 7.5 1218.0 7.5 1219.0 8.5 1263.0 8.5 1264.0 9.5 1280.0 9.5 1281.0 10.5 1301.0 10.5 1302.0 11.5 1311.0 11.5 1312.0 12.5 1326.0 12.5 1327.0 13.5 1336.0 13.5 1337.0 14.5 1349.0 14.5 1350.0 15.5 1365.0 15.5 1366.0 16.5 1378.0 16.5 1379.0 17.5 1393.0 17.5 1394.0 18.5 1405.0 18.5 1406.0 19.5 1418.0 19.5 1419.0 20.5 1425.0 20.5 1426.0 21.5 1438.0 21.5 1439.0 22.5 1453.0 22.5 1454.0 23.5 1465.0 23.5 1466.0 24.5 1483.0 24.5 1484.0 25.5 1493.0 25.5 1494.0 26.5 1512.0 26.5 1513.0 27.5 1526.0 27.5 1527.0 28.5 1537.0 28.5 1538.0 29.5 1545.0 29.5 1546.0 30.5 1554.0 30.5 1555.0 31.5 1563.0 31.5 1564.0 32.5 1593.0 32.5 1594.0 33.5 1601.0 33.5 1602.0 34.5 1607.0 34.5 1613.0 36.5 1619.0 36.5 1628.0 39.5 1631.5 43.0 1634.5 51.0 1635.5 52.0 1635.5 74.0 1636.5 75.0 1636.5 82.0 1638.5 88.0 1640.5 91.0 1644.5 103.0 1646.5 106.0 1649.5 117.0 1651.5 120.0 1653.5 126.0 1655.5 135.0 1657.5 141.0 1660.5 146.0 1662.5 152.0 1664.5 154.0 1667.5 161.0 1670.5 166.0 1674.5 171.0 1676.5 177.0 1678.5 180.0 1679.5 185.0 1681.5 188.0 1682.5 193.0 1687.5 203.0 1690.5 212.0 1692.5 215.0 1693.5 220.0 1695.5 223.0 1697.5 230.0 1698.5 237.0 1700.5 241.0 1702.5 249.0 1705.5 254.0 1705.5 256.0 1709.5 265.0 1709.5 268.0 1712.5 275.0 1712.5 278.0 1715.5 288.0 1717.5 292.0 1719.5 301.0 1724.5 310.0 1726.5 318.0 1728.5 322.0 1731.5 331.0 1731.5 334.0 1733.5 338.0 1733.5 342.0 1735.5 348.0 1737.5 359.0 1739.5 363.0 1739.5 366.0 1743.5 379.0 1745.5 382.0 1746.5 387.0 1748.5 390.0 1750.5 396.0 1751.5 403.0 1753.5 409.0 1753.5 417.0 1752.5 418.0 1752.5 424.0 1751.5 427.0 1747.5 434.0 1743.5 439.0 1742.5 442.0 1737.5 448.0 1735.5 452.0 1730.5 458.0 1724.5 470.0 1715.5 481.0 1710.5 492.0 1703.5 503.0 1697.5 509.0 1694.5 513.0 1692.5 518.0 1687.5 525.0 1685.5 529.0 1668.5 546.0 1666.5 552.0 1663.5 558.0 1658.5 566.0 1656.5 573.0 1654.5 576.0 1653.5 581.0 1648.5 592.0 1643.5 599.0 1640.5 602.0 1635.5 611.0 1629.5 620.0 1629.5 621.0 1619.5 631.0 1616.5 635.0 1615.5 638.0 1601.0 652.5 1593.0 655.5 1587.0 655.5 1586.0 656.5
 5ML_sorting_tube_rack 1675.5 350.0 1677.5 344.0 1677.5 339.0 1678.5 338.0 1678.5 332.0 1679.5 331.0 1679.5 319.0 1677.5 313.0 1677.5 308.0 1674.5 299.0 1673.5 291.0 1671.5 287.0 1670.5 280.0 1665.5 273.0 1660.5 258.0 1658.5 255.0 1656.5 247.0 1654.5 243.0 1648.0 236.5 1644.0 234.5 1638.5 240.0 1638.5 241.0 1631.0 248.5 1628.5 250.0 1628.5 252.0 1625.5 256.0 1620.5 265.0 1611.5 274.0 1605.5 285.0 1598.5 294.0 1597.5 297.0 1593.5 303.0 1587.5 309.0 1583.5 314.0 1582.5 317.0 1579.5 320.0 1578.5 324.0 1578.5 331.0 1577.5 336.0 1581.0 339.5 1610.0 339.5 1611.0 340.5 1617.0 341.5 1620.0 343.5 1627.0 345.5 1637.0 345.5 1641.0 344.5 1649.0 346.5 1653.0 348.5 1658.0 348.5 1659.0 349.5 1666.0 349.5 1667.0 350.5 1675.5 350.0
 5ML_sorting_tube_rack 1180.5 473.0 1184.0 470.5 1190.0 467.5 1194.0 466.5 1199.0 466.5 1200.0 465.5 1205.0 465.5 1208.0 463.5 1215.0 456.5 1216.0 456.5 1239.5 433.0 1245.5 424.0 1255.5 414.0 1255.5 410.0 1250.0 405.5 1239.0 400.5 1236.0 398.5 1228.0 396.5 1223.0 394.5 1217.0 394.5 1216.0 393.5 1207.0 393.5 1206.0 392.5 1200.0 392.5 1194.0 390.5 1176.0 390.5 1168.0 386.5 1165.0 383.5 1157.0 381.5 1152.0 381.5 1151.0 380.5 1144.0 380.5 1143.0 379.5 1121.0 379.5 1116.0 381.5 1113.5 384.0 1118.5 389.0 1124.5 400.0 1128.5 405.0 1132.5 413.0 1138.5 419.0 1143.5 427.0 1147.0 430.5 1151.0 432.5 1156.5 438.0 1165.5 454.0 1169.5 458.0 1173.5 464.0 1174.5 468.0 1179.0 473.5 1180.5 473.0
blood_tube 909.0 832.5 890.0 832.5 886.0 831.5 877.0 827.5 868.5 819.0 861.5 810.0 859.5 806.0 853.5 799.0 850.5 794.0 846.0 789.5 845.0 789.5 838.5 783.0 834.5 778.0 831.5 773.0 820.0 761.5 819.0 761.5 814.5 757.0 811.5 751.0 802.5 742.0 798.5 730.0 799.5 724.0 802.5 720.0 805.5 711.0 814.5 698.0 826.0 686.5 840.0 678.5 847.0 676.5 854.0 673.5 857.0 673.5 861.0 671.5 869.0 671.5 870.0 670.5 877.0 670.5 889.0 673.5 896.0 677.5 904.0 685.5 910.0 688.5 915.5 694.0 918.5 700.0 924.0 705.5 925.0 705.5 928.5 711.0 937.5 720.0 937.5 721.0 960.0 743.5 961.0 743.5 971.5 754.0 975.5 762.0 976.5 767.0 976.5 775.0 975.5 779.0 972.5 786.0 965.5 797.0 955.0 807.5 954.0 807.5 949.0 812.5 948.0 812.5 943.0 817.5 939.0 820.5 927.0 827.5 920.0 830.5 915.0 831.5 910.0 831.5 909.0 832.5
blood_tube 742.0 853.5 724.0 853.5 714.0 850.5 708.0 846.5 694.5 833.0 694.5 832.0 680.0 817.5 679.0 817.5 673.0 811.5 672.0 811.5 665.0 804.5 664.0 804.5 657.0 797.5 656.0 797.5 641.5 783.0 641.5 782.0 629.5 770.0 625.5 765.0 621.5 758.0 621.5 743.0 622.5 740.0 628.5 732.0 629.5 729.0 634.5 723.0 634.5 722.0 644.0 712.5 652.0 706.5 657.0 704.5 664.0 700.5 669.0 698.5 677.0 696.5 685.0 693.5 691.0 693.5 692.0 692.5 700.0 692.5 711.0 695.5 718.0 699.5 731.0 710.5 736.0 713.5 744.5 722.0 744.5 723.0 763.5 742.0 763.5 743.0 768.0 746.5 782.5 761.0 782.5 762.0 789.0 768.5 799.0 774.5 804.5 780.0 806.5 786.0 806.5 800.0 805.5 804.0 802.5 808.0 799.5 814.0 796.5 818.0 791.5 823.0 791.5 824.0 784.0 831.5 778.0 835.5 775.0 836.5 759.0 846.5 751.0 850.5 742.0 853.5
blood_tube 537.0 885.5 534.0 885.5 531.0 883.5 527.5 879.0 517.0 868.5 511.0 864.5 505.0 858.5 494.0 851.5 488.0 848.5 479.0 839.5 471.0 834.5 468.0 831.5 459.0 826.5 455.0 823.5 450.0 818.5 449.0 818.5 439.5 809.0 435.5 801.0 435.5 796.0 436.5 795.0 436.5 788.0 440.5 779.0 444.5 774.0 447.5 768.0 467.0 748.5 474.0 744.5 501.0 734.5 515.0 734.5 516.0 735.5 525.0 737.5 530.0 739.5 536.0 743.5 541.0 748.5 545.0 750.5 550.0 754.5 559.0 763.5 570.0 770.5 578.0 778.5 579.0 778.5 586.0 785.5 590.0 788.5 599.0 793.5 604.0 797.5 619.0 804.5 630.5 816.0 632.5 819.0 630.5 824.0 628.0 826.5 623.0 828.5 617.0 828.5 616.0 829.5 607.0 829.5 596.0 832.5 591.0 834.5 587.0 837.5 578.0 842.5 567.0 850.5 560.5 857.0 558.5 861.0 552.5 869.0 551.5 872.0 545.0 884.5 538.0 884.5 537.0 885.5
blood_tube 501.0 1019.5 488.0 1019.5 478.0 1016.5 471.0 1012.5 466.0 1010.5 459.0 1005.5 451.5 998.0 448.0 993.5 444.0 990.5 441.0 989.5 434.0 985.5 427.0 982.5 419.0 976.5 410.0 972.5 398.0 963.5 394.0 961.5 391.0 958.5 383.0 953.5 375.5 946.0 375.5 945.0 369.5 937.0 368.5 934.0 368.5 927.0 367.5 926.0 368.5 920.0 372.5 912.0 376.5 907.0 380.5 900.0 389.0 891.5 390.0 891.5 401.0 882.5 406.0 879.5 413.0 872.5 418.0 870.5 424.0 866.5 431.0 866.5 435.0 868.5 438.0 868.5 447.0 872.5 454.0 877.5 463.0 881.5 465.0 883.5 472.0 887.5 475.0 888.5 481.0 893.5 493.0 899.5 504.0 907.5 515.0 916.5 522.0 919.5 527.0 923.5 540.0 929.5 545.0 934.5 550.0 938.5 554.0 940.5 562.5 949.0 565.5 956.0 565.5 961.0 566.5 962.0 566.5 969.0 564.5 975.0 560.5 983.0 552.0 991.5 551.0 991.5 540.0 1002.5 539.0 1002.5 534.0 1007.5 526.0 1011.5 524.0 1011.5 516.0 1015.5 502.0 1018.5 501.0 1019.5
blood_tube 683.0 990.5 669.0 990.5 668.0 989.5 662.0 989.5 661.0 988.5 655.0 987.5 647.0 983.5 641.0 979.5 634.5 973.0 633.0 972.5 628.0 967.5 624.0 965.5 613.0 956.5 602.0 950.5 596.0 945.5 589.0 942.5 584.0 939.5 576.0 931.5 575.0 931.5 570.0 926.5 564.0 923.5 556.5 917.0 556.5 916.0 548.5 908.0 547.5 902.0 545.5 897.0 545.5 885.0 546.5 881.0 551.5 871.0 553.5 869.0 556.5 862.0 558.5 859.0 565.0 852.5 571.0 848.5 580.0 840.5 583.0 838.5 597.0 832.5 604.0 831.5 609.0 829.5 614.0 829.5 620.0 827.5 629.0 827.5 630.0 828.5 636.0 828.5 642.0 832.5 647.0 834.5 660.0 847.5 665.0 849.5 670.0 852.5 678.0 859.5 682.0 861.5 691.0 868.5 703.0 874.5 709.0 879.5 713.0 881.5 716.0 884.5 722.0 887.5 724.0 889.5 731.0 892.5 735.0 895.5 748.5 909.0 749.5 913.0 751.5 916.0 752.5 924.0 750.5 929.0 750.5 934.0 746.5 943.0 739.5 954.0 725.0 968.5 713.0 977.5 696.0 986.5 691.0 987.5 683.0 990.5
 10ML_sorting_tube_rack 774.0 1444.5 759.0 1444.5 758.0 1443.5 750.0 1443.5 749.0 1442.5 744.0 1442.5 740.0 1441.5 734.0 1438.5 730.0 1437.5 722.5 1430.0 722.5 1429.0 718.0 1424.5 711.0 1419.5 707.0 1418.5 704.0 1416.5 695.0 1413.5 680.0 1404.5 677.0 1403.5 667.0 1398.5 663.0 1397.5 658.0 1394.5 651.0 1388.5 642.0 1385.5 638.0 1383.5 624.0 1380.5 619.0 1378.5 610.0 1372.5 606.0 1368.5 600.0 1365.5 596.0 1362.5 594.0 1362.5 578.0 1353.5 573.0 1351.5 568.0 1350.5 563.0 1347.5 556.0 1345.5 550.0 1341.5 535.0 1334.5 530.0 1330.5 526.0 1328.5 523.0 1325.5 516.0 1322.5 508.0 1322.5 507.0 1321.5 501.0 1321.5 494.0 1318.5 491.0 1316.5 486.0 1311.5 477.0 1306.5 475.0 1306.5 468.0 1302.5 462.0 1300.5 450.0 1294.5 445.0 1293.5 440.0 1291.5 431.0 1286.5 417.0 1279.5 415.0 1277.5 404.0 1272.5 395.0 1266.5 390.0 1264.5 387.0 1264.5 380.0 1262.5 372.0 1258.5 364.0 1252.5 352.0 1247.5 338.0 1238.5 327.0 1233.5 318.5 1225.0 316.5 1220.0 316.5 1205.0 322.5 1197.0 324.5 1193.0 324.5 1190.0 327.5 1180.0 330.5 1175.0 332.5 1169.0 336.5 1164.0 339.5 1158.0 343.5 1144.0 345.5 1140.0 351.5 1134.0 354.5 1126.0 354.5 1122.0 356.5 1115.0 360.5 1108.0 360.5 1106.0 364.5 1098.0 366.5 1096.0 374.5 1078.0 381.5 1071.0 382.5 1065.0 385.5 1054.0 387.5 1049.0 390.5 1044.0 390.5 1042.0 395.5 1034.0 399.5 1026.0 399.5 1024.0 402.5 1018.0 407.5 1013.0 411.5 1008.0 413.5 1002.0 416.5 996.0 422.0 990.5 425.0 988.5 429.0 988.5 435.0 992.5 443.0 1000.5 444.0 1000.5 448.5 1005.0 452.0 1010.5 459.0 1013.5 464.0 1013.5 465.0 1014.5 471.0 1014.5 472.0 1015.5 478.0 1015.5 479.0 1016.5 484.0 1016.5 485.0 1017.5 507.0 1017.5 512.0 1016.5 517.0 1014.5 521.0 1014.5 526.0 1012.5 529.0 1012.5 533.0 1010.5 543.0 1000.5 547.0 998.5 552.0 993.5 553.0 993.5 563.5 983.0 566.5 977.0 566.5 975.0 570.5 967.0 576.0 959.5 583.0 955.5 587.0 954.5 605.0 954.5 609.0 955.5 615.0 958.5 620.0 963.5 624.0 966.5 627.0 967.5 633.0 971.5 642.0 980.5 643.0 980.5 650.0 985.5 654.0 986.5 667.0 986.5 668.0 987.5 685.0 987.5 686.0 986.5 692.0 986.5 709.0 980.5 715.0 976.5 718.0 973.5 725.0 969.5 729.5 965.0 732.5 959.0 737.0 954.5 740.5 952.0 744.5 944.0 747.5 935.0 747.5 930.0 748.5 929.0 748.5 917.0 745.5 908.0 738.0 900.5 737.0 900.5 731.5 895.0 731.5 894.0 723.0 885.5 722.0 885.5 713.0 878.5 710.0 877.5 702.0 872.5 700.0 872.5 687.0 864.5 684.0 861.5 677.0 857.5 672.0 853.5 665.0 846.5 664.0 846.5 650.0 832.5 645.0 830.5 638.5 824.0 636.5 819.0 624.5 807.0 618.0 803.5 615.0 803.5 609.0 800.5 605.5 796.0 600.5 791.0 600.5 790.0 595.0 784.5 589.0 781.5 582.5 775.0 582.5 773.0 585.0 770.5 593.0 767.5 598.0 767.5 604.0 765.5 612.0 765.5 618.0 767.5 623.0 770.5 646.0 770.5 647.0 771.5 657.0 771.5 658.0 772.5 664.0 772.5 668.0 769.5 675.0 766.5 681.0 762.5 689.0 762.5 691.5 765.0 692.5 771.0 691.5 774.0 687.0 778.5 684.0 779.5 679.0 779.5 668.0 774.5 660.0 774.5 657.0 775.5 651.5 781.0 650.5 785.0 652.5 788.0 660.5 796.0 662.5 800.0 667.0 804.5 670.0 805.5 677.5 813.0 680.5 819.0 684.0 822.5 693.0 827.5 699.5 836.0 699.5 837.0 705.0 842.5 714.0 846.5 720.0 850.5 725.0 851.5 732.0 851.5 733.0 850.5 741.0 850.5 746.0 849.5 753.0 846.5 756.5 844.0 762.0 836.5 769.0 833.5 774.5 830.0 774.5 827.0 777.0 823.5 780.0 822.5 785.0 822.5 789.5 819.0 790.5 816.0 790.5 804.0 789.5 801.0 787.0 798.5 779.0 795.5 775.5 789.0 785.5 779.0 787.5 775.0 786.5 769.0 778.0 760.5 777.0 760.5 770.5 754.0 769.5 751.0 765.0 747.5 762.0 746.5 757.0 746.5 756.0 745.5 744.0 745.5 740.0 744.5 735.5 739.0 735.5 735.0 732.5 729.0 737.0 727.5 741.0 727.5 744.5 730.0 745.5 734.0 748.0 736.5 753.0 738.5 761.0 738.5 762.0 739.5 771.0 739.5 777.0 736.5 784.0 734.5 790.0 734.5 797.0 736.5 802.0 739.5 808.5 747.0 811.5 753.0 812.5 757.0 817.0 761.5 823.0 764.5 831.5 773.0 837.5 782.0 846.0 790.5 852.0 793.5 858.5 800.0 858.5 801.0 867.5 810.0 871.5 818.0 879.0 825.5 886.0 827.5 889.0 829.5 893.0 830.5 898.0 830.5 899.0 831.5 910.0 831.5 917.0 828.5 920.0 828.5 926.0 824.5 938.0 818.5 942.5 814.0 946.0 809.5 952.0 806.5 959.5 799.0 960.5 796.0 964.0 793.5 968.5 789.0 970.5 783.0 970.5 776.0 971.5 775.0 971.5 769.0 970.5 768.0 970.5 762.0 968.5 756.0 962.0 749.5 961.0 749.5 951.5 740.0 950.5 733.0 945.0 727.5 939.5 724.0 936.5 718.0 933.0 715.5 928.0 715.5 927.0 714.5 920.0 714.5 917.5 712.0 918.0 709.5 928.0 709.5 931.0 711.5 935.0 712.5 941.0 709.5 947.0 707.5 950.0 707.5 955.0 703.5 966.0 699.5 970.0 699.5 975.0 697.5 987.0 694.5 992.0 694.5 993.0 693.5 998.0 693.5 999.0 692.5 1004.0 692.5 1010.0 690.5 1017.0 690.5 1018.0 689.5 1024.0 689.5 1025.0 688.5 1030.0 688.5 1035.0 687.5 1040.0 685.5 1045.0 685.5 1046.0 684.5 1051.0 684.5 1056.0 683.5 1061.0 681.5 1065.0 681.5 1070.0 679.5 1081.0 677.5 1089.0 673.5 1095.0 673.5 1096.0 672.5 1102.0 672.5 1103.0 671.5 1109.0 671.5 1110.0 670.5 1115.0 670.5 1116.0 669.5 1136.0 669.5 1142.0 667.5 1149.0 667.5 1160.0 664.5 1165.0 664.5 1166.0 663.5 1173.0 663.5 1174.0 662.5 1179.0 662.5 1185.0 660.5 1190.0 660.5 1195.0 659.5 1196.0 660.5 1205.0 660.5 1209.0 661.5 1216.0 665.5 1224.5 674.0 1226.5 678.0 1227.5 683.0 1229.5 686.0 1230.5 691.0 1233.5 695.0 1235.5 700.0 1247.5 719.0 1255.5 727.0 1260.5 735.0 1268.5 745.0 1276.5 753.0 1276.5 754.0 1281.5 759.0 1281.5 760.0 1289.0 767.5 1294.0 770.5 1312.5 789.0 1315.5 795.0 1319.5 800.0 1322.5 806.0 1329.5 813.0 1333.5 818.0 1334.5 821.0 1338.5 826.0 1344.5 835.0 1348.5 840.0 1354.5 846.0 1369.0 866.5 1376.5 874.0 1382.5 885.0 1386.5 889.0 1392.5 898.0 1402.5 911.0 1405.5 914.0 1409.5 922.0 1417.0 929.5 1422.0 931.5 1425.0 931.5 1432.0 934.5 1435.0 934.5 1441.5 939.0 1442.5 944.0 1442.5 952.0 1443.5 953.0 1445.5 962.0 1447.5 968.0 1447.5 998.0 1444.5 1009.0 1444.5 1016.0 1443.5 1017.0 1443.5 1022.0 1442.5 1023.0 1442.5 1033.0 1441.5 1034.0 1441.5 1054.0 1440.5 1055.0 1440.5 1062.0 1438.5 1068.0 1438.5 1086.0 1437.5 1087.0 1437.5 1105.0 1434.5 1114.0 1433.5 1119.0 1433.5 1126.0 1434.5 1130.0 1433.5 1135.0 1430.5 1144.0 1430.5 1158.0 1431.5 1162.0 1429.5 1167.0 1429.5 1170.0 1427.5 1175.0 1427.5 1184.0 1428.5 1185.0 1428.5 1192.0 1425.5 1196.0 1421.5 1205.0 1420.5 1206.0 1420.5 1215.0 1421.5 1216.0 1421.5 1225.0 1418.5 1232.0 1418.5 1239.0 1417.5 1240.0 1417.5 1250.0 1414.5 1258.0 1413.5 1263.0 1413.5 1274.0 1412.5 1275.0 1412.5 1286.0 1411.5 1287.0 1411.5 1292.0 1409.5 1298.0 1409.5 1303.0 1408.5 1304.0 1408.5 1309.0 1405.5 1317.0 1404.5 1322.0 1402.5 1326.0 1401.5 1331.0 1399.5 1335.0 1399.5 1339.0 1396.5 1346.0 1392.0 1350.5 1388.0 1352.5 1384.5 1356.0 1382.5 1361.0 1378.0 1365.5 1371.0 1368.5 1365.0 1368.5 1364.0 1369.5 1358.0 1369.5 1353.0 1370.5 1348.0 1372.5 1343.0 1373.5 1338.0 1373.5 1337.0 1374.5 1329.0 1374.5 1328.0 1375.5 1322.0 1375.5 1321.0 1376.5 1316.0 1376.5 1315.0 1377.5 1308.0 1377.5 1307.0 1378.5 1294.0 1378.5 1293.0 1379.5 1285.0 1379.5 1284.0 1380.5 1267.0 1380.5 1266.0 1381.5 1259.0 1381.5 1258.0 1382.5 1239.0 1382.5 1238.0 1383.5 1229.0 1383.5 1228.0 1384.5 1221.0 1384.5 1220.0 1385.5 1211.0 1385.5 1210.0 1386.5 1205.0 1386.5 1204.0 1387.5 1195.0 1389.5 1194.0 1390.5 1189.0 1390.5 1188.0 1391.5 1176.0 1391.5 1175.0 1392.5 1167.0 1392.5 1166.0 1393.5 1156.0 1393.5 1155.0 1394.5 1146.0 1394.5 1140.0 1396.5 1135.0 1396.5 1134.0 1397.5 1126.0 1397.5 1125.0 1398.5 1117.0 1398.5 1116.0 1399.5 1099.0 1399.5 1094.0 1401.5 1085.0 1402.5 1079.0 1404.5 1074.0 1404.5 1073.0 1405.5 1067.0 1405.5 1066.0 1406.5 1058.0 1406.5 1057.0 1407.5 1048.0 1407.5 1047.0 1408.5 1039.0 1408.5 1038.0 1409.5 1027.0 1409.5 1026.0 1410.5 1021.0 1410.5 1015.0 1412.5 1007.0 1412.5 1006.0 1413.5 993.0 1413.5 992.0 1414.5 986.0 1414.5 985.0 1415.5 969.0 1415.5 964.0 1416.5 953.0 1420.5 937.0 1420.5 925.0 1424.5 903.0 1424.5 898.0 1426.5 893.0 1426.5 892.0 1427.5 880.0 1427.5 879.0 1428.5 874.0 1428.5 873.0 1429.5 864.0 1432.5 859.0 1432.5 858.0 1433.5 846.0 1433.5 845.0 1434.5 838.0 1434.5 837.0 1435.5 832.0 1435.5 831.0 1436.5 819.0 1436.5 818.0 1437.5 813.0 1437.5 808.0 1439.5 803.0 1440.5 785.0 1440.5 781.0 1442.5 778.0 1442.5 774.0 1444.5
 10ML_sorting_tube_rack 639.0 735.5 635.5 729.0 639.0 725.5 642.0 725.5 647.5 729.0 644.0 732.5 639.0 735.5
 10ML_sorting_tube_rack 671.0 742.5 665.0 742.5 662.5 740.0 662.5 735.0 660.5 729.0 664.0 727.5 672.0 727.5 676.0 728.5 674.5 734.0 674.5 740.0 671.0 742.5
 10ML_sorting_tube_rack 703.0 759.5 695.0 759.5 693.5 757.0 692.5 750.0 690.5 746.0 690.5 743.0 694.0 739.5 698.0 739.5 702.0 737.5 707.0 736.5 710.0 734.5 716.0 734.5 719.5 738.0 719.5 744.0 715.5 752.0 710.0 757.5 704.0 758.5 703.0 759.5
 10ML_sorting_tube_rack 729.0 831.5 721.5 818.0 721.5 812.0 725.5 802.0 723.5 792.0 721.5 789.0 726.0 786.5 737.0 786.5 738.0 785.5 749.0 785.5 750.0 784.5 758.0 784.5 762.0 787.5 765.5 789.0 765.5 801.0 769.5 810.0 770.5 814.0 769.5 819.0 765.0 821.5 760.0 822.5 755.0 822.5 746.0 826.5 740.0 830.5 730.0 830.5 729.0 831.5
 10ML_sorting_tube_rack 521.0 903.5 515.0 903.5 511.0 901.5 508.0 901.5 498.0 897.5 487.0 889.5 480.5 883.0 477.5 878.0 477.5 875.0 480.5 870.0 481.5 864.0 483.5 859.0 488.0 855.5 492.0 855.5 497.0 857.5 504.0 861.5 510.5 867.0 515.5 876.0 518.0 879.5 521.0 880.5 527.5 887.0 529.5 891.0 529.5 895.0 527.5 899.0 525.0 901.5 521.0 903.5
 10ML_sorting_tube_rack 1332.5 951.0 1335.5 949.0 1340.5 944.0 1343.5 938.0 1344.5 933.0 1343.5 932.0 1343.5 915.0 1342.5 914.0 1342.5 908.0 1340.0 905.5 1333.0 905.5 1332.0 904.5 1324.0 904.5 1321.5 908.0 1322.0 909.5 1332.0 912.5 1336.5 917.0 1337.5 919.0 1337.5 926.0 1334.0 930.5 1331.0 931.5 1318.0 931.5 1314.0 929.5 1311.5 927.0 1309.5 918.0 1305.5 911.0 1303.0 908.5 1299.0 907.5 1297.5 909.0 1294.5 919.0 1294.5 925.0 1297.5 931.0 1298.5 935.0 1300.0 935.5 1306.0 941.5 1310.0 942.5 1313.0 944.5 1319.0 950.5 1322.0 951.5 1332.0 951.5 1332.5 951.0
 10ML_sorting_tube_rack 550.0 924.5 546.0 924.5 543.5 921.0 545.0 917.5 549.0 917.5 551.5 920.0 550.0 924.5
 sorting_tube_rack_base 819.0 1512.5 818.0 1511.5 813.0 1511.5 812.0 1510.5 803.0 1509.5 796.0 1506.5 788.0 1505.5 780.0 1501.5 778.0 1499.5 767.0 1494.5 764.0 1492.5 757.0 1490.5 750.0 1486.5 745.0 1485.5 737.0 1481.5 735.0 1481.5 730.0 1478.5 723.0 1476.5 716.0 1472.5 711.0 1468.5 705.5 1463.0 696.5 1449.0 696.5 1436.0 697.5 1431.0 699.0 1428.5 707.0 1424.5 714.0 1424.5 719.0 1428.5 724.5 1434.0 724.5 1435.0 730.0 1440.5 741.0 1445.5 764.0 1445.5 765.0 1444.5 774.0 1444.5 775.0 1443.5 785.0 1441.5 790.0 1441.5 791.0 1440.5 797.0 1440.5 798.0 1439.5 805.0 1439.5 806.0 1438.5 813.0 1438.5 814.0 1437.5 821.0 1437.5 822.0 1436.5 829.0 1436.5 830.0 1435.5 841.0 1435.5 842.0 1434.5 852.0 1434.5 853.0 1433.5 862.0 1433.5 863.0 1432.5 870.0 1432.5 871.0 1431.5 877.0 1431.5 878.0 1430.5 886.0 1430.5 887.0 1429.5 894.0 1429.5 895.0 1428.5 901.0 1428.5 902.0 1427.5 907.0 1427.5 908.0 1426.5 917.0 1426.5 918.0 1425.5 925.0 1425.5 926.0 1424.5 934.0 1424.5 935.0 1423.5 943.0 1423.5 944.0 1422.5 950.0 1422.5 951.0 1421.5 956.0 1421.5 962.0 1419.5 967.0 1419.5 968.0 1418.5 977.0 1418.5 978.0 1417.5 987.0 1417.5 988.0 1416.5 996.0 1416.5 997.0 1415.5 1002.0 1415.5 1003.0 1414.5 1009.0 1414.5 1010.0 1413.5 1017.0 1413.5 1018.0 1412.5 1025.0 1412.5 1026.0 1411.5 1032.0 1411.5 1033.0 1410.5 1039.0 1410.5 1040.0 1409.5 1050.0 1409.5 1051.0 1408.5 1061.0 1408.5 1062.0 1407.5 1067.0 1407.5 1068.0 1406.5 1074.0 1406.5 1075.0 1405.5 1080.0 1405.5 1081.0 1404.5 1087.0 1404.5 1088.0 1403.5 1096.0 1403.5 1097.0 1402.5 1106.0 1402.5 1107.0 1401.5 1114.0 1401.5 1115.0 1400.5 1123.0 1400.5 1124.0 1399.5 1132.0 1399.5 1133.0 1398.5 1140.0 1398.5 1141.0 1397.5 1146.0 1397.5 1147.0 1396.5 1154.0 1396.5 1155.0 1395.5 1163.0 1395.5 1164.0 1394.5 1172.0 1394.5 1173.0 1393.5 1180.0 1393.5 1181.0 1392.5 1187.0 1392.5 1188.0 1391.5 1195.0 1391.5 1196.0 1390.5 1203.0 1390.5 1204.0 1389.5 1210.0 1389.5 1211.0 1388.5 1216.0 1388.5 1217.0 1387.5 1224.0 1387.5 1225.0 1386.5 1232.0 1386.5 1233.0 1385.5 1240.0 1385.5 1241.0 1384.5 1248.0 1384.5 1249.0 1383.5 1255.0 1383.5 1256.0 1382.5 1262.0 1382.5 1263.0 1381.5 1268.0 1381.5 1269.0 1380.5 1274.0 1380.5 1275.0 1379.5 1280.0 1379.5 1281.0 1378.5 1293.0 1378.5 1294.0 1377.5 1303.0 1377.5 1304.0 1376.5 1311.0 1376.5 1312.0 1375.5 1319.0 1375.5 1320.0 1374.5 1327.0 1374.5 1328.0 1373.5 1335.0 1373.5 1336.0 1372.5 1343.0 1372.5 1344.0 1371.5 1351.0 1371.5 1352.0 1370.5 1359.0 1370.5 1360.0 1369.5 1369.0 1369.5 1374.0 1368.5 1384.0 1363.5 1389.0 1360.5 1393.5 1356.0 1401.5 1345.0 1403.5 1338.0 1403.5 1331.0 1404.5 1330.0 1404.5 1323.0 1405.5 1322.0 1405.5 1316.0 1406.5 1315.0 1406.5 1310.0 1408.5 1304.0 1410.5 1294.0 1410.5 1288.0 1412.5 1282.0 1412.5 1273.0 1413.5 1272.0 1413.5 1263.0 1414.5 1262.0 1414.5 1251.0 1415.5 1250.0 1415.5 1241.0 1416.5 1240.0 1416.5 1223.0 1417.5 1222.0 1417.5 1214.0 1418.5 1213.0 1418.5 1206.0 1419.5 1205.0 1419.5 1193.0 1420.5 1192.0 1420.5 1186.0 1421.5 1185.0 1421.5 1178.0 1422.5 1177.0 1422.5 1165.0 1423.5 1164.0 1423.5 1156.0 1424.5 1155.0 1424.5 1149.0 1425.5 1148.0 1425.5 1143.0 1427.5 1133.0 1428.5 1132.0 1428.5 1125.0 1429.5 1124.0 1429.5 1116.0 1430.5 1115.0 1430.5 1110.0 1431.5 1109.0 1431.5 1104.0 1432.5 1103.0 1432.5 1094.0 1433.5 1093.0 1433.5 1083.0 1434.5 1082.0 1434.5 1072.0 1435.5 1071.0 1435.5 1060.0 1436.5 1059.0 1436.5 1049.0 1437.5 1048.0 1437.5 1040.0 1438.5 1039.0 1438.5 1033.0 1439.5 1032.0 1439.5 1026.0 1440.5 1025.0 1440.5 1019.0 1441.5 1018.0 1441.5 1013.0 1442.5 1012.0 1442.5 1003.0 1443.5 1002.0 1443.5 993.0 1444.5 992.0 1444.5 985.0 1445.5 984.0 1445.5 965.0 1441.5 959.0 1435.5 953.0 1434.5 947.0 1435.5 946.0 1436.5 939.0 1441.0 934.5 1445.0 932.5 1452.0 933.5 1454.0 935.5 1463.0 939.5 1475.5 952.0 1479.5 958.0 1481.5 963.0 1483.5 965.0 1487.5 972.0 1493.5 978.0 1496.5 983.0 1499.5 986.0 1507.5 999.0 1507.5 1001.0 1512.5 1010.0 1513.5 1014.0 1513.5 1032.0 1512.5 1033.0 1512.5 1045.0 1511.5 1046.0 1511.5 1054.0 1510.5 1055.0 1510.5 1066.0 1509.5 1067.0 1509.5 1077.0 1508.5 1078.0 1508.5 1086.0 1507.5 1087.0 1507.5 1096.0 1506.5 1097.0 1506.5 1106.0 1505.5 1107.0 1505.5 1116.0 1504.5 1117.0 1504.5 1126.0 1503.5 1127.0 1503.5 1139.0 1502.5 1140.0 1502.5 1149.0 1501.5 1150.0 1501.5 1155.0 1500.5 1156.0 1500.5 1162.0 1499.5 1163.0 1499.5 1175.0 1498.5 1176.0 1498.5 1183.0 1497.5 1184.0 1497.5 1192.0 1496.5 1193.0 1496.5 1211.0 1495.5 1212.0 1495.5 1220.0 1494.5 1221.0 1494.5 1233.0 1493.5 1234.0 1493.5 1242.0 1492.5 1243.0 1492.5 1252.0 1491.5 1253.0 1491.5 1262.0 1490.5 1263.0 1490.5 1274.0 1489.5 1275.0 1489.5 1285.0 1488.5 1286.0 1488.5 1292.0 1487.5 1293.0 1487.5 1303.0 1486.5 1304.0 1486.5 1317.0 1485.5 1318.0 1485.5 1327.0 1484.5 1328.0 1484.5 1338.0 1483.5 1339.0 1483.5 1347.0 1482.5 1348.0 1482.5 1357.0 1481.5 1358.0 1481.5 1367.0 1480.5 1368.0 1480.5 1376.0 1479.5 1377.0 1479.5 1383.0 1478.5 1384.0 1478.5 1389.0 1477.5 1390.0 1477.5 1396.0 1476.5 1401.0 1472.5 1410.0 1469.5 1414.0 1465.0 1418.5 1464.0 1418.5 1458.0 1423.5 1455.0 1424.5 1450.0 1428.5 1443.0 1431.5 1441.0 1431.5 1433.0 1434.5 1428.0 1434.5 1427.0 1435.5 1422.0 1435.5 1421.0 1436.5 1416.0 1436.5 1415.0 1437.5 1408.0 1437.5 1407.0 1438.5 1400.0 1438.5 1399.0 1439.5 1394.0 1439.5 1393.0 1440.5 1388.0 1440.5 1387.0 1441.5 1380.0 1441.5 1379.0 1442.5 1373.0 1442.5 1372.0 1443.5 1366.0 1443.5 1365.0 1444.5 1360.0 1444.5 1359.0 1445.5 1352.0 1445.5 1351.0 1446.5 1345.0 1446.5 1344.0 1447.5 1336.0 1447.5 1335.0 1448.5 1328.0 1448.5 1327.0 1449.5 1317.0 1449.5 1316.0 1450.5 1308.0 1450.5 1307.0 1451.5 1299.0 1451.5 1298.0 1452.5 1292.0 1452.5 1291.0 1453.5 1285.0 1453.5 1284.0 1454.5 1278.0 1454.5 1277.0 1455.5 1271.0 1455.5 1270.0 1456.5 1264.0 1456.5 1263.0 1457.5 1254.0 1457.5 1253.0 1458.5 1245.0 1458.5 1244.0 1459.5 1237.0 1459.5 1236.0 1460.5 1227.0 1460.5 1226.0 1461.5 1219.0 1461.5 1218.0 1462.5 1212.0 1462.5 1211.0 1463.5 1205.0 1463.5 1204.0 1464.5 1195.0 1464.5 1194.0 1465.5 1186.0 1465.5 1185.0 1466.5 1178.0 1466.5 1177.0 1467.5 1169.0 1467.5 1168.0 1468.5 1162.0 1468.5 1161.0 1469.5 1155.0 1469.5 1154.0 1470.5 1149.0 1470.5 1148.0 1471.5 1140.0 1471.5 1139.0 1472.5 1130.0 1472.5 1129.0 1473.5 1120.0 1473.5 1119.0 1474.5 1113.0 1474.5 1112.0 1475.5 1106.0 1475.5 1105.0 1476.5 1097.0 1476.5 1096.0 1477.5 1088.0 1477.5 1087.0 1478.5 1082.0 1478.5 1081.0 1479.5 1074.0 1479.5 1073.0 1480.5 1066.0 1480.5 1065.0 1481.5 1058.0 1481.5 1057.0 1482.5 1050.0 1482.5 1049.0 1483.5 1043.0 1483.5 1042.0 1484.5 1036.0 1484.5 1035.0 1485.5 1030.0 1485.5 1029.0 1486.5 1023.0 1486.5 1022.0 1487.5 1013.0 1487.5 1012.0 1488.5 1004.0 1488.5 1003.0 1489.5 997.0 1489.5 996.0 1490.5 988.0 1490.5 987.0 1491.5 978.0 1491.5 977.0 1492.5 971.0 1492.5 970.0 1493.5 963.0 1493.5 962.0 1494.5 953.0 1494.5 952.0 1495.5 946.0 1495.5 945.0 1496.5 940.0 1496.5 939.0 1497.5 933.0 1497.5 932.0 1498.5 925.0 1498.5 924.0 1499.5 917.0 1499.5 916.0 1500.5 910.0 1500.5 909.0 1501.5 903.0 1501.5 902.0 1502.5 894.0 1502.5 893.0 1503.5 886.0 1503.5 885.0 1504.5 879.0 1504.5 878.0 1505.5 871.0 1505.5 870.0 1506.5 863.0 1506.5 862.0 1507.5 855.0 1507.5 854.0 1508.5 846.0 1508.5 845.0 1509.5 834.0 1509.5 833.0 1510.5 827.0 1510.5 826.0 1511.5 820.0 1511.5 819.0 1512.5
 10ML_sorting_tube_rack 0.0 927.5 7.0 927.5 10.0 926.5 17.0 922.5 23.0 920.5 35.0 918.5 40.0 916.5 44.0 916.5 50.0 914.5 56.0 914.5 57.0 913.5 63.0 913.5 64.0 912.5 70.0 912.5 71.0 911.5 76.0 911.5 77.0 910.5 83.0 910.5 84.0 909.5 90.0 909.5 91.0 908.5 96.0 908.5 97.0 907.5 103.0 907.5 104.0 906.5 110.0 906.5 127.0 901.5 140.0 898.5 148.0 898.5 149.0 897.5 158.0 897.5 159.0 896.5 164.0 896.5 165.0 895.5 171.0 895.5 172.0 894.5 181.0 894.5 182.0 893.5 191.0 893.5 192.0 892.5 203.0 892.5 204.0 891.5 213.0 890.5 218.0 888.5 227.0 887.5 237.0 884.5 245.0 881.5 250.0 881.5 251.0 880.5 259.0 880.5 260.0 879.5 277.0 875.5 282.0 875.5 283.0 874.5 290.0 874.5 291.0 873.5 297.0 873.5 298.0 872.5 303.0 872.5 309.0 870.5 314.0 870.5 315.0 869.5 321.0 869.5 322.0 868.5 328.0 868.5 329.0 867.5 334.0 867.5 335.0 866.5 341.0 866.5 342.0 865.5 349.0 865.5 350.0 864.5 355.0 864.5 360.0 863.5 364.0 861.5 369.0 860.5 374.0 860.5 375.0 859.5 386.0 859.5 387.0 858.5 400.0 858.5 408.0 861.5 410.5 864.0 408.5 870.0 404.5 877.0 397.0 884.5 392.0 888.5 386.0 891.5 379.5 898.0 378.5 901.0 370.5 910.0 366.5 920.0 366.5 933.0 367.5 934.0 367.5 939.0 369.5 943.0 373.5 948.0 380.0 954.5 385.0 957.5 389.5 962.0 392.5 967.0 396.0 970.5 401.0 973.5 408.5 981.0 408.5 985.0 406.5 990.0 403.5 995.0 401.5 1000.0 400.5 1005.0 396.5 1013.0 392.5 1025.0 390.5 1028.0 386.5 1042.0 383.5 1048.0 378.5 1054.0 373.5 1065.0 372.5 1070.0 363.5 1088.0 363.5 1091.0 360.5 1098.0 360.5 1100.0 357.5 1105.0 350.5 1113.0 346.5 1120.0 343.5 1127.0 342.5 1132.0 340.5 1137.0 334.5 1149.0 334.5 1152.0 332.5 1156.0 331.5 1163.0 326.5 1174.0 321.5 1181.0 315.5 1195.0 315.5 1198.0 313.5 1203.0 312.5 1208.0 312.5 1217.0 311.5 1220.0 312.5 1224.0 316.5 1229.0 324.0 1235.5 331.0 1239.5 334.0 1242.5 337.0 1243.5 346.0 1248.5 351.0 1252.5 357.0 1255.5 365.0 1257.5 368.0 1259.5 372.0 1260.5 384.0 1272.5 387.0 1273.5 392.0 1277.5 396.0 1279.5 402.0 1284.5 407.0 1286.5 414.0 1287.5 418.0 1289.5 421.0 1289.5 434.0 1294.5 439.0 1295.5 444.0 1298.5 449.0 1300.5 451.0 1302.5 456.0 1304.5 461.0 1307.5 466.0 1311.5 478.0 1316.5 481.0 1318.5 490.0 1320.5 499.0 1326.5 506.0 1330.5 512.0 1332.5 514.0 1334.5 521.0 1337.5 523.0 1339.5 530.0 1342.5 533.0 1344.5 544.0 1347.5 547.0 1349.5 550.0 1349.5 557.0 1352.5 562.0 1353.5 571.0 1358.5 577.0 1364.5 578.0 1364.5 585.0 1370.5 589.0 1371.5 595.0 1374.5 604.0 1376.5 609.0 1376.5 613.0 1377.5 620.0 1381.5 623.0 1382.5 626.0 1385.5 635.0 1391.5 636.0 1391.5 645.0 1398.5 646.0 1398.5 655.0 1404.5 657.0 1404.5 663.0 1408.5 666.0 1409.5 671.0 1413.5 676.5 1419.0 680.5 1424.0 684.5 1432.0 685.5 1437.0 685.5 1443.0 686.5 1444.0 686.5 1453.0 685.5 1454.0 685.5 1464.0 684.5 1465.0 682.5 1476.0 680.5 1482.0 678.5 1485.0 676.5 1492.0 674.5 1495.0 673.5 1499.0 672.5 1508.0 671.5 1509.0 670.5 1516.0 669.5 1517.0 668.5 1523.0 663.5 1532.0 661.5 1540.0 655.5 1559.0 654.5 1560.0 650.5 1574.0 650.5 1578.0 645.5 1588.0 642.5 1597.0 641.5 1598.0 640.5 1605.0 639.5 1606.0 637.5 1614.0 635.5 1617.0 632.5 1628.0 632.5 1632.0 630.5 1637.0 629.5 1644.0 627.5 1648.0 621.5 1673.0 613.5 1689.0 610.5 1694.0 605.0 1700.5 597.0 1704.5 593.0 1707.5 581.0 1711.5 573.0 1712.5 572.0 1713.5 566.0 1713.5 565.0 1714.5 558.0 1714.5 557.0 1715.5 548.0 1715.5 547.0 1716.5 542.0 1716.5 537.0 1718.5 532.0 1719.5 522.0 1719.5 521.0 1720.5 515.0 1720.5 510.0 1722.5 506.0 1722.5 500.0 1724.5 490.0 1724.5 489.0 1725.5 479.0 1725.5 478.0 1726.5 468.0 1726.5 467.0 1727.5 461.0 1727.5 460.0 1728.5 454.0 1728.5 448.0 1730.5 436.0 1730.5 435.0 1731.5 411.0 1731.5 410.0 1732.5 402.0 1732.5 401.0 1733.5 394.0 1733.5 393.0 1734.5 383.0 1734.5 382.0 1735.5 372.0 1735.5 371.0 1736.5 356.0 1736.5 355.0 1737.5 347.0 1737.5 346.0 1738.5 341.0 1738.5 331.0 1740.5 330.0 1741.5 325.0 1741.5 324.0 1742.5 319.0 1742.5 318.0 1743.5 312.0 1743.5 306.0 1745.5 300.0 1745.5 299.0 1746.5 294.0 1746.5 293.0 1747.5 288.0 1747.5 287.0 1748.5 282.0 1748.5 281.0 1749.5 274.0 1749.5 273.0 1750.5 266.0 1750.5 265.0 1751.5 255.0 1751.5 254.0 1752.5 241.0 1752.5 240.0 1753.5 228.0 1753.5 227.0 1754.5 218.0 1754.5 217.0 1755.5 207.0 1755.5 206.0 1756.5 197.0 1756.5 196.0 1755.5 187.0 1755.5 182.0 1753.5 173.0 1752.5 168.0 1750.5 160.0 1748.5 154.0 1745.5 151.0 1745.5 147.0 1743.5 140.0 1742.5 133.0 1739.5 124.0 1737.5 120.0 1735.5 115.0 1735.5 114.0 1734.5 105.0 1734.5 104.0 1733.5 98.0 1733.5 93.0 1731.5 88.0 1730.5 83.0 1730.5 71.0 1727.5 58.0 1722.5 55.0 1722.5 46.0 1719.5 42.0 1719.5 38.0 1717.5 33.0 1716.5 26.0 1713.5 17.0 1712.5 11.0 1710.5 0.0 1710.5
 sorting_tube_rack_base 1375.0 2156.5 1362.0 2156.5 1361.0 2155.5 1315.0 2155.5 1314.0 2154.5 1310.0 2155.5 1220.0 2155.5 1219.0 2154.5 1046.0 2154.5 1045.0 2155.5 972.0 2155.5 971.0 2154.5 959.0 2154.5 958.0 2155.5 926.0 2155.5 925.0 2154.5 885.0 2154.5 884.0 2155.5 845.0 2155.5 844.0 2154.5 642.0 2154.5 641.0 2155.5 596.0 2155.5 595.0 2156.5 589.0 2156.5 588.0 2155.5 580.0 2155.5 579.0 2154.5 565.0 2154.5 564.0 2155.5 481.0 2155.5 480.0 2156.5 455.0 2156.5 450.0 2154.5 447.5 2151.0 447.5 2138.0 448.5 2134.0 450.5 2131.0 453.5 2120.0 458.5 2111.0 460.5 2105.0 460.5 2102.0 463.5 2091.0 465.5 2088.0 470.5 2073.0 471.5 2068.0 473.5 2064.0 475.5 2055.0 477.5 2052.0 479.5 2044.0 483.5 2035.0 484.5 2030.0 487.5 2025.0 489.5 2020.0 489.5 2017.0 494.5 2005.0 497.5 1994.0 500.5 1989.0 504.5 1975.0 507.5 1970.0 507.5 1968.0 513.5 1954.0 513.5 1951.0 517.5 1941.0 517.5 1938.0 519.5 1935.0 520.5 1930.0 522.5 1927.0 525.5 1916.0 525.5 1912.0 527.5 1906.0 529.5 1903.0 530.5 1898.0 534.5 1888.0 534.5 1885.0 536.5 1880.0 542.5 1869.0 544.5 1864.0 545.5 1859.0 547.5 1856.0 549.5 1848.0 551.5 1845.0 553.5 1836.0 555.5 1833.0 556.5 1828.0 558.5 1825.0 559.5 1820.0 563.5 1812.0 564.5 1807.0 566.5 1804.0 567.5 1799.0 573.5 1786.0 579.5 1779.0 581.5 1775.0 592.0 1764.5 596.0 1762.5 605.0 1755.5 610.0 1753.5 617.0 1752.5 623.0 1750.5 630.0 1750.5 631.0 1749.5 638.0 1749.5 639.0 1748.5 651.0 1748.5 652.0 1747.5 668.0 1747.5 669.0 1746.5 676.0 1746.5 677.0 1745.5 683.0 1745.5 684.0 1744.5 695.0 1744.5 696.0 1743.5 704.0 1743.5 705.0 1742.5 713.0 1742.5 714.0 1741.5 725.0 1741.5 726.0 1740.5 733.0 1740.5 734.0 1739.5 740.0 1739.5 741.0 1738.5 750.0 1738.5 751.0 1737.5 759.0 1737.5 760.0 1736.5 766.0 1736.5 767.0 1735.5 774.0 1735.5 775.0 1734.5 789.0 1734.5 790.0 1733.5 801.0 1733.5 802.0 1732.5 811.0 1732.5 812.0 1731.5 821.0 1731.5 822.0 1730.5 829.0 1730.5 830.0 1729.5 840.0 1729.5 841.0 1728.5 853.0 1728.5 854.0 1727.5 864.0 1727.5 865.0 1726.5 871.0 1726.5 872.0 1725.5 880.0 1725.5 881.0 1724.5 889.0 1724.5 890.0 1723.5 897.0 1723.5 898.0 1722.5 906.0 1722.5 907.0 1721.5 916.0 1721.5 917.0 1720.5 929.0 1720.5 930.0 1719.5 943.0 1719.5 944.0 1718.5 954.0 1718.5 955.0 1717.5 965.0 1717.5 966.0 1716.5 973.0 1716.5 974.0 1715.5 979.0 1715.5 980.0 1714.5 995.0 1714.5 996.0 1713.5 1008.0 1713.5 1009.0 1712.5 1019.0 1712.5 1020.0 1711.5 1029.0 1711.5 1030.0 1710.5 1039.0 1710.5 1040.0 1709.5 1050.0 1709.5 1051.0 1708.5 1061.0 1708.5 1062.0 1707.5 1072.0 1707.5 1073.0 1706.5 1084.0 1706.5 1085.0 1705.5 1098.0 1705.5 1099.0 1704.5 1109.0 1704.5 1110.0 1703.5 1121.0 1703.5 1122.0 1702.5 1135.0 1702.5 1136.0 1701.5 1143.0 1701.5 1144.0 1700.5 1153.0 1700.5 1154.0 1699.5 1165.0 1699.5 1166.0 1698.5 1174.0 1698.5 1175.0 1697.5 1183.0 1697.5 1184.0 1696.5 1194.0 1696.5 1195.0 1695.5 1207.0 1695.5 1208.0 1694.5 1216.0 1694.5 1217.0 1693.5 1224.0 1693.5 1225.0 1692.5 1232.0 1692.5 1233.0 1691.5 1244.0 1691.5 1245.0 1690.5 1260.0 1690.5 1261.0 1689.5 1274.0 1689.5 1275.0 1688.5 1286.0 1688.5 1287.0 1687.5 1298.0 1687.5 1299.0 1686.5 1307.0 1686.5 1308.0 1685.5 1319.0 1685.5 1320.0 1684.5 1343.0 1684.5 1348.0 1686.5 1357.0 1688.5 1360.0 1690.5 1365.0 1691.5 1368.0 1693.5 1373.0 1694.5 1381.0 1698.5 1383.0 1700.5 1392.0 1704.5 1404.0 1712.5 1410.5 1719.0 1413.5 1723.0 1414.5 1726.0 1417.5 1730.0 1424.5 1737.0 1424.5 1738.0 1429.5 1745.0 1430.5 1749.0 1430.5 1757.0 1431.5 1758.0 1431.5 1769.0 1430.5 1770.0 1430.5 1783.0 1429.5 1784.0 1429.5 1796.0 1428.5 1797.0 1428.5 1806.0 1427.5 1807.0 1427.5 1820.0 1426.5 1821.0 1426.5 1828.0 1425.5 1829.0 1425.5 1836.0 1424.5 1837.0 1424.5 1843.0 1423.5 1844.0 1423.5 1851.0 1422.5 1852.0 1421.5 1861.0 1420.5 1862.0 1420.5 1867.0 1419.5 1868.0 1419.5 1882.0 1418.5 1883.0 1418.5 1888.0 1416.5 1894.0 1416.5 1903.0 1415.5 1904.0 1415.5 1914.0 1414.5 1915.0 1414.5 1923.0 1413.5 1924.0 1413.5 1933.0 1412.5 1934.0 1412.5 1944.0 1411.5 1945.0 1411.5 1956.0 1410.5 1957.0 1410.5 1964.0 1409.5 1965.0 1409.5 1971.0 1408.5 1972.0 1408.5 1981.0 1407.5 1982.0 1407.5 1991.0 1406.5 1992.0 1406.5 2002.0 1405.5 2003.0 1405.5 2009.0 1404.5 2010.0 1402.5 2020.0 1402.5 2027.0 1401.5 2028.0 1401.5 2037.0 1400.5 2038.0 1400.5 2049.0 1399.5 2050.0 1399.5 2059.0 1398.5 2060.0 1398.5 2066.0 1396.5 2072.0 1396.5 2077.0 1395.5 2078.0 1395.5 2084.0 1394.5 2085.0 1394.5 2092.0 1393.5 2093.0 1393.5 2100.0 1392.5 2101.0 1392.5 2108.0 1391.5 2109.0 1391.5 2120.0 1390.5 2125.0 1388.5 2129.0 1386.5 2137.0 1386.5 2143.0 1385.5 2144.0 1385.5 2149.0 1383.5 2153.0 1379.0 2155.5 1375.0 2156.5
 10ML_centrifuge_tube 2160.0 940.5 2149.0 940.5 2148.0 939.5 2140.0 939.5 2135.0 938.5 2130.0 935.5 2121.0 932.5 2116.0 928.5 2113.0 927.5 2107.0 922.5 2106.0 922.5 2097.5 914.0 2093.5 909.0 2088.5 898.0 2087.5 890.0 2084.5 877.0 2083.5 876.0 2083.5 869.0 2082.5 868.0 2082.5 862.0 2081.5 861.0 2081.5 855.0 2080.5 854.0 2080.5 848.0 2079.5 847.0 2079.5 827.0 2080.5 826.0 2080.5 820.0 2083.5 812.0 2085.5 810.0 2087.5 805.0 2091.5 800.0 2092.5 797.0 2095.5 793.0 2101.0 787.5 2106.0 783.5 2111.0 780.5 2117.0 775.5 2123.0 772.5 2125.0 772.5 2132.0 769.5 2136.0 768.5 2145.0 767.5 2150.0 765.5 2155.0 765.5 2156.0 764.5 2169.0 764.5 2170.0 765.5 2175.0 765.5 2176.0 766.5 2181.0 766.5 2182.0 767.5 2187.0 767.5 2188.0 768.5 2193.0 768.5 2198.0 769.5 2205.0 772.5 2209.0 776.5 2214.0 779.5 2221.5 787.0 2221.5 788.0 2226.5 793.0 2232.5 802.0 2235.5 810.0 2238.5 816.0 2238.5 822.0 2239.5 823.0 2239.5 836.0 2240.5 837.0 2240.5 852.0 2241.5 853.0 2241.5 879.0 2237.5 893.0 2234.5 900.0 2228.5 907.0 2225.5 912.0 2218.0 919.5 2208.0 926.5 2194.0 933.5 2181.0 938.5 2172.0 938.5 2171.0 939.5 2161.0 939.5 2160.0 940.5
 5ML_centrifuge_tube 1990.0 1006.5 1976.0 1006.5 1975.0 1005.5 1969.0 1005.5 1968.0 1004.5 1955.0 1001.5 1948.0 997.5 1944.0 994.5 1932.5 983.0 1930.5 980.0 1928.5 974.0 1926.5 971.0 1922.5 959.0 1918.5 944.0 1916.5 941.0 1914.5 935.0 1914.5 928.0 1913.5 927.0 1913.5 919.0 1915.5 914.0 1915.5 910.0 1917.5 904.0 1920.5 898.0 1922.5 896.0 1927.5 887.0 1943.0 871.5 1947.0 868.5 1957.0 864.5 1960.0 862.5 1968.0 860.5 1971.0 858.5 1976.0 857.5 2003.0 857.5 2012.0 859.5 2016.0 861.5 2019.0 861.5 2032.0 867.5 2036.0 870.5 2045.5 880.0 2046.5 883.0 2050.5 888.0 2052.5 893.0 2053.5 900.0 2055.5 904.0 2057.5 916.0 2059.5 920.0 2060.5 925.0 2060.5 930.0 2061.5 931.0 2061.5 937.0 2062.5 938.0 2062.5 951.0 2059.5 963.0 2055.5 970.0 2046.5 979.0 2043.5 984.0 2040.0 987.5 2034.0 990.5 2026.0 992.5 2018.0 996.5 2013.0 997.5 2008.0 1000.5 2006.0 1000.5 2001.0 1003.5 1990.0 1006.5
 5ML_centrifuge_tube 2239.0 1124.5 2224.0 1124.5 2223.0 1123.5 2218.0 1123.5 2213.0 1122.5 2204.0 1119.5 2193.0 1114.5 2186.0 1109.5 2175.5 1099.0 2173.5 1095.0 2170.5 1092.0 2167.5 1087.0 2162.5 1070.0 2162.5 1064.0 2161.5 1063.0 2161.5 1058.0 2160.5 1057.0 2158.5 1045.0 2157.5 1044.0 2157.5 1022.0 2158.5 1017.0 2161.5 1007.0 2167.5 996.0 2170.5 992.0 2181.0 981.5 2192.0 974.5 2198.0 971.5 2209.0 967.5 2215.0 966.5 2221.0 964.5 2232.0 964.5 2233.0 963.5 2245.0 963.5 2246.0 964.5 2252.0 964.5 2257.0 965.5 2271.0 969.5 2282.0 976.5 2288.0 979.5 2300.5 992.0 2304.5 998.0 2306.5 1004.0 2309.5 1009.0 2312.5 1020.0 2312.5 1025.0 2313.5 1026.0 2313.5 1037.0 2314.5 1038.0 2314.5 1066.0 2313.5 1067.0 2313.5 1073.0 2311.5 1078.0 2307.5 1084.0 2304.5 1090.0 2289.0 1105.5 2281.0 1109.5 2274.0 1114.5 2272.0 1114.5 2268.0 1117.5 2261.0 1119.5 2257.0 1121.5 2248.0 1123.5 2240.0 1123.5 2239.0 1124.5
 5ML_centrifuge_tube 1944.0 1459.5 1923.0 1459.5 1922.0 1458.5 1916.0 1458.5 1911.0 1457.5 1905.0 1454.5 1900.0 1453.5 1889.0 1447.5 1883.0 1441.5 1877.0 1437.5 1868.5 1429.0 1864.5 1423.0 1864.5 1421.0 1860.5 1415.0 1857.5 1408.0 1855.5 1406.0 1849.5 1394.0 1847.5 1387.0 1845.5 1383.0 1845.5 1379.0 1843.5 1373.0 1843.5 1354.0 1846.5 1341.0 1853.5 1325.0 1861.5 1314.0 1867.0 1308.5 1868.0 1308.5 1873.0 1303.5 1878.0 1299.5 1882.0 1297.5 1885.0 1294.5 1890.0 1291.5 1899.0 1288.5 1903.0 1286.5 1906.0 1286.5 1910.0 1284.5 1917.0 1284.5 1918.0 1283.5 1942.0 1283.5 1947.0 1285.5 1951.0 1285.5 1964.0 1290.5 1976.0 1298.5 1991.5 1314.0 1995.5 1322.0 1998.5 1326.0 2002.5 1337.0 2007.5 1348.0 2009.5 1351.0 2010.5 1356.0 2012.5 1360.0 2013.5 1369.0 2014.5 1370.0 2014.5 1386.0 2013.5 1387.0 2013.5 1392.0 2011.5 1397.0 2011.5 1401.0 2008.5 1407.0 2008.5 1409.0 2004.5 1416.0 1999.5 1426.0 1991.0 1434.5 1990.0 1434.5 1982.0 1440.5 1977.0 1445.5 1969.0 1450.5 1960.0 1454.5 1948.0 1457.5 1944.0 1459.5
 10ML_centrifuge_tube 1869.0 1235.5 1849.0 1235.5 1848.0 1234.5 1843.0 1234.5 1831.0 1230.5 1822.0 1225.5 1819.0 1224.5 1812.0 1219.5 1806.5 1214.0 1802.5 1208.0 1796.5 1202.0 1793.5 1197.0 1791.5 1190.0 1789.5 1188.0 1788.5 1184.0 1786.5 1182.0 1784.5 1176.0 1782.5 1173.0 1779.5 1166.0 1777.5 1163.0 1776.5 1158.0 1774.5 1155.0 1773.5 1149.0 1771.5 1145.0 1771.5 1139.0 1770.5 1138.0 1770.5 1121.0 1771.5 1120.0 1771.5 1115.0 1775.5 1104.0 1777.5 1101.0 1779.5 1095.0 1786.5 1085.0 1791.5 1080.0 1795.0 1075.5 1796.0 1075.5 1802.0 1069.5 1806.0 1067.5 1811.0 1063.5 1824.0 1056.5 1829.0 1055.5 1832.0 1053.5 1835.0 1053.5 1840.0 1051.5 1845.0 1051.5 1846.0 1050.5 1851.0 1050.5 1852.0 1049.5 1859.0 1049.5 1860.0 1050.5 1872.0 1050.5 1873.0 1051.5 1878.0 1051.5 1889.0 1056.5 1895.0 1057.5 1905.0 1063.5 1910.0 1067.5 1921.5 1079.0 1926.5 1086.0 1929.5 1093.0 1935.5 1104.0 1937.5 1112.0 1939.5 1115.0 1940.5 1120.0 1944.5 1130.0 1945.5 1139.0 1947.5 1144.0 1947.5 1155.0 1948.5 1156.0 1948.5 1162.0 1947.5 1163.0 1947.5 1168.0 1946.5 1169.0 1945.5 1176.0 1943.5 1180.0 1943.5 1183.0 1936.5 1199.0 1931.0 1204.5 1930.0 1204.5 1924.5 1210.0 1924.5 1211.0 1918.0 1217.5 1915.0 1219.5 1901.0 1226.5 1889.0 1230.5 1886.0 1232.5 1877.0 1234.5 1870.0 1234.5 1869.0 1235.5
 10ML_centrifuge_tube 2062.0 1178.5 2033.0 1178.5 2028.0 1177.5 2024.0 1175.5 2018.0 1174.5 2012.0 1171.5 2010.0 1169.5 2003.0 1166.5 1997.0 1162.5 1990.5 1156.0 1987.5 1152.0 1985.5 1147.0 1983.5 1145.0 1981.5 1140.0 1979.5 1138.0 1977.5 1132.0 1973.5 1124.0 1972.5 1119.0 1970.5 1116.0 1968.5 1108.0 1964.5 1098.0 1964.5 1096.0 1961.5 1088.0 1961.5 1081.0 1960.5 1080.0 1960.5 1058.0 1963.5 1048.0 1969.5 1036.0 1973.5 1030.0 1976.5 1027.0 1978.5 1023.0 1987.0 1014.5 1988.0 1014.5 2000.0 1005.5 2008.0 1001.5 2010.0 1001.5 2015.0 998.5 2018.0 998.5 2023.0 996.5 2026.0 996.5 2034.0 993.5 2042.0 993.5 2043.0 992.5 2048.0 992.5 2049.0 993.5 2055.0 993.5 2056.0 994.5 2064.0 994.5 2069.0 996.5 2074.0 996.5 2078.0 997.5 2095.0 1007.5 2103.0 1012.5 2108.5 1018.0 2111.5 1022.0 2118.5 1033.0 2124.5 1045.0 2124.5 1048.0 2127.5 1060.0 2129.5 1064.0 2131.5 1076.0 2132.5 1077.0 2132.5 1082.0 2133.5 1083.0 2133.5 1090.0 2134.5 1091.0 2134.5 1111.0 2133.5 1112.0 2133.5 1119.0 2131.5 1125.0 2124.5 1139.0 2120.5 1145.0 2104.0 1161.5 2101.0 1162.5 2091.0 1168.5 2079.0 1174.5 2068.0 1177.5 2063.0 1177.5 2062.0 1178.5
 10ML_centrifuge_tube 2334.0 1320.5 2324.0 1320.5 2323.0 1319.5 2315.0 1319.5 2314.0 1318.5 2305.0 1317.5 2304.0 1316.5 2298.0 1315.5 2292.0 1312.5 2289.0 1312.5 2278.0 1306.5 2270.0 1300.5 2262.0 1295.5 2252.5 1286.0 2244.5 1275.0 2238.5 1262.0 2238.5 1260.0 2235.5 1254.0 2234.5 1250.0 2234.5 1244.0 2233.5 1243.0 2233.5 1234.0 2232.5 1233.0 2232.5 1189.0 2234.5 1183.0 2235.5 1175.0 2239.5 1167.0 2239.5 1165.0 2244.5 1156.0 2247.5 1152.0 2252.5 1147.0 2252.5 1146.0 2262.0 1136.5 2267.0 1134.5 2273.0 1130.5 2277.0 1126.5 2287.0 1122.5 2304.0 1118.5 2309.0 1118.5 2310.0 1117.5 2333.0 1117.5 2334.0 1118.5 2340.0 1118.5 2341.0 1119.5 2347.0 1119.5 2354.0 1122.5 2364.0 1125.5 2378.0 1132.5 2384.0 1136.5 2389.0 1141.5 2390.0 1141.5 2395.5 1147.0 2395.5 1148.0 2402.5 1155.0 2402.5 1156.0 2407.5 1162.0 2411.5 1171.0 2413.5 1173.0 2416.5 1180.0 2416.5 1184.0 2418.5 1189.0 2418.5 1195.0 2419.5 1196.0 2419.5 1208.0 2420.5 1209.0 2420.5 1225.0 2419.5 1226.0 2419.5 1241.0 2418.5 1242.0 2418.5 1251.0 2416.5 1256.0 2415.5 1261.0 2410.5 1271.0 2403.5 1284.0 2391.0 1296.5 2390.0 1296.5 2385.0 1301.5 2380.0 1305.5 2371.0 1310.5 2364.0 1313.5 2354.0 1315.5 2349.0 1317.5 2345.0 1317.5 2335.0 1319.5 2334.0 1320.5
 10ML_centrifuge_tube 3465.0 894.5 3439.0 894.5 3438.0 893.5 3432.0 893.5 3426.0 891.5 3420.0 891.5 3419.0 890.5 3414.0 890.5 3403.0 887.5 3399.0 885.5 3394.0 884.5 3388.0 881.5 3383.0 877.5 3374.0 874.5 3365.0 869.5 3358.5 864.0 3358.5 863.0 3353.5 858.0 3353.5 857.0 3334.5 838.0 3332.5 835.0 3328.5 823.0 3328.5 805.0 3329.5 804.0 3330.5 798.0 3335.5 789.0 3338.5 785.0 3343.5 780.0 3343.5 779.0 3352.5 770.0 3354.5 767.0 3362.5 751.0 3366.5 747.0 3371.5 739.0 3373.5 734.0 3382.0 725.5 3383.0 725.5 3391.0 717.5 3400.0 712.5 3405.0 711.5 3410.0 709.5 3419.0 704.5 3424.0 703.5 3428.0 701.5 3432.0 701.5 3437.0 699.5 3442.0 699.5 3443.0 698.5 3455.0 695.5 3467.0 695.5 3468.0 694.5 3473.0 695.5 3486.0 695.5 3487.0 696.5 3493.0 696.5 3494.0 697.5 3499.0 697.5 3505.0 699.5 3511.0 699.5 3512.0 700.5 3517.0 700.5 3518.0 701.5 3525.0 702.5 3530.0 705.5 3536.0 707.5 3539.0 710.5 3542.0 711.5 3546.0 714.5 3552.0 715.5 3559.0 718.5 3564.5 724.0 3564.5 725.0 3570.0 730.5 3575.0 733.5 3581.5 740.0 3590.5 757.0 3592.5 767.0 3593.5 768.0 3593.5 788.0 3590.5 794.0 3589.5 799.0 3587.5 804.0 3582.5 811.0 3574.5 819.0 3573.5 822.0 3570.5 826.0 3564.5 832.0 3564.5 833.0 3558.0 839.5 3557.0 839.5 3546.5 850.0 3538.5 863.0 3529.0 872.5 3526.0 873.5 3521.0 877.5 3518.0 878.5 3508.0 885.5 3504.0 887.5 3492.0 889.5 3487.0 891.5 3482.0 891.5 3481.0 892.5 3476.0 892.5 3475.0 893.5 3466.0 893.5 3465.0 894.5
 10ML_centrifuge_tube 3315.0 908.5 3307.0 908.5 3303.0 906.5 3298.0 902.5 3291.5 894.0 3291.5 890.0 3294.5 884.0 3298.0 880.5 3305.0 876.5 3320.0 876.5 3328.0 879.5 3333.0 883.5 3337.0 885.5 3341.5 890.0 3341.5 895.0 3340.5 897.0 3334.0 903.5 3321.0 907.5 3316.0 907.5 3315.0 908.5
 10ML_centrifuge_tube 3251.0 1141.5 3241.0 1141.5 3233.0 1138.5 3228.0 1137.5 3222.0 1137.5 3218.0 1136.5 3213.5 1133.0 3213.5 1128.0 3214.5 1127.0 3217.5 1119.0 3222.0 1114.5 3227.0 1111.5 3231.5 1107.0 3236.5 1098.0 3237.5 1092.0 3239.5 1086.0 3246.0 1079.5 3250.0 1078.5 3256.0 1075.5 3261.5 1070.0 3263.5 1058.0 3267.5 1053.0 3269.5 1047.0 3269.5 1044.0 3271.5 1039.0 3278.5 1027.0 3292.0 1013.5 3301.0 1009.5 3304.5 1004.0 3305.5 999.0 3308.5 993.0 3312.5 988.0 3313.5 985.0 3320.0 978.5 3323.0 977.5 3329.0 977.5 3330.0 976.5 3336.0 976.5 3345.0 973.5 3349.0 973.5 3357.0 968.5 3367.0 965.5 3373.0 965.5 3374.0 964.5 3400.0 964.5 3404.0 965.5 3410.5 969.0 3410.5 974.0 3411.5 975.0 3411.5 981.0 3408.5 986.0 3390.0 1004.5 3385.0 1008.5 3380.0 1011.5 3374.0 1017.5 3373.0 1017.5 3366.5 1024.0 3366.5 1025.0 3361.5 1030.0 3361.5 1031.0 3355.5 1037.0 3355.5 1038.0 3333.5 1060.0 3333.5 1061.0 3306.5 1088.0 3306.5 1089.0 3300.5 1095.0 3296.5 1101.0 3291.0 1106.5 3290.0 1106.5 3283.5 1113.0 3280.5 1118.0 3262.0 1136.5 3251.0 1141.5
dispensing_tube_rack 3839.0 1920.5 3834.0 1920.5 3830.5 1917.0 3829.5 1914.0 3823.5 1905.0 3822.5 1902.0 3818.5 1896.0 3813.5 1882.0 3811.5 1880.0 3808.5 1874.0 3806.5 1865.0 3801.5 1856.0 3799.5 1851.0 3797.5 1849.0 3795.5 1844.0 3793.5 1842.0 3791.5 1836.0 3789.5 1833.0 3785.5 1822.0 3783.5 1820.0 3780.5 1814.0 3775.5 1799.0 3771.5 1795.0 3765.5 1786.0 3760.5 1775.0 3760.5 1765.0 3759.5 1761.0 3751.5 1749.0 3747.5 1739.0 3741.5 1731.0 3736.5 1722.0 3732.5 1716.0 3730.5 1711.0 3729.5 1706.0 3726.5 1700.0 3720.5 1692.0 3718.5 1687.0 3716.5 1678.0 3712.5 1671.0 3709.5 1668.0 3703.5 1655.0 3703.5 1650.0 3702.5 1649.0 3701.5 1641.0 3699.5 1637.0 3693.5 1629.0 3693.5 1627.0 3688.5 1618.0 3683.0 1612.5 3682.0 1612.5 3676.5 1607.0 3672.5 1601.0 3669.5 1594.0 3664.0 1589.5 3647.0 1589.5 3646.0 1590.5 3637.0 1590.5 3636.0 1591.5 3608.0 1591.5 3607.0 1592.5 3595.0 1592.5 3594.0 1593.5 3573.0 1593.5 3572.0 1594.5 3557.0 1594.5 3556.0 1595.5 3547.0 1595.5 3546.0 1596.5 3536.0 1596.5 3535.0 1597.5 3525.0 1597.5 3524.0 1598.5 3512.0 1598.5 3511.0 1599.5 3503.0 1599.5 3502.0 1600.5 3484.0 1600.5 3483.0 1601.5 3475.0 1601.5 3474.0 1602.5 3453.0 1602.5 3447.0 1604.5 3421.0 1604.5 3420.0 1605.5 3415.0 1605.5 3414.0 1606.5 3406.0 1606.5 3405.0 1605.5 3395.0 1605.5 3390.0 1606.5 3385.0 1608.5 3375.0 1608.5 3374.0 1607.5 3361.0 1607.5 3355.0 1609.5 3343.0 1609.5 3342.0 1608.5 3334.0 1608.5 3328.0 1610.5 3311.0 1610.5 3310.0 1609.5 3304.0 1610.5 3294.0 1614.5 3282.0 1614.5 3281.0 1613.5 3251.0 1613.5 3250.0 1614.5 3241.0 1614.5 3236.0 1615.5 3225.0 1619.5 3222.0 1621.5 3217.5 1626.0 3214.5 1634.0 3211.5 1640.0 3211.5 1647.0 3212.5 1648.0 3212.5 1653.0 3213.5 1654.0 3213.5 1671.0 3216.5 1677.0 3221.0 1681.5 3223.5 1683.0 3226.5 1688.0 3228.5 1700.0 3231.5 1706.0 3233.5 1708.0 3236.5 1716.0 3237.5 1717.0 3237.5 1724.0 3238.5 1725.0 3238.5 1732.0 3243.5 1741.0 3248.5 1746.0 3252.5 1754.0 3254.5 1761.0 3260.5 1769.0 3266.5 1782.0 3266.5 1787.0 3267.5 1791.0 3273.5 1800.0 3275.5 1806.0 3275.5 1820.0 3277.5 1825.0 3284.5 1831.0 3287.5 1838.0 3287.5 1843.0 3288.5 1844.0 3288.5 1850.0 3289.5 1853.0 3293.5 1858.0 3297.5 1866.0 3298.5 1870.0 3298.5 1875.0 3299.5 1876.0 3299.5 1881.0 3301.5 1887.0 3304.5 1893.0 3306.5 1895.0 3312.5 1912.0 3314.5 1915.0 3324.0 1924.5 3326.5 1926.0 3328.5 1930.0 3328.5 1935.0 3329.5 1936.0 3329.5 1942.0 3334.5 1955.0 3334.5 1971.0 3335.5 1974.0 3340.0 1978.5 3343.0 1979.5 3348.5 1984.0 3350.5 1988.0 3351.5 1993.0 3351.5 1999.0 3353.5 2005.0 3355.5 2008.0 3358.5 2018.0 3358.5 2025.0 3359.5 2026.0 3359.5 2032.0 3363.5 2041.0 3368.5 2046.0 3371.5 2050.0 3371.5 2053.0 3373.5 2060.0 3376.5 2066.0 3382.5 2075.0 3383.5 2078.0 3383.5 2090.0 3385.5 2095.0 3394.5 2109.0 3394.5 2122.0 3396.5 2126.0 3401.5 2131.0 3403.5 2134.0 3404.5 2139.0 3402.5 2144.0 3399.0 2150.5 3396.0 2151.5 3391.0 2151.5 3390.0 2152.5 3384.0 2152.5 3383.0 2153.5 3378.0 2152.5 3364.0 2152.5 3363.0 2153.5 3358.0 2153.5 3357.0 2154.5 3343.0 2154.5 3342.0 2153.5 3315.0 2153.5 3314.0 2152.5 3292.0 2152.5 3287.0 2150.5 3286.5 2149.0 3281.0 2143.5 3280.0 2143.5 3274.5 2138.0 3270.5 2129.0 3264.5 2120.0 3262.5 2112.0 3260.5 2109.0 3259.5 2104.0 3254.5 2089.0 3250.5 2082.0 3248.5 2077.0 3246.5 2069.0 3244.5 2066.0 3242.5 2060.0 3242.5 2057.0 3240.5 2053.0 3240.5 2050.0 3238.5 2045.0 3238.5 2042.0 3232.5 2031.0 3226.5 2019.0 3224.5 2013.0 3224.5 2010.0 3221.5 2003.0 3220.5 1998.0 3217.5 1992.0 3215.5 1990.0 3213.5 1985.0 3212.5 1980.0 3207.5 1968.0 3207.5 1965.0 3202.5 1953.0 3200.5 1951.0 3196.5 1943.0 3195.5 1938.0 3190.5 1927.0 3190.5 1924.0 3188.5 1920.0 3188.5 1917.0 3186.5 1913.0 3185.5 1908.0 3183.5 1904.0 3181.5 1894.0 3172.5 1876.0 3172.5 1874.0 3169.5 1869.0 3167.5 1858.0 3165.5 1853.0 3164.5 1848.0 3161.5 1843.0 3156.5 1831.0 3152.5 1823.0 3151.5 1818.0 3149.5 1814.0 3149.5 1811.0 3147.5 1806.0 3146.5 1800.0 3144.5 1797.0 3141.5 1789.0 3139.5 1787.0 3138.5 1783.0 3135.5 1778.0 3133.5 1773.0 3129.5 1759.0 3127.5 1756.0 3126.5 1751.0 3124.5 1748.0 3121.5 1736.0 3119.5 1733.0 3117.5 1727.0 3117.5 1724.0 3113.5 1714.0 3109.5 1709.0 3107.5 1703.0 3105.5 1700.0 3103.5 1692.0 3101.5 1689.0 3101.5 1686.0 3099.5 1679.0 3094.5 1669.0 3092.5 1661.0 3090.5 1656.0 3090.5 1652.0 3088.5 1644.0 3086.5 1640.0 3085.5 1633.0 3083.5 1629.0 3082.5 1623.0 3079.5 1618.0 3078.5 1613.0 3076.5 1610.0 3076.5 1607.0 3074.5 1604.0 3073.5 1599.0 3067.5 1589.0 3067.5 1587.0 3064.5 1582.0 3064.5 1579.0 3062.5 1575.0 3060.5 1564.0 3055.5 1553.0 3052.5 1549.0 3052.5 1547.0 3048.5 1539.0 3046.5 1531.0 3043.5 1524.0 3042.5 1519.0 3040.5 1514.0 3038.5 1512.0 3037.5 1508.0 3035.5 1505.0 3033.5 1495.0 3031.5 1491.0 3028.5 1479.0 3028.5 1475.0 3025.5 1465.0 3018.5 1453.0 3014.5 1442.0 3008.5 1430.0 3004.5 1419.0 3004.5 1416.0 3001.5 1406.0 2999.5 1403.0 2996.5 1392.0 2996.5 1389.0 2994.5 1385.0 2993.5 1380.0 2989.5 1372.0 2988.5 1367.0 2986.5 1364.0 2984.5 1356.0 2981.5 1349.0 2981.5 1347.0 2978.5 1341.0 2976.5 1339.0 2973.5 1333.0 2972.5 1327.0 2970.5 1322.0 2970.5 1318.0 2968.5 1314.0 2966.5 1303.0 2964.5 1298.0 2959.5 1290.0 2955.5 1281.0 2952.5 1276.0 2952.5 1274.0 2948.5 1267.0 2947.5 1261.0 2945.5 1258.0 2943.5 1249.0 2942.5 1248.0 2940.5 1236.0 2939.5 1235.0 2937.5 1228.0 2933.5 1224.0 2929.5 1216.0 2929.5 1213.0 2927.5 1209.0 2926.5 1204.0 2926.5 1199.0 2922.5 1185.0 2916.5 1174.0 2916.5 1172.0 2912.5 1164.0 2908.5 1144.0 2905.5 1136.0 2900.5 1129.0 2897.5 1123.0 2897.5 1121.0 2894.5 1116.0 2894.5 1114.0 2889.5 1102.0 2887.5 1099.0 2886.5 1094.0 2884.5 1090.0 2882.5 1079.0 2881.5 1078.0 2879.5 1070.0 2876.5 1061.0 2872.5 1053.0 2867.5 1045.0 2866.5 1040.0 2864.5 1036.0 2863.5 1031.0 2861.5 1027.0 2860.5 1021.0 2858.5 1018.0 2856.5 1011.0 2854.5 1008.0 2851.5 996.0 2848.5 990.0 2848.5 988.0 2845.5 983.0 2843.5 978.0 2842.5 973.0 2839.5 968.0 2834.5 954.0 2833.5 949.0 2829.5 942.0 2823.5 924.0 2821.5 920.0 2821.5 916.0 2819.5 911.0 2819.5 907.0 2816.5 897.0 2813.5 891.0 2812.5 886.0 2812.5 881.0 2811.5 880.0 2811.5 875.0 2813.5 869.0 2814.5 860.0 2816.5 855.0 2817.5 849.0 2821.0 844.5 2827.0 841.5 2832.0 841.5 2833.0 840.5 2839.0 840.5 2840.0 839.5 2848.0 839.5 2849.0 838.5 2858.0 838.5 2859.0 837.5 2866.0 837.5 2867.0 836.5 2873.0 836.5 2874.0 835.5 2883.0 835.5 2889.0 833.5 2894.0 833.5 2900.0 831.5 2913.0 831.5 2914.0 830.5 2924.0 830.5 2925.0 829.5 2935.0 829.5 2942.0 832.5 2943.5 834.0 2943.5 839.0 2942.5 840.0 2942.5 846.0 2943.5 847.0 2944.5 854.0 2946.0 854.5 2949.5 852.0 2950.5 846.0 2951.5 845.0 2951.5 836.0 2953.0 833.5 2960.0 831.5 2964.5 827.0 2967.5 819.0 2971.5 814.0 2983.5 785.0 2988.5 776.0 2989.5 771.0 2996.5 756.0 2998.5 754.0 3003.5 743.0 3004.5 738.0 3008.5 730.0 3008.5 728.0 3014.5 716.0 3015.5 711.0 3022.5 699.0 3026.5 683.0 3026.5 673.0 3027.5 672.0 3027.5 667.0 3026.5 666.0 3026.5 661.0 3024.5 655.0 3024.5 643.0 3025.5 642.0 3025.5 634.0 3027.5 628.0 3027.5 623.0 3034.5 608.0 3040.0 602.5 3044.0 600.5 3051.0 594.5 3069.0 585.5 3075.5 579.0 3081.5 566.0 3084.5 562.0 3087.5 551.0 3091.5 544.0 3092.5 541.0 3099.0 534.5 3113.0 531.5 3116.0 529.5 3121.0 528.5 3129.0 525.5 3136.0 525.5 3137.0 524.5 3144.0 523.5 3153.0 518.5 3160.0 517.5 3164.0 515.5 3169.0 514.5 3174.0 514.5 3180.0 512.5 3185.0 512.5 3186.0 511.5 3196.0 511.5 3197.0 510.5 3205.0 510.5 3206.0 509.5 3211.0 509.5 3217.0 507.5 3230.0 507.5 3241.0 504.5 3244.0 502.5 3248.0 501.5 3253.0 501.5 3254.0 500.5 3259.0 500.5 3260.0 499.5 3265.0 499.5 3274.0 496.5 3280.0 496.5 3281.0 495.5 3288.0 495.5 3289.0 494.5 3295.0 494.5 3296.0 493.5 3301.0 493.5 3302.0 492.5 3308.0 492.5 3309.0 491.5 3314.0 491.5 3323.0 488.5 3328.0 487.5 3334.0 487.5 3339.0 486.5 3344.0 484.5 3349.0 483.5 3355.0 483.5 3356.0 482.5 3364.0 482.5 3365.0 481.5 3371.0 481.5 3372.0 480.5 3381.0 479.5 3382.0 478.5 3388.0 478.5 3389.0 477.5 3395.0 477.5 3396.0 476.5 3402.0 476.5 3403.0 475.5 3409.0 475.5 3410.0 474.5 3415.0 474.5 3421.0 472.5 3425.0 472.5 3431.0 470.5 3436.0 470.5 3447.0 467.5 3469.0 463.5 3470.0 462.5 3478.0 462.5 3479.0 461.5 3488.0 461.5 3493.0 460.5 3501.0 457.5 3505.0 457.5 3514.0 454.5 3521.0 454.5 3522.0 453.5 3528.0 453.5 3529.0 452.5 3534.0 452.5 3535.0 451.5 3544.0 450.5 3550.0 448.5 3561.0 448.5 3562.0 447.5 3568.0 447.5 3569.0 446.5 3574.0 446.5 3580.0 444.5 3585.0 444.5 3586.0 443.5 3592.0 443.5 3596.0 442.5 3603.0 439.5 3608.0 439.5 3609.0 438.5 3616.0 438.5 3617.0 437.5 3622.0 437.5 3626.0 435.5 3629.0 435.5 3633.0 433.5 3638.0 432.5 3644.0 432.5 3645.0 431.5 3652.0 431.5 3653.0 430.5 3659.0 430.5 3660.0 429.5 3667.0 429.5 3668.0 428.5 3673.0 428.5 3678.0 427.5 3687.0 424.5 3692.0 424.5 3693.0 423.5 3699.0 423.5 3705.0 421.5 3711.0 421.5 3712.0 420.5 3725.0 420.5 3726.0 419.5 3732.0 419.5 3733.0 418.5 3738.0 418.5 3739.0 417.5 3745.0 417.5 3746.0 416.5 3752.0 416.5 3758.0 414.5 3764.0 414.5 3770.0 412.5 3775.0 412.5 3776.0 411.5 3782.0 411.5 3783.0 410.5 3789.0 410.5 3790.0 409.5 3796.0 409.5 3797.0 408.5 3802.0 408.5 3811.0 405.5 3816.0 405.5 3817.0 404.5 3823.0 404.5 3824.0 403.5 3830.0 403.5 3831.0 402.5 3839.0 402.5
dispensing_tube_rack 3264.5 607.0 3268.0 606.5 3270.0 604.5 3265.0 604.5 3264.0 603.5 3257.0 603.5 3256.0 604.5 3249.0 604.5 3252.0 606.5 3259.0 606.5 3260.0 607.5 3264.5 607.0
dispensing_tube_rack 3290.5 606.0 3291.0 604.5 3286.0 604.5 3288.0 606.5 3290.5 606.0
dispensing_tube_rack 3082.5 814.0 3085.5 812.0 3087.5 807.0 3087.5 796.0 3086.5 795.0 3086.5 789.0 3082.0 783.5 3077.0 781.5 3072.0 781.5 3069.0 780.5 3064.5 785.0 3062.5 793.0 3062.5 798.0 3061.5 799.0 3061.5 805.0 3065.0 809.5 3075.0 811.5 3080.0 814.5 3082.5 814.0
dispensing_tube_rack 3050.5 849.0 3054.5 840.0 3054.5 831.0 3055.5 830.0 3055.5 821.0 3056.5 819.0 3054.0 814.5 3050.5 819.0 3049.5 823.0 3049.5 849.0 3050.5 849.0
dispensing_tube_rack 3050.5 885.0 3051.5 882.0 3051.5 873.0 3050.0 871.5 3047.5 875.0 3047.5 880.0 3050.5 885.0
dispensing_tube_rack 3429.5 1014.0 3429.5 1014.0
dispensing_tube_rack 3351.5 1196.0 3356.0 1195.5 3361.0 1193.5 3365.5 1190.0 3358.0 1186.5 3353.0 1185.5 3348.0 1185.5 3340.0 1182.5 3334.0 1183.5 3332.0 1185.5 3324.0 1189.5 3318.0 1189.5 3312.0 1187.5 3309.0 1185.5 3306.0 1186.5 3302.5 1190.0 3305.0 1194.5 3312.0 1194.5 3318.0 1191.5 3324.0 1191.5 3328.0 1194.5 3337.0 1196.5 3351.0 1196.5 3351.5 1196.0
dispensing_tube_rack 3339.5 1222.0 3340.5 1220.0 3339.0 1218.5 3335.0 1218.5 3333.5 1220.0 3338.0 1222.5 3339.5 1222.0
dispensing_tube_rack 3237.5 1436.0 3244.0 1435.5 3249.5 1431.0 3249.5 1430.0 3245.0 1426.5 3240.0 1426.5 3239.0 1425.5 3217.0 1425.5 3209.0 1429.5 3206.5 1430.0 3212.0 1433.5 3215.0 1434.5 3221.0 1434.5 3222.0 1435.5 3228.0 1435.5 3229.0 1436.5 3237.5 1436.0
dispensing_tube_rack 3839.0 2151.5 3778.0 2151.5 3777.0 2152.5 3769.0 2152.5 3768.0 2151.5 3747.0 2151.5 3746.0 2152.5 3737.0 2152.5 3736.0 2151.5 3671.0 2151.5 3670.0 2150.5 3663.0 2150.5 3662.0 2151.5 3644.0 2151.5 3643.0 2150.5 3633.0 2150.5 3632.0 2151.5 3597.0 2151.5 3596.0 2152.5 3577.0 2152.5 3576.0 2151.5 3562.0 2151.5 3561.0 2150.5 3552.5 2150.0 3559.5 2143.0 3560.0 2141.5 3564.0 2139.5 3565.0 2140.5 3576.0 2140.5 3580.0 2138.5 3585.0 2134.5 3595.0 2131.5 3599.0 2131.5 3607.0 2128.5 3612.0 2127.5 3617.0 2127.5 3618.0 2126.5 3627.0 2126.5 3628.0 2127.5 3641.0 2127.5 3647.0 2125.5 3652.0 2125.5 3653.0 2124.5 3658.0 2124.5 3667.0 2120.5 3669.0 2120.5 3677.0 2112.5 3682.0 2108.5 3687.0 2108.5 3688.0 2107.5 3695.0 2107.5 3696.0 2106.5 3723.0 2106.5 3724.0 2105.5 3731.0 2105.5 3732.0 2104.5 3760.0 2104.5 3761.0 2103.5 3767.0 2103.5 3768.0 2102.5 3775.0 2102.5 3776.0 2101.5 3785.0 2100.5 3791.0 2098.5 3797.0 2098.5 3798.0 2097.5 3806.0 2097.5 3807.0 2096.5 3815.0 2096.5 3827.0 2093.5 3830.0 2091.5 3839.0 2091.5
 5ML_sorting_tube_rack 2052.0 1950.5 2037.0 1950.5 2032.0 1949.5 2021.0 1943.5 2015.0 1938.5 2014.0 1938.5 2007.0 1931.5 2006.0 1931.5 1996.0 1921.5 1989.0 1917.5 1981.0 1910.5 1980.0 1910.5 1975.0 1905.5 1974.0 1905.5 1960.0 1891.5 1959.0 1891.5 1952.0 1885.5 1946.0 1881.5 1940.0 1878.5 1932.5 1871.0 1927.5 1863.0 1923.0 1859.5 1918.0 1854.5 1912.0 1850.5 1901.0 1850.5 1897.0 1849.5 1893.5 1846.0 1888.5 1835.0 1885.5 1832.0 1879.5 1819.0 1877.5 1811.0 1876.5 1810.0 1874.5 1801.0 1873.5 1800.0 1873.5 1795.0 1872.5 1794.0 1872.5 1789.0 1871.5 1788.0 1871.5 1783.0 1870.5 1778.0 1868.5 1773.0 1866.5 1764.0 1864.5 1760.0 1863.5 1751.0 1861.5 1746.0 1860.5 1739.0 1857.5 1732.0 1857.5 1728.0 1855.5 1722.0 1855.5 1717.0 1852.5 1708.0 1852.5 1704.0 1848.5 1691.0 1847.5 1686.0 1847.5 1681.0 1845.5 1675.0 1845.5 1671.0 1843.5 1666.0 1841.5 1652.0 1838.5 1644.0 1838.5 1641.0 1836.5 1636.0 1836.5 1633.0 1834.5 1629.0 1832.5 1618.0 1830.5 1614.0 1829.5 1606.0 1827.5 1600.0 1826.5 1593.0 1825.5 1592.0 1824.5 1585.0 1822.5 1580.0 1822.5 1574.0 1821.5 1569.0 1818.5 1560.0 1818.5 1557.0 1815.5 1548.0 1815.5 1544.0 1813.5 1539.0 1813.5 1535.0 1811.5 1530.0 1810.5 1523.0 1808.5 1518.0 1806.5 1507.0 1805.5 1506.0 1804.5 1499.0 1802.5 1494.0 1802.5 1491.0 1800.5 1483.0 1799.5 1482.0 1798.5 1475.0 1796.5 1470.0 1796.5 1467.0 1794.5 1463.0 1793.5 1458.0 1793.5 1452.0 1792.5 1451.0 1792.5 1446.0 1791.5 1441.0 1789.5 1436.0 1789.5 1432.0 1787.5 1428.0 1786.5 1421.0 1784.5 1416.0 1784.5 1412.0 1781.5 1403.0 1777.5 1381.0 1775.5 1377.0 1773.5 1366.0 1772.5 1365.0 1771.5 1358.0 1769.5 1354.0 1769.5 1351.0 1766.5 1344.0 1765.5 1340.0 1765.5 1333.0 1764.5 1332.0 1764.5 1327.0 1763.5 1322.0 1761.5 1318.0 1761.5 1315.0 1759.5 1311.0 1755.5 1292.0 1753.5 1288.0 1751.5 1280.0 1750.5 1271.0 1748.5 1266.0 1747.5 1257.0 1744.5 1250.0 1743.5 1243.0 1741.5 1238.0 1741.5 1235.0 1736.5 1222.0 1735.5 1217.0 1735.5 1210.0 1734.5 1209.0 1734.5 1204.0 1733.5 1203.0 1733.5 1198.0 1732.5 1194.0 1729.5 1187.0 1729.5 1184.0 1727.5 1179.0 1727.5 1175.0 1725.5 1170.0 1725.5 1167.0 1723.5 1162.0 1722.5 1157.0 1722.5 1152.0 1719.5 1137.0 1717.5 1132.0 1717.5 1129.0 1714.5 1122.0 1714.5 1119.0 1711.5 1112.0 1711.5 1109.0 1709.5 1105.0 1708.5 1097.0 1706.5 1091.0 1706.5 1086.0 1705.5 1085.0 1702.5 1072.0 1699.5 1065.0 1699.5 1061.0 1697.5 1056.0 1697.5 1053.0 1694.5 1044.0 1693.5 1039.0 1693.5 1034.0 1691.5 1029.0 1691.5 1023.0 1690.5 1022.0 1690.5 1017.0 1689.5 1012.0 1687.5 1007.0 1687.5 1004.0 1683.5 988.0 1681.5 984.0 1681.5 973.0 1682.5 972.0 1682.5 966.0 1684.5 961.0 1687.5 956.0 1693.0 950.5 1703.0 944.5 1708.0 942.5 1713.0 941.5 1718.0 938.5 1723.0 937.5 1734.0 932.5 1737.0 932.5 1747.0 928.5 1759.0 924.5 1767.0 922.5 1770.0 920.5 1778.0 918.5 1781.0 916.5 1786.0 915.5 1789.0 913.5 1796.0 912.5 1802.0 910.5 1810.0 906.5 1819.0 903.5 1822.0 903.5 1827.0 901.5 1830.0 901.5 1837.0 898.5 1851.0 894.5 1852.0 893.5 1872.0 893.5 1878.0 891.5 1887.0 889.5 1894.0 886.5 1907.0 886.5 1908.0 887.5 1913.0 887.5 1916.5 883.0 1921.0 878.5 1927.0 876.5 1936.0 875.5 1945.0 873.5 1953.0 869.5 1959.0 863.5 1970.0 858.5 1978.0 856.5 1984.0 853.5 1989.0 849.5 1994.0 847.5 1997.0 847.5 2001.0 845.5 2009.0 844.5 2016.0 842.5 2029.0 836.5 2043.0 827.5 2054.0 823.5 2057.0 821.5 2063.0 819.5 2074.0 819.5 2075.0 818.5 2090.0 818.5 2092.0 817.5 2097.5 812.0 2099.5 804.0 2107.5 789.0 2109.0 787.5 2114.0 786.5 2117.0 784.5 2126.0 782.5 2131.0 782.5 2134.5 780.0 2136.5 774.0 2148.0 769.5 2157.0 769.5 2163.0 772.5 2168.0 777.5 2174.0 777.5 2175.0 778.5 2181.0 778.5 2182.0 777.5 2188.0 777.5 2189.0 776.5 2198.0 776.5 2205.0 780.5 2211.0 782.5 2216.0 782.5 2224.0 780.5 2229.0 775.5 2238.0 772.5 2247.0 774.5 2250.0 776.5 2260.0 786.5 2261.0 786.5 2267.5 793.0 2270.5 801.0 2273.5 807.0 2275.5 809.0 2278.5 817.0 2281.5 822.0 2284.5 831.0 2284.5 835.0 2287.5 844.0 2292.5 850.0 2297.5 858.0 2300.5 865.0 2306.5 873.0 2308.5 878.0 2311.5 883.0 2314.5 894.0 2322.5 905.0 2326.5 913.0 2328.5 915.0 2332.5 924.0 2336.5 929.0 2339.5 934.0 2344.5 950.0 2347.5 956.0 2357.5 966.0 2359.5 970.0 2362.5 973.0 2365.5 980.0 2369.5 987.0 2374.5 1001.0 2374.5 1006.0 2375.5 1010.0 2378.5 1016.0 2380.5 1018.0 2383.5 1027.0 2387.5 1033.0 2393.5 1045.0 2397.5 1051.0 2400.5 1054.0 2403.5 1061.0 2404.5 1069.0 2406.5 1073.0 2411.5 1078.0 2416.5 1087.0 2418.5 1093.0 2426.5 1107.0 2429.5 1114.0 2433.5 1121.0 2434.5 1126.0 2437.5 1131.0 2437.5 1133.0 2443.5 1143.0 2448.5 1154.0 2450.5 1157.0 2453.5 1164.0 2456.5 1169.0 2460.5 1174.0 2463.5 1179.0 2464.5 1187.0 2467.5 1194.0 2473.5 1200.0 2477.5 1211.0 2481.5 1219.0 2483.5 1221.0 2485.5 1226.0 2488.5 1231.0 2492.5 1236.0 2496.5 1248.0 2503.5 1261.0 2503.5 1263.0 2509.5 1274.0 2511.5 1279.0 2513.5 1281.0 2515.5 1286.0 2521.5 1294.0 2524.5 1301.0 2526.5 1310.0 2531.5 1316.0 2536.5 1324.0 2537.5 1327.0 2542.5 1337.0 2543.5 1340.0 2548.5 1348.0 2552.5 1357.0 2554.5 1360.0 2555.5 1365.0 2557.5 1368.0 2558.5 1372.0 2560.5 1374.0 2562.5 1379.0 2564.5 1381.0 2565.5 1385.0 2568.5 1390.0 2572.5 1399.0 2574.5 1401.0 2578.5 1409.0 2583.5 1416.0 2585.5 1427.0 2587.5 1432.0 2594.5 1439.0 2598.5 1446.0 2598.5 1448.0 2602.5 1456.0 2605.5 1460.0 2605.5 1462.0 2608.5 1466.0 2611.5 1473.0 2614.5 1477.0 2614.5 1479.0 2618.5 1486.0 2618.5 1488.0 2625.5 1499.0 2628.5 1508.0 2631.5 1514.0 2635.5 1519.0 2639.5 1527.0 2643.5 1533.0 2647.5 1542.0 2649.5 1551.0 2651.5 1553.0 2657.5 1564.0 2658.5 1568.0 2658.5 1576.0 2659.5 1577.0 2659.5 1584.0 2658.5 1585.0 2657.5 1591.0 2653.5 1599.0 2648.5 1605.0 2648.5 1606.0 2643.0 1611.5 2639.0 1613.5 2633.5 1619.0 2629.5 1625.0 2628.5 1630.0 2629.5 1631.0 2629.5 1636.0 2630.5 1637.0 2630.5 1648.0 2629.5 1649.0 2629.5 1657.0 2625.5 1668.0 2618.5 1682.0 2616.5 1684.0 2614.5 1690.0 2613.5 1699.0 2611.5 1703.0 2610.5 1708.0 2608.5 1711.0 2607.5 1716.0 2605.5 1721.0 2600.5 1731.0 2597.5 1742.0 2595.5 1745.0 2593.5 1752.0 2590.5 1757.0 2590.5 1759.0 2585.5 1770.0 2577.5 1780.0 2574.5 1787.0 2569.0 1792.5 2566.0 1794.5 2546.0 1802.5 2525.0 1802.5 2519.0 1800.5 2504.0 1800.5 2503.0 1801.5 2498.0 1801.5 2493.0 1803.5 2480.0 1807.5 2469.0 1811.5 2466.0 1811.5 2462.0 1813.5 2457.0 1814.5 2454.0 1816.5 2443.0 1820.5 2441.0 1820.5 2434.0 1823.5 2431.0 1823.5 2422.0 1826.5 2413.0 1827.5 2408.0 1829.5 2405.0 1829.5 2394.0 1834.5 2383.0 1837.5 2380.0 1839.5 2375.0 1840.5 2370.0 1842.5 2365.0 1845.5 2360.0 1847.5 2349.0 1849.5 2348.0 1850.5 2336.0 1852.5 2331.0 1854.5 2328.0 1854.5 2323.0 1856.5 2310.0 1859.5 2300.0 1863.5 2290.0 1866.5 2285.0 1867.5 2282.0 1869.5 2277.0 1870.5 2265.0 1874.5 2262.0 1876.5 2257.0 1877.5 2245.0 1882.5 2231.0 1885.5 2230.0 1886.5 2221.0 1888.5 2220.0 1889.5 2212.0 1891.5 2208.0 1893.5 2195.0 1896.5 2190.0 1899.5 2183.0 1901.5 2178.0 1904.5 2176.0 1904.5 2170.0 1907.5 2168.0 1909.5 2162.0 1911.5 2157.0 1914.5 2148.0 1917.5 2144.0 1917.5 2139.0 1919.5 2136.0 1919.5 2127.0 1924.5 2122.0 1926.5 2117.0 1929.5 2112.0 1930.5 2109.0 1932.5 2103.0 1933.5 2097.0 1936.5 2095.0 1936.5 2088.0 1940.5 2083.0 1941.5 2080.0 1943.5 2070.0 1946.5 2067.0 1946.5 2063.0 1948.5 2058.0 1949.5 2053.0 1949.5 2052.0 1950.5
 5ML_sorting_tube_rack 2139.5 842.0 2146.0 839.5 2151.0 836.5 2155.5 831.0 2155.5 829.0 2161.5 819.0 2161.5 816.0 2155.5 807.0 2152.0 803.5 2141.0 803.5 2140.0 804.5 2134.0 804.5 2133.0 805.5 2126.0 805.5 2124.0 806.5 2118.5 812.0 2116.5 815.0 2115.5 820.0 2116.5 825.0 2118.5 830.0 2121.5 834.0 2126.0 838.5 2134.0 842.5 2139.5 842.0
 5ML_sorting_tube_rack 2170.5 851.0 2171.5 848.0 2169.0 844.5 2165.0 844.5 2163.5 849.0 2166.0 851.5 2170.5 851.0
 5ML_sorting_tube_rack 2169.5 892.0 2170.0 891.5 2181.0 891.5 2182.0 890.5 2194.0 890.5 2195.5 888.0 2195.5 878.0 2194.5 876.0 2188.0 869.5 2184.0 866.5 2181.0 865.5 2175.0 865.5 2174.0 866.5 2164.0 866.5 2155.0 869.5 2149.0 869.5 2134.0 862.5 2125.0 857.5 2120.0 858.5 2117.5 861.0 2117.5 874.0 2118.5 875.0 2118.5 880.0 2119.5 881.0 2120.5 887.0 2123.0 890.5 2131.0 892.5 2144.0 892.5 2145.0 891.5 2165.0 891.5 2169.5 892.0
 5ML_sorting_tube_rack 1971.5 955.0 1974.0 954.5 1976.5 950.0 1975.5 948.0 1975.5 943.0 1974.5 940.0 1972.0 937.5 1969.0 936.5 1960.0 940.5 1957.5 943.0 1955.5 947.0 1955.5 951.0 1958.0 954.5 1965.0 954.5 1966.0 955.5 1971.5 955.0
 5ML_sorting_tube_rack 1989.5 1005.0 1994.0 1003.5 1998.0 1003.5 2008.0 999.5 2012.5 995.0 2012.5 992.0 2009.0 988.5 2003.0 988.5 2002.0 987.5 1992.0 987.5 1991.0 986.5 1986.0 986.5 1980.0 988.5 1971.0 993.5 1963.0 993.5 1959.0 995.5 1962.0 996.5 1967.0 996.5 1974.0 999.5 1983.0 1004.5 1989.5 1005.0
