 refrigerator_close 3254.5 0.0 3254.5 7.0 3256.5 13.0 3256.5 18.0 3257.5 19.0 3256.5 23.0 3256.5 28.0 3254.5 33.0 3253.5 40.0 3251.5 45.0 3251.5 49.0 3249.5 54.0 3249.5 58.0 3246.5 67.0 3246.5 77.0 3245.5 78.0 3245.5 83.0 3243.5 87.0 3243.5 90.0 3241.5 94.0 3241.5 97.0 3238.5 106.0 3238.5 109.0 3236.5 114.0 3236.5 118.0 3232.5 132.0 3231.5 137.0 3231.5 142.0 3228.5 150.0 3227.5 157.0 3226.5 158.0 3222.5 174.0 3218.5 185.0 3217.5 189.0 3217.5 196.0 3216.5 197.0 3216.5 204.0 3214.5 208.0 3214.5 212.0 3212.5 217.0 3212.5 221.0 3207.5 238.0 3206.5 245.0 3205.5 246.0 3204.5 253.0 3203.5 254.0 3198.5 271.0 3194.5 283.0 3194.5 286.0 3192.5 291.0 3191.5 300.0 3189.5 305.0 3189.5 309.0 3187.5 314.0 3185.5 326.0 3184.5 327.0 3180.5 341.0 3179.5 350.0 3178.5 351.0 3178.5 357.0 3177.5 358.0 3177.5 366.0 3176.5 367.0 3176.5 372.0 3174.5 377.0 3174.5 381.0 3171.5 387.0 3170.5 392.0 3168.5 395.0 3166.5 403.0 3166.5 408.0 3163.5 416.0 3162.5 421.0 3160.5 425.0 3156.5 441.0 3156.5 444.0 3154.5 447.0 3152.5 455.0 3151.5 456.0 3150.5 463.0 3148.5 467.0 3147.5 474.0 3146.5 475.0 3144.5 487.0 3141.5 496.0 3141.5 500.0 3138.5 511.0 3137.5 512.0 3135.5 520.0 3133.5 525.0 3133.5 529.0 3131.5 534.0 3131.5 538.0 3129.5 544.0 3129.5 549.0 3126.5 558.0 3126.5 562.0 3124.5 570.0 3122.5 574.0 3122.5 577.0 3120.5 581.0 3118.5 595.0 3116.5 600.0 3115.5 605.0 3115.5 610.0 3114.5 611.0 3114.5 617.0 3113.5 622.0 3111.5 627.0 3107.5 640.0 3106.5 645.0 3106.5 650.0 3104.5 655.0 3104.5 659.0 3102.5 664.0 3102.5 668.0 3100.5 674.0 3100.5 678.0 3096.5 691.0 3095.5 692.0 3093.5 700.0 3092.5 707.0 3083.5 729.0 3079.5 734.0 3077.5 739.0 3074.5 744.0 3065.0 753.5 3064.0 753.5 3059.0 758.5 3054.0 761.5 3049.0 765.5 3046.0 766.5 3041.0 771.5 3037.0 774.5 3022.0 782.5 3017.0 783.5 3014.0 785.5 3002.0 789.5 2993.0 790.5 2992.0 791.5 2987.0 791.5 2986.0 792.5 2979.0 792.5 2978.0 793.5 2955.0 793.5 2954.0 794.5 2897.0 794.5 2896.0 795.5 2843.0 795.5 2842.0 796.5 2770.0 796.5 2765.0 797.5 2764.0 796.5 2750.0 796.5 2749.0 797.5 2739.0 797.5 2738.0 798.5 2733.0 797.5 2697.0 797.5 2696.0 798.5 2685.0 798.5 2684.0 799.5 2633.0 799.5 2632.0 800.5 2621.0 800.5 2620.0 801.5 2540.0 801.5 2539.0 802.5 2507.0 802.5 2506.0 803.5 2476.0 803.5 2475.0 804.5 2466.0 804.5 2465.0 803.5 2459.0 803.5 2458.0 802.5 2453.0 802.5 2448.0 800.5 2437.0 798.5 2430.0 794.5 2420.5 785.0 2417.5 781.0 2412.5 771.0 2410.5 766.0 2408.5 758.0 2408.5 719.0 2409.5 718.0 2409.5 696.0 2410.5 695.0 2410.5 671.0 2411.5 670.0 2411.5 654.0 2412.5 653.0 2412.5 623.0 2413.5 622.0 2413.5 605.0 2414.5 604.0 2414.5 587.0 2415.5 586.0 2415.5 559.0 2416.5 558.0 2416.5 543.0 2417.5 542.0 2417.5 515.0 2418.5 514.0 2418.5 485.0 2419.5 484.0 2419.5 456.0 2420.5 455.0 2420.5 439.0 2421.5 438.0 2421.5 405.0 2423.5 399.0 2423.5 394.0 2424.5 393.0 2424.5 379.0 2425.5 378.0 2425.5 370.0 2426.5 369.0 2426.5 358.0 2427.5 357.0 2427.5 316.0 2428.5 315.0 2428.5 301.0 2427.5 300.0 2427.5 287.0 2428.5 286.0 2428.5 279.0 2430.5 273.0 2430.5 268.0 2431.5 267.0 2431.5 259.0 2432.5 258.0 2432.5 247.0 2433.5 246.0 2433.5 232.0 2434.5 231.0 2434.5 211.0 2435.5 210.0 2435.5 196.0 2436.5 195.0 2436.5 182.0 2437.5 181.0 2437.5 164.0 2438.5 163.0 2438.5 133.0 2439.5 132.0 2439.5 120.0 2440.5 119.0 2440.5 104.0 2441.5 103.0 2441.5 63.0 2442.5 62.0 2442.5 50.0 2443.5 49.0 2443.5 41.0 2444.5 40.0 2444.5 23.0 2445.5 22.0 2445.5 17.0 2449.5 7.0 2449.5 0.0
 centrifuge_close 669.0 1034.5 637.0 1034.5 634.0 1033.5 630.0 1030.5 619.5 1020.0 616.5 1016.0 613.5 1010.0 611.5 1004.0 606.0 998.5 597.0 996.5 592.0 996.5 591.0 995.5 581.0 995.5 580.0 994.5 575.0 995.5 570.0 995.5 556.0 1000.5 549.0 1004.5 544.0 1004.5 536.0 1000.5 531.5 996.0 524.5 984.0 523.5 981.0 514.5 972.0 514.5 971.0 509.5 966.0 506.5 962.0 501.5 951.0 494.5 943.0 489.5 934.0 479.5 924.0 476.5 919.0 473.5 912.0 471.5 909.0 462.0 901.5 456.0 898.5 452.5 895.0 448.5 887.0 447.5 882.0 445.5 878.0 445.5 875.0 442.5 869.0 441.5 864.0 438.5 859.0 435.5 856.0 434.5 853.0 431.5 849.0 429.5 844.0 426.5 833.0 422.5 825.0 421.5 820.0 416.5 809.0 414.5 807.0 411.5 797.0 409.5 794.0 406.5 782.0 404.5 779.0 399.5 766.0 397.5 758.0 394.5 754.0 391.5 747.0 389.5 745.0 386.5 737.0 384.5 728.0 381.5 721.0 381.5 719.0 377.5 712.0 377.5 710.0 374.5 705.0 370.5 691.0 368.5 688.0 365.5 676.0 364.5 675.0 364.5 669.0 363.5 668.0 364.5 663.0 364.5 654.0 367.5 648.0 370.5 645.0 373.5 640.0 375.5 635.0 394.0 616.5 401.0 612.5 410.0 603.5 415.0 600.5 420.0 598.5 432.0 590.5 437.0 586.5 447.0 581.5 456.0 574.5 463.0 571.5 474.0 565.5 482.0 559.5 492.0 555.5 497.0 552.5 507.0 547.5 514.0 543.5 516.0 543.5 531.0 535.5 533.0 535.5 538.0 532.5 540.0 532.5 545.0 529.5 550.0 528.5 555.0 526.5 560.0 523.5 568.0 521.5 581.0 514.5 589.0 512.5 592.0 510.5 598.0 509.5 607.0 505.5 610.0 505.5 614.0 503.5 619.0 502.5 622.0 500.5 628.0 498.5 631.0 498.5 635.0 496.5 639.0 496.5 644.0 494.5 653.0 493.5 654.0 492.5 659.0 492.5 663.0 490.5 668.0 489.5 673.0 487.5 678.0 487.5 683.0 486.5 688.0 484.5 694.0 484.5 695.0 483.5 703.0 483.5 704.0 482.5 716.0 482.5 717.0 481.5 727.0 481.5 728.0 480.5 743.0 480.5 744.0 479.5 755.0 479.5 756.0 478.5 772.0 478.5 773.0 477.5 781.0 477.5 782.0 476.5 809.0 476.5 810.0 475.5 836.0 475.5 837.0 474.5 852.0 474.5 853.0 475.5 872.0 475.5 873.0 476.5 884.0 476.5 885.0 477.5 892.0 477.5 893.0 478.5 898.0 478.5 899.0 479.5 904.0 479.5 909.0 480.5 914.0 482.5 926.0 484.5 927.0 485.5 939.0 488.5 944.0 491.5 946.0 491.5 959.0 498.5 969.5 509.0 973.5 515.0 977.5 525.0 981.5 530.0 987.5 543.0 996.0 551.5 997.0 551.5 1003.5 559.0 1009.5 574.0 1012.5 580.0 1016.5 585.0 1021.5 596.0 1025.5 602.0 1028.5 609.0 1034.5 619.0 1036.5 625.0 1041.5 634.0 1052.5 645.0 1054.5 648.0 1056.5 654.0 1058.5 657.0 1059.5 663.0 1061.5 669.0 1071.5 689.0 1071.5 691.0 1075.5 698.0 1077.5 703.0 1087.5 719.0 1089.5 724.0 1089.5 727.0 1092.5 733.0 1096.5 744.0 1096.5 747.0 1098.5 753.0 1105.5 766.0 1109.5 775.0 1111.5 783.0 1111.5 796.0 1110.5 797.0 1110.5 802.0 1109.5 803.0 1110.5 807.0 1110.5 814.0 1116.5 821.0 1116.5 823.0 1119.5 829.0 1119.5 834.0 1115.5 841.0 1113.5 847.0 1113.5 850.0 1110.5 859.0 1108.5 863.0 1097.0 874.5 1096.0 874.5 1087.0 883.5 1086.0 883.5 1081.5 888.0 1081.5 889.0 1076.0 894.5 1071.0 897.5 1066.0 898.5 1061.0 901.5 1056.0 903.5 1049.0 909.5 1046.0 910.5 1040.0 914.5 1031.0 918.5 1029.0 920.5 1018.0 925.5 1011.0 929.5 1006.0 930.5 998.0 934.5 987.0 937.5 984.0 939.5 978.0 940.5 974.0 942.5 971.0 942.5 960.0 947.5 957.0 950.5 950.0 953.5 945.0 954.5 939.0 954.5 934.0 955.5 929.0 957.5 922.0 958.5 917.0 960.5 913.0 960.5 899.0 964.5 887.0 969.5 880.0 970.5 876.0 972.5 868.0 974.5 861.0 977.5 857.0 977.5 849.0 980.5 840.0 982.5 837.0 984.5 827.0 987.5 824.0 987.5 820.0 989.5 817.0 989.5 813.0 991.5 810.0 991.5 807.0 993.5 796.0 996.5 792.0 996.5 782.0 999.5 776.0 1002.5 774.0 1004.5 767.0 1007.5 755.0 1010.5 750.0 1012.5 747.0 1012.5 743.0 1014.5 736.0 1014.5 735.0 1015.5 729.0 1015.5 717.0 1018.5 708.0 1022.5 704.0 1022.5 688.0 1027.5 685.0 1029.5 682.0 1029.5 673.0 1032.5 669.0 1034.5
 10ML_sorting_tube_rack 941.0 1920.5 933.0 1920.5 931.0 1919.5 924.5 1913.0 921.5 1902.0 921.5 1887.0 922.5 1886.0 922.5 1872.0 921.5 1871.0 921.5 1854.0 919.5 1849.0 915.0 1845.5 908.0 1842.5 891.0 1842.5 890.0 1843.5 878.0 1843.5 877.0 1844.5 870.0 1844.5 869.0 1845.5 862.0 1845.5 861.0 1846.5 847.0 1846.5 846.0 1847.5 832.0 1847.5 826.0 1850.5 819.0 1852.5 813.0 1852.5 812.0 1853.5 804.0 1853.5 803.0 1854.5 795.0 1854.5 794.0 1855.5 776.0 1855.5 775.0 1854.5 766.0 1854.5 765.0 1855.5 753.0 1855.5 752.0 1854.5 746.0 1854.5 742.5 1852.0 739.5 1846.0 737.5 1838.0 735.5 1834.0 728.0 1826.5 722.0 1822.5 717.0 1817.5 713.0 1814.5 706.0 1810.5 704.0 1808.5 698.0 1805.5 692.0 1803.5 689.0 1803.5 685.0 1801.5 682.0 1801.5 675.0 1798.5 672.0 1798.5 664.0 1795.5 656.0 1788.5 650.0 1785.5 645.0 1781.5 641.0 1779.5 636.0 1775.5 631.0 1770.5 619.0 1762.5 612.0 1759.5 610.0 1757.5 601.0 1754.5 596.0 1754.5 595.0 1753.5 586.0 1753.5 585.0 1752.5 537.0 1752.5 536.0 1753.5 502.0 1753.5 501.0 1752.5 491.0 1752.5 490.0 1751.5 483.0 1751.5 482.0 1750.5 477.0 1750.5 472.0 1749.5 465.0 1745.5 463.0 1745.5 457.0 1742.5 448.0 1742.5 447.0 1741.5 440.0 1741.5 439.0 1742.5 429.0 1742.5 421.0 1745.5 412.0 1747.5 407.0 1747.5 401.0 1749.5 396.0 1749.5 386.0 1751.5 385.0 1752.5 380.0 1752.5 379.0 1753.5 371.0 1753.5 370.0 1754.5 364.0 1754.5 363.0 1755.5 358.0 1755.5 357.0 1756.5 350.0 1756.5 345.5 1752.0 343.5 1749.0 344.5 1745.0 351.5 1736.0 355.5 1728.0 362.5 1719.0 365.5 1713.0 367.5 1711.0 371.5 1703.0 373.5 1701.0 374.5 1697.0 379.5 1687.0 383.5 1681.0 388.5 1676.0 392.5 1671.0 394.5 1665.0 399.5 1656.0 405.5 1650.0 412.5 1637.0 416.5 1631.0 427.5 1617.0 429.5 1613.0 433.5 1609.0 436.5 1604.0 441.5 1599.0 444.5 1595.0 445.5 1592.0 448.5 1588.0 454.5 1582.0 459.5 1571.0 461.5 1568.0 473.5 1556.0 476.5 1548.0 479.5 1543.0 485.5 1536.0 491.5 1526.0 497.5 1520.0 503.5 1511.0 506.5 1505.0 511.5 1500.0 517.5 1490.0 523.5 1482.0 526.5 1475.0 530.5 1469.0 535.5 1464.0 535.5 1463.0 547.0 1451.5 550.0 1449.5 561.0 1444.5 564.0 1444.5 573.0 1441.5 578.0 1440.5 584.0 1440.5 585.0 1439.5 590.0 1439.5 591.0 1438.5 598.0 1438.5 599.0 1437.5 605.0 1437.5 606.0 1436.5 611.0 1436.5 620.0 1433.5 625.0 1433.5 626.0 1432.5 631.0 1432.5 632.0 1431.5 641.0 1430.5 652.0 1427.5 657.0 1427.5 658.0 1426.5 663.0 1426.5 664.0 1425.5 670.0 1425.5 671.0 1424.5 679.0 1424.5 680.0 1423.5 685.0 1423.5 686.0 1422.5 693.0 1421.5 699.0 1418.5 704.0 1418.5 705.0 1417.5 710.0 1417.5 711.0 1416.5 716.0 1416.5 717.0 1415.5 723.0 1415.5 724.0 1414.5 730.0 1414.5 731.0 1413.5 740.0 1412.5 741.0 1411.5 746.0 1411.5 756.0 1409.5 761.0 1407.5 765.0 1407.5 770.0 1405.5 785.0 1402.5 792.0 1402.5 793.0 1401.5 799.0 1401.5 805.0 1399.5 810.0 1399.5 816.0 1397.5 830.0 1395.5 840.0 1393.5 847.0 1390.5 851.0 1389.5 856.0 1389.5 857.0 1388.5 862.0 1388.5 863.0 1387.5 868.0 1387.5 873.0 1385.5 877.0 1385.5 888.0 1382.5 893.0 1382.5 894.0 1381.5 901.0 1381.5 902.0 1380.5 909.0 1380.5 910.0 1379.5 915.0 1379.5 921.0 1377.5 926.0 1377.5 931.0 1376.5 936.0 1374.5 941.0 1374.5 942.0 1373.5 948.0 1373.5 949.0 1372.5 954.0 1372.5 959.0 1371.5 963.0 1369.5 973.0 1367.5 978.0 1367.5 979.0 1366.5 984.0 1366.5 985.0 1365.5 990.0 1365.5 996.0 1363.5 1003.0 1363.5 1004.0 1362.5 1010.0 1362.5 1026.0 1357.5 1035.0 1356.5 1040.0 1354.5 1047.0 1354.5 1048.0 1353.5 1054.0 1353.5 1055.0 1352.5 1060.0 1352.5 1066.0 1350.5 1071.0 1350.5 1072.0 1349.5 1077.0 1349.5 1078.0 1348.5 1084.0 1348.5 1088.0 1347.5 1097.0 1350.5 1102.5 1356.0 1104.5 1361.0 1107.5 1366.0 1111.5 1377.0 1116.5 1385.0 1130.5 1413.0 1134.5 1418.0 1136.5 1423.0 1141.5 1431.0 1145.5 1440.0 1148.5 1445.0 1151.5 1453.0 1155.5 1459.0 1156.5 1462.0 1160.5 1467.0 1163.5 1472.0 1168.5 1484.0 1174.5 1493.0 1176.5 1498.0 1178.5 1500.0 1192.5 1528.0 1194.5 1531.0 1197.5 1538.0 1203.5 1547.0 1209.0 1551.5 1212.0 1552.5 1215.5 1556.0 1218.5 1563.0 1218.5 1574.0 1217.5 1575.0 1217.5 1584.0 1216.5 1585.0 1216.5 1590.0 1215.5 1591.0 1215.5 1596.0 1212.5 1604.0 1212.5 1607.0 1210.5 1611.0 1209.5 1618.0 1207.5 1623.0 1203.5 1636.0 1202.5 1643.0 1200.5 1647.0 1200.5 1650.0 1198.5 1654.0 1197.5 1661.0 1195.5 1665.0 1195.5 1668.0 1192.5 1674.0 1192.5 1678.0 1188.5 1695.0 1186.5 1699.0 1185.5 1706.0 1184.5 1707.0 1183.5 1715.0 1181.5 1719.0 1179.5 1730.0 1178.5 1731.0 1177.5 1738.0 1174.5 1745.0 1174.5 1748.0 1170.5 1758.0 1169.5 1766.0 1167.5 1771.0 1167.5 1775.0 1164.5 1782.0 1164.5 1785.0 1161.5 1791.0 1160.5 1795.0 1160.5 1802.0 1159.5 1803.0 1159.5 1808.0 1156.5 1815.0 1155.5 1822.0 1153.5 1827.0 1153.5 1831.0 1151.5 1836.0 1149.5 1845.0 1147.5 1849.0 1147.5 1852.0 1142.5 1865.0 1135.0 1872.5 1132.0 1874.5 1128.0 1875.5 1121.0 1878.5 1104.0 1882.5 1100.0 1884.5 1096.0 1884.5 1091.0 1886.5 1085.0 1886.5 1084.0 1887.5 1075.0 1887.5 1074.0 1888.5 1069.0 1888.5 1061.0 1891.5 1056.0 1892.5 1045.0 1892.5 1044.0 1893.5 1038.0 1893.5 1025.0 1896.5 1021.0 1898.5 1018.0 1898.5 1011.0 1901.5 1006.0 1902.5 1001.0 1902.5 996.0 1903.5 991.0 1905.5 984.0 1906.5 983.0 1907.5 976.0 1908.5 972.0 1910.5 960.0 1912.5 956.0 1914.5 951.0 1915.5 946.0 1917.5 941.0 1920.5
 10ML_sorting_tube_rack 1119.5 1569.0 1124.0 1567.5 1128.5 1565.0 1125.5 1558.0 1124.5 1550.0 1119.0 1544.5 1117.5 1551.0 1116.5 1552.0 1116.5 1557.0 1115.5 1558.0 1115.5 1567.0 1119.5 1569.0
 5ML_sorting_tube_rack 0.0 1582.5 5.0 1582.5 9.5 1577.0 11.5 1572.0 29.0 1554.5 36.5 1549.0 41.5 1541.0 47.0 1535.5 48.0 1535.5 66.0 1517.5 77.0 1512.5 88.0 1510.5 92.0 1508.5 97.0 1507.5 108.0 1507.5 109.0 1506.5 117.0 1506.5 118.0 1505.5 123.0 1505.5 124.0 1504.5 134.0 1504.5 135.0 1503.5 148.0 1503.5 149.0 1502.5 159.0 1502.5 160.0 1501.5 172.0 1501.5 173.0 1500.5 182.0 1500.5 183.0 1499.5 194.0 1499.5 195.0 1498.5 206.0 1498.5 207.0 1497.5 212.0 1497.5 213.0 1496.5 218.0 1496.5 219.0 1495.5 233.0 1495.5 238.0 1493.5 243.0 1492.5 248.0 1492.5 249.0 1491.5 259.0 1491.5 260.0 1490.5 265.0 1490.5 266.0 1489.5 271.0 1489.5 272.0 1488.5 278.0 1488.5 279.0 1487.5 287.0 1487.5 288.0 1486.5 295.0 1486.5 296.0 1485.5 301.0 1485.5 302.0 1484.5 307.0 1484.5 308.0 1483.5 315.0 1483.5 316.0 1482.5 324.0 1482.5 325.0 1481.5 330.0 1481.5 336.0 1479.5 357.0 1479.5 362.0 1480.5 366.0 1482.5 369.0 1482.5 376.0 1479.5 379.0 1477.5 383.0 1476.5 389.0 1476.5 390.0 1475.5 397.0 1475.5 398.0 1474.5 406.0 1474.5 407.0 1473.5 414.0 1473.5 419.0 1474.5 424.0 1476.5 426.5 1479.0 427.5 1485.0 429.5 1490.0 431.5 1498.0 433.5 1501.0 443.5 1511.0 445.5 1514.0 448.5 1521.0 450.5 1524.0 450.5 1527.0 452.5 1532.0 452.5 1541.0 449.5 1547.0 449.5 1549.0 446.5 1554.0 443.5 1561.0 439.0 1565.5 435.0 1567.5 430.5 1572.0 428.5 1576.0 428.5 1579.0 416.5 1603.0 412.5 1609.0 409.5 1615.0 408.5 1619.0 402.0 1625.5 401.0 1625.5 396.5 1630.0 392.5 1639.0 390.5 1641.0 385.5 1654.0 384.5 1659.0 381.5 1664.0 378.5 1667.0 373.5 1677.0 368.5 1683.0 365.5 1689.0 363.5 1701.0 360.5 1707.0 358.5 1709.0 354.5 1718.0 346.5 1727.0 343.5 1733.0 332.5 1744.0 329.5 1749.0 323.0 1754.5 317.0 1755.5 316.0 1756.5 310.0 1757.5 305.0 1760.5 297.0 1762.5 293.0 1764.5 289.0 1764.5 284.0 1766.5 275.0 1767.5 271.0 1769.5 262.0 1771.5 254.0 1771.5 253.0 1772.5 247.0 1772.5 243.0 1773.5 237.0 1776.5 231.0 1778.5 226.0 1778.5 225.0 1779.5 219.0 1779.5 218.0 1780.5 213.0 1780.5 208.0 1782.5 203.0 1783.5 193.0 1783.5 192.0 1784.5 186.0 1784.5 179.0 1787.5 166.0 1789.5 157.0 1792.5 154.0 1792.5 141.0 1795.5 140.0 1796.5 131.0 1796.5 130.0 1797.5 111.0 1797.5 110.0 1798.5 82.0 1798.5 81.0 1799.5 76.0 1799.5 75.0 1798.5 69.0 1798.5 68.0 1799.5 62.0 1799.5 53.0 1801.5 49.0 1803.5 40.0 1804.5 25.0 1811.5 20.0 1813.5 15.0 1816.5 13.0 1816.5 7.0 1819.5 0.0 1819.5
 10ML_centrifuge_tube 1662.0 1563.5 1653.0 1562.5 1642.0 1557.5 1637.0 1553.5 1631.5 1548.0 1631.5 1547.0 1626.5 1540.0 1622.5 1530.0 1621.5 1525.0 1619.5 1521.0 1619.5 1518.0 1616.5 1510.0 1616.5 1491.0 1619.5 1485.0 1619.5 1483.0 1623.5 1476.0 1625.5 1471.0 1628.5 1467.0 1636.0 1459.5 1637.0 1459.5 1647.0 1451.5 1650.0 1450.5 1656.0 1446.5 1664.0 1444.5 1665.0 1443.5 1674.0 1440.5 1681.0 1440.5 1682.0 1439.5 1690.0 1439.5 1691.0 1440.5 1696.0 1440.5 1697.0 1441.5 1704.0 1442.5 1712.0 1447.5 1719.5 1455.0 1722.5 1460.0 1724.5 1467.0 1728.5 1477.0 1728.5 1481.0 1730.5 1486.0 1731.5 1491.0 1731.5 1513.0 1730.5 1518.0 1725.5 1529.0 1721.5 1534.0 1709.0 1546.5 1700.0 1552.5 1691.0 1556.5 1683.0 1558.5 1680.0 1560.5 1674.0 1562.5 1663.0 1562.5 1662.0 1563.5
 10ML_centrifuge_tube 1340.0 1187.5 1339.0 1186.5 1327.0 1186.5 1320.0 1182.5 1311.0 1179.5 1309.0 1177.5 1304.0 1175.5 1297.5 1169.0 1294.5 1164.0 1294.5 1162.0 1291.5 1157.0 1290.5 1151.0 1289.5 1150.0 1289.5 1141.0 1290.5 1140.0 1290.5 1135.0 1295.5 1126.0 1305.0 1116.5 1309.0 1113.5 1322.0 1106.5 1328.0 1105.5 1329.0 1104.5 1334.0 1104.5 1335.0 1103.5 1342.0 1103.5 1343.0 1102.5 1348.0 1103.5 1358.0 1103.5 1362.0 1105.5 1369.5 1113.0 1371.5 1120.0 1376.5 1130.0 1378.5 1133.0 1380.5 1143.0 1381.5 1144.0 1381.5 1149.0 1379.5 1154.0 1374.5 1164.0 1372.5 1167.0 1368.0 1171.5 1367.0 1171.5 1358.0 1180.5 1351.0 1184.5 1346.0 1186.5 1341.0 1186.5 1340.0 1187.5
 5ML_centrifuge_tube 1487.0 1173.5 1474.0 1173.5 1464.0 1169.5 1458.5 1164.0 1455.5 1159.0 1453.5 1154.0 1450.5 1143.0 1450.5 1136.0 1449.5 1131.0 1454.5 1119.0 1461.0 1112.5 1467.0 1108.5 1473.0 1105.5 1479.0 1103.5 1484.0 1103.5 1485.0 1102.5 1490.0 1102.5 1491.0 1101.5 1505.0 1101.5 1510.0 1102.5 1520.5 1110.0 1524.5 1119.0 1524.5 1126.0 1525.5 1127.0 1525.5 1139.0 1526.5 1140.0 1526.5 1146.0 1525.5 1150.0 1521.5 1157.0 1514.0 1164.5 1505.0 1169.5 1495.0 1172.5 1488.0 1172.5 1487.0 1173.5
 10ML_centrifuge_tube 1835.0 1375.5 1821.0 1375.5 1820.0 1374.5 1814.0 1373.5 1811.0 1371.5 1807.0 1370.5 1800.5 1364.0 1794.5 1354.0 1793.5 1349.0 1791.5 1345.0 1791.5 1342.0 1789.5 1338.0 1789.5 1334.0 1787.5 1329.0 1787.5 1322.0 1786.5 1321.0 1786.5 1308.0 1789.5 1302.0 1794.5 1296.0 1794.5 1295.0 1808.0 1281.5 1817.0 1275.5 1829.0 1271.5 1834.0 1270.5 1853.0 1270.5 1863.0 1273.5 1869.0 1276.5 1877.0 1282.5 1878.0 1282.5 1883.5 1288.0 1887.5 1295.0 1888.5 1298.0 1888.5 1304.0 1889.5 1305.0 1889.5 1314.0 1890.5 1315.0 1890.5 1332.0 1889.5 1333.0 1889.5 1338.0 1887.5 1344.0 1882.5 1352.0 1878.0 1355.5 1871.0 1362.5 1870.0 1362.5 1864.0 1367.5 1856.0 1371.5 1850.0 1373.5 1844.0 1373.5 1843.0 1374.5 1836.0 1374.5 1835.0 1375.5
 5ML_centrifuge_tube 1704.0 1393.5 1703.0 1392.5 1697.0 1392.5 1693.0 1391.5 1681.0 1385.5 1674.5 1377.0 1669.5 1363.0 1666.5 1357.0 1666.5 1344.0 1667.5 1340.0 1672.5 1332.0 1674.5 1327.0 1680.5 1318.0 1685.0 1313.5 1693.0 1309.5 1698.0 1308.5 1702.0 1306.5 1707.0 1306.5 1708.0 1305.5 1715.0 1305.5 1716.0 1304.5 1735.0 1304.5 1736.0 1305.5 1742.0 1305.5 1747.0 1306.5 1752.0 1308.5 1756.5 1313.0 1758.5 1319.0 1758.5 1324.0 1759.5 1325.0 1759.5 1334.0 1760.5 1335.0 1760.5 1348.0 1759.5 1349.0 1759.5 1355.0 1758.5 1359.0 1752.5 1370.0 1744.0 1378.5 1737.0 1382.5 1735.0 1384.5 1726.0 1387.5 1723.0 1389.5 1712.0 1392.5 1705.0 1392.5 1704.0 1393.5
 5ML_centrifuge_tube 1585.0 1401.5 1569.0 1401.5 1565.0 1400.5 1559.0 1397.5 1555.0 1394.5 1548.5 1387.0 1541.5 1374.0 1540.5 1368.0 1538.5 1362.0 1538.5 1354.0 1539.5 1353.0 1542.5 1344.0 1546.5 1336.0 1560.0 1322.5 1576.0 1315.5 1582.0 1312.5 1586.0 1311.5 1591.0 1311.5 1592.0 1310.5 1606.0 1310.5 1607.0 1311.5 1613.0 1311.5 1624.0 1315.5 1629.5 1320.0 1632.5 1328.0 1632.5 1333.0 1633.5 1334.0 1633.5 1339.0 1634.5 1340.0 1634.5 1359.0 1633.5 1360.0 1631.5 1370.0 1628.5 1375.0 1616.0 1387.5 1606.0 1393.5 1603.0 1394.5 1596.0 1398.5 1590.0 1399.5 1585.0 1401.5
 5ML_centrifuge_tube 1959.0 1546.5 1954.0 1546.5 1953.0 1545.5 1944.0 1545.5 1943.0 1544.5 1934.0 1542.5 1931.0 1540.5 1927.0 1539.5 1923.0 1536.5 1919.5 1532.0 1912.5 1525.0 1908.5 1517.0 1906.5 1511.0 1904.5 1500.0 1901.5 1492.0 1901.5 1487.0 1900.5 1486.0 1900.5 1474.0 1902.5 1469.0 1903.5 1464.0 1906.5 1459.0 1911.5 1448.0 1924.5 1435.0 1924.5 1429.0 1919.5 1420.0 1917.5 1413.0 1917.5 1399.0 1923.5 1386.0 1926.5 1382.0 1933.0 1375.5 1944.0 1368.5 1947.0 1367.5 1954.0 1363.5 1966.0 1361.5 1971.0 1359.5 1990.0 1359.5 1991.0 1360.5 2000.0 1362.5 2006.0 1365.5 2013.5 1373.0 2016.5 1380.0 2017.5 1384.0 2017.5 1390.0 2018.5 1391.0 2018.5 1409.0 2017.5 1410.0 2017.5 1416.0 2015.5 1421.0 2010.5 1439.0 2008.5 1443.0 2008.5 1450.0 2010.5 1453.0 2012.5 1460.0 2014.5 1464.0 2018.5 1478.0 2018.5 1497.0 2017.5 1498.0 2017.5 1503.0 2016.5 1507.0 2013.5 1514.0 2007.5 1523.0 2000.0 1529.5 1994.0 1532.5 1991.0 1535.5 1982.0 1540.5 1977.0 1541.5 1974.0 1543.5 1965.0 1545.5 1960.0 1545.5 1959.0 1546.5
 10ML_centrifuge_tube 2694.0 1224.5 2689.0 1224.5 2688.0 1223.5 2678.0 1223.5 2673.0 1222.5 2669.0 1220.5 2666.0 1220.5 2657.0 1216.5 2647.0 1209.5 2641.5 1204.0 2639.5 1201.0 2636.5 1192.0 2635.5 1191.0 2635.5 1186.0 2634.5 1185.0 2634.5 1160.0 2636.5 1155.0 2636.5 1152.0 2639.5 1146.0 2644.0 1141.5 2648.0 1138.5 2657.0 1133.5 2662.0 1131.5 2667.0 1130.5 2676.0 1127.5 2688.0 1127.5 2689.0 1126.5 2694.0 1126.5 2695.0 1127.5 2703.0 1127.5 2704.0 1128.5 2710.0 1128.5 2711.0 1129.5 2716.0 1129.5 2721.0 1131.5 2724.0 1131.5 2732.0 1135.5 2740.5 1144.0 2743.5 1150.0 2744.5 1157.0 2745.5 1158.0 2745.5 1167.0 2743.5 1172.0 2742.5 1177.0 2738.5 1184.0 2735.5 1197.0 2734.5 1198.0 2733.5 1204.0 2730.5 1210.0 2724.0 1216.5 2715.0 1219.5 2708.0 1222.5 2703.0 1222.5 2702.0 1223.5 2695.0 1223.5 2694.0 1224.5
 10ML_centrifuge_tube 2420.0 1433.5 2404.0 1433.5 2403.0 1432.5 2390.0 1430.5 2382.0 1426.5 2374.0 1420.5 2373.0 1420.5 2367.5 1415.0 2364.5 1411.0 2361.5 1405.0 2360.5 1399.0 2359.5 1398.0 2359.5 1392.0 2358.5 1391.0 2358.5 1357.0 2359.5 1354.0 2364.5 1345.0 2364.5 1344.0 2375.0 1333.5 2378.0 1331.5 2387.0 1328.5 2392.0 1327.5 2434.0 1327.5 2443.0 1330.5 2446.0 1332.5 2455.5 1342.0 2459.5 1349.0 2459.5 1351.0 2462.5 1359.0 2462.5 1365.0 2463.5 1366.0 2463.5 1384.0 2462.5 1385.0 2462.5 1402.0 2461.5 1403.0 2460.5 1409.0 2458.5 1412.0 2457.5 1416.0 2454.5 1420.0 2448.0 1425.5 2440.0 1429.5 2429.0 1431.5 2428.0 1432.5 2421.0 1432.5 2420.0 1433.5
 5ML_centrifuge_tube 2801.0 1364.5 2793.0 1364.5 2792.0 1363.5 2786.0 1363.5 2785.0 1362.5 2777.0 1361.5 2770.0 1358.5 2765.0 1357.5 2751.0 1350.5 2742.0 1345.5 2734.5 1338.0 2728.5 1326.0 2728.5 1321.0 2727.5 1320.0 2727.5 1310.0 2729.5 1305.0 2730.5 1300.0 2730.5 1293.0 2731.5 1292.0 2731.5 1285.0 2732.5 1284.0 2735.5 1274.0 2737.5 1271.0 2743.0 1265.5 2746.0 1264.5 2756.0 1259.5 2759.0 1257.5 2768.0 1253.5 2785.0 1253.5 2786.0 1254.5 2791.0 1254.5 2799.0 1257.5 2801.0 1257.5 2810.0 1262.5 2820.0 1267.5 2827.0 1271.5 2832.0 1275.5 2837.5 1282.0 2841.5 1289.0 2843.5 1295.0 2843.5 1315.0 2840.5 1326.0 2840.5 1330.0 2838.5 1335.0 2838.5 1339.0 2834.5 1347.0 2825.0 1356.5 2816.0 1361.5 2810.0 1363.5 2802.0 1363.5 2801.0 1364.5
 5ML_centrifuge_tube 3398.0 1104.5 3393.0 1104.5 3392.0 1103.5 3383.0 1103.5 3382.0 1102.5 3375.0 1102.5 3374.0 1101.5 3369.0 1101.5 3364.0 1099.5 3357.0 1098.5 3356.0 1097.5 3350.0 1096.5 3332.0 1086.5 3325.5 1080.0 3321.5 1073.0 3320.5 1066.0 3318.5 1062.0 3317.5 1057.0 3318.5 1053.0 3318.5 1041.0 3322.5 1033.0 3323.5 1029.0 3325.0 1028.5 3331.0 1022.5 3336.0 1019.5 3352.0 1011.5 3355.0 1011.5 3359.0 1009.5 3364.0 1008.5 3370.0 1008.5 3371.0 1007.5 3400.0 1007.5 3401.0 1008.5 3408.0 1008.5 3409.0 1009.5 3415.0 1009.5 3419.0 1011.5 3431.0 1013.5 3436.0 1015.5 3442.0 1016.5 3449.0 1020.5 3455.5 1028.0 3454.5 1033.0 3448.5 1044.0 3447.5 1045.0 3447.5 1057.0 3444.5 1063.0 3443.5 1068.0 3434.5 1086.0 3432.5 1089.0 3426.0 1095.5 3419.0 1099.5 3414.0 1100.5 3409.0 1102.5 3404.0 1102.5 3398.0 1104.5
 5ML_sorting_tube_rack 1622.0 1881.5 1566.0 1881.5 1562.0 1879.5 1554.5 1872.0 1552.5 1867.0 1550.5 1865.0 1548.5 1860.0 1543.5 1850.0 1540.5 1845.0 1534.5 1831.0 1529.5 1822.0 1527.5 1815.0 1524.5 1810.0 1522.5 1803.0 1519.5 1798.0 1519.5 1796.0 1516.5 1791.0 1516.5 1789.0 1512.5 1782.0 1512.5 1780.0 1509.5 1775.0 1508.5 1770.0 1506.5 1765.0 1503.5 1760.0 1503.5 1758.0 1500.5 1753.0 1500.5 1751.0 1497.5 1746.0 1496.5 1741.0 1493.5 1737.0 1489.5 1729.0 1487.5 1721.0 1485.5 1718.0 1481.5 1708.0 1479.5 1706.0 1477.5 1701.0 1477.5 1696.0 1476.5 1695.0 1476.5 1689.0 1475.5 1688.0 1475.5 1682.0 1474.5 1681.0 1474.5 1675.0 1473.5 1674.0 1472.5 1668.0 1470.5 1663.0 1467.5 1658.0 1465.5 1651.0 1461.5 1644.0 1461.5 1642.0 1458.5 1637.0 1451.0 1629.5 1450.0 1629.5 1444.5 1624.0 1441.5 1615.0 1441.5 1609.0 1443.5 1604.0 1444.5 1597.0 1446.5 1593.0 1446.5 1590.0 1448.5 1586.0 1448.5 1583.0 1452.5 1573.0 1452.5 1570.0 1459.5 1550.0 1459.5 1545.0 1462.5 1534.0 1468.5 1523.0 1468.5 1521.0 1471.5 1516.0 1471.5 1514.0 1474.5 1509.0 1478.5 1497.0 1478.5 1494.0 1481.5 1488.0 1482.5 1483.0 1486.5 1473.0 1487.5 1468.0 1489.5 1464.0 1489.5 1461.0 1492.5 1454.0 1492.5 1452.0 1495.5 1445.0 1495.5 1442.0 1498.5 1429.0 1500.5 1424.0 1500.5 1421.0 1502.5 1415.0 1505.5 1410.0 1505.5 1408.0 1509.5 1400.0 1510.5 1395.0 1514.5 1386.0 1515.5 1381.0 1518.5 1376.0 1523.0 1370.5 1526.0 1369.5 1534.0 1369.5 1538.5 1373.0 1540.5 1377.0 1543.5 1380.0 1545.5 1384.0 1549.5 1389.0 1554.0 1393.5 1555.0 1393.5 1564.0 1401.5 1568.0 1403.5 1573.0 1403.5 1574.0 1404.5 1581.0 1404.5 1582.0 1403.5 1592.0 1400.5 1595.0 1400.5 1604.0 1396.5 1610.0 1394.5 1616.0 1388.5 1617.0 1388.5 1623.5 1382.0 1627.5 1376.0 1632.5 1371.0 1634.5 1367.0 1634.5 1364.0 1636.5 1359.0 1636.5 1352.0 1635.5 1351.0 1635.5 1344.0 1634.5 1343.0 1634.5 1337.0 1633.5 1336.0 1633.5 1330.0 1632.5 1328.0 1634.5 1323.0 1638.0 1319.5 1646.0 1316.5 1651.0 1315.5 1661.0 1315.5 1666.0 1317.5 1671.5 1323.0 1672.5 1325.0 1671.5 1331.0 1668.5 1336.0 1666.5 1341.0 1666.5 1357.0 1668.5 1362.0 1671.5 1367.0 1673.5 1375.0 1676.5 1381.0 1680.0 1385.5 1689.0 1390.5 1697.0 1392.5 1719.0 1392.5 1725.0 1390.5 1732.0 1386.5 1735.0 1385.5 1742.0 1380.5 1747.0 1375.5 1748.0 1375.5 1753.5 1370.0 1757.5 1363.0 1759.5 1358.0 1760.5 1353.0 1760.5 1348.0 1761.5 1347.0 1761.5 1325.0 1763.5 1320.0 1767.0 1317.5 1774.0 1315.5 1775.0 1314.5 1780.5 1320.0 1782.5 1326.0 1784.5 1329.0 1784.5 1332.0 1787.5 1339.0 1788.5 1345.0 1791.5 1350.0 1791.5 1352.0 1794.5 1357.0 1795.5 1361.0 1799.5 1367.0 1807.0 1375.5 1810.0 1377.5 1818.0 1379.5 1819.0 1380.5 1824.0 1380.5 1825.0 1381.5 1834.0 1381.5 1835.0 1382.5 1840.0 1382.5 1841.0 1381.5 1848.0 1381.5 1856.0 1378.5 1864.0 1371.5 1869.0 1368.5 1878.5 1359.0 1880.5 1355.0 1884.5 1351.0 1888.5 1345.0 1890.5 1339.0 1890.5 1334.0 1891.5 1333.0 1891.5 1306.0 1892.5 1305.0 1892.5 1299.0 1894.5 1296.0 1897.0 1294.5 1906.0 1294.5 1907.0 1293.5 1916.0 1293.5 1917.0 1292.5 1926.0 1292.5 1927.0 1291.5 1950.0 1291.5 1951.0 1290.5 1964.0 1290.5 1965.0 1291.5 1979.0 1291.5 1980.0 1290.5 2023.0 1290.5 2024.0 1289.5 2047.0 1289.5 2049.0 1290.5 2053.5 1295.0 2055.5 1298.0 2056.5 1303.0 2058.5 1306.0 2059.5 1311.0 2061.5 1316.0 2061.5 1325.0 2062.5 1326.0 2062.5 1334.0 2063.5 1335.0 2063.5 1360.0 2064.5 1361.0 2064.5 1367.0 2065.5 1368.0 2065.5 1376.0 2064.5 1377.0 2064.5 1393.0 2065.5 1394.0 2065.5 1400.0 2066.5 1401.0 2066.5 1413.0 2067.5 1414.0 2067.5 1425.0 2068.5 1426.0 2068.5 1449.0 2069.5 1454.0 2071.5 1459.0 2074.5 1474.0 2077.5 1479.0 2077.5 1482.0 2079.5 1486.0 2079.5 1491.0 2080.5 1492.0 2080.5 1504.0 2081.5 1505.0 2081.5 1510.0 2083.5 1515.0 2084.5 1520.0 2084.5 1545.0 2085.5 1546.0 2085.5 1561.0 2086.5 1562.0 2086.5 1573.0 2087.5 1574.0 2087.5 1588.0 2088.5 1589.0 2088.5 1629.0 2089.5 1630.0 2089.5 1690.0 2090.5 1691.0 2090.5 1724.0 2091.5 1725.0 2091.5 1757.0 2092.5 1758.0 2092.5 1797.0 2093.5 1798.0 2093.5 1811.0 2094.5 1812.0 2094.5 1843.0 2093.5 1844.0 2091.5 1853.0 2088.0 1856.5 2084.0 1858.5 2073.0 1860.5 2068.0 1862.5 2063.0 1863.5 2055.0 1863.5 2054.0 1864.5 2021.0 1864.5 2020.0 1865.5 2006.0 1865.5 2005.0 1866.5 1991.0 1866.5 1990.0 1867.5 1984.0 1867.5 1983.0 1868.5 1978.0 1868.5 1977.0 1869.5 1968.0 1869.5 1967.0 1870.5 1960.0 1870.5 1956.0 1871.5 1955.0 1870.5 1950.0 1870.5 1949.0 1869.5 1938.0 1869.5 1937.0 1868.5 1892.0 1868.5 1891.0 1869.5 1872.0 1869.5 1871.0 1870.5 1849.0 1870.5 1848.0 1871.5 1830.0 1871.5 1829.0 1872.5 1807.0 1872.5 1806.0 1873.5 1792.0 1873.5 1791.0 1874.5 1765.0 1874.5 1764.0 1875.5 1731.0 1875.5 1730.0 1876.5 1705.0 1876.5 1704.0 1877.5 1688.0 1877.5 1687.0 1878.5 1671.0 1878.5 1670.0 1879.5 1651.0 1879.5 1650.0 1880.5 1623.0 1880.5 1622.0 1881.5
 5ML_sorting_tube_rack 1963.5 1545.0 1969.0 1544.5 1976.0 1542.5 1988.0 1536.5 1997.0 1530.5 2005.5 1522.0 2013.5 1511.0 2019.5 1496.0 2019.5 1476.0 2017.5 1471.0 2017.5 1468.0 2014.5 1460.0 2014.5 1456.0 2011.5 1447.0 2011.5 1439.0 2012.5 1438.0 2012.5 1431.0 2016.5 1423.0 2019.5 1413.0 2019.5 1408.0 2020.5 1407.0 2020.5 1387.0 2017.5 1381.0 2003.0 1366.5 2002.0 1366.5 1996.0 1361.5 1988.0 1357.5 1983.0 1357.5 1982.0 1358.5 1965.0 1362.5 1960.0 1362.5 1959.0 1363.5 1954.0 1363.5 1944.0 1367.5 1941.0 1370.5 1936.0 1372.5 1934.0 1374.5 1929.0 1376.5 1923.5 1382.0 1919.5 1388.0 1916.5 1397.0 1916.5 1416.0 1919.5 1425.0 1922.5 1430.0 1922.5 1433.0 1916.5 1440.0 1916.5 1441.0 1908.5 1451.0 1908.5 1452.0 1903.5 1461.0 1902.5 1468.0 1901.5 1469.0 1901.5 1474.0 1900.5 1475.0 1901.5 1480.0 1901.5 1485.0 1902.5 1486.0 1902.5 1493.0 1903.5 1494.0 1903.5 1506.0 1905.5 1512.0 1909.5 1519.0 1911.5 1524.0 1914.5 1528.0 1926.0 1539.5 1929.0 1541.5 1934.0 1542.5 1941.0 1545.5 1963.0 1545.5 1963.5 1545.0
 5ML_sorting_tube_rack 1672.5 1563.0 1679.0 1561.5 1688.0 1557.5 1691.0 1557.5 1696.0 1555.5 1701.0 1552.5 1711.0 1545.5 1720.5 1536.0 1728.5 1525.0 1731.5 1518.0 1732.5 1511.0 1733.5 1510.0 1733.5 1500.0 1732.5 1499.0 1732.5 1491.0 1731.5 1490.0 1731.5 1485.0 1730.5 1484.0 1730.5 1479.0 1729.5 1478.0 1727.5 1469.0 1725.5 1464.0 1722.5 1459.0 1720.5 1453.0 1716.0 1447.5 1711.0 1444.5 1699.0 1440.5 1692.0 1440.5 1691.0 1439.5 1676.0 1439.5 1675.0 1440.5 1670.0 1440.5 1665.0 1442.5 1660.0 1445.5 1658.0 1445.5 1649.0 1449.5 1643.0 1453.5 1636.0 1460.5 1635.0 1460.5 1627.5 1468.0 1622.5 1477.0 1621.5 1482.0 1619.5 1485.0 1618.5 1491.0 1617.5 1492.0 1617.5 1498.0 1616.5 1499.0 1616.5 1511.0 1619.5 1520.0 1619.5 1523.0 1621.5 1527.0 1623.5 1536.0 1628.5 1545.0 1638.0 1554.5 1642.0 1557.5 1648.0 1559.5 1651.0 1561.5 1655.0 1562.5 1664.0 1562.5 1665.0 1563.5 1672.5 1563.0
dispensing_tube_rack 1359.0 1545.5 1355.0 1545.5 1345.0 1541.5 1342.5 1538.0 1341.5 1533.0 1339.5 1530.0 1334.5 1515.0 1327.5 1504.0 1327.5 1502.0 1323.5 1495.0 1319.5 1484.0 1313.5 1474.0 1308.5 1461.0 1303.5 1452.0 1300.5 1445.0 1292.5 1431.0 1288.5 1422.0 1285.5 1417.0 1285.5 1415.0 1282.5 1411.0 1279.5 1405.0 1279.5 1403.0 1273.5 1391.0 1269.5 1384.0 1269.5 1382.0 1264.5 1373.0 1264.5 1371.0 1261.5 1365.0 1255.5 1357.0 1252.5 1349.0 1250.5 1346.0 1246.0 1342.5 1241.0 1340.5 1235.0 1339.5 1230.0 1335.5 1224.0 1332.5 1219.5 1328.0 1217.5 1323.0 1217.5 1318.0 1216.5 1317.0 1216.5 1311.0 1219.5 1304.0 1219.5 1301.0 1221.5 1297.0 1221.5 1294.0 1223.5 1290.0 1227.5 1274.0 1229.5 1268.0 1231.5 1265.0 1234.5 1255.0 1234.5 1252.0 1236.5 1249.0 1239.5 1238.0 1242.5 1231.0 1244.5 1222.0 1246.5 1216.0 1249.5 1211.0 1253.5 1201.0 1258.5 1196.0 1258.5 1195.0 1263.0 1190.5 1278.0 1182.5 1283.0 1178.5 1290.0 1175.5 1296.0 1169.5 1299.0 1168.5 1300.5 1171.0 1305.0 1175.5 1309.0 1178.5 1315.0 1181.5 1317.0 1181.5 1324.0 1185.5 1327.0 1186.5 1349.0 1186.5 1355.0 1184.5 1362.5 1177.0 1362.5 1176.0 1369.5 1169.0 1377.5 1157.0 1382.5 1152.0 1385.0 1148.5 1389.0 1146.5 1398.0 1144.5 1405.0 1144.5 1406.0 1143.5 1411.0 1143.5 1416.0 1142.5 1421.0 1140.5 1426.0 1139.5 1431.0 1139.5 1432.0 1138.5 1446.0 1138.5 1448.0 1139.5 1451.5 1144.0 1454.5 1153.0 1457.5 1158.0 1457.5 1160.0 1463.0 1166.5 1473.0 1170.5 1486.0 1170.5 1487.0 1169.5 1493.0 1169.5 1498.0 1167.5 1506.0 1166.5 1515.0 1162.5 1520.5 1157.0 1523.5 1153.0 1526.5 1147.0 1526.5 1132.0 1529.0 1128.5 1534.0 1126.5 1539.0 1126.5 1543.0 1125.5 1550.0 1122.5 1553.0 1119.5 1558.0 1117.5 1561.0 1117.5 1566.0 1115.5 1571.0 1114.5 1576.0 1114.5 1577.0 1113.5 1584.0 1113.5 1585.0 1112.5 1597.0 1112.5 1598.0 1111.5 1614.0 1111.5 1619.0 1109.5 1622.0 1109.5 1625.0 1107.5 1636.0 1105.5 1640.0 1103.5 1643.0 1103.5 1653.0 1099.5 1658.0 1099.5 1659.0 1098.5 1664.0 1098.5 1665.0 1097.5 1670.0 1097.5 1671.0 1096.5 1676.0 1096.5 1677.0 1095.5 1682.0 1095.5 1683.0 1094.5 1692.0 1094.5 1693.0 1095.5 1698.0 1095.5 1705.0 1098.5 1713.0 1106.5 1719.0 1108.5 1725.0 1109.5 1733.0 1113.5 1738.5 1120.0 1738.5 1122.0 1741.5 1130.0 1741.5 1135.0 1742.5 1136.0 1742.5 1142.0 1743.5 1143.0 1743.5 1154.0 1744.5 1155.0 1744.5 1175.0 1745.5 1176.0 1745.5 1224.0 1741.5 1236.0 1741.5 1245.0 1742.5 1246.0 1742.5 1253.0 1745.5 1259.0 1745.5 1261.0 1748.5 1267.0 1748.5 1272.0 1749.5 1273.0 1749.5 1288.0 1746.5 1295.0 1744.0 1297.5 1736.0 1300.5 1725.0 1300.5 1724.0 1301.5 1710.0 1301.5 1709.0 1302.5 1704.0 1302.5 1699.0 1304.5 1690.0 1306.5 1689.0 1307.5 1683.0 1307.5 1680.0 1306.5 1671.0 1301.5 1664.0 1300.5 1660.0 1298.5 1646.0 1298.5 1645.0 1299.5 1638.0 1299.5 1637.0 1300.5 1629.0 1300.5 1628.0 1301.5 1620.0 1301.5 1619.0 1302.5 1609.0 1302.5 1608.0 1303.5 1596.0 1303.5 1595.0 1304.5 1585.0 1304.5 1584.0 1305.5 1577.0 1305.5 1576.0 1306.5 1570.0 1306.5 1569.0 1307.5 1562.0 1308.5 1558.0 1310.5 1555.0 1310.5 1549.0 1313.5 1543.0 1317.5 1540.0 1320.5 1536.0 1322.5 1529.5 1329.0 1525.5 1336.0 1522.5 1345.0 1522.5 1351.0 1521.5 1352.0 1521.5 1357.0 1515.5 1370.0 1514.5 1375.0 1512.5 1378.0 1509.5 1389.0 1506.5 1396.0 1506.5 1399.0 1503.5 1406.0 1501.5 1408.0 1499.5 1413.0 1497.5 1415.0 1495.5 1420.0 1494.5 1427.0 1492.5 1431.0 1492.5 1435.0 1490.5 1441.0 1490.5 1445.0 1488.5 1448.0 1486.5 1455.0 1486.5 1460.0 1485.5 1464.0 1483.5 1467.0 1481.5 1475.0 1480.5 1476.0 1476.5 1490.0 1475.5 1495.0 1473.5 1498.0 1470.5 1509.0 1465.5 1519.0 1460.0 1525.5 1453.0 1527.5 1448.0 1527.5 1447.0 1528.5 1439.0 1528.5 1434.0 1530.5 1418.0 1530.5 1415.0 1531.5 1411.0 1535.5 1405.0 1536.5 1397.0 1539.5 1392.0 1539.5 1386.0 1541.5 1375.0 1541.5 1374.0 1542.5 1369.0 1542.5 1364.0 1544.5 1359.0 1545.5
dispensing_tube_rack 1355.5 1433.0 1356.5 1431.0 1356.5 1418.0 1360.5 1408.0 1361.5 1400.0 1364.5 1393.0 1365.5 1389.0 1365.5 1382.0 1364.5 1381.0 1364.5 1375.0 1363.5 1371.0 1355.5 1359.0 1353.5 1354.0 1350.0 1350.5 1345.0 1348.5 1336.0 1348.5 1335.0 1349.5 1329.0 1349.5 1324.0 1350.5 1313.0 1354.5 1308.5 1359.0 1311.5 1365.0 1311.5 1367.0 1317.5 1376.0 1319.5 1382.0 1321.5 1385.0 1323.5 1392.0 1328.5 1403.0 1333.5 1409.0 1336.5 1415.0 1337.5 1420.0 1339.5 1423.0 1340.5 1427.0 1344.0 1431.5 1350.0 1431.5 1355.5 1433.0
dispensing_tube_rack 3839.0 2147.5 3830.0 2147.5 3822.0 2150.5 3810.0 2150.5 3809.0 2151.5 3739.0 2151.5 3738.0 2150.5 3723.0 2150.5 3720.0 2148.5 3714.0 2142.5 3710.0 2140.5 3709.0 2141.5 3702.0 2142.5 3695.0 2145.5 3693.0 2147.5 3686.0 2150.5 3680.0 2150.5 3679.0 2151.5 3673.0 2151.5 3672.0 2152.5 3657.0 2152.5 3656.0 2151.5 3629.0 2151.5 3628.0 2150.5 3616.0 2150.5 3608.0 2146.5 3586.0 2146.5 3585.0 2145.5 3577.0 2145.5 3570.0 2142.5 3565.0 2141.5 3560.0 2139.5 3553.0 2132.5 3549.0 2130.5 3544.5 2126.0 3540.5 2119.0 3535.0 2113.5 3534.0 2113.5 3528.5 2108.0 3525.5 2102.0 3521.0 2096.5 3520.0 2096.5 3513.5 2090.0 3508.5 2079.0 3506.5 2077.0 3503.5 2071.0 3496.5 2064.0 3493.5 2059.0 3488.5 2054.0 3484.5 2048.0 3480.5 2036.0 3478.5 2028.0 3474.0 2020.5 3470.0 2021.5 3463.0 2028.5 3457.5 2032.0 3448.5 2049.0 3444.5 2054.0 3439.5 2059.0 3434.5 2066.0 3430.5 2076.0 3424.5 2084.0 3421.5 2091.0 3419.5 2093.0 3416.5 2099.0 3409.5 2108.0 3408.5 2111.0 3404.5 2116.0 3401.5 2122.0 3395.5 2129.0 3391.5 2136.0 3386.0 2142.5 3382.0 2145.5 3372.0 2150.5 3369.0 2151.5 3285.0 2151.5 3280.0 2150.5 3275.0 2148.5 3266.0 2147.5 3265.0 2146.5 3259.0 2146.5 3254.0 2148.5 3249.0 2148.5 3243.0 2150.5 3209.0 2150.5 3201.0 2147.5 3196.0 2146.5 3193.0 2144.5 3186.0 2142.5 3183.0 2140.5 3169.5 2127.0 3166.5 2121.0 3162.5 2115.0 3155.5 2109.0 3148.5 2098.0 3147.5 2095.0 3143.5 2090.0 3142.5 2087.0 3139.5 2084.0 3136.5 2079.0 3134.5 2074.0 3128.5 2067.0 3124.5 2061.0 3116.5 2044.0 3108.5 2034.0 3105.5 2028.0 3101.5 2022.0 3094.5 2013.0 3092.5 2008.0 3090.5 2006.0 3082.5 1993.0 3075.5 1984.0 3068.5 1974.0 3064.5 1965.0 3061.0 1961.5 3055.0 1959.5 3043.0 1959.5 3042.0 1960.5 3034.0 1960.5 3033.0 1961.5 3028.0 1961.5 3027.0 1962.5 3021.0 1962.5 3020.0 1963.5 3015.0 1963.5 3004.0 1966.5 2998.0 1966.5 2997.0 1967.5 2992.0 1967.5 2991.0 1968.5 2985.0 1968.5 2984.0 1969.5 2977.0 1969.5 2972.0 1970.5 2967.0 1972.5 2962.0 1973.5 2954.0 1973.5 2953.0 1974.5 2945.0 1974.5 2944.0 1975.5 2937.0 1976.5 2932.0 1978.5 2927.0 1978.5 2926.0 1979.5 2920.0 1979.5 2919.0 1980.5 2914.0 1980.5 2913.0 1981.5 2908.0 1981.5 2907.0 1982.5 2902.0 1982.5 2901.0 1983.5 2894.0 1983.5 2893.0 1984.5 2888.0 1984.5 2887.0 1985.5 2882.0 1985.5 2876.0 1987.5 2866.0 1989.5 2860.0 1989.5 2859.0 1990.5 2853.0 1990.5 2852.0 1991.5 2847.0 1991.5 2846.0 1992.5 2841.0 1992.5 2840.0 1993.5 2835.0 1993.5 2834.0 1994.5 2828.0 1994.5 2827.0 1995.5 2818.0 1996.5 2813.0 1998.5 2805.0 1998.5 2804.0 1999.5 2796.0 1999.5 2795.0 2000.5 2788.0 2001.5 2780.0 2004.5 2773.0 2004.5 2772.0 2003.5 2768.0 2004.5 2763.0 2004.5 2757.0 2006.5 2754.0 2008.5 2745.0 2010.5 2739.0 2012.5 2721.0 2012.5 2715.0 2014.5 2710.0 2014.5 2705.0 2015.5 2700.0 2017.5 2695.0 2018.5 2690.0 2018.5 2689.0 2019.5 2684.0 2019.5 2683.0 2020.5 2677.0 2020.5 2666.0 2023.5 2661.0 2023.5 2655.0 2025.5 2650.0 2025.5 2649.0 2026.5 2644.0 2026.5 2643.0 2027.5 2638.0 2027.5 2633.0 2029.5 2612.0 2033.5 2608.0 2035.5 2601.0 2036.5 2589.0 2040.5 2584.5 2045.0 2583.5 2052.0 2582.5 2053.0 2582.5 2060.0 2581.5 2061.0 2581.5 2068.0 2580.5 2069.0 2580.5 2075.0 2579.5 2076.0 2579.5 2084.0 2578.5 2085.0 2578.5 2093.0 2577.5 2094.0 2577.5 2100.0 2576.5 2101.0 2576.5 2106.0 2575.5 2107.0 2575.5 2112.0 2574.5 2113.0 2574.5 2118.0 2571.5 2129.0 2570.5 2137.0 2566.5 2144.0 2561.0 2149.5 2556.0 2151.5 2545.0 2151.5 2544.0 2152.5 2497.0 2152.5 2489.0 2150.5 2482.5 2144.0 2482.5 2143.0 2475.5 2137.0 2474.5 2135.0 2476.5 2132.0 2477.5 2127.0 2479.5 2124.0 2480.5 2120.0 2480.5 2108.0 2481.5 2107.0 2481.5 2098.0 2482.5 2097.0 2482.5 2086.0 2483.5 2085.0 2483.5 2075.0 2484.5 2070.0 2486.5 2065.0 2486.5 2045.0 2487.5 2041.0 2490.5 2034.0 2490.5 2029.0 2491.5 2028.0 2491.5 2016.0 2492.5 2015.0 2492.5 2006.0 2493.5 2001.0 2492.5 2000.0 2492.5 1992.0 2489.5 1981.0 2487.5 1978.0 2485.5 1972.0 2484.5 1965.0 2482.5 1959.0 2479.0 1953.5 2472.0 1950.5 2469.0 1948.5 2465.0 1948.5 2459.0 1951.5 2454.0 1952.5 2449.0 1954.5 2440.0 1954.5 2436.0 1955.5 2433.0 1957.5 2429.0 1958.5 2427.0 1960.5 2419.0 1964.5 2413.5 1970.0 2413.5 1974.0 2416.5 1977.0 2419.5 1984.0 2420.5 1990.0 2422.5 1993.0 2422.5 1996.0 2425.5 2003.0 2430.5 2024.0 2432.5 2029.0 2433.5 2036.0 2440.5 2049.0 2440.5 2052.0 2442.5 2057.0 2443.5 2063.0 2447.5 2070.0 2448.5 2076.0 2450.5 2080.0 2455.5 2095.0 2458.5 2100.0 2460.5 2105.0 2461.5 2113.0 2462.5 2114.0 2462.5 2119.0 2463.5 2120.0 2463.5 2128.0 2464.5 2129.0 2464.5 2139.0 2463.5 2140.0 2458.0 2150.5 2452.0 2152.5 2440.0 2152.5 2435.0 2153.5 2434.0 2152.5 2420.0 2152.5 2419.0 2151.5 2409.0 2151.5 2406.0 2150.5 2399.5 2142.0 2395.5 2131.0 2390.5 2121.0 2389.5 2116.0 2387.5 2112.0 2384.5 2100.0 2382.5 2097.0 2381.5 2092.0 2378.5 2085.0 2376.5 2076.0 2374.5 2072.0 2373.5 2067.0 2371.5 2064.0 2370.5 2057.0 2368.5 2052.0 2368.5 2048.0 2366.5 2043.0 2364.5 2035.0 2362.5 2032.0 2362.5 2029.0 2360.5 2025.0 2360.5 2022.0 2358.5 2018.0 2356.5 2009.0 2354.5 2004.0 2351.5 1994.0 2349.5 1991.0 2346.5 1982.0 2345.5 1977.0 2343.5 1974.0 2342.5 1970.0 2342.5 1962.0 2341.5 1961.0 2341.5 1956.0 2340.5 1955.0 2339.5 1946.0 2337.5 1942.0 2335.5 1934.0 2335.5 1931.0 2333.5 1927.0 2332.5 1919.0 2329.5 1912.0 2329.5 1907.0 2328.5 1906.0 2328.5 1900.0 2326.5 1892.0 2323.5 1886.0 2318.5 1880.0 2317.5 1874.0 2314.5 1867.0 2313.5 1859.0 2310.5 1852.0 2309.5 1847.0 2309.5 1841.0 2308.5 1837.0 2305.5 1831.0 2303.5 1829.0 2299.5 1820.0 2299.5 1815.0 2297.5 1810.0 2297.5 1807.0 2291.5 1796.0 2288.5 1793.0 2288.5 1790.0 2286.5 1785.0 2286.5 1781.0 2284.5 1777.0 2283.5 1769.0 2281.5 1765.0 2281.5 1762.0 2279.5 1757.0 2278.5 1750.0 2276.5 1746.0 2276.5 1743.0 2274.5 1740.0 2273.5 1735.0 2270.5 1728.0 2270.5 1725.0 2268.5 1720.0 2266.5 1710.0 2261.5 1699.0 2261.5 1696.0 2258.5 1691.0 2258.5 1688.0 2254.5 1679.0 2254.5 1676.0 2252.5 1672.0 2252.5 1667.0 2251.5 1666.0 2251.5 1661.0 2250.5 1656.0 2248.5 1651.0 2247.5 1646.0 2245.5 1643.0 2243.5 1636.0 2243.5 1632.0 2241.5 1626.0 2233.5 1611.0 2230.5 1599.0 2228.5 1597.0 2227.5 1592.0 2224.5 1587.0 2223.5 1581.0 2222.5 1580.0 2221.5 1571.0 2219.5 1566.0 2219.5 1562.0 2215.5 1552.0 2215.5 1548.0 2213.5 1543.0 2213.5 1539.0 2211.5 1533.0 2207.5 1525.0 2204.5 1510.0 2202.5 1505.0 2202.5 1500.0 2201.5 1496.0 2198.5 1490.0 2197.5 1485.0 2197.5 1480.0 2196.5 1479.0 2195.5 1470.0 2194.5 1469.0 2194.5 1460.0 2199.0 1456.5 2208.0 1454.5 2210.0 1453.5 2215.0 1448.5 2229.0 1444.5 2238.0 1444.5 2239.0 1443.5 2246.0 1443.5 2254.0 1440.5 2256.5 1438.0 2258.5 1434.0 2258.5 1427.0 2257.5 1426.0 2257.5 1420.0 2256.5 1416.0 2254.5 1413.0 2251.5 1403.0 2251.5 1400.0 2249.5 1395.0 2249.5 1391.0 2247.5 1385.0 2247.5 1381.0 2245.5 1377.0 2241.5 1364.0 2239.5 1361.0 2239.5 1358.0 2237.5 1353.0 2228.5 1337.0 2224.5 1323.0 2223.5 1318.0 2223.5 1313.0 2222.5 1309.0 2223.5 1308.0 2223.5 1297.0 2224.5 1293.0 2229.0 1284.5 2238.0 1278.5 2242.0 1274.5 2251.0 1268.5 2258.0 1261.5 2263.0 1259.5 2269.0 1258.5 2272.0 1256.5 2277.0 1255.5 2281.0 1253.5 2288.0 1252.5 2294.0 1250.5 2299.0 1250.5 2305.0 1247.5 2307.0 1245.5 2316.0 1241.5 2321.0 1240.5 2324.0 1238.5 2327.0 1238.5 2333.0 1236.5 2338.0 1233.5 2348.0 1231.5 2349.0 1230.5 2355.0 1230.5 2356.0 1229.5 2363.0 1229.5 2364.0 1228.5 2373.0 1228.5 2374.0 1227.5 2380.0 1227.5 2381.0 1226.5 2386.0 1226.5 2391.0 1224.5 2398.0 1223.5 2407.0 1219.5 2415.0 1219.5 2416.0 1218.5 2422.0 1218.5 2427.0 1216.5 2431.0 1216.5 2436.0 1214.5 2443.0 1214.5 2444.0 1213.5 2449.0 1213.5 2460.0 1208.5 2469.0 1206.5 2476.0 1206.5 2477.0 1205.5 2482.0 1205.5 2483.0 1204.5 2489.0 1204.5 2490.0 1203.5 2496.0 1203.5 2497.0 1202.5 2504.0 1202.5 2505.0 1201.5 2512.0 1201.5 2513.0 1200.5 2519.0 1200.5 2520.0 1199.5 2525.0 1199.5 2526.0 1198.5 2540.0 1195.5 2543.0 1193.5 2547.0 1193.5 2560.0 1189.5 2566.0 1189.5 2567.0 1188.5 2572.0 1188.5 2573.0 1187.5 2581.0 1187.5 2587.0 1185.5 2592.0 1185.5 2593.0 1184.5 2598.0 1184.5 2599.0 1183.5 2616.0 1183.5 2617.0 1184.5 2623.0 1184.5 2630.0 1187.5 2631.5 1189.0 2634.5 1195.0 2636.5 1204.0 2641.5 1212.0 2650.0 1220.5 2654.0 1221.5 2659.0 1224.5 2663.0 1225.5 2670.0 1225.5 2671.0 1226.5 2682.0 1226.5 2683.0 1227.5 2689.0 1227.5 2694.0 1228.5 2701.0 1232.5 2704.5 1237.0 2705.5 1245.0 2706.5 1246.0 2706.5 1256.0 2705.5 1257.0 2705.5 1271.0 2707.5 1276.0 2708.5 1281.0 2708.5 1297.0 2720.0 1304.5 2724.0 1304.5 2731.0 1297.5 2732.0 1297.5 2736.5 1293.0 2739.5 1286.0 2739.5 1281.0 2742.5 1274.0 2750.0 1266.5 2750.5 1269.0 2754.5 1275.0 2755.5 1279.0 2755.5 1287.0 2754.5 1288.0 2754.5 1294.0 2753.5 1295.0 2753.5 1305.0 2754.5 1306.0 2754.5 1311.0 2753.5 1314.0 2750.0 1318.5 2744.0 1317.5 2743.0 1316.5 2738.0 1316.5 2737.0 1315.5 2731.0 1316.5 2727.0 1318.5 2724.5 1323.0 2724.5 1329.0 2729.5 1340.0 2730.5 1344.0 2733.5 1349.0 2740.0 1355.5 2744.0 1357.5 2750.5 1362.0 2754.5 1367.0 2760.0 1372.5 2765.0 1374.5 2785.0 1374.5 2786.0 1373.5 2791.0 1373.5 2792.0 1372.5 2797.0 1372.5 2798.0 1371.5 2804.0 1371.5 2805.0 1370.5 2810.0 1370.5 2818.0 1366.5 2823.0 1362.5 2827.0 1360.5 2834.5 1353.0 2838.5 1347.0 2843.5 1338.0 2843.5 1336.0 2847.5 1329.0 2849.5 1327.0 2854.5 1319.0 2859.0 1314.5 2869.0 1311.5 2871.5 1309.0 2875.5 1301.0 2885.0 1293.5 2895.0 1301.5 2896.0 1301.5 2900.5 1306.0 2904.5 1317.0 2904.5 1321.0 2906.5 1326.0 2906.5 1336.0 2905.5 1337.0 2905.5 1342.0 2902.5 1347.0 2897.5 1358.0 2897.5 1370.0 2895.5 1374.0 2890.5 1380.0 2887.5 1388.0 2885.5 1391.0 2882.5 1405.0 2879.5 1414.0 2878.5 1419.0 2878.5 1424.0 2876.5 1430.0 2877.5 1435.0 2880.0 1437.5 2884.0 1439.5 2890.0 1439.5 2891.0 1438.5 2897.0 1438.5 2898.0 1437.5 2904.0 1437.5 2905.0 1436.5 2910.0 1436.5 2911.0 1435.5 2917.0 1435.5 2918.0 1434.5 2928.0 1434.5 2929.0 1433.5 2951.0 1433.5 2952.0 1432.5 2979.0 1432.5 2986.0 1430.5 2986.5 1429.0 2995.0 1420.5 2999.5 1419.0 2998.0 1415.5 2994.0 1414.5 2985.0 1414.5 2984.0 1413.5 2978.0 1413.5 2974.0 1412.5 2971.0 1410.5 2967.0 1409.5 2964.0 1407.5 2956.5 1400.0 2952.5 1394.0 2945.5 1387.0 2941.5 1380.0 2940.5 1375.0 2938.5 1370.0 2938.5 1366.0 2936.5 1360.0 2936.5 1356.0 2933.5 1345.0 2933.5 1339.0 2934.5 1338.0 2934.5 1332.0 2937.5 1326.0 2947.0 1321.5 2952.0 1321.5 2953.0 1320.5 2958.0 1320.5 2964.0 1318.5 2968.0 1318.5 2977.0 1315.5 2984.0 1314.5 2989.0 1312.5 2992.0 1312.5 2996.0 1310.5 3007.0 1308.5 3008.0 1307.5 3014.0 1307.5 3019.0 1306.5 3026.0 1303.5 3030.5 1299.0 3032.5 1295.0 3033.5 1290.0 3033.5 1284.0 3034.5 1283.0 3034.5 1278.0 3037.5 1270.0 3038.5 1263.0 3040.5 1259.0 3040.5 1256.0 3042.5 1251.0 3042.5 1248.0 3044.5 1244.0 3046.5 1232.0 3048.5 1227.0 3049.5 1218.0 3054.5 1202.0 3054.5 1197.0 3055.5 1196.0 3055.5 1191.0 3058.5 1182.0 3059.5 1177.0 3059.5 1170.0 3060.5 1169.0 3060.5 1160.0 3064.5 1144.0 3067.5 1139.0 3075.5 1131.0 3078.5 1124.0 3079.5 1118.0 3084.0 1112.5 3090.0 1109.5 3097.0 1102.5 3100.0 1100.5 3104.0 1099.5 3107.0 1097.5 3120.0 1094.5 3124.0 1092.5 3129.0 1091.5 3135.0 1091.5 3136.0 1090.5 3141.0 1090.5 3142.0 1089.5 3150.0 1087.5 3159.0 1086.5 3160.0 1085.5 3165.0 1085.5 3166.0 1084.5 3171.0 1084.5 3176.0 1083.5 3181.0 1081.5 3186.0 1080.5 3191.0 1080.5 3192.0 1079.5 3200.0 1079.5 3201.0 1078.5 3206.0 1078.5 3207.0 1077.5 3216.0 1076.5 3222.0 1074.5 3231.0 1073.5 3232.0 1072.5 3238.0 1072.5 3239.0 1071.5 3245.0 1071.5 3251.0 1069.5 3256.0 1069.5 3257.0 1068.5 3263.0 1068.5 3264.0 1067.5 3269.0 1067.5 3270.0 1066.5 3279.0 1065.5 3280.0 1064.5 3286.0 1064.5 3287.0 1063.5 3304.0 1063.5 3310.0 1066.5 3316.0 1072.5 3317.0 1072.5 3324.5 1080.0 3324.5 1081.0 3332.0 1088.5 3335.0 1090.5 3349.0 1096.5 3357.0 1101.5 3367.0 1106.5 3377.0 1106.5 3378.0 1107.5 3385.0 1107.5 3386.0 1106.5 3401.0 1106.5 3402.0 1105.5 3408.0 1105.5 3412.0 1104.5 3418.0 1101.5 3422.0 1097.5 3427.0 1094.5 3432.0 1089.5 3433.0 1089.5 3438.5 1084.0 3438.5 1083.0 3444.5 1076.0 3447.5 1069.0 3447.5 1066.0 3450.5 1056.0 3452.5 1051.0 3452.5 1047.0 3454.5 1042.0 3460.0 1036.5 3471.0 1030.5 3476.0 1028.5 3485.0 1027.5 3486.0 1026.5 3491.0 1026.5 3492.0 1025.5 3497.0 1025.5 3498.0 1024.5 3504.0 1024.5 3505.0 1023.5 3510.0 1023.5 3516.0 1021.5 3522.0 1021.5 3523.0 1020.5 3528.0 1020.5 3529.0 1019.5 3534.0 1019.5 3535.0 1018.5 3546.0 1016.5 3552.0 1014.5 3557.0 1014.5 3558.0 1013.5 3564.0 1013.5 3565.0 1012.5 3574.0 1012.5 3575.0 1011.5 3582.0 1011.5 3583.0 1010.5 3589.0 1010.5 3590.0 1009.5 3610.0 1009.5 3613.0 1011.5 3621.0 1013.5 3623.0 1015.5 3629.0 1018.5 3642.0 1021.5 3648.0 1023.5 3656.0 1023.5 3657.0 1024.5 3668.0 1024.5 3669.0 1025.5 3680.0 1027.5 3685.0 1030.5 3697.0 1039.5 3698.0 1039.5 3708.0 1047.5 3715.0 1050.5 3718.0 1053.5 3722.0 1055.5 3729.0 1062.5 3735.0 1066.5 3742.0 1069.5 3746.0 1072.5 3752.0 1079.5 3758.0 1083.5 3764.5 1090.0 3765.5 1093.0 3770.0 1098.5 3775.0 1098.5 3778.0 1096.5 3783.5 1091.0 3787.5 1086.0 3788.5 1083.0 3792.5 1078.0 3796.5 1069.0 3800.5 1062.0 3800.5 1060.0 3806.5 1052.0 3811.5 1042.0 3812.5 1041.0 3815.5 1032.0 3815.5 1030.0 3820.5 1021.0 3823.5 1010.0 3826.5 1004.0 3827.5 997.0 3829.5 992.0 3834.0 986.5 3839.0 986.5
dispensing_tube_rack 3770.5 1136.0 3773.5 1133.0 3773.5 1129.0 3769.5 1127.0 3769.5 1136.0 3770.5 1136.0
dispensing_tube_rack 2854.0 1264.5 2840.0 1264.5 2835.0 1262.5 2824.0 1260.5 2819.0 1257.5 2808.0 1254.5 2800.0 1254.5 2799.0 1253.5 2786.0 1253.5 2785.0 1252.5 2780.0 1252.5 2773.0 1250.5 2769.5 1245.0 2765.0 1242.5 2759.0 1245.5 2751.5 1253.0 2750.5 1258.0 2745.0 1254.5 2739.0 1254.5 2736.0 1252.5 2730.0 1245.5 2721.0 1242.5 2717.5 1239.0 2723.0 1234.5 2727.0 1234.5 2732.0 1232.5 2734.5 1226.0 2734.5 1221.0 2738.5 1214.0 2738.5 1212.0 2741.5 1206.0 2741.5 1198.0 2742.5 1193.0 2747.0 1188.5 2751.0 1185.5 2758.0 1182.5 2763.0 1182.5 2764.0 1181.5 2769.0 1181.5 2774.0 1180.5 2779.0 1178.5 2794.0 1178.5 2799.0 1179.5 2803.0 1181.5 2806.0 1181.5 2811.0 1183.5 2817.5 1190.0 2820.5 1198.0 2832.5 1210.0 2833.5 1213.0 2838.0 1217.5 2842.5 1221.0 2845.5 1226.0 2845.5 1228.0 2850.5 1236.0 2855.0 1239.5 2866.5 1251.0 2867.5 1257.0 2863.0 1262.5 2860.0 1263.5 2855.0 1263.5 2854.0 1264.5
dispensing_tube_rack 3839.0 1224.5 3834.0 1224.5 3829.5 1229.0 3829.5 1230.0 3824.5 1240.0 3821.5 1245.0 3817.5 1250.0 3813.5 1262.0 3811.5 1265.0 3812.5 1269.0 3817.0 1272.5 3824.0 1272.5 3825.0 1273.5 3839.0 1273.5
dispensing_tube_rack 3111.5 1288.0 3117.0 1287.5 3124.0 1284.5 3141.0 1281.5 3144.0 1280.5 3150.0 1274.5 3157.5 1269.0 3154.0 1264.5 3149.0 1262.5 3142.0 1255.5 3138.0 1253.5 3135.0 1253.5 3129.0 1250.5 3126.5 1246.0 3124.5 1239.0 3116.0 1234.5 3112.0 1234.5 3109.5 1237.0 3107.5 1241.0 3106.5 1246.0 3102.5 1254.0 3099.5 1265.0 3097.5 1269.0 3097.5 1273.0 3095.5 1281.0 3096.5 1283.0 3101.0 1286.5 3105.0 1287.5 3111.5 1288.0
dispensing_tube_rack 3705.5 1255.0 3711.0 1254.5 3713.5 1252.0 3714.5 1249.0 3712.5 1243.0 3710.0 1240.5 3705.0 1245.5 3699.0 1247.5 3695.5 1251.0 3695.5 1254.0 3698.0 1255.5 3705.5 1255.0
dispensing_tube_rack 3625.5 1315.0 3632.0 1314.5 3633.0 1313.5 3638.0 1313.5 3639.0 1312.5 3646.0 1312.5 3657.0 1309.5 3666.0 1304.5 3670.0 1301.5 3675.5 1296.0 3678.5 1290.0 3682.5 1279.0 3684.5 1276.0 3686.5 1270.0 3686.5 1265.0 3680.0 1261.5 3662.0 1261.5 3661.0 1262.5 3654.0 1262.5 3653.0 1263.5 3645.0 1263.5 3644.0 1264.5 3635.0 1264.5 3630.0 1265.5 3625.0 1267.5 3620.0 1267.5 3619.0 1268.5 3610.0 1268.5 3603.0 1271.5 3599.0 1274.5 3590.5 1285.0 3585.5 1295.0 3585.5 1298.0 3588.5 1304.0 3589.5 1310.0 3593.0 1312.5 3597.0 1313.5 3602.0 1313.5 3603.0 1314.5 3615.0 1314.5 3616.0 1315.5 3625.0 1315.5 3625.5 1315.0
dispensing_tube_rack 2423.5 1434.0 2434.0 1431.5 2442.0 1430.5 2444.0 1428.5 2449.0 1426.5 2454.5 1421.0 2457.5 1415.0 2458.5 1410.0 2461.5 1404.0 2462.5 1400.0 2462.5 1382.0 2463.5 1381.0 2463.5 1369.0 2462.5 1368.0 2462.5 1361.0 2461.5 1360.0 2461.5 1353.0 2460.5 1352.0 2459.5 1343.0 2455.5 1329.0 2452.0 1325.5 2446.0 1323.5 2440.0 1323.5 2439.0 1322.5 2434.0 1323.5 2423.0 1323.5 2422.0 1324.5 2414.0 1324.5 2413.0 1323.5 2393.0 1323.5 2392.0 1322.5 2386.0 1322.5 2385.0 1321.5 2365.0 1321.5 2360.0 1322.5 2359.0 1321.5 2347.0 1321.5 2345.0 1322.5 2341.5 1327.0 2341.5 1335.0 2342.5 1336.0 2342.5 1358.0 2348.5 1374.0 2352.0 1375.5 2354.5 1378.0 2357.5 1385.0 2358.5 1392.0 2361.5 1400.0 2369.5 1408.0 2371.5 1412.0 2372.5 1417.0 2377.0 1421.5 2387.0 1426.5 2393.0 1430.5 2404.0 1434.5 2423.0 1434.5 2423.5 1434.0
dispensing_tube_rack 2799.5 1452.0 2805.0 1451.5 2806.0 1450.5 2821.0 1450.5 2822.0 1449.5 2832.0 1449.5 2836.0 1444.5 2830.0 1443.5 2829.0 1442.5 2820.0 1442.5 2819.0 1443.5 2792.0 1443.5 2791.0 1444.5 2786.0 1444.5 2783.0 1446.5 2777.0 1447.5 2772.5 1449.0 2779.0 1452.5 2799.0 1452.5 2799.5 1452.0
dispensing_tube_rack 2601.5 1492.0 2606.0 1491.5 2608.0 1489.5 2589.0 1489.5 2592.0 1491.5 2601.5 1492.0
dispensing_tube_rack 3009.5 1734.0 3012.5 1731.0 3013.5 1728.0 3017.5 1723.0 3020.5 1718.0 3027.5 1703.0 3028.5 1698.0 3032.5 1688.0 3036.5 1682.0 3038.5 1677.0 3042.5 1671.0 3043.5 1666.0 3045.5 1663.0 3046.5 1657.0 3049.5 1650.0 3049.5 1647.0 3051.5 1643.0 3054.5 1630.0 3058.5 1619.0 3060.5 1616.0 3062.5 1610.0 3064.5 1599.0 3066.5 1595.0 3067.5 1590.0 3069.5 1586.0 3071.5 1577.0 3074.5 1570.0 3075.5 1566.0 3075.5 1552.0 3071.5 1544.0 3068.5 1541.0 3064.5 1531.0 3064.5 1528.0 3062.5 1524.0 3052.0 1513.5 3044.0 1508.5 3039.0 1507.5 3021.0 1507.5 3020.0 1508.5 3013.0 1508.5 3012.0 1509.5 3007.0 1509.5 3002.0 1510.5 2997.0 1512.5 2988.0 1513.5 2987.0 1514.5 2981.0 1514.5 2980.0 1515.5 2975.0 1515.5 2970.0 1516.5 2965.0 1518.5 2960.0 1519.5 2952.0 1519.5 2947.0 1520.5 2941.0 1523.5 2937.0 1527.5 2932.0 1530.5 2927.0 1529.5 2914.0 1529.5 2906.0 1532.5 2901.0 1533.5 2888.0 1533.5 2883.0 1535.5 2879.5 1539.0 2877.5 1544.0 2876.5 1551.0 2881.0 1556.5 2885.0 1558.5 2891.5 1564.0 2895.5 1570.0 2896.5 1573.0 2899.5 1576.0 2901.5 1580.0 2906.5 1586.0 2907.5 1589.0 2912.5 1596.0 2914.5 1601.0 2920.5 1608.0 2924.5 1614.0 2933.5 1623.0 2937.5 1630.0 2943.5 1643.0 2951.5 1652.0 2957.5 1664.0 2962.5 1669.0 2967.5 1677.0 2974.5 1685.0 2974.5 1686.0 2979.5 1691.0 2982.5 1695.0 2985.5 1701.0 2997.5 1713.0 3000.5 1719.0 3004.5 1733.0 3007.0 1734.5 3009.5 1734.0
dispensing_tube_rack 3399.5 1602.0 3403.5 1598.0 3405.5 1593.0 3405.5 1590.0 3407.5 1586.0 3407.5 1582.0 3403.0 1576.5 3399.0 1573.5 3396.0 1574.5 3391.5 1580.0 3391.5 1586.0 3393.5 1591.0 3393.5 1594.0 3395.5 1599.0 3399.5 1602.0
dispensing_tube_rack 3129.5 1841.0 3135.0 1840.5 3136.0 1839.5 3142.0 1839.5 3143.0 1838.5 3150.0 1838.5 3151.0 1837.5 3158.0 1837.5 3159.0 1836.5 3171.0 1834.5 3176.0 1832.5 3181.0 1831.5 3186.0 1831.5 3192.0 1829.5 3197.0 1829.5 3198.0 1828.5 3203.0 1828.5 3204.0 1827.5 3209.0 1827.5 3210.0 1826.5 3215.0 1826.5 3216.0 1825.5 3223.0 1825.5 3224.0 1824.5 3230.0 1824.5 3235.0 1822.5 3247.0 1820.5 3251.0 1818.5 3259.0 1817.5 3265.0 1814.5 3270.5 1809.0 3271.5 1805.0 3265.5 1789.0 3259.5 1783.0 3256.5 1778.0 3248.5 1770.0 3244.5 1765.0 3241.5 1758.0 3237.5 1752.0 3228.5 1743.0 3228.5 1742.0 3216.5 1727.0 3210.5 1720.0 3205.5 1711.0 3196.5 1702.0 3194.5 1698.0 3185.5 1689.0 3185.5 1688.0 3179.5 1677.0 3157.0 1654.5 3154.0 1654.5 3148.0 1658.5 3143.5 1663.0 3142.5 1666.0 3136.5 1677.0 3131.5 1688.0 3124.5 1701.0 3122.5 1706.0 3121.5 1711.0 3118.5 1717.0 3118.5 1720.0 3116.5 1728.0 3114.5 1732.0 3113.5 1737.0 3110.5 1742.0 3108.5 1749.0 3100.5 1765.0 3100.5 1767.0 3094.5 1780.0 3094.5 1783.0 3091.5 1791.0 3090.5 1800.0 3088.5 1805.0 3084.5 1819.0 3084.5 1828.0 3086.5 1834.0 3092.0 1839.5 3094.0 1840.5 3107.0 1840.5 3108.0 1839.5 3113.0 1840.5 3119.0 1840.5 3120.0 1841.5 3129.0 1841.5 3129.5 1841.0
dispensing_tube_rack 3459.5 1670.0 3459.5 1670.0
dispensing_tube_rack 3839.0 1710.5 3827.0 1710.5 3826.0 1711.5 3816.0 1711.5 3805.0 1714.5 3800.0 1714.5 3799.0 1715.5 3792.0 1715.5 3791.0 1716.5 3783.0 1717.5 3780.0 1719.5 3777.0 1719.5 3773.0 1721.5 3770.0 1721.5 3765.0 1723.5 3760.0 1723.5 3755.0 1725.5 3751.0 1725.5 3747.0 1727.5 3733.0 1730.5 3728.0 1730.5 3715.0 1734.5 3710.0 1735.5 3704.0 1735.5 3703.0 1736.5 3698.0 1736.5 3693.0 1737.5 3688.0 1739.5 3683.0 1740.5 3677.0 1740.5 3676.0 1741.5 3670.0 1741.5 3669.0 1742.5 3663.0 1742.5 3662.0 1743.5 3657.0 1743.5 3656.0 1744.5 3651.0 1744.5 3650.0 1745.5 3645.0 1745.5 3644.0 1746.5 3638.0 1746.5 3629.0 1749.5 3620.0 1750.5 3619.0 1751.5 3614.0 1751.5 3613.0 1752.5 3607.0 1752.5 3606.0 1753.5 3601.0 1753.5 3596.0 1754.5 3592.0 1756.5 3589.0 1756.5 3580.0 1759.5 3571.0 1760.5 3556.0 1765.5 3552.5 1768.0 3550.5 1774.0 3551.5 1777.0 3556.0 1781.5 3560.0 1783.5 3564.5 1788.0 3564.5 1789.0 3571.0 1795.5 3575.0 1798.5 3582.0 1801.5 3586.5 1806.0 3587.5 1808.0 3587.5 1822.0 3586.5 1823.0 3586.5 1830.0 3585.5 1831.0 3585.5 1836.0 3581.5 1844.0 3578.5 1847.0 3575.5 1852.0 3572.5 1855.0 3570.5 1859.0 3567.5 1862.0 3565.5 1866.0 3560.5 1871.0 3560.5 1872.0 3554.5 1878.0 3546.5 1893.0 3546.5 1895.0 3539.5 1904.0 3537.5 1909.0 3535.5 1911.0 3533.5 1916.0 3531.5 1918.0 3525.5 1931.0 3520.5 1938.0 3516.5 1942.0 3513.5 1948.0 3509.5 1953.0 3506.5 1959.0 3505.5 1966.0 3503.5 1969.0 3503.5 1973.0 3508.0 1975.5 3513.0 1976.5 3518.0 1976.5 3526.0 1979.5 3529.0 1979.5 3534.0 1982.5 3543.5 1992.0 3543.5 1993.0 3550.5 2000.0 3553.5 2005.0 3558.0 2008.5 3566.5 2017.0 3569.5 2023.0 3588.0 2041.5 3593.0 2044.5 3597.5 2049.0 3599.5 2054.0 3606.0 2063.5 3609.0 2065.5 3620.0 2068.5 3623.0 2067.5 3628.5 2062.0 3631.5 2055.0 3642.0 2044.5 3646.0 2042.5 3656.5 2032.0 3667.5 2012.0 3675.5 2004.0 3678.5 1999.0 3682.5 1995.0 3685.5 1989.0 3699.5 1975.0 3701.5 1971.0 3705.5 1966.0 3707.5 1961.0 3711.5 1955.0 3718.5 1948.0 3720.5 1945.0 3723.5 1937.0 3727.5 1929.0 3735.0 1921.5 3740.0 1918.5 3746.5 1912.0 3752.5 1899.0 3754.5 1896.0 3761.5 1889.0 3768.5 1876.0 3774.5 1868.0 3780.5 1862.0 3780.5 1861.0 3786.5 1853.0 3789.5 1847.0 3795.5 1841.0 3795.5 1840.0 3804.5 1831.0 3807.5 1826.0 3811.5 1821.0 3812.5 1818.0 3825.5 1802.0 3828.5 1797.0 3829.5 1793.0 3833.0 1788.5 3839.0 1788.5
dispensing_tube_rack 3268.5 2103.0 3275.0 2102.5 3277.0 2101.5 3284.5 2094.0 3292.5 2083.0 3297.5 2072.0 3299.5 2070.0 3301.5 2065.0 3303.5 2063.0 3305.5 2058.0 3307.5 2056.0 3312.5 2046.0 3316.5 2039.0 3323.5 2032.0 3328.5 2023.0 3328.5 2021.0 3334.5 2010.0 3336.5 2008.0 3348.5 1984.0 3352.5 1978.0 3356.5 1974.0 3358.5 1970.0 3360.5 1963.0 3362.5 1960.0 3365.5 1949.0 3367.5 1946.0 3368.5 1940.0 3370.5 1936.0 3370.5 1933.0 3372.5 1929.0 3371.5 1924.0 3369.5 1921.0 3366.5 1914.0 3360.0 1910.5 3353.0 1909.5 3352.0 1908.5 3348.0 1909.5 3336.0 1909.5 3335.0 1910.5 3330.0 1910.5 3324.0 1912.5 3318.0 1912.5 3317.0 1913.5 3310.0 1913.5 3309.0 1914.5 3304.0 1914.5 3303.0 1915.5 3293.0 1917.5 3288.0 1917.5 3287.0 1918.5 3281.0 1918.5 3280.0 1919.5 3275.0 1919.5 3270.0 1920.5 3265.0 1922.5 3260.0 1922.5 3259.0 1923.5 3253.0 1923.5 3252.0 1924.5 3245.0 1924.5 3244.0 1925.5 3239.0 1925.5 3233.0 1927.5 3225.0 1927.5 3224.0 1928.5 3215.0 1928.5 3214.0 1929.5 3209.0 1929.5 3208.0 1930.5 3201.0 1930.5 3200.0 1931.5 3195.0 1931.5 3194.0 1932.5 3188.0 1932.5 3178.0 1935.5 3173.0 1938.5 3168.0 1939.5 3159.5 1944.0 3159.5 1955.0 3161.5 1959.0 3167.5 1965.0 3171.5 1973.0 3174.5 1976.0 3176.5 1981.0 3182.5 1989.0 3185.5 1997.0 3191.5 2006.0 3196.5 2011.0 3200.5 2016.0 3207.5 2027.0 3208.5 2030.0 3213.5 2037.0 3224.5 2048.0 3226.5 2052.0 3230.5 2057.0 3231.5 2060.0 3241.5 2074.0 3247.5 2085.0 3252.5 2090.0 3254.5 2094.0 3261.0 2102.5 3263.0 2103.5 3268.5 2103.0
dispensing_tube_rack 3839.0 1980.5 3834.0 1980.5 3829.5 1985.0 3823.5 1996.0 3808.5 2011.0 3804.5 2018.0 3801.5 2022.0 3795.5 2028.0 3795.5 2029.0 3780.5 2044.0 3776.5 2050.0 3775.5 2053.0 3769.5 2061.0 3769.5 2062.0 3761.5 2070.0 3758.5 2075.0 3751.5 2082.0 3747.5 2087.0 3743.5 2094.0 3743.5 2098.0 3741.5 2103.0 3738.5 2108.0 3738.5 2120.0 3741.0 2120.5 3746.0 2116.5 3751.0 2114.5 3760.0 2113.5 3761.0 2112.5 3769.0 2110.5 3772.0 2110.5 3776.0 2108.5 3781.0 2108.5 3782.0 2107.5 3789.0 2107.5 3790.0 2106.5 3796.0 2106.5 3797.0 2105.5 3802.0 2105.5 3803.0 2104.5 3813.0 2102.5 3818.0 2102.5 3819.0 2101.5 3825.0 2101.5 3831.0 2099.5 3839.0 2099.5
blood_tube 511.0 2053.5 498.0 2053.5 489.0 2049.5 485.5 2046.0 481.5 2039.0 481.5 2037.0 478.5 2031.0 477.5 2026.0 477.5 2021.0 476.5 2020.0 476.5 2005.0 475.5 2004.0 475.5 1986.0 476.5 1985.0 476.5 1980.0 477.5 1975.0 479.5 1971.0 488.0 1962.5 496.0 1958.5 507.0 1954.5 513.0 1950.5 518.0 1948.5 524.0 1944.5 531.0 1937.5 536.0 1933.5 540.0 1931.5 543.0 1928.5 549.0 1925.5 551.0 1923.5 563.0 1918.5 566.0 1916.5 572.0 1915.5 576.0 1913.5 584.0 1913.5 585.0 1912.5 593.0 1912.5 597.0 1913.5 607.0 1917.5 613.5 1924.0 618.5 1935.0 622.5 1941.0 627.5 1954.0 627.5 1961.0 624.5 1973.0 622.5 1975.0 620.5 1980.0 617.5 1985.0 610.5 1993.0 604.5 2003.0 591.0 2013.5 585.0 2019.5 584.0 2019.5 579.0 2024.5 573.0 2027.5 567.0 2031.5 546.0 2041.5 541.0 2043.5 536.0 2046.5 521.0 2051.5 517.0 2052.5 512.0 2052.5 511.0 2053.5
blood_tube 305.0 2105.5 297.0 2100.5 286.0 2095.5 280.0 2090.5 271.0 2086.5 269.0 2084.5 264.0 2082.5 259.5 2077.0 256.5 2070.0 250.5 2061.0 247.5 2050.0 247.5 2033.0 248.5 2030.0 251.5 2026.0 253.5 2021.0 261.0 2013.5 266.0 2010.5 270.0 2006.5 278.0 2001.5 286.0 1994.5 307.0 1980.5 310.0 1979.5 318.0 1973.5 323.0 1971.5 325.0 1969.5 330.0 1967.5 337.0 1962.5 346.0 1958.5 349.0 1956.5 359.0 1954.5 360.0 1953.5 370.0 1953.5 375.5 1959.0 378.5 1964.0 382.5 1974.0 386.5 1979.0 387.5 1982.0 392.5 1988.0 394.5 1993.0 398.5 2000.0 399.5 2007.0 401.5 2012.0 401.5 2021.0 399.5 2027.0 395.5 2034.0 392.5 2038.0 387.5 2043.0 387.5 2044.0 371.0 2060.5 370.0 2060.5 365.0 2065.5 361.0 2067.5 358.0 2070.5 347.0 2076.5 340.0 2082.5 334.0 2086.5 319.0 2094.5 314.0 2096.5 305.0 2105.5
blood_tube 205.0 2154.5 198.0 2154.5 196.5 2151.0 200.0 2147.5 204.0 2145.5 210.0 2146.5 214.5 2150.0 212.0 2150.5 205.0 2154.5
 10ML_sorting_tube_rack 338.5 2159.0 336.0 2156.5 330.0 2154.5 325.5 2150.0 324.5 2146.0 322.5 2143.0 320.5 2136.0 318.5 2134.0 317.5 2130.0 315.5 2127.0 314.5 2123.0 314.5 2109.0 315.5 2105.0 323.0 2095.5 327.0 2092.5 340.0 2086.5 350.0 2078.5 351.0 2078.5 369.0 2064.5 374.0 2059.5 375.0 2059.5 391.5 2043.0 394.5 2038.0 399.0 2033.5 404.0 2030.5 407.5 2026.0 409.5 2022.0 412.5 2019.0 414.0 2015.5 430.0 2015.5 436.0 2013.5 441.0 2013.5 442.0 2012.5 447.0 2012.5 448.0 2011.5 453.0 2011.5 456.0 2010.5 458.0 2011.5 466.0 2019.5 470.5 2023.0 474.5 2031.0 475.5 2035.0 479.5 2040.0 481.5 2044.0 487.0 2049.5 492.0 2052.5 497.0 2054.5 512.0 2054.5 513.0 2053.5 518.0 2053.5 526.0 2050.5 531.0 2049.5 534.0 2047.5 539.0 2046.5 543.0 2044.5 546.0 2044.5 552.0 2041.5 563.0 2033.5 575.0 2027.5 580.0 2024.5 583.0 2021.5 587.0 2019.5 597.0 2009.5 598.0 2009.5 611.5 1996.0 611.5 1995.0 619.5 1987.0 621.5 1984.0 625.5 1975.0 627.5 1969.0 629.5 1959.0 629.5 1954.0 628.5 1953.0 628.5 1948.0 626.5 1943.0 624.5 1935.0 622.5 1932.0 620.5 1921.0 617.5 1914.0 623.0 1909.5 628.0 1907.5 639.0 1905.5 646.0 1902.5 648.0 1902.5 655.0 1898.5 657.0 1898.5 665.0 1894.5 670.0 1893.5 678.0 1889.5 684.0 1887.5 687.0 1887.5 700.0 1882.5 702.0 1882.5 713.0 1876.5 718.0 1874.5 723.0 1873.5 727.0 1871.5 732.0 1870.5 739.0 1870.5 740.0 1869.5 748.0 1869.5 749.0 1868.5 755.0 1868.5 756.0 1867.5 762.0 1867.5 773.0 1864.5 778.0 1864.5 779.0 1863.5 785.0 1863.5 786.0 1862.5 792.0 1862.5 793.0 1861.5 798.0 1861.5 804.0 1859.5 809.0 1859.5 815.0 1857.5 821.0 1857.5 822.0 1856.5 830.0 1856.5 838.0 1854.5 845.0 1851.5 850.0 1851.5 851.0 1850.5 859.0 1850.5 860.0 1849.5 868.0 1849.5 869.0 1848.5 878.0 1848.5 879.0 1847.5 887.0 1847.5 888.0 1846.5 902.0 1846.5 903.0 1847.5 908.0 1847.5 913.5 1851.0 915.5 1854.0 915.5 1867.0 914.5 1868.0 914.5 1876.0 913.5 1877.0 913.5 1884.0 910.5 1895.0 910.5 1900.0 909.5 1901.0 909.5 1907.0 908.5 1908.0 908.5 1915.0 909.5 1916.0 909.5 1921.0 910.5 1925.0 916.5 1935.0 919.5 1939.0 924.0 1942.5 929.0 1947.5 938.5 1955.0 944.5 1965.0 945.5 1968.0 948.5 1971.0 950.5 1975.0 954.5 1980.0 958.5 1989.0 971.5 2002.0 974.5 2009.0 979.5 2016.0 986.5 2030.0 986.5 2032.0 989.5 2037.0 992.5 2045.0 994.5 2048.0 1002.5 2064.0 1002.5 2066.0 1005.5 2072.0 1008.5 2076.0 1010.5 2083.0 1014.5 2091.0 1016.5 2098.0 1019.5 2102.0 1027.5 2116.0 1035.5 2135.0 1035.5 2148.0 1036.5 2150.0 1032.0 2155.5 1027.5 2159.0
 10ML_sorting_tube_rack 174.0 2095.5 170.5 2094.0 171.5 2090.0 174.0 2087.5 175.5 2089.0 175.5 2094.0 174.0 2095.5
 10ML_sorting_tube_rack 940.5 2159.0 940.0 2157.5 923.0 2157.5 922.0 2156.5 914.0 2156.5 913.0 2155.5 807.0 2155.5 806.0 2156.5 799.0 2156.5 795.5 2159.0
 10ML_sorting_tube_rack 414.5 2159.0 414.0 2157.5 382.0 2157.5 381.5 2159.0
 10ML_sorting_tube_rack 444.5 2159.0 444.0 2157.5 440.0 2157.5 439.5 2159.0
 10ML_sorting_tube_rack 696.5 2159.0 696.0 2157.5 683.0 2157.5 682.5 2159.0
 sorting_tube_rack_base 981.0 1991.5 974.0 1990.5 968.0 1988.5 961.5 1982.0 955.5 1971.0 952.5 1964.0 948.5 1958.0 936.0 1945.5 935.0 1945.5 930.5 1941.0 928.5 1935.0 927.5 1928.0 930.0 1925.5 940.0 1921.5 942.0 1919.5 950.0 1915.5 956.0 1913.5 962.0 1913.5 963.0 1912.5 969.0 1912.5 970.0 1911.5 978.0 1909.5 982.0 1909.5 990.0 1907.5 995.0 1905.5 1004.0 1904.5 1009.0 1902.5 1013.0 1902.5 1024.0 1899.5 1029.0 1899.5 1035.0 1897.5 1040.0 1897.5 1045.0 1896.5 1050.0 1894.5 1055.0 1894.5 1056.0 1893.5 1065.0 1892.5 1070.0 1890.5 1079.0 1889.5 1080.0 1888.5 1094.0 1886.5 1099.0 1884.5 1104.0 1883.5 1109.0 1883.5 1110.0 1882.5 1115.0 1882.5 1120.0 1881.5 1132.0 1876.5 1135.0 1874.5 1142.5 1867.0 1148.5 1856.0 1149.5 1851.0 1152.5 1843.0 1152.5 1839.0 1156.5 1826.0 1157.5 1817.0 1158.5 1816.0 1161.5 1800.0 1163.5 1796.0 1164.5 1788.0 1166.5 1783.0 1166.5 1779.0 1168.5 1774.0 1169.5 1767.0 1171.5 1763.0 1171.5 1760.0 1173.5 1756.0 1174.5 1749.0 1176.5 1744.0 1177.5 1735.0 1178.5 1734.0 1180.5 1720.0 1182.5 1715.0 1183.5 1708.0 1187.5 1698.0 1187.5 1695.0 1189.5 1691.0 1189.5 1688.0 1192.5 1676.0 1194.5 1672.0 1194.5 1669.0 1196.5 1665.0 1196.5 1661.0 1198.5 1655.0 1199.5 1646.0 1202.5 1638.0 1202.5 1635.0 1204.5 1631.0 1208.5 1618.0 1208.5 1614.0 1211.5 1605.0 1211.5 1601.0 1213.5 1593.0 1215.5 1589.0 1217.5 1581.0 1217.5 1554.0 1221.0 1551.5 1229.0 1551.5 1230.0 1552.5 1235.0 1552.5 1236.5 1557.0 1239.5 1562.0 1239.5 1565.0 1244.5 1576.0 1251.5 1585.0 1254.5 1590.0 1261.5 1604.0 1261.5 1606.0 1264.5 1612.0 1263.5 1616.0 1263.5 1622.0 1262.5 1623.0 1262.5 1628.0 1260.5 1632.0 1260.5 1635.0 1258.5 1640.0 1256.5 1652.0 1254.5 1657.0 1254.5 1662.0 1253.5 1663.0 1252.5 1670.0 1251.5 1671.0 1250.5 1680.0 1248.5 1685.0 1246.5 1699.0 1244.5 1704.0 1244.5 1707.0 1242.5 1712.0 1241.5 1717.0 1241.5 1722.0 1239.5 1728.0 1238.5 1736.0 1236.5 1740.0 1236.5 1744.0 1234.5 1749.0 1233.5 1754.0 1233.5 1759.0 1232.5 1764.0 1230.5 1769.0 1230.5 1773.0 1228.5 1778.0 1227.5 1785.0 1224.5 1793.0 1224.5 1797.0 1222.5 1802.0 1222.5 1807.0 1221.5 1808.0 1221.5 1813.0 1220.5 1814.0 1220.5 1819.0 1219.5 1824.0 1214.5 1837.0 1210.5 1854.0 1210.5 1858.0 1206.5 1874.0 1206.5 1880.0 1205.5 1881.0 1203.5 1895.0 1200.5 1902.0 1200.5 1905.0 1198.5 1909.0 1198.5 1912.0 1196.5 1920.0 1193.5 1927.0 1189.5 1932.0 1181.0 1940.5 1176.0 1944.5 1169.0 1948.5 1164.0 1950.5 1155.0 1952.5 1151.0 1952.5 1142.0 1955.5 1139.0 1955.5 1135.0 1957.5 1123.0 1960.5 1119.0 1960.5 1114.0 1962.5 1110.0 1962.5 1105.0 1964.5 1084.0 1969.5 1079.0 1969.5 1078.0 1970.5 1073.0 1970.5 1072.0 1971.5 1067.0 1971.5 1056.0 1974.5 1050.0 1974.5 1049.0 1975.5 1044.0 1975.5 1039.0 1976.5 1030.0 1979.5 1019.0 1981.5 1014.0 1983.5 1011.0 1983.5 1006.0 1985.5 1002.0 1985.5 993.0 1987.5 989.0 1989.5 986.0 1989.5 981.0 1991.5
