 centrifuge_close 1064.5 0.0 1064.5 5.0 1071.0 9.5 1076.0 11.5 1080.5 16.0 1084.5 25.0 1084.5 28.0 1086.5 31.0 1087.5 36.0 1095.5 44.0 1097.5 47.0 1100.5 55.0 1103.5 59.0 1108.5 64.0 1108.5 65.0 1113.5 70.0 1116.5 76.0 1118.5 83.0 1124.5 89.0 1127.5 94.0 1127.5 96.0 1130.5 101.0 1132.5 106.0 1138.5 117.0 1141.5 126.0 1141.5 129.0 1148.5 145.0 1152.5 150.0 1157.5 161.0 1159.5 168.0 1161.5 171.0 1170.5 180.0 1173.5 184.0 1177.5 193.0 1181.5 197.0 1187.5 205.0 1189.5 210.0 1199.5 228.0 1199.5 230.0 1204.5 238.0 1208.5 249.0 1212.5 256.0 1214.5 263.0 1219.5 272.0 1221.5 277.0 1222.5 285.0 1227.5 297.0 1229.5 299.0 1234.5 310.0 1234.5 315.0 1235.5 316.0 1235.5 321.0 1237.5 327.0 1238.5 334.0 1239.5 335.0 1239.5 340.0 1240.5 341.0 1240.5 358.0 1238.5 364.0 1238.5 380.0 1237.5 384.0 1233.5 391.0 1233.5 393.0 1222.5 413.0 1206.5 429.0 1206.5 430.0 1199.5 437.0 1196.5 442.0 1193.0 445.5 1187.0 448.5 1179.0 453.5 1176.0 454.5 1170.0 460.5 1169.0 460.5 1164.0 465.5 1160.0 467.5 1155.0 471.5 1144.0 476.5 1141.0 478.5 1134.0 481.5 1132.0 483.5 1125.0 486.5 1123.0 488.5 1118.0 490.5 1112.0 494.5 1110.0 494.5 1105.0 497.5 1100.0 498.5 1097.0 500.5 1086.0 503.5 1076.0 507.5 1074.0 507.5 1064.0 511.5 1061.0 511.5 1057.0 513.5 1048.0 515.5 1040.0 519.5 1033.0 521.5 1030.0 523.5 1023.0 525.5 1020.0 527.5 1007.0 531.5 1003.0 533.5 995.0 535.5 990.0 537.5 985.0 540.5 979.0 541.5 975.0 543.5 964.0 546.5 957.0 549.5 943.0 556.5 931.0 561.5 920.0 564.5 913.0 567.5 909.0 567.5 905.0 569.5 902.0 569.5 898.0 571.5 890.0 573.5 881.0 576.5 876.0 579.5 859.0 587.5 856.0 587.5 849.0 590.5 845.0 590.5 829.0 595.5 825.0 597.5 822.0 597.5 816.0 599.5 804.0 604.5 787.0 608.5 769.0 608.5 768.0 609.5 761.0 609.5 760.0 610.5 740.0 610.5 739.0 611.5 732.0 611.5 731.0 612.5 725.0 612.5 721.0 611.5 712.0 607.5 708.0 604.5 685.5 582.0 685.5 581.0 679.0 574.5 673.0 573.5 672.0 572.5 658.0 572.5 657.0 571.5 646.0 571.5 645.0 570.5 640.0 570.5 639.0 569.5 634.0 569.5 628.0 567.5 624.0 563.5 613.0 558.5 608.0 557.5 605.0 555.5 596.5 547.0 591.5 538.0 590.5 533.0 588.5 530.0 582.5 524.0 580.5 520.0 574.5 512.0 571.5 507.0 571.5 505.0 566.5 498.0 561.5 487.0 555.5 481.0 553.5 474.0 546.5 463.0 545.5 460.0 540.5 455.0 535.5 448.0 535.5 446.0 532.5 441.0 532.5 439.0 529.5 433.0 527.5 431.0 522.5 422.0 518.5 416.0 517.5 413.0 511.5 407.0 505.5 397.0 505.5 395.0 502.5 390.0 500.5 384.0 492.5 374.0 488.5 365.0 479.5 353.0 478.5 350.0 475.5 346.0 474.5 341.0 471.5 335.0 466.5 330.0 462.5 324.0 456.5 309.0 449.5 302.0 445.5 295.0 444.5 290.0 442.5 285.0 437.5 276.0 433.5 272.0 429.5 264.0 426.5 256.0 422.5 251.0 419.5 246.0 411.5 231.0 410.5 223.0 406.5 214.0 403.5 210.0 394.5 201.0 390.5 194.0 386.5 182.0 378.5 167.0 375.5 156.0 375.5 146.0 376.5 145.0 376.5 139.0 378.5 135.0 382.5 124.0 387.5 117.0 390.5 110.0 392.5 107.0 400.5 99.0 403.5 94.0 409.0 88.5 410.0 88.5 416.5 82.0 419.5 77.0 428.0 68.5 429.0 68.5 436.0 61.5 444.0 56.5 446.5 53.0 456.0 43.5 463.0 39.5 468.0 34.5 473.0 31.5 478.0 27.5 485.0 20.5 486.0 20.5 492.0 14.5 499.0 10.5 508.0 8.5 513.0 5.5 515.5 5.0 515.5 0.0
 5ML_sorting_tube_rack 1567.0 1022.5 1550.0 1022.5 1545.0 1020.5 1538.0 1019.5 1534.0 1017.5 1527.0 1016.5 1523.0 1014.5 1514.0 1014.5 1513.0 1013.5 1507.0 1013.5 1498.0 1009.5 1484.0 1007.5 1471.0 1003.5 1462.0 1002.5 1453.0 999.5 1449.0 999.5 1440.0 996.5 1436.0 994.5 1431.0 993.5 1426.0 993.5 1425.0 992.5 1419.0 992.5 1414.0 991.5 1409.0 989.5 1395.0 987.5 1390.0 985.5 1381.0 984.5 1376.0 982.5 1373.0 982.5 1368.0 980.5 1356.0 978.5 1350.0 976.5 1341.0 975.5 1336.0 973.5 1333.0 973.5 1325.0 970.5 1320.0 970.5 1319.0 969.5 1313.0 969.5 1312.0 968.5 1305.0 967.5 1298.0 964.5 1295.0 964.5 1290.0 962.5 1281.0 961.5 1276.0 959.5 1272.0 959.5 1267.0 957.5 1262.0 956.5 1257.0 956.5 1251.0 954.5 1247.0 954.5 1242.0 952.5 1239.0 952.5 1235.0 950.5 1222.5 938.0 1222.5 937.0 1217.5 932.0 1211.5 923.0 1209.5 918.0 1205.0 913.5 1204.0 913.5 1199.5 909.0 1196.5 903.0 1194.5 901.0 1191.5 894.0 1189.5 891.0 1182.5 883.0 1180.5 878.0 1177.5 873.0 1171.5 866.0 1171.5 865.0 1164.5 855.0 1164.5 854.0 1158.5 848.0 1155.5 843.0 1150.5 838.0 1147.5 834.0 1144.5 828.0 1144.5 826.0 1136.5 814.0 1130.5 808.0 1126.5 801.0 1121.5 796.0 1113.5 785.0 1109.5 781.0 1104.5 772.0 1096.5 761.0 1092.5 753.0 1089.5 749.0 1081.5 741.0 1075.5 732.0 1073.5 727.0 1069.5 721.0 1066.5 718.0 1063.5 713.0 1063.5 704.0 1064.5 699.0 1066.5 695.0 1086.0 675.5 1087.0 675.5 1095.5 667.0 1099.5 661.0 1105.5 655.0 1105.5 654.0 1110.0 649.5 1115.0 645.5 1119.0 643.5 1124.5 638.0 1127.5 633.0 1134.0 626.5 1135.0 626.5 1154.5 607.0 1159.5 599.0 1169.0 589.5 1173.0 586.5 1180.0 582.5 1183.5 579.0 1185.5 575.0 1195.5 565.0 1200.5 557.0 1218.0 539.5 1219.0 539.5 1223.5 535.0 1223.5 534.0 1229.0 527.5 1234.0 523.5 1244.0 519.5 1246.0 517.5 1253.0 514.5 1258.0 514.5 1259.0 515.5 1271.0 515.5 1272.0 516.5 1279.0 516.5 1280.0 517.5 1286.0 517.5 1287.0 518.5 1292.0 518.5 1293.0 519.5 1300.0 519.5 1301.0 520.5 1311.0 520.5 1312.0 521.5 1323.0 521.5 1324.0 522.5 1332.0 522.5 1333.0 523.5 1338.0 523.5 1339.0 524.5 1346.0 524.5 1347.0 525.5 1355.0 525.5 1356.0 526.5 1364.0 526.5 1365.0 527.5 1370.0 527.5 1371.0 528.5 1383.0 528.5 1384.0 529.5 1398.0 529.5 1399.0 530.5 1407.0 530.5 1408.0 531.5 1416.0 531.5 1417.0 532.5 1424.0 532.5 1425.0 533.5 1432.0 533.5 1437.0 535.5 1442.0 536.5 1447.0 536.5 1448.0 537.5 1460.0 537.5 1461.0 538.5 1470.0 539.5 1475.0 541.5 1482.0 541.5 1483.0 542.5 1491.0 542.5 1492.0 543.5 1505.0 543.5 1516.0 546.5 1521.0 546.5 1522.0 547.5 1528.0 547.5 1529.0 548.5 1537.0 548.5 1538.0 549.5 1554.0 549.5 1555.0 550.5 1566.0 550.5 1567.0 551.5 1573.0 551.5 1574.0 552.5 1580.0 552.5 1581.0 553.5 1590.0 553.5 1591.0 554.5 1597.0 554.5 1601.0 555.5 1607.0 558.5 1610.5 563.0 1611.5 569.0 1613.5 574.0 1613.5 578.0 1615.5 584.0 1615.5 590.0 1616.5 591.0 1620.5 602.0 1622.5 605.0 1624.5 614.0 1627.5 620.0 1628.5 625.0 1631.5 630.0 1633.5 635.0 1638.0 639.5 1642.0 641.5 1646.5 646.0 1649.5 655.0 1649.5 659.0 1651.5 664.0 1651.5 668.0 1653.5 674.0 1654.5 680.0 1656.5 683.0 1660.5 692.0 1662.5 694.0 1667.5 705.0 1669.5 711.0 1672.5 723.0 1674.5 726.0 1677.5 737.0 1681.5 748.0 1687.5 760.0 1689.5 763.0 1692.5 773.0 1692.5 777.0 1695.5 786.0 1697.5 790.0 1699.5 799.0 1702.5 808.0 1704.5 811.0 1705.5 815.0 1705.5 827.0 1703.5 833.0 1699.5 837.0 1697.5 841.0 1694.5 844.0 1693.5 847.0 1686.5 856.0 1686.5 857.0 1681.5 862.0 1678.5 867.0 1671.5 876.0 1670.5 879.0 1666.5 884.0 1663.5 889.0 1655.5 899.0 1655.5 900.0 1650.5 906.0 1647.5 913.0 1643.5 919.0 1631.5 931.0 1627.5 936.0 1625.5 940.0 1623.5 948.0 1616.5 959.0 1616.5 960.0 1610.5 968.0 1608.5 973.0 1606.5 975.0 1604.5 980.0 1595.5 991.0 1591.5 999.0 1589.5 1001.0 1585.5 1008.0 1575.0 1018.5 1567.0 1022.5
 5ML_sorting_tube_rack 1631.5 772.0 1639.0 770.5 1642.5 767.0 1644.5 763.0 1644.5 753.0 1642.5 748.0 1641.5 739.0 1638.5 728.0 1633.5 719.0 1632.5 714.0 1629.5 704.0 1627.5 700.0 1625.0 697.5 1620.0 699.5 1614.0 700.5 1609.5 705.0 1609.5 706.0 1604.5 712.0 1600.5 720.0 1595.5 725.0 1592.5 732.0 1590.5 735.0 1586.0 739.5 1585.0 739.5 1581.5 744.0 1581.5 746.0 1575.5 759.0 1580.0 762.5 1585.0 762.5 1586.0 763.5 1604.0 763.5 1605.0 764.5 1611.0 764.5 1620.0 768.5 1624.0 771.5 1627.0 772.5 1631.5 772.0
 5ML_sorting_tube_rack 1224.5 879.0 1234.0 873.5 1243.0 864.5 1244.0 864.5 1250.5 858.0 1253.5 853.0 1257.0 849.5 1262.0 846.5 1266.5 842.0 1271.5 834.0 1270.5 830.0 1266.0 826.5 1254.0 823.5 1249.0 823.5 1248.0 822.5 1241.0 821.5 1232.0 817.5 1229.0 817.5 1224.0 815.5 1219.0 814.5 1211.0 814.5 1210.0 813.5 1198.0 813.5 1197.0 812.5 1188.0 812.5 1180.5 815.0 1180.5 819.0 1186.5 825.0 1197.5 847.0 1203.5 855.0 1205.5 859.0 1210.0 862.5 1217.5 870.0 1219.5 875.0 1224.0 879.5 1224.5 879.0
 10ML_centrifuge_tube 1856.0 1397.5 1838.0 1397.5 1833.0 1396.5 1827.0 1393.5 1823.0 1392.5 1818.0 1389.5 1815.0 1386.5 1811.0 1384.5 1805.5 1379.0 1803.5 1376.0 1796.5 1361.0 1790.5 1350.0 1788.5 1345.0 1785.5 1333.0 1784.5 1332.0 1784.5 1326.0 1783.5 1325.0 1784.5 1321.0 1784.5 1310.0 1786.5 1307.0 1787.5 1302.0 1789.5 1299.0 1792.5 1292.0 1794.5 1289.0 1810.0 1273.5 1816.0 1270.5 1818.0 1268.5 1824.0 1266.5 1827.0 1264.5 1838.0 1262.5 1839.0 1261.5 1845.0 1261.5 1846.0 1260.5 1857.0 1260.5 1858.0 1261.5 1864.0 1261.5 1865.0 1262.5 1876.0 1265.5 1881.0 1269.5 1884.0 1270.5 1895.5 1282.0 1898.5 1288.0 1900.5 1290.0 1902.5 1295.0 1906.5 1302.0 1906.5 1304.0 1910.5 1311.0 1910.5 1313.0 1913.5 1322.0 1914.5 1323.0 1914.5 1328.0 1915.5 1329.0 1915.5 1344.0 1914.5 1349.0 1912.5 1352.0 1910.5 1359.0 1904.5 1370.0 1896.0 1378.5 1887.0 1384.5 1884.0 1387.5 1879.0 1389.5 1874.0 1392.5 1872.0 1392.5 1866.0 1395.5 1862.0 1396.5 1857.0 1396.5 1856.0 1397.5
 10ML_centrifuge_tube 2033.0 1531.5 2013.0 1531.5 2008.0 1529.5 2001.0 1528.5 1986.0 1520.5 1981.0 1516.5 1972.5 1508.0 1966.5 1499.0 1966.5 1497.0 1963.5 1492.0 1960.5 1481.0 1958.5 1478.0 1956.5 1472.0 1954.5 1462.0 1953.5 1461.0 1953.5 1453.0 1952.5 1452.0 1952.5 1443.0 1953.5 1442.0 1953.5 1435.0 1954.5 1434.0 1954.5 1429.0 1957.5 1423.0 1957.5 1420.0 1959.5 1416.0 1967.5 1408.0 1967.5 1407.0 1972.0 1402.5 1985.0 1392.5 1990.0 1389.5 1992.0 1389.5 1996.0 1386.5 2005.0 1383.5 2010.0 1382.5 2015.0 1382.5 2016.0 1381.5 2023.0 1381.5 2024.0 1382.5 2032.0 1382.5 2037.0 1385.5 2048.0 1388.5 2056.0 1392.5 2072.5 1409.0 2076.5 1418.0 2079.5 1423.0 2084.5 1438.0 2084.5 1441.0 2087.5 1448.0 2087.5 1452.0 2089.5 1457.0 2089.5 1463.0 2090.5 1464.0 2090.5 1476.0 2089.5 1477.0 2089.5 1482.0 2088.5 1483.0 2086.5 1492.0 2083.5 1498.0 2079.5 1504.0 2063.0 1520.5 2050.0 1526.5 2038.0 1529.5 2033.0 1531.5
 10ML_centrifuge_tube 1912.0 1745.5 1896.0 1745.5 1890.0 1743.5 1885.0 1743.5 1880.0 1742.5 1874.0 1739.5 1869.0 1738.5 1850.0 1728.5 1841.5 1720.0 1834.5 1709.0 1832.5 1704.0 1828.5 1698.0 1826.5 1693.0 1822.5 1687.0 1820.5 1682.0 1819.5 1677.0 1817.5 1674.0 1817.5 1671.0 1815.5 1666.0 1815.5 1661.0 1814.5 1660.0 1814.5 1641.0 1815.5 1637.0 1818.5 1630.0 1819.5 1625.0 1824.5 1615.0 1828.5 1609.0 1831.5 1606.0 1834.5 1601.0 1839.0 1596.5 1847.0 1591.5 1850.0 1588.5 1856.0 1585.5 1861.0 1584.5 1866.0 1581.5 1872.0 1580.5 1876.0 1578.5 1881.0 1577.5 1888.0 1577.5 1889.0 1578.5 1898.0 1578.5 1899.0 1579.5 1906.0 1580.5 1918.0 1584.5 1925.0 1588.5 1931.0 1594.5 1932.0 1594.5 1937.5 1600.0 1952.5 1624.0 1954.5 1629.0 1957.5 1634.0 1961.5 1644.0 1961.5 1647.0 1963.5 1652.0 1963.5 1657.0 1964.5 1658.0 1964.5 1672.0 1963.5 1673.0 1963.5 1678.0 1962.5 1683.0 1960.5 1688.0 1958.5 1697.0 1952.5 1711.0 1945.5 1719.0 1944.5 1722.0 1939.0 1728.5 1934.0 1731.5 1926.0 1739.5 1923.0 1740.5 1916.0 1744.5 1912.0 1745.5
 10ML_centrifuge_tube 2171.0 1498.5 2163.0 1498.5 2162.0 1497.5 2154.0 1497.5 2151.0 1496.5 2132.0 1486.5 2121.5 1476.0 2117.5 1471.0 2114.5 1465.0 2112.5 1463.0 2110.5 1455.0 2107.5 1448.0 2106.5 1440.0 2105.5 1439.0 2104.5 1432.0 2102.5 1427.0 2101.5 1422.0 2101.5 1402.0 2102.5 1397.0 2105.5 1387.0 2107.5 1384.0 2112.5 1374.0 2115.5 1370.0 2122.0 1363.5 2128.0 1360.5 2133.0 1356.5 2140.0 1353.5 2145.0 1350.5 2154.0 1347.5 2161.0 1347.5 2162.0 1346.5 2170.0 1346.5 2171.0 1347.5 2177.0 1347.5 2182.0 1348.5 2188.0 1351.5 2190.0 1351.5 2202.0 1356.5 2209.0 1362.5 2210.0 1362.5 2221.5 1374.0 2222.5 1377.0 2227.5 1385.0 2230.5 1391.0 2231.5 1396.0 2234.5 1404.0 2234.5 1409.0 2236.5 1415.0 2236.5 1421.0 2237.5 1422.0 2237.5 1449.0 2236.5 1450.0 2234.5 1458.0 2230.5 1466.0 2225.5 1473.0 2214.0 1484.5 2210.0 1487.5 2203.0 1490.5 2200.0 1492.5 2186.0 1496.5 2181.0 1496.5 2180.0 1497.5 2172.0 1497.5 2171.0 1498.5
 5ML_centrifuge_tube 2135.0 1348.5 2134.0 1347.5 2127.0 1347.5 2123.0 1346.5 2117.0 1343.5 2105.0 1339.5 2100.0 1334.5 2099.0 1334.5 2091.5 1325.0 2086.5 1317.0 2086.5 1315.0 2082.5 1302.0 2080.5 1298.0 2079.5 1293.0 2079.5 1288.0 2078.5 1287.0 2078.5 1273.0 2079.5 1272.0 2079.5 1266.0 2082.5 1260.0 2082.5 1258.0 2085.5 1253.0 2090.5 1248.0 2090.5 1247.0 2097.0 1240.5 2106.0 1234.5 2112.0 1231.5 2114.0 1231.5 2120.0 1228.5 2125.0 1228.5 2126.0 1227.5 2149.0 1227.5 2154.0 1228.5 2162.0 1232.5 2168.0 1234.5 2170.0 1236.5 2175.0 1238.5 2182.5 1246.0 2188.5 1255.0 2192.5 1264.0 2193.5 1269.0 2193.5 1274.0 2194.5 1275.0 2194.5 1280.0 2195.5 1281.0 2195.5 1302.0 2194.5 1303.0 2194.5 1308.0 2193.5 1313.0 2186.5 1325.0 2178.0 1332.5 2177.0 1332.5 2167.0 1340.5 2163.0 1341.5 2157.0 1344.5 2153.0 1345.5 2148.0 1345.5 2142.0 1347.5 2136.0 1347.5 2135.0 1348.5
 5ML_centrifuge_tube 1881.0 1566.5 1877.0 1565.5 1869.0 1565.5 1864.0 1564.5 1861.0 1562.5 1853.0 1560.5 1849.0 1558.5 1840.0 1552.5 1833.5 1546.0 1833.5 1545.0 1828.5 1539.0 1826.5 1534.0 1824.5 1532.0 1819.5 1522.0 1818.5 1517.0 1815.5 1511.0 1814.5 1507.0 1814.5 1489.0 1815.5 1484.0 1819.5 1472.0 1821.5 1470.0 1825.5 1462.0 1830.5 1457.0 1830.5 1456.0 1838.0 1448.5 1844.0 1444.5 1849.0 1442.5 1854.0 1439.5 1860.0 1438.5 1865.0 1436.5 1871.0 1436.5 1872.0 1435.5 1886.0 1435.5 1887.0 1436.5 1893.0 1436.5 1897.0 1437.5 1904.0 1440.5 1906.0 1442.5 1912.0 1445.5 1918.5 1452.0 1918.5 1453.0 1923.5 1459.0 1927.5 1468.0 1929.5 1471.0 1933.5 1482.0 1934.5 1487.0 1936.5 1490.0 1937.5 1498.0 1938.5 1499.0 1938.5 1504.0 1939.5 1505.0 1939.5 1511.0 1938.5 1512.0 1938.5 1520.0 1936.5 1526.0 1934.5 1528.0 1932.5 1533.0 1923.5 1544.0 1923.5 1545.0 1918.0 1550.5 1913.0 1553.5 1901.0 1559.5 1898.0 1561.5 1882.0 1565.5 1881.0 1566.5
 5ML_centrifuge_tube 2069.0 1716.5 2050.0 1716.5 2045.0 1715.5 2038.0 1712.5 2036.0 1712.5 2030.0 1709.5 2025.0 1705.5 2019.0 1702.5 2014.5 1698.0 2012.5 1694.0 2009.5 1691.0 2005.5 1685.0 2001.5 1675.0 1998.5 1670.0 1997.5 1665.0 1995.5 1662.0 1994.5 1656.0 1992.5 1652.0 1992.5 1648.0 1990.5 1643.0 1990.5 1626.0 1991.5 1625.0 1992.5 1618.0 1993.5 1617.0 1994.5 1611.0 2003.5 1595.0 2016.0 1582.5 2019.0 1580.5 2026.0 1577.5 2030.0 1574.5 2036.0 1572.5 2040.0 1572.5 2045.0 1570.5 2064.0 1570.5 2080.0 1574.5 2088.0 1578.5 2095.0 1583.5 2106.5 1595.0 2109.5 1600.0 2112.5 1607.0 2116.5 1614.0 2116.5 1617.0 2120.5 1627.0 2123.5 1639.0 2123.5 1645.0 2124.5 1646.0 2124.5 1661.0 2123.5 1662.0 2123.5 1667.0 2122.5 1668.0 2121.5 1675.0 2117.5 1683.0 2114.5 1687.0 2109.5 1692.0 2106.5 1697.0 2101.0 1702.5 2090.0 1709.5 2084.0 1711.5 2079.0 1714.5 2075.0 1715.5 2070.0 1715.5 2069.0 1716.5
 10ML_centrifuge_tube 2943.0 1262.5 2922.0 1262.5 2921.0 1261.5 2916.0 1261.5 2912.0 1259.5 2909.0 1259.5 2903.0 1256.5 2898.0 1255.5 2887.0 1249.5 2885.0 1249.5 2877.0 1244.5 2866.0 1233.5 2865.0 1233.5 2854.5 1223.0 2851.5 1214.0 2848.5 1208.0 2848.5 1193.0 2852.5 1185.0 2852.5 1183.0 2855.5 1178.0 2856.5 1174.0 2858.5 1172.0 2863.5 1161.0 2864.5 1154.0 2868.5 1145.0 2878.0 1135.5 2882.0 1132.5 2889.0 1128.5 2892.0 1128.5 2896.0 1126.5 2899.0 1126.5 2902.0 1124.5 2914.0 1120.5 2941.0 1120.5 2945.0 1119.5 2956.0 1122.5 2961.0 1125.5 2963.0 1125.5 2972.0 1130.5 2976.0 1131.5 2979.0 1134.5 2984.0 1137.5 3000.5 1154.0 3005.5 1161.0 3007.5 1166.0 3007.5 1169.0 3009.5 1173.0 3009.5 1195.0 3007.5 1199.0 3005.5 1206.0 2999.5 1217.0 2995.5 1229.0 2992.5 1234.0 2990.5 1239.0 2981.0 1248.5 2975.0 1252.5 2970.0 1254.5 2952.0 1260.5 2943.0 1262.5
 10ML_centrifuge_tube 3322.0 968.5 3319.0 967.5 3308.0 967.5 3307.0 966.5 3301.0 966.5 3300.0 965.5 3295.0 965.5 3279.0 961.5 3274.0 959.5 3267.0 955.5 3265.0 955.5 3250.0 947.5 3235.5 933.0 3232.5 928.0 3230.5 921.0 3230.5 913.0 3231.5 912.0 3231.5 904.0 3233.5 900.0 3237.5 889.0 3239.5 887.0 3244.5 874.0 3246.5 872.0 3251.5 861.0 3254.5 857.0 3260.0 851.5 3274.0 843.5 3282.0 841.5 3285.0 839.5 3294.0 836.5 3303.0 836.5 3304.0 835.5 3326.0 835.5 3327.0 836.5 3334.0 836.5 3339.0 837.5 3349.0 841.5 3359.0 844.5 3362.0 844.5 3367.0 846.5 3376.0 851.5 3387.0 859.5 3393.5 866.0 3393.5 867.0 3398.5 875.0 3399.5 878.0 3399.5 894.0 3397.5 900.0 3393.5 908.0 3392.5 912.0 3387.5 921.0 3386.5 924.0 3381.5 933.0 3381.5 935.0 3377.5 942.0 3374.5 946.0 3370.0 950.5 3363.0 955.5 3358.0 957.5 3354.0 960.5 3349.0 962.5 3341.0 964.5 3337.0 966.5 3332.0 966.5 3331.0 967.5 3323.0 967.5 3322.0 968.5
 10ML_centrifuge_tube 3401.0 1104.5 3383.0 1104.5 3379.5 1100.0 3383.5 1090.0 3383.5 1088.0 3388.5 1081.0 3392.5 1077.0 3394.5 1073.0 3403.5 1062.0 3408.5 1054.0 3416.0 1046.5 3423.0 1042.5 3434.0 1038.5 3437.0 1038.5 3441.0 1036.5 3448.0 1035.5 3455.0 1032.5 3464.0 1032.5 3465.0 1033.5 3478.0 1033.5 3479.0 1034.5 3489.0 1034.5 3495.0 1036.5 3500.0 1036.5 3508.0 1039.5 3511.0 1039.5 3525.0 1044.5 3536.0 1049.5 3541.0 1052.5 3550.0 1059.5 3551.0 1059.5 3562.5 1071.0 3563.5 1074.0 3561.5 1079.0 3559.0 1081.5 3554.0 1083.5 3548.0 1083.5 3547.0 1084.5 3539.0 1084.5 3538.0 1085.5 3530.0 1085.5 3529.0 1086.5 3522.0 1086.5 3521.0 1087.5 3516.0 1087.5 3515.0 1088.5 3509.0 1088.5 3508.0 1089.5 3501.0 1089.5 3500.0 1090.5 3494.0 1090.5 3493.0 1091.5 3487.0 1091.5 3486.0 1092.5 3480.0 1092.5 3479.0 1093.5 3472.0 1093.5 3471.0 1094.5 3464.0 1094.5 3463.0 1095.5 3457.0 1095.5 3456.0 1096.5 3451.0 1096.5 3450.0 1097.5 3445.0 1097.5 3444.0 1098.5 3438.0 1098.5 3437.0 1099.5 3432.0 1099.5 3431.0 1100.5 3424.0 1100.5 3423.0 1101.5 3414.0 1101.5 3413.0 1102.5 3408.0 1102.5 3407.0 1103.5 3402.0 1103.5 3401.0 1104.5
dispensing_tube_rack 3839.0 2151.5 3826.0 2151.5 3825.0 2152.5 3810.0 2152.5 3809.0 2151.5 3688.0 2151.5 3687.0 2150.5 3675.0 2150.5 3674.0 2151.5 3582.0 2151.5 3581.0 2152.5 3573.0 2152.5 3572.0 2151.5 3442.0 2151.5 3441.0 2150.5 3418.0 2150.5 3416.5 2145.0 3416.0 2138.5 3405.0 2138.5 3403.5 2142.0 3403.5 2146.0 3401.0 2150.5 3376.0 2150.5 3371.0 2147.5 3366.0 2147.5 3361.0 2150.5 3335.0 2150.5 3327.0 2153.5 3322.0 2153.5 3321.0 2154.5 3306.0 2154.5 3305.0 2153.5 3300.0 2153.5 3294.0 2151.5 3167.0 2151.5 3163.0 2150.5 3152.5 2140.0 3148.5 2132.0 3147.5 2125.0 3145.5 2120.0 3145.5 2116.0 3143.5 2111.0 3143.5 2108.0 3140.5 2102.0 3138.5 2100.0 3136.5 2095.0 3131.5 2086.0 3129.5 2081.0 3126.5 2070.0 3122.5 2063.0 3117.5 2049.0 3115.5 2040.0 3105.5 2021.0 3103.5 2018.0 3102.5 2013.0 3100.5 2008.0 3097.5 2004.0 3095.5 1999.0 3092.5 1994.0 3090.5 1989.0 3088.5 1981.0 3086.5 1978.0 3083.5 1969.0 3079.5 1964.0 3075.5 1954.0 3073.5 1951.0 3071.5 1942.0 3067.5 1935.0 3063.5 1925.0 3061.5 1922.0 3057.5 1912.0 3055.5 1909.0 3053.5 1901.0 3049.5 1893.0 3049.5 1891.0 3045.5 1882.0 3044.5 1877.0 3042.5 1874.0 3033.5 1856.0 3033.5 1854.0 3029.5 1847.0 3027.5 1842.0 3026.5 1837.0 3022.5 1827.0 3016.5 1818.0 3008.0 1809.5 3004.0 1809.5 3000.0 1811.5 2991.0 1813.5 2984.0 1813.5 2983.0 1814.5 2974.0 1814.5 2973.0 1815.5 2965.0 1815.5 2964.0 1816.5 2956.0 1816.5 2955.0 1817.5 2930.0 1817.5 2929.0 1818.5 2917.0 1818.5 2916.0 1819.5 2903.0 1819.5 2902.0 1820.5 2888.0 1820.5 2883.0 1821.5 2871.0 1825.5 2864.0 1825.5 2863.0 1826.5 2858.0 1826.5 2853.0 1829.5 2849.5 1833.0 2847.5 1837.0 2847.5 1850.0 2848.5 1854.0 2850.5 1857.0 2850.5 1860.0 2852.5 1865.0 2852.5 1869.0 2854.5 1874.0 2854.5 1878.0 2858.5 1890.0 2861.5 1893.0 2864.5 1899.0 2866.5 1911.0 2873.5 1926.0 2875.5 1928.0 2878.5 1935.0 2878.5 1938.0 2880.5 1942.0 2884.5 1956.0 2884.5 1970.0 2890.0 1976.5 2894.0 1977.5 2896.5 1980.0 2898.5 1984.0 2899.5 1992.0 2901.5 1996.0 2901.5 2000.0 2903.5 2006.0 2906.5 2011.0 2911.5 2026.0 2911.5 2029.0 2913.5 2033.0 2914.5 2038.0 2916.5 2041.0 2919.5 2050.0 2920.5 2055.0 2920.5 2060.0 2925.5 2069.0 2927.5 2074.0 2927.5 2077.0 2929.5 2081.0 2929.5 2084.0 2931.5 2088.0 2931.5 2091.0 2934.5 2098.0 2939.5 2108.0 2940.5 2115.0 2941.5 2116.0 2941.5 2122.0 2942.5 2123.0 2942.5 2128.0 2945.5 2136.0 2945.5 2142.0 2946.5 2143.0 2946.5 2150.0 2944.0 2151.5 2938.0 2151.5 2937.0 2152.5 2889.0 2152.5 2888.0 2151.5 2880.0 2150.5 2874.0 2146.5 2868.5 2140.0 2865.5 2131.0 2859.5 2119.0 2857.5 2114.0 2854.5 2109.0 2854.5 2106.0 2851.5 2100.0 2847.5 2087.0 2847.5 2083.0 2843.5 2071.0 2839.5 2064.0 2837.5 2058.0 2836.5 2052.0 2834.5 2049.0 2834.5 2046.0 2831.5 2039.0 2828.5 2034.0 2827.5 2029.0 2824.5 2022.0 2821.5 2008.0 2817.5 2000.0 2815.5 1991.0 2813.5 1988.0 2810.5 1977.0 2808.5 1973.0 2808.5 1970.0 2803.5 1955.0 2798.5 1947.0 2798.5 1945.0 2795.5 1940.0 2793.5 1934.0 2793.5 1931.0 2791.5 1927.0 2790.5 1920.0 2787.5 1913.0 2787.5 1910.0 2785.5 1906.0 2785.5 1903.0 2783.5 1900.0 2781.5 1892.0 2778.5 1887.0 2773.5 1870.0 2768.5 1861.0 2767.5 1856.0 2765.5 1853.0 2765.5 1848.0 2764.5 1847.0 2764.5 1835.0 2763.5 1834.0 2763.5 1829.0 2761.5 1823.0 2761.5 1818.0 2760.5 1814.0 2757.5 1807.0 2753.5 1803.0 2752.5 1799.0 2750.5 1797.0 2749.5 1793.0 2747.5 1790.0 2747.5 1787.0 2745.5 1783.0 2744.5 1778.0 2742.5 1773.0 2739.5 1768.0 2736.5 1761.0 2734.5 1751.0 2730.5 1737.0 2728.5 1734.0 2726.5 1728.0 2726.5 1725.0 2719.5 1708.0 2717.5 1702.0 2716.5 1695.0 2712.5 1685.0 2708.5 1681.0 2708.5 1679.0 2704.5 1672.0 2704.5 1667.0 2703.5 1666.0 2703.5 1661.0 2700.5 1649.0 2698.5 1644.0 2695.5 1639.0 2693.5 1634.0 2691.5 1625.0 2690.5 1624.0 2688.5 1616.0 2688.5 1613.0 2686.5 1609.0 2686.5 1606.0 2683.5 1600.0 2680.5 1591.0 2675.5 1582.0 2674.5 1576.0 2673.5 1575.0 2672.5 1568.0 2671.5 1567.0 2670.5 1560.0 2665.5 1549.0 2665.5 1546.0 2663.5 1542.0 2662.5 1536.0 2658.5 1527.0 2656.5 1521.0 2655.5 1513.0 2652.5 1506.0 2648.5 1502.0 2644.5 1494.0 2643.5 1488.0 2642.5 1487.0 2641.5 1479.0 2635.5 1463.0 2633.5 1460.0 2632.5 1455.0 2629.5 1449.0 2628.5 1444.0 2628.5 1438.0 2627.5 1433.0 2623.5 1421.0 2619.5 1415.0 2614.5 1404.0 2613.5 1397.0 2611.5 1392.0 2611.5 1388.0 2609.5 1380.0 2607.5 1375.0 2603.5 1368.0 2602.5 1362.0 2599.5 1356.0 2596.5 1343.0 2594.5 1339.0 2594.5 1336.0 2590.5 1327.0 2588.5 1325.0 2582.5 1312.0 2580.5 1301.0 2578.5 1294.0 2576.5 1291.0 2575.5 1287.0 2571.5 1280.0 2569.5 1275.0 2566.5 1264.0 2566.5 1251.0 2564.5 1246.0 2563.5 1241.0 2560.5 1237.0 2554.5 1220.0 2554.5 1212.0 2553.5 1211.0 2553.5 1205.0 2554.5 1201.0 2559.0 1193.5 2564.0 1192.5 2567.0 1190.5 2573.0 1189.5 2577.0 1187.5 2580.0 1187.5 2584.0 1185.5 2589.0 1184.5 2597.0 1184.5 2598.0 1183.5 2607.0 1183.5 2608.0 1182.5 2616.0 1182.5 2617.0 1181.5 2622.0 1181.5 2631.0 1178.5 2636.0 1180.5 2642.5 1187.0 2645.0 1191.5 2648.0 1191.5 2649.5 1190.0 2651.5 1182.0 2655.5 1174.0 2658.5 1163.0 2658.5 1159.0 2660.5 1153.0 2662.5 1150.0 2666.5 1137.0 2666.5 1130.0 2667.5 1129.0 2667.5 1117.0 2665.5 1111.0 2663.5 1108.0 2658.5 1093.0 2658.5 1090.0 2656.5 1086.0 2655.5 1081.0 2653.5 1078.0 2650.5 1069.0 2650.5 1061.0 2649.5 1057.0 2652.5 1045.0 2657.5 1037.0 2657.5 1036.0 2666.0 1027.5 2670.0 1025.5 2683.0 1016.5 2687.5 1009.0 2688.5 1000.0 2692.5 991.0 2703.0 980.5 2709.0 977.5 2718.0 976.5 2719.0 975.5 2726.0 975.5 2727.0 974.5 2736.0 974.5 2741.0 972.5 2745.0 972.5 2750.0 970.5 2766.0 970.5 2770.0 968.5 2775.0 968.5 2776.0 967.5 2781.0 967.5 2782.0 966.5 2787.0 966.5 2793.0 964.5 2801.0 964.5 2802.0 963.5 2809.0 963.5 2810.0 962.5 2819.0 961.5 2824.0 959.5 2829.0 959.5 2830.0 958.5 2836.0 958.5 2837.0 957.5 2842.0 957.5 2843.0 956.5 2848.0 956.5 2854.0 954.5 2860.0 954.5 2861.0 953.5 2867.0 953.5 2868.0 952.5 2873.0 952.5 2874.0 951.5 2879.0 951.5 2880.0 950.5 2886.0 950.5 2887.0 949.5 2893.0 949.5 2894.0 948.5 2899.0 948.5 2900.0 947.5 2906.0 947.5 2907.0 946.5 2912.0 946.5 2913.0 945.5 2919.0 945.5 2920.0 944.5 2925.0 944.5 2926.0 943.5 2931.0 943.5 2932.0 942.5 2940.0 942.5 2941.0 941.5 2946.0 941.5 2951.0 940.5 2955.0 938.5 2960.0 938.5 2966.0 936.5 2970.0 936.5 2975.0 934.5 2981.0 934.5 2982.0 933.5 2989.0 933.5 2990.0 932.5 3012.0 932.5 3013.0 931.5 3024.0 931.5 3025.0 930.5 3033.0 930.5 3034.0 929.5 3042.0 929.5 3043.0 928.5 3051.0 928.5 3069.0 920.5 3073.0 919.5 3078.0 919.5 3089.0 916.5 3094.0 916.5 3095.0 915.5 3100.0 915.5 3101.0 914.5 3106.0 914.5 3107.0 913.5 3112.0 913.5 3113.0 912.5 3118.0 912.5 3129.0 909.5 3134.0 909.5 3135.0 908.5 3141.0 908.5 3142.0 907.5 3147.0 907.5 3153.0 905.5 3158.0 905.5 3159.0 904.5 3166.0 904.5 3167.0 903.5 3173.0 903.5 3174.0 902.5 3181.0 902.5 3182.0 901.5 3187.0 901.5 3188.0 900.5 3194.0 900.5 3195.0 899.5 3202.0 899.5 3203.0 898.5 3224.0 898.5 3225.0 899.5 3233.0 902.5 3234.0 903.5 3238.0 902.5 3245.0 902.5 3249.0 903.5 3252.5 906.0 3254.5 909.0 3252.5 912.0 3251.5 920.0 3247.5 929.0 3246.5 933.0 3246.5 939.0 3247.5 940.0 3247.5 945.0 3248.5 950.0 3253.0 951.5 3259.0 951.5 3260.0 952.5 3265.0 952.5 3271.0 954.5 3280.0 954.5 3281.0 955.5 3298.0 955.5 3299.0 956.5 3306.0 956.5 3307.0 957.5 3333.0 957.5 3334.0 956.5 3365.0 956.5 3370.0 954.5 3375.5 949.0 3375.5 948.0 3385.5 938.0 3390.5 931.0 3394.5 923.0 3404.0 914.5 3407.0 913.5 3412.0 909.5 3416.0 907.5 3423.0 907.5 3424.0 906.5 3432.0 906.5 3433.0 905.5 3439.0 905.5 3440.0 904.5 3445.0 904.5 3446.0 905.5 3453.0 905.5 3454.0 906.5 3460.0 907.5 3464.0 910.5 3472.0 914.5 3478.5 920.0 3482.5 925.0 3485.5 930.0 3499.0 943.5 3500.0 943.5 3505.5 949.0 3509.5 956.0 3513.5 961.0 3521.5 969.0 3521.5 970.0 3530.5 979.0 3532.5 983.0 3535.5 986.0 3538.5 991.0 3553.5 1006.0 3553.5 1007.0 3558.5 1012.0 3560.5 1015.0 3562.5 1021.0 3569.5 1029.0 3569.5 1035.0 3571.5 1042.0 3585.5 1056.0 3585.5 1061.0 3581.5 1070.0 3587.0 1074.5 3599.0 1074.5 3604.0 1072.5 3622.0 1072.5 3623.0 1071.5 3635.0 1071.5 3636.0 1070.5 3655.0 1070.5 3655.5 1069.0 3660.0 1064.5 3665.0 1062.5 3674.0 1062.5 3675.0 1061.5 3687.0 1061.5 3688.0 1062.5 3697.0 1062.5 3698.0 1061.5 3706.0 1059.5 3709.0 1059.5 3712.0 1057.5 3717.0 1056.5 3719.5 1055.0 3714.5 1051.0 3711.5 1046.0 3711.5 1041.0 3714.5 1038.0 3718.5 1031.0 3726.0 1024.5 3730.0 1022.5 3734.5 1017.0 3737.5 1010.0 3750.5 997.0 3750.5 996.0 3756.5 990.0 3760.5 985.0 3762.5 981.0 3765.5 978.0 3769.5 971.0 3774.0 966.5 3778.0 964.5 3782.5 960.0 3784.5 954.0 3788.5 948.0 3797.5 939.0 3801.0 933.5 3802.0 933.5 3806.5 929.0 3812.5 918.0 3817.5 913.0 3817.5 912.0 3822.5 907.0 3827.5 900.0 3828.5 896.0 3831.5 891.0 3834.0 888.5 3839.0 888.5
dispensing_tube_rack 3292.0 940.5 3287.0 940.5 3284.0 939.5 3281.5 936.0 3290.0 931.5 3294.5 935.0 3294.5 938.0 3292.0 940.5
dispensing_tube_rack 3839.0 987.5 3834.0 987.5 3829.5 992.0 3826.5 998.0 3826.5 1025.0 3824.5 1029.0 3818.0 1036.5 3813.5 1040.0 3827.0 1043.5 3839.0 1043.5
dispensing_tube_rack 3434.5 1100.0 3440.0 1097.5 3443.0 1097.5 3447.0 1095.5 3452.0 1094.5 3458.0 1094.5 3459.0 1093.5 3470.0 1093.5 3481.0 1090.5 3486.0 1090.5 3487.0 1089.5 3496.0 1089.5 3497.0 1088.5 3503.0 1088.5 3504.0 1087.5 3520.0 1087.5 3521.0 1086.5 3528.0 1085.5 3528.5 1084.0 3533.0 1080.5 3554.0 1080.5 3555.0 1079.5 3560.0 1079.5 3569.0 1074.5 3570.5 1070.0 3559.0 1065.5 3552.5 1060.0 3550.5 1056.0 3548.0 1053.5 3543.0 1051.5 3540.0 1051.5 3529.0 1043.5 3524.0 1042.5 3521.0 1040.5 3517.0 1039.5 3507.0 1039.5 3506.0 1038.5 3496.0 1038.5 3495.0 1037.5 3486.0 1037.5 3481.0 1035.5 3477.5 1032.0 3476.5 1029.0 3466.0 1024.5 3462.0 1024.5 3458.0 1022.5 3443.0 1022.5 3438.0 1024.5 3435.0 1024.5 3429.0 1027.5 3426.5 1031.0 3426.5 1033.0 3423.5 1039.0 3423.5 1045.0 3424.5 1048.0 3429.0 1051.5 3431.0 1051.5 3440.0 1054.5 3442.5 1059.0 3440.0 1059.5 3430.0 1064.5 3424.5 1073.0 3424.5 1076.0 3421.5 1085.0 3421.5 1097.0 3421.0 1100.5 3434.0 1100.5 3434.5 1100.0
dispensing_tube_rack 3804.5 1029.0 3804.5 1029.0
dispensing_tube_rack 3501.0 1062.5 3487.0 1062.5 3475.0 1058.5 3471.5 1055.0 3474.0 1053.5 3483.0 1053.5 3484.0 1052.5 3503.0 1052.5 3506.5 1055.0 3506.5 1059.0 3504.0 1061.5 3501.0 1062.5
dispensing_tube_rack 3383.5 1104.0 3388.0 1103.5 3393.0 1101.5 3401.0 1100.5 3392.5 1092.0 3389.5 1085.0 3386.0 1082.5 3380.0 1082.5 3376.0 1084.5 3368.5 1092.0 3368.5 1094.0 3365.5 1101.0 3369.0 1103.5 3377.0 1103.5 3378.0 1104.5 3383.5 1104.0
blood_tube 1013.0 1207.5 1005.0 1206.5 996.0 1203.5 985.5 1195.0 982.5 1190.0 979.5 1187.0 975.5 1181.0 973.5 1176.0 969.5 1170.0 959.5 1160.0 958.5 1157.0 954.0 1153.5 946.5 1146.0 938.5 1134.0 938.5 1121.0 939.5 1117.0 947.5 1106.0 952.0 1101.5 956.0 1098.5 959.0 1097.5 965.0 1092.5 980.0 1085.5 983.0 1083.5 987.0 1082.5 1003.0 1082.5 1004.0 1083.5 1010.0 1083.5 1014.0 1084.5 1021.0 1088.5 1027.0 1094.5 1028.0 1094.5 1033.5 1100.0 1037.5 1106.0 1045.5 1114.0 1045.5 1115.0 1063.0 1132.5 1067.5 1136.0 1067.5 1137.0 1072.5 1143.0 1074.5 1148.0 1074.5 1163.0 1068.5 1173.0 1065.5 1176.0 1062.5 1181.0 1054.0 1189.5 1050.0 1191.5 1045.0 1195.5 1040.0 1198.5 1033.0 1201.5 1030.0 1203.5 1019.0 1205.5 1013.0 1207.5
blood_tube 867.0 1225.5 863.0 1225.5 856.0 1222.5 846.0 1214.5 841.5 1210.0 838.5 1205.0 834.5 1201.0 831.5 1196.0 821.0 1185.5 820.0 1185.5 812.5 1178.0 810.5 1174.0 800.5 1164.0 799.5 1161.0 793.5 1149.0 793.5 1144.0 795.5 1138.0 798.5 1132.0 804.5 1124.0 812.0 1116.5 813.0 1116.5 819.0 1110.5 830.0 1105.5 839.0 1102.5 844.0 1099.5 865.0 1099.5 874.0 1103.5 889.0 1118.5 890.0 1118.5 901.5 1130.0 901.5 1131.0 909.0 1138.5 910.0 1138.5 914.5 1143.0 914.5 1144.0 923.0 1152.5 924.0 1152.5 929.5 1158.0 931.5 1161.0 934.5 1172.0 934.5 1179.0 932.5 1184.0 928.5 1191.0 924.5 1196.0 911.0 1209.5 906.0 1213.5 896.0 1219.5 889.0 1222.5 885.0 1222.5 880.0 1224.5 868.0 1224.5 867.0 1225.5
blood_tube 830.0 1338.5 813.0 1338.5 809.0 1337.5 802.0 1334.5 798.0 1331.5 784.0 1317.5 779.0 1313.5 775.0 1311.5 770.0 1307.5 763.0 1303.5 756.0 1297.5 755.0 1297.5 749.0 1291.5 744.0 1288.5 736.5 1281.0 731.5 1268.0 732.5 1260.0 736.5 1252.0 739.5 1249.0 742.5 1244.0 744.5 1239.0 750.0 1233.5 751.0 1233.5 760.0 1224.5 768.0 1220.5 775.0 1218.5 788.0 1211.5 793.0 1210.5 804.0 1210.5 809.0 1213.5 814.0 1215.5 821.0 1219.5 829.0 1227.5 832.0 1228.5 838.0 1232.5 845.0 1239.5 846.0 1239.5 854.0 1246.5 870.0 1254.5 873.0 1256.5 880.0 1263.5 883.5 1266.0 886.5 1270.0 887.5 1274.0 890.5 1280.0 890.5 1284.0 888.5 1288.0 888.5 1291.0 884.5 1300.0 881.5 1303.0 878.5 1308.0 870.0 1316.5 869.0 1316.5 864.0 1321.5 863.0 1321.5 857.0 1326.5 854.0 1327.5 849.0 1331.5 841.0 1334.5 835.0 1337.5 830.0 1338.5
blood_tube 726.0 1257.5 719.0 1256.5 718.0 1255.5 713.0 1255.5 709.0 1254.5 701.0 1250.5 693.5 1243.0 691.5 1239.0 682.0 1229.5 678.0 1227.5 666.0 1217.5 665.0 1217.5 655.0 1207.5 654.0 1207.5 641.5 1195.0 639.5 1191.0 639.5 1175.0 643.5 1168.0 646.5 1164.0 659.0 1151.5 669.0 1144.5 672.0 1143.5 682.0 1137.5 688.0 1136.5 693.0 1134.5 698.0 1134.5 699.0 1133.5 710.0 1133.5 714.0 1134.5 722.0 1139.5 723.0 1139.5 739.0 1155.5 740.0 1155.5 750.0 1165.5 751.0 1165.5 757.0 1170.5 762.0 1172.5 770.0 1178.5 778.0 1181.5 785.0 1187.5 786.0 1187.5 789.5 1193.0 789.5 1198.0 791.5 1205.0 790.5 1207.0 785.0 1211.5 763.0 1222.5 759.0 1225.5 753.0 1231.5 752.0 1231.5 747.5 1236.0 744.5 1240.0 740.5 1247.0 734.0 1253.5 726.0 1257.5
blood_tube 682.0 1363.5 664.0 1363.5 658.0 1361.5 651.0 1357.5 645.0 1351.5 644.0 1351.5 637.0 1344.5 636.0 1344.5 626.0 1336.5 615.0 1331.5 609.0 1327.5 606.0 1324.5 601.0 1321.5 596.0 1317.5 591.0 1312.5 590.0 1312.5 585.5 1308.0 581.5 1300.0 581.5 1292.0 583.5 1285.0 591.5 1273.0 603.0 1261.5 607.0 1259.5 610.0 1256.5 613.0 1255.5 620.0 1249.5 623.0 1248.5 644.0 1248.5 645.0 1249.5 650.0 1249.5 655.0 1251.5 663.0 1256.5 666.0 1257.5 672.0 1262.5 673.0 1262.5 679.0 1267.5 684.0 1269.5 699.0 1281.5 716.0 1289.5 719.0 1291.5 723.5 1296.0 727.5 1304.0 730.5 1315.0 730.5 1327.0 726.5 1333.0 723.5 1339.0 719.0 1343.5 715.0 1345.5 712.0 1348.5 706.0 1352.5 688.0 1361.5 682.0 1363.5
 10ML_sorting_tube_rack 834.0 1720.5 818.0 1720.5 815.0 1719.5 805.5 1710.0 802.5 1705.0 792.0 1697.5 781.0 1691.5 775.0 1686.5 770.0 1684.5 765.0 1681.5 759.0 1679.5 752.0 1675.5 746.0 1669.5 743.0 1668.5 733.0 1662.5 724.0 1655.5 720.0 1654.5 717.0 1652.5 712.0 1651.5 707.0 1648.5 700.0 1645.5 689.0 1636.5 684.0 1633.5 679.0 1631.5 668.0 1623.5 655.0 1616.5 647.0 1613.5 634.0 1606.5 631.0 1605.5 621.0 1599.5 616.0 1597.5 614.0 1595.5 606.0 1591.5 604.0 1591.5 595.0 1586.5 587.0 1579.5 584.0 1578.5 579.0 1574.5 571.0 1570.5 567.0 1567.5 565.0 1567.5 560.0 1564.5 552.0 1561.5 546.0 1556.5 539.0 1552.5 531.0 1545.5 530.0 1545.5 524.5 1539.0 523.5 1535.0 524.5 1532.0 524.5 1521.0 525.5 1520.0 529.5 1507.0 532.5 1503.0 536.5 1493.0 538.5 1484.0 542.5 1478.0 544.5 1473.0 546.5 1471.0 551.5 1461.0 552.5 1456.0 554.5 1453.0 555.5 1448.0 558.5 1442.0 562.5 1437.0 566.5 1424.0 573.5 1410.0 579.5 1401.0 581.5 1395.0 582.5 1389.0 584.5 1384.0 587.5 1379.0 594.5 1372.0 596.5 1366.0 596.5 1361.0 597.5 1357.0 603.5 1345.0 604.5 1340.0 609.0 1335.5 620.0 1338.5 623.0 1340.5 626.0 1340.5 632.0 1343.5 636.0 1346.5 640.0 1351.5 645.0 1355.5 658.0 1363.5 664.0 1364.5 665.0 1365.5 670.0 1365.5 671.0 1364.5 678.0 1364.5 683.0 1363.5 689.0 1360.5 695.0 1358.5 700.0 1355.5 703.0 1352.5 710.0 1349.5 715.0 1345.5 719.0 1343.5 726.5 1336.0 726.5 1335.0 749.5 1312.0 752.5 1307.0 756.0 1304.5 759.0 1304.5 764.0 1307.5 766.0 1307.5 771.0 1310.5 775.0 1311.5 778.0 1314.5 781.0 1315.5 789.0 1323.5 795.0 1326.5 800.0 1330.5 806.0 1332.5 809.0 1334.5 815.0 1336.5 824.0 1336.5 825.0 1335.5 833.0 1335.5 834.0 1334.5 841.0 1334.5 846.0 1333.5 857.0 1326.5 858.0 1326.5 868.0 1316.5 869.0 1316.5 881.5 1304.0 886.5 1296.0 889.5 1284.0 889.5 1280.0 887.5 1275.0 882.5 1266.0 876.0 1259.5 871.0 1256.5 866.5 1252.0 862.5 1242.0 859.5 1239.0 860.5 1236.0 866.0 1233.5 875.0 1232.5 882.0 1228.5 894.0 1219.5 905.0 1214.5 912.0 1208.5 913.0 1208.5 927.5 1194.0 930.5 1190.0 935.5 1179.0 936.5 1175.0 936.5 1161.0 939.0 1157.5 950.0 1157.5 956.5 1164.0 956.5 1165.0 970.5 1179.0 974.5 1185.0 982.5 1193.0 982.5 1194.0 992.0 1203.5 999.0 1207.5 1015.0 1207.5 1022.0 1204.5 1025.0 1204.5 1037.0 1198.5 1039.0 1198.5 1047.0 1194.5 1051.0 1190.5 1057.0 1186.5 1065.5 1178.0 1069.5 1172.0 1074.5 1161.0 1074.5 1147.0 1073.5 1143.0 1071.5 1140.0 1070.5 1136.0 1061.5 1127.0 1056.5 1114.0 1050.5 1107.0 1049.5 1103.0 1052.0 1099.5 1055.0 1098.5 1062.0 1098.5 1063.0 1097.5 1070.0 1097.5 1079.0 1093.5 1084.0 1092.5 1090.0 1092.5 1091.0 1091.5 1098.0 1091.5 1099.0 1090.5 1104.0 1090.5 1105.0 1089.5 1110.0 1089.5 1111.0 1088.5 1116.0 1088.5 1117.0 1087.5 1123.0 1087.5 1124.0 1086.5 1129.0 1086.5 1130.0 1085.5 1135.0 1085.5 1136.0 1084.5 1145.0 1083.5 1146.0 1082.5 1151.0 1082.5 1152.0 1081.5 1160.0 1081.5 1161.0 1080.5 1168.0 1080.5 1169.0 1079.5 1174.0 1079.5 1175.0 1078.5 1181.0 1078.5 1182.0 1077.5 1190.0 1077.5 1194.0 1076.5 1203.0 1072.5 1207.0 1071.5 1212.0 1071.5 1213.0 1070.5 1220.0 1070.5 1221.0 1069.5 1226.0 1069.5 1232.0 1067.5 1238.0 1067.5 1239.0 1066.5 1247.0 1066.5 1248.0 1065.5 1265.0 1065.5 1270.0 1067.5 1276.5 1074.0 1281.5 1086.0 1286.5 1095.0 1288.5 1097.0 1290.5 1102.0 1294.5 1108.0 1300.5 1114.0 1302.5 1117.0 1306.5 1126.0 1310.5 1132.0 1319.0 1140.5 1328.0 1145.5 1331.5 1149.0 1334.5 1154.0 1338.5 1158.0 1345.5 1168.0 1345.5 1169.0 1355.5 1179.0 1357.5 1183.0 1363.5 1191.0 1366.5 1197.0 1371.5 1202.0 1375.5 1207.0 1378.5 1213.0 1380.5 1215.0 1383.5 1221.0 1393.5 1231.0 1393.5 1232.0 1398.5 1238.0 1399.5 1241.0 1406.5 1248.0 1411.5 1256.0 1413.5 1258.0 1415.5 1263.0 1419.0 1267.5 1425.0 1270.5 1429.5 1275.0 1435.5 1285.0 1438.5 1288.0 1442.5 1297.0 1441.5 1301.0 1441.5 1306.0 1440.5 1307.0 1440.5 1313.0 1439.5 1318.0 1437.5 1323.0 1436.5 1328.0 1436.5 1336.0 1435.5 1337.0 1435.5 1343.0 1434.5 1344.0 1434.5 1349.0 1433.5 1350.0 1433.5 1355.0 1432.5 1356.0 1432.5 1362.0 1431.5 1363.0 1431.5 1369.0 1430.5 1370.0 1430.5 1384.0 1429.5 1385.0 1429.5 1401.0 1428.5 1402.0 1428.5 1407.0 1426.5 1413.0 1426.5 1418.0 1425.5 1419.0 1425.5 1427.0 1424.5 1428.0 1424.5 1433.0 1423.5 1434.0 1422.5 1441.0 1420.5 1445.0 1420.5 1450.0 1419.5 1451.0 1419.5 1462.0 1418.5 1463.0 1418.5 1469.0 1417.5 1470.0 1417.5 1476.0 1416.5 1477.0 1416.5 1484.0 1415.5 1485.0 1415.5 1491.0 1414.5 1492.0 1414.5 1497.0 1412.5 1502.0 1411.5 1507.0 1411.5 1515.0 1410.5 1516.0 1410.5 1525.0 1409.5 1526.0 1409.5 1536.0 1408.5 1537.0 1408.5 1542.0 1406.5 1548.0 1406.5 1553.0 1405.5 1554.0 1405.5 1563.0 1404.5 1564.0 1404.5 1570.0 1402.5 1574.0 1399.5 1584.0 1399.5 1592.0 1398.5 1593.0 1398.5 1599.0 1397.5 1600.0 1397.5 1606.0 1396.5 1607.0 1396.5 1612.0 1392.5 1620.0 1388.5 1624.0 1384.5 1631.0 1380.0 1635.5 1377.0 1637.5 1364.0 1641.5 1356.0 1644.5 1349.0 1644.5 1348.0 1645.5 1341.0 1645.5 1331.0 1647.5 1330.0 1648.5 1312.0 1648.5 1311.0 1649.5 1305.0 1649.5 1304.0 1650.5 1299.0 1650.5 1298.0 1651.5 1291.0 1651.5 1290.0 1652.5 1283.0 1652.5 1282.0 1653.5 1273.0 1653.5 1272.0 1654.5 1265.0 1654.5 1260.0 1655.5 1255.0 1657.5 1250.0 1657.5 1249.0 1658.5 1242.0 1658.5 1241.0 1659.5 1236.0 1659.5 1231.0 1661.5 1226.0 1662.5 1221.0 1662.5 1220.0 1663.5 1205.0 1663.5 1194.0 1666.5 1187.0 1666.5 1186.0 1667.5 1178.0 1667.5 1172.0 1669.5 1163.0 1670.5 1162.0 1671.5 1156.0 1671.5 1155.0 1672.5 1148.0 1672.5 1147.0 1673.5 1137.0 1675.5 1132.0 1675.5 1131.0 1676.5 1126.0 1676.5 1125.0 1677.5 1118.0 1677.5 1117.0 1678.5 1112.0 1678.5 1111.0 1679.5 1106.0 1679.5 1105.0 1680.5 1098.0 1680.5 1097.0 1681.5 1088.0 1681.5 1087.0 1682.5 1080.0 1682.5 1079.0 1683.5 1074.0 1683.5 1073.0 1684.5 1062.0 1684.5 1061.0 1685.5 1055.0 1685.5 1054.0 1686.5 1047.0 1687.5 1046.0 1688.5 1041.0 1688.5 1040.0 1689.5 1032.0 1689.5 1031.0 1690.5 1025.0 1690.5 1016.0 1693.5 1011.0 1694.5 1004.0 1694.5 1003.0 1695.5 997.0 1695.5 996.0 1696.5 989.0 1696.5 988.0 1697.5 980.0 1697.5 979.0 1698.5 972.0 1698.5 971.0 1699.5 965.0 1699.5 964.0 1700.5 957.0 1700.5 956.0 1701.5 951.0 1701.5 943.0 1704.5 938.0 1705.5 927.0 1705.5 926.0 1706.5 919.0 1706.5 918.0 1707.5 912.0 1707.5 911.0 1708.5 906.0 1708.5 905.0 1709.5 900.0 1709.5 899.0 1710.5 894.0 1710.5 893.0 1711.5 888.0 1711.5 887.0 1712.5 879.0 1712.5 878.0 1713.5 869.0 1713.5 868.0 1714.5 862.0 1714.5 861.0 1715.5 852.0 1715.5 851.0 1716.5 845.0 1716.5 841.0 1717.5 834.0 1720.5
 10ML_sorting_tube_rack 924.0 1135.5 919.0 1135.5 917.5 1134.0 920.0 1132.5 923.0 1132.5 924.0 1135.5
 10ML_sorting_tube_rack 684.0 1254.5 680.0 1254.5 676.0 1250.5 666.0 1248.5 662.5 1245.0 660.5 1240.0 660.5 1237.0 662.5 1233.0 666.0 1229.5 670.0 1229.5 677.5 1235.0 679.5 1239.0 679.5 1244.0 684.5 1250.0 685.5 1253.0 684.0 1254.5
 10ML_sorting_tube_rack 1335.5 1280.0 1341.0 1278.5 1346.0 1274.5 1352.5 1268.0 1353.5 1265.0 1348.5 1258.0 1341.5 1250.0 1340.5 1246.0 1334.0 1242.5 1328.5 1241.0 1328.5 1244.0 1326.5 1250.0 1324.5 1252.0 1321.5 1262.0 1321.5 1271.0 1322.5 1275.0 1325.0 1280.5 1335.0 1280.5 1335.5 1280.0
 sorting_tube_rack_base 880.0 1779.5 866.0 1779.5 865.0 1778.5 860.0 1778.5 855.0 1776.5 850.0 1773.5 843.0 1770.5 831.0 1762.5 817.0 1755.5 808.0 1750.5 803.0 1749.5 796.0 1745.5 785.5 1735.0 783.5 1731.0 783.5 1726.0 782.5 1725.0 782.5 1715.0 784.5 1709.0 789.0 1704.5 794.0 1706.5 799.0 1709.5 801.5 1713.0 809.0 1720.5 817.0 1724.5 822.0 1723.5 829.0 1723.5 830.0 1722.5 837.0 1722.5 838.0 1721.5 844.0 1721.5 845.0 1720.5 850.0 1720.5 851.0 1719.5 856.0 1719.5 857.0 1718.5 862.0 1718.5 863.0 1717.5 869.0 1717.5 870.0 1716.5 876.0 1716.5 877.0 1715.5 883.0 1715.5 884.0 1714.5 891.0 1714.5 892.0 1713.5 897.0 1713.5 898.0 1712.5 904.0 1712.5 905.0 1711.5 910.0 1711.5 911.0 1710.5 916.0 1710.5 917.0 1709.5 922.0 1709.5 923.0 1708.5 931.0 1708.5 932.0 1707.5 939.0 1707.5 945.0 1705.5 950.0 1705.5 951.0 1704.5 956.0 1704.5 957.0 1703.5 963.0 1703.5 964.0 1702.5 971.0 1702.5 972.0 1701.5 979.0 1701.5 980.0 1700.5 986.0 1700.5 987.0 1699.5 994.0 1699.5 995.0 1698.5 1002.0 1698.5 1003.0 1697.5 1008.0 1697.5 1009.0 1696.5 1014.0 1696.5 1015.0 1695.5 1021.0 1695.5 1027.0 1693.5 1032.0 1693.5 1033.0 1692.5 1038.0 1692.5 1039.0 1691.5 1045.0 1691.5 1046.0 1690.5 1051.0 1690.5 1052.0 1689.5 1057.0 1689.5 1058.0 1688.5 1063.0 1688.5 1064.0 1687.5 1071.0 1687.5 1072.0 1686.5 1078.0 1686.5 1079.0 1685.5 1084.0 1685.5 1085.0 1684.5 1091.0 1684.5 1097.0 1682.5 1102.0 1682.5 1103.0 1681.5 1110.0 1681.5 1111.0 1680.5 1118.0 1680.5 1124.0 1678.5 1133.0 1677.5 1134.0 1676.5 1143.0 1676.5 1144.0 1675.5 1151.0 1675.5 1152.0 1674.5 1157.0 1674.5 1158.0 1673.5 1165.0 1673.5 1166.0 1672.5 1171.0 1672.5 1172.0 1671.5 1178.0 1671.5 1179.0 1670.5 1185.0 1670.5 1186.0 1669.5 1192.0 1669.5 1193.0 1668.5 1198.0 1668.5 1199.0 1667.5 1205.0 1667.5 1206.0 1666.5 1211.0 1666.5 1212.0 1665.5 1217.0 1665.5 1218.0 1664.5 1223.0 1664.5 1224.0 1663.5 1230.0 1663.5 1231.0 1662.5 1237.0 1662.5 1238.0 1661.5 1244.0 1661.5 1245.0 1660.5 1251.0 1660.5 1252.0 1659.5 1257.0 1659.5 1258.0 1658.5 1263.0 1658.5 1264.0 1657.5 1271.0 1657.5 1272.0 1656.5 1278.0 1656.5 1279.0 1655.5 1285.0 1655.5 1286.0 1654.5 1294.0 1654.5 1295.0 1653.5 1301.0 1653.5 1302.0 1652.5 1308.0 1652.5 1309.0 1651.5 1315.0 1651.5 1316.0 1650.5 1322.0 1650.5 1323.0 1649.5 1329.0 1649.5 1330.0 1648.5 1336.0 1648.5 1337.0 1647.5 1344.0 1647.5 1345.0 1646.5 1352.0 1646.5 1353.0 1645.5 1359.0 1645.5 1360.0 1644.5 1367.0 1644.5 1372.0 1643.5 1379.0 1640.5 1385.0 1636.5 1391.5 1630.0 1394.5 1626.0 1398.5 1615.0 1399.5 1614.0 1399.5 1609.0 1400.5 1608.0 1400.5 1602.0 1401.5 1601.0 1401.5 1595.0 1402.5 1590.0 1404.5 1585.0 1404.5 1580.0 1405.5 1579.0 1405.5 1572.0 1406.5 1571.0 1406.5 1564.0 1407.5 1563.0 1407.5 1554.0 1408.5 1553.0 1408.5 1544.0 1409.5 1543.0 1409.5 1534.0 1410.5 1533.0 1410.5 1525.0 1411.5 1524.0 1411.5 1516.0 1412.5 1515.0 1412.5 1506.0 1413.5 1505.0 1413.5 1499.0 1414.5 1498.0 1414.5 1492.0 1415.5 1491.0 1415.5 1486.0 1416.5 1485.0 1416.5 1478.0 1417.5 1477.0 1417.5 1469.0 1418.5 1468.0 1418.5 1460.0 1419.5 1459.0 1419.5 1452.0 1420.5 1451.0 1420.5 1445.0 1421.5 1444.0 1421.5 1438.0 1422.5 1437.0 1422.5 1431.0 1423.5 1430.0 1423.5 1425.0 1424.5 1424.0 1424.5 1418.0 1425.5 1417.0 1425.5 1410.0 1426.5 1409.0 1426.5 1403.0 1427.5 1402.0 1427.5 1397.0 1428.5 1396.0 1428.5 1390.0 1429.5 1389.0 1429.5 1382.0 1430.5 1381.0 1430.5 1376.0 1431.5 1375.0 1431.5 1369.0 1432.5 1368.0 1432.5 1362.0 1433.5 1361.0 1433.5 1353.0 1434.5 1352.0 1434.5 1345.0 1435.5 1344.0 1435.5 1338.0 1436.5 1337.0 1436.5 1331.0 1437.5 1330.0 1437.5 1321.0 1438.5 1320.0 1438.5 1306.0 1439.5 1305.0 1439.5 1295.0 1438.5 1294.0 1436.5 1285.0 1434.5 1282.0 1433.5 1273.0 1431.5 1269.0 1436.0 1265.5 1441.0 1264.5 1446.0 1264.5 1448.0 1265.5 1454.0 1271.5 1460.5 1275.0 1464.5 1280.0 1467.5 1286.0 1472.5 1292.0 1479.5 1303.0 1480.5 1306.0 1485.5 1311.0 1489.5 1318.0 1491.5 1328.0 1492.5 1329.0 1491.5 1334.0 1491.5 1353.0 1490.5 1354.0 1490.5 1365.0 1489.5 1366.0 1489.5 1373.0 1488.5 1374.0 1488.5 1380.0 1487.5 1381.0 1487.5 1388.0 1486.5 1389.0 1486.5 1396.0 1485.5 1397.0 1485.5 1405.0 1484.5 1406.0 1484.5 1415.0 1483.5 1416.0 1483.5 1425.0 1482.5 1426.0 1482.5 1434.0 1481.5 1435.0 1481.5 1442.0 1480.5 1443.0 1480.5 1452.0 1479.5 1453.0 1479.5 1462.0 1478.5 1463.0 1478.5 1469.0 1477.5 1470.0 1477.5 1479.0 1476.5 1480.0 1476.5 1493.0 1475.5 1494.0 1475.5 1501.0 1474.5 1502.0 1474.5 1509.0 1473.5 1510.0 1473.5 1517.0 1472.5 1518.0 1472.5 1525.0 1471.5 1526.0 1471.5 1534.0 1470.5 1535.0 1470.5 1543.0 1469.5 1544.0 1469.5 1551.0 1468.5 1552.0 1468.5 1560.0 1467.5 1561.0 1467.5 1569.0 1466.5 1570.0 1466.5 1575.0 1465.5 1576.0 1465.5 1584.0 1464.5 1585.0 1464.5 1592.0 1463.5 1593.0 1463.5 1599.0 1462.5 1600.0 1462.5 1607.0 1461.5 1608.0 1461.5 1618.0 1460.5 1619.0 1460.5 1629.0 1459.5 1630.0 1459.5 1643.0 1458.5 1644.0 1458.5 1649.0 1457.5 1650.0 1457.5 1656.0 1456.5 1657.0 1456.5 1662.0 1455.5 1663.0 1454.5 1671.0 1449.5 1680.0 1439.0 1690.5 1434.0 1694.5 1430.0 1696.5 1427.0 1696.5 1417.0 1700.5 1411.0 1700.5 1410.0 1701.5 1403.0 1701.5 1402.0 1702.5 1397.0 1702.5 1391.0 1704.5 1385.0 1704.5 1384.0 1705.5 1378.0 1705.5 1377.0 1706.5 1371.0 1706.5 1370.0 1707.5 1364.0 1707.5 1363.0 1708.5 1356.0 1708.5 1355.0 1709.5 1349.0 1709.5 1348.0 1710.5 1342.0 1710.5 1341.0 1711.5 1335.0 1711.5 1334.0 1712.5 1329.0 1712.5 1328.0 1713.5 1323.0 1713.5 1322.0 1714.5 1317.0 1714.5 1316.0 1715.5 1309.0 1715.5 1308.0 1716.5 1299.0 1716.5 1298.0 1717.5 1293.0 1717.5 1287.0 1719.5 1281.0 1719.5 1280.0 1720.5 1274.0 1720.5 1268.0 1722.5 1262.0 1722.5 1261.0 1723.5 1254.0 1723.5 1253.0 1724.5 1248.0 1724.5 1247.0 1725.5 1241.0 1725.5 1240.0 1726.5 1235.0 1726.5 1234.0 1727.5 1228.0 1727.5 1227.0 1728.5 1221.0 1728.5 1220.0 1729.5 1215.0 1729.5 1214.0 1730.5 1208.0 1730.5 1207.0 1731.5 1199.0 1731.5 1198.0 1732.5 1192.0 1732.5 1191.0 1733.5 1186.0 1733.5 1185.0 1734.5 1179.0 1734.5 1178.0 1735.5 1172.0 1735.5 1171.0 1736.5 1165.0 1736.5 1164.0 1737.5 1158.0 1737.5 1157.0 1738.5 1151.0 1738.5 1150.0 1739.5 1144.0 1739.5 1143.0 1740.5 1137.0 1740.5 1136.0 1741.5 1131.0 1741.5 1130.0 1742.5 1124.0 1742.5 1123.0 1743.5 1118.0 1743.5 1112.0 1745.5 1107.0 1745.5 1106.0 1746.5 1100.0 1746.5 1099.0 1747.5 1091.0 1747.5 1090.0 1748.5 1085.0 1748.5 1084.0 1749.5 1077.0 1749.5 1076.0 1750.5 1071.0 1750.5 1070.0 1751.5 1062.0 1751.5 1061.0 1752.5 1056.0 1752.5 1055.0 1753.5 1050.0 1753.5 1044.0 1755.5 1039.0 1755.5 1038.0 1756.5 1033.0 1756.5 1032.0 1757.5 1027.0 1757.5 1026.0 1758.5 1018.0 1758.5 1017.0 1759.5 1011.0 1759.5 1010.0 1760.5 1002.0 1760.5 1001.0 1761.5 995.0 1761.5 990.0 1763.5 985.0 1764.5 979.0 1764.5 978.0 1765.5 973.0 1765.5 972.0 1766.5 967.0 1766.5 966.0 1767.5 957.0 1767.5 956.0 1768.5 948.0 1768.5 947.0 1769.5 939.0 1769.5 938.0 1770.5 933.0 1770.5 932.0 1771.5 927.0 1771.5 921.0 1773.5 915.0 1773.5 914.0 1774.5 909.0 1774.5 908.0 1775.5 901.0 1775.5 900.0 1776.5 893.0 1776.5 892.0 1777.5 887.0 1777.5 886.0 1778.5 881.0 1778.5 880.0 1779.5
 10ML_sorting_tube_rack 0.0 1634.5 5.0 1634.5 6.5 1633.0 9.5 1627.0 9.5 1624.0 11.5 1619.0 16.5 1612.0 19.5 1609.0 23.5 1601.0 23.5 1599.0 31.5 1586.0 35.5 1581.0 42.5 1566.0 46.5 1560.0 52.5 1554.0 54.5 1551.0 55.5 1546.0 62.5 1533.0 69.5 1525.0 71.5 1519.0 74.5 1513.0 82.5 1502.0 84.5 1497.0 91.5 1484.0 94.5 1481.0 99.5 1474.0 101.5 1469.0 105.5 1464.0 110.5 1455.0 114.5 1450.0 115.5 1447.0 119.5 1442.0 125.5 1432.0 129.5 1427.0 133.5 1419.0 134.5 1415.0 137.5 1410.0 143.5 1402.0 145.5 1397.0 150.5 1391.0 152.5 1387.0 155.5 1384.0 156.5 1381.0 160.5 1376.0 164.5 1369.0 165.5 1366.0 171.5 1358.0 177.5 1347.0 183.5 1340.0 183.5 1339.0 192.5 1325.0 193.5 1322.0 197.5 1316.0 201.5 1312.0 208.5 1300.0 209.5 1297.0 216.0 1290.5 219.0 1288.5 232.0 1282.5 241.0 1280.5 245.0 1278.5 248.0 1278.5 252.0 1276.5 262.0 1274.5 268.0 1274.5 269.0 1273.5 275.0 1273.5 276.0 1272.5 282.0 1272.5 283.0 1271.5 289.0 1271.5 290.0 1270.5 297.0 1270.5 298.0 1269.5 306.0 1269.5 312.0 1267.5 321.0 1266.5 327.0 1263.5 330.0 1263.5 335.0 1261.5 340.0 1261.5 341.0 1260.5 347.0 1260.5 348.0 1259.5 354.0 1259.5 355.0 1258.5 366.0 1258.5 367.0 1257.5 373.0 1257.5 374.0 1256.5 381.0 1256.5 382.0 1255.5 390.0 1255.5 391.0 1254.5 402.0 1254.5 403.0 1253.5 411.0 1253.5 423.0 1249.5 428.0 1249.5 429.0 1248.5 438.0 1247.5 447.0 1244.5 454.0 1243.5 455.0 1242.5 460.0 1242.5 461.0 1241.5 470.0 1241.5 471.0 1240.5 479.0 1240.5 480.0 1239.5 486.0 1239.5 487.0 1238.5 492.0 1238.5 493.0 1237.5 498.0 1237.5 509.0 1234.5 514.0 1234.5 515.0 1233.5 521.0 1233.5 522.0 1232.5 527.0 1232.5 528.0 1231.5 533.0 1231.5 534.0 1230.5 539.0 1230.5 545.0 1228.5 550.0 1228.5 551.0 1227.5 557.0 1227.5 558.0 1226.5 564.0 1226.5 565.0 1225.5 571.0 1225.5 572.0 1224.5 587.0 1224.5 595.0 1226.5 600.0 1229.5 608.5 1236.0 610.5 1239.0 609.5 1244.0 609.5 1250.0 608.5 1252.0 598.0 1262.5 597.0 1262.5 590.5 1269.0 586.5 1278.0 582.5 1283.0 580.5 1289.0 578.5 1292.0 578.5 1301.0 580.5 1304.0 582.5 1310.0 589.5 1317.0 592.5 1322.0 598.5 1328.0 604.5 1337.0 605.5 1343.0 600.5 1349.0 600.5 1350.0 591.5 1359.0 588.5 1365.0 586.5 1374.0 584.5 1380.0 578.5 1392.0 578.5 1394.0 575.5 1399.0 574.5 1405.0 572.5 1410.0 560.5 1429.0 558.5 1434.0 557.5 1439.0 552.5 1448.0 551.5 1453.0 547.5 1462.0 544.5 1467.0 544.5 1470.0 542.5 1476.0 538.5 1484.0 532.5 1490.0 530.5 1493.0 528.5 1500.0 526.5 1504.0 526.5 1507.0 524.5 1511.0 524.5 1514.0 521.5 1519.0 519.5 1525.0 519.5 1531.0 518.5 1536.0 519.5 1539.0 524.5 1544.0 527.5 1549.0 534.0 1554.5 541.0 1557.5 547.0 1561.5 552.5 1567.0 554.5 1572.0 559.0 1576.5 561.0 1576.5 570.0 1581.5 580.0 1585.5 586.0 1588.5 589.0 1588.5 598.0 1592.5 603.0 1595.5 614.0 1604.5 619.0 1606.5 626.0 1611.5 633.0 1614.5 639.0 1615.5 650.0 1620.5 661.0 1628.5 666.0 1633.5 673.0 1637.5 676.0 1640.5 682.0 1644.5 684.0 1644.5 689.0 1647.5 694.0 1649.5 699.0 1650.5 707.0 1655.5 711.0 1659.5 717.0 1661.5 723.5 1667.0 727.0 1671.5 733.0 1674.5 740.0 1675.5 745.0 1677.5 751.0 1681.5 754.0 1682.5 762.5 1691.0 765.5 1696.0 769.5 1700.0 770.5 1705.0 769.5 1706.0 769.5 1715.0 766.5 1725.0 762.5 1734.0 762.5 1736.0 758.5 1744.0 757.5 1749.0 751.5 1765.0 747.5 1772.0 746.5 1777.0 744.5 1781.0 744.5 1784.0 740.5 1792.0 740.5 1794.0 737.5 1799.0 736.5 1805.0 735.5 1806.0 730.5 1821.0 730.5 1823.0 723.5 1836.0 723.5 1838.0 716.5 1856.0 715.5 1863.0 714.5 1864.0 713.5 1871.0 712.5 1872.0 710.5 1883.0 707.5 1887.0 706.5 1891.0 703.5 1898.0 701.5 1909.0 699.5 1915.0 695.5 1922.0 692.5 1933.0 687.5 1944.0 680.0 1953.5 679.0 1953.5 670.0 1961.5 653.0 1970.5 649.0 1971.5 643.0 1971.5 642.0 1972.5 637.0 1972.5 632.0 1974.5 627.0 1974.5 626.0 1975.5 620.0 1975.5 619.0 1976.5 610.0 1976.5 609.0 1977.5 604.0 1977.5 603.0 1978.5 598.0 1978.5 597.0 1979.5 592.0 1979.5 591.0 1980.5 584.0 1980.5 583.0 1981.5 576.0 1981.5 575.0 1982.5 570.0 1982.5 564.0 1984.5 555.0 1984.5 554.0 1985.5 545.0 1985.5 544.0 1986.5 539.0 1986.5 533.0 1988.5 528.0 1988.5 527.0 1989.5 522.0 1989.5 521.0 1990.5 516.0 1990.5 515.0 1991.5 509.0 1991.5 508.0 1992.5 503.0 1992.5 502.0 1993.5 496.0 1993.5 495.0 1994.5 489.0 1994.5 488.0 1995.5 482.0 1995.5 481.0 1996.5 475.0 1996.5 474.0 1997.5 468.0 1997.5 467.0 1998.5 462.0 1998.5 461.0 1999.5 456.0 1999.5 455.0 2000.5 445.0 2000.5 444.0 2001.5 437.0 2001.5 436.0 2002.5 429.0 2002.5 428.0 2003.5 423.0 2003.5 422.0 2004.5 414.0 2004.5 413.0 2005.5 406.0 2005.5 405.0 2006.5 398.0 2006.5 397.0 2007.5 391.0 2007.5 390.0 2008.5 385.0 2008.5 384.0 2009.5 378.0 2009.5 377.0 2010.5 371.0 2010.5 370.0 2011.5 363.0 2011.5 362.0 2012.5 356.0 2012.5 355.0 2013.5 346.0 2013.5 345.0 2014.5 337.0 2014.5 336.0 2015.5 328.0 2015.5 327.0 2016.5 316.0 2016.5 315.0 2017.5 305.0 2017.5 304.0 2016.5 298.0 2016.5 297.0 2015.5 292.0 2015.5 291.0 2014.5 283.0 2012.5 279.0 2012.5 271.0 2009.5 268.0 2009.5 264.0 2007.5 261.0 2007.5 252.0 2004.5 248.0 2004.5 241.0 2001.5 229.0 1997.5 221.0 1995.5 211.0 1991.5 202.0 1989.5 192.0 1985.5 189.0 1985.5 182.0 1982.5 174.0 1981.5 164.0 1979.5 163.0 1978.5 157.0 1977.5 152.0 1974.5 150.0 1974.5 146.0 1971.5 144.0 1971.5 139.0 1968.5 134.0 1966.5 126.0 1964.5 121.0 1961.5 114.0 1959.5 109.0 1956.5 103.0 1954.5 94.0 1952.5 90.0 1950.5 87.0 1950.5 83.0 1948.5 80.0 1948.5 75.0 1946.5 66.0 1944.5 55.0 1939.5 45.0 1934.5 40.0 1932.5 34.0 1931.5 21.0 1926.5 17.0 1924.5 12.0 1923.5 7.0 1921.5 0.0 1921.5
 sorting_tube_rack_base 628.5 2159.0 622.5 2154.0 622.5 2148.0 623.5 2147.0 623.5 2142.0 626.5 2132.0 628.5 2128.0 629.5 2122.0 632.5 2117.0 632.5 2115.0 637.5 2105.0 638.5 2100.0 645.5 2087.0 648.5 2077.0 648.5 2074.0 651.5 2068.0 653.5 2060.0 655.5 2057.0 658.5 2046.0 662.5 2039.0 665.5 2031.0 674.5 2022.0 677.5 2016.0 686.0 2007.5 687.0 2007.5 695.0 2000.5 701.0 1998.5 704.0 1996.5 714.0 1993.5 726.0 1993.5 727.0 1992.5 733.0 1992.5 739.0 1990.5 745.0 1990.5 746.0 1989.5 753.0 1989.5 754.0 1988.5 764.0 1988.5 765.0 1987.5 773.0 1987.5 774.0 1986.5 780.0 1986.5 781.0 1985.5 786.0 1985.5 787.0 1984.5 795.0 1984.5 796.0 1983.5 803.0 1983.5 804.0 1982.5 814.0 1982.5 815.0 1981.5 822.0 1981.5 823.0 1980.5 829.0 1980.5 830.0 1979.5 835.0 1979.5 841.0 1977.5 846.0 1977.5 847.0 1976.5 853.0 1976.5 859.0 1974.5 864.0 1974.5 865.0 1973.5 874.0 1973.5 875.0 1972.5 884.0 1972.5 885.0 1971.5 890.0 1971.5 891.0 1970.5 896.0 1970.5 897.0 1969.5 906.0 1969.5 907.0 1968.5 916.0 1968.5 917.0 1967.5 924.0 1967.5 925.0 1966.5 933.0 1966.5 934.0 1965.5 942.0 1965.5 943.0 1964.5 949.0 1964.5 950.0 1963.5 957.0 1963.5 958.0 1962.5 966.0 1962.5 967.0 1961.5 973.0 1961.5 984.0 1958.5 995.0 1958.5 996.0 1957.5 1004.0 1957.5 1005.0 1956.5 1010.0 1956.5 1011.0 1955.5 1018.0 1955.5 1019.0 1954.5 1029.0 1954.5 1030.0 1953.5 1037.0 1953.5 1038.0 1952.5 1045.0 1952.5 1046.0 1951.5 1055.0 1951.5 1056.0 1950.5 1064.0 1950.5 1065.0 1949.5 1071.0 1949.5 1072.0 1948.5 1078.0 1948.5 1079.0 1947.5 1085.0 1947.5 1086.0 1946.5 1093.0 1946.5 1094.0 1945.5 1101.0 1945.5 1102.0 1944.5 1107.0 1944.5 1108.0 1943.5 1114.0 1943.5 1115.0 1942.5 1124.0 1942.5 1125.0 1941.5 1133.0 1941.5 1134.0 1940.5 1140.0 1940.5 1141.0 1939.5 1149.0 1939.5 1150.0 1938.5 1158.0 1938.5 1159.0 1937.5 1169.0 1937.5 1170.0 1936.5 1179.0 1936.5 1180.0 1935.5 1187.0 1935.5 1188.0 1934.5 1197.0 1934.5 1198.0 1933.5 1207.0 1933.5 1208.0 1932.5 1215.0 1932.5 1216.0 1931.5 1221.0 1931.5 1222.0 1930.5 1227.0 1930.5 1228.0 1929.5 1233.0 1929.5 1234.0 1928.5 1242.0 1928.5 1243.0 1927.5 1251.0 1927.5 1252.0 1926.5 1260.0 1926.5 1261.0 1925.5 1268.0 1925.5 1269.0 1924.5 1277.0 1924.5 1278.0 1923.5 1285.0 1923.5 1286.0 1922.5 1296.0 1922.5 1297.0 1921.5 1303.0 1921.5 1304.0 1920.5 1310.0 1920.5 1311.0 1919.5 1320.0 1919.5 1321.0 1918.5 1338.0 1918.5 1339.0 1919.5 1344.0 1919.5 1347.0 1921.5 1353.0 1923.5 1365.0 1931.5 1375.0 1937.5 1386.0 1945.5 1391.0 1948.5 1396.0 1952.5 1401.5 1958.0 1404.5 1965.0 1409.5 1974.0 1410.5 1979.0 1410.5 1998.0 1409.5 1999.0 1409.5 2014.0 1408.5 2015.0 1408.5 2022.0 1407.5 2023.0 1407.5 2029.0 1406.5 2030.0 1406.5 2038.0 1405.5 2039.0 1405.5 2047.0 1404.5 2048.0 1404.5 2063.0 1403.5 2064.0 1403.5 2069.0 1402.5 2070.0 1402.5 2075.0 1401.5 2076.0 1401.5 2083.0 1400.5 2084.0 1400.5 2089.0 1399.5 2090.0 1399.5 2098.0 1398.5 2099.0 1398.5 2110.0 1397.5 2111.0 1397.5 2121.0 1395.5 2125.0 1394.5 2130.0 1392.5 2133.0 1390.5 2140.0 1390.5 2150.0 1389.5 2153.0 1385.0 2157.5 1382.5 2159.0
 sorting_tube_rack_base 1300.5 2100.0 1306.0 2097.5 1309.5 2094.0 1309.5 2090.0 1300.0 2082.5 1295.0 2082.5 1291.0 2085.5 1283.5 2089.0 1282.5 2095.0 1283.5 2097.0 1292.0 2100.5 1300.5 2100.0
 sorting_tube_rack_base 816.5 2159.0 816.0 2157.5 811.0 2155.5 808.0 2155.5 804.0 2153.5 794.0 2153.5 793.0 2154.5 766.0 2154.5 765.0 2155.5 759.0 2155.5 755.0 2156.5 752.5 2159.0
 sorting_tube_rack_base 1232.5 2159.0 1232.0 2157.5 1225.0 2157.5 1224.0 2156.5 1193.0 2156.5 1192.0 2157.5 1168.0 2157.5 1167.0 2156.5 1120.0 2156.5 1119.0 2157.5 1115.0 2156.5 942.0 2156.5 941.0 2157.5 930.0 2157.5 929.0 2156.5 915.0 2156.5 914.0 2157.5 873.0 2157.5 872.5 2159.0
 sorting_tube_rack_base 1288.5 2159.0 1288.0 2157.5 1276.0 2157.5 1275.0 2156.5 1264.0 2156.5 1263.0 2157.5 1245.0 2157.5 1244.5 2159.0
 tube_rack_storage_cabinet 0.0 1013.5 7.0 1013.5 10.0 1014.5 17.0 1019.5 21.0 1021.5 26.0 1025.5 31.0 1030.5 44.0 1038.5 48.0 1042.5 58.0 1048.5 69.0 1057.5 70.0 1057.5 78.0 1063.5 82.0 1065.5 91.0 1073.5 106.0 1081.5 111.0 1085.5 115.0 1087.5 120.0 1091.5 127.0 1094.5 134.0 1099.5 138.0 1103.5 152.0 1110.5 156.0 1113.5 162.0 1119.5 168.0 1122.5 173.0 1126.5 176.0 1127.5 195.0 1140.5 201.0 1143.5 218.0 1148.5 226.0 1154.5 233.0 1157.5 240.0 1162.5 248.0 1166.5 255.0 1171.5 258.0 1172.5 270.0 1181.5 276.0 1184.5 281.0 1188.5 284.0 1189.5 290.0 1195.5 298.0 1199.5 306.0 1204.5 330.0 1204.5 331.0 1203.5 342.0 1203.5 343.0 1202.5 354.0 1202.5 362.0 1207.5 363.0 1207.5 366.5 1212.0 372.0 1217.5 375.0 1218.5 382.0 1222.5 389.0 1230.5 397.0 1234.5 401.5 1239.0 396.5 1247.0 393.0 1250.5 388.0 1250.5 387.0 1251.5 381.0 1251.5 380.0 1252.5 370.0 1252.5 369.0 1253.5 363.0 1253.5 362.0 1254.5 348.0 1254.5 347.0 1255.5 335.0 1255.5 322.0 1258.5 321.0 1259.5 314.0 1260.5 311.0 1262.5 307.0 1263.5 305.0 1265.5 297.0 1266.5 296.0 1267.5 291.0 1267.5 290.0 1268.5 284.0 1268.5 283.0 1269.5 277.0 1269.5 276.0 1270.5 271.0 1270.5 270.0 1271.5 265.0 1271.5 264.0 1272.5 257.0 1272.5 256.0 1273.5 251.0 1273.5 250.0 1274.5 241.0 1276.5 237.0 1278.5 230.0 1280.5 225.0 1283.5 218.0 1286.5 209.5 1295.0 204.5 1303.0 195.5 1312.0 192.5 1318.0 186.5 1326.0 185.5 1329.0 181.5 1334.0 180.5 1337.0 170.5 1353.0 168.5 1358.0 160.5 1369.0 152.5 1383.0 144.5 1396.0 139.5 1401.0 135.5 1407.0 130.5 1418.0 125.5 1424.0 120.5 1431.0 116.5 1439.0 114.5 1446.0 107.5 1455.0 100.5 1468.0 96.5 1473.0 93.5 1480.0 89.5 1485.0 87.5 1489.0 81.5 1496.0 78.5 1501.0 77.5 1505.0 69.5 1519.0 61.5 1529.0 53.5 1545.0 46.5 1553.0 43.5 1558.0 37.5 1571.0 29.5 1583.0 26.5 1590.0 24.5 1593.0 23.5 1597.0 17.5 1604.0 14.5 1610.0 12.5 1612.0 8.5 1621.0 5.0 1626.5 0.0 1626.5
 tube_rack_storage_cabinet 0.0 1924.5 7.0 1924.5 12.5 1929.0 12.5 1932.0 17.0 1938.5 20.5 1940.0 20.5 1945.0 17.5 1948.0 15.5 1952.0 15.5 1955.0 12.5 1961.0 11.5 1966.0 9.5 1970.0 9.5 1973.0 7.5 1975.0 5.0 1980.5 0.0 1980.5
 refrigerator_close 3839.0 64.5 3834.0 64.5 3831.5 69.0 3829.5 76.0 3829.5 81.0 3823.5 94.0 3819.5 100.0 3818.5 105.0 3816.5 108.0 3815.5 113.0 3812.5 118.0 3808.5 127.0 3805.5 132.0 3805.5 134.0 3802.5 139.0 3802.5 141.0 3797.5 151.0 3797.5 153.0 3794.5 159.0 3791.5 163.0 3789.5 170.0 3784.5 179.0 3780.5 184.0 3776.5 194.0 3770.5 203.0 3770.5 204.0 3763.0 211.5 3757.0 214.5 3751.5 220.0 3751.5 221.0 3742.0 230.5 3738.0 233.5 3723.0 242.5 3721.0 242.5 3715.0 246.5 3704.0 251.5 3697.0 255.5 3690.0 257.5 3685.0 260.5 3680.0 262.5 3672.0 264.5 3669.0 266.5 3659.0 268.5 3653.0 270.5 3614.0 270.5 3613.0 271.5 3585.0 271.5 3584.0 272.5 3531.0 272.5 3530.0 273.5 3496.0 273.5 3495.0 274.5 3470.0 274.5 3469.0 275.5 3433.0 275.5 3432.0 276.5 3386.0 276.5 3385.0 277.5 3362.0 277.5 3361.0 278.5 3350.0 278.5 3349.0 279.5 3328.0 279.5 3327.0 280.5 3304.0 280.5 3303.0 281.5 3274.0 281.5 3273.0 282.5 3256.0 282.5 3255.0 283.5 3215.0 283.5 3214.0 284.5 3204.0 284.5 3203.0 285.5 3180.0 285.5 3179.0 286.5 3171.0 286.5 3170.0 287.5 3148.0 287.5 3147.0 288.5 3118.0 288.5 3117.0 289.5 3093.0 289.5 3092.0 290.5 3067.0 290.5 3066.0 291.5 3052.0 291.5 3051.0 292.5 3031.0 292.5 3030.0 293.5 3003.0 293.5 3002.0 294.5 2982.0 294.5 2981.0 295.5 2944.0 295.5 2943.0 296.5 2915.0 296.5 2914.0 297.5 2889.0 297.5 2888.0 296.5 2875.0 293.5 2862.0 286.5 2855.0 283.5 2850.5 279.0 2846.5 273.0 2837.5 264.0 2834.5 257.0 2832.5 248.0 2831.5 247.0 2831.5 236.0 2830.5 235.0 2831.5 230.0 2831.5 222.0 2832.5 221.0 2832.5 214.0 2833.5 213.0 2833.5 208.0 2834.5 207.0 2834.5 202.0 2835.5 201.0 2835.5 195.0 2836.5 194.0 2836.5 188.0 2837.5 187.0 2837.5 179.0 2836.5 178.0 2836.5 170.0 2837.5 169.0 2837.5 153.0 2838.5 152.0 2838.5 140.0 2839.5 139.0 2839.5 124.0 2841.5 119.0 2843.5 107.0 2845.5 102.0 2846.5 95.0 2847.5 94.0 2848.5 87.0 2850.5 83.0 2851.5 76.0 2854.5 69.0 2854.5 52.0 2855.5 51.0 2857.5 43.0 2861.5 33.0 2861.5 28.0 2862.5 27.0 2862.5 22.0 2864.5 16.0 2868.5 9.0 2869.5 5.0 2869.5 0.0
 5ML_sorting_tube_rack 1948.0 1997.5 1935.0 1997.5 1934.0 1996.5 1928.0 1995.5 1921.5 1989.0 1917.5 1982.0 1914.5 1978.0 1909.5 1973.0 1906.5 1968.0 1898.5 1959.0 1894.5 1953.0 1891.5 1947.0 1886.5 1942.0 1883.5 1937.0 1879.5 1933.0 1876.5 1928.0 1872.5 1924.0 1869.5 1919.0 1864.5 1913.0 1859.5 1903.0 1858.5 1900.0 1852.5 1892.0 1848.5 1884.0 1844.5 1879.0 1842.5 1875.0 1836.5 1869.0 1834.5 1865.0 1827.5 1854.0 1825.5 1849.0 1817.0 1840.5 1806.0 1834.5 1797.5 1826.0 1794.5 1820.0 1794.5 1813.0 1793.5 1812.0 1793.5 1805.0 1792.5 1804.0 1792.5 1799.0 1791.5 1798.0 1791.5 1792.0 1790.5 1791.0 1790.5 1777.0 1789.5 1776.0 1789.5 1764.0 1788.5 1763.0 1788.5 1752.0 1787.5 1751.0 1787.5 1740.0 1786.5 1739.0 1786.5 1727.0 1785.5 1726.0 1785.5 1716.0 1784.5 1715.0 1784.5 1700.0 1783.5 1699.0 1783.5 1691.0 1782.5 1690.0 1782.5 1681.0 1781.5 1680.0 1781.5 1665.0 1780.5 1664.0 1780.5 1652.0 1779.5 1651.0 1779.5 1642.0 1778.5 1641.0 1778.5 1632.0 1777.5 1631.0 1777.5 1621.0 1776.5 1620.0 1776.5 1607.0 1775.5 1606.0 1775.5 1594.0 1774.5 1593.0 1774.5 1579.0 1773.5 1578.0 1773.5 1564.0 1772.5 1563.0 1772.5 1554.0 1771.5 1553.0 1771.5 1542.0 1770.5 1541.0 1770.5 1529.0 1769.5 1528.0 1769.5 1515.0 1768.5 1514.0 1768.5 1504.0 1767.5 1503.0 1767.5 1497.0 1766.5 1496.0 1766.5 1488.0 1765.5 1487.0 1765.5 1473.0 1764.5 1472.0 1764.5 1460.0 1763.5 1459.0 1763.5 1442.0 1762.5 1441.0 1762.5 1430.0 1761.5 1429.0 1761.5 1413.0 1760.5 1412.0 1760.5 1403.0 1759.5 1402.0 1759.5 1387.0 1758.5 1386.0 1758.5 1376.0 1757.5 1375.0 1757.5 1366.0 1756.5 1365.0 1756.5 1356.0 1755.5 1355.0 1755.5 1341.0 1754.5 1340.0 1754.5 1330.0 1753.5 1329.0 1753.5 1316.0 1752.5 1315.0 1752.5 1305.0 1751.5 1304.0 1751.5 1292.0 1750.5 1291.0 1750.5 1278.0 1749.5 1277.0 1749.5 1265.0 1748.5 1264.0 1748.5 1253.0 1747.5 1252.0 1747.5 1238.0 1746.5 1237.0 1746.5 1222.0 1745.5 1221.0 1745.5 1187.0 1746.5 1186.0 1746.5 1181.0 1748.5 1175.0 1757.0 1168.5 1764.0 1165.5 1767.0 1165.5 1771.0 1163.5 1782.0 1161.5 1787.0 1159.5 1806.0 1156.5 1811.0 1154.5 1814.0 1154.5 1822.0 1151.5 1827.0 1151.5 1843.0 1147.5 1859.0 1144.5 1864.0 1142.5 1868.0 1142.5 1873.0 1140.5 1881.0 1138.5 1896.0 1135.5 1905.0 1134.5 1916.0 1131.5 1921.0 1131.5 1922.0 1130.5 1927.0 1130.5 1928.0 1129.5 1933.0 1129.5 1943.0 1127.5 1948.0 1125.5 1951.0 1125.5 1956.0 1123.5 1960.0 1123.5 1965.0 1121.5 1972.0 1120.5 1976.0 1118.5 1991.0 1115.5 1992.0 1114.5 1997.0 1114.5 1998.0 1113.5 2003.0 1113.5 2004.0 1112.5 2009.0 1112.5 2018.0 1109.5 2030.0 1107.5 2034.0 1105.5 2039.0 1105.5 2040.0 1104.5 2047.0 1104.5 2048.0 1103.5 2056.0 1102.5 2064.0 1099.5 2069.0 1099.5 2070.0 1098.5 2075.0 1098.5 2080.0 1097.5 2085.0 1095.5 2093.0 1093.5 2100.0 1092.5 2105.0 1090.5 2110.0 1090.5 2111.0 1089.5 2118.0 1089.5 2123.0 1087.5 2128.0 1086.5 2133.0 1084.5 2137.0 1084.5 2142.0 1082.5 2152.0 1080.5 2159.0 1080.5 2160.0 1079.5 2173.0 1079.5 2174.0 1080.5 2184.0 1082.5 2189.0 1085.5 2192.5 1089.0 2195.5 1097.0 2196.5 1105.0 2197.5 1106.0 2198.5 1115.0 2200.5 1121.0 2203.5 1127.0 2205.5 1129.0 2208.5 1135.0 2209.5 1139.0 2209.5 1145.0 2210.5 1150.0 2213.5 1158.0 2213.5 1160.0 2216.5 1165.0 2218.5 1172.0 2219.5 1180.0 2223.5 1190.0 2225.5 1201.0 2227.5 1205.0 2229.5 1217.0 2233.5 1223.0 2236.5 1229.0 2238.5 1235.0 2239.5 1243.0 2241.5 1247.0 2243.5 1256.0 2244.5 1257.0 2246.5 1269.0 2250.5 1279.0 2251.5 1286.0 2253.5 1290.0 2256.5 1299.0 2257.5 1308.0 2259.5 1312.0 2260.5 1318.0 2262.5 1321.0 2263.5 1326.0 2265.5 1329.0 2267.5 1338.0 2268.5 1339.0 2270.5 1348.0 2273.5 1355.0 2273.5 1357.0 2276.5 1366.0 2277.5 1367.0 2280.5 1377.0 2283.5 1389.0 2285.5 1401.0 2286.5 1402.0 2287.5 1409.0 2289.5 1413.0 2291.5 1421.0 2291.5 1424.0 2294.5 1431.0 2295.5 1436.0 2299.5 1444.0 2301.5 1453.0 2304.5 1463.0 2306.5 1467.0 2306.5 1470.0 2309.5 1480.0 2311.5 1484.0 2311.5 1487.0 2313.5 1492.0 2314.5 1499.0 2317.5 1506.0 2320.5 1519.0 2323.5 1526.0 2323.5 1528.0 2327.5 1537.0 2327.5 1540.0 2330.5 1550.0 2332.5 1554.0 2332.5 1557.0 2334.5 1561.0 2334.5 1564.0 2337.5 1571.0 2339.5 1580.0 2341.5 1585.0 2342.5 1592.0 2345.5 1600.0 2345.5 1605.0 2346.5 1610.0 2350.5 1617.0 2352.5 1622.0 2353.5 1627.0 2356.5 1634.0 2358.5 1643.0 2360.5 1647.0 2361.5 1654.0 2365.5 1664.0 2365.5 1667.0 2367.5 1671.0 2368.5 1678.0 2372.5 1688.0 2373.5 1697.0 2374.5 1698.0 2374.5 1704.0 2375.5 1705.0 2375.5 1737.0 2376.5 1738.0 2376.5 1785.0 2377.5 1786.0 2377.5 1858.0 2378.5 1859.0 2378.5 1885.0 2377.5 1886.0 2377.5 1897.0 2376.5 1898.0 2376.5 1903.0 2374.5 1910.0 2368.0 1916.5 2361.0 1919.5 2354.0 1920.5 2349.0 1922.5 2344.0 1923.5 2339.0 1923.5 2338.0 1924.5 2332.0 1924.5 2331.0 1925.5 2317.0 1925.5 2316.0 1926.5 2311.0 1926.5 2306.0 1928.5 2301.0 1929.5 2294.0 1929.5 2293.0 1930.5 2288.0 1930.5 2283.0 1932.5 2276.0 1933.5 2271.0 1935.5 2266.0 1935.5 2265.0 1936.5 2260.0 1936.5 2250.0 1938.5 2246.0 1940.5 2240.0 1940.5 2239.0 1941.5 2232.0 1941.5 2227.0 1942.5 2222.0 1944.5 2217.0 1944.5 2211.0 1946.5 2205.0 1946.5 2204.0 1947.5 2199.0 1947.5 2193.0 1949.5 2173.0 1953.5 2164.0 1954.5 2163.0 1955.5 2157.0 1955.5 2151.0 1957.5 2146.0 1957.5 2140.0 1959.5 2135.0 1959.5 2130.0 1961.5 2126.0 1961.5 2120.0 1963.5 2114.0 1963.5 2108.0 1965.5 2094.0 1967.5 2093.0 1968.5 2083.0 1970.5 2077.0 1973.5 2074.0 1973.5 2070.0 1975.5 2061.0 1977.5 2055.0 1979.5 2049.0 1979.5 2048.0 1980.5 2042.0 1980.5 2041.0 1981.5 2034.0 1981.5 2033.0 1982.5 2026.0 1982.5 2025.0 1983.5 2018.0 1983.5 2017.0 1984.5 2012.0 1984.5 2006.0 1986.5 2001.0 1986.5 2000.0 1987.5 1993.0 1987.5 1987.0 1989.5 1975.0 1991.5 1970.0 1993.5 1965.0 1993.5 1964.0 1994.5 1959.0 1994.5 1948.0 1997.5
 5ML_sorting_tube_rack 2172.5 1502.0 2173.0 1501.5 2185.0 1501.5 2186.0 1500.5 2194.0 1499.5 2201.0 1496.5 2203.0 1494.5 2210.0 1491.5 2210.5 1490.0 2215.5 1485.0 2219.5 1479.0 2225.5 1473.0 2230.5 1466.0 2234.5 1458.0 2234.5 1455.0 2236.5 1451.0 2237.5 1446.0 2237.5 1431.0 2236.5 1430.0 2236.5 1422.0 2235.5 1421.0 2235.5 1414.0 2234.5 1413.0 2234.5 1408.0 2233.5 1407.0 2233.5 1402.0 2231.5 1398.0 2231.5 1395.0 2229.5 1391.0 2228.5 1386.0 2225.5 1380.0 2222.5 1376.0 2205.0 1358.5 2201.0 1355.5 2195.0 1352.5 2193.0 1352.5 2188.0 1349.5 2186.0 1349.5 2179.0 1345.5 2174.0 1344.5 2170.5 1341.0 2170.5 1339.0 2180.5 1329.0 2186.0 1325.5 2190.5 1320.0 2193.5 1313.0 2194.5 1308.0 2194.5 1302.0 2195.5 1301.0 2195.5 1282.0 2194.5 1281.0 2194.5 1276.0 2193.5 1275.0 2193.5 1270.0 2192.5 1265.0 2187.5 1254.0 2169.0 1235.5 2165.0 1233.5 2162.0 1233.5 2155.0 1230.5 2141.0 1227.5 2129.0 1227.5 2128.0 1228.5 2121.0 1228.5 2117.0 1229.5 2110.0 1232.5 2107.0 1235.5 2100.0 1239.5 2092.5 1246.0 2084.5 1256.0 2080.5 1264.0 2079.5 1268.0 2079.5 1274.0 2078.5 1275.0 2078.5 1286.0 2080.5 1291.0 2080.5 1295.0 2082.5 1300.0 2082.5 1304.0 2084.5 1309.0 2085.5 1315.0 2089.5 1323.0 2093.5 1329.0 2105.0 1340.5 2108.0 1342.5 2112.0 1343.5 2115.0 1345.5 2122.0 1352.5 2127.5 1355.0 2127.5 1358.0 2125.0 1359.5 2119.5 1365.0 2117.5 1369.0 2112.0 1374.5 2108.5 1377.0 2105.5 1382.0 2101.5 1393.0 2101.5 1396.0 2099.5 1400.0 2099.5 1413.0 2100.5 1414.0 2100.5 1425.0 2101.5 1426.0 2101.5 1432.0 2102.5 1433.0 2102.5 1445.0 2109.5 1458.0 2109.5 1460.0 2112.5 1466.0 2118.5 1474.0 2130.0 1485.5 2131.0 1485.5 2137.0 1490.5 2146.0 1494.5 2151.0 1497.5 2159.0 1499.5 2163.0 1501.5 2168.0 1502.5 2172.5 1502.0
 5ML_sorting_tube_rack 1857.5 1398.0 1866.0 1396.5 1873.0 1393.5 1875.0 1393.5 1881.0 1390.5 1883.0 1388.5 1887.0 1387.5 1901.0 1378.5 1907.5 1372.0 1911.5 1361.0 1912.5 1360.0 1916.5 1347.0 1916.5 1326.0 1914.5 1319.0 1912.5 1316.0 1911.5 1311.0 1904.5 1295.0 1899.5 1288.0 1897.5 1284.0 1880.0 1266.5 1873.0 1262.5 1866.0 1261.5 1862.0 1259.5 1857.0 1258.5 1844.0 1258.5 1843.0 1259.5 1838.0 1259.5 1837.0 1260.5 1832.0 1260.5 1831.0 1261.5 1822.0 1263.5 1816.0 1265.5 1809.0 1269.5 1799.5 1281.0 1796.5 1286.0 1793.5 1289.0 1789.5 1296.0 1787.5 1301.0 1786.5 1306.0 1784.5 1309.0 1783.5 1313.0 1783.5 1330.0 1785.5 1335.0 1786.5 1343.0 1789.5 1349.0 1789.5 1351.0 1792.5 1356.0 1794.5 1361.0 1797.5 1366.0 1797.5 1368.0 1800.5 1374.0 1804.5 1380.0 1810.0 1385.5 1814.0 1387.5 1819.0 1391.5 1825.0 1394.5 1835.0 1397.5 1841.0 1397.5 1842.0 1398.5 1857.0 1398.5 1857.5 1398.0
 5ML_sorting_tube_rack 2031.5 1532.0 2038.0 1531.5 2039.0 1530.5 2047.0 1529.5 2055.0 1525.5 2067.0 1517.5 2072.0 1513.5 2077.5 1508.0 2080.5 1504.0 2081.5 1501.0 2085.5 1496.0 2088.5 1489.0 2089.5 1485.0 2089.5 1480.0 2090.5 1479.0 2090.5 1473.0 2091.5 1472.0 2091.5 1458.0 2089.5 1453.0 2089.5 1449.0 2086.5 1442.0 2083.5 1437.0 2081.5 1432.0 2078.5 1421.0 2075.5 1416.0 2073.5 1411.0 2070.5 1407.0 2055.0 1391.5 2041.0 1384.5 2039.0 1382.5 2031.0 1378.5 2018.0 1378.5 2017.0 1379.5 2009.0 1379.5 2008.0 1380.5 2003.0 1380.5 2002.0 1381.5 1993.0 1383.5 1989.0 1385.5 1970.5 1404.0 1967.5 1409.0 1961.5 1416.0 1959.5 1421.0 1956.5 1426.0 1954.5 1431.0 1954.5 1434.0 1951.5 1443.0 1951.5 1456.0 1952.5 1457.0 1952.5 1463.0 1955.5 1474.0 1960.5 1485.0 1961.5 1491.0 1964.5 1497.0 1966.5 1499.0 1969.5 1505.0 1972.5 1509.0 1980.0 1516.5 1985.0 1520.5 1989.0 1522.5 1994.0 1526.5 2003.0 1530.5 2008.0 1531.5 2013.0 1531.5 2014.0 1532.5 2031.0 1532.5 2031.5 1532.0
 5ML_sorting_tube_rack 1912.5 1748.0 1917.0 1746.5 1920.0 1746.5 1927.0 1743.5 1933.0 1738.5 1940.0 1735.5 1946.5 1729.0 1949.5 1723.0 1955.5 1714.0 1959.5 1702.0 1961.5 1699.0 1962.5 1694.0 1964.5 1690.0 1964.5 1685.0 1965.5 1684.0 1965.5 1676.0 1966.5 1675.0 1966.5 1659.0 1965.5 1658.0 1961.5 1641.0 1959.5 1636.0 1956.5 1631.0 1956.5 1629.0 1952.5 1623.0 1944.5 1609.0 1941.5 1606.0 1939.5 1602.0 1933.0 1594.5 1932.0 1594.5 1927.0 1589.5 1916.0 1582.5 1908.0 1574.5 1899.0 1569.5 1896.0 1569.5 1902.0 1564.5 1907.0 1563.5 1912.0 1560.5 1915.5 1556.0 1926.5 1545.0 1926.5 1544.0 1934.5 1534.0 1935.5 1530.0 1939.5 1521.0 1940.5 1512.0 1941.5 1511.0 1941.5 1503.0 1938.5 1494.0 1936.5 1490.0 1936.5 1487.0 1933.5 1476.0 1927.5 1465.0 1927.5 1463.0 1921.5 1451.0 1916.0 1445.5 1910.0 1442.5 1908.0 1442.5 1903.0 1439.5 1898.0 1438.5 1893.0 1436.5 1888.0 1436.5 1887.0 1435.5 1865.0 1435.5 1858.0 1438.5 1851.0 1440.5 1849.0 1442.5 1844.0 1444.5 1838.0 1448.5 1827.5 1459.0 1825.5 1463.0 1819.5 1471.0 1816.5 1478.0 1815.5 1482.0 1815.5 1487.0 1814.5 1488.0 1814.5 1500.0 1813.5 1501.0 1814.5 1510.0 1817.5 1516.0 1819.5 1524.0 1823.5 1531.0 1824.5 1535.0 1827.5 1540.0 1831.5 1545.0 1843.0 1556.5 1849.0 1560.5 1857.0 1564.5 1861.0 1565.5 1864.5 1569.0 1861.5 1580.0 1856.0 1585.5 1853.0 1586.5 1847.0 1591.5 1843.0 1593.5 1838.0 1597.5 1831.5 1604.0 1831.5 1605.0 1826.5 1610.0 1824.5 1613.0 1821.5 1620.0 1819.5 1623.0 1816.5 1632.0 1816.5 1635.0 1814.5 1640.0 1814.5 1648.0 1813.5 1649.0 1813.5 1660.0 1814.5 1661.0 1814.5 1666.0 1815.5 1671.0 1817.5 1675.0 1818.5 1680.0 1821.5 1685.0 1824.5 1692.0 1832.5 1706.0 1837.5 1717.0 1840.5 1721.0 1846.0 1726.5 1854.0 1731.5 1857.0 1734.5 1868.0 1739.5 1874.0 1741.5 1880.0 1744.5 1884.0 1744.5 1893.0 1747.5 1898.0 1747.5 1899.0 1748.5 1912.0 1748.5 1912.5 1748.0
 5ML_sorting_tube_rack 2067.5 1717.0 2073.0 1716.5 2074.0 1715.5 2083.0 1713.5 2088.0 1710.5 2093.0 1708.5 2103.0 1701.5 2110.5 1694.0 2114.5 1689.0 2122.5 1674.0 2125.5 1663.0 2125.5 1648.0 2124.5 1647.0 2124.5 1640.0 2122.5 1635.0 2122.5 1632.0 2119.5 1625.0 2116.5 1614.0 2110.5 1601.0 2106.5 1594.0 2099.0 1586.5 2094.0 1582.5 2088.0 1579.5 2086.0 1577.5 2075.0 1572.5 2065.0 1570.5 2056.0 1570.5 2055.0 1569.5 2045.0 1569.5 2041.0 1571.5 2033.0 1573.5 2030.0 1575.5 2021.0 1579.5 2015.0 1583.5 2002.5 1596.0 1998.5 1603.0 1998.5 1605.0 1994.5 1612.0 1993.5 1618.0 1990.5 1626.0 1990.5 1647.0 1991.5 1648.0 1992.5 1657.0 1994.5 1663.0 1997.5 1668.0 1999.5 1675.0 2002.5 1680.0 2002.5 1682.0 2005.5 1688.0 2008.5 1692.0 2016.0 1699.5 2017.0 1699.5 2026.0 1708.5 2034.0 1713.5 2042.0 1715.5 2045.0 1717.5 2067.0 1717.5 2067.5 1717.0
