 10ML_centrifuge_tube 137.0 552.5 126.0 552.5 125.0 551.5 111.0 551.5 110.0 550.5 89.0 550.5 88.0 549.5 82.0 549.5 76.0 546.5 74.0 546.5 67.0 542.5 62.0 540.5 55.0 535.5 45.5 526.0 37.5 513.0 34.5 510.0 30.5 502.0 29.5 497.0 23.5 484.0 23.5 480.0 21.5 475.0 20.5 470.0 20.5 463.0 19.5 462.0 19.5 452.0 20.5 451.0 20.5 446.0 21.5 442.0 29.5 431.0 34.0 426.5 40.0 423.5 49.0 422.5 50.0 421.5 56.0 421.5 57.0 420.5 65.0 420.5 66.0 419.5 74.0 419.5 75.0 418.5 86.0 418.5 87.0 417.5 115.0 417.5 116.0 418.5 125.0 418.5 132.0 421.5 137.5 427.0 144.0 432.5 151.0 436.5 156.0 441.5 160.0 443.5 163.5 447.0 165.5 452.0 165.5 455.0 170.0 459.5 174.0 460.5 195.0 460.5 196.0 459.5 207.0 459.5 213.0 457.5 220.0 457.5 224.0 459.5 237.0 459.5 244.5 455.0 243.0 453.5 234.0 449.5 229.0 449.5 221.0 452.5 213.0 452.5 208.0 450.5 203.0 447.5 199.0 446.5 189.0 446.5 182.5 444.0 184.0 439.5 188.0 438.5 194.0 438.5 195.0 437.5 200.0 437.5 201.0 436.5 208.0 436.5 209.0 435.5 241.0 435.5 242.0 434.5 258.0 434.5 259.0 433.5 264.0 433.5 265.0 432.5 272.0 432.5 273.0 431.5 311.0 431.5 312.0 430.5 319.0 430.5 320.0 429.5 339.0 429.5 340.0 430.5 354.0 430.5 355.0 429.5 361.0 429.5 362.0 428.5 380.0 428.5 384.0 429.5 395.0 435.5 398.0 436.5 404.0 435.5 408.5 431.0 410.0 427.5 412.5 429.0 414.5 436.0 417.0 438.5 422.0 439.5 438.0 439.5 441.0 440.5 446.0 439.5 451.0 437.5 456.0 436.5 463.0 436.5 464.0 437.5 475.0 437.5 476.0 436.5 490.0 436.5 491.0 435.5 512.0 435.5 513.0 434.5 530.0 434.5 531.0 433.5 541.0 431.5 549.0 427.5 551.0 429.5 558.0 431.5 568.0 431.5 574.0 429.5 579.0 429.5 588.0 426.5 589.0 424.5 577.0 424.5 574.0 423.5 565.0 418.5 559.0 417.5 558.0 418.5 551.0 420.5 549.0 422.5 544.5 419.0 542.5 413.0 545.0 410.5 552.0 410.5 553.0 411.5 567.0 411.5 573.0 409.5 585.0 409.5 586.0 410.5 611.0 410.5 612.0 411.5 620.0 411.5 621.0 412.5 626.0 412.5 631.0 413.5 636.0 415.5 645.0 416.5 646.0 417.5 651.0 417.5 652.0 418.5 659.0 418.5 660.0 419.5 668.0 419.5 669.0 420.5 674.0 420.5 675.0 421.5 680.0 421.5 681.0 422.5 688.0 422.5 689.0 423.5 696.0 423.5 697.0 424.5 702.0 424.5 707.0 426.5 710.0 426.5 715.0 428.5 720.0 428.5 721.0 429.5 727.0 429.5 738.0 432.5 743.0 432.5 755.0 436.5 760.0 439.5 764.5 444.0 764.5 451.0 765.5 452.0 764.5 458.0 758.0 464.5 753.0 466.5 748.0 470.5 743.0 473.5 730.0 476.5 725.0 476.5 713.0 479.5 710.0 481.5 700.0 483.5 697.0 485.5 693.0 485.5 684.0 488.5 678.0 488.5 673.0 487.5 669.0 485.5 666.0 486.5 663.5 489.0 662.5 492.0 654.5 503.0 654.5 504.0 650.0 509.5 645.0 509.5 644.0 510.5 638.0 510.5 634.0 511.5 633.0 510.5 603.0 510.5 602.0 511.5 597.0 511.5 596.0 512.5 586.0 512.5 585.0 511.5 542.0 511.5 541.0 512.5 534.0 512.5 533.0 513.5 513.0 513.5 512.0 514.5 502.0 514.5 501.0 515.5 459.0 515.5 453.0 517.5 448.0 517.5 447.0 518.5 435.0 518.5 434.0 519.5 406.0 519.5 405.0 520.5 378.0 520.5 377.0 521.5 349.0 521.5 348.0 522.5 324.0 522.5 323.0 523.5 310.0 523.5 309.0 524.5 294.0 524.5 293.0 525.5 288.0 524.5 271.0 524.5 270.0 525.5 254.0 525.5 253.0 526.5 242.0 526.5 241.0 527.5 236.0 527.5 235.0 528.5 230.0 528.5 229.0 529.5 224.0 529.5 223.0 530.5 215.0 530.5 214.0 531.5 206.0 531.5 205.0 532.5 200.0 532.5 199.0 533.5 192.0 533.5 191.0 534.5 185.0 534.5 178.0 537.5 173.0 545.5 168.0 547.5 157.0 550.5 149.0 550.5 148.0 551.5 138.0 551.5 137.0 552.5
 5ML_centrifuge_tube 431.0 418.5 421.0 418.5 420.0 417.5 413.0 417.5 408.0 414.5 401.5 409.0 398.5 405.0 396.5 399.0 396.5 393.0 397.5 392.0 397.5 386.0 398.5 382.0 403.5 377.0 403.5 376.0 408.5 371.0 412.0 366.5 426.0 358.5 435.0 355.5 440.0 352.5 447.0 351.5 452.0 349.5 457.0 349.5 458.0 348.5 488.0 348.5 489.0 349.5 495.0 349.5 500.0 351.5 503.0 351.5 508.0 353.5 514.0 357.5 524.5 368.0 524.5 369.0 530.5 377.0 531.5 380.0 537.5 388.0 538.5 391.0 541.5 395.0 542.5 402.0 541.5 407.0 536.0 411.5 531.0 412.5 518.0 412.5 517.0 413.5 499.0 413.5 498.0 414.5 484.0 414.5 483.0 415.5 474.0 415.5 473.0 416.5 448.0 416.5 447.0 417.5 432.0 417.5 431.0 418.5
 5ML_centrifuge_tube 609.0 884.5 589.0 884.5 578.0 881.5 571.0 877.5 559.0 871.5 554.0 867.5 547.5 861.0 543.5 855.0 527.5 839.0 525.0 835.5 521.5 833.0 518.5 829.0 518.5 826.0 514.5 817.0 514.5 811.0 513.5 810.0 513.5 800.0 516.5 794.0 516.5 792.0 519.5 787.0 519.5 785.0 522.5 780.0 529.0 773.5 530.0 773.5 537.0 766.5 541.0 764.5 546.0 763.5 557.0 757.5 562.0 753.5 569.0 750.5 572.0 750.5 580.0 748.5 584.0 746.5 589.0 745.5 622.0 745.5 627.0 746.5 631.0 748.5 634.0 748.5 645.0 753.5 650.0 757.5 656.5 764.0 656.5 765.0 666.5 775.0 670.5 781.0 681.5 792.0 681.5 793.0 686.5 799.0 690.5 810.0 691.5 815.0 691.5 821.0 690.5 822.0 690.5 829.0 686.5 839.0 683.5 843.0 664.0 862.5 658.0 865.5 656.0 867.5 641.0 874.5 638.0 876.5 627.0 879.5 619.0 882.5 610.0 883.5 609.0 884.5
 5ML_centrifuge_tube 821.0 881.5 812.0 881.5 811.0 880.5 803.0 880.5 795.0 878.5 791.0 876.5 784.0 874.5 778.0 870.5 771.5 864.0 771.5 863.0 762.5 854.0 759.5 850.0 755.5 843.0 752.5 840.0 742.5 824.0 739.5 817.0 739.5 811.0 738.5 810.0 738.5 800.0 740.5 793.0 742.5 790.0 743.5 785.0 749.5 776.0 755.0 770.5 763.0 765.5 777.0 755.5 783.0 752.5 785.0 752.5 793.0 748.5 805.0 745.5 812.0 745.5 813.0 744.5 834.0 744.5 835.0 745.5 841.0 745.5 846.0 746.5 861.0 752.5 864.0 754.5 876.5 767.0 879.5 772.0 883.5 777.0 889.5 788.0 894.5 793.0 901.5 803.0 901.5 805.0 905.5 814.0 905.5 825.0 904.5 830.0 899.5 838.0 892.5 846.0 892.5 847.0 885.0 854.5 884.0 854.5 878.0 860.5 871.0 865.5 859.0 871.5 857.0 871.5 844.0 876.5 827.0 880.5 822.0 880.5 821.0 881.5
 5ML_centrifuge_tube 1251.0 996.5 1237.0 996.5 1232.0 994.5 1220.0 986.5 1215.0 984.5 1204.0 981.5 1199.0 981.5 1198.0 980.5 1193.0 980.5 1192.0 979.5 1177.0 979.5 1176.0 978.5 1168.0 978.5 1164.0 977.5 1159.5 974.0 1154.5 963.0 1150.5 958.0 1142.5 941.0 1141.5 936.0 1141.5 920.0 1143.5 915.0 1144.5 910.0 1148.5 902.0 1152.5 896.0 1162.0 886.5 1170.0 881.5 1173.0 878.5 1179.0 875.5 1191.0 871.5 1195.0 869.5 1201.0 869.5 1202.0 868.5 1214.0 868.5 1215.0 867.5 1225.0 867.5 1226.0 868.5 1233.0 868.5 1244.0 871.5 1261.0 879.5 1265.0 882.5 1269.5 887.0 1272.5 891.0 1276.5 898.0 1280.5 910.0 1286.5 921.0 1286.5 923.0 1291.5 938.0 1291.5 946.0 1292.5 947.0 1292.5 955.0 1291.5 956.0 1290.5 963.0 1284.5 973.0 1272.0 985.5 1267.0 989.5 1262.0 992.5 1255.0 994.5 1251.0 996.5
 10ML_centrifuge_tube 1036.0 879.5 1015.0 879.5 1007.0 877.5 1003.0 875.5 999.0 875.5 997.5 873.0 989.0 864.5 984.0 862.5 964.5 843.0 962.5 839.0 958.5 834.0 957.5 831.0 953.5 826.0 952.5 823.0 948.5 818.0 945.5 812.0 942.5 809.0 938.5 803.0 934.5 795.0 933.5 790.0 931.5 786.0 931.5 782.0 929.5 776.0 929.5 767.0 931.5 758.0 935.5 748.0 940.5 742.0 940.5 741.0 948.0 733.5 952.0 731.5 959.0 725.5 968.0 718.5 977.0 714.5 980.0 714.5 989.0 710.5 996.0 709.5 997.0 708.5 1027.0 708.5 1035.0 711.5 1040.0 711.5 1054.0 716.5 1061.0 721.5 1072.5 733.0 1081.5 745.0 1089.5 761.0 1094.5 768.0 1098.5 779.0 1101.5 784.0 1103.5 793.0 1103.5 799.0 1104.5 800.0 1104.5 816.0 1106.5 821.0 1107.5 826.0 1107.5 835.0 1105.5 839.0 1104.5 845.0 1099.0 851.5 1098.0 851.5 1086.0 863.5 1071.0 870.5 1064.0 871.5 1063.0 872.5 1054.0 876.5 1049.0 876.5 1048.0 877.5 1043.0 877.5 1042.0 878.5 1037.0 878.5 1036.0 879.5
 10ML_centrifuge_tube 1192.0 1150.5 1186.0 1150.5 1185.0 1149.5 1176.0 1149.5 1175.0 1148.5 1170.0 1148.5 1169.0 1147.5 1164.0 1147.5 1158.0 1144.5 1156.0 1144.5 1150.0 1141.5 1143.0 1136.5 1140.0 1133.5 1133.0 1129.5 1123.5 1120.0 1119.5 1114.0 1117.5 1109.0 1113.5 1104.0 1111.5 1099.0 1106.5 1092.0 1102.5 1085.0 1100.5 1080.0 1098.5 1072.0 1096.5 1067.0 1095.5 1062.0 1095.5 1042.0 1098.5 1033.0 1100.5 1030.0 1102.5 1024.0 1106.5 1019.0 1111.5 1011.0 1121.0 1001.5 1126.0 997.5 1131.0 994.5 1136.0 992.5 1141.0 989.5 1146.0 987.5 1152.0 986.5 1153.0 985.5 1159.0 984.5 1161.0 982.5 1167.0 980.5 1172.0 980.5 1173.0 979.5 1190.0 979.5 1191.0 980.5 1197.0 980.5 1198.0 981.5 1207.0 982.5 1223.0 988.5 1228.0 992.5 1241.0 1000.5 1246.5 1007.0 1249.5 1014.0 1252.5 1019.0 1257.5 1029.0 1261.5 1034.0 1262.5 1037.0 1267.5 1045.0 1270.5 1051.0 1270.5 1053.0 1273.5 1059.0 1274.5 1063.0 1274.5 1068.0 1275.5 1069.0 1275.5 1079.0 1274.5 1080.0 1274.5 1086.0 1271.5 1093.0 1270.5 1099.0 1268.5 1104.0 1264.5 1111.0 1249.0 1126.5 1240.0 1132.5 1234.0 1135.5 1230.0 1139.5 1225.0 1142.5 1219.0 1144.5 1216.0 1146.5 1208.0 1148.5 1200.0 1148.5 1199.0 1149.5 1193.0 1149.5 1192.0 1150.5
 5ML_sorting_tube_rack 731.0 1489.5 725.0 1489.5 724.0 1488.5 717.0 1488.5 712.0 1487.5 709.0 1485.5 695.0 1479.5 691.0 1475.5 681.0 1469.5 673.0 1465.5 669.0 1464.5 657.0 1456.5 648.0 1452.5 646.0 1450.5 641.0 1448.5 634.0 1442.5 628.0 1438.5 619.0 1434.5 616.0 1431.5 610.0 1427.5 607.0 1426.5 598.0 1419.5 595.0 1418.5 592.0 1415.5 586.0 1411.5 580.0 1409.5 569.0 1402.5 564.0 1400.5 558.0 1395.5 552.0 1391.5 547.0 1389.5 542.0 1385.5 537.0 1380.5 534.0 1379.5 528.0 1375.5 522.0 1372.5 513.0 1363.5 509.0 1360.5 504.0 1358.5 495.0 1351.5 488.0 1349.5 481.0 1344.5 474.0 1341.5 463.0 1333.5 458.5 1329.0 456.5 1325.0 456.5 1321.0 454.5 1316.0 454.5 1311.0 453.5 1307.0 450.5 1301.0 446.0 1296.5 441.0 1294.5 431.0 1287.5 425.0 1281.5 420.0 1278.5 417.0 1275.5 414.0 1274.5 410.0 1271.5 399.0 1267.5 394.0 1267.5 393.0 1266.5 375.0 1266.5 374.0 1265.5 364.0 1265.5 356.0 1262.5 353.0 1262.5 348.0 1260.5 346.0 1258.5 339.0 1255.5 332.5 1249.0 328.5 1239.0 328.5 1234.0 329.5 1233.0 329.5 1228.0 330.5 1223.0 334.5 1211.0 342.5 1196.0 342.5 1194.0 346.5 1186.0 346.5 1184.0 349.5 1179.0 355.5 1160.0 358.5 1155.0 366.5 1137.0 367.5 1132.0 370.5 1127.0 372.5 1122.0 373.5 1117.0 384.5 1090.0 389.5 1080.0 391.5 1077.0 393.5 1070.0 396.5 1065.0 398.5 1058.0 403.5 1049.0 404.5 1044.0 406.5 1039.0 411.5 1030.0 412.5 1025.0 414.5 1021.0 414.5 1018.0 420.5 1005.0 423.5 1000.0 425.5 995.0 425.5 992.0 432.5 973.0 437.5 965.0 438.5 960.0 440.5 957.0 442.5 949.0 448.5 935.0 451.5 926.0 459.5 911.0 462.5 900.0 468.5 889.0 468.5 887.0 471.5 882.0 474.5 871.0 477.5 864.0 478.5 858.0 480.5 853.0 483.5 849.0 489.5 834.0 492.5 831.0 495.5 824.0 500.0 817.5 504.0 816.5 504.5 818.0 532.5 846.0 532.5 847.0 540.5 855.0 543.5 860.0 553.0 869.5 569.0 880.5 575.0 883.5 582.0 885.5 586.0 885.5 592.0 887.5 600.0 887.5 601.0 888.5 612.0 888.5 613.0 887.5 619.0 887.5 624.0 886.5 628.0 884.5 633.0 883.5 650.0 875.5 655.0 871.5 660.0 868.5 667.0 862.5 672.0 859.5 680.5 851.0 680.5 850.0 687.5 843.0 692.5 834.0 692.5 824.0 693.5 823.0 693.5 818.0 692.5 817.0 692.5 811.0 689.5 801.0 683.5 790.0 678.0 784.5 670.0 779.5 665.5 775.0 661.5 767.0 659.5 765.0 656.5 759.0 656.5 754.0 657.5 752.0 663.0 746.5 668.0 744.5 678.0 744.5 679.0 743.5 685.0 743.5 690.0 741.5 695.0 740.5 707.0 740.5 708.0 741.5 719.0 741.5 720.0 742.5 749.0 742.5 750.0 743.5 761.0 743.5 770.0 746.5 773.5 750.0 775.5 755.0 774.5 760.0 772.5 763.0 766.0 769.5 763.0 771.5 750.0 777.5 743.5 784.0 739.5 792.0 739.5 795.0 737.5 799.0 737.5 810.0 738.5 811.0 738.5 817.0 740.5 822.0 742.5 824.0 746.5 833.0 752.5 841.0 753.5 844.0 759.5 853.0 764.5 858.0 764.5 859.0 773.0 867.5 774.0 867.5 779.0 872.5 784.0 876.5 789.0 879.5 792.0 879.5 800.0 882.5 805.0 882.5 806.0 883.5 830.0 883.5 834.0 882.5 840.0 879.5 842.0 879.5 848.0 876.5 861.0 872.5 870.0 868.5 876.0 863.5 883.0 859.5 887.0 856.5 893.5 849.0 895.5 845.0 898.5 842.0 901.5 837.0 903.5 832.0 903.5 827.0 904.5 826.0 904.5 811.0 903.5 810.0 903.5 804.0 902.5 800.0 899.5 794.0 899.5 792.0 895.5 785.0 889.0 778.5 883.0 774.5 878.5 770.0 876.5 765.0 870.5 758.0 870.5 754.0 876.0 748.5 883.0 744.5 887.0 743.5 895.0 743.5 896.0 742.5 902.0 742.5 903.0 741.5 911.0 741.5 912.0 742.5 927.0 745.5 929.5 748.0 931.5 753.0 931.5 757.0 927.5 770.0 928.5 775.0 928.5 780.0 929.5 781.0 929.5 786.0 931.5 792.0 942.5 813.0 948.5 823.0 950.5 825.0 954.5 833.0 958.5 838.0 963.5 846.0 975.0 857.5 981.0 861.5 991.0 866.5 1002.0 874.5 1011.0 878.5 1017.0 878.5 1018.0 877.5 1024.0 877.5 1025.0 876.5 1042.0 876.5 1046.0 875.5 1055.0 870.5 1061.0 868.5 1070.0 867.5 1078.0 862.5 1082.5 858.0 1082.5 857.0 1091.0 848.5 1095.0 846.5 1100.5 841.0 1104.5 832.0 1104.5 819.0 1105.5 818.0 1105.5 811.0 1106.5 810.0 1106.5 798.0 1105.5 797.0 1105.5 790.0 1103.5 784.0 1100.5 780.0 1093.5 762.0 1090.5 756.0 1090.5 747.0 1089.5 744.0 1098.0 740.5 1102.0 739.5 1122.0 739.5 1123.0 738.5 1171.0 738.5 1172.0 739.5 1182.0 739.5 1183.0 738.5 1207.0 738.5 1208.0 737.5 1232.0 737.5 1233.0 738.5 1243.0 738.5 1244.0 737.5 1263.0 737.5 1264.0 738.5 1298.0 738.5 1299.0 737.5 1306.0 737.5 1307.0 736.5 1329.0 736.5 1330.0 735.5 1335.0 735.5 1336.0 734.5 1345.0 734.5 1346.0 735.5 1363.0 738.5 1370.0 740.5 1376.5 747.0 1378.5 750.0 1382.5 760.0 1382.5 771.0 1385.5 779.0 1387.5 781.0 1393.5 792.0 1398.5 810.0 1404.5 822.0 1404.5 824.0 1407.5 831.0 1407.5 834.0 1409.5 839.0 1410.5 846.0 1412.5 850.0 1413.5 857.0 1415.5 862.0 1415.5 867.0 1418.5 878.0 1418.5 883.0 1419.5 884.0 1419.5 889.0 1421.5 897.0 1423.5 901.0 1425.5 909.0 1429.5 915.0 1432.5 921.0 1434.5 927.0 1434.5 930.0 1436.5 936.0 1439.5 941.0 1439.5 943.0 1442.5 950.0 1442.5 953.0 1444.5 957.0 1448.5 969.0 1449.5 974.0 1456.5 995.0 1458.5 999.0 1459.5 1008.0 1461.5 1014.0 1464.5 1020.0 1465.5 1024.0 1465.5 1029.0 1466.5 1030.0 1466.5 1036.0 1467.5 1037.0 1467.5 1044.0 1468.5 1045.0 1468.5 1054.0 1469.5 1055.0 1469.5 1088.0 1468.5 1089.0 1468.5 1107.0 1467.5 1108.0 1467.5 1123.0 1466.5 1124.0 1466.5 1148.0 1465.5 1149.0 1465.5 1165.0 1464.5 1166.0 1464.5 1180.0 1463.5 1181.0 1463.5 1201.0 1462.5 1202.0 1462.5 1217.0 1461.5 1218.0 1461.5 1230.0 1460.5 1231.0 1460.5 1252.0 1459.5 1253.0 1459.5 1273.0 1458.5 1274.0 1458.5 1287.0 1457.5 1288.0 1457.5 1298.0 1456.5 1299.0 1456.5 1310.0 1455.5 1311.0 1455.5 1321.0 1454.5 1322.0 1454.5 1333.0 1453.5 1334.0 1453.5 1350.0 1452.5 1351.0 1452.5 1367.0 1451.5 1368.0 1451.5 1380.0 1450.5 1381.0 1450.5 1397.0 1449.5 1398.0 1449.5 1409.0 1448.5 1410.0 1448.5 1416.0 1447.5 1417.0 1447.5 1422.0 1445.5 1431.0 1438.0 1440.5 1434.0 1443.5 1429.0 1445.5 1421.0 1445.5 1416.0 1446.5 1408.0 1449.5 1399.0 1449.5 1398.0 1450.5 1385.0 1450.5 1384.0 1451.5 1372.0 1451.5 1371.0 1452.5 1354.0 1452.5 1353.0 1453.5 1344.0 1453.5 1343.0 1454.5 1332.0 1454.5 1331.0 1455.5 1321.0 1455.5 1320.0 1456.5 1314.0 1456.5 1313.0 1457.5 1294.0 1457.5 1293.0 1458.5 1284.0 1458.5 1283.0 1459.5 1276.0 1459.5 1275.0 1458.5 1266.0 1458.5 1265.0 1459.5 1259.0 1459.5 1258.0 1460.5 1251.0 1460.5 1250.0 1461.5 1224.0 1461.5 1223.0 1462.5 1200.0 1462.5 1199.0 1463.5 1184.0 1463.5 1183.0 1464.5 1168.0 1464.5 1167.0 1465.5 1151.0 1465.5 1150.0 1466.5 1134.0 1466.5 1133.0 1467.5 1113.0 1467.5 1112.0 1468.5 1101.0 1468.5 1100.0 1469.5 1081.0 1469.5 1080.0 1470.5 1051.0 1470.5 1050.0 1471.5 1036.0 1471.5 1035.0 1472.5 1022.0 1472.5 1021.0 1473.5 1002.0 1473.5 1001.0 1474.5 982.0 1474.5 981.0 1475.5 964.0 1475.5 963.0 1476.5 943.0 1476.5 942.0 1477.5 924.0 1477.5 923.0 1478.5 911.0 1478.5 910.0 1479.5 897.0 1479.5 896.0 1480.5 878.0 1480.5 877.0 1481.5 863.0 1481.5 862.0 1482.5 842.0 1482.5 841.0 1483.5 825.0 1483.5 824.0 1484.5 811.0 1484.5 810.0 1485.5 793.0 1485.5 792.0 1486.5 769.0 1486.5 768.0 1487.5 752.0 1487.5 751.0 1488.5 732.0 1488.5 731.0 1489.5
 5ML_sorting_tube_rack 531.0 774.5 529.0 774.5 526.5 772.0 526.5 769.0 530.0 763.5 533.5 766.0 534.5 770.0 531.0 774.5
 5ML_sorting_tube_rack 1197.5 1149.0 1198.0 1148.5 1208.0 1148.5 1209.0 1147.5 1214.0 1147.5 1222.0 1144.5 1225.0 1144.5 1230.0 1142.5 1239.0 1137.5 1246.0 1136.5 1251.0 1134.5 1253.5 1132.0 1256.5 1127.0 1256.5 1125.0 1263.5 1113.0 1270.5 1098.0 1271.5 1093.0 1273.5 1089.0 1273.5 1083.0 1274.5 1082.0 1274.5 1065.0 1273.5 1064.0 1273.5 1058.0 1272.5 1055.0 1265.5 1042.0 1263.5 1034.0 1261.5 1030.0 1260.5 1025.0 1254.5 1014.0 1254.5 1008.0 1258.5 999.0 1269.0 988.5 1270.0 988.5 1277.5 982.0 1278.0 980.5 1284.5 974.0 1287.5 970.0 1290.5 964.0 1290.5 961.0 1292.5 956.0 1292.5 937.0 1291.5 932.0 1289.5 928.0 1288.5 923.0 1286.5 919.0 1284.5 911.0 1281.5 905.0 1274.5 897.0 1270.5 891.0 1267.5 885.0 1262.0 879.5 1261.0 879.5 1253.0 871.5 1241.0 866.5 1237.0 865.5 1230.0 865.5 1229.0 864.5 1205.0 864.5 1196.0 869.5 1194.0 869.5 1179.0 878.5 1174.0 880.5 1172.0 882.5 1164.0 886.5 1159.0 891.5 1150.0 896.5 1144.5 902.0 1141.5 909.0 1140.5 914.0 1140.5 920.0 1139.5 921.0 1139.5 933.0 1140.5 934.0 1140.5 941.0 1142.5 945.0 1142.5 948.0 1144.5 952.0 1144.5 955.0 1146.5 960.0 1150.5 965.0 1152.5 969.0 1152.5 980.0 1148.0 984.5 1143.0 986.5 1139.0 989.5 1137.0 989.5 1129.0 993.5 1123.0 998.5 1122.0 998.5 1112.5 1008.0 1106.5 1016.0 1104.5 1020.0 1099.5 1026.0 1097.5 1031.0 1096.5 1038.0 1094.5 1044.0 1094.5 1063.0 1095.5 1064.0 1095.5 1069.0 1098.5 1077.0 1098.5 1079.0 1105.5 1092.0 1113.5 1104.0 1115.5 1109.0 1120.5 1118.0 1138.0 1135.5 1139.0 1135.5 1148.0 1142.5 1153.0 1144.5 1161.0 1146.5 1162.0 1147.5 1167.0 1147.5 1168.0 1148.5 1178.0 1148.5 1179.0 1149.5 1197.0 1149.5 1197.5 1149.0
dispensing_tube_rack 0.0 660.5 5.0 660.5 6.5 657.0 9.5 646.0 10.5 637.0 11.5 636.0 13.5 628.0 14.5 627.0 16.5 619.0 18.5 615.0 21.5 604.0 24.5 597.0 24.5 594.0 27.5 585.0 29.5 582.0 30.5 576.0 33.5 569.0 34.5 562.0 40.5 549.0 43.5 539.0 47.0 535.5 52.0 534.5 55.0 535.5 61.0 539.5 66.0 544.5 78.0 549.5 81.0 549.5 86.0 551.5 91.0 552.5 96.0 552.5 97.0 553.5 119.0 553.5 120.0 554.5 147.0 554.5 148.0 553.5 156.0 553.5 162.0 551.5 169.0 550.5 173.0 548.5 177.5 544.0 181.0 539.5 188.0 536.5 192.0 535.5 197.0 535.5 198.0 534.5 205.0 534.5 206.0 533.5 212.0 533.5 213.0 532.5 226.0 532.5 227.0 531.5 252.0 531.5 253.0 530.5 280.0 530.5 286.0 528.5 301.0 528.5 302.0 529.5 311.0 529.5 312.0 528.5 317.0 528.5 318.0 527.5 327.0 527.5 328.0 526.5 344.0 526.5 345.0 525.5 354.0 525.5 364.0 528.5 368.0 530.5 373.0 530.5 374.0 531.5 380.0 531.5 381.0 532.5 387.0 532.5 388.0 533.5 394.0 533.5 395.0 534.5 401.0 529.5 408.0 524.5 416.0 521.5 421.0 520.5 432.0 520.5 433.0 519.5 446.0 519.5 447.0 520.5 454.0 520.5 460.0 523.5 463.5 528.0 468.0 531.5 479.0 531.5 484.0 530.5 492.0 523.5 500.0 519.5 506.0 518.5 511.0 516.5 516.0 515.5 525.0 515.5 526.0 514.5 543.0 514.5 548.0 515.5 554.5 519.0 555.5 524.0 555.5 530.0 564.0 534.5 576.0 534.5 582.0 536.5 603.0 536.5 604.0 535.5 609.0 535.5 610.0 536.5 624.0 536.5 627.0 534.5 640.0 530.5 647.0 530.5 650.5 529.0 652.5 523.0 656.5 517.0 659.5 514.0 665.5 504.0 666.5 501.0 671.0 495.5 678.0 491.5 682.0 490.5 696.0 490.5 697.0 489.5 702.0 489.5 706.0 487.5 717.0 485.5 720.0 483.5 737.0 477.5 746.0 475.5 747.0 474.5 753.0 473.5 756.0 471.5 761.0 470.5 762.5 468.0 763.5 463.0 763.5 458.0 764.5 457.0 764.5 449.0 765.5 444.0 767.5 440.0 769.0 439.5 773.5 434.0 776.5 429.0 774.0 424.5 763.0 424.5 762.0 423.5 750.0 423.5 749.0 424.5 729.0 424.5 728.0 423.5 710.0 423.5 709.0 422.5 700.0 422.5 699.0 421.5 694.0 421.5 693.0 420.5 688.0 420.5 687.0 419.5 681.0 419.5 680.0 418.5 674.0 418.5 673.0 417.5 666.0 417.5 665.0 416.5 659.0 416.5 658.0 415.5 653.0 415.5 652.0 414.5 647.0 414.5 638.0 411.5 620.0 411.5 619.0 410.5 614.0 410.5 613.0 409.5 606.0 409.5 605.0 408.5 566.0 408.5 565.0 409.5 559.0 408.5 553.0 405.5 547.5 400.0 547.5 395.0 550.0 391.5 556.0 387.5 563.0 384.5 573.0 384.5 574.0 383.5 588.0 383.5 589.0 382.5 594.0 382.5 600.0 380.5 607.0 380.5 608.0 379.5 629.0 379.5 630.0 378.5 642.0 378.5 643.0 377.5 652.0 377.5 653.0 376.5 666.0 376.5 667.0 375.5 675.0 375.5 676.0 374.5 684.0 374.5 685.0 373.5 692.0 373.5 693.0 372.5 734.0 372.5 735.0 371.5 745.0 371.5 746.0 370.5 751.0 370.5 756.0 368.5 769.0 368.5 770.0 367.5 776.0 367.5 777.0 366.5 782.0 366.5 783.0 365.5 790.0 365.5 791.0 364.5 806.0 364.5 807.0 363.5 822.0 363.5 823.0 362.5 837.0 362.5 838.0 363.5 845.0 363.5 852.0 365.5 857.5 370.0 860.5 376.0 866.0 385.5 874.0 388.5 880.0 388.5 881.0 389.5 886.0 389.5 891.0 390.5 898.0 393.5 903.0 397.5 907.0 399.5 912.0 404.5 913.0 404.5 920.5 412.0 926.5 423.0 929.5 434.0 929.5 439.0 930.5 440.0 930.5 477.0 931.5 478.0 931.5 504.0 932.5 509.0 935.5 515.0 936.5 520.0 944.5 535.0 946.5 541.0 950.5 546.0 955.5 551.0 958.5 557.0 961.5 561.0 963.5 568.0 971.5 583.0 971.5 585.0 976.5 596.0 980.5 601.0 982.5 606.0 984.5 608.0 988.5 617.0 990.5 619.0 992.5 625.0 994.5 627.0 1000.5 637.0 1001.5 642.0 1003.5 647.0 1007.5 654.0 1009.5 660.0 1014.5 665.0 1019.5 673.0 1019.5 675.0 1022.5 681.0 1021.5 688.0 1017.0 694.5 1010.0 698.5 1002.0 700.5 998.0 702.5 984.0 702.5 973.0 705.5 965.0 705.5 956.0 701.5 951.0 700.5 944.0 700.5 943.0 699.5 928.0 699.5 924.0 700.5 920.5 708.0 920.5 712.0 923.5 718.0 926.5 722.0 927.5 729.0 923.0 733.5 920.0 735.5 910.0 738.5 903.0 738.5 902.0 737.5 895.0 737.5 894.0 736.5 882.0 736.5 881.0 735.5 873.0 735.5 868.0 734.5 863.0 732.5 857.0 732.5 856.0 733.5 846.0 733.5 844.0 732.5 839.5 728.0 839.5 721.0 842.5 714.0 842.5 709.0 840.5 705.0 840.5 700.0 839.5 696.0 834.5 687.0 833.5 684.0 829.0 679.5 821.0 678.5 820.0 677.5 786.0 677.5 785.0 678.5 778.0 678.5 777.0 679.5 764.0 679.5 763.0 680.5 755.0 680.5 754.0 681.5 749.0 681.5 748.0 682.5 742.0 682.5 741.0 683.5 736.0 683.5 725.0 687.5 720.0 688.5 709.0 688.5 708.0 689.5 695.0 689.5 690.0 691.5 683.0 692.5 678.0 694.5 672.0 695.5 666.5 699.0 670.5 710.0 679.0 718.5 684.0 722.5 689.0 724.5 690.5 726.0 690.5 729.0 681.0 732.5 676.0 735.5 670.0 737.5 634.0 737.5 629.0 735.5 626.0 735.5 617.0 732.5 614.0 732.5 607.0 729.5 600.5 722.0 600.5 721.0 595.5 716.0 593.0 712.5 590.0 710.5 557.0 710.5 551.0 712.5 546.0 712.5 545.0 713.5 516.0 713.5 508.0 716.5 503.0 717.5 498.0 717.5 497.0 718.5 490.0 718.5 489.0 719.5 478.0 719.5 477.0 720.5 469.0 720.5 461.0 722.5 456.0 724.5 452.5 728.0 452.5 730.0 456.5 734.0 460.5 740.0 460.5 749.0 459.5 754.0 455.0 758.5 450.0 759.5 443.0 762.5 427.0 762.5 415.0 758.5 408.5 750.0 400.0 741.5 399.0 741.5 396.5 736.0 391.0 729.5 386.0 727.5 381.0 726.5 372.0 726.5 371.0 725.5 366.0 725.5 365.0 726.5 360.0 726.5 359.0 727.5 354.0 727.5 353.0 728.5 346.0 728.5 345.0 729.5 336.0 729.5 335.0 730.5 326.0 730.5 325.0 731.5 317.0 731.5 316.0 732.5 308.0 732.5 307.0 733.5 301.0 733.5 300.0 734.5 294.0 734.5 293.0 735.5 286.0 735.5 285.0 736.5 277.0 736.5 276.0 737.5 269.0 737.5 268.0 738.5 262.0 738.5 261.0 739.5 255.0 739.5 254.0 740.5 244.0 740.5 243.0 741.5 230.0 741.5 229.0 742.5 224.0 742.5 223.0 743.5 218.0 743.5 217.0 744.5 212.0 744.5 205.0 746.5 197.0 750.5 191.5 755.0 190.5 759.0 196.0 764.5 200.0 766.5 212.0 778.5 223.0 786.5 236.0 799.5 237.0 799.5 242.0 804.5 246.0 806.5 251.0 810.5 266.0 825.5 267.0 825.5 280.0 838.5 285.0 842.5 289.0 844.5 298.0 853.5 303.0 857.5 307.0 859.5 312.0 863.5 322.0 873.5 323.0 873.5 329.0 879.5 330.0 879.5 335.0 884.5 341.0 888.5 349.0 896.5 353.0 899.5 356.0 900.5 362.0 905.5 363.0 905.5 368.0 910.5 375.0 914.5 384.0 922.5 388.0 924.5 395.0 931.5 399.0 934.5 402.0 935.5 407.0 939.5 414.0 943.5 420.0 943.5 426.5 947.0 428.5 952.0 428.5 968.0 427.5 969.0 425.5 980.0 423.5 986.0 420.5 992.0 420.5 995.0 417.5 1001.0 413.0 1005.5 409.0 1007.5 395.0 1007.5 390.0 1004.5 385.0 1002.5 379.0 997.5 378.0 997.5 373.0 992.5 372.0 992.5 366.0 986.5 365.0 986.5 359.0 980.5 350.0 974.5 346.0 970.5 340.0 966.5 329.0 955.5 324.0 952.5 316.0 944.5 315.0 944.5 310.0 939.5 309.0 939.5 300.0 930.5 296.0 927.5 289.0 923.5 280.0 915.5 276.0 913.5 271.0 909.5 260.0 898.5 254.0 894.5 242.0 882.5 241.0 882.5 236.0 877.5 230.0 873.5 225.0 868.5 219.0 865.5 215.0 862.5 206.0 853.5 201.0 850.5 195.0 844.5 194.0 844.5 189.0 839.5 188.0 839.5 180.0 831.5 174.0 827.5 163.0 818.5 162.0 818.5 151.0 807.5 143.0 802.5 131.0 790.5 130.0 790.5 119.0 779.5 111.0 774.5 101.0 764.5 95.0 761.5 89.0 755.5 81.0 750.5 76.0 745.5 75.0 745.5 61.0 731.5 56.5 728.0 54.5 724.0 53.5 719.0 49.0 715.5 44.0 715.5 43.0 714.5 37.0 714.5 34.0 712.5 28.0 710.5 25.0 710.5 17.0 706.5 10.5 700.0 9.5 697.0 5.0 691.5 0.0 691.5
dispensing_tube_rack 369.0 420.5 366.0 419.5 360.0 419.5 355.0 417.5 344.0 417.5 343.0 418.5 334.0 418.5 328.0 416.5 323.0 416.5 322.0 415.5 318.0 416.5 310.0 416.5 309.0 417.5 297.0 417.5 296.0 418.5 288.0 418.5 282.0 420.5 274.0 420.5 273.0 419.5 264.0 416.5 258.0 416.5 249.0 420.5 243.0 420.5 237.5 416.0 237.0 413.5 244.0 413.5 245.0 412.5 266.0 412.5 267.0 411.5 274.0 410.5 275.0 409.5 324.0 409.5 335.0 406.5 350.0 406.5 354.0 405.5 361.0 402.5 365.0 401.5 370.0 401.5 371.0 400.5 381.0 400.5 389.0 404.5 392.5 408.0 393.5 413.0 391.0 415.5 383.0 418.5 378.0 418.5 377.0 419.5 370.0 419.5 369.0 420.5
dispensing_tube_rack 219.0 431.5 216.0 431.5 210.5 429.0 210.5 425.0 215.0 422.5 220.0 421.5 226.5 425.0 225.5 428.0 219.0 431.5
dispensing_tube_rack 159.0 434.5 156.0 433.5 151.5 429.0 155.0 424.5 160.0 424.5 165.5 429.0 161.0 433.5 159.0 434.5
dispensing_tube_rack 189.0 432.5 185.0 432.5 181.5 428.0 185.0 424.5 191.0 424.5 193.5 429.0 189.0 432.5
dispensing_tube_rack 909.5 680.0 915.0 678.5 919.0 676.5 939.0 676.5 941.0 674.5 949.0 670.5 953.0 669.5 954.5 667.0 954.5 663.0 951.5 650.0 946.5 644.0 940.5 632.0 935.5 620.0 930.0 616.5 923.0 615.5 918.0 619.5 911.0 623.5 907.0 624.5 894.0 624.5 889.0 625.5 883.5 630.0 882.5 632.0 882.5 643.0 883.5 644.0 885.5 654.0 887.5 656.0 891.5 664.0 897.0 669.5 898.0 669.5 903.5 675.0 906.0 678.5 909.5 680.0
 sorting_tube_rack_base 0.0 1503.5 5.0 1503.5 9.5 1494.0 10.5 1487.0 15.5 1473.0 15.5 1468.0 16.5 1467.0 18.5 1455.0 21.5 1447.0 21.5 1443.0 23.5 1439.0 26.5 1425.0 26.5 1421.0 28.5 1416.0 29.5 1407.0 31.5 1402.0 32.5 1393.0 35.5 1384.0 37.5 1371.0 39.5 1367.0 39.5 1364.0 41.5 1359.0 41.5 1355.0 43.5 1347.0 45.5 1343.0 45.5 1340.0 47.5 1336.0 48.5 1331.0 50.5 1327.0 52.5 1315.0 54.5 1310.0 57.5 1294.0 59.5 1289.0 59.5 1285.0 62.5 1275.0 64.5 1271.0 65.5 1266.0 69.5 1256.0 72.5 1239.0 73.5 1238.0 78.5 1216.0 81.5 1209.0 82.5 1201.0 84.5 1196.0 84.5 1192.0 87.5 1183.0 87.5 1180.0 89.5 1175.0 92.5 1160.0 96.5 1151.0 97.5 1145.0 98.5 1144.0 99.5 1135.0 104.5 1121.0 104.5 1118.0 107.5 1111.0 108.5 1106.0 110.5 1103.0 111.5 1098.0 113.5 1094.0 113.5 1091.0 115.5 1086.0 117.5 1074.0 118.5 1073.0 118.5 1066.0 119.5 1065.0 119.5 1054.0 116.5 1048.0 110.0 1041.5 107.0 1040.5 104.0 1037.5 97.0 1033.5 91.5 1028.0 95.0 1024.5 100.0 1023.5 107.0 1023.5 108.0 1022.5 115.0 1022.5 116.0 1023.5 123.0 1023.5 139.0 1029.5 145.0 1032.5 150.0 1036.5 157.0 1043.5 161.0 1045.5 164.0 1048.5 167.0 1049.5 173.0 1054.5 174.0 1054.5 181.0 1061.5 188.0 1065.5 193.0 1069.5 200.0 1072.5 205.0 1075.5 212.0 1081.5 213.0 1081.5 218.0 1086.5 223.0 1089.5 226.0 1092.5 233.0 1096.5 238.5 1102.0 239.5 1108.0 240.5 1109.0 240.5 1121.0 239.5 1126.0 237.5 1131.0 234.5 1147.0 231.5 1156.0 230.5 1165.0 228.5 1170.0 228.5 1173.0 226.5 1178.0 225.5 1187.0 223.5 1192.0 222.5 1199.0 220.5 1203.0 219.5 1212.0 217.5 1217.0 216.5 1225.0 213.5 1233.0 213.5 1237.0 211.5 1242.0 210.5 1251.0 208.5 1256.0 207.5 1265.0 204.5 1274.0 204.5 1278.0 202.5 1282.0 200.5 1293.0 198.5 1297.0 196.5 1309.0 193.5 1318.0 193.5 1322.0 190.5 1331.0 189.5 1336.0 189.5 1341.0 185.5 1354.0 185.5 1358.0 183.5 1363.0 183.5 1366.0 181.5 1371.0 180.5 1376.0 180.5 1381.0 179.5 1386.0 177.5 1391.0 176.5 1398.0 174.5 1403.0 173.5 1411.0 171.5 1415.0 171.5 1419.0 169.5 1424.0 169.5 1428.0 167.5 1436.0 165.5 1441.0 165.5 1445.0 163.5 1450.0 163.5 1454.0 161.5 1459.0 161.5 1463.0 159.5 1471.0 157.5 1476.0 157.5 1480.0 155.5 1485.0 153.5 1495.0 153.5 1500.0 151.5 1506.0 151.5 1510.0 148.5 1518.0 148.5 1522.0 145.5 1530.0 144.5 1537.0 141.5 1544.0 140.5 1549.0 134.5 1562.0 124.0 1572.5 123.0 1572.5 110.0 1585.5 99.0 1592.5 94.0 1593.5 84.0 1597.5 74.0 1599.5 69.0 1599.5 68.0 1600.5 54.0 1602.5 48.0 1604.5 43.0 1604.5 42.0 1605.5 37.0 1605.5 32.0 1607.5 28.0 1607.5 23.0 1609.5 18.0 1610.5 13.0 1610.5 7.0 1612.5 0.0 1612.5
 10ML_sorting_tube_rack 0.0 977.5 5.0 977.5 9.0 979.5 13.0 983.5 21.0 987.5 30.0 994.5 31.0 994.5 37.0 1000.5 38.0 1000.5 43.0 1005.5 55.0 1013.5 59.0 1015.5 62.0 1018.5 80.0 1027.5 83.0 1029.5 88.0 1030.5 96.0 1034.5 102.0 1035.5 110.0 1039.5 118.5 1048.0 121.5 1055.0 121.5 1059.0 119.5 1064.0 119.5 1069.0 118.5 1070.0 118.5 1075.0 116.5 1080.0 116.5 1084.0 114.5 1090.0 110.5 1099.0 109.5 1105.0 107.5 1109.0 101.5 1135.0 99.5 1139.0 99.5 1142.0 97.5 1146.0 97.5 1150.0 95.5 1155.0 94.5 1164.0 92.5 1173.0 90.5 1177.0 90.5 1180.0 88.5 1184.0 88.5 1187.0 86.5 1191.0 84.5 1202.0 82.5 1206.0 81.5 1213.0 79.5 1217.0 79.5 1220.0 77.5 1224.0 75.5 1235.0 73.5 1239.0 73.5 1242.0 71.5 1246.0 69.5 1258.0 67.5 1262.0 67.5 1265.0 65.5 1269.0 65.5 1272.0 63.5 1276.0 62.5 1283.0 60.5 1291.0 58.5 1295.0 57.5 1302.0 55.5 1306.0 53.5 1317.0 52.5 1318.0 51.5 1325.0 48.5 1332.0 48.5 1335.0 46.5 1339.0 45.5 1346.0 43.5 1350.0 42.5 1357.0 41.5 1358.0 40.5 1367.0 39.5 1368.0 37.5 1380.0 35.5 1385.0 35.5 1389.0 33.5 1394.0 31.5 1404.0 30.5 1413.0 28.5 1418.0 28.5 1421.0 25.5 1433.0 24.5 1434.0 23.5 1443.0 20.5 1452.0 19.5 1461.0 17.5 1466.0 17.5 1469.0 12.5 1481.0 11.5 1487.0 9.5 1491.0 9.5 1495.0 5.0 1506.5 0.0 1506.5
 10ML_centrifuge_tube 1853.0 989.5 1848.0 988.5 1838.0 988.5 1833.0 987.5 1825.0 984.5 1822.0 984.5 1809.0 978.5 1804.0 975.5 1798.5 970.0 1798.5 969.0 1787.5 958.0 1782.5 947.0 1780.5 940.0 1780.5 932.0 1779.5 931.0 1779.5 900.0 1780.5 899.0 1780.5 891.0 1781.5 886.0 1783.5 881.0 1783.5 878.0 1789.5 868.0 1793.5 863.0 1800.0 856.5 1806.0 853.5 1808.0 851.5 1813.0 849.5 1821.0 844.5 1828.0 841.5 1832.0 840.5 1837.0 840.5 1838.0 839.5 1854.0 839.5 1862.0 842.5 1879.0 846.5 1884.0 848.5 1893.0 853.5 1901.5 862.0 1901.5 863.0 1906.5 868.0 1909.5 874.0 1911.5 876.0 1916.5 889.0 1916.5 899.0 1917.5 900.0 1917.5 920.0 1916.5 921.0 1916.5 935.0 1915.5 940.0 1911.5 951.0 1907.5 959.0 1904.5 963.0 1892.0 975.5 1891.0 975.5 1884.0 981.5 1880.0 982.5 1877.0 984.5 1867.0 987.5 1862.0 987.5 1861.0 988.5 1854.0 988.5 1853.0 989.5
 10ML_centrifuge_tube 1842.0 1180.5 1822.0 1180.5 1821.0 1179.5 1811.0 1179.5 1808.5 1178.0 1808.5 1174.0 1810.5 1172.0 1812.5 1162.0 1809.5 1154.0 1809.5 1151.0 1807.5 1146.0 1807.5 1142.0 1804.5 1133.0 1803.5 1128.0 1803.5 1122.0 1802.5 1121.0 1802.5 1099.0 1801.5 1098.0 1801.5 1069.0 1800.5 1068.0 1800.5 1053.0 1801.5 1050.0 1806.0 1045.5 1811.0 1043.5 1814.0 1043.5 1819.0 1041.5 1823.0 1041.5 1829.0 1039.5 1835.0 1039.5 1836.0 1038.5 1841.0 1038.5 1842.0 1037.5 1858.0 1034.5 1863.0 1032.5 1866.0 1032.5 1871.0 1030.5 1874.0 1030.5 1878.0 1028.5 1885.0 1028.5 1889.5 1033.0 1891.5 1039.0 1891.5 1058.0 1890.5 1059.0 1890.5 1065.0 1889.5 1066.0 1889.5 1084.0 1888.5 1085.0 1888.5 1092.0 1887.5 1093.0 1887.5 1099.0 1886.5 1100.0 1886.5 1121.0 1885.5 1122.0 1885.5 1130.0 1884.5 1131.0 1884.5 1139.0 1883.5 1140.0 1883.5 1146.0 1881.5 1156.0 1880.5 1157.0 1879.5 1165.0 1877.5 1169.0 1873.0 1173.5 1869.0 1175.5 1864.0 1176.5 1859.0 1176.5 1848.0 1179.5 1843.0 1179.5 1842.0 1180.5
 10ML_centrifuge_tube 2102.0 947.5 2092.0 947.5 2091.0 946.5 2085.0 946.5 2084.0 945.5 2079.0 945.5 2063.0 940.5 2050.0 933.5 2040.5 924.0 2034.5 915.0 2028.5 903.0 2028.5 900.0 2026.5 896.0 2026.5 890.0 2025.5 889.0 2025.5 876.0 2028.5 867.0 2030.5 857.0 2033.5 851.0 2037.5 833.0 2043.5 825.0 2043.5 824.0 2049.5 818.0 2049.5 817.0 2058.0 808.5 2065.0 805.5 2072.0 801.5 2080.0 799.5 2090.0 799.5 2091.0 798.5 2110.0 798.5 2117.0 801.5 2119.0 801.5 2124.0 804.5 2136.0 809.5 2142.0 812.5 2147.0 816.5 2156.5 826.0 2163.5 839.0 2166.5 848.0 2166.5 868.0 2164.5 874.0 2164.5 878.0 2160.5 888.0 2160.5 891.0 2157.5 900.0 2156.5 901.0 2155.5 907.0 2149.5 918.0 2149.5 920.0 2144.5 927.0 2139.0 932.5 2131.0 937.5 2128.0 940.5 2119.0 944.5 2116.0 944.5 2111.0 946.5 2103.0 946.5 2102.0 947.5
 10ML_centrifuge_tube 2016.0 1146.5 2011.0 1146.5 2010.0 1145.5 2004.0 1145.5 2002.5 1142.0 2002.5 1135.0 2001.5 1134.0 2001.5 1129.0 1999.5 1123.0 1999.5 1116.0 1998.5 1115.0 1998.5 1109.0 1997.5 1108.0 1997.5 1103.0 1996.5 1102.0 1996.5 1091.0 1997.5 1090.0 1997.5 1080.0 1998.5 1079.0 1998.5 1064.0 1997.5 1063.0 1997.5 1050.0 2000.5 1042.0 2000.5 1033.0 2001.5 1032.0 2001.5 1026.0 2002.5 1025.0 2002.5 1020.0 2005.0 1013.5 2011.0 1013.5 2015.0 1012.5 2020.0 1008.5 2028.0 1004.5 2032.0 1003.5 2040.0 1003.5 2041.0 1002.5 2048.0 1002.5 2054.0 1000.5 2061.0 999.5 2062.0 998.5 2068.0 998.5 2069.0 997.5 2075.0 997.5 2080.0 996.5 2085.0 994.5 2090.0 994.5 2091.0 993.5 2098.0 993.5 2103.0 991.5 2110.0 991.5 2115.5 996.0 2115.5 1002.0 2113.5 1007.0 2112.5 1012.0 2106.5 1023.0 2104.5 1029.0 2104.5 1032.0 2094.5 1060.0 2091.5 1065.0 2089.5 1073.0 2087.5 1076.0 2084.5 1090.0 2081.5 1095.0 2079.5 1102.0 2077.5 1105.0 2076.5 1110.0 2074.5 1114.0 2070.5 1129.0 2068.5 1132.0 2063.0 1137.5 2055.0 1139.5 2050.0 1141.5 2045.0 1142.5 2039.0 1142.5 2038.0 1143.5 2032.0 1143.5 2026.0 1145.5 2017.0 1145.5 2016.0 1146.5
 10ML_centrifuge_tube 2338.0 902.5 2316.0 902.5 2309.0 899.5 2306.0 899.5 2300.0 897.5 2297.0 895.5 2292.0 894.5 2286.0 891.5 2281.0 887.5 2273.5 880.0 2273.5 879.0 2266.5 870.0 2262.5 861.0 2262.5 857.0 2260.5 852.0 2259.5 847.0 2259.5 841.0 2260.5 840.0 2260.5 830.0 2262.5 826.0 2262.5 823.0 2267.5 811.0 2267.5 809.0 2272.5 794.0 2278.5 781.0 2287.0 772.5 2291.0 770.5 2297.0 765.5 2304.0 762.5 2307.0 760.5 2318.0 757.5 2323.0 757.5 2324.0 756.5 2338.0 756.5 2344.0 758.5 2351.0 759.5 2355.0 761.5 2363.0 763.5 2375.0 769.5 2380.0 772.5 2390.5 783.0 2397.5 792.0 2401.5 800.0 2401.5 805.0 2402.5 806.0 2402.5 824.0 2401.5 825.0 2401.5 830.0 2400.5 833.0 2394.5 844.0 2392.5 849.0 2391.5 855.0 2389.5 859.0 2389.5 863.0 2387.5 869.0 2382.5 877.0 2379.5 883.0 2375.0 887.5 2367.0 892.5 2365.0 894.5 2353.0 899.5 2346.0 901.5 2339.0 901.5 2338.0 902.5
 10ML_centrifuge_tube 2229.0 1106.5 2214.0 1106.5 2213.0 1105.5 2208.0 1105.5 2205.0 1104.5 2201.5 1101.0 2203.5 1096.0 2204.5 1087.0 2207.5 1079.0 2207.5 1074.0 2208.5 1069.0 2211.5 1060.0 2211.5 1057.0 2213.5 1052.0 2214.5 1043.0 2216.5 1037.0 2216.5 1033.0 2218.5 1024.0 2225.5 1008.0 2229.5 1001.0 2234.5 984.0 2238.5 974.0 2244.0 969.5 2249.0 968.5 2256.0 968.5 2260.0 967.5 2265.0 964.5 2268.0 964.5 2274.0 961.5 2285.0 959.5 2286.0 958.5 2294.0 958.5 2295.0 957.5 2304.0 957.5 2305.0 956.5 2312.0 956.5 2313.0 955.5 2321.0 955.5 2326.0 957.5 2328.5 961.0 2328.5 971.0 2325.5 977.0 2322.5 980.0 2320.5 984.0 2317.5 996.0 2314.5 1001.0 2314.5 1003.0 2310.5 1011.0 2308.5 1019.0 2302.5 1030.0 2298.5 1042.0 2294.5 1048.0 2292.5 1053.0 2290.5 1055.0 2289.5 1059.0 2287.5 1062.0 2287.5 1065.0 2284.5 1072.0 2284.5 1075.0 2279.5 1089.0 2273.0 1095.5 2262.0 1101.5 2256.0 1102.5 2250.0 1104.5 2244.0 1104.5 2243.0 1105.5 2230.0 1105.5 2229.0 1106.5
 10ML_centrifuge_tube 2255.0 692.5 2237.0 692.5 2229.0 689.5 2221.5 682.0 2221.5 681.0 2214.5 674.0 2211.0 669.5 2200.0 664.5 2197.0 664.5 2186.0 659.5 2184.0 659.5 2177.5 654.0 2176.5 650.0 2176.5 635.0 2177.5 634.0 2177.5 628.0 2178.5 627.0 2178.5 622.0 2179.5 621.0 2179.5 616.0 2180.5 615.0 2181.5 606.0 2184.5 597.0 2184.5 594.0 2187.5 586.0 2190.5 581.0 2195.5 576.0 2199.0 571.5 2209.0 564.5 2213.0 562.5 2216.0 562.5 2220.0 560.5 2223.0 560.5 2226.0 558.5 2257.0 558.5 2261.0 560.5 2264.0 560.5 2274.0 563.5 2285.0 569.5 2295.5 580.0 2297.5 584.0 2301.5 589.0 2304.5 597.0 2304.5 600.0 2306.5 605.0 2306.5 624.0 2300.5 637.0 2299.5 642.0 2299.5 648.0 2298.5 649.0 2298.5 654.0 2293.5 667.0 2290.5 670.0 2288.5 674.0 2283.0 679.5 2277.0 683.5 2265.0 688.5 2262.0 690.5 2255.0 692.5
 10ML_centrifuge_tube 3070.0 567.5 3047.0 567.5 3046.0 566.5 3038.0 566.5 3032.0 564.5 3024.0 560.5 3022.0 560.5 3019.0 557.5 3012.0 553.5 3010.0 553.5 3005.0 550.5 3001.0 546.5 2997.0 544.5 2991.5 539.0 2984.5 528.0 2983.5 522.0 2982.5 521.0 2982.5 515.0 2983.5 514.0 2986.5 502.0 2988.5 497.0 2991.5 493.0 2994.5 487.0 3007.5 470.0 3008.5 467.0 3011.5 464.0 3013.5 460.0 3018.5 455.0 3022.0 450.5 3029.0 445.5 3039.0 441.5 3043.0 441.5 3049.0 439.5 3072.0 439.5 3078.0 441.5 3082.0 441.5 3093.0 446.5 3098.0 447.5 3107.0 451.5 3109.0 453.5 3116.0 457.5 3128.5 470.0 3132.5 475.0 3134.5 483.0 3134.5 493.0 3133.5 494.0 3133.5 501.0 3132.5 504.0 3125.5 515.0 3122.5 518.0 3112.5 533.0 3110.5 537.0 3106.5 542.0 3101.5 547.0 3101.5 548.0 3089.0 560.5 3078.0 565.5 3071.0 566.5 3070.0 567.5
blood_tube 2031.0 730.5 2011.0 730.5 2010.0 729.5 2004.0 729.5 2000.0 728.5 1995.0 725.5 1990.0 724.5 1983.0 720.5 1976.0 714.5 1975.0 714.5 1968.5 705.0 1966.5 699.0 1966.5 688.0 1967.5 687.0 1967.5 669.0 1966.5 665.0 1964.5 662.0 1962.5 653.0 1962.5 646.0 1961.5 645.0 1961.5 638.0 1960.5 637.0 1960.5 597.0 1959.5 596.0 1960.5 592.0 1960.5 585.0 1963.5 576.0 1962.5 572.0 1962.5 563.0 1963.5 559.0 1968.5 550.0 1975.0 543.5 1983.0 538.5 1993.0 533.5 1996.0 533.5 2000.0 531.5 2007.0 531.5 2008.0 530.5 2020.0 530.5 2021.0 531.5 2027.0 531.5 2028.0 532.5 2033.0 532.5 2037.0 533.5 2042.0 536.5 2048.0 538.5 2057.5 548.0 2060.5 557.0 2060.5 562.0 2061.5 563.0 2061.5 570.0 2063.5 576.0 2063.5 601.0 2064.5 602.0 2064.5 609.0 2063.5 610.0 2063.5 638.0 2062.5 639.0 2062.5 650.0 2061.5 651.0 2061.5 658.0 2060.5 662.0 2057.5 669.0 2058.5 673.0 2058.5 680.0 2060.5 683.0 2062.5 692.0 2062.5 702.0 2060.5 710.0 2058.5 713.0 2051.0 720.5 2050.0 720.5 2044.0 725.5 2042.0 725.5 2035.0 729.5 2031.0 730.5
blood_tube 1777.0 732.5 1773.0 731.5 1767.0 731.5 1766.0 730.5 1761.0 730.5 1760.0 729.5 1747.0 726.5 1744.0 724.5 1740.0 723.5 1734.5 718.0 1725.5 701.0 1725.5 699.0 1720.5 686.0 1719.5 680.0 1715.5 673.0 1714.5 670.0 1713.5 661.0 1709.5 650.0 1709.5 643.0 1706.5 634.0 1706.5 629.0 1705.5 628.0 1705.5 618.0 1706.5 617.0 1706.5 611.0 1707.5 606.0 1710.5 600.0 1717.0 591.5 1726.0 584.5 1732.0 581.5 1734.0 579.5 1746.0 577.5 1747.0 576.5 1752.0 576.5 1753.0 575.5 1758.0 575.5 1759.0 574.5 1773.0 574.5 1778.0 575.5 1785.0 579.5 1792.0 582.5 1795.0 584.5 1805.5 595.0 1805.5 597.0 1808.5 604.0 1808.5 607.0 1810.5 612.0 1810.5 616.0 1812.5 621.0 1816.5 635.0 1816.5 638.0 1820.5 649.0 1821.5 657.0 1822.5 658.0 1822.5 663.0 1823.5 668.0 1825.5 673.0 1825.5 678.0 1826.5 679.0 1826.5 698.0 1824.5 703.0 1820.5 709.0 1816.0 713.5 1811.0 716.5 1808.0 719.5 1802.0 723.5 1794.0 727.5 1782.0 730.5 1777.0 732.5
blood_tube 2862.0 591.5 2853.0 591.5 2847.0 589.5 2841.0 589.5 2840.0 588.5 2835.0 588.5 2831.0 587.5 2828.0 585.5 2821.0 583.5 2814.0 582.5 2811.0 580.5 2806.5 575.0 2804.5 569.0 2804.5 566.0 2801.5 559.0 2800.5 555.0 2800.5 542.0 2801.5 541.0 2801.5 535.0 2802.5 530.0 2806.5 521.0 2810.5 516.0 2811.5 513.0 2815.5 507.0 2815.5 505.0 2820.5 494.0 2822.5 492.0 2824.5 487.0 2827.5 482.0 2830.5 479.0 2833.5 471.0 2837.5 464.0 2838.5 460.0 2840.5 457.0 2845.0 452.5 2851.0 448.5 2855.0 444.5 2869.0 439.5 2895.0 439.5 2896.0 440.5 2901.0 440.5 2909.0 443.5 2918.0 445.5 2927.0 450.5 2933.5 457.0 2936.5 467.0 2937.5 468.0 2937.5 478.0 2936.5 479.0 2936.5 487.0 2935.5 492.0 2933.5 497.0 2927.5 505.0 2923.5 519.0 2919.5 526.0 2919.5 528.0 2916.5 532.0 2914.5 537.0 2908.5 545.0 2905.5 550.0 2903.5 555.0 2901.5 557.0 2899.5 562.0 2894.5 570.0 2894.5 571.0 2890.0 574.5 2878.0 586.5 2870.0 589.5 2869.0 590.5 2863.0 590.5 2862.0 591.5
dispensing_tube_rack 1836.0 2057.5 1830.0 2057.5 1829.0 2056.5 1822.0 2056.5 1816.5 2051.0 1813.5 2043.0 1812.5 2038.0 1812.5 2033.0 1811.5 2032.0 1811.5 2027.0 1809.5 2022.0 1808.5 2017.0 1808.5 2011.0 1807.5 2010.0 1807.5 2005.0 1806.5 2004.0 1806.5 1999.0 1804.5 1993.0 1804.5 1987.0 1803.5 1982.0 1801.5 1977.0 1801.5 1973.0 1799.5 1968.0 1799.5 1963.0 1798.5 1962.0 1798.5 1957.0 1797.5 1956.0 1797.5 1950.0 1796.5 1949.0 1796.5 1944.0 1795.5 1943.0 1795.5 1937.0 1794.5 1936.0 1794.5 1931.0 1793.5 1930.0 1793.5 1924.0 1792.5 1923.0 1792.5 1918.0 1791.5 1917.0 1791.5 1912.0 1789.5 1907.0 1789.5 1902.0 1787.5 1896.0 1787.5 1891.0 1786.5 1890.0 1785.5 1881.0 1784.5 1880.0 1783.5 1871.0 1782.5 1870.0 1782.5 1864.0 1781.5 1863.0 1781.5 1858.0 1780.5 1857.0 1780.5 1851.0 1779.5 1850.0 1779.5 1845.0 1778.5 1844.0 1778.5 1838.0 1777.5 1833.0 1774.5 1824.0 1774.5 1819.0 1773.5 1818.0 1773.5 1812.0 1772.5 1811.0 1772.5 1806.0 1770.5 1796.0 1767.5 1785.0 1767.5 1780.0 1766.5 1779.0 1766.5 1773.0 1765.5 1772.0 1765.5 1767.0 1764.5 1766.0 1764.5 1761.0 1763.5 1760.0 1763.5 1755.0 1762.5 1754.0 1762.5 1749.0 1759.5 1740.0 1759.5 1735.0 1758.5 1734.0 1757.5 1725.0 1756.5 1724.0 1756.5 1719.0 1754.5 1713.0 1754.5 1708.0 1752.5 1702.0 1752.5 1697.0 1751.5 1696.0 1751.5 1691.0 1750.5 1690.0 1750.5 1685.0 1749.5 1684.0 1749.5 1679.0 1748.5 1674.0 1746.5 1669.0 1746.5 1664.0 1744.5 1658.0 1744.5 1653.0 1743.5 1652.0 1743.5 1647.0 1742.5 1646.0 1742.5 1641.0 1741.5 1640.0 1741.5 1635.0 1739.5 1629.0 1739.5 1624.0 1737.5 1619.0 1737.5 1615.0 1735.5 1609.0 1735.5 1603.0 1734.5 1602.0 1734.5 1595.0 1733.5 1594.0 1733.5 1582.0 1732.5 1581.0 1731.5 1572.0 1729.5 1567.0 1729.5 1559.0 1728.5 1558.0 1728.5 1551.0 1727.5 1550.0 1727.5 1545.0 1726.5 1544.0 1726.5 1539.0 1725.5 1538.0 1725.5 1532.0 1724.5 1531.0 1724.5 1526.0 1723.5 1525.0 1723.5 1520.0 1722.5 1519.0 1722.5 1512.0 1721.5 1511.0 1721.5 1506.0 1718.5 1498.0 1717.5 1493.0 1717.5 1487.0 1716.5 1486.0 1716.5 1481.0 1714.5 1475.0 1714.5 1469.0 1712.5 1463.0 1712.5 1457.0 1711.5 1456.0 1711.5 1448.0 1710.5 1443.0 1708.5 1438.0 1707.5 1431.0 1706.5 1430.0 1706.5 1424.0 1705.5 1423.0 1705.5 1418.0 1703.5 1413.0 1703.5 1406.0 1702.5 1405.0 1702.5 1400.0 1699.5 1389.0 1699.5 1384.0 1696.5 1373.0 1696.5 1368.0 1695.5 1367.0 1695.5 1361.0 1694.5 1360.0 1694.5 1349.0 1693.5 1348.0 1693.5 1339.0 1692.5 1338.0 1691.5 1330.0 1688.5 1325.0 1686.5 1316.0 1684.5 1312.0 1684.5 1307.0 1683.5 1306.0 1683.5 1300.0 1682.5 1299.0 1682.5 1265.0 1680.5 1257.0 1675.0 1251.5 1673.5 1251.0 1671.5 1238.0 1669.5 1234.0 1669.5 1229.0 1667.5 1223.0 1667.5 1218.0 1666.5 1217.0 1666.5 1211.0 1665.5 1210.0 1665.5 1204.0 1664.5 1203.0 1664.5 1197.0 1663.5 1196.0 1663.5 1190.0 1660.5 1178.0 1658.5 1175.0 1656.5 1161.0 1654.5 1155.0 1654.5 1147.0 1653.5 1146.0 1653.5 1138.0 1652.5 1137.0 1652.5 1131.0 1649.5 1120.0 1649.5 1115.0 1648.5 1114.0 1648.5 1109.0 1646.5 1104.0 1646.5 1095.0 1645.5 1094.0 1645.5 1087.0 1643.5 1082.0 1640.5 1077.0 1639.5 1071.0 1638.5 1070.0 1638.5 1065.0 1637.5 1064.0 1637.5 1059.0 1636.5 1058.0 1635.5 1049.0 1633.5 1044.0 1633.5 1038.0 1632.5 1037.0 1632.5 1030.0 1631.5 1025.0 1628.5 1019.0 1626.5 1005.0 1624.5 999.0 1624.5 990.0 1623.5 989.0 1623.5 983.0 1622.5 982.0 1622.5 976.0 1621.5 975.0 1621.5 970.0 1620.5 969.0 1620.5 960.0 1619.5 959.0 1619.5 952.0 1618.5 951.0 1618.5 943.0 1617.5 942.0 1617.5 935.0 1621.5 926.0 1627.0 921.5 1635.0 921.5 1636.0 920.5 1642.0 920.5 1644.0 919.5 1648.5 915.0 1650.5 908.0 1646.5 899.0 1645.5 895.0 1645.5 890.0 1644.5 889.0 1644.5 884.0 1643.5 883.0 1643.5 878.0 1642.5 873.0 1639.5 864.0 1639.5 859.0 1638.5 858.0 1638.5 853.0 1636.5 847.0 1635.5 838.0 1633.5 834.0 1633.5 831.0 1631.5 826.0 1631.5 822.0 1628.5 811.0 1628.5 806.0 1626.5 800.0 1625.5 791.0 1624.5 790.0 1624.5 783.0 1623.5 782.0 1623.5 766.0 1624.5 761.0 1628.5 751.0 1631.5 748.0 1632.5 745.0 1640.0 737.5 1646.0 734.5 1651.0 733.5 1654.0 731.5 1663.0 729.5 1667.0 729.5 1670.5 726.0 1668.5 721.0 1667.5 716.0 1667.5 709.0 1669.5 700.0 1674.0 694.5 1679.0 692.5 1689.0 684.5 1694.0 683.5 1706.0 683.5 1714.0 687.5 1716.5 690.0 1719.5 696.0 1721.5 704.0 1724.5 710.0 1728.5 715.0 1733.5 725.0 1735.5 727.0 1738.5 734.0 1739.5 741.0 1742.5 748.0 1748.0 753.5 1764.0 761.5 1765.0 762.5 1774.0 765.5 1806.0 765.5 1810.0 764.5 1823.0 757.5 1833.0 747.5 1834.0 747.5 1838.5 743.0 1843.5 730.0 1843.5 719.0 1842.5 718.0 1842.5 713.0 1839.5 707.0 1839.5 705.0 1836.5 699.0 1835.5 694.0 1835.5 687.0 1834.5 686.0 1834.5 669.0 1840.0 666.5 1846.0 666.5 1851.0 665.5 1864.0 661.5 1870.0 661.5 1871.0 660.5 1881.0 660.5 1882.0 659.5 1890.0 659.5 1891.0 658.5 1900.0 658.5 1901.0 657.5 1909.0 657.5 1910.0 656.5 1916.0 656.5 1917.0 657.5 1924.0 657.5 1925.0 658.5 1932.0 658.5 1933.0 657.5 1947.0 657.5 1953.0 659.5 1960.5 665.0 1962.5 669.0 1962.5 676.0 1963.5 677.0 1963.5 687.0 1962.5 688.0 1962.5 699.0 1964.5 703.0 1966.5 710.0 1971.0 714.5 1972.0 714.5 1978.0 720.5 1987.0 726.5 2002.0 731.5 2007.0 732.5 2012.0 732.5 2013.0 733.5 2023.0 733.5 2024.0 732.5 2032.0 732.5 2037.0 731.5 2042.0 729.5 2045.0 729.5 2050.0 726.5 2057.0 719.5 2058.0 719.5 2064.5 713.0 2066.5 706.0 2066.5 699.0 2067.5 698.0 2067.5 676.0 2066.5 675.0 2066.5 665.0 2067.5 664.0 2067.5 659.0 2068.5 658.0 2068.5 650.0 2070.5 645.0 2070.5 641.0 2072.5 637.0 2077.0 633.5 2080.0 633.5 2085.0 631.5 2089.0 631.5 2094.0 629.5 2100.0 629.5 2101.0 628.5 2107.0 628.5 2108.0 627.5 2114.0 627.5 2115.0 626.5 2121.0 626.5 2122.0 625.5 2130.0 625.5 2131.0 624.5 2136.0 624.5 2137.0 623.5 2143.0 623.5 2144.0 622.5 2150.0 622.5 2155.0 621.5 2156.0 622.5 2162.0 622.5 2166.5 626.0 2170.5 635.0 2170.5 642.0 2169.5 643.0 2169.5 650.0 2164.0 655.5 2162.0 655.5 2157.0 658.5 2152.0 660.5 2147.0 661.5 2137.0 665.5 2130.5 671.0 2126.5 679.0 2123.5 689.0 2123.5 692.0 2121.5 696.0 2120.5 703.0 2118.5 707.0 2118.5 710.0 2116.5 714.0 2112.5 719.0 2107.5 724.0 2104.5 732.0 2104.5 740.0 2103.5 741.0 2103.5 774.0 2102.5 775.0 2101.5 781.0 2099.5 784.0 2093.5 790.0 2090.0 794.5 2084.0 791.5 2080.0 788.5 2074.0 787.5 2069.0 784.5 2064.0 783.5 2061.0 781.5 2052.0 779.5 2051.0 778.5 2045.0 778.5 2042.0 780.5 2036.5 786.0 2036.5 790.0 2040.5 801.0 2044.5 809.0 2044.5 812.0 2046.5 815.0 2046.5 820.0 2044.5 824.0 2044.5 828.0 2040.5 835.0 2036.5 839.0 2033.5 845.0 2031.5 847.0 2027.5 859.0 2027.5 862.0 2024.5 871.0 2023.5 876.0 2023.5 896.0 2024.5 901.0 2027.5 909.0 2031.5 915.0 2034.5 918.0 2038.5 926.0 2043.5 933.0 2050.0 939.5 2057.0 942.5 2065.0 943.5 2066.0 944.5 2071.0 944.5 2072.0 945.5 2083.0 945.5 2084.0 946.5 2094.0 946.5 2095.0 947.5 2100.0 947.5 2101.0 948.5 2112.0 948.5 2123.0 945.5 2127.0 942.5 2130.0 941.5 2136.0 936.5 2140.0 934.5 2145.0 930.5 2149.5 926.0 2155.5 915.0 2160.5 900.0 2160.5 898.0 2163.5 891.0 2164.5 882.0 2167.5 873.0 2168.5 866.0 2169.5 865.0 2169.5 849.0 2168.5 844.0 2166.5 839.0 2163.5 834.0 2163.5 827.0 2164.5 824.0 2170.0 818.5 2173.0 818.5 2178.0 816.5 2187.0 814.5 2196.0 811.5 2202.0 808.5 2208.0 804.5 2210.5 802.0 2214.5 795.0 2216.5 787.0 2217.5 786.0 2219.5 778.0 2222.5 770.0 2222.5 763.0 2223.5 762.0 2223.5 750.0 2224.5 749.0 2224.5 735.0 2226.5 730.0 2226.5 727.0 2228.5 722.0 2233.0 719.5 2238.5 713.0 2238.5 712.0 2244.0 707.5 2247.0 706.5 2256.0 697.5 2258.0 697.5 2265.0 694.5 2269.0 694.5 2276.0 691.5 2284.5 683.0 2284.5 682.0 2295.5 669.0 2299.5 661.0 2301.5 659.0 2306.5 649.0 2307.5 641.0 2309.5 636.0 2315.0 630.5 2318.0 629.5 2330.0 629.5 2332.0 631.5 2341.0 634.5 2353.0 634.5 2354.0 633.5 2363.0 633.5 2366.0 634.5 2379.5 648.0 2379.5 649.0 2385.5 657.0 2387.5 661.0 2392.5 667.0 2395.5 675.0 2399.5 682.0 2400.5 687.0 2403.5 693.0 2405.5 695.0 2407.5 700.0 2414.5 713.0 2416.5 718.0 2421.5 727.0 2425.5 738.0 2427.5 741.0 2430.5 751.0 2435.5 758.0 2436.5 762.0 2439.5 766.0 2439.5 768.0 2442.5 773.0 2443.5 778.0 2445.5 782.0 2450.5 787.0 2453.5 792.0 2458.5 802.0 2459.5 806.0 2459.5 812.0 2462.5 822.0 2463.5 823.0 2466.5 833.0 2466.5 838.0 2467.5 839.0 2467.5 849.0 2463.5 856.0 2460.5 864.0 2456.5 869.0 2455.5 873.0 2452.5 879.0 2451.5 884.0 2451.5 890.0 2449.0 893.5 2444.0 895.5 2438.5 901.0 2435.5 910.0 2432.5 915.0 2432.5 917.0 2428.5 925.0 2423.5 937.0 2422.5 942.0 2411.5 959.0 2407.5 963.0 2403.5 972.0 2402.5 979.0 2400.5 984.0 2398.5 986.0 2394.5 995.0 2392.5 997.0 2390.5 1002.0 2390.5 1005.0 2388.5 1010.0 2379.5 1021.0 2379.5 1023.0 2375.5 1030.0 2373.5 1035.0 2372.5 1041.0 2370.5 1045.0 2369.5 1051.0 2366.5 1057.0 2366.5 1064.0 2365.5 1065.0 2365.5 1072.0 2364.5 1073.0 2364.5 1082.0 2360.0 1082.5 2357.0 1080.5 2332.0 1080.5 2331.0 1081.5 2315.0 1081.5 2308.0 1078.5 2303.5 1074.0 2302.5 1071.0 2307.5 1057.0 2308.5 1049.0 2310.5 1044.0 2313.5 1040.0 2315.5 1035.0 2315.5 1032.0 2319.5 1024.0 2331.5 1012.0 2334.5 1004.0 2334.5 1001.0 2336.5 997.0 2336.5 994.0 2338.5 989.0 2339.5 984.0 2339.5 979.0 2340.5 978.0 2340.5 973.0 2342.5 967.0 2342.5 960.0 2345.0 958.5 2349.5 954.0 2348.0 951.5 2345.0 951.5 2341.5 954.0 2341.0 957.5 2320.0 957.5 2319.0 956.5 2289.0 956.5 2288.0 957.5 2283.0 957.5 2278.0 959.5 2274.0 959.5 2263.0 962.5 2258.0 962.5 2257.0 963.5 2251.0 963.5 2250.0 964.5 2245.0 964.5 2240.0 966.5 2229.0 968.5 2226.5 975.0 2226.5 980.0 2222.5 994.0 2220.5 998.0 2219.5 1007.0 2218.5 1008.0 2218.5 1013.0 2217.5 1014.0 2215.5 1022.0 2215.5 1027.0 2214.5 1028.0 2214.5 1038.0 2213.5 1039.0 2213.5 1044.0 2211.5 1049.0 2211.5 1053.0 2208.5 1061.0 2208.5 1064.0 2206.5 1069.0 2205.5 1074.0 2205.5 1080.0 2204.5 1083.0 2200.0 1087.5 2199.0 1087.5 2194.5 1092.0 2193.5 1096.0 2191.5 1099.0 2191.5 1111.0 2192.5 1114.0 2198.0 1118.5 2203.0 1117.5 2209.0 1117.5 2215.0 1114.5 2219.0 1113.5 2227.0 1113.5 2232.0 1112.5 2237.0 1110.5 2249.0 1108.5 2250.0 1107.5 2255.0 1107.5 2256.0 1106.5 2267.0 1104.5 2273.0 1101.5 2278.0 1100.5 2284.0 1100.5 2292.0 1097.5 2300.0 1095.5 2304.0 1093.5 2310.0 1093.5 2311.0 1092.5 2333.0 1092.5 2334.0 1091.5 2340.0 1091.5 2341.0 1090.5 2348.0 1090.5 2353.0 1089.5 2360.0 1085.5 2382.0 1085.5 2383.0 1084.5 2389.0 1084.5 2400.0 1080.5 2406.0 1077.5 2413.0 1076.5 2418.0 1074.5 2425.0 1074.5 2426.0 1073.5 2447.0 1073.5 2448.0 1072.5 2455.0 1072.5 2456.0 1071.5 2463.0 1070.5 2471.0 1066.5 2476.0 1065.5 2484.0 1062.5 2489.0 1061.5 2495.0 1061.5 2496.0 1060.5 2504.0 1060.5 2505.0 1059.5 2511.0 1059.5 2517.0 1057.5 2522.0 1057.5 2523.0 1056.5 2528.0 1056.5 2533.0 1054.5 2538.0 1053.5 2543.0 1053.5 2544.0 1052.5 2549.0 1052.5 2554.0 1050.5 2559.0 1049.5 2564.0 1049.5 2570.0 1047.5 2576.0 1047.5 2577.0 1046.5 2583.0 1046.5 2584.0 1045.5 2589.0 1045.5 2590.0 1044.5 2596.0 1044.5 2597.0 1043.5 2603.0 1043.5 2604.0 1042.5 2612.0 1042.5 2613.0 1041.5 2621.0 1041.5 2622.0 1040.5 2629.0 1040.5 2634.0 1039.5 2638.0 1037.5 2641.0 1037.5 2648.0 1034.5 2659.0 1032.5 2665.0 1030.5 2670.0 1030.5 2671.0 1029.5 2677.0 1029.5 2678.0 1028.5 2686.0 1028.5 2687.0 1027.5 2694.0 1027.5 2699.0 1026.5 2713.0 1021.5 2716.0 1021.5 2721.0 1019.5 2727.0 1019.5 2728.0 1018.5 2740.0 1018.5 2741.0 1017.5 2754.0 1017.5 2755.0 1016.5 2761.0 1016.5 2762.0 1015.5 2777.0 1015.5 2778.0 1016.5 2783.0 1016.5 2791.0 1020.5 2795.5 1025.0 2808.5 1035.0 2808.5 1036.0 2813.5 1041.0 2813.5 1042.0 2818.5 1047.0 2821.5 1051.0 2828.5 1071.0 2830.0 1071.5 2839.5 1083.0 2841.5 1089.0 2850.5 1102.0 2854.5 1111.0 2856.5 1113.0 2858.5 1118.0 2862.5 1123.0 2865.5 1128.0 2867.5 1133.0 2869.5 1135.0 2873.5 1144.0 2881.5 1153.0 2887.5 1168.0 2890.5 1173.0 2892.5 1178.0 2895.5 1183.0 2907.5 1199.0 2912.5 1210.0 2914.5 1213.0 2917.5 1221.0 2926.5 1232.0 2929.5 1240.0 2932.5 1244.0 2935.5 1250.0 2938.5 1253.0 2942.5 1259.0 2948.5 1272.0 2952.5 1277.0 2959.5 1289.0 2960.5 1292.0 2964.5 1297.0 2967.5 1304.0 2970.5 1309.0 2975.5 1315.0 2978.5 1322.0 2981.5 1327.0 2981.5 1329.0 2989.5 1340.0 2990.5 1343.0 2994.5 1348.0 2995.5 1351.0 2999.5 1356.0 3001.5 1361.0 3003.5 1363.0 3007.5 1372.0 3013.5 1380.0 3020.5 1394.0 3025.5 1401.0 3032.5 1412.0 3036.5 1419.0 3041.5 1430.0 3049.5 1442.0 3052.5 1449.0 3055.5 1452.0 3059.5 1458.0 3063.5 1467.0 3065.5 1469.0 3069.5 1478.0 3071.5 1480.0 3073.5 1485.0 3077.5 1490.0 3081.5 1498.0 3085.5 1503.0 3086.5 1506.0 3090.5 1511.0 3096.5 1524.0 3098.5 1526.0 3102.5 1534.0 3104.5 1536.0 3109.5 1547.0 3112.5 1552.0 3116.5 1557.0 3118.5 1562.0 3120.5 1564.0 3124.5 1572.0 3128.5 1582.0 3130.5 1585.0 3132.5 1592.0 3134.5 1595.0 3135.5 1599.0 3135.5 1605.0 3136.5 1606.0 3136.5 1614.0 3135.5 1616.0 3125.5 1626.0 3123.5 1632.0 3120.5 1638.0 3114.0 1644.5 3111.0 1645.5 3104.0 1649.5 3099.0 1651.5 3091.0 1653.5 3083.0 1657.5 3072.0 1660.5 3065.0 1664.5 3048.0 1670.5 3039.0 1675.5 3034.0 1676.5 3023.0 1681.5 3018.0 1682.5 3013.0 1682.5 3012.0 1683.5 3006.0 1684.5 3001.5 1689.0 3001.5 1690.0 2995.0 1696.5 2990.0 1699.5 2988.0 1699.5 2979.0 1704.5 2974.0 1705.5 2965.0 1710.5 2960.0 1712.5 2957.0 1712.5 2952.0 1714.5 2936.0 1724.5 2933.0 1725.5 2922.0 1731.5 2920.0 1731.5 2913.0 1734.5 2906.0 1738.5 2897.0 1741.5 2895.0 1741.5 2888.0 1745.5 2881.0 1747.5 2876.0 1750.5 2874.0 1750.5 2863.0 1755.5 2856.0 1760.5 2853.0 1760.5 2839.0 1766.5 2836.0 1766.5 2829.0 1770.5 2818.0 1775.5 2812.0 1779.5 2810.0 1779.5 2805.0 1782.5 2803.0 1782.5 2796.0 1786.5 2791.0 1787.5 2787.0 1790.5 2785.0 1790.5 2780.0 1793.5 2769.0 1796.5 2758.0 1801.5 2756.0 1803.5 2738.0 1812.5 2733.0 1813.5 2725.0 1817.5 2721.0 1820.5 2715.0 1821.5 2712.0 1823.5 2705.0 1826.5 2699.0 1830.5 2694.0 1835.5 2690.0 1836.5 2686.0 1839.5 2681.0 1840.5 2677.0 1842.5 2663.0 1844.5 2657.0 1846.5 2653.0 1846.5 2640.0 1851.5 2637.0 1853.5 2631.0 1854.5 2626.0 1856.5 2619.0 1857.5 2618.0 1858.5 2613.0 1858.5 2612.0 1859.5 2607.0 1859.5 2606.0 1860.5 2599.0 1861.5 2588.0 1865.5 2584.0 1865.5 2576.0 1868.5 2573.0 1868.5 2569.0 1870.5 2566.0 1870.5 2562.0 1872.5 2553.0 1874.5 2544.0 1875.5 2539.0 1877.5 2522.0 1880.5 2521.0 1881.5 2511.0 1884.5 2494.0 1887.5 2485.0 1890.5 2476.0 1891.5 2471.0 1893.5 2468.0 1893.5 2465.0 1895.5 2458.0 1896.5 2451.0 1899.5 2444.0 1900.5 2443.0 1901.5 2433.0 1903.5 2429.0 1903.5 2420.0 1906.5 2416.0 1906.5 2405.0 1910.5 2402.0 1910.5 2396.0 1913.5 2389.0 1915.5 2385.0 1915.5 2376.0 1918.5 2368.0 1919.5 2364.0 1921.5 2353.0 1923.5 2349.0 1925.5 2340.0 1926.5 2339.0 1927.5 2332.0 1928.5 2331.0 1929.5 2324.0 1930.5 2311.0 1934.5 2308.0 1934.5 2304.0 1936.5 2297.0 1937.5 2296.0 1938.5 2289.0 1939.5 2280.0 1941.5 2273.0 1944.5 2269.0 1944.5 2260.0 1947.5 2256.0 1947.5 2251.0 1949.5 2247.0 1949.5 2238.0 1952.5 2234.0 1952.5 2227.0 1955.5 2220.0 1956.5 2210.0 1960.5 2207.0 1960.5 2203.0 1962.5 2196.0 1963.5 2195.0 1964.5 2181.0 1966.5 2172.0 1969.5 2165.0 1970.5 2152.0 1975.5 2141.0 1977.5 2132.0 1980.5 2125.0 1981.5 2121.0 1983.5 2118.0 1983.5 2114.0 1985.5 2100.0 1987.5 2091.0 1990.5 2088.0 1990.5 2084.0 1992.5 2081.0 1992.5 2077.0 1994.5 2066.0 1996.5 2065.0 1997.5 2051.0 2000.5 2046.0 2002.5 2043.0 2002.5 2039.0 2004.5 2036.0 2004.5 2031.0 2006.5 2024.0 2007.5 2023.0 2008.5 2011.0 2010.5 2003.0 2013.5 2000.0 2013.5 1996.0 2015.5 1989.0 2016.5 1985.0 2018.5 1976.0 2019.5 1971.0 2021.5 1964.0 2022.5 1960.0 2024.5 1955.0 2025.5 1950.0 2025.5 1949.0 2026.5 1944.0 2026.5 1934.0 2029.5 1933.0 2030.5 1921.0 2032.5 1917.0 2034.5 1906.0 2036.5 1905.0 2037.5 1888.0 2042.5 1883.0 2045.5 1880.0 2045.5 1867.0 2050.5 1860.0 2051.5 1856.0 2053.5 1849.0 2054.5 1848.0 2055.5 1843.0 2055.5 1842.0 2056.5 1837.0 2056.5 1836.0 2057.5
dispensing_tube_rack 2345.5 904.0 2358.0 901.5 2365.0 898.5 2371.0 894.5 2376.5 889.0 2376.5 888.0 2382.5 882.0 2386.5 876.0 2387.5 873.0 2391.5 868.0 2393.5 864.0 2396.5 861.0 2398.5 855.0 2400.5 844.0 2403.5 839.0 2404.5 832.0 2405.5 831.0 2405.5 804.0 2404.5 803.0 2404.5 795.0 2403.5 790.0 2401.5 786.0 2398.0 782.5 2391.0 778.5 2382.0 771.5 2375.0 767.5 2368.0 764.5 2360.0 759.5 2354.0 756.5 2345.5 748.0 2344.5 744.0 2337.5 731.0 2335.5 726.0 2330.0 720.5 2319.0 715.5 2302.0 715.5 2301.0 714.5 2296.0 714.5 2290.0 712.5 2285.0 712.5 2280.0 714.5 2276.5 718.0 2274.5 724.0 2274.5 745.0 2270.5 753.0 2267.5 757.0 2267.5 762.0 2268.5 763.0 2268.5 771.0 2271.5 779.0 2271.5 791.0 2269.5 796.0 2269.5 801.0 2264.5 812.0 2261.5 821.0 2258.5 834.0 2258.5 839.0 2257.5 840.0 2257.5 851.0 2260.5 859.0 2260.5 862.0 2263.5 869.0 2274.5 885.0 2277.5 891.0 2284.0 897.5 2289.0 899.5 2294.0 900.5 2299.0 900.5 2300.0 901.5 2305.0 901.5 2316.0 904.5 2345.0 904.5 2345.5 904.0
dispensing_tube_rack 2333.0 775.5 2324.0 775.5 2319.0 774.5 2315.0 772.5 2310.0 771.5 2305.0 771.5 2303.0 769.5 2316.0 767.5 2323.0 764.5 2326.0 762.5 2332.0 761.5 2335.5 765.0 2336.5 769.0 2335.5 773.0 2333.0 775.5
dispensing_tube_rack 3195.0 789.5 3188.0 789.5 3189.0 787.5 3192.0 787.5 3195.0 789.5
dispensing_tube_rack 1857.5 990.0 1858.0 989.5 1867.0 989.5 1868.0 988.5 1877.0 986.5 1880.0 984.5 1884.0 983.5 1889.0 980.5 1898.0 973.5 1912.5 959.0 1916.5 950.0 1917.5 945.0 1917.5 940.0 1918.5 939.0 1918.5 928.0 1919.5 927.0 1919.5 903.0 1918.5 902.0 1918.5 896.0 1917.5 895.0 1917.5 889.0 1916.5 888.0 1916.5 881.0 1914.5 875.0 1913.5 869.0 1908.5 864.0 1906.5 861.0 1906.5 855.0 1905.5 851.0 1903.0 848.5 1911.0 848.5 1916.0 852.5 1922.0 853.5 1923.0 854.5 1930.0 854.5 1931.0 853.5 1940.0 853.5 1941.0 852.5 1948.0 852.5 1949.0 851.5 1954.0 851.5 1962.0 847.5 1974.5 835.0 1975.5 829.0 1973.5 825.0 1969.0 820.5 1963.0 817.5 1961.0 815.5 1956.0 813.5 1944.0 810.5 1938.0 810.5 1937.0 809.5 1928.0 809.5 1927.0 808.5 1919.0 808.5 1918.0 807.5 1912.0 807.5 1904.0 810.5 1897.5 816.0 1893.5 825.0 1893.5 830.0 1892.5 831.0 1892.5 838.0 1891.5 840.0 1888.0 842.5 1876.0 842.5 1875.0 841.5 1868.0 841.5 1861.0 839.5 1849.0 834.5 1843.5 829.0 1841.5 825.0 1835.0 818.5 1828.0 816.5 1823.0 813.5 1818.0 813.5 1813.0 814.5 1808.0 816.5 1797.0 816.5 1792.0 815.5 1791.0 816.5 1785.0 816.5 1780.0 817.5 1776.0 819.5 1771.0 820.5 1763.0 824.5 1757.5 830.0 1757.5 846.0 1758.5 847.0 1760.5 860.0 1764.0 865.5 1771.0 866.5 1772.0 867.5 1779.0 868.5 1783.5 874.0 1783.5 880.0 1781.5 883.0 1779.5 891.0 1779.5 894.0 1774.5 906.0 1774.5 912.0 1775.5 913.0 1775.5 921.0 1776.5 922.0 1776.5 929.0 1777.5 930.0 1777.5 936.0 1778.5 937.0 1778.5 942.0 1779.5 947.0 1782.5 956.0 1788.0 961.5 1791.0 962.5 1797.5 969.0 1800.5 975.0 1804.0 978.5 1815.0 984.5 1826.0 988.5 1831.0 989.5 1837.0 989.5 1838.0 990.5 1857.0 990.5 1857.5 990.0
dispensing_tube_rack 1674.5 977.0 1677.5 970.0 1677.5 966.0 1674.0 961.5 1670.0 960.5 1665.5 964.0 1665.5 970.0 1670.0 977.5 1674.5 977.0
dispensing_tube_rack 2008.5 1152.0 2014.0 1151.5 2019.0 1149.5 2028.0 1147.5 2029.0 1146.5 2036.0 1146.5 2037.0 1147.5 2054.0 1147.5 2063.0 1145.5 2068.0 1142.5 2073.5 1137.0 2076.5 1132.0 2076.5 1126.0 2075.5 1125.0 2075.5 1116.0 2083.5 1101.0 2084.5 1096.0 2086.5 1091.0 2089.5 1086.0 2091.5 1081.0 2100.0 1070.5 2111.0 1065.5 2113.0 1065.5 2118.0 1062.5 2123.0 1060.5 2139.5 1044.0 2141.5 1038.0 2141.5 1034.0 2147.5 1019.0 2152.5 1014.0 2154.5 1011.0 2154.5 997.0 2153.5 994.0 2149.0 989.5 2140.0 986.5 2134.0 986.5 2123.0 989.5 2117.0 990.5 2109.0 994.5 2105.0 994.5 2100.0 992.5 2086.0 992.5 2085.0 993.5 2080.0 993.5 2079.0 994.5 2070.0 994.5 2069.0 995.5 2063.0 995.5 2062.0 996.5 2052.0 996.5 2051.0 997.5 2040.0 997.5 2039.0 998.5 2032.0 998.5 2026.0 1001.5 2024.0 1001.5 2016.0 1005.5 2004.0 1005.5 1994.0 1008.5 1987.0 1011.5 1984.5 1014.0 1984.5 1020.0 1983.5 1021.0 1983.5 1028.0 1984.5 1029.0 1984.5 1036.0 1985.5 1037.0 1985.5 1042.0 1986.5 1043.0 1986.5 1056.0 1987.5 1057.0 1988.5 1064.0 1992.5 1071.0 1992.5 1092.0 1993.5 1093.0 1993.5 1102.0 1994.5 1103.0 1997.5 1113.0 1998.5 1118.0 1998.5 1126.0 1999.5 1127.0 1999.5 1132.0 1994.5 1141.0 1989.5 1146.0 1992.0 1149.5 1996.0 1150.5 1999.0 1152.5 2008.0 1152.5 2008.5 1152.0
dispensing_tube_rack 1702.5 1017.0 1704.5 1013.0 1702.0 1009.5 1693.0 1009.5 1691.5 1013.0 1695.0 1014.5 1699.0 1017.5 1702.5 1017.0
dispensing_tube_rack 1810.5 1187.0 1816.0 1185.5 1822.0 1185.5 1823.0 1184.5 1842.0 1184.5 1843.0 1183.5 1848.0 1183.5 1849.0 1182.5 1868.0 1182.5 1872.0 1180.5 1875.0 1180.5 1880.0 1178.5 1885.0 1175.5 1889.5 1168.0 1891.5 1162.0 1891.5 1157.0 1892.5 1156.0 1892.5 1145.0 1889.5 1137.0 1889.5 1122.0 1890.5 1121.0 1890.5 1115.0 1891.5 1114.0 1891.5 1108.0 1892.5 1103.0 1894.5 1099.0 1898.0 1096.5 1914.0 1096.5 1922.0 1093.5 1925.0 1093.5 1933.0 1089.5 1940.5 1083.0 1945.5 1075.0 1946.5 1070.0 1944.5 1064.0 1941.5 1059.0 1936.0 1053.5 1924.0 1044.5 1921.0 1043.5 1916.5 1039.0 1914.5 1034.0 1910.0 1028.5 1895.0 1028.5 1894.0 1027.5 1886.0 1027.5 1885.0 1026.5 1875.0 1026.5 1874.0 1027.5 1865.0 1027.5 1859.0 1029.5 1854.0 1029.5 1853.0 1030.5 1839.0 1034.5 1830.0 1035.5 1818.0 1038.5 1817.0 1039.5 1808.0 1041.5 1803.5 1045.0 1800.5 1052.0 1799.5 1057.0 1800.5 1061.0 1800.5 1097.0 1801.5 1098.0 1801.5 1106.0 1800.5 1107.0 1800.5 1125.0 1801.5 1126.0 1801.5 1134.0 1802.5 1135.0 1802.5 1141.0 1803.5 1142.0 1803.5 1147.0 1804.5 1148.0 1804.5 1171.0 1803.5 1172.0 1803.5 1184.0 1807.0 1187.5 1810.5 1187.0
dispensing_tube_rack 1730.5 1128.0 1734.5 1121.0 1734.5 1116.0 1735.5 1115.0 1735.5 1110.0 1737.5 1104.0 1737.5 1098.0 1736.5 1097.0 1736.5 1091.0 1735.5 1087.0 1733.0 1083.5 1730.0 1082.5 1723.5 1093.0 1721.5 1098.0 1721.5 1106.0 1723.5 1110.0 1723.5 1113.0 1726.5 1122.0 1729.5 1128.0 1730.5 1128.0
dispensing_tube_rack 1734.5 1195.0 1735.5 1193.0 1735.5 1176.0 1734.5 1175.0 1734.5 1149.0 1732.5 1141.0 1730.0 1137.5 1727.5 1144.0 1727.5 1154.0 1728.5 1155.0 1728.5 1165.0 1729.5 1166.0 1729.5 1177.0 1732.5 1183.0 1733.5 1188.0 1733.5 1195.0 1734.5 1195.0
dispensing_tube_rack 2499.5 1324.0 2504.0 1320.5 2511.5 1313.0 2517.5 1303.0 2521.5 1298.0 2526.5 1293.0 2528.5 1290.0 2532.5 1281.0 2536.5 1275.0 2544.5 1267.0 2544.5 1266.0 2550.0 1260.5 2555.0 1257.5 2562.5 1250.0 2563.5 1247.0 2570.5 1238.0 2572.5 1233.0 2574.5 1231.0 2576.5 1226.0 2582.5 1215.0 2587.5 1210.0 2589.5 1207.0 2591.5 1201.0 2596.0 1196.5 2603.0 1193.5 2607.5 1189.0 2609.5 1184.0 2617.5 1174.0 2620.5 1169.0 2627.5 1162.0 2628.5 1157.0 2627.5 1156.0 2627.5 1151.0 2626.0 1148.5 2614.0 1148.5 2608.0 1152.5 2605.0 1153.5 2600.0 1153.5 2599.0 1154.5 2590.0 1154.5 2589.0 1155.5 2575.0 1155.5 2574.0 1156.5 2566.0 1156.5 2565.0 1157.5 2559.0 1157.5 2558.0 1158.5 2553.0 1158.5 2545.0 1160.5 2541.0 1162.5 2536.0 1162.5 2530.0 1164.5 2525.0 1164.5 2516.0 1167.5 2507.0 1168.5 2506.0 1169.5 2501.0 1169.5 2500.0 1170.5 2494.0 1170.5 2493.0 1171.5 2488.0 1171.5 2487.0 1172.5 2482.0 1172.5 2481.0 1173.5 2466.0 1176.5 2458.0 1178.5 2455.0 1178.5 2450.0 1180.5 2442.0 1182.5 2437.0 1184.5 2429.5 1190.0 2429.5 1194.0 2435.5 1200.0 2441.5 1213.0 2445.5 1223.0 2450.5 1233.0 2453.5 1240.0 2456.5 1245.0 2456.5 1247.0 2459.5 1252.0 2459.5 1254.0 2462.5 1259.0 2462.5 1261.0 2466.5 1271.0 2469.5 1276.0 2470.5 1281.0 2472.5 1284.0 2473.5 1289.0 2476.5 1294.0 2478.5 1301.0 2482.5 1309.0 2486.5 1314.0 2488.5 1319.0 2495.0 1324.5 2499.5 1324.0
dispensing_tube_rack 2637.5 1645.0 2642.0 1643.5 2647.0 1643.5 2648.0 1642.5 2653.0 1642.5 2654.0 1641.5 2661.0 1641.5 2662.0 1640.5 2669.0 1639.5 2678.0 1636.5 2681.0 1636.5 2686.0 1634.5 2689.0 1634.5 2694.0 1632.5 2698.0 1632.5 2703.0 1630.5 2708.0 1629.5 2713.0 1629.5 2718.0 1627.5 2723.0 1627.5 2729.0 1625.5 2733.0 1625.5 2738.0 1623.5 2741.0 1623.5 2745.0 1621.5 2748.0 1621.5 2760.0 1618.5 2761.0 1617.5 2768.0 1616.5 2769.0 1615.5 2774.0 1615.5 2775.0 1614.5 2780.0 1614.5 2796.0 1610.5 2801.0 1610.5 2810.0 1608.5 2817.0 1605.5 2825.0 1603.5 2829.0 1601.5 2832.0 1601.5 2837.0 1599.5 2844.0 1598.5 2852.0 1595.5 2854.5 1593.0 2858.5 1585.0 2858.5 1579.0 2854.5 1573.0 2852.5 1567.0 2846.5 1559.0 2842.5 1551.0 2838.5 1546.0 2835.5 1541.0 2833.5 1536.0 2832.5 1531.0 2824.5 1516.0 2820.5 1505.0 2810.5 1492.0 2808.5 1487.0 2806.5 1485.0 2802.5 1477.0 2800.5 1470.0 2797.5 1466.0 2789.5 1450.0 2787.5 1443.0 2783.5 1435.0 2781.5 1433.0 2779.5 1428.0 2777.5 1426.0 2773.5 1418.0 2771.5 1410.0 2768.5 1406.0 2765.5 1400.0 2764.5 1395.0 2759.5 1384.0 2752.5 1377.0 2749.5 1373.0 2740.5 1355.0 2738.5 1349.0 2734.5 1344.0 2726.5 1325.0 2726.5 1322.0 2722.5 1314.0 2720.5 1312.0 2712.5 1295.0 2712.5 1290.0 2711.5 1287.0 2708.5 1283.0 2707.5 1278.0 2704.5 1273.0 2701.5 1262.0 2701.5 1242.0 2702.5 1241.0 2701.5 1234.0 2697.5 1227.0 2694.0 1219.5 2691.0 1219.5 2687.5 1224.0 2679.0 1232.5 2675.0 1235.5 2672.5 1240.0 2666.5 1246.0 2666.5 1247.0 2662.0 1251.5 2657.0 1254.5 2646.5 1265.0 2642.5 1271.0 2637.5 1276.0 2634.5 1281.0 2622.5 1293.0 2618.5 1299.0 2605.5 1312.0 2605.5 1313.0 2599.0 1319.5 2598.0 1319.5 2593.5 1324.0 2593.5 1325.0 2589.0 1329.5 2588.0 1329.5 2579.5 1338.0 2575.5 1344.0 2574.5 1347.0 2570.5 1352.0 2565.5 1362.0 2562.0 1366.5 2556.0 1369.5 2551.0 1374.5 2550.0 1374.5 2545.5 1379.0 2545.5 1380.0 2540.5 1384.0 2534.0 1390.5 2533.0 1390.5 2523.5 1400.0 2522.5 1405.0 2525.5 1411.0 2526.5 1416.0 2530.5 1421.0 2536.5 1434.0 2539.5 1439.0 2541.5 1446.0 2547.5 1458.0 2549.5 1465.0 2552.5 1470.0 2557.5 1482.0 2559.5 1485.0 2560.5 1490.0 2562.5 1493.0 2569.5 1507.0 2569.5 1509.0 2572.5 1514.0 2576.5 1526.0 2579.5 1531.0 2581.5 1536.0 2583.5 1544.0 2586.5 1551.0 2591.5 1560.0 2596.5 1572.0 2600.5 1579.0 2600.5 1581.0 2604.5 1588.0 2606.5 1595.0 2609.5 1600.0 2617.5 1621.0 2625.5 1633.0 2629.5 1644.0 2632.0 1645.5 2637.5 1645.0
dispensing_tube_rack 1994.5 1795.0 2002.0 1794.5 2008.0 1792.5 2013.0 1792.5 2014.0 1791.5 2020.0 1791.5 2029.0 1789.5 2036.0 1786.5 2048.0 1784.5 2053.0 1782.5 2067.0 1780.5 2080.0 1776.5 2084.0 1776.5 2088.0 1774.5 2091.0 1774.5 2095.0 1772.5 2099.0 1772.5 2104.0 1770.5 2108.0 1770.5 2117.0 1767.5 2121.0 1767.5 2126.0 1765.5 2129.0 1765.5 2142.0 1762.5 2147.0 1760.5 2152.0 1759.5 2176.0 1752.5 2185.0 1751.5 2189.0 1749.5 2196.0 1748.5 2197.0 1747.5 2202.0 1747.5 2203.0 1746.5 2208.0 1746.5 2209.0 1745.5 2214.0 1745.5 2219.0 1743.5 2223.0 1743.5 2227.0 1741.5 2230.0 1741.5 2234.0 1739.5 2245.0 1737.5 2250.0 1735.5 2255.0 1734.5 2260.0 1734.5 2261.0 1733.5 2266.0 1733.5 2272.0 1731.5 2281.0 1729.5 2284.0 1727.5 2291.0 1725.5 2294.0 1725.5 2299.0 1723.5 2303.0 1723.5 2308.0 1721.5 2312.0 1721.5 2317.0 1719.5 2322.0 1719.5 2331.0 1716.5 2336.0 1715.5 2341.0 1715.5 2345.0 1714.5 2356.0 1710.5 2373.0 1707.5 2374.0 1706.5 2379.0 1706.5 2385.0 1704.5 2390.0 1704.5 2394.0 1702.5 2397.0 1702.5 2401.0 1700.5 2404.0 1700.5 2412.0 1697.5 2427.0 1694.5 2431.0 1692.5 2445.0 1689.5 2446.0 1688.5 2451.0 1688.5 2452.0 1687.5 2460.0 1687.5 2461.0 1686.5 2467.0 1686.5 2468.0 1685.5 2475.0 1684.5 2479.0 1682.5 2499.0 1678.5 2500.0 1677.5 2509.0 1676.5 2510.0 1675.5 2515.0 1675.5 2520.0 1674.5 2527.0 1671.5 2534.0 1671.5 2535.0 1670.5 2541.0 1670.5 2544.5 1666.0 2545.5 1657.0 2544.5 1653.0 2541.5 1648.0 2539.5 1640.0 2537.5 1637.0 2533.5 1625.0 2529.5 1617.0 2528.5 1612.0 2524.5 1605.0 2521.5 1594.0 2519.5 1591.0 2517.5 1585.0 2515.5 1582.0 2514.5 1577.0 2512.5 1572.0 2509.5 1567.0 2504.5 1555.0 2503.5 1550.0 2501.5 1547.0 2500.5 1542.0 2498.5 1539.0 2491.5 1520.0 2489.5 1517.0 2485.5 1506.0 2484.5 1501.0 2481.5 1494.0 2475.5 1484.0 2473.5 1479.0 2471.5 1471.0 2463.5 1455.0 2461.5 1448.0 2457.5 1441.0 2454.5 1437.0 2444.0 1428.5 2437.0 1426.5 2436.0 1425.5 2429.0 1425.5 2428.0 1424.5 2419.0 1424.5 2418.0 1425.5 2412.0 1425.5 2411.0 1426.5 2405.0 1426.5 2400.0 1427.5 2395.0 1429.5 2381.0 1431.5 2371.0 1433.5 2366.0 1435.5 2357.0 1436.5 2352.0 1438.5 2348.0 1438.5 2339.0 1441.5 2335.0 1441.5 2329.0 1443.5 2324.0 1443.5 2309.0 1446.5 2308.0 1447.5 2299.0 1448.5 2298.0 1449.5 2293.0 1449.5 2282.0 1452.5 2273.0 1453.5 2267.0 1455.5 2262.0 1455.5 2256.0 1457.5 2251.0 1457.5 2242.0 1460.5 2233.0 1461.5 2227.0 1463.5 2211.0 1467.5 2202.0 1468.5 2196.0 1470.5 2187.0 1471.5 2181.0 1473.5 2176.0 1473.5 2171.0 1474.5 2166.0 1476.5 2158.0 1477.5 2154.0 1479.5 2151.0 1479.5 2146.0 1481.5 2132.0 1483.5 2127.0 1485.5 2124.0 1485.5 2119.0 1487.5 2114.0 1488.5 2109.0 1488.5 2108.0 1489.5 2103.0 1489.5 2098.0 1490.5 2089.0 1493.5 2077.0 1495.5 2072.0 1497.5 2063.0 1498.5 2050.0 1502.5 2036.0 1504.5 2031.0 1506.5 2017.0 1508.5 2011.0 1510.5 2007.0 1510.5 2001.0 1512.5 1996.0 1512.5 1991.0 1513.5 1986.0 1515.5 1977.0 1516.5 1972.0 1518.5 1967.0 1518.5 1966.0 1519.5 1953.0 1521.5 1946.0 1524.5 1942.0 1524.5 1937.0 1526.5 1933.0 1526.5 1923.0 1529.5 1919.0 1531.5 1916.5 1535.0 1916.5 1543.0 1918.5 1549.0 1918.5 1554.0 1920.5 1560.0 1920.5 1565.0 1922.5 1570.0 1922.5 1574.0 1924.5 1580.0 1924.5 1585.0 1927.5 1594.0 1927.5 1597.0 1929.5 1601.0 1929.5 1604.0 1932.5 1613.0 1933.5 1618.0 1933.5 1623.0 1934.5 1628.0 1936.5 1632.0 1936.5 1635.0 1939.5 1643.0 1939.5 1648.0 1941.5 1652.0 1944.5 1664.0 1946.5 1667.0 1948.5 1675.0 1949.5 1676.0 1949.5 1681.0 1950.5 1682.0 1950.5 1688.0 1953.5 1699.0 1953.5 1704.0 1954.5 1705.0 1958.5 1719.0 1958.5 1724.0 1960.5 1730.0 1961.5 1737.0 1963.5 1741.0 1963.5 1744.0 1965.5 1748.0 1967.5 1759.0 1969.5 1764.0 1970.5 1770.0 1972.5 1773.0 1973.5 1779.0 1975.5 1782.0 1976.5 1787.0 1978.5 1791.0 1984.0 1795.5 1994.0 1795.5 1994.5 1795.0
dispensing_tube_rack 2525.5 1839.0 2530.0 1838.5 2533.0 1836.5 2538.0 1835.5 2546.0 1831.5 2553.0 1830.5 2554.0 1829.5 2559.0 1829.5 2560.0 1828.5 2565.0 1828.5 2576.0 1825.5 2583.0 1821.5 2590.0 1814.5 2600.0 1812.5 2602.5 1808.0 2603.5 1804.0 2603.5 1799.0 2604.5 1798.0 2604.5 1791.0 2601.0 1787.5 2591.0 1783.5 2584.0 1783.5 2578.0 1785.5 2573.0 1785.5 2560.0 1789.5 2556.0 1789.5 2550.0 1792.5 2545.0 1793.5 2540.0 1796.5 2533.0 1796.5 2532.0 1797.5 2526.0 1797.5 2523.0 1799.5 2508.0 1802.5 2503.0 1804.5 2499.0 1804.5 2487.5 1809.0 2487.5 1819.0 2489.5 1823.0 2500.0 1833.5 2509.0 1837.5 2513.0 1838.5 2523.0 1838.5 2525.5 1839.0
dispensing_tube_rack 1915.5 1984.0 1924.0 1980.5 1935.0 1980.5 1936.0 1981.5 1943.0 1981.5 1944.0 1980.5 1949.0 1980.5 1950.0 1979.5 1957.0 1979.5 1962.0 1977.5 1969.0 1976.5 1973.0 1974.5 1976.0 1974.5 1983.0 1971.5 1991.0 1970.5 1999.0 1965.5 2004.0 1964.5 2007.0 1962.5 2010.0 1962.5 2018.0 1959.5 2023.0 1959.5 2029.0 1957.5 2034.0 1957.5 2035.0 1956.5 2045.0 1956.5 2050.0 1955.5 2053.0 1953.5 2058.0 1952.5 2063.0 1950.5 2068.0 1949.5 2074.0 1949.5 2079.0 1948.5 2094.0 1944.5 2105.0 1938.5 2111.0 1936.5 2116.0 1936.5 2117.0 1935.5 2125.0 1934.5 2139.0 1929.5 2148.0 1928.5 2153.0 1926.5 2158.0 1925.5 2163.0 1925.5 2170.0 1922.5 2182.0 1918.5 2191.0 1916.5 2192.0 1915.5 2197.0 1915.5 2198.0 1914.5 2215.0 1914.5 2223.0 1910.5 2224.5 1907.0 2229.0 1903.5 2237.0 1903.5 2242.0 1904.5 2243.0 1903.5 2251.0 1903.5 2252.0 1902.5 2257.0 1902.5 2261.0 1900.5 2264.0 1900.5 2273.0 1896.5 2280.0 1896.5 2281.0 1895.5 2289.0 1895.5 2295.0 1892.5 2304.0 1890.5 2305.0 1889.5 2312.0 1889.5 2313.0 1888.5 2319.0 1888.5 2323.0 1886.5 2333.0 1884.5 2345.0 1877.5 2348.0 1876.5 2353.0 1876.5 2354.0 1875.5 2361.0 1875.5 2365.0 1873.5 2370.0 1872.5 2374.0 1870.5 2381.0 1869.5 2382.0 1868.5 2392.0 1866.5 2398.0 1866.5 2399.0 1865.5 2406.0 1865.5 2416.0 1861.5 2419.0 1861.5 2423.0 1859.5 2426.0 1859.5 2431.0 1857.5 2440.0 1856.5 2445.0 1854.5 2450.0 1854.5 2455.0 1853.5 2463.5 1850.0 2462.5 1847.0 2462.5 1831.0 2463.5 1830.0 2463.5 1820.0 2457.0 1816.5 2449.0 1816.5 2440.0 1819.5 2436.0 1819.5 2432.0 1821.5 2423.0 1823.5 2419.0 1825.5 2415.0 1825.5 2409.0 1827.5 2402.0 1828.5 2398.0 1830.5 2389.0 1831.5 2388.0 1832.5 2378.0 1834.5 2373.0 1834.5 2372.0 1835.5 2363.0 1837.5 2359.0 1839.5 2356.0 1839.5 2352.0 1841.5 2345.0 1842.5 2341.0 1844.5 2332.0 1845.5 2314.0 1849.5 2304.0 1853.5 2301.0 1853.5 2299.0 1855.5 2290.0 1857.5 2284.0 1859.5 2275.0 1864.5 2270.0 1866.5 2269.0 1865.5 2256.0 1865.5 2249.0 1868.5 2246.0 1868.5 2242.0 1872.5 2232.0 1872.5 2231.0 1871.5 2226.0 1872.5 2220.0 1876.5 2215.0 1878.5 2209.0 1879.5 2206.0 1881.5 2200.0 1882.5 2199.0 1883.5 2184.0 1883.5 2179.0 1884.5 2174.0 1886.5 2165.0 1887.5 2160.0 1889.5 2155.0 1889.5 2150.0 1890.5 2145.0 1892.5 2140.0 1893.5 2135.0 1893.5 2127.0 1896.5 2116.0 1898.5 2112.0 1900.5 2109.0 1900.5 2105.0 1902.5 2096.0 1904.5 2092.0 1904.5 2085.0 1907.5 2073.0 1909.5 2066.0 1912.5 2059.0 1913.5 2052.0 1917.5 2049.0 1917.5 2041.0 1921.5 2031.0 1923.5 2030.0 1924.5 2023.0 1924.5 2007.0 1928.5 2004.5 1935.0 2000.0 1937.5 1999.0 1936.5 1994.0 1936.5 1993.0 1935.5 1988.0 1935.5 1981.0 1938.5 1975.0 1938.5 1974.0 1939.5 1958.0 1939.5 1954.0 1940.5 1951.0 1942.5 1946.0 1943.5 1943.0 1945.5 1938.0 1946.5 1917.0 1957.5 1913.5 1961.0 1909.5 1970.0 1909.5 1979.0 1913.0 1984.5 1915.5 1984.0
dispensing_tube_rack 3839.0 1539.5 3834.0 1539.5 3830.0 1540.5 3823.0 1544.5 3817.0 1546.5 3810.0 1547.5 3804.0 1550.5 3798.0 1552.5 3795.0 1552.5 3791.0 1554.5 3788.0 1554.5 3776.0 1559.5 3769.0 1561.5 3757.0 1563.5 3752.0 1565.5 3748.0 1565.5 3743.0 1567.5 3729.0 1569.5 3723.0 1572.5 3719.0 1575.5 3714.0 1580.5 3708.0 1581.5 3707.0 1582.5 3701.0 1582.5 3696.0 1584.5 3689.0 1585.5 3681.0 1588.5 3677.0 1588.5 3668.0 1590.5 3663.0 1593.5 3658.0 1595.5 3653.0 1598.5 3647.0 1599.5 3646.0 1600.5 3637.0 1601.5 3636.0 1602.5 3627.0 1603.5 3619.0 1606.5 3608.0 1608.5 3605.0 1610.5 3600.0 1611.5 3594.0 1614.5 3590.0 1615.5 3584.0 1615.5 3583.0 1616.5 3577.0 1616.5 3576.0 1617.5 3569.0 1618.5 3560.0 1621.5 3555.0 1621.5 3550.0 1622.5 3542.0 1625.5 3535.0 1626.5 3528.0 1629.5 3523.0 1630.5 3518.0 1630.5 3517.0 1631.5 3511.0 1631.5 3505.0 1633.5 3500.0 1633.5 3499.0 1634.5 3493.0 1634.5 3485.0 1637.5 3481.0 1640.5 3474.0 1644.5 3470.0 1645.5 3465.0 1645.5 3464.0 1646.5 3459.0 1646.5 3458.0 1647.5 3452.0 1647.5 3447.0 1648.5 3442.0 1650.5 3436.0 1650.5 3435.0 1651.5 3430.0 1651.5 3418.0 1656.5 3413.0 1659.5 3408.0 1660.5 3402.0 1660.5 3401.0 1661.5 3395.0 1661.5 3390.0 1662.5 3385.0 1664.5 3382.0 1664.5 3377.0 1666.5 3371.0 1667.5 3366.0 1670.5 3363.0 1670.5 3354.0 1674.5 3349.0 1675.5 3342.0 1675.5 3341.0 1676.5 3336.0 1676.5 3335.0 1677.5 3329.0 1677.5 3323.0 1679.5 3318.0 1679.5 3317.0 1680.5 3312.0 1680.5 3304.0 1682.5 3300.0 1684.5 3292.0 1686.5 3291.0 1687.5 3285.0 1687.5 3284.0 1688.5 3278.0 1688.5 3277.0 1689.5 3269.0 1689.5 3263.0 1691.5 3257.0 1691.5 3246.0 1694.5 3239.0 1701.5 3230.0 1705.5 3225.0 1705.5 3219.0 1707.5 3214.0 1707.5 3209.0 1709.5 3199.0 1711.5 3193.0 1711.5 3180.0 1717.5 3178.0 1717.5 3172.0 1720.5 3164.0 1721.5 3159.0 1723.5 3154.0 1723.5 3140.0 1727.5 3133.0 1730.5 3122.0 1732.5 3119.0 1734.5 3111.0 1735.5 3110.0 1736.5 3104.0 1736.5 3103.0 1737.5 3098.0 1737.5 3097.0 1738.5 3076.0 1742.5 3075.0 1743.5 3058.0 1746.5 3051.0 1749.5 3042.0 1751.5 3035.0 1752.5 3030.0 1754.5 3027.0 1754.5 3013.0 1760.5 3010.0 1760.5 3006.0 1762.5 3003.0 1762.5 2999.0 1764.5 2992.0 1765.5 2991.0 1766.5 2985.0 1766.5 2979.0 1768.5 2963.0 1768.5 2960.0 1767.5 2955.5 1763.0 2952.5 1757.0 2951.5 1753.0 2949.5 1751.0 2946.5 1744.0 2946.5 1741.0 2944.5 1736.0 2944.5 1732.0 2948.0 1727.5 2955.0 1723.5 2960.0 1719.5 2963.0 1718.5 2968.0 1714.5 2983.0 1707.5 2994.0 1704.5 3002.0 1700.5 3012.0 1693.5 3019.0 1691.5 3036.0 1684.5 3049.0 1681.5 3056.0 1678.5 3063.0 1676.5 3068.0 1673.5 3073.0 1672.5 3076.0 1670.5 3081.0 1669.5 3086.0 1667.5 3095.0 1662.5 3097.0 1662.5 3104.0 1658.5 3109.0 1656.5 3111.0 1654.5 3116.0 1652.5 3121.0 1648.5 3127.0 1645.5 3132.5 1640.0 3138.5 1632.0 3144.5 1622.0 3153.0 1613.5 3158.0 1611.5 3171.0 1603.5 3177.0 1601.5 3179.0 1599.5 3184.0 1597.5 3186.0 1595.5 3193.0 1592.5 3200.0 1588.5 3202.0 1588.5 3210.0 1584.5 3217.0 1579.5 3224.0 1576.5 3227.0 1574.5 3239.0 1570.5 3257.0 1561.5 3265.0 1559.5 3270.0 1556.5 3272.0 1556.5 3280.0 1552.5 3285.0 1551.5 3295.0 1545.5 3303.0 1541.5 3305.0 1539.5 3314.0 1535.5 3320.0 1533.5 3328.0 1529.5 3340.0 1522.5 3351.0 1518.5 3364.0 1511.5 3366.0 1509.5 3371.0 1507.5 3382.0 1504.5 3387.0 1501.5 3393.0 1499.5 3398.0 1496.5 3410.0 1493.5 3417.0 1489.5 3421.0 1486.5 3426.0 1481.5 3427.0 1481.5 3431.5 1476.0 3429.5 1468.0 3429.5 1463.0 3423.5 1452.0 3423.5 1450.0 3419.5 1442.0 3417.5 1440.0 3413.5 1433.0 3410.5 1430.0 3407.5 1425.0 3402.5 1419.0 3401.5 1416.0 3397.5 1410.0 3389.5 1401.0 3387.5 1397.0 3380.5 1387.0 3377.5 1384.0 3369.5 1373.0 3368.5 1370.0 3363.5 1364.0 3360.5 1357.0 3358.5 1355.0 3355.5 1349.0 3352.5 1346.0 3346.5 1336.0 3343.5 1333.0 3341.5 1329.0 3333.5 1320.0 3331.5 1316.0 3325.5 1308.0 3323.5 1304.0 3320.5 1301.0 3313.5 1291.0 3301.5 1273.0 3299.5 1268.0 3295.5 1262.0 3283.5 1250.0 3280.5 1245.0 3275.0 1239.5 3271.0 1237.5 3268.5 1235.0 3265.5 1229.0 3264.5 1224.0 3260.5 1216.0 3255.5 1212.0 3254.5 1209.0 3251.5 1206.0 3249.5 1202.0 3247.0 1200.5 3244.5 1201.0 3243.5 1209.0 3244.5 1214.0 3248.5 1222.0 3248.5 1236.0 3243.0 1241.5 3242.0 1241.5 3234.0 1249.5 3228.0 1251.5 3219.0 1252.5 3214.0 1254.5 3210.0 1254.5 3204.0 1256.5 3199.0 1256.5 3198.0 1257.5 3193.0 1257.5 3187.0 1259.5 3183.0 1259.5 3174.0 1262.5 3171.0 1262.5 3166.0 1264.5 3154.0 1266.5 3145.0 1269.5 3141.0 1269.5 3135.0 1271.5 3130.0 1271.5 3129.0 1272.5 3123.0 1272.5 3122.0 1273.5 3117.0 1273.5 3112.0 1275.5 3094.0 1278.5 3090.0 1280.5 3086.0 1280.5 3077.0 1283.5 3072.0 1284.5 3067.0 1284.5 3062.0 1286.5 3059.0 1286.5 3055.0 1288.5 3050.0 1289.5 3045.0 1289.5 3044.0 1290.5 3038.0 1290.5 3037.0 1291.5 3032.0 1291.5 3027.0 1292.5 3019.0 1295.5 3005.0 1297.5 3004.0 1298.5 2999.0 1298.5 2998.0 1299.5 2992.0 1299.5 2991.0 1300.5 2986.0 1300.5 2985.0 1299.5 2978.0 1299.5 2975.0 1297.5 2970.5 1289.0 2965.5 1284.0 2965.5 1283.0 2959.5 1276.0 2953.5 1265.0 2953.5 1262.0 2949.5 1253.0 2943.5 1246.0 2938.5 1237.0 2932.5 1229.0 2928.5 1222.0 2927.5 1217.0 2924.5 1211.0 2918.5 1203.0 2912.5 1192.0 2912.5 1187.0 2915.5 1180.0 2915.5 1174.0 2912.0 1171.5 2904.0 1170.5 2900.0 1168.5 2895.5 1163.0 2893.5 1158.0 2886.5 1151.0 2884.5 1148.0 2879.5 1138.0 2873.5 1130.0 2871.5 1125.0 2868.5 1121.0 2866.5 1114.0 2861.5 1105.0 2856.5 1100.0 2848.5 1086.0 2847.5 1083.0 2844.5 1079.0 2839.5 1074.0 2836.5 1067.0 2836.5 1065.0 2833.5 1059.0 2829.0 1054.5 2824.5 1049.0 2817.5 1039.0 2815.5 1033.0 2812.5 1029.0 2810.5 1024.0 2804.0 1017.5 2799.0 1014.5 2794.0 1012.5 2786.0 1010.5 2782.0 1008.5 2778.0 1009.5 2771.0 1009.5 2770.0 1010.5 2742.0 1010.5 2741.0 1009.5 2732.0 1009.5 2731.0 1010.5 2719.0 1010.5 2718.0 1011.5 2709.0 1011.5 2708.0 1012.5 2691.0 1020.5 2685.0 1020.5 2684.0 1021.5 2676.0 1021.5 2675.0 1022.5 2664.0 1022.5 2659.0 1025.5 2640.0 1029.5 2639.0 1030.5 2629.0 1032.5 2623.0 1032.5 2622.0 1033.5 2604.0 1033.5 2603.0 1032.5 2593.0 1032.5 2589.0 1033.5 2585.0 1031.5 2581.5 1028.0 2579.5 1022.0 2571.5 1010.0 2567.5 1001.0 2565.5 999.0 2562.5 991.0 2555.5 984.0 2553.5 980.0 2551.5 972.0 2549.5 969.0 2546.5 960.0 2543.5 957.0 2542.5 954.0 2539.5 951.0 2533.5 940.0 2530.5 933.0 2525.5 926.0 2522.5 920.0 2521.5 915.0 2518.5 910.0 2516.5 901.0 2512.5 890.0 2507.5 880.0 2504.5 875.0 2504.5 873.0 2501.0 868.5 2495.5 863.0 2491.5 854.0 2491.5 852.0 2488.5 846.0 2486.5 835.0 2483.5 830.0 2482.5 825.0 2479.5 820.0 2478.5 815.0 2478.5 800.0 2482.5 793.0 2483.5 790.0 2493.0 784.5 2498.0 783.5 2509.0 783.5 2510.0 782.5 2515.0 782.5 2520.0 781.5 2524.0 779.5 2529.0 779.5 2530.0 778.5 2549.0 778.5 2550.0 779.5 2562.0 779.5 2567.0 777.5 2580.0 777.5 2585.0 779.5 2587.0 778.5 2592.0 773.5 2598.0 769.5 2601.0 768.5 2604.5 765.0 2606.5 760.0 2611.5 753.0 2614.5 746.0 2616.5 744.0 2618.5 739.0 2621.5 735.0 2624.5 729.0 2629.5 722.0 2631.5 717.0 2636.5 709.0 2640.5 701.0 2640.5 699.0 2648.5 683.0 2650.5 681.0 2654.5 673.0 2658.5 668.0 2660.5 664.0 2666.5 657.0 2671.5 648.0 2671.5 646.0 2676.5 635.0 2680.5 630.0 2683.5 622.0 2686.5 617.0 2688.5 609.0 2692.5 602.0 2696.5 597.0 2701.5 592.0 2705.5 584.0 2710.5 578.0 2714.5 571.0 2716.5 562.0 2720.5 555.0 2723.5 551.0 2730.0 544.5 2739.0 539.5 2750.0 537.5 2751.0 536.5 2756.0 537.5 2761.0 537.5 2765.0 539.5 2771.0 539.5 2776.0 537.5 2787.0 537.5 2792.0 539.5 2797.0 539.5 2800.5 537.0 2801.5 534.0 2807.5 526.0 2810.0 521.5 2814.5 524.0 2816.5 530.0 2816.5 535.0 2817.5 540.0 2822.5 549.0 2820.5 557.0 2819.5 558.0 2818.5 565.0 2820.5 571.0 2820.5 590.0 2824.0 593.5 2829.0 595.5 2833.0 595.5 2838.0 597.5 2843.0 598.5 2863.0 598.5 2864.0 597.5 2871.0 597.5 2878.0 594.5 2882.5 590.0 2882.5 588.0 2885.5 585.0 2891.5 576.0 2899.5 567.0 2901.5 561.0 2904.5 556.0 2906.5 550.0 2908.5 548.0 2912.5 540.0 2917.0 535.5 2918.0 535.5 2924.5 529.0 2928.5 521.0 2930.5 519.0 2932.5 512.0 2937.0 506.5 2944.0 503.5 2949.0 503.5 2950.0 502.5 2958.0 502.5 2959.0 501.5 2967.0 501.5 2968.0 502.5 2973.0 502.5 2974.0 503.5 2979.0 503.5 2980.0 502.5 2989.0 498.5 2992.0 496.5 2997.5 491.0 2997.5 490.0 3003.5 484.0 3007.5 478.0 3023.0 462.5 3026.0 461.5 3033.0 455.5 3037.0 453.5 3042.0 453.5 3043.0 452.5 3049.0 452.5 3055.0 449.5 3057.0 449.5 3063.0 446.5 3070.0 446.5 3074.0 448.5 3082.0 449.5 3086.0 451.5 3089.0 451.5 3094.0 453.5 3097.0 453.5 3104.0 457.5 3115.0 468.5 3118.5 471.0 3125.0 480.5 3129.0 480.5 3136.0 476.5 3139.0 476.5 3144.0 474.5 3149.0 471.5 3155.0 469.5 3162.0 469.5 3163.0 468.5 3174.0 468.5 3175.0 467.5 3182.0 467.5 3183.0 466.5 3189.0 466.5 3190.0 465.5 3195.0 465.5 3205.0 463.5 3206.0 462.5 3213.0 461.5 3220.0 458.5 3225.0 458.5 3231.0 456.5 3236.0 456.5 3242.0 454.5 3247.0 454.5 3248.0 453.5 3267.0 453.5 3268.0 452.5 3277.0 452.5 3282.0 453.5 3289.0 456.5 3293.5 461.0 3294.5 464.0 3297.5 468.0 3304.0 473.5 3312.0 477.5 3314.0 477.5 3322.0 480.5 3339.0 480.5 3342.0 481.5 3349.0 485.5 3353.5 490.0 3359.5 499.0 3362.5 506.0 3367.5 512.0 3367.5 513.0 3377.5 523.0 3377.5 524.0 3393.5 540.0 3393.5 541.0 3400.0 547.5 3401.0 547.5 3410.5 557.0 3413.5 563.0 3421.5 574.0 3435.0 587.5 3436.0 587.5 3441.5 593.0 3441.5 594.0 3447.5 600.0 3447.5 601.0 3452.5 606.0 3452.5 607.0 3475.5 630.0 3475.5 631.0 3481.5 637.0 3483.5 641.0 3488.0 646.5 3492.0 648.5 3499.5 655.0 3500.5 660.0 3503.5 665.0 3503.5 684.0 3507.5 695.0 3507.5 711.0 3504.0 714.5 3500.0 716.5 3495.0 717.5 3487.0 721.5 3480.5 728.0 3480.5 729.0 3475.5 734.0 3475.5 735.0 3468.0 742.5 3452.0 752.5 3440.5 764.0 3436.5 770.0 3432.0 774.5 3429.0 775.5 3418.0 782.5 3411.5 789.0 3411.5 790.0 3405.0 796.5 3400.0 800.5 3396.0 802.5 3391.0 806.5 3384.0 813.5 3383.0 813.5 3368.0 828.5 3367.0 828.5 3352.5 843.0 3352.5 844.0 3347.0 849.5 3346.0 849.5 3341.0 854.5 3337.0 856.5 3332.0 860.5 3324.0 868.5 3319.0 871.5 3313.5 877.0 3313.5 878.0 3309.0 882.5 3301.0 887.5 3291.0 897.5 3285.0 901.5 3280.0 903.5 3273.5 909.0 3271.5 915.0 3268.0 918.5 3263.5 920.0 3268.0 923.5 3275.0 923.5 3276.0 924.5 3283.0 924.5 3284.0 925.5 3294.0 925.5 3304.0 919.5 3308.0 918.5 3314.0 918.5 3315.0 917.5 3321.0 917.5 3322.0 916.5 3328.0 916.5 3329.0 915.5 3334.0 915.5 3335.0 914.5 3345.0 914.5 3346.0 913.5 3351.0 913.5 3360.0 909.5 3361.0 908.5 3368.0 907.5 3373.0 904.5 3375.0 904.5 3382.0 900.5 3396.0 886.5 3401.0 883.5 3406.5 878.0 3409.0 874.5 3418.0 869.5 3422.0 866.5 3426.5 862.0 3426.5 861.0 3433.0 854.5 3438.0 850.5 3444.0 847.5 3447.0 844.5 3451.0 842.5 3471.0 822.5 3479.0 818.5 3485.0 812.5 3490.0 808.5 3495.0 805.5 3507.0 793.5 3508.0 793.5 3514.0 787.5 3521.0 783.5 3535.0 769.5 3541.0 766.5 3545.0 762.5 3553.0 757.5 3557.0 753.5 3561.0 751.5 3568.5 745.0 3568.5 744.0 3580.0 732.5 3591.0 724.5 3596.0 722.5 3602.5 717.0 3602.5 716.0 3613.0 705.5 3618.0 701.5 3623.0 698.5 3628.0 694.5 3633.0 689.5 3634.0 689.5 3647.0 676.5 3661.0 668.5 3674.5 655.0 3674.5 654.0 3681.0 647.5 3688.0 643.5 3693.0 639.5 3703.0 629.5 3704.0 629.5 3711.0 622.5 3715.0 619.5 3718.0 618.5 3725.5 611.0 3728.0 607.5 3732.0 604.5 3735.0 603.5 3741.0 598.5 3742.0 598.5 3755.0 585.5 3760.0 582.5 3770.0 572.5 3773.0 571.5 3780.0 567.5 3783.5 564.0 3786.5 559.0 3796.0 549.5 3797.0 549.5 3806.0 543.5 3814.5 535.0 3814.5 534.0 3819.0 529.5 3820.0 529.5 3832.0 517.5 3834.0 516.5 3839.0 516.5
dispensing_tube_rack 2694.5 750.0 2702.0 748.5 2709.0 745.5 2713.5 741.0 2713.5 740.0 2720.5 731.0 2723.5 726.0 2724.5 719.0 2726.5 714.0 2725.5 709.0 2725.5 703.0 2724.5 698.0 2720.0 692.5 2718.0 692.5 2709.0 687.5 2704.5 692.0 2695.5 709.0 2694.5 712.0 2687.5 722.0 2680.5 729.0 2677.5 737.0 2676.5 742.0 2681.0 747.5 2690.0 750.5 2694.5 750.0
dispensing_tube_rack 3839.0 711.5 3831.0 711.5 3823.0 707.5 3814.0 698.5 3805.0 693.5 3799.0 693.5 3793.0 696.5 3788.0 697.5 3784.0 699.5 3769.0 708.5 3765.0 711.5 3763.0 711.5 3752.0 717.5 3746.5 723.0 3746.5 724.0 3740.0 730.5 3732.0 736.5 3724.0 741.5 3716.0 749.5 3715.0 749.5 3710.0 754.5 3705.0 757.5 3697.0 764.5 3693.0 766.5 3684.0 774.5 3680.0 776.5 3671.0 783.5 3670.0 783.5 3656.5 797.0 3653.5 802.0 3647.0 808.5 3638.0 813.5 3635.0 814.5 3627.0 821.5 3621.0 824.5 3618.0 827.5 3614.0 829.5 3611.0 832.5 3607.0 834.5 3598.0 842.5 3597.0 842.5 3590.5 849.0 3590.5 854.0 3587.5 860.0 3589.0 861.5 3594.0 861.5 3598.0 858.5 3602.0 857.5 3609.0 857.5 3610.0 856.5 3622.0 854.5 3623.0 853.5 3635.0 850.5 3640.0 850.5 3641.0 849.5 3650.0 848.5 3655.0 846.5 3662.0 845.5 3663.0 844.5 3669.0 844.5 3670.0 843.5 3677.0 843.5 3678.0 842.5 3684.0 842.5 3685.0 841.5 3690.0 841.5 3691.0 840.5 3699.0 840.5 3700.0 839.5 3707.0 839.5 3708.0 838.5 3714.0 838.5 3720.0 836.5 3724.0 836.5 3733.0 833.5 3750.0 830.5 3751.0 829.5 3756.0 829.5 3757.0 828.5 3762.0 828.5 3763.0 827.5 3768.0 827.5 3769.0 826.5 3774.0 826.5 3775.0 825.5 3780.0 825.5 3781.0 824.5 3790.0 823.5 3791.0 822.5 3801.0 820.5 3805.0 820.5 3809.0 818.5 3813.0 818.5 3819.0 816.5 3824.0 816.5 3830.0 814.5 3839.0 814.5
dispensing_tube_rack 3231.5 886.0 3235.5 883.0 3237.5 879.0 3244.5 870.0 3257.0 857.5 3263.0 853.5 3279.0 837.5 3280.0 837.5 3302.5 815.0 3302.5 814.0 3311.0 805.5 3312.0 805.5 3320.5 797.0 3320.5 796.0 3325.5 791.0 3327.5 785.0 3325.0 782.5 3320.0 780.5 3302.0 780.5 3301.0 781.5 3294.0 781.5 3293.0 782.5 3285.0 782.5 3284.0 783.5 3276.0 783.5 3267.0 785.5 3263.0 787.5 3258.0 787.5 3257.0 788.5 3252.0 788.5 3247.0 789.5 3242.0 791.5 3239.0 791.5 3235.0 793.5 3230.0 794.5 3225.0 794.5 3224.0 795.5 3219.0 795.5 3218.0 796.5 3213.0 796.5 3204.0 799.5 3199.0 800.5 3194.0 800.5 3193.0 801.5 3188.0 801.5 3179.0 804.5 3173.5 810.0 3171.5 814.0 3171.5 819.0 3173.5 822.0 3179.5 834.0 3184.5 841.0 3191.5 848.0 3195.5 853.0 3200.5 861.0 3204.5 865.0 3207.5 870.0 3214.5 880.0 3214.5 882.0 3219.0 886.5 3231.0 886.5 3231.5 886.0
dispensing_tube_rack 3171.5 951.0 3173.0 949.5 3170.0 949.5 3171.5 951.0
dispensing_tube_rack 3171.5 1094.0 3174.5 1090.0 3173.5 1086.0 3170.0 1082.5 3165.0 1083.5 3162.5 1085.0 3162.5 1089.0 3168.0 1093.5 3171.5 1094.0
dispensing_tube_rack 3189.5 1127.0 3190.5 1126.0 3191.5 1119.0 3188.0 1112.5 3185.0 1111.5 3182.5 1114.0 3182.5 1120.0 3186.0 1125.5 3189.5 1127.0
dispensing_tube_rack 3201.5 1134.0 3200.0 1129.5 3197.0 1129.5 3198.0 1134.5 3201.5 1134.0
dispensing_tube_rack 3594.0 1856.5 3590.0 1856.5 3586.5 1854.0 3589.0 1849.5 3594.0 1848.5 3596.5 1850.0 3597.5 1854.0 3594.0 1856.5
dispensing_tube_rack 3533.0 1965.5 3530.0 1965.5 3528.5 1962.0 3528.5 1954.0 3530.0 1951.5 3534.5 1953.0 3534.5 1964.0 3533.0 1965.5
dispensing_tube_rack 3654.0 2109.5 3648.0 2109.5 3647.5 2107.0 3651.0 2104.5 3654.5 2108.0 3654.0 2109.5
