 10ML_centrifuge_tube 1736.0 709.5 1704.0 709.5 1703.0 708.5 1697.0 708.5 1696.0 707.5 1688.0 705.5 1681.5 699.0 1679.5 696.0 1676.5 689.0 1674.5 687.0 1665.5 661.0 1664.5 654.0 1662.5 648.0 1662.5 640.0 1661.5 639.0 1661.5 624.0 1662.5 623.0 1662.5 616.0 1663.5 615.0 1664.5 607.0 1668.5 601.0 1669.5 598.0 1673.0 594.5 1677.0 592.5 1682.0 591.5 1686.0 589.5 1691.0 589.5 1692.0 588.5 1697.0 588.5 1698.0 587.5 1703.0 587.5 1704.0 586.5 1712.0 586.5 1713.0 585.5 1724.0 585.5 1725.0 584.5 1730.0 584.5 1734.0 585.5 1741.5 591.0 1744.5 596.0 1749.0 598.5 1758.0 593.5 1765.0 592.5 1771.0 590.5 1776.0 590.5 1777.0 589.5 1784.0 589.5 1785.0 588.5 1791.0 588.5 1792.0 587.5 1803.0 585.5 1808.0 583.5 1814.0 583.5 1815.0 582.5 1820.0 582.5 1821.0 581.5 1826.0 581.5 1831.0 579.5 1836.0 578.5 1841.0 578.5 1842.0 577.5 1849.0 577.5 1850.0 576.5 1856.0 576.5 1857.0 575.5 1862.0 575.5 1863.0 574.5 1873.0 574.5 1874.0 573.5 1883.0 573.5 1884.0 572.5 1892.0 572.5 1893.0 571.5 1899.0 571.5 1905.0 569.5 1911.0 569.5 1912.0 568.5 1917.0 568.5 1923.0 566.5 1930.0 566.5 1935.0 569.5 1942.0 576.5 1945.0 578.5 1949.0 579.5 1968.0 579.5 1977.0 576.5 1982.0 576.5 1983.0 575.5 1989.0 575.5 1995.0 573.5 2000.0 573.5 2001.0 572.5 2006.0 572.5 2007.0 571.5 2013.0 571.5 2030.0 565.5 2036.0 564.5 2041.0 561.5 2043.5 558.0 2049.0 552.5 2056.0 550.5 2061.0 550.5 2069.0 547.5 2076.0 546.5 2080.0 544.5 2089.0 543.5 2105.0 537.5 2110.0 536.5 2136.0 536.5 2137.0 537.5 2157.0 537.5 2158.0 538.5 2183.0 538.5 2184.0 539.5 2210.0 539.5 2211.0 540.5 2218.0 540.5 2219.0 541.5 2225.0 541.5 2226.0 542.5 2238.0 542.5 2239.0 543.5 2244.0 543.5 2249.0 545.5 2251.0 547.5 2259.0 551.5 2261.0 551.5 2266.0 554.5 2271.5 560.0 2271.5 564.0 2269.5 567.0 2263.5 573.0 2262.0 575.5 2251.0 581.5 2245.0 583.5 2235.0 585.5 2224.0 590.5 2215.0 591.5 2206.0 594.5 2201.0 595.5 2196.0 595.5 2195.0 596.5 2189.0 596.5 2188.0 597.5 2183.0 597.5 2173.0 601.5 2164.0 603.5 2159.0 605.5 2154.5 610.0 2153.5 614.0 2153.5 620.0 2152.5 621.0 2152.5 626.0 2151.5 627.0 2151.5 632.0 2150.5 636.0 2141.0 638.5 2128.0 638.5 2127.0 637.5 2121.0 637.5 2120.0 638.5 2115.0 638.5 2114.0 639.5 2109.0 639.5 2108.0 640.5 2102.0 641.5 2095.0 645.5 2090.0 647.5 2086.0 647.5 2079.0 650.5 2073.0 650.5 2067.0 648.5 2062.0 648.5 2056.0 646.5 2051.0 646.5 2050.0 645.5 2034.0 645.5 2033.0 646.5 2028.0 646.5 2019.0 649.5 2008.0 651.5 2002.0 654.5 1994.0 654.5 1993.0 655.5 1984.0 655.5 1979.0 657.5 1974.0 658.5 1967.0 658.5 1966.0 659.5 1955.0 659.5 1954.0 660.5 1947.0 660.5 1946.0 661.5 1940.0 661.5 1939.0 662.5 1934.0 662.5 1929.0 664.5 1915.0 664.5 1914.0 665.5 1904.0 665.5 1903.0 666.5 1897.0 666.5 1887.0 668.5 1883.0 670.5 1875.0 670.5 1874.0 671.5 1864.0 671.5 1863.0 672.5 1857.0 672.5 1856.0 673.5 1850.0 673.5 1844.0 675.5 1838.0 675.5 1837.0 676.5 1831.0 676.5 1830.0 677.5 1825.0 677.5 1820.0 678.5 1815.0 680.5 1800.0 683.5 1786.0 685.5 1781.0 687.5 1776.0 688.5 1771.0 688.5 1763.0 691.5 1758.5 697.0 1757.5 700.0 1754.0 703.5 1748.0 706.5 1736.0 709.5
 5ML_centrifuge_tube 1957.0 581.5 1943.0 581.5 1941.0 580.5 1938.5 576.0 1936.5 568.0 1935.5 567.0 1934.5 561.0 1931.5 556.0 1928.5 545.0 1928.5 532.0 1929.5 528.0 1936.5 515.0 1939.5 511.0 1944.0 506.5 1955.0 499.5 1960.0 497.5 1971.0 490.5 1978.0 489.5 1983.0 487.5 1992.0 487.5 1993.0 486.5 2004.0 486.5 2009.0 487.5 2018.0 490.5 2022.0 493.5 2026.5 498.0 2029.5 502.0 2031.5 508.0 2033.5 511.0 2035.5 517.0 2037.5 526.0 2039.5 529.0 2040.5 533.0 2040.5 540.0 2039.5 541.0 2039.5 560.0 2035.0 564.5 2032.0 565.5 2027.0 565.5 2022.0 566.5 2018.0 568.5 2004.0 572.5 1999.0 573.5 1994.0 573.5 1993.0 574.5 1984.0 575.5 1972.0 579.5 1967.0 579.5 1966.0 580.5 1958.0 580.5 1957.0 581.5
dispensing_tube_rack 1857.0 1105.5 1839.0 1105.5 1835.0 1104.5 1828.5 1099.0 1826.5 1095.0 1823.5 1092.0 1819.5 1085.0 1815.5 1075.0 1812.5 1070.0 1808.5 1065.0 1805.5 1060.0 1801.5 1051.0 1799.5 1048.0 1793.5 1042.0 1789.5 1034.0 1782.5 1023.0 1776.5 1016.0 1772.5 1010.0 1770.5 1005.0 1768.5 1003.0 1763.5 994.0 1754.5 983.0 1751.5 977.0 1748.5 974.0 1744.5 968.0 1741.5 961.0 1726.5 940.0 1720.5 933.0 1720.5 932.0 1712.5 924.0 1709.5 919.0 1703.5 907.0 1694.5 894.0 1687.5 887.0 1684.5 883.0 1679.5 874.0 1670.0 864.5 1667.0 862.5 1660.0 859.5 1649.0 853.5 1647.0 851.5 1641.0 848.5 1635.5 843.0 1631.5 834.0 1631.5 812.0 1632.5 811.0 1632.5 805.0 1633.5 804.0 1633.5 797.0 1634.5 796.0 1634.5 788.0 1635.5 787.0 1635.5 781.0 1636.5 780.0 1636.5 774.0 1637.5 773.0 1637.5 767.0 1638.5 766.0 1638.5 759.0 1639.5 758.0 1639.5 751.0 1640.5 750.0 1640.5 745.0 1641.5 744.0 1641.5 737.0 1642.5 736.0 1642.5 725.0 1643.5 724.0 1643.5 716.0 1644.5 715.0 1644.5 709.0 1645.5 708.0 1645.5 700.0 1646.5 699.0 1646.5 693.0 1647.5 692.0 1647.5 687.0 1654.5 662.0 1659.0 659.5 1664.5 666.0 1676.5 693.0 1680.5 700.0 1687.0 706.5 1693.0 708.5 1699.0 708.5 1700.0 709.5 1707.0 709.5 1708.0 710.5 1713.0 710.5 1714.0 711.5 1731.0 711.5 1732.0 710.5 1739.0 710.5 1744.0 709.5 1751.0 706.5 1754.0 704.5 1766.0 692.5 1773.0 689.5 1777.0 689.5 1782.0 687.5 1799.0 684.5 1800.0 683.5 1810.0 680.5 1815.0 680.5 1823.0 677.5 1832.0 676.5 1838.0 674.5 1845.0 674.5 1846.0 673.5 1851.0 673.5 1857.0 670.5 1859.0 668.5 1863.0 667.5 1868.0 667.5 1869.0 666.5 1886.0 666.5 1887.0 665.5 1895.0 665.5 1896.0 664.5 1918.0 664.5 1923.0 666.5 1928.0 666.5 1931.0 664.5 1934.0 664.5 1939.0 662.5 1948.0 662.5 1949.0 661.5 1962.0 661.5 1963.0 660.5 1981.0 660.5 1982.0 659.5 2001.0 659.5 2005.0 658.5 2007.0 656.5 2015.0 652.5 2021.0 650.5 2024.0 650.5 2028.0 648.5 2033.0 647.5 2038.0 648.5 2046.0 648.5 2051.0 650.5 2055.0 650.5 2063.0 653.5 2075.0 653.5 2081.0 651.5 2090.0 650.5 2094.0 648.5 2099.5 643.0 2103.5 637.0 2120.5 624.0 2121.5 621.0 2120.5 616.0 2120.5 602.0 2122.5 598.0 2122.5 595.0 2126.5 588.0 2132.5 582.0 2136.0 577.5 2139.0 575.5 2148.0 572.5 2152.0 572.5 2156.0 570.5 2159.0 570.5 2166.0 567.5 2171.0 566.5 2177.0 566.5 2184.0 564.5 2189.5 560.0 2189.5 558.0 2192.5 553.0 2197.0 548.5 2186.0 545.5 2180.0 545.5 2179.0 544.5 2168.0 544.5 2167.0 543.5 2150.0 543.5 2149.0 542.5 2141.0 542.5 2140.0 541.5 2104.0 541.5 2099.0 542.5 2094.0 544.5 2083.0 544.5 2082.0 545.5 2071.0 545.5 2070.0 544.5 2057.0 544.5 2056.0 543.5 2049.0 543.5 2044.5 540.0 2041.5 529.0 2039.5 524.0 2038.5 517.0 2039.5 515.0 2043.0 512.5 2047.0 511.5 2052.0 511.5 2053.0 510.5 2058.0 510.5 2067.0 507.5 2070.0 507.5 2074.0 505.5 2077.0 505.5 2081.0 503.5 2092.0 501.5 2096.0 499.5 2100.0 499.5 2105.0 497.5 2112.0 496.5 2121.0 493.5 2125.0 493.5 2142.0 488.5 2147.0 488.5 2152.0 487.5 2159.0 484.5 2162.0 484.5 2166.0 482.5 2171.0 481.5 2176.0 481.5 2182.0 479.5 2187.0 479.5 2192.0 478.5 2201.0 475.5 2205.0 475.5 2210.0 473.5 2213.0 473.5 2227.0 468.5 2231.0 468.5 2240.0 465.5 2249.0 464.5 2254.0 462.5 2261.0 461.5 2262.0 460.5 2272.0 457.5 2276.0 457.5 2283.0 454.5 2287.0 453.5 2303.0 453.5 2307.0 454.5 2310.0 456.5 2314.0 457.5 2316.5 460.0 2319.5 466.0 2320.5 471.0 2322.5 475.0 2328.0 480.5 2330.0 481.5 2342.0 481.5 2346.0 480.5 2347.0 481.5 2354.0 481.5 2355.0 482.5 2362.0 483.5 2369.0 487.5 2376.5 494.0 2379.5 498.0 2383.5 506.0 2383.5 508.0 2386.5 516.0 2387.5 521.0 2387.5 526.0 2390.5 537.0 2390.5 543.0 2391.5 544.0 2391.5 551.0 2392.5 552.0 2392.5 557.0 2393.5 558.0 2393.5 563.0 2394.5 564.0 2394.5 571.0 2395.5 572.0 2395.5 577.0 2396.5 578.0 2396.5 583.0 2397.5 584.0 2397.5 589.0 2398.5 590.0 2398.5 596.0 2399.5 597.0 2399.5 603.0 2400.5 604.0 2400.5 609.0 2402.5 615.0 2402.5 620.0 2403.5 621.0 2404.5 630.0 2406.5 636.0 2406.5 641.0 2407.5 642.0 2407.5 647.0 2408.5 648.0 2408.5 653.0 2409.5 654.0 2409.5 663.0 2410.5 664.0 2410.5 687.0 2409.5 688.0 2409.5 693.0 2404.5 708.0 2401.5 714.0 2393.0 722.5 2390.0 724.5 2386.0 724.5 2381.0 726.5 2377.0 726.5 2370.0 728.5 2365.5 732.0 2362.5 739.0 2362.5 746.0 2361.5 747.0 2361.5 759.0 2362.5 760.0 2362.5 765.0 2363.5 766.0 2363.5 771.0 2367.5 791.0 2368.5 792.0 2368.5 797.0 2369.5 798.0 2369.5 805.0 2370.5 806.0 2370.5 814.0 2371.5 815.0 2371.5 822.0 2372.5 823.0 2372.5 830.0 2373.5 831.0 2373.5 838.0 2374.5 839.0 2374.5 844.0 2375.5 845.0 2375.5 856.0 2376.5 857.0 2375.5 862.0 2372.0 865.5 2363.0 868.5 2340.0 868.5 2339.0 869.5 2316.0 869.5 2315.0 870.5 2288.0 870.5 2287.0 871.5 2258.0 871.5 2257.0 872.5 2234.0 872.5 2233.0 873.5 2215.0 873.5 2214.0 874.5 2201.0 874.5 2200.0 875.5 2175.0 875.5 2174.0 876.5 2139.0 876.5 2138.0 877.5 2130.0 877.5 2129.0 878.5 2102.0 878.5 2094.0 881.5 2089.5 887.0 2088.5 890.0 2084.5 894.0 2080.5 901.0 2076.5 914.0 2076.5 919.0 2075.5 920.0 2075.5 925.0 2074.5 926.0 2074.5 931.0 2073.5 932.0 2073.5 939.0 2072.5 940.0 2072.5 947.0 2071.5 948.0 2071.5 953.0 2070.5 954.0 2070.5 959.0 2069.5 960.0 2069.5 965.0 2068.5 966.0 2068.5 971.0 2066.5 977.0 2066.5 982.0 2065.5 987.0 2063.5 992.0 2062.5 999.0 2060.5 1005.0 2060.5 1010.0 2058.5 1016.0 2058.5 1021.0 2057.5 1022.0 2057.5 1027.0 2056.5 1028.0 2056.5 1033.0 2055.5 1034.0 2055.5 1039.0 2054.5 1040.0 2054.5 1045.0 2053.5 1046.0 2053.5 1052.0 2052.5 1053.0 2052.5 1058.0 2051.5 1063.0 2049.5 1067.0 2049.5 1070.0 2045.0 1076.5 2038.0 1077.5 2037.0 1078.5 2031.0 1078.5 2030.0 1079.5 2025.0 1079.5 2024.0 1080.5 2019.0 1080.5 2018.0 1081.5 2012.0 1081.5 2011.0 1082.5 2006.0 1082.5 2005.0 1083.5 1998.0 1083.5 1997.0 1084.5 1989.0 1084.5 1988.0 1085.5 1983.0 1085.5 1978.0 1086.5 1973.0 1088.5 1967.0 1088.5 1966.0 1089.5 1957.0 1089.5 1956.0 1090.5 1950.0 1090.5 1949.0 1091.5 1943.0 1091.5 1942.0 1092.5 1937.0 1092.5 1936.0 1093.5 1931.0 1093.5 1930.0 1094.5 1924.0 1094.5 1923.0 1095.5 1917.0 1095.5 1916.0 1096.5 1910.0 1096.5 1909.0 1097.5 1903.0 1097.5 1902.0 1098.5 1897.0 1098.5 1891.0 1100.5 1886.0 1100.5 1885.0 1101.5 1880.0 1101.5 1879.0 1102.5 1874.0 1102.5 1869.0 1104.5 1858.0 1104.5 1857.0 1105.5
dispensing_tube_rack 1841.0 579.5 1831.0 579.5 1827.0 577.5 1824.5 575.0 1829.5 571.0 1831.5 565.0 1835.0 562.5 1850.0 559.5 1859.0 556.5 1862.0 554.5 1868.0 552.5 1882.0 552.5 1887.0 548.5 1892.0 548.5 1893.0 547.5 1898.0 547.5 1899.0 546.5 1904.0 546.5 1912.0 544.5 1916.0 545.5 1920.5 548.0 1920.5 560.0 1916.0 565.5 1910.0 566.5 1909.0 567.5 1901.0 567.5 1900.0 568.5 1880.0 568.5 1873.0 571.5 1869.0 572.5 1863.0 572.5 1862.0 573.5 1856.0 573.5 1855.0 574.5 1841.0 579.5
dispensing_tube_rack 1752.0 596.5 1747.0 596.5 1743.0 594.5 1741.5 592.0 1741.5 588.0 1743.5 584.0 1749.0 579.5 1752.0 578.5 1760.0 578.5 1761.0 577.5 1769.0 576.5 1773.0 574.5 1778.0 574.5 1779.0 573.5 1792.0 573.5 1793.0 572.5 1808.0 572.5 1809.0 573.5 1817.0 574.5 1817.5 576.0 1813.0 579.5 1809.0 579.5 1803.5 584.0 1801.5 589.0 1794.0 594.5 1789.0 594.5 1788.0 595.5 1769.0 595.5 1768.0 594.5 1759.0 594.5 1758.0 595.5 1753.0 595.5 1752.0 596.5
dispensing_tube_rack 1974.0 594.5 1968.0 594.5 1956.0 589.5 1963.0 589.5 1969.0 587.5 1975.0 587.5 1982.5 590.0 1981.0 591.5 1974.0 594.5
dispensing_tube_rack 1820.5 979.0 1824.5 976.0 1827.5 969.0 1827.5 960.0 1826.5 959.0 1826.5 935.0 1827.5 934.0 1827.5 918.0 1828.5 917.0 1828.5 900.0 1829.5 899.0 1829.5 887.0 1828.5 883.0 1825.0 878.5 1820.0 877.5 1810.0 879.5 1809.0 880.5 1804.0 880.5 1803.0 881.5 1794.0 881.5 1789.0 882.5 1785.0 884.5 1781.0 884.5 1773.0 886.5 1763.0 890.5 1759.5 894.0 1762.5 897.0 1764.5 901.0 1764.5 904.0 1768.5 912.0 1770.5 914.0 1774.5 923.0 1777.5 928.0 1780.5 931.0 1784.5 940.0 1788.5 946.0 1802.5 965.0 1807.5 974.0 1810.0 976.5 1816.0 978.5 1820.5 979.0
 5ML_centrifuge_tube 2188.0 1034.5 2180.0 1034.5 2174.0 1032.5 2169.0 1032.5 2161.0 1029.5 2156.0 1028.5 2145.0 1022.5 2137.5 1015.0 2131.5 1006.0 2128.5 1000.0 2128.5 998.0 2125.5 992.0 2125.5 989.0 2123.5 985.0 2121.5 974.0 2119.5 970.0 2119.5 965.0 2118.5 964.0 2118.5 956.0 2117.5 955.0 2117.5 950.0 2118.5 949.0 2118.5 944.0 2120.5 936.0 2126.5 926.0 2127.5 923.0 2132.5 916.0 2139.0 909.5 2140.0 909.5 2147.0 902.5 2155.0 898.5 2157.0 898.5 2164.0 894.5 2166.0 894.5 2172.0 891.5 2183.0 889.5 2184.0 888.5 2189.0 888.5 2190.0 887.5 2203.0 887.5 2204.0 888.5 2210.0 888.5 2216.0 890.5 2219.0 892.5 2226.0 894.5 2233.0 898.5 2238.0 902.5 2243.5 908.0 2243.5 909.0 2248.5 914.0 2253.5 922.0 2257.5 934.0 2259.5 946.0 2261.5 951.0 2262.5 956.0 2262.5 961.0 2263.5 962.0 2263.5 980.0 2262.5 981.0 2260.5 990.0 2258.5 995.0 2252.5 1005.0 2245.0 1012.5 2241.0 1014.5 2238.0 1017.5 2232.0 1020.5 2230.0 1022.5 2213.0 1029.5 2209.0 1031.5 2200.0 1032.5 2199.0 1033.5 2189.0 1033.5 2188.0 1034.5
 5ML_centrifuge_tube 2412.0 1032.5 2394.0 1032.5 2393.0 1031.5 2387.0 1031.5 2382.0 1029.5 2378.0 1029.5 2367.0 1024.5 2361.0 1019.5 2360.0 1019.5 2347.5 1007.0 2341.5 996.0 2338.5 986.0 2338.5 982.0 2336.5 976.0 2335.5 967.0 2334.5 966.0 2334.5 961.0 2333.5 960.0 2333.5 936.0 2336.5 930.0 2336.5 928.0 2344.5 914.0 2354.0 904.5 2362.0 898.5 2374.0 892.5 2380.0 888.5 2393.0 884.5 2400.0 884.5 2401.0 883.5 2414.0 883.5 2415.0 882.5 2424.0 882.5 2425.0 883.5 2431.0 883.5 2432.0 884.5 2443.0 886.5 2446.0 888.5 2451.0 889.5 2460.0 894.5 2468.5 902.0 2468.5 903.0 2474.5 909.0 2478.5 915.0 2481.5 922.0 2482.5 931.0 2484.5 937.0 2484.5 945.0 2485.5 946.0 2485.5 955.0 2486.5 956.0 2486.5 977.0 2485.5 978.0 2485.5 984.0 2484.5 985.0 2480.5 995.0 2474.5 1001.0 2474.5 1002.0 2464.0 1012.5 2463.0 1012.5 2454.0 1019.5 2449.0 1021.5 2442.0 1025.5 2431.0 1028.5 2426.0 1030.5 2421.0 1031.5 2413.0 1031.5 2412.0 1032.5
 10ML_centrifuge_tube 2664.0 1019.5 2633.0 1019.5 2632.0 1018.5 2627.0 1018.5 2619.0 1015.5 2604.0 1012.5 2599.0 1009.5 2595.0 1008.5 2589.0 1004.5 2581.0 996.5 2580.0 996.5 2573.5 990.0 2571.5 985.0 2569.5 983.0 2563.5 972.0 2561.5 966.0 2561.5 960.0 2560.5 959.0 2560.5 941.0 2561.5 940.0 2561.5 920.0 2562.5 919.0 2562.5 906.0 2565.5 893.0 2568.5 888.0 2568.5 886.0 2572.5 879.0 2572.5 877.0 2575.5 871.0 2583.0 863.5 2589.0 860.5 2592.0 857.5 2599.0 853.5 2601.0 851.5 2615.0 844.5 2624.0 842.5 2628.0 840.5 2631.0 840.5 2636.0 838.5 2643.0 837.5 2644.0 836.5 2668.0 836.5 2669.0 837.5 2676.0 837.5 2681.0 839.5 2684.0 839.5 2691.0 842.5 2704.0 845.5 2708.0 847.5 2711.0 850.5 2715.0 852.5 2718.0 855.5 2728.0 861.5 2733.5 868.0 2735.5 874.0 2737.5 877.0 2742.5 887.0 2743.5 893.0 2744.5 894.0 2744.5 903.0 2745.5 904.0 2745.5 921.0 2744.5 922.0 2744.5 934.0 2743.5 935.0 2743.5 945.0 2742.5 946.0 2742.5 954.0 2739.5 966.0 2733.5 979.0 2730.5 984.0 2725.5 989.0 2725.5 990.0 2719.0 996.5 2711.0 1001.5 2706.0 1006.5 2703.0 1008.5 2693.0 1013.5 2678.0 1016.5 2677.0 1017.5 2671.0 1017.5 2670.0 1018.5 2665.0 1018.5 2664.0 1019.5
 5ML_centrifuge_tube 2992.0 1190.5 2987.0 1189.5 2981.0 1189.5 2980.0 1188.5 2973.0 1188.5 2972.0 1187.5 2965.0 1187.5 2964.0 1186.5 2954.0 1186.5 2953.0 1187.5 2932.0 1187.5 2931.0 1186.5 2917.0 1186.5 2910.0 1183.5 2906.0 1183.5 2901.0 1181.5 2896.0 1180.5 2890.0 1180.5 2889.0 1179.5 2883.0 1179.5 2882.0 1178.5 2877.0 1178.5 2876.0 1177.5 2870.0 1177.5 2869.0 1176.5 2863.0 1176.5 2862.0 1175.5 2857.0 1175.5 2850.0 1173.5 2843.5 1168.0 2841.5 1162.0 2834.5 1149.0 2833.5 1143.0 2832.5 1142.0 2832.5 1137.0 2831.5 1136.0 2831.5 1124.0 2832.5 1123.0 2832.5 1116.0 2833.5 1115.0 2833.5 1110.0 2834.5 1109.0 2834.5 1104.0 2835.5 1099.0 2837.5 1095.0 2838.5 1088.0 2840.5 1082.0 2842.5 1079.0 2843.5 1074.0 2847.5 1068.0 2848.5 1065.0 2851.5 1061.0 2861.0 1051.5 2867.0 1047.5 2879.0 1041.5 2884.0 1037.5 2892.0 1034.5 2901.0 1033.5 2902.0 1032.5 2907.0 1032.5 2913.0 1030.5 2920.0 1030.5 2921.0 1029.5 2941.0 1029.5 2942.0 1030.5 2951.0 1030.5 2956.0 1031.5 2966.0 1034.5 2969.0 1036.5 2980.0 1039.5 2985.0 1042.5 2993.0 1045.5 2995.0 1047.5 3002.0 1051.5 3006.0 1054.5 3022.5 1071.0 3031.5 1090.0 3031.5 1094.0 3033.5 1098.0 3034.5 1103.0 3034.5 1111.0 3033.5 1112.0 3033.5 1120.0 3031.5 1125.0 3027.5 1142.0 3025.5 1145.0 3024.5 1150.0 3022.5 1155.0 3018.5 1162.0 3017.5 1165.0 3014.5 1169.0 3005.5 1178.0 3005.5 1179.0 2998.0 1186.5 2992.0 1190.5
 10ML_centrifuge_tube 2964.0 1406.5 2962.0 1405.5 2951.0 1405.5 2950.0 1404.5 2943.0 1404.5 2937.0 1402.5 2932.0 1402.5 2927.0 1401.5 2923.0 1399.5 2920.0 1399.5 2915.0 1397.5 2911.0 1394.5 2908.0 1393.5 2903.0 1389.5 2894.0 1385.5 2892.0 1383.5 2886.0 1380.5 2881.0 1376.5 2875.0 1370.5 2874.0 1370.5 2862.5 1359.0 2862.5 1358.0 2854.5 1348.0 2847.5 1337.0 2845.5 1332.0 2843.5 1323.0 2842.5 1322.0 2841.5 1315.0 2840.5 1314.0 2840.5 1304.0 2839.5 1303.0 2839.5 1295.0 2840.5 1294.0 2840.5 1289.0 2841.5 1288.0 2841.5 1283.0 2842.5 1279.0 2846.5 1271.0 2846.5 1268.0 2850.5 1254.0 2852.5 1249.0 2857.5 1239.0 2860.5 1234.0 2864.5 1229.0 2883.0 1210.5 2884.0 1210.5 2889.0 1205.5 2890.0 1205.5 2895.0 1200.5 2903.0 1196.5 2909.0 1194.5 2916.0 1193.5 2922.0 1191.5 2928.0 1191.5 2929.0 1190.5 2935.0 1190.5 2936.0 1189.5 2943.0 1189.5 2944.0 1188.5 2964.0 1188.5 2965.0 1189.5 2971.0 1189.5 2972.0 1190.5 2978.0 1190.5 2979.0 1191.5 2984.0 1191.5 2989.0 1192.5 2993.0 1194.5 3007.0 1197.5 3020.0 1204.5 3027.0 1207.5 3032.0 1211.5 3037.0 1213.5 3044.0 1219.5 3045.0 1219.5 3060.5 1235.0 3063.5 1239.0 3064.5 1242.0 3071.5 1251.0 3074.5 1259.0 3076.5 1262.0 3078.5 1271.0 3079.5 1272.0 3080.5 1281.0 3081.5 1282.0 3081.5 1302.0 3080.5 1303.0 3080.5 1309.0 3077.5 1317.0 3075.5 1325.0 3069.5 1337.0 3064.5 1350.0 3063.5 1351.0 3058.5 1361.0 3054.5 1367.0 3046.5 1375.0 3043.0 1379.5 3042.0 1379.5 3036.0 1385.5 3033.0 1386.5 3030.0 1389.5 3027.0 1390.5 3018.0 1396.5 3013.0 1398.5 3004.0 1400.5 3003.0 1401.5 2988.0 1404.5 2981.0 1404.5 2980.0 1405.5 2965.0 1405.5 2964.0 1406.5
 10ML_centrifuge_tube 2052.0 1384.5 2045.0 1384.5 2044.0 1383.5 2038.0 1383.5 2034.0 1382.5 2027.0 1378.5 2020.5 1372.0 2019.5 1368.0 2017.5 1365.0 2015.5 1357.0 2013.5 1352.0 2012.5 1343.0 2011.5 1342.0 2011.5 1337.0 2010.5 1336.0 2010.5 1330.0 2009.5 1329.0 2009.5 1322.0 2008.5 1321.0 2008.5 1303.0 2007.5 1302.0 2007.5 1281.0 2006.5 1280.0 2006.5 1257.0 2007.5 1256.0 2007.5 1242.0 2008.5 1241.0 2008.5 1236.0 2012.5 1228.0 2017.0 1223.5 2026.0 1219.5 2032.0 1217.5 2041.0 1217.5 2042.0 1216.5 2054.0 1216.5 2055.0 1215.5 2063.0 1215.5 2074.0 1212.5 2089.0 1212.5 2093.0 1214.5 2098.5 1220.0 2101.5 1226.0 2105.0 1229.5 2109.0 1229.5 2116.0 1226.5 2120.0 1225.5 2125.0 1225.5 2126.0 1224.5 2132.0 1224.5 2133.0 1223.5 2140.0 1223.5 2141.0 1222.5 2150.0 1222.5 2151.0 1221.5 2159.0 1221.5 2160.0 1220.5 2166.0 1220.5 2167.0 1219.5 2176.0 1219.5 2177.0 1218.5 2187.0 1218.5 2188.0 1217.5 2200.0 1217.5 2201.0 1216.5 2215.0 1214.5 2220.0 1212.5 2225.0 1211.5 2246.0 1211.5 2251.0 1209.5 2256.0 1209.5 2257.0 1208.5 2263.0 1208.5 2264.0 1207.5 2269.0 1207.5 2270.0 1206.5 2275.0 1206.5 2276.0 1205.5 2281.0 1205.5 2282.0 1204.5 2292.0 1204.5 2293.0 1203.5 2301.0 1203.5 2302.0 1202.5 2314.0 1199.5 2319.0 1199.5 2320.0 1198.5 2327.0 1198.5 2328.0 1197.5 2333.0 1197.5 2334.0 1196.5 2343.0 1195.5 2344.0 1194.5 2358.0 1194.5 2359.0 1193.5 2365.0 1193.5 2369.0 1191.5 2374.0 1190.5 2382.0 1190.5 2383.0 1189.5 2393.0 1189.5 2394.0 1188.5 2400.0 1188.5 2401.0 1187.5 2408.0 1187.5 2409.0 1186.5 2419.0 1186.5 2420.0 1185.5 2428.0 1185.5 2429.0 1184.5 2436.0 1184.5 2437.0 1183.5 2454.0 1183.5 2465.0 1180.5 2472.0 1180.5 2473.0 1179.5 2482.0 1179.5 2483.0 1178.5 2488.0 1178.5 2489.0 1177.5 2495.0 1177.5 2496.0 1176.5 2504.0 1176.5 2505.0 1175.5 2513.0 1175.5 2514.0 1174.5 2520.0 1174.5 2521.0 1173.5 2527.0 1173.5 2528.0 1172.5 2535.0 1172.5 2536.0 1171.5 2546.0 1171.5 2547.0 1170.5 2560.0 1170.5 2561.0 1169.5 2569.0 1169.5 2570.0 1168.5 2577.0 1168.5 2578.0 1167.5 2587.0 1167.5 2588.0 1166.5 2599.0 1166.5 2600.0 1165.5 2609.0 1165.5 2610.0 1164.5 2617.0 1164.5 2618.0 1163.5 2630.0 1163.5 2631.0 1162.5 2639.0 1162.5 2640.0 1161.5 2656.0 1161.5 2657.0 1162.5 2681.0 1162.5 2682.0 1161.5 2687.0 1161.5 2688.0 1160.5 2709.0 1160.5 2710.0 1161.5 2716.0 1161.5 2717.0 1162.5 2723.0 1162.5 2724.0 1163.5 2740.0 1163.5 2741.0 1164.5 2746.0 1164.5 2747.0 1165.5 2765.0 1165.5 2766.0 1166.5 2775.0 1166.5 2776.0 1167.5 2785.0 1167.5 2786.0 1168.5 2798.0 1168.5 2799.0 1169.5 2810.0 1169.5 2811.0 1170.5 2818.0 1170.5 2819.0 1171.5 2826.0 1171.5 2827.0 1172.5 2837.0 1172.5 2838.0 1173.5 2847.0 1174.5 2858.0 1178.5 2864.0 1178.5 2865.0 1179.5 2873.0 1179.5 2882.0 1181.5 2889.0 1184.5 2896.0 1185.5 2901.0 1187.5 2905.5 1191.0 2905.5 1194.0 2887.0 1203.5 2882.5 1209.0 2881.5 1212.0 2877.0 1215.5 2872.0 1217.5 2868.5 1221.0 2865.5 1227.0 2856.5 1236.0 2853.5 1242.0 2850.0 1245.5 2846.0 1247.5 2843.0 1247.5 2837.0 1249.5 2828.0 1254.5 2819.0 1256.5 2814.0 1256.5 2809.0 1258.5 2806.0 1258.5 2802.0 1260.5 2799.0 1260.5 2790.0 1264.5 2788.0 1266.5 2776.0 1271.5 2773.0 1271.5 2769.0 1273.5 2760.0 1275.5 2749.0 1278.5 2746.0 1280.5 2734.0 1284.5 2728.0 1284.5 2723.0 1285.5 2715.0 1289.5 2705.0 1292.5 2699.0 1292.5 2698.0 1293.5 2692.0 1293.5 2691.0 1294.5 2683.0 1294.5 2682.0 1295.5 2674.0 1295.5 2669.0 1296.5 2664.0 1298.5 2659.0 1299.5 2650.0 1299.5 2649.0 1300.5 2640.0 1300.5 2639.0 1301.5 2634.0 1301.5 2633.0 1302.5 2616.0 1302.5 2608.0 1304.5 2604.0 1306.5 2581.0 1306.5 2580.0 1307.5 2575.0 1307.5 2574.0 1308.5 2560.0 1308.5 2559.0 1309.5 2552.0 1309.5 2551.0 1310.5 2545.0 1310.5 2544.0 1311.5 2533.0 1311.5 2532.0 1312.5 2521.0 1312.5 2520.0 1313.5 2509.0 1313.5 2508.0 1314.5 2495.0 1314.5 2494.0 1315.5 2484.0 1315.5 2483.0 1316.5 2476.0 1316.5 2475.0 1317.5 2470.0 1317.5 2469.0 1318.5 2464.0 1318.5 2463.0 1319.5 2458.0 1319.5 2457.0 1320.5 2451.0 1320.5 2450.0 1321.5 2435.0 1321.5 2434.0 1322.5 2425.0 1322.5 2424.0 1323.5 2407.0 1323.5 2402.0 1324.5 2395.0 1327.5 2390.0 1327.5 2389.0 1328.5 2376.0 1328.5 2365.0 1331.5 2359.0 1331.5 2358.0 1332.5 2345.0 1332.5 2344.0 1333.5 2338.0 1333.5 2337.0 1334.5 2323.0 1334.5 2322.0 1333.5 2317.0 1333.5 2316.0 1334.5 2311.0 1334.5 2300.0 1337.5 2293.0 1337.5 2292.0 1338.5 2285.0 1338.5 2284.0 1339.5 2278.0 1339.5 2277.0 1340.5 2269.0 1340.5 2268.0 1341.5 2260.0 1341.5 2259.0 1342.5 2252.0 1342.5 2251.0 1343.5 2245.0 1343.5 2244.0 1344.5 2237.0 1344.5 2236.0 1345.5 2229.0 1345.5 2228.0 1346.5 2221.0 1346.5 2220.0 1347.5 2215.0 1347.5 2214.0 1348.5 2208.0 1348.5 2207.0 1349.5 2200.0 1349.5 2199.0 1350.5 2185.0 1350.5 2184.0 1351.5 2176.0 1351.5 2175.0 1352.5 2168.0 1352.5 2155.0 1355.5 2154.0 1356.5 2128.0 1356.5 2127.0 1357.5 2122.0 1357.5 2120.0 1358.5 2115.5 1364.0 2114.5 1369.0 2112.5 1373.0 2109.0 1376.5 2102.0 1379.5 2099.0 1379.5 2094.0 1381.5 2081.0 1381.5 2080.0 1382.5 2066.0 1382.5 2065.0 1383.5 2053.0 1383.5 2052.0 1384.5
 5ML_sorting_tube_rack 2991.0 1732.5 2974.0 1732.5 2973.0 1731.5 2968.0 1731.5 2967.0 1730.5 2959.0 1730.5 2958.0 1729.5 2946.0 1729.5 2945.0 1728.5 2938.0 1728.5 2937.0 1727.5 2928.0 1727.5 2927.0 1726.5 2920.0 1726.5 2919.0 1725.5 2911.0 1725.5 2910.0 1724.5 2902.0 1724.5 2901.0 1723.5 2895.0 1723.5 2894.0 1722.5 2888.0 1722.5 2887.0 1721.5 2878.0 1721.5 2877.0 1720.5 2869.0 1720.5 2868.0 1719.5 2860.0 1719.5 2859.0 1718.5 2853.0 1718.5 2852.0 1717.5 2844.0 1717.5 2843.0 1716.5 2832.0 1716.5 2831.0 1715.5 2816.0 1715.5 2815.0 1714.5 2806.0 1714.5 2805.0 1713.5 2781.0 1713.5 2780.0 1712.5 2775.0 1712.5 2774.0 1711.5 2769.0 1711.5 2758.0 1707.5 2753.0 1706.5 2747.0 1706.5 2746.0 1705.5 2738.0 1705.5 2737.0 1704.5 2730.0 1704.5 2729.0 1703.5 2724.0 1703.5 2723.0 1702.5 2718.0 1702.5 2717.0 1701.5 2710.0 1701.5 2709.0 1700.5 2701.0 1700.5 2700.0 1699.5 2694.0 1699.5 2693.0 1698.5 2685.0 1698.5 2684.0 1697.5 2675.0 1697.5 2674.0 1696.5 2665.0 1696.5 2664.0 1695.5 2657.0 1695.5 2656.0 1694.5 2649.0 1694.5 2648.0 1693.5 2640.0 1693.5 2639.0 1692.5 2630.0 1692.5 2629.0 1691.5 2621.0 1691.5 2620.0 1690.5 2608.0 1690.5 2607.0 1689.5 2597.0 1689.5 2596.0 1688.5 2591.0 1688.5 2590.0 1687.5 2584.0 1687.5 2583.0 1686.5 2577.0 1686.5 2576.0 1685.5 2570.0 1685.5 2569.0 1684.5 2563.0 1684.5 2562.0 1683.5 2555.0 1683.5 2554.0 1682.5 2544.0 1682.5 2543.0 1681.5 2534.0 1681.5 2533.0 1680.5 2524.0 1680.5 2523.0 1679.5 2516.0 1679.5 2515.0 1678.5 2506.0 1678.5 2505.0 1677.5 2495.0 1677.5 2494.0 1676.5 2487.0 1676.5 2486.0 1675.5 2478.0 1675.5 2477.0 1674.5 2469.0 1674.5 2468.0 1673.5 2463.0 1673.5 2452.0 1670.5 2445.0 1670.5 2444.0 1669.5 2434.0 1669.5 2433.0 1668.5 2424.0 1668.5 2423.0 1667.5 2416.0 1667.5 2415.0 1666.5 2408.0 1666.5 2407.0 1665.5 2398.0 1665.5 2397.0 1664.5 2388.0 1664.5 2387.0 1663.5 2381.0 1663.5 2380.0 1662.5 2372.0 1662.5 2371.0 1661.5 2364.0 1661.5 2363.0 1660.5 2354.0 1660.5 2353.0 1659.5 2345.0 1659.5 2339.0 1657.5 2334.0 1657.5 2333.0 1656.5 2324.0 1656.5 2323.0 1655.5 2314.0 1655.5 2313.0 1654.5 2304.0 1654.5 2303.0 1653.5 2295.0 1653.5 2294.0 1652.5 2286.0 1652.5 2285.0 1651.5 2278.0 1651.5 2277.0 1650.5 2270.0 1650.5 2269.0 1649.5 2264.0 1649.5 2263.0 1648.5 2256.0 1648.5 2255.0 1647.5 2243.0 1647.5 2242.0 1646.5 2232.0 1646.5 2231.0 1645.5 2223.0 1645.5 2222.0 1644.5 2214.0 1644.5 2213.0 1643.5 2207.0 1643.5 2206.0 1642.5 2198.0 1642.5 2197.0 1641.5 2189.0 1641.5 2188.0 1640.5 2180.0 1640.5 2174.0 1638.5 2169.0 1638.5 2159.0 1634.5 2152.5 1628.0 2149.5 1623.0 2147.5 1618.0 2145.5 1616.0 2142.5 1610.0 2138.5 1606.0 2134.5 1600.0 2132.5 1595.0 2129.5 1590.0 2118.5 1576.0 2116.5 1572.0 2111.5 1566.0 2107.5 1558.0 2101.5 1551.0 2098.5 1545.0 2096.5 1543.0 2093.5 1536.0 2090.5 1531.0 2088.5 1525.0 2083.5 1516.0 2079.0 1512.5 2069.0 1502.5 2062.0 1499.5 2056.0 1495.5 2050.5 1489.0 2047.5 1483.0 2045.5 1476.0 2045.5 1447.0 2043.5 1443.0 2039.0 1438.5 2033.0 1435.5 2025.0 1433.5 2021.0 1431.5 2016.0 1430.5 2007.0 1424.5 2003.5 1421.0 1998.5 1413.0 1998.5 1411.0 1995.5 1403.0 1995.5 1388.0 1996.5 1387.0 1996.5 1376.0 1997.5 1375.0 1999.5 1365.0 2004.0 1359.5 2008.0 1363.5 2012.0 1365.5 2019.5 1373.0 2023.0 1377.5 2028.0 1381.5 2034.0 1384.5 2039.0 1385.5 2046.0 1385.5 2047.0 1386.5 2060.0 1386.5 2061.0 1385.5 2070.0 1385.5 2071.0 1384.5 2086.0 1384.5 2087.0 1383.5 2096.0 1383.5 2097.0 1382.5 2104.0 1381.5 2114.0 1377.5 2119.5 1373.0 2123.5 1367.0 2128.0 1364.5 2135.0 1362.5 2146.0 1362.5 2147.0 1361.5 2153.0 1361.5 2161.0 1358.5 2165.0 1358.5 2171.0 1356.5 2176.0 1356.5 2182.0 1354.5 2187.0 1354.5 2188.0 1353.5 2194.0 1353.5 2195.0 1352.5 2202.0 1352.5 2203.0 1351.5 2211.0 1351.5 2212.0 1350.5 2217.0 1350.5 2218.0 1349.5 2224.0 1349.5 2225.0 1348.5 2231.0 1348.5 2232.0 1347.5 2240.0 1347.5 2241.0 1346.5 2249.0 1346.5 2250.0 1345.5 2260.0 1345.5 2261.0 1344.5 2269.0 1344.5 2270.0 1343.5 2281.0 1343.5 2282.0 1342.5 2293.0 1342.5 2294.0 1341.5 2305.0 1341.5 2306.0 1340.5 2314.0 1340.5 2315.0 1339.5 2320.0 1339.5 2325.0 1340.5 2329.0 1342.5 2332.0 1342.5 2346.0 1334.5 2351.0 1333.5 2357.0 1333.5 2358.0 1332.5 2376.0 1332.5 2377.0 1331.5 2383.0 1331.5 2389.0 1329.5 2409.0 1329.5 2410.0 1328.5 2420.0 1328.5 2421.0 1327.5 2451.0 1327.5 2458.0 1324.5 2474.0 1321.5 2479.0 1319.5 2484.0 1319.5 2485.0 1318.5 2493.0 1318.5 2494.0 1317.5 2505.0 1317.5 2506.0 1316.5 2516.0 1316.5 2517.0 1315.5 2524.0 1315.5 2525.0 1314.5 2539.0 1314.5 2540.0 1313.5 2548.0 1313.5 2549.0 1314.5 2560.0 1314.5 2561.0 1313.5 2567.0 1313.5 2573.0 1311.5 2579.0 1311.5 2580.0 1310.5 2587.0 1310.5 2588.0 1309.5 2593.0 1309.5 2594.0 1308.5 2600.0 1308.5 2601.0 1307.5 2616.0 1307.5 2617.0 1306.5 2624.0 1306.5 2625.0 1305.5 2632.0 1305.5 2633.0 1304.5 2647.0 1304.5 2648.0 1303.5 2657.0 1303.5 2658.0 1302.5 2666.0 1302.5 2667.0 1301.5 2674.0 1301.5 2675.0 1300.5 2682.0 1300.5 2683.0 1299.5 2688.0 1299.5 2689.0 1298.5 2701.0 1298.5 2702.0 1297.5 2709.0 1297.5 2715.0 1295.5 2724.0 1293.5 2731.0 1290.5 2736.0 1289.5 2739.0 1287.5 2744.0 1286.5 2749.0 1284.5 2754.0 1281.5 2759.0 1279.5 2767.0 1277.5 2770.0 1275.5 2775.0 1274.5 2778.0 1272.5 2787.0 1269.5 2792.0 1268.5 2796.0 1266.5 2807.0 1264.5 2812.0 1262.5 2816.0 1262.5 2824.0 1259.5 2831.0 1259.5 2836.0 1261.5 2840.5 1267.0 2840.5 1275.0 2839.5 1276.0 2839.5 1284.0 2837.5 1290.0 2837.5 1311.0 2838.5 1312.0 2838.5 1317.0 2839.5 1318.0 2841.5 1329.0 2849.5 1346.0 2853.5 1352.0 2854.5 1355.0 2885.0 1385.5 2896.0 1392.5 2904.0 1396.5 2910.0 1398.5 2917.0 1399.5 2934.0 1406.5 2943.0 1407.5 2944.0 1408.5 2951.0 1408.5 2952.0 1409.5 2970.0 1409.5 2971.0 1408.5 2980.0 1408.5 2981.0 1407.5 2986.0 1407.5 2987.0 1406.5 2992.0 1406.5 2997.0 1404.5 3011.0 1401.5 3018.0 1397.5 3020.0 1397.5 3025.0 1394.5 3030.0 1390.5 3033.0 1389.5 3042.0 1383.5 3047.0 1379.5 3051.5 1375.0 3054.5 1371.0 3056.5 1366.0 3064.5 1353.0 3069.5 1341.0 3071.5 1338.0 3074.5 1330.0 3077.5 1325.0 3079.5 1317.0 3081.5 1313.0 3081.5 1309.0 3083.5 1303.0 3083.5 1283.0 3082.5 1282.0 3082.5 1274.0 3081.5 1273.0 3081.5 1268.0 3080.5 1265.0 3072.5 1249.0 3068.5 1244.0 3065.5 1238.0 3057.5 1230.0 3057.5 1229.0 3046.0 1217.5 3045.0 1217.5 3036.0 1208.5 3026.0 1202.5 3024.0 1202.5 3014.0 1197.5 3011.0 1195.5 3006.5 1191.0 3010.5 1183.0 3016.5 1175.0 3020.5 1164.0 3029.5 1146.0 3031.5 1138.0 3031.5 1134.0 3034.5 1121.0 3036.5 1115.0 3036.5 1104.0 3035.5 1103.0 3035.5 1097.0 3034.5 1092.0 3031.5 1084.0 3029.5 1082.0 3025.5 1075.0 3018.5 1065.0 3006.0 1052.5 3002.0 1050.5 2997.0 1046.5 2985.0 1040.5 2977.0 1035.5 2972.0 1033.5 2964.0 1031.5 2960.0 1029.5 2947.0 1025.5 2906.0 1025.5 2905.0 1026.5 2894.0 1026.5 2893.0 1027.5 2886.0 1027.5 2879.0 1030.5 2875.5 1035.0 2874.5 1040.0 2872.5 1043.0 2861.0 1050.5 2850.5 1061.0 2846.5 1067.0 2844.5 1072.0 2838.5 1080.0 2834.5 1088.0 2833.5 1096.0 2832.5 1097.0 2832.5 1102.0 2831.5 1103.0 2831.5 1108.0 2829.5 1114.0 2829.5 1126.0 2828.5 1127.0 2828.5 1136.0 2829.5 1137.0 2829.5 1147.0 2830.5 1152.0 2832.5 1157.0 2832.5 1164.0 2828.0 1167.5 2806.0 1167.5 2805.0 1166.5 2798.0 1166.5 2797.0 1165.5 2789.0 1165.5 2788.0 1164.5 2779.0 1164.5 2778.0 1163.5 2770.0 1163.5 2769.0 1162.5 2758.0 1162.5 2757.0 1161.5 2749.0 1161.5 2743.0 1159.5 2734.0 1158.5 2724.0 1155.5 2723.0 1154.5 2715.0 1154.5 2714.0 1155.5 2667.0 1155.5 2666.0 1154.5 2659.0 1154.5 2658.0 1155.5 2646.0 1155.5 2641.0 1156.5 2636.0 1158.5 2619.0 1158.5 2618.0 1159.5 2612.0 1159.5 2611.0 1160.5 2606.0 1160.5 2605.0 1161.5 2594.0 1161.5 2593.0 1162.5 2584.0 1162.5 2579.0 1164.5 2574.0 1164.5 2573.0 1165.5 2566.0 1165.5 2565.0 1166.5 2557.0 1166.5 2556.0 1167.5 2550.0 1167.5 2549.0 1168.5 2542.0 1168.5 2541.0 1169.5 2533.0 1169.5 2532.0 1170.5 2525.0 1170.5 2524.0 1171.5 2518.0 1171.5 2517.0 1172.5 2507.0 1172.5 2506.0 1173.5 2487.0 1173.5 2486.0 1174.5 2475.0 1174.5 2474.0 1175.5 2465.0 1175.5 2454.0 1179.5 2447.0 1179.5 2446.0 1180.5 2432.0 1180.5 2431.0 1181.5 2424.0 1181.5 2423.0 1182.5 2418.0 1182.5 2417.0 1183.5 2410.0 1183.5 2409.0 1184.5 2403.0 1184.5 2402.0 1185.5 2397.0 1185.5 2396.0 1186.5 2387.0 1187.5 2386.0 1188.5 2381.0 1188.5 2380.0 1189.5 2368.0 1189.5 2367.0 1188.5 2360.0 1188.5 2356.0 1190.5 2351.0 1190.5 2346.0 1191.5 2341.0 1193.5 2336.0 1194.5 2331.0 1194.5 2330.0 1195.5 2324.0 1195.5 2323.0 1196.5 2318.0 1196.5 2317.0 1197.5 2312.0 1197.5 2311.0 1198.5 2306.0 1198.5 2300.0 1200.5 2294.0 1200.5 2293.0 1201.5 2284.0 1201.5 2283.0 1202.5 2277.0 1202.5 2276.0 1203.5 2267.0 1203.5 2266.0 1204.5 2254.0 1204.5 2253.0 1205.5 2247.0 1205.5 2246.0 1206.5 2234.0 1206.5 2233.0 1207.5 2224.0 1207.5 2218.0 1210.5 2216.0 1210.5 2210.0 1213.5 2204.0 1213.5 2203.0 1214.5 2196.0 1214.5 2195.0 1215.5 2190.0 1215.5 2189.0 1216.5 2183.0 1216.5 2182.0 1217.5 2172.0 1217.5 2171.0 1218.5 2160.0 1218.5 2159.0 1219.5 2148.0 1219.5 2147.0 1220.5 2135.0 1220.5 2134.0 1221.5 2127.0 1221.5 2126.0 1222.5 2117.0 1222.5 2116.0 1223.5 2107.0 1223.5 2100.0 1218.5 2093.0 1211.5 2091.0 1210.5 2086.0 1210.5 2085.0 1209.5 2077.0 1209.5 2076.0 1210.5 2070.0 1210.5 2069.0 1211.5 2063.0 1211.5 2062.0 1212.5 2055.0 1212.5 2054.0 1213.5 2043.0 1213.5 2036.0 1210.5 2032.5 1206.0 2031.5 1202.0 2031.5 1186.0 2032.5 1185.0 2032.5 1180.0 2033.5 1179.0 2033.5 1173.0 2034.5 1172.0 2034.5 1167.0 2035.5 1166.0 2035.5 1160.0 2038.5 1149.0 2038.5 1145.0 2040.5 1140.0 2041.5 1131.0 2042.5 1130.0 2042.5 1125.0 2044.5 1119.0 2044.5 1113.0 2045.5 1112.0 2045.5 1107.0 2046.5 1106.0 2046.5 1101.0 2048.5 1095.0 2049.5 1086.0 2051.5 1081.0 2055.5 1063.0 2055.5 1058.0 2056.5 1057.0 2056.5 1052.0 2058.5 1046.0 2058.5 1041.0 2059.5 1040.0 2059.5 1035.0 2060.5 1034.0 2060.5 1029.0 2061.5 1028.0 2061.5 1023.0 2062.5 1022.0 2062.5 1016.0 2063.5 1015.0 2063.5 1010.0 2065.5 1004.0 2065.5 999.0 2067.5 994.0 2067.5 990.0 2069.5 985.0 2070.5 976.0 2072.5 971.0 2073.5 966.0 2073.5 961.0 2074.5 960.0 2074.5 954.0 2076.5 949.0 2077.5 944.0 2077.5 939.0 2079.5 933.0 2079.5 928.0 2080.5 927.0 2080.5 922.0 2084.5 912.0 2085.5 907.0 2089.5 900.0 2093.0 895.5 2104.0 890.5 2106.0 888.5 2111.0 886.5 2117.0 886.5 2118.0 885.5 2128.0 885.5 2129.0 884.5 2141.0 884.5 2142.0 885.5 2147.0 885.5 2152.0 887.5 2154.5 890.0 2154.5 892.0 2151.0 895.5 2148.0 896.5 2142.5 902.0 2139.5 908.0 2132.5 915.0 2129.5 919.0 2126.5 925.0 2121.5 932.0 2118.5 939.0 2117.5 943.0 2117.5 948.0 2116.5 949.0 2116.5 959.0 2117.5 960.0 2117.5 967.0 2119.5 972.0 2119.5 975.0 2125.5 991.0 2127.5 999.0 2129.5 1004.0 2134.5 1013.0 2142.0 1020.5 2156.0 1029.5 2161.0 1031.5 2166.0 1034.5 2171.0 1034.5 2172.0 1035.5 2202.0 1035.5 2210.0 1033.5 2218.0 1028.5 2230.0 1023.5 2240.0 1018.5 2246.0 1014.5 2251.5 1009.0 2254.5 1004.0 2258.5 1000.0 2261.5 995.0 2265.5 983.0 2265.5 978.0 2266.5 977.0 2266.5 963.0 2264.5 955.0 2263.5 954.0 2261.5 942.0 2259.5 934.0 2257.5 931.0 2255.5 925.0 2251.5 916.0 2242.5 903.0 2237.0 898.5 2229.0 894.5 2225.5 891.0 2228.0 887.5 2231.0 885.5 2238.0 882.5 2241.0 882.5 2245.0 880.5 2253.0 879.5 2254.0 878.5 2262.0 878.5 2263.0 877.5 2271.0 877.5 2272.0 876.5 2298.0 876.5 2299.0 875.5 2312.0 875.5 2313.0 874.5 2339.0 874.5 2348.0 877.5 2355.0 877.5 2356.0 878.5 2391.0 878.5 2390.5 884.0 2387.0 890.5 2383.0 891.5 2369.0 891.5 2368.0 890.5 2361.0 890.5 2355.0 895.5 2351.0 897.5 2348.5 900.0 2346.5 904.0 2345.5 909.0 2343.5 912.0 2338.5 924.0 2334.5 936.0 2333.5 941.0 2333.5 966.0 2336.5 975.0 2337.5 984.0 2340.5 993.0 2342.5 1002.0 2344.5 1005.0 2345.5 1009.0 2351.0 1015.5 2363.0 1023.5 2376.0 1030.5 2382.0 1031.5 2387.0 1033.5 2392.0 1034.5 2412.0 1034.5 2413.0 1033.5 2419.0 1033.5 2424.0 1032.5 2433.0 1029.5 2436.0 1029.5 2447.0 1025.5 2455.0 1021.5 2461.0 1016.5 2462.0 1016.5 2467.0 1011.5 2468.0 1011.5 2475.5 1004.0 2484.5 989.0 2487.5 978.0 2487.5 958.0 2486.5 957.0 2486.5 950.0 2485.5 949.0 2485.5 941.0 2484.5 940.0 2484.5 934.0 2481.5 926.0 2480.5 919.0 2478.5 914.0 2474.5 907.0 2463.0 895.5 2462.0 895.5 2457.5 891.0 2454.5 884.0 2453.5 878.0 2454.5 875.0 2465.0 869.5 2470.0 869.5 2471.0 868.5 2485.0 868.5 2486.0 867.5 2509.0 867.5 2510.0 866.5 2527.0 866.5 2528.0 865.5 2558.0 865.5 2565.0 868.5 2569.5 874.0 2569.5 881.0 2564.5 893.0 2563.5 900.0 2561.5 906.0 2561.5 917.0 2560.5 918.0 2560.5 940.0 2559.5 941.0 2559.5 960.0 2560.5 961.0 2560.5 968.0 2563.5 974.0 2564.5 978.0 2566.5 980.0 2568.5 985.0 2573.5 994.0 2578.5 999.0 2582.5 1005.0 2584.5 1010.0 2590.0 1015.5 2592.0 1015.5 2598.0 1018.5 2604.0 1022.5 2609.0 1024.5 2616.0 1025.5 2617.0 1026.5 2622.0 1026.5 2623.0 1027.5 2628.0 1027.5 2629.0 1028.5 2667.0 1028.5 2668.0 1027.5 2675.0 1027.5 2676.0 1026.5 2683.0 1025.5 2684.0 1024.5 2690.0 1023.5 2702.0 1013.5 2706.0 1011.5 2716.0 1004.5 2720.5 1000.0 2720.5 999.0 2725.5 994.0 2730.5 986.0 2734.5 981.0 2735.5 978.0 2741.5 969.0 2742.5 962.0 2744.5 957.0 2744.5 952.0 2745.5 951.0 2745.5 945.0 2746.5 944.0 2746.5 935.0 2747.5 934.0 2747.5 915.0 2748.5 914.0 2748.5 904.0 2747.5 903.0 2747.5 897.0 2746.5 892.0 2744.5 887.0 2744.5 884.0 2742.5 880.0 2742.5 874.0 2744.5 870.0 2750.0 864.5 2754.0 863.5 2757.0 861.5 2764.0 859.5 2769.0 859.5 2770.0 858.5 2777.0 858.5 2778.0 857.5 2790.0 857.5 2791.0 856.5 2798.0 856.5 2799.0 855.5 2804.0 855.5 2805.0 854.5 2818.0 854.5 2819.0 853.5 2838.0 853.5 2839.0 852.5 2866.0 852.5 2867.0 851.5 2891.0 851.5 2892.0 850.5 2915.0 850.5 2916.0 849.5 2929.0 849.5 2930.0 848.5 2939.0 848.5 2940.0 849.5 2950.0 849.5 2951.0 848.5 2992.0 848.5 2993.0 847.5 3008.0 847.5 3009.0 846.5 3037.0 846.5 3038.0 847.5 3047.0 847.5 3048.0 848.5 3053.0 848.5 3066.0 854.5 3071.5 860.0 3074.5 866.0 3076.5 868.0 3080.5 877.0 3081.5 881.0 3081.5 887.0 3082.5 888.0 3082.5 893.0 3084.5 899.0 3084.5 906.0 3085.5 907.0 3085.5 913.0 3086.5 914.0 3086.5 920.0 3087.5 921.0 3087.5 928.0 3088.5 929.0 3088.5 934.0 3089.5 935.0 3092.5 950.0 3092.5 967.0 3093.5 968.0 3093.5 974.0 3094.5 975.0 3094.5 981.0 3095.5 982.0 3095.5 991.0 3096.5 992.0 3096.5 999.0 3097.5 1000.0 3097.5 1011.0 3098.5 1012.0 3098.5 1024.0 3099.5 1025.0 3099.5 1032.0 3100.5 1033.0 3100.5 1038.0 3103.5 1047.0 3103.5 1056.0 3104.5 1057.0 3104.5 1062.0 3105.5 1067.0 3107.5 1072.0 3108.5 1077.0 3108.5 1083.0 3109.5 1084.0 3109.5 1090.0 3110.5 1095.0 3112.5 1100.0 3112.5 1105.0 3113.5 1106.0 3113.5 1111.0 3114.5 1112.0 3114.5 1118.0 3115.5 1119.0 3115.5 1124.0 3116.5 1125.0 3116.5 1130.0 3117.5 1131.0 3117.5 1138.0 3118.5 1139.0 3118.5 1147.0 3119.5 1148.0 3119.5 1154.0 3120.5 1155.0 3120.5 1162.0 3121.5 1163.0 3121.5 1171.0 3122.5 1172.0 3122.5 1180.0 3123.5 1181.0 3123.5 1189.0 3124.5 1190.0 3124.5 1197.0 3125.5 1198.0 3125.5 1203.0 3126.5 1204.0 3126.5 1211.0 3127.5 1212.0 3127.5 1218.0 3128.5 1219.0 3128.5 1224.0 3129.5 1225.0 3129.5 1231.0 3130.5 1232.0 3130.5 1237.0 3131.5 1238.0 3131.5 1245.0 3132.5 1246.0 3132.5 1252.0 3133.5 1253.0 3133.5 1259.0 3134.5 1260.0 3134.5 1266.0 3135.5 1267.0 3135.5 1272.0 3136.5 1273.0 3136.5 1278.0 3137.5 1279.0 3137.5 1285.0 3138.5 1286.0 3138.5 1293.0 3139.5 1294.0 3139.5 1299.0 3140.5 1300.0 3140.5 1308.0 3141.5 1309.0 3141.5 1315.0 3142.5 1316.0 3143.5 1325.0 3144.5 1326.0 3144.5 1332.0 3145.5 1333.0 3145.5 1338.0 3146.5 1339.0 3146.5 1345.0 3147.5 1346.0 3147.5 1352.0 3150.5 1363.0 3152.5 1373.0 3152.5 1378.0 3153.5 1379.0 3153.5 1385.0 3154.5 1386.0 3154.5 1391.0 3155.5 1392.0 3155.5 1399.0 3156.5 1400.0 3156.5 1406.0 3157.5 1407.0 3157.5 1413.0 3158.5 1414.0 3158.5 1419.0 3159.5 1420.0 3159.5 1428.0 3160.5 1429.0 3160.5 1436.0 3161.5 1437.0 3161.5 1445.0 3162.5 1446.0 3162.5 1454.0 3163.5 1455.0 3163.5 1465.0 3164.5 1466.0 3164.5 1479.0 3163.5 1480.0 3163.5 1486.0 3161.5 1495.0 3159.5 1500.0 3152.5 1511.0 3150.5 1513.0 3144.5 1523.0 3141.5 1526.0 3139.5 1530.0 3136.5 1533.0 3133.5 1540.0 3131.5 1542.0 3128.5 1549.0 3125.5 1554.0 3115.5 1566.0 3106.5 1579.0 3105.5 1582.0 3099.5 1591.0 3093.5 1598.0 3090.5 1604.0 3088.5 1606.0 3084.5 1614.0 3077.5 1622.0 3074.5 1629.0 3072.5 1631.0 3070.5 1636.0 3067.5 1641.0 3063.5 1646.0 3062.5 1649.0 3058.5 1654.0 3057.5 1657.0 3053.5 1663.0 3050.5 1666.0 3048.5 1670.0 3042.5 1678.0 3041.5 1681.0 3037.5 1686.0 3035.5 1690.0 3032.5 1693.0 3029.5 1699.0 3024.5 1705.0 3024.5 1706.0 3013.5 1717.0 3013.5 1718.0 3006.0 1725.5 3003.0 1726.5 2994.0 1731.5 2991.0 1732.5
dispensing_tube_rack 3839.0 2005.5 3826.0 2005.5 3825.0 2006.5 3812.0 2006.5 3811.0 2007.5 3801.0 2007.5 3800.0 2008.5 3790.0 2008.5 3789.0 2009.5 3784.0 2009.5 3779.0 2011.5 3775.0 2011.5 3763.0 2014.5 3759.0 2016.5 3754.0 2017.5 3751.0 2019.5 3740.0 2022.5 3728.0 2027.5 3725.0 2027.5 3721.0 2029.5 3716.0 2030.5 3703.0 2037.5 3695.0 2039.5 3692.0 2041.5 3689.0 2041.5 3685.0 2043.5 3677.0 2045.5 3672.5 2051.0 3672.5 2063.0 3674.5 2069.0 3677.5 2075.0 3677.5 2078.0 3679.5 2082.0 3680.5 2087.0 3683.5 2092.0 3683.5 2094.0 3687.5 2103.0 3689.5 2112.0 3691.5 2115.0 3691.5 2118.0 3693.5 2122.0 3695.5 2131.0 3698.5 2137.0 3698.5 2148.0 3699.5 2150.0 3696.0 2152.5 3692.0 2153.5 3686.0 2153.5 3685.0 2154.5 3674.0 2154.5 3673.0 2153.5 3660.0 2153.5 3659.0 2154.5 3630.0 2154.5 3629.0 2153.5 3595.0 2153.5 3594.0 2152.5 3579.0 2152.5 3575.0 2151.5 3570.5 2147.0 3558.5 2126.0 3555.5 2115.0 3553.5 2112.0 3551.5 2105.0 3548.5 2100.0 3544.5 2091.0 3541.5 2080.0 3539.5 2076.0 3537.5 2068.0 3533.5 2062.0 3532.5 2057.0 3529.5 2052.0 3527.5 2046.0 3527.5 2043.0 3524.5 2036.0 3522.5 2028.0 3518.5 2021.0 3516.5 2014.0 3513.5 2009.0 3511.5 2004.0 3509.5 1996.0 3507.5 1992.0 3505.5 1984.0 3499.5 1971.0 3496.5 1960.0 3493.5 1953.0 3492.5 1948.0 3485.5 1935.0 3483.5 1930.0 3482.5 1925.0 3480.5 1920.0 3477.5 1915.0 3477.5 1913.0 3473.5 1906.0 3473.5 1904.0 3470.5 1899.0 3468.5 1894.0 3466.5 1886.0 3464.5 1883.0 3462.5 1875.0 3458.5 1868.0 3458.5 1866.0 3454.5 1858.0 3454.5 1855.0 3452.5 1852.0 3451.5 1847.0 3447.5 1839.0 3446.5 1834.0 3444.5 1831.0 3441.5 1823.0 3439.5 1820.0 3438.5 1815.0 3434.5 1807.0 3434.5 1804.0 3432.5 1798.0 3427.5 1788.0 3424.5 1783.0 3423.5 1778.0 3418.5 1766.0 3414.5 1759.0 3414.5 1757.0 3409.5 1748.0 3406.5 1737.0 3404.5 1733.0 3402.5 1725.0 3400.5 1720.0 3397.5 1715.0 3397.5 1713.0 3393.5 1706.0 3392.5 1701.0 3390.5 1698.0 3389.5 1693.0 3387.5 1690.0 3386.5 1685.0 3382.5 1674.0 3379.5 1669.0 3379.5 1667.0 3375.5 1657.0 3374.5 1652.0 3372.5 1647.0 3367.5 1638.0 3367.5 1636.0 3363.5 1629.0 3359.5 1617.0 3353.5 1606.0 3353.5 1604.0 3350.5 1599.0 3346.5 1585.0 3344.5 1582.0 3343.5 1576.0 3341.5 1571.0 3338.5 1567.0 3337.5 1562.0 3335.5 1559.0 3330.5 1544.0 3328.5 1535.0 3326.5 1529.0 3323.5 1524.0 3323.5 1522.0 3319.5 1515.0 3317.5 1510.0 3314.5 1499.0 3308.5 1488.0 3304.5 1479.0 3303.5 1474.0 3296.5 1460.0 3296.5 1458.0 3293.5 1453.0 3292.5 1448.0 3288.5 1439.0 3287.5 1434.0 3285.5 1430.0 3285.5 1427.0 3282.5 1421.0 3282.5 1419.0 3278.5 1412.0 3274.5 1403.0 3272.5 1395.0 3268.5 1385.0 3266.5 1376.0 3263.5 1371.0 3263.5 1369.0 3260.5 1364.0 3257.5 1353.0 3253.5 1342.0 3251.5 1339.0 3248.5 1331.0 3244.5 1324.0 3244.5 1322.0 3241.5 1317.0 3241.5 1315.0 3238.5 1310.0 3236.5 1303.0 3233.5 1299.0 3233.5 1297.0 3229.5 1290.0 3228.5 1285.0 3226.5 1282.0 3223.5 1271.0 3220.5 1266.0 3218.5 1261.0 3217.5 1256.0 3214.5 1251.0 3213.5 1246.0 3211.5 1243.0 3208.5 1232.0 3206.5 1227.0 3202.5 1220.0 3202.5 1218.0 3198.5 1210.0 3195.5 1199.0 3190.5 1190.0 3190.5 1188.0 3184.5 1177.0 3182.5 1170.0 3178.5 1163.0 3178.5 1161.0 3173.5 1150.0 3169.5 1140.0 3169.5 1137.0 3167.5 1133.0 3164.5 1121.0 3162.5 1118.0 3161.5 1112.0 3154.5 1098.0 3152.5 1090.0 3152.5 1084.0 3153.5 1083.0 3153.5 1078.0 3154.5 1073.0 3158.5 1065.0 3158.5 1063.0 3162.5 1054.0 3169.0 1048.5 3175.0 1046.5 3181.0 1046.5 3182.0 1045.5 3189.0 1045.5 3190.0 1044.5 3196.0 1044.5 3197.0 1043.5 3204.0 1043.5 3205.0 1042.5 3211.0 1042.5 3217.0 1040.5 3222.0 1040.5 3223.0 1039.5 3230.0 1039.5 3231.0 1038.5 3241.0 1038.5 3242.0 1037.5 3251.0 1037.5 3252.0 1036.5 3258.0 1036.5 3259.0 1035.5 3268.0 1035.5 3269.0 1034.5 3277.0 1034.5 3278.0 1033.5 3283.0 1033.5 3284.0 1032.5 3290.0 1032.5 3291.0 1031.5 3308.0 1031.5 3309.0 1030.5 3318.0 1030.5 3319.0 1029.5 3327.0 1029.5 3328.0 1028.5 3343.0 1028.5 3351.0 1032.5 3354.5 1029.0 3363.0 1024.5 3369.5 1018.0 3372.5 1013.0 3380.5 997.0 3388.5 987.0 3397.5 969.0 3400.5 966.0 3406.5 956.0 3406.5 954.0 3412.5 943.0 3417.5 937.0 3423.5 926.0 3424.5 921.0 3427.5 916.0 3432.5 911.0 3433.5 909.0 3433.5 902.0 3431.5 896.0 3431.5 886.0 3432.5 885.0 3432.5 878.0 3435.5 871.0 3440.5 861.0 3442.5 858.0 3447.5 853.0 3450.5 848.0 3457.0 841.5 3458.0 841.5 3469.0 832.5 3475.0 829.5 3479.0 828.5 3488.5 819.0 3491.5 815.0 3494.5 808.0 3494.5 804.0 3499.5 794.0 3504.5 785.0 3507.5 782.0 3512.5 770.0 3517.0 765.5 3523.0 762.5 3527.0 758.5 3534.0 754.5 3538.0 754.5 3543.0 752.5 3548.0 751.5 3563.0 751.5 3564.0 750.5 3570.0 750.5 3571.0 749.5 3576.0 749.5 3577.0 748.5 3584.0 748.5 3585.0 747.5 3591.0 747.5 3599.0 745.5 3603.0 743.5 3608.0 743.5 3609.0 742.5 3615.0 742.5 3616.0 741.5 3622.0 741.5 3628.0 739.5 3635.0 739.5 3636.0 738.5 3643.0 738.5 3644.0 737.5 3650.0 737.5 3651.0 736.5 3659.0 736.5 3660.0 735.5 3668.0 735.5 3669.0 734.5 3677.0 734.5 3678.0 733.5 3685.0 733.5 3696.0 730.5 3703.0 730.5 3704.0 729.5 3710.0 729.5 3711.0 728.5 3717.0 728.5 3718.0 727.5 3724.0 727.5 3725.0 726.5 3730.0 726.5 3736.0 724.5 3743.0 724.5 3744.0 723.5 3750.0 723.5 3756.0 721.5 3763.0 721.5 3764.0 720.5 3771.0 720.5 3772.0 719.5 3778.0 719.5 3784.0 717.5 3789.0 717.5 3790.0 716.5 3795.0 716.5 3800.0 715.5 3805.0 713.5 3811.0 713.5 3812.0 712.5 3818.0 712.5 3823.0 711.5 3828.0 709.5 3839.0 709.5
dispensing_tube_rack 3764.5 866.0 3772.0 865.5 3773.0 864.5 3788.0 864.5 3795.0 860.5 3796.5 858.0 3796.5 855.0 3799.5 849.0 3794.0 843.5 3788.0 839.5 3783.5 835.0 3783.5 834.0 3777.0 828.5 3775.5 826.0 3768.0 818.5 3757.0 813.5 3753.0 812.5 3747.0 812.5 3746.0 811.5 3737.0 810.5 3728.0 807.5 3709.0 807.5 3700.0 804.5 3695.0 804.5 3694.0 805.5 3685.0 807.5 3668.0 812.5 3664.5 816.0 3664.5 822.0 3665.5 823.0 3666.5 830.0 3670.0 833.5 3678.0 837.5 3682.5 842.0 3686.0 846.5 3689.0 848.5 3698.0 852.5 3706.0 854.5 3714.0 857.5 3718.0 857.5 3726.0 861.5 3728.0 861.5 3736.0 864.5 3742.0 864.5 3743.0 865.5 3749.0 865.5 3750.0 866.5 3764.0 866.5 3764.5 866.0
dispensing_tube_rack 3669.5 1273.0 3677.0 1265.5 3680.0 1264.5 3689.0 1255.5 3692.0 1254.5 3694.5 1250.0 3689.0 1245.5 3684.0 1243.5 3680.0 1243.5 3669.0 1249.5 3668.0 1249.5 3663.5 1254.0 3663.5 1269.0 3664.5 1271.0 3669.5 1273.0
dispensing_tube_rack 3656.5 1494.0 3664.0 1493.5 3670.5 1490.0 3667.0 1486.5 3659.0 1483.5 3656.0 1481.5 3650.0 1481.5 3640.0 1489.5 3641.0 1491.5 3646.0 1492.5 3651.0 1494.5 3656.5 1494.0
blood_tube 1314.0 1095.5 1308.0 1095.5 1307.0 1094.5 1292.0 1094.5 1291.0 1093.5 1280.0 1093.5 1270.0 1091.5 1269.0 1090.5 1234.0 1090.5 1233.0 1089.5 1218.0 1089.5 1217.0 1088.5 1211.0 1088.5 1210.0 1087.5 1203.0 1087.5 1202.0 1086.5 1194.0 1086.5 1193.0 1085.5 1183.0 1085.5 1182.0 1084.5 1175.0 1084.5 1174.0 1083.5 1167.0 1083.5 1166.0 1082.5 1158.0 1082.5 1157.0 1081.5 1148.0 1081.5 1147.0 1080.5 1128.0 1080.5 1127.0 1079.5 1117.0 1079.5 1116.0 1078.5 1110.0 1078.5 1109.0 1077.5 1103.0 1077.5 1102.0 1076.5 1094.0 1076.5 1093.0 1075.5 1086.0 1075.5 1085.0 1074.5 1076.0 1074.5 1075.0 1073.5 1069.0 1073.5 1068.0 1072.5 1062.0 1072.5 1061.0 1071.5 1039.0 1071.5 1033.0 1069.5 1028.0 1069.5 1027.0 1068.5 1019.0 1068.5 1018.0 1067.5 1012.0 1067.5 1011.0 1066.5 1005.0 1066.5 1004.0 1065.5 998.0 1065.5 989.0 1062.5 986.0 1060.5 976.0 1058.5 975.0 1057.5 963.0 1057.5 960.0 1058.5 951.0 1063.5 948.0 1064.5 941.0 1064.5 940.0 1065.5 934.0 1065.5 933.0 1064.5 917.0 1064.5 916.0 1063.5 903.0 1063.5 902.0 1062.5 897.0 1062.5 884.0 1059.5 883.0 1058.5 875.0 1056.5 872.0 1056.5 867.0 1054.5 858.0 1053.5 857.0 1052.5 849.0 1051.5 837.0 1044.5 829.5 1037.0 829.5 1036.0 824.5 1030.0 821.5 1024.0 821.5 1021.0 819.5 1016.0 818.5 1007.0 819.5 1006.0 819.5 995.0 821.5 991.0 822.5 986.0 824.5 982.0 835.0 971.5 842.0 967.5 844.0 965.5 851.0 962.5 859.0 960.5 867.0 960.5 868.0 959.5 882.0 959.5 883.0 960.5 904.0 960.5 905.0 961.5 911.0 961.5 912.0 962.5 917.0 962.5 918.0 963.5 936.0 963.5 937.0 964.5 950.0 964.5 954.0 965.5 959.0 968.5 961.0 968.5 965.0 971.5 976.0 973.5 977.0 974.5 985.0 974.5 986.0 975.5 999.0 975.5 1000.0 976.5 1007.0 976.5 1008.0 977.5 1014.0 977.5 1015.0 978.5 1023.0 978.5 1024.0 979.5 1058.0 979.5 1059.0 980.5 1072.0 980.5 1073.0 981.5 1083.0 981.5 1084.0 982.5 1093.0 982.5 1094.0 983.5 1103.0 983.5 1104.0 984.5 1112.0 984.5 1113.0 985.5 1125.0 985.5 1126.0 986.5 1136.0 986.5 1137.0 987.5 1146.0 987.5 1147.0 988.5 1163.0 988.5 1164.0 989.5 1170.0 989.5 1171.0 990.5 1178.0 990.5 1179.0 991.5 1189.0 991.5 1190.0 992.5 1197.0 992.5 1198.0 993.5 1204.0 993.5 1205.0 994.5 1216.0 994.5 1217.0 995.5 1224.0 995.5 1225.0 996.5 1231.0 996.5 1232.0 997.5 1240.0 997.5 1241.0 998.5 1250.0 998.5 1251.0 999.5 1264.0 999.5 1265.0 1000.5 1273.0 1000.5 1274.0 1001.5 1287.0 1001.5 1288.0 1002.5 1303.0 1002.5 1304.0 1003.5 1313.0 1003.5 1314.0 1004.5 1320.0 1004.5 1326.0 1006.5 1334.0 1006.5 1335.0 1007.5 1342.0 1007.5 1353.0 1010.5 1364.0 1012.5 1370.0 1015.5 1375.5 1021.0 1380.5 1032.0 1382.5 1040.0 1383.5 1041.0 1383.5 1046.0 1384.5 1047.0 1384.5 1052.0 1385.5 1053.0 1385.5 1061.0 1383.5 1066.0 1383.5 1070.0 1381.5 1075.0 1373.0 1085.5 1365.0 1089.5 1357.0 1091.5 1356.0 1092.5 1351.0 1092.5 1350.0 1093.5 1345.0 1093.5 1344.0 1094.5 1335.0 1094.5 1334.0 1093.5 1323.0 1093.5 1322.0 1094.5 1315.0 1094.5 1314.0 1095.5
blood_tube 1191.0 1394.5 1172.0 1394.5 1161.0 1391.5 1153.0 1386.5 1148.0 1382.5 1143.0 1379.5 1136.0 1377.5 1133.0 1375.5 1122.0 1372.5 1114.0 1368.5 1112.0 1368.5 1105.0 1365.5 1100.0 1364.5 1096.0 1362.5 1089.0 1361.5 1083.0 1359.5 1080.0 1357.5 1071.0 1355.5 1067.0 1353.5 1059.0 1351.5 1054.0 1348.5 1049.0 1347.5 1043.0 1347.5 1037.0 1344.5 1026.0 1340.5 1021.0 1337.5 1016.0 1336.5 1008.0 1332.5 994.0 1328.5 989.0 1326.5 984.0 1323.5 979.0 1322.5 974.0 1322.5 966.0 1319.5 963.0 1316.5 955.0 1312.5 950.0 1311.5 946.0 1309.5 932.0 1305.5 915.0 1296.5 910.0 1294.5 905.0 1293.5 896.0 1288.5 884.0 1284.5 879.0 1281.5 874.0 1279.5 859.0 1274.5 854.0 1272.5 849.0 1269.5 847.0 1269.5 836.0 1263.5 831.0 1258.5 828.0 1257.5 823.0 1257.5 822.0 1256.5 799.0 1256.5 793.0 1254.5 788.0 1254.5 782.0 1251.5 780.0 1249.5 774.0 1247.5 767.0 1243.5 755.0 1239.5 748.0 1235.5 746.0 1235.5 741.0 1232.5 736.0 1231.5 730.0 1228.5 724.0 1224.5 721.0 1221.5 714.0 1218.5 701.5 1206.0 700.5 1202.0 698.5 1199.0 696.5 1190.0 696.5 1178.0 698.5 1169.0 700.5 1166.0 701.5 1161.0 705.5 1156.0 707.5 1152.0 716.0 1143.5 721.0 1140.5 725.0 1136.5 728.0 1135.5 739.0 1129.5 743.0 1128.5 750.0 1128.5 751.0 1127.5 761.0 1127.5 762.0 1128.5 767.0 1128.5 768.0 1129.5 775.0 1130.5 779.0 1132.5 787.0 1133.5 791.0 1135.5 804.0 1138.5 807.0 1140.5 813.0 1142.5 816.0 1142.5 821.0 1144.5 824.0 1144.5 828.0 1146.5 836.0 1148.5 841.0 1151.5 843.0 1151.5 852.0 1156.5 859.5 1164.0 862.5 1171.0 865.0 1173.5 870.0 1175.5 875.0 1175.5 876.0 1176.5 883.0 1176.5 884.0 1177.5 891.0 1177.5 892.0 1178.5 901.0 1180.5 902.0 1181.5 910.0 1183.5 919.0 1188.5 921.0 1188.5 934.0 1195.5 943.0 1197.5 956.0 1205.5 962.0 1207.5 975.0 1210.5 980.0 1213.5 985.0 1215.5 990.0 1216.5 999.0 1221.5 1009.0 1225.5 1012.0 1225.5 1022.0 1229.5 1025.0 1229.5 1031.0 1232.5 1038.0 1234.5 1043.0 1237.5 1048.0 1238.5 1051.0 1240.5 1062.0 1243.5 1067.0 1246.5 1072.0 1248.5 1078.0 1249.5 1084.0 1252.5 1088.0 1253.5 1091.0 1257.5 1097.0 1260.5 1100.0 1260.5 1106.0 1263.5 1112.0 1265.5 1115.0 1265.5 1119.0 1267.5 1124.0 1268.5 1127.0 1270.5 1132.0 1271.5 1135.0 1273.5 1138.0 1273.5 1150.0 1277.5 1153.0 1279.5 1158.0 1280.5 1161.0 1282.5 1166.0 1283.5 1175.0 1287.5 1177.0 1287.5 1184.0 1291.5 1195.0 1296.5 1197.0 1296.5 1204.0 1300.5 1209.0 1302.5 1213.0 1305.5 1222.5 1315.0 1225.5 1320.0 1228.5 1329.0 1228.5 1338.0 1229.5 1342.0 1228.5 1343.0 1228.5 1351.0 1227.5 1352.0 1227.5 1357.0 1221.5 1371.0 1217.5 1378.0 1214.5 1382.0 1207.0 1388.5 1199.0 1392.5 1192.0 1393.5 1191.0 1394.5
 10ML_sorting_tube_rack 1005.0 1638.5 997.0 1638.5 992.0 1635.5 988.5 1631.0 983.0 1625.5 976.0 1622.5 967.0 1619.5 958.0 1618.5 949.0 1615.5 946.0 1613.5 935.0 1609.5 932.0 1606.5 920.0 1599.5 918.0 1599.5 913.0 1596.5 911.0 1596.5 904.0 1592.5 899.0 1590.5 894.0 1589.5 884.0 1585.5 875.0 1583.5 873.0 1581.5 856.0 1573.5 842.0 1569.5 832.0 1561.5 822.0 1558.5 818.0 1558.5 810.0 1554.5 808.0 1554.5 793.0 1546.5 788.0 1545.5 775.0 1539.5 772.5 1537.0 769.5 1530.0 766.5 1517.0 764.5 1514.0 759.0 1509.5 749.0 1506.5 745.0 1504.5 742.0 1504.5 736.0 1501.5 732.0 1500.5 730.0 1498.5 721.0 1494.5 713.0 1492.5 712.0 1491.5 706.0 1491.5 705.0 1490.5 654.0 1490.5 650.0 1489.5 643.0 1485.5 636.5 1479.0 634.5 1474.0 633.5 1469.0 633.5 1459.0 637.5 1450.0 637.5 1447.0 640.5 1441.0 641.5 1437.0 647.5 1429.0 649.5 1424.0 655.5 1404.0 656.5 1399.0 659.5 1390.0 659.5 1388.0 662.5 1383.0 663.5 1379.0 668.5 1372.0 669.5 1368.0 674.5 1359.0 678.5 1347.0 680.5 1345.0 680.5 1342.0 685.5 1328.0 687.5 1325.0 688.5 1318.0 690.5 1313.0 690.5 1308.0 691.5 1307.0 691.5 1302.0 692.5 1298.0 695.5 1293.0 704.5 1284.0 707.5 1279.0 707.5 1277.0 710.5 1273.0 713.5 1263.0 717.5 1256.0 722.5 1250.0 724.5 1245.0 730.0 1239.5 738.0 1238.5 739.0 1237.5 744.0 1238.5 751.0 1243.5 756.0 1248.5 759.0 1250.5 765.0 1250.5 766.0 1251.5 772.0 1251.5 779.0 1254.5 782.0 1254.5 786.0 1256.5 789.0 1256.5 798.0 1259.5 809.0 1259.5 815.0 1257.5 820.0 1257.5 828.0 1260.5 830.5 1264.0 837.0 1269.5 843.0 1272.5 846.0 1275.5 850.0 1277.5 855.0 1278.5 859.0 1280.5 866.0 1281.5 874.0 1284.5 880.0 1290.5 883.0 1292.5 892.0 1295.5 895.0 1297.5 902.0 1298.5 903.0 1299.5 910.0 1299.5 911.0 1300.5 919.0 1300.5 921.0 1301.5 930.0 1310.5 937.0 1313.5 951.0 1313.5 960.0 1317.5 962.0 1319.5 971.0 1323.5 980.0 1325.5 988.0 1328.5 993.0 1332.5 1001.0 1336.5 1015.0 1341.5 1018.0 1341.5 1025.0 1343.5 1031.0 1346.5 1036.0 1350.5 1045.0 1354.5 1049.0 1354.5 1058.0 1358.5 1065.0 1358.5 1070.0 1359.5 1074.0 1361.5 1079.0 1366.5 1085.0 1370.5 1089.0 1371.5 1098.0 1371.5 1099.0 1372.5 1104.0 1372.5 1109.0 1374.5 1112.0 1374.5 1119.0 1376.5 1122.0 1378.5 1131.0 1381.5 1132.0 1382.5 1152.0 1392.5 1154.0 1392.5 1160.0 1396.5 1172.0 1399.5 1183.0 1399.5 1184.0 1398.5 1191.0 1398.5 1196.0 1397.5 1209.0 1392.5 1217.5 1384.0 1219.5 1379.0 1222.5 1374.0 1222.5 1372.0 1225.5 1367.0 1229.5 1355.0 1229.5 1348.0 1230.5 1347.0 1230.5 1327.0 1228.5 1321.0 1224.5 1313.0 1214.0 1302.5 1209.0 1298.5 1202.0 1295.5 1194.0 1293.5 1189.0 1291.5 1182.0 1287.5 1180.0 1287.5 1171.0 1282.5 1169.0 1282.5 1161.0 1278.5 1153.0 1275.5 1151.0 1273.5 1146.0 1271.5 1141.0 1270.5 1135.0 1270.5 1131.0 1269.5 1126.0 1266.5 1117.0 1263.5 1114.0 1261.5 1110.0 1260.5 1102.0 1254.5 1097.0 1252.5 1092.0 1251.5 1089.0 1249.5 1080.0 1246.5 1071.0 1244.5 1068.0 1242.5 1056.0 1237.5 1044.0 1234.5 1038.0 1233.5 1027.0 1228.5 1013.0 1226.5 1001.0 1221.5 996.0 1217.5 988.0 1214.5 984.0 1214.5 975.0 1210.5 973.0 1208.5 966.0 1205.5 957.0 1202.5 954.0 1202.5 943.0 1197.5 936.0 1195.5 932.0 1192.5 929.0 1191.5 925.0 1188.5 923.0 1188.5 910.0 1181.5 904.0 1179.5 900.0 1179.5 895.0 1177.5 890.0 1177.5 889.0 1176.5 883.0 1176.5 878.0 1175.5 871.0 1172.5 864.5 1166.0 861.5 1160.0 852.0 1150.5 846.0 1146.5 842.0 1145.5 835.0 1145.5 834.0 1144.5 828.0 1144.5 827.0 1143.5 822.0 1143.5 821.0 1142.5 815.0 1141.5 808.0 1137.5 801.0 1134.5 796.0 1131.5 784.0 1126.5 777.5 1120.0 777.5 1115.0 780.5 1112.0 784.5 1106.0 788.5 1095.0 790.5 1091.0 790.5 1088.0 796.5 1073.0 796.5 1071.0 802.5 1060.0 802.5 1058.0 805.5 1053.0 810.5 1042.0 816.0 1034.5 819.0 1033.5 824.0 1037.5 829.0 1042.5 830.0 1042.5 835.0 1047.5 842.0 1051.5 850.0 1053.5 851.0 1054.5 858.0 1055.5 862.0 1057.5 867.0 1058.5 874.0 1062.5 877.0 1063.5 894.0 1063.5 904.0 1067.5 909.0 1067.5 910.0 1068.5 933.0 1068.5 934.0 1069.5 942.0 1069.5 943.0 1068.5 951.0 1068.5 958.0 1065.5 967.0 1063.5 981.0 1063.5 990.0 1066.5 995.0 1067.5 1012.0 1067.5 1013.0 1068.5 1025.0 1070.5 1026.0 1071.5 1033.0 1071.5 1034.0 1072.5 1041.0 1072.5 1046.0 1073.5 1053.0 1076.5 1061.0 1076.5 1062.0 1075.5 1077.0 1075.5 1078.0 1076.5 1083.0 1076.5 1084.0 1077.5 1094.0 1077.5 1095.0 1078.5 1104.0 1078.5 1105.0 1079.5 1111.0 1079.5 1112.0 1080.5 1118.0 1080.5 1119.0 1081.5 1126.0 1081.5 1127.0 1082.5 1133.0 1082.5 1134.0 1083.5 1143.0 1083.5 1144.0 1084.5 1152.0 1084.5 1153.0 1085.5 1160.0 1085.5 1161.0 1086.5 1166.0 1086.5 1167.0 1087.5 1173.0 1087.5 1174.0 1088.5 1189.0 1088.5 1190.0 1089.5 1198.0 1089.5 1199.0 1090.5 1206.0 1090.5 1207.0 1091.5 1215.0 1091.5 1216.0 1092.5 1225.0 1092.5 1226.0 1093.5 1236.0 1093.5 1237.0 1094.5 1246.0 1094.5 1247.0 1095.5 1255.0 1095.5 1256.0 1096.5 1268.0 1096.5 1269.0 1097.5 1281.0 1097.5 1282.0 1098.5 1298.0 1098.5 1299.0 1099.5 1325.0 1099.5 1326.0 1098.5 1340.0 1098.5 1341.0 1097.5 1350.0 1097.5 1351.0 1096.5 1357.0 1096.5 1363.0 1094.5 1366.0 1092.5 1370.0 1091.5 1373.0 1089.5 1379.5 1083.0 1381.5 1080.0 1385.5 1071.0 1387.5 1062.0 1387.5 1052.0 1385.5 1046.0 1385.5 1041.0 1384.5 1040.0 1384.5 1035.0 1383.5 1030.0 1379.5 1020.0 1374.0 1014.5 1369.0 1012.5 1364.0 1011.5 1359.0 1011.5 1358.0 1010.5 1353.0 1010.5 1348.0 1009.5 1343.0 1007.5 1338.0 1007.5 1337.0 1006.5 1332.0 1006.5 1325.0 1004.5 1320.0 1001.5 1314.0 999.5 1308.0 999.5 1307.0 998.5 1294.0 998.5 1293.0 997.5 1278.0 997.5 1277.0 996.5 1263.0 996.5 1262.0 995.5 1246.0 995.5 1245.0 994.5 1234.0 994.5 1233.0 993.5 1228.0 993.5 1222.0 991.5 1212.0 989.5 1207.0 989.5 1206.0 988.5 1201.0 988.5 1200.0 987.5 1195.0 987.5 1189.0 985.5 1184.0 985.5 1183.0 984.5 1178.0 984.5 1177.0 983.5 1166.0 983.5 1165.0 982.5 1159.0 982.5 1154.0 981.5 1146.0 978.5 1130.0 978.5 1126.0 976.5 1121.5 973.0 1119.5 970.0 1121.0 967.5 1126.0 964.5 1130.0 963.5 1135.0 963.5 1136.0 962.5 1145.0 962.5 1153.0 959.5 1156.0 959.5 1163.0 956.5 1167.0 956.5 1175.0 953.5 1179.0 953.5 1184.0 951.5 1187.0 951.5 1191.0 949.5 1196.0 948.5 1201.0 948.5 1202.0 947.5 1207.0 947.5 1208.0 946.5 1213.0 946.5 1228.0 943.5 1234.0 941.5 1239.0 941.5 1240.0 940.5 1246.0 940.5 1257.0 937.5 1262.0 937.5 1267.0 936.5 1281.0 932.5 1286.0 932.5 1287.0 931.5 1292.0 931.5 1293.0 930.5 1298.0 930.5 1304.0 928.5 1309.0 928.5 1310.0 927.5 1315.0 927.5 1316.0 926.5 1323.0 926.5 1324.0 925.5 1329.0 925.5 1330.0 924.5 1335.0 924.5 1341.0 922.5 1359.0 918.5 1364.0 918.5 1365.0 917.5 1370.0 917.5 1371.0 916.5 1376.0 916.5 1377.0 915.5 1385.0 915.5 1386.0 914.5 1391.0 914.5 1392.0 913.5 1397.0 913.5 1398.0 912.5 1403.0 912.5 1414.0 909.5 1419.0 909.5 1420.0 908.5 1427.0 908.5 1428.0 907.5 1434.0 907.5 1435.0 906.5 1443.0 906.5 1444.0 905.5 1450.0 905.5 1451.0 906.5 1456.0 906.5 1457.0 907.5 1463.0 908.5 1466.0 910.5 1477.5 922.0 1477.5 923.0 1493.5 939.0 1497.5 945.0 1498.5 948.0 1502.5 954.0 1511.5 963.0 1514.5 969.0 1518.5 974.0 1523.5 979.0 1526.5 984.0 1540.5 998.0 1543.5 1003.0 1549.5 1010.0 1553.5 1016.0 1554.5 1019.0 1558.5 1023.0 1561.5 1028.0 1571.5 1038.0 1575.5 1044.0 1586.5 1055.0 1589.5 1059.0 1591.5 1064.0 1603.5 1076.0 1603.5 1077.0 1619.5 1093.0 1627.5 1104.0 1641.0 1117.5 1642.0 1117.5 1651.5 1127.0 1651.5 1128.0 1660.5 1137.0 1663.5 1141.0 1667.5 1150.0 1668.5 1154.0 1668.5 1159.0 1669.5 1160.0 1669.5 1193.0 1668.5 1194.0 1668.5 1199.0 1667.5 1200.0 1667.5 1205.0 1666.5 1206.0 1666.5 1225.0 1662.5 1236.0 1662.5 1242.0 1661.5 1243.0 1661.5 1253.0 1658.5 1264.0 1658.5 1277.0 1657.5 1278.0 1657.5 1291.0 1656.5 1292.0 1656.5 1298.0 1654.5 1303.0 1653.5 1308.0 1653.5 1314.0 1652.5 1315.0 1652.5 1320.0 1651.5 1321.0 1651.5 1326.0 1650.5 1327.0 1650.5 1336.0 1649.5 1337.0 1649.5 1350.0 1648.5 1351.0 1648.5 1359.0 1647.5 1360.0 1647.5 1365.0 1645.5 1371.0 1645.5 1381.0 1644.5 1382.0 1644.5 1390.0 1642.5 1396.0 1642.5 1401.0 1641.5 1402.0 1641.5 1416.0 1640.5 1417.0 1640.5 1422.0 1639.5 1423.0 1639.5 1428.0 1638.5 1429.0 1638.5 1439.0 1637.5 1440.0 1637.5 1449.0 1636.5 1450.0 1636.5 1456.0 1635.5 1457.0 1635.5 1464.0 1634.5 1465.0 1634.5 1471.0 1633.5 1472.0 1633.5 1478.0 1632.5 1479.0 1632.5 1498.0 1631.5 1499.0 1631.5 1510.0 1630.5 1511.0 1630.5 1519.0 1629.5 1520.0 1629.5 1525.0 1628.5 1526.0 1626.5 1534.0 1626.5 1550.0 1624.5 1558.0 1622.5 1563.0 1615.5 1576.0 1604.0 1587.5 1596.0 1591.5 1588.0 1591.5 1587.0 1592.5 1578.0 1592.5 1577.0 1593.5 1567.0 1593.5 1566.0 1594.5 1551.0 1594.5 1550.0 1595.5 1543.0 1595.5 1542.0 1596.5 1513.0 1596.5 1512.0 1597.5 1497.0 1597.5 1496.0 1598.5 1479.0 1598.5 1478.0 1599.5 1467.0 1599.5 1466.0 1600.5 1446.0 1600.5 1445.0 1601.5 1440.0 1601.5 1434.0 1603.5 1416.0 1603.5 1415.0 1604.5 1410.0 1604.5 1409.0 1605.5 1404.0 1605.5 1403.0 1606.5 1385.0 1606.5 1384.0 1607.5 1379.0 1607.5 1378.0 1608.5 1371.0 1608.5 1370.0 1609.5 1355.0 1609.5 1354.0 1610.5 1347.0 1610.5 1346.0 1611.5 1337.0 1611.5 1336.0 1612.5 1327.0 1612.5 1326.0 1613.5 1309.0 1613.5 1308.0 1614.5 1295.0 1614.5 1294.0 1615.5 1284.0 1615.5 1283.0 1616.5 1268.0 1616.5 1267.0 1617.5 1259.0 1617.5 1258.0 1618.5 1250.0 1618.5 1249.0 1619.5 1236.0 1619.5 1235.0 1620.5 1217.0 1620.5 1216.0 1621.5 1204.0 1621.5 1203.0 1622.5 1196.0 1622.5 1195.0 1623.5 1180.0 1623.5 1179.0 1624.5 1163.0 1624.5 1162.0 1625.5 1148.0 1625.5 1147.0 1626.5 1141.0 1626.5 1135.0 1628.5 1115.0 1628.5 1114.0 1629.5 1107.0 1629.5 1106.0 1630.5 1087.0 1630.5 1079.0 1632.5 1075.0 1634.5 1070.0 1634.5 1069.0 1635.5 1054.0 1635.5 1053.0 1636.5 1047.0 1636.5 1046.0 1637.5 1030.0 1637.5 1029.0 1636.5 1022.0 1636.5 1021.0 1637.5 1006.0 1637.5 1005.0 1638.5
 10ML_sorting_tube_rack 1539.5 1139.0 1543.0 1138.5 1546.0 1136.5 1554.0 1134.5 1561.5 1130.0 1561.5 1119.0 1559.5 1117.0 1556.5 1111.0 1556.5 1104.0 1554.5 1097.0 1552.5 1095.0 1550.0 1089.5 1547.5 1092.0 1544.5 1097.0 1541.5 1106.0 1538.5 1109.0 1538.5 1114.0 1537.5 1115.0 1537.5 1121.0 1536.5 1122.0 1536.5 1128.0 1535.5 1133.0 1539.5 1139.0
 10ML_sorting_tube_rack 1581.5 1134.0 1580.0 1131.5 1577.5 1133.0 1578.0 1134.5 1581.5 1134.0
 10ML_sorting_tube_rack 985.5 1558.0 990.5 1554.0 990.5 1553.0 995.0 1548.5 999.0 1546.5 1005.0 1540.5 1007.5 1539.0 1005.0 1534.5 998.0 1533.5 997.0 1532.5 982.0 1532.5 981.0 1533.5 976.0 1533.5 975.0 1534.5 969.0 1534.5 968.0 1535.5 962.0 1535.5 961.0 1536.5 954.0 1536.5 953.0 1537.5 946.0 1538.5 944.5 1541.0 944.0 1550.5 949.0 1551.5 957.0 1551.5 958.0 1552.5 965.0 1552.5 973.0 1555.5 975.0 1555.5 980.0 1558.5 985.5 1558.0
 sorting_tube_rack_base 1085.0 1692.5 1059.0 1692.5 1053.0 1690.5 1044.0 1689.5 1037.0 1686.5 1029.0 1685.5 1017.0 1677.5 1007.0 1673.5 1001.0 1670.5 998.0 1670.5 996.0 1668.5 990.0 1666.5 986.0 1666.5 979.0 1664.5 972.0 1660.5 969.0 1659.5 965.5 1655.0 960.5 1643.0 958.5 1640.0 959.5 1639.0 959.5 1628.0 962.5 1622.0 965.0 1620.5 971.0 1621.5 976.5 1627.0 978.5 1631.0 983.0 1635.5 993.0 1639.5 1024.0 1639.5 1025.0 1638.5 1052.0 1638.5 1053.0 1637.5 1061.0 1637.5 1062.0 1636.5 1068.0 1636.5 1069.0 1635.5 1078.0 1635.5 1079.0 1634.5 1090.0 1634.5 1091.0 1633.5 1099.0 1633.5 1100.0 1632.5 1112.0 1632.5 1113.0 1631.5 1122.0 1631.5 1123.0 1630.5 1131.0 1630.5 1132.0 1629.5 1141.0 1629.5 1142.0 1628.5 1150.0 1628.5 1151.0 1627.5 1164.0 1627.5 1165.0 1626.5 1175.0 1626.5 1176.0 1625.5 1185.0 1625.5 1186.0 1624.5 1196.0 1624.5 1197.0 1623.5 1207.0 1623.5 1208.0 1622.5 1221.0 1622.5 1222.0 1621.5 1237.0 1621.5 1238.0 1620.5 1247.0 1620.5 1248.0 1619.5 1257.0 1619.5 1258.0 1618.5 1266.0 1618.5 1267.0 1617.5 1280.0 1617.5 1281.0 1616.5 1295.0 1616.5 1296.0 1615.5 1309.0 1615.5 1310.0 1614.5 1328.0 1614.5 1329.0 1613.5 1341.0 1613.5 1342.0 1612.5 1351.0 1612.5 1352.0 1611.5 1362.0 1611.5 1363.0 1610.5 1373.0 1610.5 1374.0 1609.5 1386.0 1609.5 1387.0 1608.5 1397.0 1608.5 1398.0 1607.5 1409.0 1607.5 1410.0 1606.5 1423.0 1606.5 1424.0 1605.5 1434.0 1605.5 1435.0 1604.5 1444.0 1604.5 1445.0 1603.5 1453.0 1603.5 1454.0 1602.5 1463.0 1602.5 1464.0 1601.5 1481.0 1601.5 1482.0 1600.5 1493.0 1600.5 1494.0 1599.5 1501.0 1599.5 1502.0 1598.5 1510.0 1598.5 1511.0 1597.5 1527.0 1597.5 1528.0 1596.5 1546.0 1596.5 1547.0 1595.5 1557.0 1595.5 1558.0 1594.5 1569.0 1594.5 1570.0 1593.5 1590.0 1593.5 1591.0 1592.5 1598.0 1592.5 1605.0 1587.5 1606.0 1587.5 1617.5 1576.0 1621.5 1570.0 1622.5 1565.0 1624.5 1560.0 1624.5 1556.0 1626.5 1551.0 1626.5 1545.0 1627.5 1544.0 1627.5 1539.0 1628.5 1538.0 1628.5 1533.0 1629.5 1532.0 1629.5 1525.0 1630.5 1524.0 1630.5 1514.0 1631.5 1513.0 1631.5 1503.0 1632.5 1502.0 1632.5 1490.0 1633.5 1489.0 1633.5 1477.0 1634.5 1476.0 1634.5 1466.0 1635.5 1465.0 1635.5 1452.0 1636.5 1451.0 1636.5 1444.0 1637.5 1443.0 1637.5 1438.0 1638.5 1437.0 1638.5 1431.0 1639.5 1430.0 1639.5 1417.0 1640.5 1416.0 1640.5 1409.0 1641.5 1408.0 1641.5 1402.0 1642.5 1401.0 1642.5 1388.0 1643.5 1387.0 1643.5 1381.0 1644.5 1380.0 1644.5 1375.0 1645.5 1374.0 1645.5 1366.0 1646.5 1365.0 1646.5 1357.0 1647.5 1356.0 1647.5 1348.0 1648.5 1347.0 1648.5 1340.0 1649.5 1339.0 1649.5 1328.0 1650.5 1327.0 1650.5 1321.0 1651.5 1320.0 1651.5 1314.0 1652.5 1313.0 1652.5 1306.0 1653.5 1305.0 1653.5 1295.0 1654.5 1294.0 1654.5 1287.0 1655.5 1286.0 1655.5 1280.0 1656.5 1279.0 1656.5 1273.0 1657.5 1272.0 1657.5 1264.0 1658.5 1263.0 1658.5 1250.0 1660.5 1244.0 1660.5 1239.0 1661.5 1238.0 1661.5 1231.0 1662.5 1230.0 1662.5 1223.0 1663.5 1222.0 1663.5 1216.0 1664.5 1215.0 1664.5 1208.0 1666.5 1198.0 1667.5 1197.0 1667.5 1174.0 1668.5 1173.0 1668.5 1167.0 1669.5 1166.0 1669.5 1154.0 1668.5 1153.0 1668.5 1144.0 1670.5 1140.0 1673.0 1137.5 1680.0 1134.5 1686.0 1134.5 1690.5 1139.0 1695.5 1147.0 1700.5 1152.0 1700.5 1153.0 1705.5 1158.0 1711.5 1166.0 1714.5 1171.0 1720.5 1178.0 1722.5 1183.0 1728.5 1192.0 1729.5 1195.0 1729.5 1202.0 1730.5 1203.0 1730.5 1212.0 1729.5 1213.0 1729.5 1221.0 1728.5 1222.0 1728.5 1231.0 1727.5 1232.0 1727.5 1245.0 1726.5 1246.0 1726.5 1258.0 1725.5 1259.0 1725.5 1270.0 1724.5 1271.0 1724.5 1279.0 1723.5 1280.0 1723.5 1288.0 1722.5 1289.0 1722.5 1300.0 1721.5 1301.0 1721.5 1312.0 1720.5 1313.0 1720.5 1321.0 1719.5 1322.0 1719.5 1332.0 1718.5 1333.0 1718.5 1340.0 1717.5 1341.0 1717.5 1353.0 1716.5 1354.0 1716.5 1368.0 1715.5 1369.0 1715.5 1379.0 1714.5 1380.0 1714.5 1389.0 1713.5 1390.0 1713.5 1397.0 1712.5 1398.0 1712.5 1409.0 1711.5 1410.0 1711.5 1422.0 1710.5 1423.0 1710.5 1431.0 1709.5 1432.0 1709.5 1443.0 1708.5 1444.0 1708.5 1452.0 1707.5 1453.0 1707.5 1461.0 1706.5 1462.0 1706.5 1475.0 1705.5 1476.0 1705.5 1484.0 1704.5 1485.0 1704.5 1493.0 1703.5 1494.0 1703.5 1505.0 1702.5 1506.0 1702.5 1519.0 1701.5 1520.0 1701.5 1535.0 1700.5 1536.0 1700.5 1544.0 1699.5 1545.0 1699.5 1554.0 1698.5 1555.0 1698.5 1565.0 1697.5 1566.0 1697.5 1578.0 1696.5 1579.0 1696.5 1585.0 1695.5 1586.0 1693.5 1594.0 1693.5 1601.0 1692.5 1602.0 1692.5 1612.0 1689.5 1621.0 1686.5 1626.0 1683.0 1629.5 1678.0 1632.5 1673.0 1637.5 1672.0 1637.5 1662.0 1644.5 1656.0 1646.5 1649.0 1647.5 1643.0 1649.5 1633.0 1649.5 1632.0 1650.5 1622.0 1650.5 1621.0 1651.5 1607.0 1651.5 1606.0 1652.5 1593.0 1652.5 1592.0 1653.5 1584.0 1653.5 1583.0 1654.5 1574.0 1654.5 1573.0 1655.5 1560.0 1655.5 1559.0 1656.5 1541.0 1656.5 1540.0 1657.5 1526.0 1657.5 1525.0 1658.5 1516.0 1658.5 1515.0 1659.5 1502.0 1659.5 1501.0 1660.5 1489.0 1660.5 1488.0 1661.5 1475.0 1661.5 1474.0 1662.5 1461.0 1662.5 1460.0 1663.5 1451.0 1663.5 1450.0 1664.5 1438.0 1664.5 1437.0 1665.5 1424.0 1665.5 1423.0 1666.5 1411.0 1666.5 1410.0 1667.5 1400.0 1667.5 1399.0 1668.5 1387.0 1668.5 1386.0 1669.5 1375.0 1669.5 1374.0 1670.5 1358.0 1670.5 1357.0 1671.5 1342.0 1671.5 1341.0 1672.5 1332.0 1672.5 1331.0 1673.5 1319.0 1673.5 1318.0 1674.5 1305.0 1674.5 1304.0 1675.5 1293.0 1675.5 1292.0 1676.5 1279.0 1676.5 1278.0 1677.5 1268.0 1677.5 1267.0 1678.5 1258.0 1678.5 1257.0 1679.5 1247.0 1679.5 1246.0 1680.5 1236.0 1680.5 1235.0 1681.5 1228.0 1681.5 1227.0 1682.5 1218.0 1682.5 1217.0 1683.5 1206.0 1683.5 1205.0 1684.5 1197.0 1684.5 1196.0 1685.5 1173.0 1685.5 1172.0 1686.5 1154.0 1686.5 1153.0 1687.5 1141.0 1687.5 1140.0 1688.5 1133.0 1688.5 1132.0 1689.5 1113.0 1689.5 1112.0 1690.5 1103.0 1690.5 1102.0 1691.5 1086.0 1691.5 1085.0 1692.5
 sorting_tube_rack_base 1546.5 2159.0 1543.5 2154.0 1543.5 2147.0 1544.5 2146.0 1546.5 2136.0 1546.5 2131.0 1547.5 2130.0 1547.5 2125.0 1548.5 2124.0 1548.5 2119.0 1549.5 2118.0 1549.5 2111.0 1550.5 2110.0 1550.5 2105.0 1551.5 2104.0 1551.5 2098.0 1552.5 2097.0 1552.5 2091.0 1553.5 2090.0 1553.5 2079.0 1554.5 2078.0 1554.5 2072.0 1555.5 2071.0 1555.5 2064.0 1556.5 2063.0 1556.5 2056.0 1557.5 2055.0 1557.5 2049.0 1558.5 2048.0 1558.5 2043.0 1559.5 2042.0 1559.5 2037.0 1560.5 2036.0 1560.5 2029.0 1561.5 2028.0 1561.5 2020.0 1562.5 2019.0 1562.5 2011.0 1563.5 2010.0 1563.5 2004.0 1564.5 2003.0 1564.5 1996.0 1563.5 1995.0 1563.5 1990.0 1560.5 1985.0 1558.5 1980.0 1555.5 1975.0 1551.0 1971.5 1545.0 1971.5 1544.0 1972.5 1534.0 1972.5 1529.0 1970.5 1524.0 1970.5 1519.0 1968.5 1514.0 1967.5 1508.0 1967.5 1494.0 1962.5 1489.0 1961.5 1484.0 1961.5 1483.0 1960.5 1478.0 1960.5 1473.0 1958.5 1460.0 1956.5 1457.0 1954.5 1446.0 1951.5 1443.0 1949.5 1432.0 1946.5 1428.0 1944.5 1425.0 1944.5 1420.0 1941.5 1414.5 1940.0 1418.0 1936.5 1424.0 1934.5 1431.0 1934.5 1432.0 1933.5 1487.0 1933.5 1488.0 1932.5 1544.0 1932.5 1545.0 1931.5 1555.0 1931.5 1556.0 1932.5 1561.0 1932.5 1566.0 1933.5 1571.0 1936.5 1576.0 1938.5 1582.0 1939.5 1587.0 1942.5 1592.0 1943.5 1611.0 1952.5 1613.0 1952.5 1620.0 1956.5 1625.0 1958.5 1630.5 1964.0 1630.5 1965.0 1636.5 1971.0 1640.5 1977.0 1642.5 1982.0 1644.5 1984.0 1647.5 1991.0 1649.5 2000.0 1649.5 2005.0 1648.5 2006.0 1648.5 2013.0 1647.5 2014.0 1647.5 2023.0 1646.5 2024.0 1646.5 2033.0 1645.5 2034.0 1645.5 2047.0 1644.5 2048.0 1644.5 2057.0 1643.5 2058.0 1643.5 2065.0 1642.5 2066.0 1642.5 2075.0 1641.5 2076.0 1641.5 2089.0 1640.5 2090.0 1640.5 2103.0 1639.5 2104.0 1639.5 2115.0 1638.5 2116.0 1638.5 2125.0 1637.5 2126.0 1637.5 2131.0 1636.5 2132.0 1636.5 2146.0 1635.5 2147.0 1635.5 2154.0 1632.5 2159.0
 5ML_sorting_tube_rack 1319.5 2159.0 1319.0 2157.5 1277.0 2157.5 1276.0 2156.5 1218.0 2156.5 1217.0 2155.5 1186.0 2155.5 1185.0 2156.5 1098.0 2156.5 1097.0 2157.5 1083.0 2157.5 1082.0 2156.5 1038.0 2156.5 1037.0 2155.5 1006.0 2155.5 1005.0 2156.5 991.0 2156.5 990.0 2155.5 942.0 2155.5 941.0 2156.5 841.0 2156.5 840.0 2155.5 826.0 2155.5 825.0 2156.5 814.0 2156.5 813.0 2155.5 739.0 2155.5 738.0 2156.5 723.0 2156.5 722.0 2155.5 694.0 2155.5 693.0 2156.5 662.0 2156.5 661.0 2155.5 557.0 2155.5 556.0 2156.5 544.0 2156.5 543.0 2155.5 535.0 2155.5 534.0 2154.5 528.0 2154.5 527.0 2155.5 499.0 2155.5 498.0 2156.5 480.0 2156.5 479.0 2155.5 430.0 2155.5 429.0 2156.5 383.0 2156.5 382.0 2157.5 337.0 2157.5 336.0 2156.5 331.0 2156.5 330.0 2155.5 322.0 2153.5 319.5 2151.0 320.5 2143.0 321.5 2142.0 321.5 2137.0 324.5 2128.0 324.5 2123.0 327.5 2116.0 334.5 2105.0 338.5 2091.0 341.5 2087.0 344.5 2079.0 347.5 2074.0 348.5 2070.0 352.5 2064.0 352.5 2062.0 355.5 2057.0 355.5 2055.0 361.5 2044.0 361.5 2042.0 369.5 2028.0 376.5 2010.0 380.5 2002.0 382.5 1995.0 385.5 1990.0 385.5 1988.0 388.5 1983.0 390.5 1978.0 396.5 1969.0 396.5 1967.0 399.5 1962.0 401.5 1954.0 406.5 1945.0 414.5 1927.0 417.5 1923.0 418.5 1920.0 423.5 1914.0 423.5 1913.0 433.0 1903.5 434.0 1903.5 439.0 1898.5 442.0 1896.5 449.0 1893.5 456.0 1892.5 457.0 1891.5 462.0 1891.5 463.0 1890.5 468.0 1890.5 469.0 1889.5 478.0 1889.5 479.0 1888.5 494.0 1888.5 495.0 1887.5 507.0 1887.5 508.0 1888.5 619.0 1888.5 620.0 1887.5 625.0 1888.5 641.0 1888.5 642.0 1887.5 649.0 1887.5 650.0 1886.5 716.0 1886.5 717.0 1885.5 724.0 1885.5 725.0 1884.5 750.0 1884.5 751.0 1885.5 776.0 1885.5 777.0 1884.5 859.0 1884.5 860.0 1885.5 867.0 1885.5 868.0 1884.5 880.0 1884.5 881.0 1885.5 916.0 1885.5 917.0 1884.5 942.0 1884.5 943.0 1885.5 1049.0 1885.5 1050.0 1884.5 1227.0 1884.5 1228.0 1885.5 1235.0 1885.5 1238.0 1886.5 1248.0 1892.5 1258.5 1903.0 1261.5 1907.0 1265.5 1914.0 1269.0 1918.5 1278.0 1921.5 1318.0 1921.5 1319.0 1922.5 1328.0 1922.5 1329.0 1923.5 1347.0 1923.5 1348.0 1924.5 1355.0 1924.5 1361.0 1927.5 1365.0 1928.5 1367.0 1930.5 1380.0 1934.5 1387.0 1937.5 1394.0 1938.5 1398.0 1940.5 1403.0 1941.5 1407.0 1943.5 1416.0 1945.5 1424.0 1946.5 1428.0 1948.5 1435.0 1949.5 1436.0 1950.5 1446.0 1952.5 1450.0 1952.5 1457.0 1954.5 1460.0 1956.5 1466.0 1957.5 1467.0 1958.5 1478.0 1960.5 1482.0 1962.5 1491.0 1964.5 1496.0 1967.5 1498.0 1967.5 1503.0 1970.5 1515.0 1972.5 1520.0 1974.5 1531.0 1976.5 1544.0 1983.5 1547.0 1986.5 1553.0 1989.5 1558.0 1990.5 1562.5 1995.0 1563.5 1998.0 1563.5 2022.0 1562.5 2023.0 1562.5 2031.0 1561.5 2032.0 1561.5 2047.0 1560.5 2048.0 1560.5 2054.0 1559.5 2055.0 1559.5 2060.0 1558.5 2061.0 1558.5 2077.0 1557.5 2078.0 1557.5 2084.0 1556.5 2085.0 1556.5 2092.0 1555.5 2093.0 1555.5 2099.0 1554.5 2100.0 1554.5 2105.0 1553.5 2106.0 1553.5 2113.0 1552.5 2114.0 1552.5 2120.0 1551.5 2125.0 1549.5 2130.0 1549.5 2135.0 1548.5 2136.0 1548.5 2141.0 1547.5 2146.0 1545.0 2151.5 1537.0 2156.5 1525.0 2156.5 1524.0 2157.5 1504.0 2157.5 1503.5 2159.0
 5ML_sorting_tube_rack 1471.5 2159.0 1471.0 2157.5 1463.0 2157.5 1462.0 2156.5 1436.0 2156.5 1435.0 2157.5 1408.0 2157.5 1407.0 2156.5 1384.0 2156.5 1383.0 2157.5 1368.0 2157.5 1367.0 2156.5 1348.0 2156.5 1344.0 2157.5 1343.5 2159.0
blood_tube 0.0 1386.5 12.0 1386.5 13.0 1387.5 21.0 1387.5 25.0 1388.5 27.0 1390.5 32.0 1392.5 39.0 1393.5 43.0 1395.5 54.0 1398.5 62.0 1402.5 65.0 1402.5 70.0 1405.5 75.0 1407.5 86.0 1410.5 89.0 1412.5 98.0 1414.5 101.0 1416.5 113.0 1420.5 121.0 1422.5 128.0 1426.5 130.5 1429.0 132.5 1433.0 132.5 1438.0 131.5 1439.0 131.5 1447.0 126.5 1459.0 124.5 1465.0 116.5 1476.0 114.5 1480.0 110.5 1485.0 103.0 1492.5 102.0 1492.5 90.0 1504.5 89.0 1504.5 84.0 1509.5 81.0 1510.5 75.0 1514.5 69.0 1517.5 65.0 1518.5 58.0 1518.5 57.0 1517.5 49.0 1517.5 45.0 1515.5 40.0 1514.5 29.0 1507.5 24.0 1505.5 19.0 1504.5 10.0 1498.5 6.0 1496.5 0.0 1496.5
blood_tube 0.0 1537.5 6.0 1537.5 17.0 1531.5 24.0 1529.5 29.0 1529.5 30.0 1528.5 35.0 1528.5 36.0 1527.5 41.0 1527.5 42.0 1528.5 50.0 1528.5 54.0 1529.5 61.0 1532.5 67.0 1536.5 72.0 1538.5 75.0 1538.5 80.0 1540.5 83.0 1540.5 89.0 1543.5 95.0 1544.5 100.0 1546.5 105.0 1549.5 107.0 1549.5 112.0 1552.5 118.0 1554.5 125.0 1555.5 132.0 1558.5 141.0 1560.5 147.0 1563.5 149.0 1563.5 158.0 1568.5 161.5 1576.0 161.5 1586.0 159.5 1594.0 157.5 1598.0 156.5 1603.0 151.5 1614.0 148.5 1617.0 142.5 1627.0 134.5 1635.0 131.5 1640.0 124.0 1647.5 123.0 1647.5 118.0 1652.5 111.0 1657.5 106.0 1659.5 104.0 1661.5 95.0 1665.5 86.0 1667.5 78.0 1667.5 77.0 1666.5 68.0 1665.5 62.0 1663.5 55.0 1659.5 52.0 1658.5 48.0 1655.5 46.0 1655.5 40.0 1652.5 26.0 1649.5 21.0 1646.5 14.0 1644.5 9.0 1641.5 0.0 1641.5
blood_tube 0.0 1721.5 8.0 1721.5 15.0 1725.5 22.0 1727.5 25.0 1729.5 30.0 1730.5 34.0 1732.5 48.0 1735.5 56.0 1736.5 65.0 1740.5 70.5 1746.0 72.5 1749.0 75.5 1759.0 75.5 1764.0 74.5 1769.0 72.5 1773.0 71.5 1778.0 68.5 1783.0 66.5 1790.0 62.5 1797.0 59.5 1800.0 53.5 1810.0 50.5 1814.0 35.0 1829.5 19.0 1837.5 16.0 1837.5 9.0 1840.5 0.0 1840.5
 10ML_sorting_tube_rack 0.0 1641.5 10.0 1641.5 15.0 1642.5 24.0 1645.5 28.0 1645.5 36.0 1647.5 43.0 1651.5 53.0 1655.5 57.0 1659.5 64.0 1662.5 68.0 1663.5 84.0 1663.5 94.0 1660.5 102.0 1655.5 104.0 1653.5 112.0 1650.5 117.0 1646.5 125.0 1643.5 128.5 1640.0 128.5 1629.0 124.5 1625.0 123.5 1622.0 119.5 1615.0 119.5 1608.0 121.5 1603.0 124.5 1598.0 124.5 1595.0 120.5 1586.0 120.5 1581.0 122.5 1577.0 126.0 1572.5 129.0 1572.5 133.0 1575.5 138.0 1577.5 146.0 1578.5 148.5 1581.0 149.5 1584.0 152.0 1585.5 155.0 1585.5 157.5 1582.0 155.5 1576.0 151.5 1573.0 150.5 1569.0 145.0 1564.5 142.0 1563.5 133.0 1563.5 132.0 1564.5 126.0 1564.5 119.5 1555.0 112.0 1549.5 106.0 1548.5 95.0 1541.5 89.0 1541.5 85.0 1540.5 78.0 1537.5 75.5 1535.0 72.5 1528.0 72.5 1521.0 75.0 1517.5 79.0 1515.5 93.0 1501.5 94.0 1501.5 101.0 1494.5 106.0 1491.5 110.5 1487.0 113.5 1482.0 117.5 1473.0 121.5 1466.0 125.5 1461.0 125.5 1456.0 126.5 1455.0 126.5 1449.0 128.5 1444.0 130.5 1432.0 125.0 1424.5 117.0 1420.5 115.0 1418.5 110.0 1418.5 109.0 1417.5 100.0 1417.5 96.0 1416.5 93.0 1414.5 87.0 1412.5 79.0 1406.5 76.0 1405.5 68.0 1399.5 63.0 1397.5 60.5 1395.0 58.5 1391.0 58.5 1386.0 61.5 1382.0 67.5 1372.0 67.5 1370.0 71.5 1363.0 71.5 1361.0 74.5 1356.0 78.5 1347.0 82.5 1342.0 85.5 1335.0 91.5 1324.0 91.5 1322.0 100.5 1308.0 101.5 1304.0 112.5 1287.0 116.5 1276.0 122.0 1269.5 123.0 1269.5 128.5 1264.0 128.5 1263.0 134.0 1257.5 140.0 1254.5 145.0 1253.5 148.0 1251.5 159.0 1247.5 167.0 1245.5 171.0 1245.5 180.0 1242.5 184.0 1242.5 189.0 1240.5 194.0 1240.5 195.0 1239.5 200.0 1239.5 205.0 1237.5 213.0 1235.5 217.0 1233.5 224.0 1232.5 228.0 1230.5 232.0 1230.5 248.0 1226.5 253.0 1226.5 254.0 1225.5 260.0 1225.5 261.0 1224.5 267.0 1224.5 272.0 1222.5 276.0 1222.5 284.0 1219.5 287.0 1219.5 299.0 1216.5 304.0 1214.5 308.0 1214.5 317.0 1211.5 322.0 1211.5 323.0 1210.5 328.0 1210.5 329.0 1209.5 334.0 1209.5 339.0 1207.5 342.0 1207.5 349.0 1204.5 351.0 1204.5 361.0 1200.5 364.0 1200.5 368.0 1198.5 371.0 1198.5 376.0 1196.5 381.0 1196.5 387.0 1194.5 392.0 1194.5 393.0 1193.5 400.0 1192.5 401.0 1191.5 408.0 1190.5 416.0 1188.5 417.0 1187.5 422.0 1187.5 432.0 1185.5 438.0 1183.5 443.0 1183.5 444.0 1182.5 454.0 1182.5 459.0 1181.5 464.0 1179.5 468.0 1179.5 474.0 1177.5 479.0 1177.5 485.0 1175.5 493.0 1175.5 494.0 1176.5 501.0 1176.5 504.0 1177.5 511.0 1181.5 520.0 1190.5 527.0 1193.5 530.0 1195.5 537.0 1198.5 540.0 1200.5 546.0 1206.5 549.0 1207.5 556.0 1211.5 558.0 1211.5 577.0 1221.5 589.0 1226.5 592.0 1228.5 599.0 1231.5 606.0 1235.5 619.0 1238.5 620.0 1239.5 627.0 1240.5 634.0 1243.5 636.0 1243.5 644.0 1247.5 661.0 1259.5 672.0 1264.5 676.0 1267.5 679.5 1272.0 679.5 1274.0 683.5 1280.0 683.5 1287.0 681.5 1293.0 678.5 1298.0 675.5 1305.0 671.5 1310.0 669.5 1314.0 669.5 1318.0 664.5 1326.0 664.5 1322.0 662.5 1317.0 662.5 1314.0 659.0 1309.5 653.0 1306.5 647.0 1306.5 642.0 1308.5 639.0 1311.5 637.0 1311.5 633.5 1309.0 631.0 1305.5 627.0 1303.5 623.5 1304.0 619.5 1310.0 617.5 1322.0 612.5 1338.0 608.5 1344.0 607.5 1348.0 603.5 1355.0 603.5 1358.0 599.5 1369.0 597.5 1371.0 595.5 1381.0 593.5 1384.0 593.5 1389.0 598.0 1391.5 604.0 1391.5 605.0 1392.5 609.0 1391.5 617.0 1391.5 618.0 1390.5 628.0 1390.5 629.0 1389.5 639.0 1389.5 644.0 1391.5 649.5 1397.0 650.5 1399.0 649.5 1405.0 647.5 1407.0 645.5 1412.0 643.5 1421.0 641.5 1424.0 640.5 1429.0 637.5 1435.0 634.5 1439.0 631.5 1449.0 631.5 1454.0 629.5 1459.0 629.5 1479.0 632.5 1484.0 638.0 1489.5 651.0 1495.5 657.0 1495.5 658.0 1496.5 684.0 1496.5 685.0 1497.5 695.0 1497.5 696.0 1498.5 701.0 1498.5 702.0 1499.5 714.0 1501.5 715.0 1502.5 722.0 1502.5 723.0 1503.5 730.0 1504.5 733.0 1507.5 740.0 1511.5 746.0 1512.5 753.0 1515.5 757.5 1520.0 758.5 1523.0 765.5 1535.0 765.5 1537.0 769.5 1544.0 778.0 1552.5 781.0 1554.5 787.0 1556.5 792.0 1556.5 793.0 1557.5 799.0 1557.5 807.0 1560.5 812.5 1565.0 814.5 1569.0 814.5 1584.0 813.5 1588.0 810.5 1595.0 809.5 1599.0 809.5 1604.0 806.5 1617.0 804.5 1621.0 801.5 1632.0 799.5 1636.0 797.5 1645.0 796.5 1646.0 794.5 1655.0 792.5 1659.0 792.5 1662.0 790.5 1667.0 789.5 1674.0 787.5 1677.0 783.5 1687.0 782.5 1695.0 780.5 1704.0 778.5 1707.0 777.5 1712.0 774.5 1720.0 774.5 1724.0 772.5 1729.0 771.5 1736.0 768.5 1743.0 766.5 1752.0 764.5 1756.0 764.5 1759.0 760.5 1768.0 760.5 1770.0 757.5 1775.0 756.5 1781.0 754.5 1786.0 754.5 1790.0 751.5 1797.0 749.5 1808.0 747.5 1812.0 747.5 1815.0 744.5 1825.0 741.5 1832.0 740.5 1838.0 738.5 1841.0 737.5 1846.0 735.5 1849.0 734.5 1854.0 732.5 1859.0 726.5 1870.0 722.0 1874.5 715.0 1877.5 709.0 1877.5 708.0 1878.5 691.0 1878.5 690.0 1877.5 678.0 1877.5 677.0 1878.5 669.0 1880.5 662.0 1880.5 661.0 1879.5 656.0 1879.5 655.0 1878.5 650.0 1878.5 646.0 1880.5 641.0 1881.5 631.0 1881.5 630.0 1880.5 613.0 1880.5 612.0 1881.5 577.0 1881.5 576.0 1880.5 558.0 1880.5 557.0 1881.5 536.0 1881.5 535.0 1880.5 528.0 1880.5 527.0 1881.5 508.0 1881.5 507.0 1880.5 498.0 1880.5 497.0 1881.5 490.0 1881.5 489.0 1882.5 480.0 1882.5 479.0 1883.5 473.0 1883.5 472.0 1884.5 467.0 1884.5 466.0 1885.5 461.0 1885.5 460.0 1886.5 455.0 1886.5 447.0 1889.5 440.0 1890.5 430.0 1894.5 422.5 1904.0 419.5 1909.0 411.5 1918.0 405.5 1927.0 402.5 1934.0 399.5 1939.0 396.5 1942.0 391.5 1952.0 389.5 1958.0 387.5 1970.0 385.5 1976.0 378.5 1989.0 376.5 1994.0 374.5 2002.0 370.5 2009.0 365.5 2014.0 362.5 2019.0 360.5 2024.0 353.0 2031.5 340.0 2035.5 333.0 2035.5 332.0 2034.5 327.0 2034.5 326.0 2033.5 321.0 2033.5 320.0 2032.5 312.0 2032.5 311.0 2031.5 305.0 2031.5 299.0 2029.5 293.0 2029.5 292.0 2028.5 271.0 2028.5 270.0 2027.5 264.0 2027.5 263.0 2026.5 254.0 2026.5 253.0 2025.5 247.0 2025.5 242.0 2023.5 238.0 2023.5 233.0 2021.5 226.0 2021.5 225.0 2020.5 218.0 2020.5 202.0 2016.5 194.0 2016.5 193.0 2015.5 186.0 2015.5 175.0 2012.5 168.0 2012.5 167.0 2011.5 157.0 2011.5 156.0 2010.5 151.0 2010.5 145.0 2008.5 140.0 2008.5 139.0 2007.5 134.0 2007.5 133.0 2006.5 128.0 2006.5 127.0 2005.5 119.0 2005.5 118.0 2004.5 110.0 2004.5 101.0 2001.5 97.0 1999.5 84.0 1999.5 83.0 1998.5 77.0 1997.5 72.0 1994.5 66.0 1992.5 50.0 1992.5 49.0 1991.5 42.0 1991.5 41.0 1990.5 34.0 1990.5 28.0 1988.5 12.0 1988.5 11.0 1987.5 0.0 1987.5
 10ML_sorting_tube_rack 665.0 1344.5 662.5 1340.0 663.5 1339.0 663.5 1334.0 665.0 1329.5 666.5 1332.0 668.5 1340.0 665.0 1344.5
 10ML_sorting_tube_rack 0.0 1508.5 5.0 1508.5 9.0 1509.5 17.0 1513.5 20.0 1516.5 25.0 1518.5 29.0 1518.5 33.5 1520.0 33.0 1524.5 28.0 1525.5 23.0 1525.5 20.0 1526.5 10.0 1531.5 5.0 1532.5 0.0 1532.5
 10ML_sorting_tube_rack 140.5 1626.0 141.5 1619.0 144.5 1614.0 145.5 1610.0 145.5 1605.0 144.5 1604.0 144.5 1594.0 141.0 1591.5 135.0 1593.5 132.5 1596.0 132.5 1600.0 134.5 1604.0 135.5 1609.0 135.5 1625.0 140.5 1626.0
 10ML_sorting_tube_rack 40.0 1614.5 37.0 1614.5 36.5 1613.0 39.0 1610.5 40.5 1612.0 40.0 1614.5
 10ML_sorting_tube_rack 0.0 1824.5 6.0 1824.5 14.0 1827.5 24.0 1827.5 27.0 1825.5 35.0 1823.5 38.0 1821.5 44.0 1820.5 50.5 1817.0 50.5 1814.0 54.5 1805.0 54.5 1801.0 56.5 1795.0 59.5 1789.0 58.5 1788.0 58.5 1780.0 57.5 1779.0 58.5 1772.0 61.0 1768.5 65.0 1767.5 67.5 1764.0 67.5 1759.0 64.0 1754.5 59.5 1751.0 59.5 1749.0 55.0 1744.5 51.0 1742.5 46.0 1743.5 43.5 1745.0 42.5 1752.0 43.5 1756.0 46.5 1760.0 46.5 1764.0 43.5 1766.0 40.5 1773.0 40.5 1780.0 39.5 1781.0 39.5 1795.0 36.0 1799.5 30.5 1793.0 30.5 1790.0 33.5 1784.0 34.5 1779.0 34.5 1774.0 33.5 1773.0 33.5 1768.0 31.5 1765.0 31.5 1760.0 33.5 1755.0 33.5 1744.0 34.5 1743.0 34.5 1734.0 32.0 1733.5 22.0 1729.5 17.0 1729.5 13.0 1728.5 5.0 1724.5 0.0 1724.5
 centrifuge_close 1433.5 0.0 1433.5 10.0 1434.5 11.0 1434.5 20.0 1435.5 21.0 1435.5 29.0 1434.5 30.0 1434.5 55.0 1432.5 60.0 1431.5 67.0 1428.5 74.0 1428.5 76.0 1423.5 87.0 1415.5 99.0 1414.5 102.0 1408.5 110.0 1408.5 111.0 1401.5 118.0 1401.5 119.0 1395.5 125.0 1395.5 126.0 1380.0 141.5 1379.0 141.5 1362.0 158.5 1361.0 158.5 1354.0 164.5 1343.0 172.5 1340.0 173.5 1334.0 178.5 1328.0 182.5 1323.0 187.5 1322.0 187.5 1316.0 192.5 1307.0 196.5 1294.0 203.5 1285.0 207.5 1274.0 213.5 1269.0 217.5 1263.0 220.5 1254.0 223.5 1247.0 227.5 1245.0 227.5 1233.0 233.5 1226.0 235.5 1217.0 240.5 1212.0 242.5 1210.0 244.5 1204.0 246.5 1199.0 249.5 1190.0 252.5 1182.0 256.5 1176.0 260.5 1171.0 261.5 1160.0 267.5 1158.0 267.5 1149.0 272.5 1141.0 275.5 1135.0 279.5 1128.0 282.5 1125.0 284.5 1115.0 288.5 1103.0 294.5 1101.0 294.5 1096.0 297.5 1094.0 297.5 1089.0 300.5 1081.0 303.5 1079.0 305.5 1070.0 309.5 1065.0 312.5 1063.0 312.5 1056.0 316.5 1050.0 318.5 1041.0 323.5 1034.0 325.5 1029.0 328.5 1027.0 328.5 1007.0 338.5 1002.0 340.5 994.0 342.5 986.0 346.5 976.0 348.5 975.0 349.5 970.0 349.5 969.0 350.5 957.0 353.5 954.0 355.5 950.0 356.5 942.0 356.5 941.0 357.5 913.0 357.5 912.0 358.5 907.0 358.5 906.0 357.5 901.0 357.5 897.0 356.5 891.0 353.5 889.0 353.5 882.0 350.5 879.0 350.5 875.0 348.5 869.0 347.5 861.0 343.5 849.0 331.5 848.0 331.5 837.5 321.0 834.5 315.0 830.0 311.5 822.0 308.5 816.0 308.5 815.0 307.5 807.0 307.5 802.0 306.5 795.0 303.5 789.5 299.0 786.5 294.0 775.5 283.0 772.5 277.0 762.5 263.0 760.5 258.0 751.5 247.0 746.5 240.0 745.5 237.0 738.5 226.0 734.5 221.0 731.5 216.0 728.5 209.0 725.5 205.0 718.5 198.0 714.5 190.0 706.5 180.0 701.5 169.0 695.5 162.0 687.5 149.0 685.5 147.0 681.5 140.0 680.5 137.0 675.5 131.0 672.5 126.0 670.5 121.0 665.5 115.0 663.5 111.0 660.5 108.0 655.5 98.0 652.5 93.0 645.5 84.0 644.5 81.0 637.5 69.0 630.5 59.0 626.5 54.0 621.5 43.0 617.5 38.0 616.5 35.0 613.5 32.0 612.5 29.0 608.5 23.0 606.5 15.0 604.5 13.0 601.5 6.0 601.5 0.0
