 refrigerator_close 3317.5 0.0 3317.5 6.0 3314.5 13.0 3314.5 18.0 3313.5 19.0 3313.5 24.0 3306.5 39.0 3305.5 46.0 3304.5 47.0 3304.5 52.0 3303.5 53.0 3303.5 64.0 3302.5 68.0 3299.5 73.0 3299.5 75.0 3293.5 86.0 3291.5 93.0 3289.5 97.0 3289.5 100.0 3286.5 107.0 3286.5 110.0 3283.5 117.0 3282.5 122.0 3280.5 125.0 3276.5 136.0 3276.5 139.0 3274.5 143.0 3272.5 151.0 3267.5 163.0 3265.5 171.0 3258.5 189.0 3256.5 200.0 3254.5 206.0 3249.5 216.0 3245.5 227.0 3243.5 236.0 3241.5 240.0 3241.5 243.0 3239.5 247.0 3238.5 252.0 3235.5 259.0 3235.5 262.0 3231.5 273.0 3228.5 279.0 3228.5 282.0 3222.5 300.0 3220.5 303.0 3215.5 318.0 3213.5 327.0 3210.5 334.0 3204.5 352.0 3204.5 355.0 3202.5 358.0 3197.5 371.0 3195.5 383.0 3190.5 395.0 3189.5 400.0 3187.5 404.0 3187.5 407.0 3185.5 412.0 3185.5 415.0 3183.5 419.0 3183.5 422.0 3180.5 429.0 3178.5 440.0 3174.5 447.0 3169.5 452.0 3159.5 468.0 3152.0 476.5 3151.0 476.5 3142.0 485.5 3136.0 489.5 3129.0 495.5 3117.0 501.5 3115.0 503.5 3101.0 509.5 3098.0 511.5 3092.0 512.5 3079.0 517.5 3076.0 517.5 3072.0 519.5 3067.0 519.5 3066.0 520.5 3058.0 520.5 3057.0 521.5 3039.0 521.5 3038.0 522.5 3028.0 522.5 3027.0 523.5 3008.0 523.5 3007.0 524.5 2975.0 524.5 2974.0 525.5 2957.0 525.5 2956.0 526.5 2923.0 526.5 2922.0 527.5 2905.0 527.5 2904.0 528.5 2871.0 528.5 2870.0 529.5 2856.0 529.5 2855.0 530.5 2829.0 530.5 2828.0 531.5 2802.0 531.5 2801.0 532.5 2788.0 532.5 2787.0 533.5 2775.0 533.5 2774.0 534.5 2750.0 534.5 2749.0 535.5 2734.0 535.5 2733.0 536.5 2720.0 536.5 2719.0 537.5 2708.0 537.5 2707.0 538.5 2683.0 538.5 2682.0 539.5 2667.0 539.5 2666.0 540.5 2645.0 540.5 2644.0 541.5 2620.0 541.5 2619.0 542.5 2588.0 542.5 2587.0 543.5 2565.0 543.5 2564.0 544.5 2545.0 544.5 2544.0 545.5 2530.0 545.5 2529.0 546.5 2511.0 546.5 2510.0 547.5 2496.0 547.5 2495.0 548.5 2484.0 548.5 2483.0 549.5 2476.0 549.5 2475.0 550.5 2466.0 550.5 2465.0 551.5 2433.0 551.5 2432.0 552.5 2427.0 552.5 2426.0 553.5 2405.0 553.5 2397.0 550.5 2388.0 549.5 2383.0 547.5 2376.0 546.5 2362.0 537.5 2358.0 534.5 2346.5 523.0 2343.5 519.0 2339.5 511.0 2336.5 502.0 2336.5 495.0 2335.5 494.0 2335.5 486.0 2334.5 485.0 2334.5 445.0 2333.5 444.0 2333.5 422.0 2332.5 421.0 2332.5 407.0 2331.5 406.0 2331.5 398.0 2330.5 397.0 2330.5 387.0 2331.5 386.0 2331.5 381.0 2330.5 380.0 2330.5 345.0 2329.5 344.0 2329.5 315.0 2328.5 314.0 2328.5 284.0 2327.5 283.0 2327.5 254.0 2326.5 253.0 2326.5 227.0 2325.5 226.0 2325.5 197.0 2324.5 196.0 2324.5 178.0 2325.5 177.0 2325.5 150.0 2324.5 149.0 2324.5 138.0 2323.5 137.0 2323.5 119.0 2322.5 118.0 2322.5 99.0 2321.5 98.0 2321.5 88.0 2320.5 87.0 2320.5 74.0 2319.5 73.0 2319.5 35.0 2318.5 34.0 2318.5 27.0 2317.5 26.0 2317.5 19.0 2318.5 14.0 2321.5 9.0 2322.5 5.0 2322.5 0.0
 centrifuge_close 0.0 409.5 5.0 409.5 9.5 405.0 11.5 401.0 22.0 390.5 23.0 390.5 46.0 367.5 56.0 361.5 63.0 355.5 64.0 355.5 76.0 343.5 83.0 339.5 92.0 330.5 93.0 330.5 100.0 325.5 102.0 325.5 106.0 322.5 112.0 319.5 119.5 313.0 122.5 308.0 126.0 304.5 130.0 302.5 135.0 301.5 148.0 296.5 155.0 289.5 171.0 281.5 181.0 271.5 189.0 266.5 200.0 263.5 204.0 261.5 210.0 256.5 218.0 252.5 220.0 252.5 227.0 248.5 232.0 246.5 242.0 241.5 247.0 239.5 255.0 238.5 263.0 236.5 269.0 232.5 278.0 227.5 290.0 223.5 293.0 223.5 303.0 219.5 310.0 215.5 318.0 213.5 323.0 211.5 328.0 211.5 329.0 210.5 334.0 210.5 335.0 209.5 342.0 209.5 343.0 208.5 351.0 208.5 352.0 207.5 358.0 207.5 362.0 206.5 369.0 203.5 375.0 203.5 376.0 202.5 397.0 202.5 402.0 205.5 413.0 208.5 418.0 208.5 419.0 209.5 437.0 209.5 438.0 208.5 472.0 208.5 473.0 207.5 503.0 207.5 504.0 208.5 512.0 208.5 513.0 209.5 519.0 209.5 527.0 212.5 534.0 213.5 545.0 219.5 547.0 219.5 561.0 226.5 566.0 230.5 571.0 235.5 575.0 237.5 578.0 240.5 582.0 242.5 594.5 255.0 594.5 256.0 602.0 265.5 605.0 266.5 616.0 273.5 619.0 276.5 622.0 277.5 628.0 281.5 633.5 287.0 633.5 288.0 648.5 303.0 648.5 304.0 654.0 309.5 659.0 312.5 663.5 317.0 663.5 318.0 669.0 323.5 675.0 326.5 679.0 329.5 684.0 334.5 685.0 334.5 695.0 344.5 696.0 344.5 703.0 351.5 708.0 355.5 716.0 360.5 722.5 367.0 725.0 370.5 730.0 373.5 741.0 384.5 744.0 385.5 758.0 399.5 763.0 402.5 769.5 409.0 769.5 410.0 774.0 414.5 775.0 414.5 783.5 423.0 783.5 424.0 789.0 429.5 793.0 431.5 807.0 445.5 808.0 445.5 812.5 451.0 816.5 460.0 818.5 469.0 818.5 474.0 825.0 480.5 830.5 483.0 831.5 488.0 833.5 491.0 835.5 499.0 837.5 503.0 837.5 509.0 838.5 510.0 838.5 516.0 839.5 517.0 839.5 523.0 841.5 529.0 841.5 534.0 842.5 535.0 842.5 547.0 843.5 548.0 843.5 553.0 844.5 554.0 845.5 563.0 849.5 574.0 849.5 579.0 850.5 580.0 850.5 586.0 851.5 587.0 851.5 594.0 852.5 595.0 853.5 604.0 855.5 609.0 855.5 613.0 857.5 619.0 857.5 642.0 856.5 643.0 855.5 652.0 851.5 664.0 847.5 671.0 846.5 674.0 840.5 684.0 837.5 687.0 834.5 693.0 827.5 703.0 801.0 729.5 796.0 732.5 791.5 737.0 791.5 738.0 780.0 749.5 776.0 752.5 773.0 753.5 764.0 760.5 759.0 763.5 754.0 765.5 749.0 769.5 745.0 771.5 740.0 775.5 735.0 777.5 733.0 779.5 720.0 785.5 718.0 787.5 711.0 790.5 698.0 798.5 687.0 801.5 680.0 804.5 677.0 806.5 672.0 807.5 668.0 809.5 660.0 811.5 634.0 824.5 628.0 826.5 623.0 829.5 621.0 829.5 614.0 833.5 609.0 835.5 604.0 836.5 599.0 839.5 594.0 841.5 589.0 842.5 582.0 846.5 569.0 851.5 562.0 855.5 560.0 855.5 551.0 858.5 533.0 867.5 528.0 869.5 523.0 870.5 520.0 872.5 512.0 874.5 507.0 877.5 489.0 886.5 483.0 888.5 476.0 889.5 463.0 896.5 458.0 897.5 453.0 900.5 446.0 903.5 438.0 909.5 432.0 912.5 426.0 914.5 421.0 914.5 417.0 915.5 407.0 919.5 404.0 919.5 400.0 921.5 392.0 923.5 389.0 925.5 374.0 929.5 369.0 931.5 355.0 931.5 354.0 930.5 349.0 931.5 330.0 931.5 329.0 930.5 322.0 930.5 321.0 929.5 306.0 929.5 305.0 928.5 293.0 928.5 292.0 927.5 287.0 927.5 282.0 926.5 277.0 924.5 274.0 924.5 270.0 922.5 267.0 922.5 261.0 920.5 257.0 917.5 248.0 914.5 245.0 912.5 240.0 911.5 233.0 908.5 216.0 908.5 211.0 906.5 198.0 899.5 188.0 889.5 185.0 888.5 181.0 885.5 176.5 881.0 173.5 876.0 165.5 868.0 162.5 863.0 147.5 848.0 145.5 844.0 137.5 835.0 131.5 826.0 124.0 818.5 123.0 818.5 114.5 810.0 110.5 802.0 103.5 795.0 100.5 789.0 95.0 783.5 94.0 783.5 88.5 778.0 84.5 769.0 81.5 765.0 74.5 758.0 74.5 757.0 65.0 747.5 64.0 747.5 58.5 741.0 58.5 740.0 52.5 728.0 50.0 725.5 46.0 723.5 40.5 718.0 37.5 711.0 30.5 704.0 28.5 701.0 22.5 689.0 17.0 683.5 16.0 683.5 11.5 679.0 9.5 674.0 5.0 666.5 0.0 666.5
 10ML_centrifuge_tube 1160.0 1191.5 1157.5 1190.0 1160.0 1188.5 1161.5 1190.0 1160.0 1191.5
 10ML_centrifuge_tube 898.0 1362.5 881.0 1362.5 880.0 1361.5 875.0 1361.5 871.0 1359.5 859.5 1344.0 855.5 1337.0 851.5 1320.0 851.5 1304.0 852.5 1303.0 852.5 1298.0 858.5 1287.0 867.0 1278.5 870.0 1277.5 877.0 1273.5 885.0 1272.5 891.0 1270.5 896.0 1270.5 908.0 1266.5 920.0 1266.5 925.0 1267.5 930.0 1270.5 932.0 1270.5 936.0 1273.5 952.0 1273.5 960.0 1269.5 963.0 1269.5 967.0 1267.5 976.0 1267.5 977.0 1266.5 985.0 1266.5 991.0 1264.5 996.0 1264.5 1002.0 1262.5 1011.0 1261.5 1012.0 1260.5 1029.0 1255.5 1039.0 1255.5 1040.0 1254.5 1046.0 1254.5 1051.0 1252.5 1056.0 1251.5 1061.0 1251.5 1062.0 1250.5 1067.0 1250.5 1068.0 1249.5 1075.0 1249.5 1089.0 1243.5 1106.0 1243.5 1107.0 1242.5 1113.0 1242.5 1114.0 1241.5 1120.0 1241.5 1129.0 1239.5 1133.0 1237.5 1136.0 1237.5 1140.0 1235.5 1148.0 1234.5 1153.0 1232.5 1157.0 1232.5 1162.0 1230.5 1169.0 1229.5 1174.0 1227.5 1192.0 1227.5 1193.0 1226.5 1201.0 1226.5 1202.0 1225.5 1211.0 1225.5 1212.0 1224.5 1219.0 1224.5 1220.0 1223.5 1233.0 1223.5 1234.0 1222.5 1270.0 1222.5 1271.0 1223.5 1276.0 1223.5 1277.0 1224.5 1283.0 1224.5 1284.0 1225.5 1302.0 1225.5 1303.0 1226.5 1310.0 1226.5 1317.0 1229.5 1320.0 1231.5 1323.5 1236.0 1323.5 1239.0 1321.5 1243.0 1315.0 1249.5 1311.0 1251.5 1308.0 1251.5 1298.0 1255.5 1295.0 1255.5 1290.0 1257.5 1287.0 1257.5 1281.0 1259.5 1269.0 1265.5 1266.0 1267.5 1260.0 1273.5 1259.0 1273.5 1250.0 1282.5 1246.0 1284.5 1235.0 1286.5 1230.0 1289.5 1220.0 1292.5 1215.0 1292.5 1214.0 1293.5 1208.0 1293.5 1207.0 1294.5 1192.0 1294.5 1187.0 1295.5 1182.0 1297.5 1177.0 1297.5 1176.0 1298.5 1167.0 1298.5 1166.0 1299.5 1159.0 1299.5 1153.0 1302.5 1151.0 1302.5 1145.0 1305.5 1133.0 1309.5 1121.0 1309.5 1120.0 1310.5 1113.0 1310.5 1112.0 1311.5 1104.0 1311.5 1103.0 1312.5 1095.0 1313.5 1088.0 1317.5 1086.0 1319.5 1076.0 1319.5 1075.0 1320.5 1069.0 1320.5 1065.0 1321.5 1058.0 1324.5 1050.0 1324.5 1049.0 1325.5 1041.0 1325.5 1040.0 1326.5 1032.0 1326.5 1031.0 1327.5 1024.0 1327.5 1023.0 1328.5 1012.0 1330.5 1011.0 1331.5 994.0 1331.5 993.0 1332.5 987.0 1332.5 982.0 1333.5 977.0 1335.5 972.0 1336.5 969.0 1338.5 966.0 1338.5 958.0 1340.5 951.0 1343.5 937.0 1352.5 934.0 1355.5 923.0 1358.5 922.0 1359.5 914.0 1359.5 913.0 1360.5 907.0 1360.5 906.0 1361.5 899.0 1361.5 898.0 1362.5
 5ML_centrifuge_tube 1268.0 1681.5 1254.0 1681.5 1245.0 1677.5 1231.0 1668.5 1217.5 1655.0 1209.5 1644.0 1208.5 1640.0 1208.5 1632.0 1207.5 1631.0 1207.5 1626.0 1208.5 1625.0 1211.5 1610.0 1223.5 1590.0 1237.0 1576.5 1243.0 1572.5 1252.0 1568.5 1255.0 1566.5 1260.0 1565.5 1266.0 1562.5 1271.0 1562.5 1272.0 1563.5 1280.0 1563.5 1284.0 1564.5 1289.0 1567.5 1298.0 1571.5 1303.0 1575.5 1320.5 1593.0 1324.5 1600.0 1324.5 1603.0 1327.5 1610.0 1327.5 1615.0 1326.5 1616.0 1326.5 1622.0 1325.5 1627.0 1322.5 1633.0 1319.5 1641.0 1311.5 1653.0 1299.0 1665.5 1294.0 1668.5 1289.0 1672.5 1285.0 1674.5 1274.0 1678.5 1268.0 1681.5
 10ML_centrifuge_tube 1404.0 1642.5 1399.0 1642.5 1398.0 1641.5 1393.0 1641.5 1382.0 1638.5 1378.0 1635.5 1375.0 1634.5 1371.0 1631.5 1357.0 1617.5 1356.0 1617.5 1346.5 1608.0 1339.5 1595.0 1337.5 1587.0 1337.5 1574.0 1338.5 1573.0 1338.5 1567.0 1339.5 1566.0 1340.5 1560.0 1343.5 1555.0 1343.5 1553.0 1346.5 1549.0 1348.5 1544.0 1350.5 1542.0 1354.5 1535.0 1362.0 1527.5 1377.0 1519.5 1382.0 1517.5 1392.0 1514.5 1397.0 1513.5 1403.0 1513.5 1404.0 1512.5 1415.0 1512.5 1430.0 1517.5 1437.0 1524.5 1448.0 1532.5 1460.5 1545.0 1461.5 1548.0 1465.5 1554.0 1466.5 1560.0 1468.5 1564.0 1468.5 1584.0 1467.5 1588.0 1464.5 1594.0 1464.5 1596.0 1459.5 1606.0 1454.5 1612.0 1454.5 1613.0 1443.0 1624.5 1438.0 1628.5 1432.0 1631.5 1424.0 1636.5 1414.0 1640.5 1405.0 1641.5 1404.0 1642.5
 5ML_centrifuge_tube 1588.0 1732.5 1580.0 1732.5 1579.0 1731.5 1574.0 1731.5 1573.0 1730.5 1548.0 1730.5 1543.0 1728.5 1540.0 1728.5 1537.0 1726.5 1519.5 1709.0 1513.5 1698.0 1513.5 1695.0 1511.5 1691.0 1511.5 1672.0 1514.5 1664.0 1514.5 1661.0 1524.5 1643.0 1527.5 1639.0 1536.0 1630.5 1540.0 1627.5 1543.0 1626.5 1551.0 1620.5 1555.0 1618.5 1558.0 1618.5 1562.0 1616.5 1567.0 1615.5 1580.0 1615.5 1585.0 1616.5 1592.0 1619.5 1601.0 1624.5 1606.0 1628.5 1610.5 1633.0 1614.5 1639.0 1619.5 1644.0 1621.5 1648.0 1624.5 1651.0 1627.5 1661.0 1629.5 1666.0 1629.5 1689.0 1623.5 1705.0 1620.5 1708.0 1618.5 1712.0 1608.0 1722.5 1603.0 1725.5 1599.0 1729.5 1595.0 1731.5 1589.0 1731.5 1588.0 1732.5
 10ML_centrifuge_tube 1574.0 1882.5 1552.0 1882.5 1544.0 1879.5 1539.0 1878.5 1533.0 1874.5 1528.0 1869.5 1527.0 1869.5 1509.5 1852.0 1505.5 1847.0 1499.5 1838.0 1496.5 1832.0 1496.5 1830.0 1492.5 1821.0 1492.5 1814.0 1491.5 1813.0 1491.5 1803.0 1492.5 1802.0 1492.5 1797.0 1496.5 1784.0 1498.5 1781.0 1503.5 1769.0 1505.5 1767.0 1510.5 1759.0 1520.0 1749.5 1521.0 1749.5 1529.0 1743.5 1530.0 1743.5 1537.0 1737.5 1541.0 1735.5 1546.0 1734.5 1549.0 1732.5 1553.0 1731.5 1572.0 1731.5 1573.0 1732.5 1578.0 1732.5 1582.0 1733.5 1590.0 1737.5 1594.0 1740.5 1616.5 1763.0 1616.5 1764.0 1622.5 1770.0 1622.5 1771.0 1627.5 1779.0 1631.5 1791.0 1631.5 1800.0 1632.5 1801.0 1632.5 1810.0 1631.5 1811.0 1631.5 1821.0 1630.5 1822.0 1630.5 1827.0 1628.5 1834.0 1623.5 1844.0 1616.5 1853.0 1614.5 1858.0 1609.0 1865.5 1601.0 1870.5 1596.0 1874.5 1581.0 1881.5 1575.0 1881.5 1574.0 1882.5
 5ML_sorting_tube_rack 1231.0 2154.5 1206.0 2154.5 1201.0 2153.5 1196.0 2151.5 1187.0 2150.5 1183.0 2148.5 1179.0 2148.5 1173.0 2145.5 1171.0 2145.5 1163.0 2141.5 1157.0 2140.5 1141.0 2132.5 1134.0 2125.5 1131.0 2123.5 1127.0 2122.5 1119.0 2122.5 1113.0 2120.5 1108.0 2120.5 1107.0 2119.5 1089.0 2119.5 1088.0 2118.5 1071.0 2115.5 1060.0 2110.5 1057.5 2108.0 1054.5 2101.0 1051.5 2090.0 1049.5 2085.0 1045.0 2080.5 1042.0 2079.5 1027.0 2079.5 1026.0 2080.5 1020.0 2080.5 1019.0 2081.5 1013.0 2081.5 1012.0 2082.5 1006.0 2082.5 1005.0 2083.5 1000.0 2083.5 999.0 2084.5 983.0 2084.5 975.0 2081.5 968.5 2075.0 967.5 2070.0 965.5 2066.0 965.5 2052.0 966.5 2051.0 966.5 2045.0 968.5 2039.0 968.5 2034.0 970.5 2028.0 971.5 2019.0 972.5 2018.0 974.5 2004.0 975.5 2003.0 975.5 1998.0 977.5 1992.0 978.5 1983.0 979.5 1982.0 980.5 1973.0 982.5 1967.0 982.5 1962.0 983.5 1961.0 984.5 1952.0 986.5 1947.0 987.5 1938.0 989.5 1933.0 991.5 1921.0 993.5 1915.0 993.5 1910.0 994.5 1909.0 994.5 1904.0 996.5 1899.0 997.5 1894.0 997.5 1888.0 998.5 1887.0 998.5 1882.0 1000.5 1877.0 1000.5 1873.0 1002.5 1868.0 1002.5 1864.0 1004.5 1859.0 1006.5 1845.0 1009.5 1834.0 1009.5 1829.0 1011.5 1823.0 1011.5 1818.0 1012.5 1817.0 1012.5 1812.0 1013.5 1811.0 1013.5 1805.0 1014.5 1804.0 1014.5 1799.0 1015.5 1798.0 1015.5 1792.0 1016.5 1791.0 1018.5 1777.0 1020.5 1772.0 1020.5 1768.0 1022.5 1763.0 1022.5 1758.0 1023.5 1757.0 1023.5 1752.0 1024.5 1751.0 1025.5 1743.0 1027.5 1739.0 1027.5 1736.0 1029.5 1731.0 1030.5 1726.0 1030.5 1721.0 1031.5 1720.0 1031.5 1715.0 1032.5 1710.0 1034.5 1705.0 1035.5 1696.0 1038.5 1687.0 1039.5 1678.0 1041.5 1673.0 1042.5 1668.0 1042.5 1662.0 1043.5 1661.0 1043.5 1655.0 1045.5 1649.0 1045.5 1644.0 1048.5 1633.0 1048.5 1629.0 1050.5 1623.0 1051.5 1616.0 1056.5 1607.0 1068.0 1595.5 1073.0 1591.5 1080.0 1589.5 1086.0 1589.5 1099.0 1585.5 1104.0 1584.5 1110.0 1584.5 1115.0 1582.5 1120.0 1582.5 1121.0 1581.5 1127.0 1581.5 1132.0 1580.5 1140.0 1576.5 1149.0 1574.5 1154.0 1572.5 1159.0 1571.5 1164.0 1571.5 1165.0 1570.5 1176.0 1570.5 1177.0 1569.5 1182.0 1569.5 1190.0 1566.5 1194.0 1566.5 1205.0 1563.5 1210.0 1563.5 1211.0 1562.5 1223.0 1560.5 1224.0 1559.5 1232.0 1559.5 1233.0 1558.5 1241.0 1558.5 1246.0 1560.5 1249.5 1565.0 1246.0 1569.5 1242.0 1571.5 1233.0 1578.5 1232.0 1578.5 1220.5 1590.0 1218.5 1593.0 1210.5 1609.0 1208.5 1616.0 1207.5 1623.0 1206.5 1624.0 1206.5 1632.0 1207.5 1633.0 1207.5 1639.0 1211.5 1649.0 1213.5 1652.0 1227.0 1665.5 1228.0 1665.5 1236.0 1673.5 1242.0 1676.5 1244.0 1678.5 1248.0 1679.5 1251.0 1681.5 1256.0 1681.5 1257.0 1682.5 1269.0 1682.5 1273.0 1680.5 1281.0 1678.5 1290.0 1673.5 1293.0 1670.5 1298.0 1667.5 1307.0 1659.5 1308.0 1659.5 1311.5 1655.0 1316.5 1650.0 1319.5 1646.0 1323.5 1638.0 1324.5 1632.0 1326.5 1627.0 1326.5 1610.0 1324.5 1605.0 1324.5 1599.0 1323.5 1595.0 1320.5 1589.0 1316.0 1584.5 1312.0 1582.5 1303.0 1573.5 1302.0 1573.5 1295.0 1567.5 1282.0 1562.5 1277.0 1561.5 1270.0 1558.5 1267.0 1558.5 1261.0 1556.5 1257.5 1554.0 1262.0 1549.5 1265.0 1549.5 1268.0 1547.5 1271.0 1547.5 1275.0 1545.5 1279.0 1545.5 1288.0 1542.5 1292.0 1542.5 1297.0 1540.5 1302.0 1540.5 1303.0 1539.5 1308.0 1539.5 1328.0 1533.5 1336.0 1533.5 1337.0 1532.5 1344.0 1532.5 1349.5 1536.0 1349.5 1539.0 1343.5 1548.0 1337.5 1561.0 1336.5 1567.0 1335.5 1568.0 1335.5 1573.0 1334.5 1574.0 1334.5 1579.0 1333.5 1580.0 1333.5 1592.0 1334.5 1593.0 1334.5 1601.0 1337.5 1609.0 1349.0 1616.5 1354.0 1620.5 1358.0 1622.5 1361.0 1625.5 1366.0 1628.5 1371.0 1633.5 1375.0 1636.5 1383.0 1640.5 1391.0 1642.5 1397.0 1642.5 1398.0 1643.5 1405.0 1643.5 1410.0 1642.5 1418.0 1639.5 1425.0 1638.5 1433.0 1634.5 1438.0 1630.5 1456.5 1612.0 1456.5 1611.0 1462.5 1601.0 1462.5 1599.0 1465.5 1594.0 1466.5 1588.0 1468.5 1583.0 1468.5 1565.0 1464.5 1554.0 1461.5 1549.0 1458.5 1546.0 1455.5 1541.0 1451.5 1536.0 1443.5 1528.0 1438.5 1520.0 1438.5 1511.0 1438.0 1508.5 1445.0 1505.5 1449.0 1504.5 1455.0 1504.5 1456.0 1503.5 1462.0 1503.5 1467.0 1501.5 1479.0 1499.5 1483.0 1497.5 1486.0 1497.5 1493.0 1494.5 1499.0 1493.5 1505.0 1490.5 1510.0 1490.5 1511.0 1489.5 1519.0 1489.5 1520.0 1488.5 1532.0 1486.5 1537.0 1484.5 1549.0 1482.5 1550.0 1481.5 1568.0 1477.5 1572.0 1475.5 1579.0 1474.5 1584.0 1472.5 1591.0 1471.5 1595.0 1469.5 1608.0 1467.5 1612.0 1465.5 1621.0 1463.5 1626.0 1463.5 1627.0 1462.5 1632.0 1462.5 1637.0 1460.5 1642.0 1459.5 1649.0 1459.5 1654.0 1457.5 1658.0 1457.5 1663.0 1460.5 1669.0 1462.5 1673.5 1467.0 1675.5 1471.0 1678.5 1474.0 1684.5 1488.0 1684.5 1490.0 1687.5 1494.0 1694.0 1497.5 1701.5 1505.0 1701.5 1506.0 1710.5 1515.0 1713.5 1519.0 1715.5 1524.0 1717.5 1526.0 1720.5 1534.0 1722.5 1537.0 1723.5 1542.0 1726.5 1548.0 1734.5 1558.0 1735.5 1561.0 1739.5 1566.0 1742.5 1572.0 1749.0 1578.5 1750.0 1578.5 1756.5 1585.0 1760.5 1591.0 1762.5 1596.0 1764.5 1598.0 1769.5 1609.0 1771.5 1611.0 1774.5 1617.0 1783.5 1628.0 1784.5 1631.0 1790.5 1639.0 1794.5 1649.0 1797.5 1654.0 1798.5 1658.0 1798.5 1664.0 1799.5 1665.0 1799.5 1675.0 1800.5 1676.0 1800.5 1692.0 1801.5 1693.0 1801.5 1701.0 1802.5 1702.0 1802.5 1709.0 1803.5 1710.0 1803.5 1717.0 1804.5 1718.0 1804.5 1728.0 1805.5 1729.0 1805.5 1746.0 1806.5 1747.0 1806.5 1763.0 1807.5 1764.0 1807.5 1770.0 1808.5 1771.0 1808.5 1778.0 1809.5 1779.0 1809.5 1798.0 1810.5 1799.0 1810.5 1820.0 1811.5 1821.0 1811.5 1828.0 1812.5 1829.0 1812.5 1835.0 1813.5 1836.0 1813.5 1851.0 1814.5 1852.0 1814.5 1862.0 1815.5 1863.0 1815.5 1874.0 1816.5 1875.0 1816.5 1886.0 1817.5 1887.0 1817.5 1895.0 1818.5 1896.0 1818.5 1904.0 1819.5 1905.0 1819.5 1912.0 1820.5 1913.0 1820.5 1928.0 1821.5 1929.0 1821.5 1940.0 1822.5 1941.0 1822.5 1951.0 1823.5 1952.0 1823.5 1961.0 1824.5 1962.0 1824.5 1971.0 1825.5 1972.0 1825.5 1983.0 1826.5 1984.0 1826.5 1994.0 1827.5 1995.0 1827.5 2006.0 1828.5 2007.0 1828.5 2017.0 1829.5 2018.0 1829.5 2026.0 1830.5 2027.0 1830.5 2034.0 1826.5 2043.0 1822.0 2047.5 1819.0 2049.5 1812.0 2052.5 1809.0 2054.5 1801.0 2057.5 1798.0 2060.5 1789.0 2064.5 1784.0 2064.5 1779.0 2066.5 1774.0 2066.5 1768.0 2068.5 1763.0 2068.5 1757.0 2070.5 1748.0 2071.5 1743.0 2073.5 1739.0 2073.5 1730.0 2076.5 1725.0 2076.5 1716.0 2079.5 1711.0 2079.5 1706.0 2081.5 1701.0 2082.5 1696.0 2082.5 1690.0 2084.5 1685.0 2084.5 1684.0 2085.5 1679.0 2085.5 1678.0 2086.5 1672.0 2086.5 1671.0 2087.5 1665.0 2087.5 1664.0 2088.5 1659.0 2088.5 1654.0 2090.5 1649.0 2090.5 1644.0 2091.5 1636.0 2094.5 1632.0 2094.5 1618.0 2099.5 1606.0 2101.5 1601.0 2103.5 1589.0 2105.5 1585.0 2107.5 1580.0 2108.5 1573.0 2108.5 1572.0 2109.5 1565.0 2109.5 1556.0 2112.5 1551.0 2113.5 1545.0 2113.5 1544.0 2114.5 1539.0 2114.5 1526.0 2117.5 1522.0 2119.5 1517.0 2120.5 1512.0 2120.5 1507.0 2121.5 1499.0 2124.5 1493.0 2124.5 1492.0 2125.5 1484.0 2125.5 1483.0 2126.5 1475.0 2126.5 1474.0 2127.5 1466.0 2127.5 1465.0 2128.5 1454.0 2128.5 1453.0 2129.5 1442.0 2129.5 1441.0 2130.5 1429.0 2130.5 1428.0 2131.5 1419.0 2131.5 1418.0 2132.5 1410.0 2132.5 1409.0 2133.5 1401.0 2133.5 1400.0 2134.5 1395.0 2134.5 1394.0 2135.5 1385.0 2136.5 1384.0 2137.5 1379.0 2137.5 1378.0 2138.5 1373.0 2138.5 1372.0 2139.5 1366.0 2139.5 1365.0 2140.5 1359.0 2140.5 1358.0 2141.5 1353.0 2141.5 1347.0 2143.5 1341.0 2143.5 1340.0 2144.5 1335.0 2144.5 1334.0 2145.5 1328.0 2145.5 1318.0 2147.5 1312.0 2149.5 1307.0 2149.5 1306.0 2150.5 1297.0 2150.5 1296.0 2151.5 1285.0 2151.5 1284.0 2152.5 1269.0 2152.5 1268.0 2153.5 1232.0 2153.5 1231.0 2154.5
 5ML_sorting_tube_rack 1571.5 1883.0 1580.0 1881.5 1589.0 1877.5 1596.0 1873.5 1601.0 1871.5 1603.0 1869.5 1608.0 1867.5 1612.0 1864.5 1618.5 1856.0 1623.5 1844.0 1627.5 1837.0 1628.5 1832.0 1631.5 1824.0 1631.5 1818.0 1632.5 1817.0 1632.5 1798.0 1631.5 1797.0 1631.5 1791.0 1629.5 1787.0 1627.5 1778.0 1624.5 1772.0 1620.5 1767.0 1618.5 1763.0 1615.5 1760.0 1612.5 1754.0 1606.5 1747.0 1603.5 1741.0 1603.5 1739.0 1600.5 1733.0 1604.0 1728.5 1605.0 1728.5 1611.5 1723.0 1615.5 1718.0 1618.5 1712.0 1622.5 1707.0 1625.5 1701.0 1627.5 1692.0 1629.5 1689.0 1629.5 1669.0 1626.5 1655.0 1620.5 1644.0 1614.5 1636.0 1610.5 1629.0 1605.0 1623.5 1593.0 1617.5 1589.0 1616.5 1584.0 1616.5 1583.0 1615.5 1564.0 1615.5 1560.0 1616.5 1553.0 1619.5 1541.0 1627.5 1536.0 1629.5 1527.5 1638.0 1522.5 1646.0 1518.5 1650.0 1514.5 1658.0 1512.5 1664.0 1512.5 1667.0 1510.5 1672.0 1510.5 1682.0 1509.5 1683.0 1510.5 1691.0 1513.5 1698.0 1513.5 1700.0 1519.5 1711.0 1522.5 1715.0 1534.5 1727.0 1536.5 1730.0 1535.5 1733.0 1531.0 1737.5 1526.0 1741.5 1521.0 1744.5 1511.5 1754.0 1511.5 1755.0 1506.5 1761.0 1502.5 1770.0 1500.5 1772.0 1497.5 1778.0 1495.5 1787.0 1493.5 1791.0 1492.5 1796.0 1492.5 1802.0 1491.5 1803.0 1491.5 1811.0 1492.5 1812.0 1492.5 1819.0 1493.5 1824.0 1496.5 1831.0 1498.5 1839.0 1501.5 1845.0 1505.5 1851.0 1512.0 1857.5 1513.0 1857.5 1518.0 1862.5 1526.0 1867.5 1530.0 1871.5 1541.0 1878.5 1543.0 1878.5 1551.0 1882.5 1556.0 1883.5 1571.0 1883.5 1571.5 1883.0
dispensing_tube_rack 1044.0 1611.5 1039.0 1611.5 1037.0 1609.5 1032.0 1607.5 1027.0 1604.5 1022.0 1602.5 1016.0 1598.5 1009.0 1592.5 1001.0 1587.5 999.0 1587.5 992.0 1582.5 987.0 1580.5 976.0 1572.5 960.0 1564.5 957.0 1563.5 943.0 1554.5 940.0 1553.5 935.0 1549.5 932.0 1548.5 927.0 1544.5 924.0 1543.5 918.0 1539.5 911.0 1533.5 907.0 1531.5 898.0 1524.5 890.0 1520.5 886.0 1517.5 880.0 1514.5 874.0 1510.5 867.5 1504.0 867.5 1503.0 862.0 1497.5 856.0 1494.5 854.0 1492.5 849.0 1490.5 842.5 1484.0 840.5 1480.0 835.5 1474.0 833.5 1468.0 833.5 1456.0 835.5 1451.0 838.5 1438.0 838.5 1433.0 842.5 1425.0 845.5 1414.0 847.5 1411.0 852.5 1394.0 855.5 1388.0 855.5 1373.0 856.5 1371.0 863.0 1364.5 866.0 1363.5 872.0 1363.5 873.0 1362.5 885.0 1362.5 886.0 1363.5 908.0 1363.5 909.0 1362.5 927.0 1359.5 930.0 1357.5 935.0 1356.5 941.0 1353.5 949.0 1347.5 956.0 1344.5 961.0 1344.5 962.0 1343.5 967.0 1343.5 968.0 1342.5 977.0 1340.5 983.0 1337.5 992.0 1336.5 1002.0 1334.5 1003.0 1333.5 1010.0 1332.5 1014.0 1330.5 1017.0 1330.5 1021.0 1328.5 1026.0 1327.5 1034.0 1327.5 1035.0 1326.5 1044.0 1326.5 1045.0 1325.5 1052.0 1325.5 1053.0 1324.5 1060.0 1324.5 1061.0 1323.5 1066.0 1323.5 1067.0 1322.5 1086.0 1322.5 1094.0 1317.5 1100.0 1315.5 1110.0 1315.5 1111.0 1316.5 1133.0 1316.5 1146.0 1308.5 1150.0 1305.5 1162.0 1302.5 1163.0 1301.5 1173.0 1301.5 1181.0 1298.5 1186.0 1298.5 1191.0 1297.5 1196.0 1295.5 1201.0 1294.5 1209.0 1294.5 1210.0 1293.5 1220.0 1293.5 1230.0 1290.5 1233.0 1288.5 1239.0 1286.5 1245.0 1286.5 1249.0 1285.5 1256.5 1278.0 1256.5 1277.0 1264.0 1269.5 1270.0 1266.5 1278.0 1265.5 1294.0 1261.5 1301.0 1258.5 1306.0 1257.5 1313.0 1254.5 1315.0 1254.5 1320.5 1250.0 1320.5 1241.0 1319.5 1240.0 1319.5 1234.0 1317.5 1230.0 1314.0 1226.5 1311.0 1225.5 1300.0 1225.5 1299.0 1224.5 1289.0 1224.5 1288.0 1223.5 1278.0 1223.5 1272.0 1221.5 1233.0 1221.5 1232.0 1222.5 1223.0 1222.5 1222.0 1223.5 1217.0 1222.5 1197.0 1222.5 1196.0 1223.5 1192.0 1222.5 1189.5 1220.0 1187.5 1215.0 1185.5 1207.0 1185.5 1203.0 1182.5 1196.0 1180.5 1194.0 1181.5 1190.0 1185.0 1188.5 1196.0 1181.5 1200.0 1180.5 1205.0 1180.5 1206.0 1179.5 1211.0 1179.5 1220.0 1176.5 1225.0 1175.5 1229.0 1173.5 1237.0 1172.5 1246.0 1169.5 1269.0 1164.5 1275.0 1164.5 1276.0 1163.5 1281.0 1163.5 1286.0 1161.5 1289.0 1161.5 1293.0 1159.5 1297.0 1159.5 1302.0 1157.5 1306.0 1157.5 1311.0 1155.5 1316.0 1155.5 1317.0 1154.5 1322.0 1154.5 1323.0 1153.5 1342.0 1149.5 1348.0 1147.5 1353.0 1144.5 1363.0 1141.5 1377.0 1141.5 1385.0 1143.5 1390.5 1149.0 1391.5 1153.0 1393.5 1156.0 1398.0 1160.5 1403.0 1162.5 1406.0 1162.5 1411.0 1164.5 1415.0 1164.5 1422.0 1167.5 1425.0 1169.5 1433.5 1178.0 1436.5 1185.0 1437.5 1189.0 1437.5 1208.0 1438.5 1213.0 1441.5 1220.0 1447.0 1225.5 1448.0 1225.5 1451.5 1231.0 1455.5 1235.0 1456.5 1238.0 1463.5 1247.0 1465.5 1251.0 1471.5 1258.0 1474.5 1263.0 1487.5 1280.0 1487.5 1281.0 1498.5 1295.0 1501.5 1301.0 1506.5 1307.0 1509.5 1312.0 1515.5 1319.0 1515.5 1320.0 1520.5 1326.0 1521.5 1329.0 1521.5 1339.0 1522.5 1340.0 1522.5 1350.0 1521.5 1351.0 1521.5 1374.0 1520.5 1375.0 1520.5 1396.0 1519.5 1397.0 1519.5 1412.0 1518.5 1413.0 1518.5 1450.0 1517.5 1451.0 1517.5 1473.0 1518.5 1474.0 1517.5 1479.0 1515.5 1482.0 1510.0 1486.5 1507.0 1487.5 1501.0 1487.5 1500.0 1488.5 1495.0 1488.5 1494.0 1489.5 1482.0 1492.5 1478.0 1494.5 1474.0 1494.5 1469.0 1496.5 1466.0 1496.5 1461.0 1498.5 1456.0 1498.5 1455.0 1499.5 1448.0 1499.5 1447.0 1500.5 1442.0 1500.5 1441.0 1499.5 1432.0 1499.5 1427.0 1501.5 1422.0 1505.5 1411.0 1509.5 1406.0 1509.5 1405.0 1510.5 1399.0 1510.5 1398.0 1511.5 1392.0 1511.5 1381.0 1514.5 1373.0 1518.5 1362.0 1521.5 1357.0 1524.5 1349.0 1526.5 1344.0 1526.5 1343.0 1527.5 1333.0 1529.5 1328.0 1529.5 1327.0 1530.5 1318.0 1530.5 1317.0 1531.5 1312.0 1531.5 1311.0 1532.5 1305.0 1532.5 1304.0 1533.5 1299.0 1533.5 1295.0 1535.5 1291.0 1535.5 1278.0 1539.5 1273.0 1539.5 1263.0 1542.5 1260.0 1544.5 1251.0 1546.5 1250.0 1547.5 1243.0 1548.5 1239.0 1550.5 1226.0 1552.5 1221.0 1554.5 1218.0 1554.5 1214.0 1556.5 1207.0 1557.5 1203.0 1559.5 1196.0 1560.5 1191.0 1562.5 1187.0 1562.5 1182.0 1564.5 1177.0 1564.5 1176.0 1565.5 1145.0 1565.5 1141.0 1568.5 1130.0 1573.5 1122.0 1575.5 1119.0 1575.5 1110.0 1580.5 1106.0 1580.5 1094.0 1583.5 1089.0 1585.5 1083.0 1585.5 1078.0 1584.5 1071.5 1580.0 1072.5 1578.0 1072.5 1563.0 1071.5 1562.0 1071.5 1548.0 1074.5 1535.0 1080.5 1525.0 1083.5 1521.0 1084.5 1516.0 1084.5 1499.0 1083.5 1498.0 1083.5 1482.0 1080.0 1478.5 1069.0 1478.5 1068.0 1479.5 1059.0 1480.5 1054.0 1482.5 1051.0 1482.5 1046.0 1484.5 1042.0 1484.5 1037.0 1486.5 1032.0 1487.5 1027.0 1487.5 1026.0 1488.5 1021.0 1488.5 1020.0 1489.5 1006.0 1492.5 1005.0 1493.5 998.0 1494.5 988.0 1498.5 982.0 1499.5 971.0 1504.5 968.5 1508.0 978.5 1518.0 978.5 1519.0 986.0 1526.5 987.0 1526.5 994.0 1533.5 995.0 1533.5 1002.0 1539.5 1006.0 1541.5 1017.0 1549.5 1018.0 1549.5 1023.0 1554.5 1029.0 1557.5 1040.0 1566.5 1051.0 1571.5 1058.0 1576.5 1065.0 1577.5 1068.5 1580.0 1067.5 1583.0 1063.0 1586.5 1058.5 1592.0 1055.5 1598.0 1050.5 1603.0 1050.5 1604.0 1044.5 1610.0 1044.0 1611.5
dispensing_tube_rack 951.0 1271.5 948.0 1270.5 939.0 1263.5 934.0 1261.5 928.0 1257.5 925.0 1256.5 922.5 1254.0 923.5 1252.0 928.0 1249.5 931.0 1249.5 939.0 1246.5 945.5 1240.0 945.5 1239.0 953.0 1235.5 957.0 1234.5 965.0 1234.5 966.0 1233.5 977.0 1233.5 978.0 1232.5 985.0 1232.5 986.0 1231.5 992.0 1231.5 993.0 1230.5 998.0 1230.5 1003.0 1229.5 1013.0 1225.5 1015.0 1223.5 1031.0 1220.5 1032.0 1219.5 1038.0 1219.5 1044.0 1217.5 1048.0 1217.5 1053.0 1215.5 1057.0 1215.5 1068.0 1211.5 1082.0 1211.5 1084.0 1212.5 1086.5 1218.0 1086.5 1233.0 1085.5 1234.0 1085.5 1240.0 1083.5 1245.0 1079.0 1248.5 1074.0 1249.5 1067.0 1249.5 1066.0 1250.5 1061.0 1250.5 1060.0 1251.5 1055.0 1251.5 1054.0 1252.5 1048.0 1252.5 1047.0 1253.5 1027.0 1253.5 1022.0 1256.5 1020.0 1256.5 1014.0 1259.5 1010.0 1260.5 1005.0 1260.5 1004.0 1261.5 996.0 1261.5 995.0 1262.5 965.0 1262.5 958.0 1265.5 951.0 1271.5
 5ML_centrifuge_tube 1105.0 1243.5 1099.0 1242.5 1092.5 1237.0 1088.5 1229.0 1087.5 1224.0 1087.5 1216.0 1088.5 1215.0 1088.5 1209.0 1091.5 1203.0 1096.5 1197.0 1096.5 1196.0 1101.0 1191.5 1114.0 1182.5 1121.0 1178.5 1126.0 1176.5 1132.0 1175.5 1133.0 1174.5 1138.0 1174.5 1139.0 1173.5 1144.0 1173.5 1149.0 1172.5 1153.0 1173.5 1160.0 1176.5 1168.5 1185.0 1168.5 1186.0 1173.5 1191.0 1176.5 1196.0 1181.5 1202.0 1184.5 1208.0 1184.5 1214.0 1185.5 1215.0 1185.5 1222.0 1184.5 1224.0 1180.0 1227.5 1175.0 1229.5 1158.0 1232.5 1157.0 1233.5 1144.0 1236.5 1140.0 1236.5 1134.0 1238.5 1129.0 1238.5 1128.0 1239.5 1123.0 1239.5 1117.0 1241.5 1112.0 1241.5 1111.0 1242.5 1106.0 1242.5 1105.0 1243.5
 10ML_centrifuge_tube 2535.0 1401.5 2522.0 1401.5 2521.0 1400.5 2512.0 1400.5 2511.0 1399.5 2506.0 1399.5 2495.0 1396.5 2487.0 1393.5 2481.0 1389.5 2476.0 1384.5 2475.0 1384.5 2469.5 1379.0 2465.5 1373.0 2464.5 1370.0 2460.5 1363.0 2458.5 1358.0 2457.5 1353.0 2457.5 1347.0 2456.5 1346.0 2456.5 1318.0 2455.5 1317.0 2455.5 1311.0 2457.5 1306.0 2462.5 1297.0 2476.0 1283.5 2479.0 1281.5 2495.0 1273.5 2499.0 1272.5 2504.0 1272.5 2505.0 1271.5 2511.0 1271.5 2516.0 1270.5 2517.0 1271.5 2529.0 1271.5 2534.0 1272.5 2545.0 1276.5 2555.0 1282.5 2561.0 1285.5 2568.5 1293.0 2570.5 1297.0 2576.0 1302.5 2582.0 1306.5 2587.0 1308.5 2597.0 1308.5 2600.5 1310.0 2600.5 1314.0 2598.0 1315.5 2595.0 1315.5 2589.0 1317.5 2584.5 1322.0 2583.5 1325.0 2583.5 1332.0 2582.5 1333.0 2582.5 1358.0 2578.5 1369.0 2573.5 1380.0 2570.5 1384.0 2563.0 1390.5 2549.0 1398.5 2543.0 1399.5 2542.0 1400.5 2536.0 1400.5 2535.0 1401.5
 10ML_centrifuge_tube 2628.0 1643.5 2614.0 1643.5 2613.0 1642.5 2608.0 1642.5 2607.0 1641.5 2602.0 1641.5 2601.0 1640.5 2591.0 1637.5 2589.0 1637.5 2581.0 1632.5 2578.0 1631.5 2572.0 1627.5 2563.5 1619.0 2563.5 1618.0 2557.5 1612.0 2548.5 1595.0 2548.5 1592.0 2545.5 1584.0 2545.5 1573.0 2544.5 1572.0 2544.5 1565.0 2545.5 1564.0 2545.5 1550.0 2546.5 1549.0 2546.5 1543.0 2547.5 1542.0 2549.5 1531.0 2552.5 1526.0 2555.5 1519.0 2557.5 1516.0 2562.0 1511.5 2563.0 1511.5 2568.0 1506.5 2575.0 1501.5 2581.0 1498.5 2592.0 1495.5 2597.0 1495.5 2598.0 1494.5 2610.0 1494.5 2611.0 1495.5 2617.0 1495.5 2631.0 1500.5 2638.0 1501.5 2643.0 1503.5 2648.0 1506.5 2653.0 1510.5 2656.0 1511.5 2660.0 1514.5 2670.5 1525.0 2675.5 1533.0 2677.5 1535.0 2678.5 1539.0 2681.5 1544.0 2681.5 1546.0 2684.5 1552.0 2684.5 1573.0 2683.5 1574.0 2683.5 1582.0 2682.5 1583.0 2682.5 1589.0 2681.5 1590.0 2681.5 1595.0 2678.5 1603.0 2678.5 1606.0 2676.5 1612.0 2671.5 1621.0 2665.0 1627.5 2658.0 1631.5 2650.0 1637.5 2644.0 1640.5 2641.0 1640.5 2636.0 1642.5 2629.0 1642.5 2628.0 1643.5
 10ML_centrifuge_tube 2380.0 1691.5 2375.0 1691.5 2374.0 1690.5 2369.0 1690.5 2360.0 1688.5 2354.0 1685.5 2352.0 1685.5 2343.0 1680.5 2338.0 1676.5 2333.0 1671.5 2332.0 1671.5 2321.5 1661.0 2314.5 1648.0 2314.5 1646.0 2311.5 1638.0 2311.5 1633.0 2310.5 1632.0 2310.5 1626.0 2309.5 1625.0 2309.5 1603.0 2310.5 1602.0 2310.5 1595.0 2312.5 1591.0 2312.5 1588.0 2315.5 1581.0 2315.5 1579.0 2319.5 1572.0 2333.0 1558.5 2339.0 1555.5 2346.0 1550.5 2352.0 1549.5 2353.0 1548.5 2361.0 1548.5 2362.0 1547.5 2371.0 1547.5 2372.0 1546.5 2379.0 1546.5 2385.0 1548.5 2393.0 1549.5 2399.0 1551.5 2408.0 1556.5 2414.0 1562.5 2420.0 1566.5 2425.5 1572.0 2425.5 1573.0 2430.5 1578.0 2434.5 1584.0 2436.5 1591.0 2438.5 1594.0 2439.5 1602.0 2440.5 1603.0 2440.5 1609.0 2441.5 1610.0 2441.5 1626.0 2440.5 1627.0 2440.5 1636.0 2439.5 1637.0 2439.5 1643.0 2436.5 1651.0 2435.5 1657.0 2431.5 1665.0 2428.5 1669.0 2423.0 1674.5 2415.0 1679.5 2413.0 1681.5 2405.0 1685.5 2403.0 1685.5 2393.0 1689.5 2389.0 1690.5 2381.0 1690.5 2380.0 1691.5
 5ML_centrifuge_tube 2096.0 1489.5 2088.0 1489.5 2087.0 1488.5 2078.0 1488.5 2072.0 1486.5 2058.0 1477.5 2051.5 1470.0 2047.5 1463.0 2047.5 1461.0 2043.5 1449.0 2040.5 1442.0 2038.5 1434.0 2038.5 1415.0 2039.5 1414.0 2040.5 1407.0 2048.5 1394.0 2059.0 1383.5 2065.0 1379.5 2067.0 1379.5 2073.0 1376.5 2077.0 1375.5 2083.0 1375.5 2084.0 1374.5 2101.0 1374.5 2102.0 1375.5 2107.0 1375.5 2116.0 1379.5 2119.0 1381.5 2133.5 1396.0 2138.5 1405.0 2140.5 1413.0 2142.5 1418.0 2142.5 1424.0 2143.5 1425.0 2143.5 1433.0 2144.5 1434.0 2144.5 1446.0 2141.5 1457.0 2136.5 1466.0 2132.5 1471.0 2127.0 1476.5 2122.0 1479.5 2117.0 1483.5 2105.0 1488.5 2097.0 1488.5 2096.0 1489.5
 10ML_centrifuge_tube 2151.0 1739.5 2134.0 1739.5 2133.0 1738.5 2120.0 1735.5 2113.0 1732.5 2103.0 1726.5 2096.5 1720.0 2094.5 1716.0 2087.5 1709.0 2085.5 1705.0 2082.5 1696.0 2079.5 1691.0 2076.5 1680.0 2076.5 1676.0 2074.5 1670.0 2074.5 1661.0 2073.5 1660.0 2073.5 1653.0 2074.5 1652.0 2074.5 1644.0 2076.5 1638.0 2083.5 1625.0 2084.5 1621.0 2091.0 1614.5 2092.0 1614.5 2101.0 1605.5 2109.0 1601.5 2122.0 1597.5 2130.0 1597.5 2131.0 1596.5 2143.0 1596.5 2144.0 1597.5 2151.0 1597.5 2157.0 1600.5 2159.0 1600.5 2168.0 1605.5 2177.0 1613.5 2178.0 1613.5 2184.5 1620.0 2186.5 1624.0 2189.5 1627.0 2196.5 1640.0 2202.5 1659.0 2203.5 1664.0 2203.5 1669.0 2204.5 1670.0 2204.5 1690.0 2202.5 1696.0 2201.5 1703.0 2196.5 1712.0 2191.5 1717.0 2191.5 1718.0 2187.0 1722.5 2186.0 1722.5 2181.0 1727.5 2173.0 1731.5 2171.0 1733.5 2163.0 1736.5 2160.0 1736.5 2156.0 1738.5 2151.0 1739.5
blood_tube 2242.0 1580.5 2224.0 1580.5 2223.0 1579.5 2217.0 1579.5 2212.0 1578.5 2200.0 1572.5 2186.5 1559.0 2183.5 1555.0 2178.5 1545.0 2177.5 1538.0 2176.5 1537.0 2176.5 1528.0 2177.5 1527.0 2177.5 1520.0 2176.5 1519.0 2176.5 1510.0 2175.5 1509.0 2175.5 1502.0 2174.5 1501.0 2174.5 1487.0 2176.5 1482.0 2176.5 1478.0 2180.5 1470.0 2183.5 1466.0 2192.0 1457.5 2201.0 1452.5 2212.0 1448.5 2219.0 1448.5 2220.0 1447.5 2229.0 1447.5 2230.0 1448.5 2235.0 1448.5 2240.0 1449.5 2245.0 1451.5 2247.0 1453.5 2253.0 1456.5 2257.0 1459.5 2263.5 1466.0 2267.5 1472.0 2270.5 1480.0 2270.5 1485.0 2271.5 1486.0 2271.5 1492.0 2272.5 1497.0 2274.5 1502.0 2274.5 1506.0 2277.5 1514.0 2278.5 1521.0 2279.5 1522.0 2279.5 1527.0 2280.5 1528.0 2280.5 1542.0 2278.5 1547.0 2277.5 1552.0 2272.5 1561.0 2263.0 1570.5 2257.0 1574.5 2251.0 1576.5 2248.0 1578.5 2242.0 1580.5
blood_tube 2290.0 1432.5 2285.0 1432.5 2284.0 1431.5 2279.0 1431.5 2278.0 1430.5 2273.0 1430.5 2266.0 1427.5 2261.0 1424.5 2253.5 1418.0 2243.5 1404.0 2242.5 1400.0 2236.5 1389.0 2228.5 1371.0 2223.5 1361.0 2222.5 1357.0 2222.5 1339.0 2224.5 1335.0 2228.5 1323.0 2231.5 1320.0 2234.5 1315.0 2241.0 1309.5 2252.0 1304.5 2256.0 1303.5 2262.0 1303.5 2263.0 1302.5 2279.0 1302.5 2280.0 1303.5 2286.0 1303.5 2293.0 1306.5 2300.0 1310.5 2307.5 1317.0 2312.5 1324.0 2315.5 1335.0 2318.5 1340.0 2324.5 1353.0 2326.5 1355.0 2330.5 1364.0 2334.5 1371.0 2335.5 1376.0 2335.5 1381.0 2336.5 1382.0 2336.5 1392.0 2335.5 1397.0 2332.5 1405.0 2327.5 1410.0 2327.5 1411.0 2315.0 1423.5 2304.0 1429.5 2290.0 1432.5
blood_tube 2457.0 1538.5 2442.0 1538.5 2441.0 1537.5 2435.0 1537.5 2429.0 1534.5 2427.0 1534.5 2413.0 1525.5 2405.5 1517.0 2403.5 1513.0 2399.5 1508.0 2398.5 1504.0 2396.5 1501.0 2394.5 1495.0 2394.5 1476.0 2397.5 1467.0 2398.5 1462.0 2398.5 1442.0 2399.5 1441.0 2400.5 1432.0 2402.5 1426.0 2406.5 1418.0 2414.0 1411.5 2420.0 1407.5 2426.0 1405.5 2429.0 1405.5 2433.0 1403.5 2438.0 1402.5 2454.0 1402.5 2455.0 1403.5 2465.0 1406.5 2468.0 1406.5 2483.0 1414.5 2491.5 1425.0 2494.5 1430.0 2496.5 1436.0 2499.5 1442.0 2499.5 1448.0 2500.5 1449.0 2500.5 1469.0 2501.5 1470.0 2501.5 1478.0 2502.5 1479.0 2502.5 1486.0 2503.5 1487.0 2503.5 1494.0 2501.5 1499.0 2501.5 1502.0 2499.5 1507.0 2496.5 1511.0 2495.5 1514.0 2491.5 1520.0 2480.0 1531.5 2476.0 1532.5 2473.0 1534.5 2467.0 1536.5 2463.0 1536.5 2457.0 1538.5
 10ML_centrifuge_tube 2394.0 1832.5 2384.0 1832.5 2383.0 1831.5 2376.0 1831.5 2371.0 1828.5 2369.0 1828.5 2362.0 1824.5 2355.5 1818.0 2351.5 1811.0 2348.5 1808.0 2347.5 1804.0 2347.5 1797.0 2344.5 1784.0 2342.5 1780.0 2341.5 1775.0 2341.5 1761.0 2343.5 1756.0 2344.5 1751.0 2350.0 1745.5 2353.0 1744.5 2360.0 1740.5 2368.0 1733.5 2370.0 1733.5 2376.0 1730.5 2381.0 1729.5 2391.0 1729.5 2392.0 1728.5 2402.0 1726.5 2410.0 1726.5 2415.0 1728.5 2418.5 1733.0 2419.5 1737.0 2419.5 1756.0 2418.5 1757.0 2418.5 1773.0 2419.5 1774.0 2419.5 1780.0 2420.5 1781.0 2420.5 1789.0 2421.5 1790.0 2421.5 1806.0 2420.5 1810.0 2415.5 1817.0 2414.5 1820.0 2409.0 1825.5 2406.0 1827.5 2394.0 1832.5
 10ML_centrifuge_tube 2595.0 1793.5 2584.0 1793.5 2575.0 1790.5 2572.0 1790.5 2569.0 1787.5 2563.0 1783.5 2560.0 1782.5 2554.5 1777.0 2551.5 1768.0 2548.5 1764.0 2547.5 1761.0 2547.5 1756.0 2546.5 1755.0 2546.5 1746.0 2548.5 1741.0 2549.5 1736.0 2549.5 1731.0 2552.5 1720.0 2552.5 1713.0 2553.5 1712.0 2553.5 1707.0 2555.5 1700.0 2560.0 1695.5 2569.0 1691.5 2573.0 1690.5 2615.0 1690.5 2616.0 1689.5 2622.0 1689.5 2623.0 1688.5 2631.0 1687.5 2634.5 1690.0 2636.5 1699.0 2636.5 1706.0 2635.5 1707.0 2635.5 1716.0 2634.5 1717.0 2634.5 1723.0 2633.5 1724.0 2631.5 1735.0 2627.5 1746.0 2626.5 1751.0 2626.5 1756.0 2625.5 1757.0 2625.5 1762.0 2624.5 1766.0 2621.5 1771.0 2621.5 1773.0 2618.5 1778.0 2606.0 1790.5 2601.0 1792.5 2596.0 1792.5 2595.0 1793.5
 10ML_centrifuge_tube 2200.0 1869.5 2183.0 1869.5 2180.0 1868.5 2170.0 1863.5 2160.5 1854.0 2158.5 1850.0 2158.5 1847.0 2156.5 1841.0 2153.5 1836.0 2151.5 1828.0 2150.5 1820.0 2146.5 1812.0 2146.5 1809.0 2140.5 1796.0 2139.5 1791.0 2139.5 1779.0 2144.0 1774.5 2150.0 1773.5 2151.0 1772.5 2156.0 1772.5 2157.0 1771.5 2163.0 1771.5 2173.0 1769.5 2174.0 1768.5 2179.0 1768.5 2180.0 1767.5 2192.0 1767.5 2193.0 1766.5 2200.0 1766.5 2201.0 1765.5 2211.0 1765.5 2215.5 1770.0 2219.5 1781.0 2221.5 1792.0 2222.5 1793.0 2222.5 1802.0 2223.5 1803.0 2223.5 1810.0 2225.5 1815.0 2226.5 1820.0 2226.5 1826.0 2227.5 1827.0 2227.5 1839.0 2223.5 1851.0 2221.5 1854.0 2210.0 1865.5 2206.0 1866.5 2200.0 1869.5
 10ML_sorting_tube_rack 3477.0 1218.5 3455.0 1218.5 3454.0 1217.5 3448.0 1217.5 3447.0 1216.5 3442.0 1216.5 3434.0 1213.5 3419.0 1209.5 3408.0 1204.5 3406.0 1202.5 3400.0 1199.5 3397.0 1196.5 3393.0 1194.5 3388.0 1190.5 3381.5 1184.0 3377.5 1179.0 3374.5 1173.0 3372.5 1171.0 3370.5 1166.0 3369.5 1158.0 3370.5 1157.0 3370.5 1149.0 3372.5 1142.0 3374.5 1139.0 3375.5 1135.0 3380.5 1129.0 3385.5 1122.0 3388.5 1116.0 3392.5 1112.0 3397.5 1104.0 3404.0 1097.5 3409.0 1093.5 3414.0 1090.5 3419.0 1088.5 3422.0 1088.5 3426.0 1086.5 3433.0 1085.5 3439.0 1083.5 3464.0 1083.5 3465.0 1084.5 3472.0 1084.5 3473.0 1085.5 3478.0 1085.5 3479.0 1086.5 3484.0 1086.5 3489.0 1087.5 3504.0 1092.5 3516.0 1098.5 3527.0 1106.5 3533.0 1112.5 3534.0 1112.5 3538.5 1117.0 3545.5 1130.0 3547.5 1135.0 3548.5 1140.0 3548.5 1151.0 3546.5 1156.0 3545.5 1161.0 3541.5 1167.0 3540.5 1170.0 3535.5 1176.0 3529.5 1186.0 3523.5 1193.0 3523.5 1194.0 3512.0 1205.5 3508.0 1207.5 3503.0 1211.5 3494.0 1214.5 3487.0 1217.5 3478.0 1217.5 3477.0 1218.5
blood_tube 3212.0 1262.5 3199.0 1262.5 3193.0 1260.5 3189.0 1260.5 3184.0 1258.5 3181.0 1258.5 3176.0 1256.5 3173.0 1256.5 3166.0 1252.5 3159.0 1249.5 3148.5 1239.0 3148.5 1238.0 3142.5 1230.0 3142.5 1228.0 3139.5 1222.0 3139.5 1202.0 3142.5 1194.0 3145.5 1182.0 3148.5 1177.0 3151.5 1170.0 3152.5 1161.0 3159.5 1146.0 3161.5 1143.0 3170.0 1134.5 3178.0 1131.5 3183.0 1128.5 3189.0 1127.5 3194.0 1125.5 3199.0 1124.5 3223.0 1124.5 3224.0 1125.5 3231.0 1125.5 3232.0 1126.5 3243.0 1129.5 3248.0 1131.5 3255.0 1135.5 3259.0 1138.5 3271.5 1151.0 3275.5 1160.0 3275.5 1168.0 3276.5 1169.0 3276.5 1179.0 3272.5 1192.0 3270.5 1195.0 3269.5 1200.0 3264.5 1216.0 3262.5 1220.0 3260.5 1230.0 3252.5 1245.0 3245.0 1252.5 3240.0 1254.5 3238.0 1256.5 3231.0 1259.5 3227.0 1260.5 3222.0 1260.5 3221.0 1261.5 3213.0 1261.5 3212.0 1262.5
dispensing_tube_rack 3839.0 2152.5 3820.0 2152.5 3819.0 2153.5 3815.0 2152.5 3774.0 2152.5 3773.0 2153.5 3699.0 2153.5 3692.0 2151.5 3686.5 2146.0 3686.5 2145.0 3676.0 2134.5 3675.0 2134.5 3670.5 2130.0 3662.5 2115.0 3660.5 2108.0 3654.5 2098.0 3644.5 2086.0 3638.5 2075.0 3631.5 2067.0 3627.5 2060.0 3627.5 2057.0 3625.5 2053.0 3624.5 2048.0 3619.0 2042.5 3615.0 2040.5 3611.5 2037.0 3607.5 2030.0 3605.0 2027.5 3602.0 2026.5 3594.0 2021.5 3581.0 2027.5 3573.0 2029.5 3572.0 2030.5 3565.0 2031.5 3560.0 2033.5 3555.0 2034.5 3548.0 2034.5 3543.0 2036.5 3539.0 2036.5 3534.0 2038.5 3528.0 2038.5 3527.0 2039.5 3516.0 2039.5 3515.0 2040.5 3508.0 2040.5 3507.0 2041.5 3500.0 2041.5 3499.0 2042.5 3492.0 2042.5 3491.0 2043.5 3474.0 2043.5 3472.5 2045.0 3472.5 2048.0 3479.5 2055.0 3482.5 2062.0 3482.5 2064.0 3490.5 2078.0 3491.5 2081.0 3495.5 2086.0 3497.5 2091.0 3500.5 2096.0 3504.5 2100.0 3508.5 2106.0 3511.5 2114.0 3513.5 2125.0 3516.5 2129.0 3522.5 2135.0 3523.5 2138.0 3522.5 2141.0 3522.5 2146.0 3521.5 2150.0 3516.0 2152.5 3505.0 2152.5 3504.0 2153.5 3489.0 2153.5 3488.0 2154.5 3364.0 2154.5 3363.0 2153.5 3346.0 2153.5 3345.0 2152.5 3340.0 2152.5 3339.0 2151.5 3334.0 2152.5 3328.0 2152.5 3327.0 2153.5 3299.0 2153.5 3298.0 2152.5 3245.0 2152.5 3244.0 2151.5 3207.0 2151.5 3206.0 2152.5 3198.0 2152.5 3197.0 2151.5 3174.0 2151.5 3173.0 2152.5 3165.0 2152.5 3164.0 2151.5 3157.0 2151.5 3156.0 2152.5 2997.0 2152.5 2996.0 2153.5 2962.0 2153.5 2961.0 2152.5 2950.0 2152.5 2949.0 2151.5 2936.0 2151.5 2935.0 2152.5 2876.0 2152.5 2875.0 2153.5 2861.0 2153.5 2860.0 2152.5 2855.0 2152.5 2854.0 2153.5 2828.0 2153.5 2827.0 2152.5 2745.0 2152.5 2744.0 2151.5 2701.0 2151.5 2700.0 2152.5 2651.0 2152.5 2650.0 2151.5 2645.0 2151.5 2644.0 2152.5 2467.0 2152.5 2466.0 2151.5 2342.0 2151.5 2341.0 2152.5 2275.0 2152.5 2274.0 2153.5 2224.0 2153.5 2223.0 2154.5 2131.0 2154.5 2130.0 2155.5 2104.0 2155.5 2103.0 2154.5 2006.0 2154.5 2005.0 2155.5 1922.0 2155.5 1921.0 2154.5 1879.0 2154.5 1872.0 2151.5 1868.5 2147.0 1868.5 2144.0 1866.5 2140.0 1866.5 2133.0 1865.5 2132.0 1865.5 2120.0 1867.5 2114.0 1868.5 2106.0 1870.5 2103.0 1872.5 2097.0 1872.5 2094.0 1875.5 2088.0 1883.5 2077.0 1889.0 2071.5 1893.0 2068.5 1900.0 2065.5 1905.0 2065.5 1909.0 2063.5 1916.0 2062.5 1917.0 2061.5 1926.0 2058.5 1929.0 2058.5 1939.0 2055.5 1943.5 2051.0 1945.5 2045.0 1945.5 2010.0 1943.5 2004.0 1943.5 1997.0 1944.5 1996.0 1944.5 1988.0 1945.5 1983.0 1947.5 1978.0 1950.5 1965.0 1954.5 1955.0 1960.0 1950.5 1964.0 1949.5 1972.0 1944.5 1977.0 1940.5 1985.0 1936.5 1992.0 1935.5 1998.0 1933.5 2007.0 1932.5 2008.0 1931.5 2014.0 1931.5 2015.0 1930.5 2025.0 1930.5 2026.0 1929.5 2033.0 1929.5 2041.5 1925.0 2037.5 1918.0 2035.5 1916.0 2033.5 1911.0 2033.5 1897.0 2032.5 1896.0 2032.5 1890.0 2030.5 1884.0 2030.5 1872.0 2029.5 1871.0 2029.5 1859.0 2028.5 1858.0 2028.5 1833.0 2027.5 1832.0 2027.5 1826.0 2026.5 1825.0 2026.5 1816.0 2025.5 1815.0 2025.5 1809.0 2023.5 1805.0 2018.5 1800.0 2015.5 1790.0 2015.5 1777.0 2014.5 1776.0 2014.5 1768.0 2013.5 1767.0 2013.5 1756.0 2012.5 1755.0 2012.5 1746.0 2008.5 1738.0 2003.0 1732.5 1998.0 1729.5 1995.0 1726.5 1991.0 1724.5 1988.5 1722.0 1983.5 1711.0 1983.5 1708.0 1980.5 1700.0 1980.5 1686.0 1975.5 1674.0 1975.5 1658.0 1974.5 1657.0 1974.5 1652.0 1971.5 1643.0 1971.5 1629.0 1970.5 1628.0 1969.5 1621.0 1966.5 1613.0 1966.5 1599.0 1965.5 1598.0 1965.5 1592.0 1963.5 1586.0 1963.5 1581.0 1962.5 1580.0 1962.5 1569.0 1961.5 1568.0 1961.5 1563.0 1958.5 1555.0 1958.5 1532.0 1957.5 1531.0 1957.5 1517.0 1956.5 1516.0 1956.5 1507.0 1954.5 1502.0 1954.5 1496.0 1953.5 1491.0 1958.5 1479.0 1963.0 1474.5 1971.0 1469.5 1973.0 1467.5 1979.0 1464.5 1984.5 1459.0 1987.5 1454.0 1993.5 1448.0 1993.5 1444.0 1990.5 1439.0 1988.5 1434.0 1989.5 1430.0 1993.5 1423.0 1996.5 1419.0 2005.0 1414.5 2010.0 1413.5 2015.0 1410.5 2022.0 1409.5 2031.0 1407.5 2034.0 1408.5 2038.5 1415.0 2038.5 1420.0 2039.5 1421.0 2039.5 1449.0 2040.5 1450.0 2041.5 1457.0 2044.5 1467.0 2046.5 1470.0 2060.0 1483.5 2069.0 1488.5 2078.0 1491.5 2083.0 1491.5 2084.0 1492.5 2098.0 1492.5 2103.0 1491.5 2108.0 1489.5 2113.0 1488.5 2116.0 1486.5 2121.0 1485.5 2128.0 1480.5 2141.5 1467.0 2144.5 1463.0 2145.5 1459.0 2147.5 1456.0 2147.5 1453.0 2149.5 1449.0 2149.5 1415.0 2146.5 1409.0 2146.5 1407.0 2143.5 1401.0 2143.5 1396.0 2142.5 1395.0 2142.5 1390.0 2141.5 1389.0 2150.0 1384.5 2161.0 1382.5 2166.0 1380.5 2171.0 1380.5 2172.0 1379.5 2177.0 1379.5 2188.0 1376.5 2196.0 1372.5 2201.0 1372.5 2202.0 1371.5 2211.0 1371.5 2214.5 1374.0 2216.5 1379.0 2216.5 1382.0 2218.5 1386.0 2218.5 1391.0 2219.5 1392.0 2219.5 1397.0 2220.5 1398.0 2220.5 1406.0 2221.5 1407.0 2221.5 1421.0 2222.5 1422.0 2222.5 1434.0 2217.0 1439.5 2211.0 1441.5 2206.0 1441.5 2205.0 1442.5 2199.0 1442.5 2194.0 1443.5 2187.0 1446.5 2181.5 1453.0 2176.5 1463.0 2173.5 1467.0 2168.5 1478.0 2168.5 1483.0 2167.5 1484.0 2167.5 1491.0 2166.5 1492.0 2166.5 1509.0 2167.5 1510.0 2167.5 1516.0 2168.5 1517.0 2168.5 1535.0 2169.5 1536.0 2171.5 1545.0 2175.5 1553.0 2182.0 1559.5 2190.0 1564.5 2193.0 1567.5 2201.0 1570.5 2206.0 1573.5 2210.0 1574.5 2213.0 1576.5 2218.5 1582.0 2218.5 1583.0 2223.0 1586.5 2227.0 1588.5 2235.0 1588.5 2236.0 1587.5 2245.0 1587.5 2246.0 1586.5 2251.0 1586.5 2259.0 1583.5 2260.5 1581.0 2270.0 1571.5 2273.0 1570.5 2277.0 1571.5 2281.5 1576.0 2283.5 1580.0 2283.5 1585.0 2282.5 1586.0 2282.5 1593.0 2281.5 1594.0 2281.5 1599.0 2282.5 1600.0 2282.5 1605.0 2283.5 1606.0 2283.5 1622.0 2281.5 1628.0 2281.5 1669.0 2282.5 1674.0 2286.0 1678.5 2289.0 1679.5 2305.0 1679.5 2311.0 1681.5 2318.0 1681.5 2324.0 1683.5 2329.0 1683.5 2334.0 1685.5 2337.5 1689.0 2339.5 1695.0 2343.5 1700.0 2346.5 1706.0 2347.5 1711.0 2350.0 1714.5 2355.0 1714.5 2356.0 1715.5 2365.0 1715.5 2366.0 1714.5 2372.0 1714.5 2388.0 1708.5 2390.0 1706.5 2394.5 1708.0 2395.5 1712.0 2395.5 1731.0 2391.0 1734.5 2379.0 1734.5 2378.0 1733.5 2372.0 1733.5 2366.0 1731.5 2361.0 1731.5 2354.0 1734.5 2350.0 1734.5 2345.0 1736.5 2339.5 1744.0 2338.5 1747.0 2339.5 1752.0 2339.5 1763.0 2340.5 1764.0 2340.5 1779.0 2341.5 1780.0 2341.5 1793.0 2340.5 1798.0 2338.5 1803.0 2338.5 1814.0 2339.5 1815.0 2339.5 1820.0 2340.5 1821.0 2340.5 1830.0 2341.5 1831.0 2341.5 1844.0 2342.5 1845.0 2342.5 1850.0 2341.5 1853.0 2338.0 1856.5 2334.0 1858.5 2327.0 1858.5 2326.0 1857.5 2321.0 1857.5 2320.0 1856.5 2311.0 1856.5 2310.0 1855.5 2297.0 1855.5 2296.0 1854.5 2284.0 1854.5 2276.0 1857.5 2270.5 1864.0 2270.5 1866.0 2267.5 1872.0 2263.0 1876.5 2251.0 1879.5 2254.0 1881.5 2289.0 1881.5 2294.0 1880.5 2298.0 1878.5 2306.0 1877.5 2307.0 1876.5 2315.0 1876.5 2320.0 1875.5 2329.0 1872.5 2334.0 1871.5 2350.0 1871.5 2356.0 1869.5 2360.0 1869.5 2366.0 1867.5 2371.0 1867.5 2372.0 1866.5 2380.0 1865.5 2380.5 1864.0 2385.0 1859.5 2394.0 1855.5 2399.0 1854.5 2406.5 1850.0 2404.5 1847.0 2402.5 1839.0 2403.5 1835.0 2406.5 1831.0 2429.5 1808.0 2429.5 1801.0 2428.5 1800.0 2428.5 1784.0 2429.5 1783.0 2429.5 1778.0 2430.5 1777.0 2431.5 1771.0 2433.5 1768.0 2436.5 1761.0 2436.5 1751.0 2433.5 1742.0 2431.5 1739.0 2429.5 1730.0 2432.5 1724.0 2436.0 1720.5 2440.0 1719.5 2442.0 1717.5 2448.0 1714.5 2454.0 1714.5 2458.5 1719.0 2460.5 1723.0 2464.5 1728.0 2465.5 1731.0 2464.5 1733.0 2455.5 1742.0 2452.5 1746.0 2451.5 1751.0 2452.5 1756.0 2454.5 1761.0 2454.5 1764.0 2459.5 1777.0 2459.5 1780.0 2462.5 1788.0 2462.5 1796.0 2461.5 1800.0 2458.5 1805.0 2457.5 1809.0 2460.5 1819.0 2461.5 1824.0 2459.5 1828.0 2459.5 1831.0 2456.5 1840.0 2454.0 1842.5 2447.0 1845.5 2440.0 1846.5 2430.0 1850.5 2440.0 1850.5 2441.0 1851.5 2463.0 1851.5 2464.0 1850.5 2478.0 1850.5 2487.0 1846.5 2491.0 1846.5 2496.0 1844.5 2499.0 1844.5 2502.0 1842.5 2513.0 1840.5 2514.0 1839.5 2525.0 1839.5 2534.5 1835.0 2534.5 1831.0 2531.5 1823.0 2531.5 1818.0 2532.5 1817.0 2533.5 1809.0 2540.0 1804.5 2554.0 1804.5 2555.0 1805.5 2570.0 1805.5 2573.5 1809.0 2572.5 1812.0 2572.5 1817.0 2571.5 1818.0 2572.5 1822.0 2578.0 1827.5 2585.0 1830.5 2589.0 1830.5 2593.0 1828.5 2604.0 1825.5 2611.0 1825.5 2612.0 1824.5 2620.0 1824.5 2625.0 1823.5 2630.0 1821.5 2652.0 1821.5 2662.0 1818.5 2663.0 1817.5 2673.0 1817.5 2674.0 1816.5 2681.0 1816.5 2689.0 1813.5 2700.0 1813.5 2701.0 1814.5 2707.0 1814.5 2718.0 1809.5 2720.0 1807.5 2725.0 1806.5 2726.0 1807.5 2731.0 1807.5 2732.0 1808.5 2740.0 1808.5 2746.0 1806.5 2769.0 1806.5 2774.0 1805.5 2782.0 1802.5 2789.0 1802.5 2790.0 1801.5 2797.0 1801.5 2801.0 1799.5 2810.0 1797.5 2811.0 1796.5 2816.0 1796.5 2817.0 1795.5 2824.0 1795.5 2825.0 1794.5 2831.0 1794.5 2837.0 1792.5 2842.0 1792.5 2843.0 1791.5 2850.0 1791.5 2851.0 1790.5 2858.0 1790.5 2859.0 1789.5 2865.0 1789.5 2866.0 1788.5 2871.0 1788.5 2877.0 1786.5 2882.0 1786.5 2883.0 1785.5 2888.0 1785.5 2889.0 1784.5 2894.0 1784.5 2895.0 1783.5 2900.0 1783.5 2901.0 1782.5 2907.0 1782.5 2913.0 1780.5 2918.0 1780.5 2924.0 1778.5 2929.0 1778.5 2930.0 1777.5 2935.0 1777.5 2936.0 1776.5 2941.0 1776.5 2947.0 1774.5 2953.0 1774.5 2954.0 1773.5 2960.0 1773.5 2961.0 1772.5 2966.0 1772.5 2967.0 1771.5 2972.0 1771.5 2973.0 1770.5 2978.0 1770.5 2979.0 1769.5 2986.0 1769.5 2987.0 1768.5 2993.0 1768.5 2994.0 1767.5 2999.0 1767.5 3005.0 1765.5 3012.0 1765.5 3013.0 1764.5 3023.0 1764.5 3024.0 1763.5 3037.0 1760.5 3037.5 1759.0 3043.0 1753.5 3050.5 1749.0 3045.0 1746.5 3041.0 1746.5 3034.0 1743.5 3024.5 1734.0 3020.5 1726.0 3017.5 1722.0 3017.5 1720.0 3013.5 1713.0 3011.5 1708.0 3008.5 1705.0 3007.5 1702.0 3004.5 1698.0 3003.5 1693.0 3001.5 1689.0 3000.5 1684.0 2998.5 1679.0 2993.5 1672.0 2991.5 1667.0 2985.5 1656.0 2985.5 1654.0 2982.5 1648.0 2978.5 1644.0 2977.5 1641.0 2973.5 1635.0 2973.5 1633.0 2970.5 1628.0 2970.5 1626.0 2966.5 1619.0 2959.5 1612.0 2955.5 1604.0 2953.5 1602.0 2952.5 1598.0 2948.5 1592.0 2946.5 1587.0 2944.5 1585.0 2940.5 1574.0 2940.5 1572.0 2937.5 1563.0 2935.5 1559.0 2932.5 1556.0 2923.5 1538.0 2914.5 1524.0 2908.5 1512.0 2908.5 1510.0 2905.5 1504.0 2900.5 1499.0 2900.5 1498.0 2895.5 1493.0 2892.5 1488.0 2888.5 1479.0 2885.5 1474.0 2882.5 1467.0 2879.5 1463.0 2874.5 1449.0 2873.5 1445.0 2867.5 1437.0 2857.5 1415.0 2854.5 1411.0 2851.5 1402.0 2851.5 1397.0 2852.5 1396.0 2852.5 1389.0 2854.5 1383.0 2860.0 1377.5 2868.0 1373.5 2884.0 1370.5 2885.0 1369.5 2890.0 1369.5 2901.0 1366.5 2907.0 1366.5 2918.0 1363.5 2924.0 1363.5 2925.0 1362.5 2930.0 1362.5 2935.0 1360.5 2938.0 1360.5 2941.0 1358.5 2948.0 1357.5 2949.0 1356.5 2955.0 1356.5 2956.0 1355.5 2962.0 1355.5 2963.0 1354.5 2968.0 1354.5 2974.0 1352.5 2988.0 1352.5 2989.0 1353.5 2993.0 1352.5 2995.5 1350.0 2999.5 1342.0 3003.5 1330.0 3004.5 1325.0 3007.5 1320.0 3008.5 1314.0 3010.5 1309.0 3013.5 1304.0 3017.5 1292.0 3017.5 1287.0 3018.5 1286.0 3019.5 1278.0 3022.5 1273.0 3023.5 1269.0 3026.5 1265.0 3032.5 1259.0 3034.5 1255.0 3038.5 1251.0 3042.5 1245.0 3044.5 1239.0 3044.5 1236.0 3046.5 1232.0 3046.5 1229.0 3048.5 1225.0 3048.5 1222.0 3054.5 1209.0 3057.5 1205.0 3068.0 1194.5 3070.0 1193.5 3076.0 1193.5 3081.0 1192.5 3086.0 1190.5 3096.0 1187.5 3103.0 1187.5 3104.0 1186.5 3116.0 1186.5 3117.0 1185.5 3134.0 1185.5 3142.0 1188.5 3145.0 1188.5 3151.0 1186.5 3156.0 1183.5 3164.0 1183.5 3167.5 1187.0 3167.5 1190.0 3171.0 1193.5 3175.0 1194.5 3178.5 1192.0 3178.5 1189.0 3176.5 1186.0 3169.5 1179.0 3167.5 1169.0 3167.5 1163.0 3168.5 1160.0 3172.5 1156.0 3175.5 1149.0 3179.0 1147.5 3182.0 1144.5 3188.0 1142.5 3207.0 1142.5 3208.0 1141.5 3230.0 1141.5 3236.0 1144.5 3238.5 1149.0 3237.5 1155.0 3235.5 1160.0 3235.5 1166.0 3236.5 1167.0 3236.5 1172.0 3237.5 1173.0 3237.5 1183.0 3238.5 1184.0 3238.5 1197.0 3237.5 1198.0 3237.5 1203.0 3236.5 1204.0 3236.5 1209.0 3241.5 1217.0 3245.0 1219.5 3246.5 1224.0 3245.0 1224.5 3242.5 1230.0 3242.5 1239.0 3245.0 1242.5 3249.5 1240.0 3250.5 1237.0 3250.5 1226.0 3249.5 1223.0 3252.0 1220.5 3259.0 1219.5 3260.5 1218.0 3261.5 1209.0 3262.5 1208.0 3265.5 1199.0 3265.5 1197.0 3269.5 1190.0 3270.5 1183.0 3273.5 1176.0 3273.5 1161.0 3277.5 1153.0 3282.0 1148.5 3286.0 1147.5 3292.0 1147.5 3293.0 1146.5 3301.0 1146.5 3302.0 1145.5 3307.0 1145.5 3314.0 1142.5 3318.0 1142.5 3328.0 1140.5 3334.0 1138.5 3342.0 1138.5 3343.0 1137.5 3369.0 1137.5 3379.0 1130.5 3387.0 1126.5 3391.5 1122.0 3392.5 1119.0 3405.5 1106.0 3406.5 1103.0 3412.0 1097.5 3425.0 1093.5 3426.0 1092.5 3432.0 1091.5 3437.0 1088.5 3470.0 1088.5 3474.0 1090.5 3479.5 1096.0 3483.5 1101.0 3483.5 1110.0 3482.5 1111.0 3482.5 1132.0 3485.0 1135.5 3488.0 1136.5 3499.0 1134.5 3502.5 1131.0 3501.5 1124.0 3499.5 1120.0 3499.5 1116.0 3505.0 1111.5 3510.0 1110.5 3522.0 1110.5 3523.0 1109.5 3529.0 1109.5 3530.5 1108.0 3530.5 1104.0 3532.5 1100.0 3536.0 1096.5 3543.0 1093.5 3547.0 1093.5 3556.0 1090.5 3565.0 1089.5 3566.0 1088.5 3571.0 1088.5 3572.0 1087.5 3578.0 1087.5 3584.0 1085.5 3589.0 1085.5 3594.0 1084.5 3604.0 1080.5 3608.0 1079.5 3613.0 1079.5 3614.0 1078.5 3620.0 1078.5 3621.0 1077.5 3627.0 1077.5 3628.0 1076.5 3633.0 1076.5 3644.0 1073.5 3648.0 1073.5 3653.0 1071.5 3662.0 1069.5 3667.0 1067.5 3671.0 1067.5 3677.0 1065.5 3682.0 1065.5 3695.0 1062.5 3696.0 1061.5 3703.0 1060.5 3708.0 1058.5 3715.0 1057.5 3720.0 1054.5 3729.0 1051.5 3765.0 1051.5 3766.0 1052.5 3773.0 1052.5 3778.0 1054.5 3783.5 1060.0 3783.5 1061.0 3790.0 1067.5 3791.0 1067.5 3798.0 1073.5 3814.0 1082.5 3818.0 1083.5 3821.0 1082.5 3839.0 1082.5
dispensing_tube_rack 3189.5 1230.0 3194.0 1228.5 3197.0 1228.5 3202.0 1226.5 3207.5 1221.0 3208.5 1218.0 3213.0 1213.5 3218.0 1211.5 3221.5 1208.0 3219.0 1204.5 3216.0 1203.5 3211.0 1203.5 3210.0 1202.5 3205.0 1202.5 3197.0 1199.5 3194.0 1199.5 3190.0 1197.5 3187.0 1197.5 3184.5 1199.0 3183.5 1202.0 3183.5 1214.0 3182.5 1215.0 3182.5 1221.0 3183.5 1225.0 3186.0 1228.5 3189.5 1230.0
dispensing_tube_rack 3489.5 1210.0 3492.0 1209.5 3496.5 1205.0 3490.0 1201.5 3486.0 1201.5 3481.5 1205.0 3482.5 1208.0 3487.0 1210.5 3489.5 1210.0
dispensing_tube_rack 2306.0 1560.5 2296.0 1560.5 2290.0 1558.5 2287.5 1555.0 2287.5 1540.0 2288.5 1539.0 2288.5 1534.0 2287.5 1533.0 2287.5 1519.0 2286.5 1518.0 2286.5 1511.0 2284.5 1505.0 2277.5 1492.0 2277.5 1484.0 2276.5 1483.0 2276.5 1475.0 2273.5 1466.0 2271.5 1464.0 2270.5 1460.0 2271.5 1456.0 2271.5 1451.0 2273.0 1448.5 2280.0 1446.5 2300.0 1446.5 2301.0 1445.5 2319.0 1445.5 2334.0 1441.5 2339.0 1438.5 2342.5 1435.0 2344.5 1430.0 2347.5 1418.0 2347.5 1403.0 2346.5 1402.0 2346.5 1392.0 2345.5 1391.0 2345.5 1380.0 2344.5 1379.0 2344.5 1370.0 2341.5 1359.0 2342.5 1354.0 2342.5 1349.0 2343.5 1345.0 2349.0 1340.5 2354.0 1339.5 2359.0 1339.5 2360.0 1338.5 2365.0 1338.5 2366.0 1337.5 2376.0 1335.5 2381.0 1335.5 2392.0 1332.5 2401.0 1332.5 2402.0 1333.5 2410.0 1333.5 2423.0 1328.5 2430.0 1328.5 2431.0 1327.5 2441.0 1327.5 2445.5 1330.0 2445.5 1333.0 2447.5 1337.0 2448.5 1343.0 2450.5 1346.0 2450.5 1353.0 2451.5 1354.0 2451.5 1361.0 2452.5 1362.0 2452.5 1373.0 2450.0 1375.5 2445.0 1376.5 2416.0 1376.5 2415.0 1375.5 2408.0 1375.5 2402.5 1380.0 2400.5 1385.0 2399.5 1390.0 2399.5 1404.0 2397.5 1409.0 2396.5 1414.0 2396.5 1420.0 2395.5 1421.0 2395.5 1430.0 2394.5 1431.0 2394.5 1437.0 2392.5 1442.0 2391.5 1447.0 2391.5 1467.0 2390.5 1468.0 2390.5 1476.0 2389.5 1477.0 2389.5 1493.0 2390.5 1494.0 2390.5 1508.0 2392.5 1512.0 2392.5 1515.0 2394.5 1519.0 2394.5 1536.0 2390.0 1541.5 2375.0 1541.5 2369.0 1543.5 2363.0 1546.5 2359.0 1546.5 2349.0 1542.5 2344.5 1546.0 2343.5 1550.0 2337.0 1554.5 2331.0 1556.5 2326.0 1556.5 2320.0 1558.5 2315.0 1558.5 2314.0 1559.5 2307.0 1559.5 2306.0 1560.5
dispensing_tube_rack 2346.5 1527.0 2349.5 1525.0 2350.5 1521.0 2350.5 1514.0 2351.5 1513.0 2351.5 1508.0 2348.0 1504.5 2345.0 1504.5 2340.5 1510.0 2339.5 1514.0 2334.0 1519.5 2332.5 1520.0 2337.0 1524.5 2340.0 1524.5 2344.0 1527.5 2346.5 1527.0
dispensing_tube_rack 2510.0 1529.5 2509.5 1522.0 2510.5 1525.0 2510.0 1529.5
dispensing_tube_rack 2158.5 1743.0 2168.0 1741.5 2169.0 1740.5 2178.0 1740.5 2179.0 1739.5 2184.0 1739.5 2191.0 1736.5 2195.0 1732.5 2200.0 1729.5 2203.0 1729.5 2207.0 1727.5 2209.5 1725.0 2212.5 1718.0 2212.5 1694.0 2213.5 1693.0 2213.5 1684.0 2214.5 1683.0 2214.5 1676.0 2215.5 1675.0 2215.5 1666.0 2216.5 1665.0 2216.5 1654.0 2215.5 1653.0 2213.5 1645.0 2212.5 1644.0 2212.5 1639.0 2216.5 1629.0 2213.0 1624.5 2210.0 1623.5 2204.0 1623.5 2203.0 1622.5 2198.0 1622.5 2190.0 1618.5 2188.0 1616.5 2182.0 1614.5 2176.0 1611.5 2160.5 1596.0 2160.5 1595.0 2151.0 1585.5 2150.0 1585.5 2144.5 1580.0 2144.5 1574.0 2143.5 1573.0 2143.5 1568.0 2139.0 1562.5 2135.0 1560.5 2134.0 1561.5 2126.0 1561.5 2125.0 1562.5 2118.0 1562.5 2117.0 1561.5 2089.0 1561.5 2088.0 1562.5 2078.0 1564.5 2075.5 1568.0 2082.5 1575.0 2084.5 1579.0 2083.5 1585.0 2079.0 1589.5 2076.0 1591.5 2068.5 1595.0 2068.5 1600.0 2075.0 1605.5 2078.0 1606.5 2090.0 1606.5 2092.0 1607.5 2094.5 1611.0 2090.0 1614.5 2084.0 1614.5 2081.0 1615.5 2077.5 1619.0 2075.5 1624.0 2075.5 1627.0 2073.5 1630.0 2072.5 1636.0 2071.5 1637.0 2071.5 1642.0 2070.5 1643.0 2070.5 1649.0 2069.5 1650.0 2069.5 1655.0 2068.5 1656.0 2068.5 1661.0 2069.5 1662.0 2069.5 1674.0 2070.5 1675.0 2073.5 1687.0 2077.5 1695.0 2080.5 1699.0 2084.5 1710.0 2090.5 1715.0 2092.5 1722.0 2094.5 1726.0 2094.5 1730.0 2096.5 1734.0 2101.0 1737.5 2107.0 1738.5 2112.0 1740.5 2117.0 1741.5 2122.0 1741.5 2123.0 1742.5 2132.0 1742.5 2133.0 1743.5 2158.0 1743.5 2158.5 1743.0
dispensing_tube_rack 2510.0 1610.5 2498.0 1610.5 2497.5 1605.0 2496.5 1604.0 2496.5 1598.0 2500.0 1593.5 2504.0 1592.5 2507.0 1590.5 2510.5 1590.0 2510.5 1610.0 2510.0 1610.5
dispensing_tube_rack 2510.0 1740.5 2506.0 1739.5 2497.0 1734.5 2492.0 1734.5 2491.0 1735.5 2478.0 1735.5 2474.0 1734.5 2470.5 1731.0 2471.5 1728.0 2475.5 1724.0 2479.5 1717.0 2483.0 1713.5 2488.0 1710.5 2492.0 1706.5 2500.0 1701.5 2506.0 1701.5 2510.0 1700.5 2513.5 1705.0 2516.5 1714.0 2516.5 1721.0 2517.5 1722.0 2517.5 1732.0 2515.5 1736.0 2510.0 1740.5
dispensing_tube_rack 2512.0 1831.5 2507.0 1830.5 2498.0 1830.5 2488.0 1827.5 2483.0 1824.5 2479.5 1820.0 2483.5 1814.0 2488.5 1809.0 2491.5 1805.0 2490.5 1804.0 2490.5 1792.0 2497.5 1779.0 2504.0 1772.5 2510.0 1768.5 2513.5 1779.0 2513.5 1791.0 2514.5 1792.0 2514.5 1798.0 2515.5 1802.0 2518.5 1807.0 2521.5 1810.0 2521.5 1812.0 2524.5 1819.0 2523.5 1824.0 2519.0 1828.5 2512.0 1831.5
dispensing_tube_rack 2198.5 1868.0 2204.0 1866.5 2208.0 1864.5 2215.0 1863.5 2221.0 1860.5 2225.5 1856.0 2228.5 1848.0 2228.5 1845.0 2232.5 1837.0 2232.5 1829.0 2231.5 1828.0 2231.5 1820.0 2230.5 1819.0 2230.5 1813.0 2229.5 1808.0 2227.5 1804.0 2221.0 1796.5 2217.0 1794.5 2214.0 1791.5 2210.5 1790.0 2213.5 1784.0 2214.5 1778.0 2212.5 1773.0 2210.0 1770.5 2198.0 1770.5 2189.0 1774.5 2183.5 1780.0 2182.5 1785.0 2182.5 1790.0 2177.0 1791.5 2171.0 1794.5 2168.0 1794.5 2164.0 1796.5 2158.5 1802.0 2156.5 1805.0 2156.5 1826.0 2155.5 1827.0 2155.5 1842.0 2156.5 1843.0 2156.5 1848.0 2157.5 1853.0 2159.5 1857.0 2164.0 1861.5 2169.0 1863.5 2178.0 1864.5 2183.0 1866.5 2188.0 1867.5 2193.0 1867.5 2194.0 1868.5 2198.5 1868.0
dispensing_tube_rack 2630.0 1790.5 2630.0 1790.5
dispensing_tube_rack 2121.5 1910.0 2116.0 1908.5 2108.0 1907.5 2104.5 1909.0 2105.0 1910.5 2121.0 1910.5 2121.5 1910.0
dispensing_tube_rack 3839.0 1980.5 3831.0 1980.5 3830.0 1981.5 3825.0 1981.5 3824.0 1982.5 3819.0 1982.5 3818.0 1983.5 3812.0 1983.5 3811.0 1984.5 3805.0 1984.5 3801.0 1985.5 3792.5 1989.0 3794.5 1995.0 3794.5 2000.0 3799.5 2009.0 3803.5 2019.0 3807.5 2023.0 3810.5 2031.0 3814.5 2038.0 3819.0 2043.5 3824.0 2045.5 3828.5 2050.0 3830.5 2060.0 3834.0 2064.5 3839.0 2064.5
 10ML_sorting_tube_rack 0.0 1812.5 5.0 1812.5 9.5 1807.0 9.5 1805.0 13.5 1798.0 20.5 1791.0 23.5 1784.0 23.5 1781.0 25.5 1777.0 26.5 1772.0 28.5 1769.0 29.5 1764.0 31.5 1761.0 33.5 1755.0 37.5 1750.0 38.5 1747.0 43.5 1738.0 43.5 1736.0 46.5 1730.0 48.5 1728.0 50.5 1723.0 55.5 1714.0 65.0 1704.5 68.0 1702.5 77.0 1699.5 78.0 1698.5 90.0 1695.5 91.0 1694.5 98.0 1693.5 99.0 1692.5 116.0 1689.5 122.0 1687.5 125.0 1685.5 133.0 1684.5 134.0 1683.5 139.0 1683.5 140.0 1682.5 145.0 1682.5 154.0 1679.5 157.0 1679.5 162.0 1677.5 171.0 1676.5 183.0 1672.5 187.0 1672.5 196.0 1669.5 201.0 1669.5 202.0 1668.5 214.0 1666.5 219.0 1664.5 223.0 1664.5 228.0 1662.5 237.0 1661.5 238.0 1660.5 257.0 1656.5 262.0 1654.5 267.0 1654.5 268.0 1653.5 277.0 1652.5 282.0 1650.5 294.0 1648.5 298.0 1646.5 301.0 1646.5 306.0 1644.5 315.0 1643.5 324.0 1641.5 327.0 1639.5 330.0 1639.5 335.0 1637.5 344.0 1636.5 353.0 1633.5 357.0 1633.5 369.0 1629.5 374.0 1629.5 375.0 1628.5 380.0 1628.5 381.0 1627.5 388.0 1626.5 396.0 1623.5 401.0 1623.5 402.0 1622.5 411.0 1621.5 429.0 1615.5 438.0 1614.5 449.0 1610.5 456.0 1609.5 457.0 1608.5 464.0 1608.5 465.0 1607.5 472.0 1607.5 473.0 1606.5 485.0 1603.5 489.0 1603.5 502.0 1599.5 505.0 1599.5 510.0 1597.5 514.0 1597.5 521.0 1594.5 535.0 1592.5 536.0 1591.5 547.0 1589.5 552.0 1587.5 556.0 1587.5 569.0 1583.5 572.0 1583.5 576.0 1581.5 579.0 1581.5 584.0 1579.5 588.0 1579.5 598.0 1577.5 599.0 1576.5 604.0 1576.5 617.0 1573.5 621.0 1571.5 637.0 1571.5 648.0 1576.5 653.0 1577.5 669.0 1585.5 675.0 1589.5 685.0 1594.5 704.0 1606.5 722.0 1616.5 736.0 1623.5 743.0 1627.5 746.0 1628.5 749.0 1631.5 760.0 1636.5 762.0 1638.5 768.0 1641.5 774.0 1647.5 777.0 1649.5 790.0 1654.5 793.0 1657.5 796.0 1658.5 802.0 1664.5 808.0 1667.5 813.0 1668.5 818.0 1670.5 822.5 1674.0 823.5 1677.0 827.0 1680.5 835.0 1683.5 838.0 1685.5 845.0 1687.5 848.0 1687.5 862.0 1694.5 864.0 1694.5 871.0 1697.5 874.0 1697.5 878.0 1699.5 889.0 1702.5 893.5 1707.0 896.5 1715.0 896.5 1721.0 895.5 1726.0 893.5 1731.0 892.5 1740.0 890.5 1745.0 890.5 1749.0 888.5 1755.0 888.5 1760.0 886.5 1765.0 884.5 1773.0 883.5 1774.0 881.5 1785.0 879.5 1789.0 879.5 1792.0 873.5 1809.0 873.5 1814.0 871.5 1820.0 870.5 1828.0 867.5 1835.0 866.5 1843.0 864.5 1848.0 863.5 1855.0 861.5 1860.0 860.5 1869.0 858.5 1873.0 854.5 1887.0 852.5 1896.0 850.5 1900.0 850.5 1903.0 847.5 1914.0 842.5 1927.0 841.5 1932.0 841.5 1938.0 840.5 1943.0 838.5 1948.0 835.5 1958.0 834.5 1965.0 832.5 1969.0 832.5 1972.0 828.5 1986.0 826.5 1995.0 824.5 1999.0 824.5 2002.0 822.5 2007.0 821.5 2014.0 819.5 2018.0 818.5 2025.0 816.5 2030.0 815.5 2037.0 813.5 2043.0 813.5 2048.0 811.5 2054.0 811.5 2058.0 809.5 2063.0 808.5 2069.0 804.5 2077.0 802.5 2088.0 800.5 2092.0 799.5 2099.0 798.5 2100.0 798.5 2105.0 794.5 2114.0 790.5 2120.0 786.0 2124.5 783.0 2125.5 778.0 2129.5 770.0 2133.5 767.0 2133.5 763.0 2135.5 750.0 2139.5 743.0 2140.5 742.0 2141.5 735.0 2142.5 729.0 2144.5 725.0 2144.5 711.0 2149.5 706.0 2150.5 701.0 2150.5 700.0 2151.5 695.0 2151.5 689.0 2153.5 684.0 2153.5 683.0 2154.5 675.0 2154.5 674.0 2155.5 479.0 2155.5 478.0 2156.5 454.0 2156.5 453.0 2155.5 395.0 2155.5 394.0 2156.5 374.0 2156.5 373.0 2155.5 362.0 2155.5 361.0 2156.5 340.0 2156.5 339.0 2155.5 316.0 2155.5 315.0 2154.5 287.0 2154.5 286.0 2153.5 277.0 2153.5 276.0 2152.5 271.0 2152.5 270.0 2153.5 258.0 2153.5 257.0 2154.5 237.0 2154.5 236.0 2153.5 221.0 2153.5 220.0 2154.5 203.0 2154.5 202.0 2155.5 28.0 2155.5 27.0 2156.5 0.0 2156.5
 10ML_sorting_tube_rack 748.5 1690.0 753.0 1689.5 753.0 1688.5 745.0 1686.5 740.0 1686.5 736.5 1689.0 740.0 1690.5 748.5 1690.0
 10ML_sorting_tube_rack 771.5 1705.0 776.0 1704.5 779.5 1700.0 774.0 1693.5 769.0 1691.5 765.5 1696.0 765.5 1701.0 766.5 1703.0 770.0 1705.5 771.5 1705.0
 10ML_sorting_tube_rack 731.5 1726.0 738.0 1723.5 741.0 1723.5 748.0 1719.5 751.5 1716.0 749.0 1712.5 744.0 1710.5 735.0 1708.5 728.5 1706.0 728.5 1708.0 724.5 1715.0 724.5 1721.0 728.0 1726.5 731.5 1726.0
 sorting_tube_rack_base 725.5 2159.0 725.0 2157.5 718.0 2156.5 712.5 2154.0 716.0 2150.5 725.0 2148.5 734.0 2145.5 738.0 2145.5 743.0 2143.5 748.0 2143.5 749.0 2142.5 754.0 2142.5 755.0 2141.5 764.0 2140.5 768.0 2139.5 775.0 2136.5 781.0 2132.5 790.5 2123.0 798.5 2110.0 799.5 2105.0 801.5 2101.0 801.5 2098.0 803.5 2094.0 804.5 2087.0 806.5 2082.0 807.5 2075.0 809.5 2071.0 811.5 2060.0 813.5 2055.0 813.5 2052.0 815.5 2047.0 816.5 2042.0 816.5 2037.0 817.5 2036.0 817.5 2031.0 819.5 2026.0 820.5 2017.0 823.5 2009.0 823.5 2006.0 826.5 1999.0 826.5 1996.0 828.5 1991.0 829.5 1984.0 831.5 1981.0 834.5 1971.0 834.5 1966.0 835.5 1965.0 835.5 1958.0 836.5 1953.0 838.5 1949.0 840.5 1938.0 841.5 1937.0 842.5 1930.0 845.5 1923.0 847.5 1912.0 849.5 1907.0 850.5 1898.0 852.5 1894.0 852.5 1891.0 854.5 1887.0 855.5 1880.0 857.5 1876.0 857.5 1873.0 859.5 1869.0 860.5 1862.0 862.5 1858.0 862.5 1855.0 865.5 1846.0 866.5 1837.0 869.5 1829.0 869.5 1826.0 871.5 1822.0 872.5 1815.0 874.5 1811.0 874.5 1808.0 876.5 1804.0 877.5 1795.0 879.5 1790.0 881.5 1777.0 885.5 1768.0 885.5 1766.0 888.5 1760.0 888.5 1755.0 890.5 1750.0 890.5 1746.0 892.5 1741.0 892.5 1737.0 894.5 1731.0 894.5 1727.0 896.5 1721.0 896.5 1712.0 895.5 1707.0 893.5 1702.0 890.0 1698.5 886.0 1698.5 882.0 1696.5 876.5 1690.0 877.0 1688.5 882.0 1687.5 888.0 1684.5 900.0 1684.5 905.0 1685.5 910.0 1687.5 913.0 1690.5 919.0 1692.5 943.0 1706.5 945.0 1708.5 954.0 1713.5 957.0 1714.5 966.5 1724.0 971.5 1731.0 971.5 1747.0 970.5 1748.0 969.5 1757.0 967.5 1762.0 967.5 1766.0 963.5 1779.0 961.5 1793.0 959.5 1798.0 957.5 1810.0 956.5 1811.0 954.5 1822.0 952.5 1827.0 952.5 1831.0 950.5 1836.0 950.5 1841.0 948.5 1847.0 948.5 1852.0 946.5 1857.0 945.5 1864.0 942.5 1873.0 941.5 1882.0 938.5 1894.0 936.5 1900.0 936.5 1905.0 935.5 1906.0 935.5 1911.0 933.5 1916.0 932.5 1925.0 929.5 1933.0 928.5 1941.0 925.5 1950.0 925.5 1954.0 922.5 1963.0 921.5 1968.0 921.5 1973.0 920.5 1974.0 920.5 1979.0 918.5 1984.0 918.5 1988.0 916.5 1993.0 915.5 2002.0 911.5 2012.0 911.5 2015.0 909.5 2020.0 909.5 2024.0 907.5 2029.0 905.5 2039.0 905.5 2044.0 902.5 2053.0 901.5 2058.0 901.5 2063.0 899.5 2068.0 896.5 2085.0 894.5 2090.0 894.5 2094.0 892.5 2098.0 892.5 2101.0 889.5 2110.0 889.5 2114.0 887.5 2120.0 887.5 2124.0 880.5 2143.0 878.5 2146.0 872.5 2152.0 866.5 2159.0
