 refrigerator_close 2759.0 947.5 2741.0 947.5 2740.0 946.5 2730.0 946.5 2729.0 945.5 2723.0 945.5 2718.0 944.5 2709.0 941.5 2705.0 941.5 2696.0 938.5 2693.0 938.5 2684.0 935.5 2679.0 935.5 2675.0 933.5 2663.0 931.5 2662.0 930.5 2657.0 930.5 2656.0 929.5 2651.0 929.5 2646.0 928.5 2641.0 926.5 2627.0 924.5 2626.0 923.5 2619.0 922.5 2614.0 920.5 2609.0 920.5 2605.0 918.5 2590.0 915.5 2589.0 914.5 2580.0 913.5 2571.0 910.5 2559.0 908.5 2554.0 906.5 2549.0 906.5 2540.0 903.5 2536.0 903.5 2531.0 901.5 2526.0 901.5 2525.0 900.5 2518.0 900.5 2517.0 899.5 2511.0 899.5 2506.0 898.5 2501.0 896.5 2497.0 896.5 2492.0 894.5 2481.0 892.5 2477.0 890.5 2468.0 888.5 2461.0 887.5 2460.0 886.5 2455.0 886.5 2446.0 883.5 2442.0 883.5 2436.0 881.5 2424.0 879.5 2423.0 878.5 2413.0 876.5 2408.0 876.5 2403.0 874.5 2394.0 872.5 2393.0 871.5 2388.0 871.5 2387.0 870.5 2380.0 870.5 2379.0 869.5 2374.0 869.5 2368.0 867.5 2363.0 867.5 2362.0 866.5 2357.0 866.5 2356.0 865.5 2347.0 864.5 2338.0 861.5 2331.0 860.5 2324.0 856.5 2319.0 855.5 2313.0 852.5 2309.0 849.5 2300.5 841.0 2297.5 836.0 2296.5 831.0 2294.5 827.0 2293.5 822.0 2293.5 801.0 2294.5 800.0 2294.5 795.0 2295.5 794.0 2298.5 777.0 2300.5 772.0 2300.5 768.0 2302.5 763.0 2303.5 754.0 2305.5 749.0 2306.5 744.0 2306.5 739.0 2307.5 738.0 2308.5 729.0 2309.5 725.0 2313.5 715.0 2314.5 707.0 2318.5 693.0 2318.5 690.0 2321.5 683.0 2324.5 668.0 2324.5 664.0 2326.5 659.0 2326.5 655.0 2328.5 650.0 2328.5 647.0 2330.5 642.0 2333.5 626.0 2335.5 621.0 2335.5 617.0 2337.5 612.0 2338.5 607.0 2338.5 602.0 2339.5 601.0 2339.5 595.0 2340.5 594.0 2340.5 589.0 2341.5 588.0 2342.5 579.0 2344.5 574.0 2344.5 570.0 2347.5 561.0 2349.5 549.0 2353.5 539.0 2354.5 532.0 2356.5 527.0 2357.5 522.0 2357.5 517.0 2358.5 516.0 2359.5 509.0 2361.5 505.0 2365.5 485.0 2367.5 481.0 2367.5 478.0 2369.5 474.0 2370.5 467.0 2372.5 462.0 2372.5 458.0 2374.5 453.0 2374.5 449.0 2376.5 444.0 2376.5 440.0 2378.5 435.0 2379.5 428.0 2381.5 423.0 2381.5 419.0 2383.5 414.0 2385.5 402.0 2387.5 396.0 2387.5 390.0 2388.5 389.0 2388.5 382.0 2389.5 381.0 2389.5 376.0 2391.5 371.0 2392.5 362.0 2394.5 357.0 2394.5 352.0 2395.5 347.0 2397.5 342.0 2397.5 338.0 2399.5 333.0 2399.5 329.0 2401.5 324.0 2401.5 320.0 2404.5 311.0 2405.5 304.0 2407.5 300.0 2407.5 297.0 2409.5 292.0 2409.5 287.0 2410.5 286.0 2410.5 281.0 2413.5 270.0 2414.5 261.0 2416.5 256.0 2416.5 252.0 2418.5 248.0 2419.5 241.0 2421.5 237.0 2422.5 230.0 2424.5 225.0 2426.5 211.0 2427.5 210.0 2430.5 197.0 2432.5 193.0 2432.5 190.0 2434.5 185.0 2434.5 182.0 2436.5 179.0 2437.5 174.0 2444.5 161.0 2447.5 153.0 2452.5 147.0 2456.5 141.0 2469.0 128.5 2472.0 127.5 2483.0 119.5 2490.0 116.5 2493.0 114.5 2498.5 109.0 2502.5 102.0 2503.5 98.0 2508.0 93.5 2522.0 84.5 2527.0 80.5 2534.5 73.0 2537.5 67.0 2543.0 61.5 2544.0 61.5 2549.5 56.0 2549.5 55.0 2558.0 46.5 2559.0 46.5 2565.5 40.0 2565.5 39.0 2571.0 33.5 2578.0 29.5 2588.0 19.5 2594.0 15.5 2600.0 12.5 2604.0 11.5 2613.0 11.5 2614.0 10.5 2705.0 10.5 2706.0 11.5 2739.0 11.5 2740.0 12.5 2748.0 12.5 2749.0 13.5 2755.0 13.5 2756.0 14.5 2763.0 14.5 2764.0 15.5 2771.0 15.5 2772.0 16.5 2777.0 16.5 2778.0 17.5 2806.0 17.5 2807.0 18.5 2815.0 18.5 2816.0 19.5 2833.0 19.5 2834.0 20.5 2858.0 20.5 2859.0 21.5 2868.0 22.5 2873.0 24.5 2881.0 24.5 2882.0 25.5 2894.0 25.5 2895.0 26.5 2917.0 26.5 2918.0 27.5 2923.0 27.5 2924.0 28.5 2931.0 28.5 2932.0 29.5 2949.0 29.5 2950.0 30.5 2955.0 30.5 2956.0 31.5 2962.0 31.5 2963.0 32.5 2971.0 32.5 2972.0 33.5 2978.0 33.5 2983.0 34.5 2992.0 37.5 3002.0 37.5 3003.0 36.5 3015.0 38.5 3027.0 45.5 3033.0 48.5 3037.5 53.0 3039.5 57.0 3043.5 70.0 3043.5 73.0 3045.5 77.0 3046.5 83.0 3049.5 89.0 3054.0 94.5 3060.0 97.5 3064.5 102.0 3066.5 108.0 3069.5 114.0 3079.5 128.0 3081.5 137.0 3083.5 140.0 3081.5 144.0 3080.0 144.5 3074.5 150.0 3071.5 155.0 3070.5 160.0 3066.5 170.0 3071.0 174.5 3080.0 177.5 3086.0 180.5 3093.5 188.0 3093.5 189.0 3103.5 199.0 3106.5 205.0 3107.5 212.0 3108.5 213.0 3108.5 234.0 3107.5 235.0 3107.5 240.0 3106.5 241.0 3106.5 246.0 3103.5 255.0 3102.5 262.0 3100.5 267.0 3095.5 276.0 3090.5 293.0 3085.5 303.0 3078.5 316.0 3076.5 323.0 3071.5 331.0 3071.5 333.0 3067.5 340.0 3065.5 345.0 3064.5 350.0 3062.5 355.0 3059.5 360.0 3059.5 362.0 3055.5 369.0 3055.5 371.0 3050.5 380.0 3049.5 383.0 3042.5 396.0 3040.5 403.0 3034.5 415.0 3032.5 417.0 3028.5 425.0 3022.5 441.0 3014.5 457.0 3012.5 462.0 3010.5 470.0 3006.5 477.0 3001.5 487.0 2997.5 501.0 2995.5 504.0 2993.5 510.0 2988.5 520.0 2988.5 522.0 2984.5 529.0 2978.5 543.0 2976.5 545.0 2974.5 550.0 2971.5 555.0 2971.5 557.0 2961.5 577.0 2953.5 596.0 2948.5 605.0 2948.5 607.0 2944.5 615.0 2943.5 620.0 2936.5 632.0 2931.5 645.0 2930.5 651.0 2927.5 655.0 2922.5 664.0 2920.5 666.0 2917.5 674.0 2915.5 677.0 2912.5 685.0 2910.5 687.0 2906.5 694.0 2905.5 698.0 2903.5 701.0 2902.5 706.0 2898.5 714.0 2893.5 726.0 2891.5 734.0 2889.5 737.0 2887.5 744.0 2879.5 759.0 2877.5 765.0 2875.5 774.0 2867.5 789.0 2860.5 805.0 2856.5 810.0 2854.5 814.0 2850.5 819.0 2844.5 832.0 2843.5 837.0 2843.5 843.0 2842.5 844.0 2841.5 851.0 2839.5 854.0 2838.5 859.0 2834.5 867.0 2833.5 872.0 2825.5 895.0 2820.5 903.0 2819.5 908.0 2817.5 911.0 2814.5 918.0 2811.5 921.0 2808.5 926.0 2802.0 931.5 2797.0 933.5 2789.0 939.5 2783.0 942.5 2776.0 944.5 2772.0 944.5 2767.0 946.5 2760.0 946.5 2759.0 947.5
dispensing_tube_rack 3165.0 1982.5 3023.0 1982.5 3022.0 1981.5 3018.0 1982.5 3000.0 1982.5 2999.0 1981.5 2938.0 1981.5 2937.0 1980.5 2906.0 1980.5 2905.0 1979.5 2864.0 1979.5 2863.0 1978.5 2838.0 1978.5 2837.0 1977.5 2821.0 1977.5 2820.0 1976.5 2801.0 1976.5 2800.0 1975.5 2746.0 1975.5 2745.0 1974.5 2714.0 1974.5 2713.0 1973.5 2695.0 1973.5 2694.0 1972.5 2683.0 1972.5 2682.0 1971.5 2675.0 1971.5 2664.0 1966.5 2659.5 1962.0 2656.5 1956.0 2654.5 1948.0 2651.5 1940.0 2650.5 1932.0 2648.5 1928.0 2648.5 1924.0 2646.5 1918.0 2644.5 1906.0 2640.5 1888.0 2638.5 1883.0 2636.5 1872.0 2634.5 1868.0 2634.5 1865.0 2632.5 1861.0 2631.5 1856.0 2629.5 1853.0 2627.5 1845.0 2625.5 1842.0 2622.5 1833.0 2622.5 1830.0 2616.5 1814.0 2614.5 1811.0 2614.5 1808.0 2612.5 1803.0 2612.5 1799.0 2610.5 1791.0 2608.5 1787.0 2608.5 1784.0 2606.5 1780.0 2604.5 1772.0 2604.5 1768.0 2601.5 1762.0 2600.5 1758.0 2598.0 1755.5 2593.0 1753.5 2588.5 1754.0 2584.5 1760.0 2581.5 1769.0 2580.5 1774.0 2576.5 1782.0 2575.5 1787.0 2570.5 1796.0 2567.5 1799.0 2562.5 1810.0 2557.5 1817.0 2548.5 1834.0 2545.5 1843.0 2542.5 1848.0 2539.5 1855.0 2533.5 1864.0 2529.5 1873.0 2527.5 1875.0 2526.5 1879.0 2513.5 1904.0 2510.5 1911.0 2508.5 1913.0 2504.5 1922.0 2501.5 1927.0 2500.5 1934.0 2498.5 1939.0 2498.5 1942.0 2496.5 1947.0 2493.5 1952.0 2491.5 1957.0 2488.0 1960.5 2481.0 1963.5 2469.0 1963.5 2468.0 1964.5 2446.0 1964.5 2445.0 1963.5 2427.0 1963.5 2426.0 1962.5 2377.0 1962.5 2376.0 1961.5 2352.0 1961.5 2351.0 1960.5 2319.0 1960.5 2318.0 1959.5 2288.0 1959.5 2287.0 1958.5 2256.0 1958.5 2255.0 1957.5 2229.0 1957.5 2228.0 1956.5 2189.0 1956.5 2188.0 1955.5 2145.0 1955.5 2144.0 1954.5 2097.0 1954.5 2096.0 1953.5 2066.0 1953.5 2065.0 1952.5 2030.0 1952.5 2029.0 1951.5 2003.0 1951.5 2002.0 1950.5 1977.0 1950.5 1976.0 1949.5 1962.0 1949.5 1961.0 1948.5 1955.0 1948.5 1948.0 1945.5 1943.5 1941.0 1942.5 1938.0 1942.5 1932.0 1941.5 1931.0 1941.5 1916.0 1942.5 1915.0 1942.5 1735.0 1943.5 1734.0 1943.5 1647.0 1942.5 1646.0 1942.5 1603.0 1943.5 1602.0 1943.5 1504.0 1944.5 1503.0 1944.5 1488.0 1945.5 1487.0 1945.5 1463.0 1946.5 1462.0 1946.5 1449.0 1947.5 1448.0 1947.5 1437.0 1948.5 1436.0 1948.5 1426.0 1949.5 1425.0 1949.5 1383.0 1950.5 1382.0 1950.5 1377.0 1951.5 1376.0 1951.5 1370.0 1952.5 1369.0 1952.5 1343.0 1955.0 1339.5 1963.0 1336.5 1964.0 1335.5 1971.0 1333.5 1976.5 1329.0 1976.5 1324.0 1974.5 1321.0 1972.5 1312.0 1972.5 1282.0 1973.5 1281.0 1973.5 1248.0 1974.5 1247.0 1974.5 1240.0 1975.5 1236.0 1978.5 1231.0 1983.0 1226.5 1986.0 1224.5 1991.0 1223.5 1996.0 1221.5 2003.0 1217.5 2008.0 1216.5 2016.0 1211.5 2023.0 1208.5 2028.0 1207.5 2062.0 1207.5 2070.0 1211.5 2076.0 1211.5 2080.0 1212.5 2081.0 1211.5 2100.0 1211.5 2101.0 1210.5 2109.0 1210.5 2114.0 1208.5 2119.0 1208.5 2120.0 1207.5 2135.0 1207.5 2136.0 1208.5 2145.0 1208.5 2146.0 1209.5 2156.0 1211.5 2159.0 1213.5 2168.0 1215.5 2169.0 1216.5 2174.0 1216.5 2175.0 1217.5 2210.0 1217.5 2211.0 1216.5 2217.0 1216.5 2218.0 1215.5 2227.0 1215.5 2228.0 1214.5 2274.0 1214.5 2275.0 1215.5 2280.0 1215.5 2289.0 1219.5 2294.0 1219.5 2295.0 1220.5 2304.0 1220.5 2310.0 1222.5 2315.0 1222.5 2316.0 1223.5 2340.0 1223.5 2341.0 1222.5 2360.0 1222.5 2361.0 1223.5 2367.0 1223.5 2368.0 1224.5 2380.0 1224.5 2381.0 1225.5 2393.0 1225.5 2394.0 1226.5 2407.0 1226.5 2408.0 1227.5 2439.0 1227.5 2440.0 1228.5 2459.0 1228.5 2460.0 1229.5 2469.0 1229.5 2470.0 1230.5 2505.0 1230.5 2506.0 1231.5 2526.0 1231.5 2527.0 1232.5 2535.0 1232.5 2536.0 1233.5 2544.0 1233.5 2545.0 1234.5 2551.0 1234.5 2552.0 1235.5 2563.0 1238.5 2570.0 1244.5 2580.0 1247.5 2583.0 1249.5 2589.0 1250.5 2594.0 1248.5 2600.0 1243.5 2601.0 1243.5 2611.0 1233.5 2618.0 1229.5 2623.0 1228.5 2637.0 1228.5 2642.0 1230.5 2647.5 1236.0 2651.5 1244.0 2651.5 1246.0 2656.0 1251.5 2664.0 1255.5 2672.0 1257.5 2678.0 1257.5 2679.0 1258.5 2693.0 1258.5 2695.0 1257.5 2699.5 1253.0 2700.5 1251.0 2700.5 1246.0 2701.5 1245.0 2701.5 1238.0 2704.5 1231.0 2709.0 1227.5 2721.0 1227.5 2727.0 1225.5 2745.0 1225.5 2746.0 1226.5 2751.0 1226.5 2752.0 1227.5 2757.0 1227.5 2764.0 1230.5 2768.5 1235.0 2772.5 1242.0 2774.5 1249.0 2780.0 1254.5 2789.0 1258.5 2795.0 1264.5 2799.0 1266.5 2807.0 1268.5 2825.0 1268.5 2832.0 1265.5 2842.5 1255.0 2844.5 1251.0 2845.5 1244.0 2847.5 1239.0 2851.0 1234.5 2857.0 1231.5 2862.0 1230.5 2870.0 1230.5 2871.0 1229.5 2899.0 1229.5 2900.0 1230.5 2920.0 1230.5 2921.0 1231.5 2943.0 1231.5 2944.0 1232.5 2955.0 1232.5 2956.0 1233.5 2964.0 1233.5 2965.0 1234.5 2974.0 1236.5 2979.0 1238.5 2988.0 1244.5 2990.0 1244.5 3000.0 1252.5 3008.0 1255.5 3013.0 1258.5 3015.0 1258.5 3021.0 1261.5 3026.5 1267.0 3029.5 1273.0 3034.5 1279.0 3036.5 1283.0 3039.5 1286.0 3042.5 1292.0 3045.5 1295.0 3047.5 1300.0 3050.5 1305.0 3054.5 1310.0 3059.5 1322.0 3062.5 1325.0 3070.5 1336.0 3071.5 1339.0 3075.5 1346.0 3077.5 1352.0 3080.5 1355.0 3084.5 1364.0 3085.5 1368.0 3085.5 1375.0 3081.5 1384.0 3080.5 1388.0 3076.5 1393.0 3068.0 1401.5 3067.0 1401.5 3057.5 1411.0 3054.5 1416.0 3046.0 1424.5 3045.0 1424.5 3039.5 1430.0 3040.5 1434.0 3044.0 1436.5 3052.0 1440.5 3058.0 1442.5 3064.0 1442.5 3065.0 1443.5 3090.0 1443.5 3091.0 1444.5 3137.0 1444.5 3138.0 1445.5 3164.0 1445.5 3165.0 1446.5 3212.0 1446.5 3213.0 1447.5 3247.0 1447.5 3248.0 1448.5 3259.0 1448.5 3260.0 1449.5 3265.0 1449.5 3271.0 1451.5 3283.0 1453.5 3294.0 1457.5 3304.0 1463.5 3308.0 1466.5 3312.5 1471.0 3312.5 1472.0 3317.5 1477.0 3319.5 1481.0 3326.5 1489.0 3330.5 1497.0 3339.5 1508.0 3343.5 1515.0 3350.5 1524.0 3352.5 1528.0 3355.5 1531.0 3358.5 1537.0 3362.5 1543.0 3367.5 1548.0 3370.5 1552.0 3375.5 1561.0 3378.5 1564.0 3380.5 1568.0 3383.5 1571.0 3393.5 1587.0 3400.5 1595.0 3405.5 1604.0 3412.5 1612.0 3425.5 1632.0 3429.5 1636.0 3433.5 1643.0 3435.5 1645.0 3438.5 1651.0 3442.5 1655.0 3448.5 1663.0 3450.5 1667.0 3453.5 1670.0 3456.5 1676.0 3459.5 1679.0 3461.5 1683.0 3470.5 1696.0 3473.5 1699.0 3477.5 1705.0 3478.5 1708.0 3487.5 1723.0 3487.5 1725.0 3490.5 1731.0 3489.5 1736.0 3487.5 1739.0 3481.0 1745.5 3476.0 1748.5 3472.0 1752.5 3467.0 1755.5 3462.0 1760.5 3461.0 1760.5 3452.0 1768.5 3451.0 1768.5 3437.0 1782.5 3431.0 1786.5 3425.0 1792.5 3424.0 1792.5 3416.0 1800.5 3415.0 1800.5 3406.0 1809.5 3405.0 1809.5 3400.0 1814.5 3399.0 1814.5 3393.0 1820.5 3392.0 1820.5 3384.0 1828.5 3379.0 1831.5 3369.0 1841.5 3368.0 1841.5 3361.0 1847.5 3360.0 1847.5 3348.0 1859.5 3347.0 1859.5 3342.5 1864.0 3342.5 1865.0 3338.0 1869.5 3337.0 1869.5 3325.5 1881.0 3322.0 1885.5 3314.0 1891.5 3313.0 1891.5 3306.0 1898.5 3301.0 1901.5 3296.0 1905.5 3289.0 1912.5 3288.0 1912.5 3281.0 1919.5 3276.0 1922.5 3271.0 1927.5 3270.0 1927.5 3264.0 1933.5 3259.0 1936.5 3253.0 1942.5 3252.0 1942.5 3242.0 1952.5 3241.0 1952.5 3236.0 1957.5 3231.0 1960.5 3226.0 1964.5 3214.0 1972.5 3202.0 1976.5 3190.0 1978.5 3184.0 1980.5 3178.0 1980.5 3177.0 1981.5 3166.0 1981.5 3165.0 1982.5
dispensing_tube_rack 3069.5 1641.0 3076.0 1638.5 3079.0 1638.5 3082.0 1636.5 3097.5 1621.0 3101.5 1616.0 3103.5 1612.0 3110.5 1604.0 3113.5 1599.0 3120.5 1589.0 3129.5 1580.0 3131.5 1576.0 3143.5 1564.0 3144.5 1561.0 3153.5 1549.0 3161.5 1541.0 3164.5 1537.0 3167.5 1529.0 3170.5 1526.0 3172.5 1521.0 3171.5 1518.0 3169.0 1515.5 3158.0 1509.5 3152.0 1507.5 3146.0 1507.5 3145.0 1506.5 3135.0 1506.5 3134.0 1505.5 3119.0 1505.5 3118.0 1504.5 3092.0 1504.5 3091.0 1503.5 3078.0 1503.5 3077.0 1502.5 3059.0 1502.5 3058.0 1503.5 3039.0 1503.5 3038.0 1502.5 3028.0 1502.5 3027.0 1501.5 3008.0 1501.5 3002.0 1504.5 2999.5 1509.0 3000.5 1510.0 3000.5 1518.0 3001.5 1523.0 3006.5 1535.0 3009.5 1540.0 3013.5 1549.0 3017.5 1555.0 3019.5 1560.0 3025.5 1570.0 3027.5 1575.0 3030.5 1580.0 3035.5 1591.0 3040.5 1598.0 3043.5 1605.0 3045.5 1607.0 3047.5 1612.0 3049.5 1614.0 3052.5 1620.0 3059.5 1628.0 3060.5 1631.0 3064.5 1638.0 3067.0 1640.5 3069.5 1641.0
dispensing_tube_rack 3294.5 1697.0 3304.0 1695.5 3310.0 1693.5 3317.5 1689.0 3318.5 1685.0 3316.5 1683.0 3314.5 1677.0 3314.5 1674.0 3307.5 1662.0 3306.5 1659.0 3299.5 1652.0 3299.5 1651.0 3294.5 1643.0 3294.5 1641.0 3289.5 1628.0 3280.5 1617.0 3278.5 1612.0 3273.5 1606.0 3267.5 1597.0 3266.5 1594.0 3260.5 1585.0 3253.5 1578.0 3253.5 1577.0 3248.0 1571.5 3245.0 1569.5 3244.0 1570.5 3234.0 1570.5 3227.5 1577.0 3225.5 1581.0 3211.5 1595.0 3211.5 1596.0 3206.5 1601.0 3202.5 1606.0 3199.5 1611.0 3193.5 1617.0 3193.5 1618.0 3187.5 1624.0 3187.5 1625.0 3181.5 1631.0 3181.5 1632.0 3176.5 1637.0 3176.5 1638.0 3171.5 1643.0 3171.5 1644.0 3161.5 1654.0 3158.5 1659.0 3150.5 1667.0 3147.5 1671.0 3145.5 1678.0 3141.5 1685.0 3141.5 1688.0 3144.0 1690.5 3152.0 1693.5 3157.0 1694.5 3166.0 1694.5 3167.0 1695.5 3208.0 1695.5 3209.0 1696.5 3284.0 1696.5 3285.0 1697.5 3294.0 1697.5 3294.5 1697.0
dispensing_tube_rack 2415.5 1925.0 2422.0 1923.5 2426.5 1919.0 2428.5 1915.0 2428.5 1905.0 2427.5 1904.0 2427.5 1899.0 2426.5 1898.0 2426.5 1892.0 2423.5 1881.0 2422.5 1872.0 2419.5 1863.0 2419.5 1858.0 2412.5 1825.0 2410.5 1820.0 2410.5 1815.0 2408.5 1809.0 2408.5 1804.0 2407.5 1803.0 2404.5 1791.0 2404.5 1786.0 2403.5 1785.0 2399.5 1764.0 2398.5 1763.0 2398.5 1758.0 2397.5 1757.0 2397.5 1751.0 2396.5 1750.0 2396.5 1739.0 2395.5 1738.0 2395.5 1733.0 2394.5 1731.0 2390.0 1727.5 2382.0 1724.5 2377.0 1724.5 2376.0 1723.5 2358.0 1723.5 2357.0 1722.5 2343.0 1722.5 2342.0 1721.5 2314.0 1721.5 2313.0 1720.5 2294.0 1720.5 2293.0 1719.5 2253.0 1719.5 2252.0 1718.5 2210.0 1718.5 2209.0 1717.5 2185.0 1717.5 2184.0 1716.5 2172.0 1716.5 2171.0 1715.5 2160.0 1715.5 2159.0 1716.5 2147.0 1716.5 2146.0 1715.5 2124.0 1715.5 2123.0 1714.5 2079.0 1714.5 2078.0 1713.5 2043.0 1713.5 2042.0 1714.5 2036.0 1714.5 2035.0 1715.5 2027.0 1718.5 2020.5 1732.0 2020.5 1750.0 2017.5 1756.0 2016.5 1760.0 2016.5 1765.0 2015.5 1766.0 2015.5 1782.0 2014.5 1783.0 2014.5 1791.0 2013.5 1792.0 2013.5 1807.0 2012.5 1808.0 2012.5 1816.0 2011.5 1817.0 2011.5 1825.0 2010.5 1826.0 2010.5 1833.0 2009.5 1834.0 2009.5 1842.0 2008.5 1843.0 2008.5 1851.0 2007.5 1852.0 2007.5 1861.0 2006.5 1862.0 2006.5 1870.0 2005.5 1871.0 2005.5 1885.0 2004.5 1886.0 2004.5 1899.0 2007.5 1908.0 2011.0 1911.5 2018.0 1913.5 2027.0 1913.5 2028.0 1914.5 2040.0 1914.5 2041.0 1915.5 2059.0 1915.5 2060.0 1916.5 2104.0 1916.5 2105.0 1917.5 2129.0 1917.5 2130.0 1918.5 2157.0 1918.5 2158.0 1919.5 2168.0 1919.5 2169.0 1920.5 2219.0 1920.5 2220.0 1921.5 2245.0 1921.5 2246.0 1922.5 2279.0 1922.5 2280.0 1923.5 2307.0 1923.5 2308.0 1924.5 2344.0 1924.5 2345.0 1925.5 2358.0 1925.5 2359.0 1924.5 2367.0 1924.5 2368.0 1925.5 2383.0 1925.5 2384.0 1924.5 2394.0 1924.5 2395.0 1925.5 2415.0 1925.5 2415.5 1925.0
dispensing_tube_rack 2706.5 1847.0 2709.5 1844.0 2711.5 1840.0 2715.5 1835.0 2717.5 1831.0 2723.5 1824.0 2725.5 1818.0 2728.5 1814.0 2729.5 1811.0 2733.5 1806.0 2736.5 1799.0 2743.5 1790.0 2745.5 1786.0 2748.5 1783.0 2752.5 1777.0 2755.5 1770.0 2757.5 1768.0 2759.5 1763.0 2761.5 1761.0 2763.5 1756.0 2770.5 1746.0 2780.0 1736.5 2784.5 1733.0 2784.5 1729.0 2781.0 1725.5 2774.0 1722.5 2771.0 1722.5 2766.0 1720.5 2760.0 1720.5 2759.0 1719.5 2737.0 1719.5 2736.0 1718.5 2725.0 1718.5 2724.0 1717.5 2708.0 1717.5 2707.0 1716.5 2661.0 1716.5 2656.0 1718.5 2653.5 1721.0 2651.5 1726.0 2651.5 1734.0 2655.5 1739.0 2658.5 1744.0 2662.5 1755.0 2663.5 1762.0 2665.5 1766.0 2666.5 1774.0 2676.5 1794.0 2677.5 1799.0 2677.5 1806.0 2680.5 1814.0 2680.5 1817.0 2682.5 1823.0 2687.5 1832.0 2687.5 1834.0 2692.5 1843.0 2696.0 1845.5 2706.5 1847.0
dispensing_tube_rack 2484.5 1795.0 2486.5 1791.0 2492.0 1785.5 2493.0 1785.5 2498.5 1780.0 2502.5 1772.0 2502.5 1770.0 2508.5 1759.0 2508.5 1757.0 2512.5 1750.0 2513.5 1746.0 2513.5 1734.0 2510.0 1731.5 2501.0 1729.5 2480.0 1729.5 2479.0 1728.5 2466.0 1728.5 2463.0 1729.5 2459.5 1733.0 2459.5 1737.0 2462.5 1746.0 2462.5 1751.0 2463.5 1752.0 2463.5 1758.0 2464.5 1759.0 2464.5 1765.0 2467.5 1773.0 2468.5 1778.0 2471.5 1781.0 2474.5 1787.0 2480.0 1795.5 2484.5 1795.0
dispensing_tube_rack 3112.5 1945.0 3117.0 1944.5 3124.0 1941.5 3126.5 1939.0 3128.5 1933.0 3128.5 1925.0 3124.5 1917.0 3123.5 1912.0 3120.5 1907.0 3118.5 1902.0 3117.5 1897.0 3115.5 1892.0 3109.5 1881.0 3106.5 1874.0 3104.5 1872.0 3100.5 1864.0 3100.5 1862.0 3096.5 1855.0 3096.5 1853.0 3090.5 1843.0 3090.5 1841.0 3087.5 1836.0 3087.5 1834.0 3084.5 1829.0 3082.5 1824.0 3077.5 1817.0 3075.5 1812.0 3073.5 1810.0 3072.5 1806.0 3068.5 1798.0 3066.5 1796.0 3062.5 1789.0 3062.5 1787.0 3058.5 1779.0 3056.5 1773.0 3056.5 1770.0 3054.5 1765.0 3054.5 1762.0 3052.5 1758.0 3047.0 1752.5 3037.0 1748.5 3027.0 1748.5 3026.0 1747.5 3012.0 1747.5 3011.0 1746.5 2990.0 1746.5 2989.0 1745.5 2972.0 1745.5 2971.0 1744.5 2937.0 1744.5 2936.0 1743.5 2878.0 1743.5 2877.0 1744.5 2872.0 1744.5 2870.0 1745.5 2864.5 1751.0 2860.5 1757.0 2857.5 1763.0 2850.5 1771.0 2840.5 1786.0 2837.5 1792.0 2833.5 1796.0 2829.5 1802.0 2827.5 1807.0 2820.5 1815.0 2819.5 1818.0 2812.5 1829.0 2808.5 1833.0 2805.5 1839.0 2800.5 1846.0 2797.5 1849.0 2785.5 1868.0 2782.5 1871.0 2780.5 1875.0 2777.5 1878.0 2773.5 1885.0 2766.5 1893.0 2759.5 1906.0 2755.5 1912.0 2754.5 1917.0 2750.5 1924.0 2750.5 1929.0 2752.0 1930.5 2758.0 1933.5 2763.0 1934.5 2771.0 1934.5 2772.0 1935.5 2785.0 1935.5 2786.0 1936.5 2799.0 1936.5 2800.0 1937.5 2822.0 1937.5 2823.0 1938.5 2849.0 1938.5 2850.0 1939.5 2893.0 1939.5 2894.0 1940.5 2935.0 1940.5 2936.0 1941.5 2955.0 1941.5 2956.0 1942.5 2986.0 1942.5 2987.0 1943.5 3016.0 1943.5 3017.0 1944.5 3072.0 1944.5 3073.0 1945.5 3112.0 1945.5 3112.5 1945.0
dispensing_tube_rack 3203.5 1881.0 3207.0 1877.5 3218.0 1870.5 3228.0 1860.5 3233.0 1857.5 3236.5 1853.0 3247.0 1842.5 3248.0 1842.5 3262.0 1828.5 3263.0 1828.5 3303.5 1788.0 3306.5 1783.0 3311.5 1778.0 3312.5 1776.0 3312.5 1766.0 3309.0 1762.5 3300.0 1759.5 3295.0 1758.5 3286.0 1758.5 3285.0 1757.5 3263.0 1757.5 3262.0 1756.5 3246.0 1756.5 3241.0 1754.5 3236.0 1753.5 3198.0 1753.5 3197.0 1752.5 3173.0 1752.5 3172.0 1751.5 3156.0 1751.5 3155.0 1750.5 3146.0 1750.5 3145.0 1749.5 3139.0 1749.5 3131.0 1752.5 3128.5 1755.0 3126.5 1759.0 3126.5 1764.0 3132.5 1776.0 3132.5 1778.0 3136.5 1784.0 3139.5 1790.0 3146.5 1797.0 3148.5 1800.0 3153.5 1814.0 3157.5 1821.0 3158.5 1824.0 3161.5 1827.0 3167.5 1838.0 3167.5 1840.0 3170.5 1846.0 3172.5 1848.0 3175.5 1855.0 3178.5 1860.0 3182.5 1865.0 3184.5 1869.0 3191.0 1875.5 3195.0 1877.5 3200.0 1881.5 3203.5 1881.0
blood_tube 2690.0 1259.5 2674.0 1259.5 2668.0 1257.5 2662.0 1254.5 2657.5 1250.0 2655.5 1243.0 2655.5 1234.0 2654.5 1233.0 2654.5 1226.0 2653.5 1225.0 2654.5 1220.0 2662.0 1213.5 2668.0 1212.5 2669.0 1211.5 2680.0 1211.5 2681.0 1212.5 2686.0 1212.5 2687.0 1213.5 2696.0 1214.5 2701.0 1216.5 2704.5 1220.0 2704.5 1237.0 2703.5 1242.0 2699.5 1253.0 2695.0 1257.5 2690.0 1259.5
 10ML_centrifuge_tube 2821.0 1270.5 2807.0 1270.5 2806.0 1269.5 2799.0 1268.5 2786.0 1262.5 2779.0 1257.5 2774.5 1253.0 2772.5 1249.0 2772.5 1242.0 2771.5 1241.0 2771.5 1229.0 2770.5 1228.0 2770.5 1220.0 2773.5 1213.0 2774.5 1209.0 2780.0 1204.5 2785.0 1202.5 2790.0 1201.5 2796.0 1201.5 2797.0 1200.5 2803.0 1200.5 2804.0 1201.5 2817.0 1201.5 2818.0 1202.5 2823.0 1202.5 2831.0 1204.5 2840.0 1208.5 2844.0 1209.5 2850.5 1216.0 2852.5 1219.0 2853.5 1223.0 2852.5 1230.0 2851.5 1231.0 2851.5 1236.0 2848.5 1244.0 2847.5 1250.0 2842.5 1258.0 2842.5 1259.0 2836.0 1265.5 2827.0 1269.5 2822.0 1269.5 2821.0 1270.5
 10ML_centrifuge_tube 2348.0 1223.5 2312.0 1223.5 2311.0 1222.5 2300.0 1222.5 2291.0 1220.5 2286.5 1217.0 2281.5 1209.0 2281.5 1203.0 2283.5 1198.0 2284.5 1193.0 2290.0 1187.5 2296.0 1184.5 2302.0 1183.5 2303.0 1182.5 2327.0 1182.5 2328.0 1183.5 2335.0 1183.5 2344.0 1186.5 2353.0 1191.5 2358.5 1197.0 2361.5 1205.0 2361.5 1212.0 2358.5 1220.0 2353.0 1222.5 2348.0 1223.5
 10ML_centrifuge_tube 2056.0 1235.5 2045.0 1235.5 2042.5 1233.0 2039.5 1227.0 2038.5 1222.0 2038.5 1215.0 2037.5 1214.0 2037.5 1204.0 2041.5 1194.0 2046.0 1189.5 2052.0 1187.5 2055.0 1185.5 2061.0 1183.5 2066.0 1183.5 2067.0 1182.5 2084.0 1182.5 2085.0 1183.5 2090.0 1183.5 2101.0 1188.5 2105.0 1189.5 2109.5 1194.0 2109.5 1199.0 2111.5 1205.0 2108.0 1210.5 2092.0 1215.5 2085.0 1215.5 2084.0 1216.5 2079.0 1216.5 2072.0 1219.5 2068.5 1223.0 2064.5 1231.0 2060.0 1234.5 2056.0 1235.5
blood_tube 2204.0 1217.5 2179.0 1217.5 2174.0 1216.5 2170.0 1214.5 2161.5 1206.0 2160.5 1203.0 2160.5 1196.0 2159.5 1194.0 2161.5 1189.0 2164.0 1186.5 2168.0 1184.5 2181.0 1184.5 2182.0 1183.5 2188.0 1183.5 2194.0 1181.5 2210.0 1181.5 2213.5 1188.0 2215.5 1200.0 2217.5 1205.0 2216.5 1210.0 2211.0 1215.5 2205.0 1216.5 2204.0 1217.5
 10ML_centrifuge_tube 1673.0 1230.5 1653.0 1230.5 1652.0 1229.5 1644.0 1228.5 1636.0 1224.5 1629.5 1219.0 1625.5 1209.0 1624.5 1204.0 1624.5 1195.0 1623.5 1194.0 1623.5 1189.0 1624.5 1188.0 1624.5 1179.0 1626.5 1176.0 1636.0 1166.5 1641.0 1162.5 1646.0 1160.5 1654.0 1158.5 1655.0 1157.5 1661.0 1157.5 1662.0 1156.5 1677.0 1156.5 1678.0 1157.5 1685.0 1157.5 1692.0 1160.5 1695.0 1162.5 1699.5 1167.0 1699.5 1168.0 1707.5 1176.0 1708.5 1178.0 1708.5 1194.0 1707.5 1199.0 1705.5 1203.0 1705.5 1206.0 1702.5 1212.0 1698.5 1218.0 1694.0 1222.5 1689.0 1225.5 1684.0 1227.5 1681.0 1227.5 1673.0 1230.5
 5ML_centrifuge_tube 1792.0 1277.5 1787.0 1277.5 1786.0 1276.5 1778.0 1276.5 1777.0 1275.5 1767.0 1275.5 1766.0 1274.5 1738.0 1274.5 1737.0 1275.5 1728.0 1275.5 1723.0 1273.5 1718.5 1269.0 1718.5 1261.0 1717.5 1260.0 1717.5 1253.0 1718.5 1249.0 1722.5 1242.0 1729.0 1235.5 1739.0 1231.5 1744.0 1230.5 1750.0 1230.5 1751.0 1229.5 1760.0 1229.5 1761.0 1228.5 1765.0 1229.5 1774.0 1229.5 1775.0 1230.5 1783.0 1231.5 1788.0 1233.5 1793.0 1236.5 1796.5 1241.0 1801.5 1249.0 1802.5 1252.0 1802.5 1259.0 1801.5 1260.0 1801.5 1266.0 1799.5 1271.0 1794.0 1276.5 1792.0 1277.5
 10ML_centrifuge_tube 1752.0 1350.5 1744.0 1350.5 1743.0 1349.5 1736.0 1349.5 1723.0 1344.5 1720.0 1342.5 1715.5 1338.0 1715.5 1337.0 1710.5 1329.0 1709.5 1323.0 1708.5 1322.0 1708.5 1317.0 1707.5 1316.0 1707.5 1301.0 1708.5 1300.0 1708.5 1295.0 1710.5 1290.0 1716.5 1281.0 1717.5 1276.0 1717.5 1254.0 1718.5 1250.0 1720.5 1248.0 1723.5 1242.0 1730.0 1235.5 1736.0 1232.5 1739.0 1232.5 1743.0 1230.5 1748.0 1229.5 1758.0 1229.5 1759.0 1228.5 1766.0 1228.5 1767.0 1229.5 1778.0 1229.5 1784.0 1231.5 1792.0 1235.5 1797.5 1241.0 1800.5 1246.0 1802.5 1251.0 1802.5 1258.0 1803.5 1259.0 1803.5 1271.0 1801.5 1277.0 1801.5 1284.0 1804.5 1292.0 1804.5 1307.0 1803.5 1308.0 1803.5 1313.0 1800.5 1319.0 1799.5 1324.0 1796.5 1329.0 1783.0 1342.5 1775.0 1346.5 1772.0 1346.5 1768.0 1348.5 1763.0 1349.5 1753.0 1349.5 1752.0 1350.5
 5ML_centrifuge_tube 1574.0 1233.5 1561.0 1233.5 1560.0 1232.5 1554.0 1232.5 1549.0 1230.5 1541.5 1224.0 1536.5 1215.0 1534.5 1210.0 1534.5 1193.0 1538.5 1184.0 1542.5 1179.0 1552.0 1174.5 1557.0 1174.5 1558.0 1173.5 1564.0 1173.5 1565.0 1172.5 1590.0 1172.5 1591.0 1173.5 1598.0 1173.5 1602.0 1174.5 1609.0 1177.5 1611.5 1180.0 1613.5 1186.0 1613.5 1196.0 1609.5 1209.0 1606.5 1215.0 1604.5 1217.0 1601.5 1223.0 1597.0 1227.5 1591.0 1230.5 1588.0 1230.5 1583.0 1232.5 1575.0 1232.5 1574.0 1233.5
 5ML_sorting_tube_rack 1780.0 1572.5 1772.0 1572.5 1771.0 1571.5 1745.0 1571.5 1744.0 1570.5 1726.0 1570.5 1725.0 1571.5 1708.0 1571.5 1707.0 1570.5 1586.0 1570.5 1585.0 1569.5 1580.0 1569.5 1579.0 1570.5 1573.0 1570.5 1572.0 1571.5 1563.0 1571.5 1562.0 1570.5 1555.0 1570.5 1554.0 1569.5 1540.0 1569.5 1539.0 1570.5 1504.0 1570.5 1503.0 1569.5 1440.0 1569.5 1439.0 1568.5 1434.0 1568.5 1428.0 1565.5 1423.5 1561.0 1419.5 1555.0 1417.5 1550.0 1413.5 1536.0 1413.5 1532.0 1410.5 1523.0 1409.5 1518.0 1409.5 1513.0 1408.5 1512.0 1408.5 1507.0 1401.5 1485.0 1400.5 1476.0 1398.5 1472.0 1396.5 1461.0 1395.5 1460.0 1394.5 1451.0 1393.5 1450.0 1392.5 1442.0 1389.5 1435.0 1388.5 1431.0 1388.5 1420.0 1387.5 1419.0 1387.5 1412.0 1384.5 1401.0 1384.5 1397.0 1382.5 1392.0 1382.5 1388.0 1379.5 1379.0 1379.5 1362.0 1380.5 1361.0 1380.5 1354.0 1381.5 1353.0 1381.5 1348.0 1382.5 1343.0 1384.5 1338.0 1385.5 1331.0 1387.5 1327.0 1387.5 1324.0 1391.5 1314.0 1391.5 1311.0 1393.5 1308.0 1393.5 1305.0 1396.5 1297.0 1397.5 1288.0 1401.5 1279.0 1405.5 1274.0 1406.5 1271.0 1410.5 1265.0 1411.5 1260.0 1413.5 1257.0 1414.5 1252.0 1416.5 1249.0 1419.5 1238.0 1421.5 1233.0 1421.5 1230.0 1425.5 1216.0 1426.5 1215.0 1429.5 1205.0 1432.5 1193.0 1434.5 1190.0 1439.5 1180.0 1444.0 1176.5 1448.0 1174.5 1453.0 1173.5 1458.0 1173.5 1459.0 1172.5 1470.0 1172.5 1471.0 1173.5 1502.0 1173.5 1503.0 1172.5 1510.0 1172.5 1511.0 1173.5 1524.0 1173.5 1531.0 1175.5 1536.5 1179.0 1535.5 1184.0 1535.5 1194.0 1534.5 1195.0 1534.5 1206.0 1535.5 1210.0 1538.5 1214.0 1539.5 1217.0 1543.5 1223.0 1547.0 1226.5 1554.0 1230.5 1561.0 1231.5 1562.0 1232.5 1574.0 1232.5 1575.0 1231.5 1580.0 1231.5 1584.0 1230.5 1590.0 1227.5 1596.0 1225.5 1603.5 1218.0 1609.5 1208.0 1614.0 1204.5 1621.0 1211.5 1622.0 1211.5 1632.0 1221.5 1636.0 1224.5 1649.0 1229.5 1653.0 1230.5 1674.0 1230.5 1675.0 1229.5 1683.0 1227.5 1694.0 1221.5 1698.5 1217.0 1698.5 1216.0 1703.5 1211.0 1707.5 1205.0 1708.5 1201.0 1708.5 1196.0 1709.5 1195.0 1709.5 1190.0 1711.5 1186.0 1715.0 1182.5 1721.0 1180.5 1726.0 1180.5 1727.0 1179.5 1740.0 1179.5 1746.0 1181.5 1756.0 1181.5 1757.0 1182.5 1782.0 1182.5 1783.0 1181.5 1791.0 1181.5 1796.0 1183.5 1801.5 1189.0 1804.5 1199.0 1809.5 1207.0 1809.5 1217.0 1808.5 1218.0 1809.5 1226.0 1810.5 1227.0 1810.5 1244.0 1809.5 1245.0 1809.5 1252.0 1808.5 1253.0 1809.5 1258.0 1809.5 1279.0 1810.5 1280.0 1810.5 1285.0 1813.5 1293.0 1813.5 1302.0 1811.5 1307.0 1811.5 1314.0 1814.5 1322.0 1814.5 1326.0 1817.5 1333.0 1817.5 1336.0 1819.5 1340.0 1819.5 1345.0 1818.5 1346.0 1818.5 1354.0 1817.5 1355.0 1817.5 1365.0 1816.5 1366.0 1816.5 1380.0 1815.5 1381.0 1815.5 1399.0 1814.5 1400.0 1814.5 1408.0 1815.5 1409.0 1815.5 1422.0 1814.5 1423.0 1814.5 1444.0 1815.5 1445.0 1815.5 1451.0 1814.5 1452.0 1814.5 1477.0 1813.5 1478.0 1813.5 1497.0 1812.5 1498.0 1812.5 1511.0 1811.5 1512.0 1811.5 1523.0 1810.5 1524.0 1810.5 1535.0 1809.5 1536.0 1809.5 1552.0 1808.5 1557.0 1805.5 1564.0 1799.0 1569.5 1795.0 1570.5 1789.0 1570.5 1788.0 1571.5 1781.0 1571.5 1780.0 1572.5
 5ML_sorting_tube_rack 1762.5 1347.0 1772.0 1344.5 1779.0 1340.5 1780.5 1338.0 1787.5 1331.0 1792.5 1323.0 1794.5 1317.0 1796.5 1315.0 1799.5 1309.0 1799.5 1301.0 1800.5 1300.0 1800.5 1288.0 1801.5 1287.0 1801.5 1281.0 1802.5 1280.0 1802.5 1275.0 1803.5 1274.0 1803.5 1256.0 1802.5 1252.0 1798.5 1245.0 1788.0 1234.5 1779.0 1229.5 1766.0 1226.5 1752.0 1226.5 1747.0 1227.5 1731.0 1235.5 1724.5 1242.0 1719.5 1251.0 1718.5 1259.0 1716.5 1265.0 1716.5 1271.0 1717.5 1272.0 1717.5 1277.0 1718.5 1278.0 1718.5 1285.0 1715.5 1289.0 1710.5 1305.0 1709.5 1314.0 1710.5 1315.0 1710.5 1320.0 1711.5 1324.0 1714.5 1331.0 1728.0 1344.5 1732.0 1346.5 1737.0 1346.5 1738.0 1347.5 1762.0 1347.5 1762.5 1347.0
 5ML_sorting_tube_rack 1739.5 1477.0 1745.0 1476.5 1746.5 1474.0 1746.5 1469.0 1745.5 1468.0 1745.5 1462.0 1743.5 1458.0 1741.0 1455.5 1737.0 1453.5 1728.0 1453.5 1723.0 1456.5 1719.5 1460.0 1719.5 1466.0 1721.5 1470.0 1727.0 1475.5 1733.0 1477.5 1739.5 1477.0
 10ML_centrifuge_tube 1500.0 1010.5 1482.0 1010.5 1470.0 1006.5 1467.0 1004.5 1462.0 1003.5 1457.0 1001.5 1453.5 999.0 1453.5 995.0 1458.5 990.0 1460.5 984.0 1464.0 980.5 1478.0 975.5 1485.0 975.5 1486.0 974.5 1492.0 974.5 1493.0 973.5 1508.0 973.5 1515.0 977.5 1520.5 984.0 1520.5 991.0 1521.5 992.0 1521.5 997.0 1520.5 999.0 1515.0 1004.5 1509.0 1008.5 1500.0 1010.5
 10ML_centrifuge_tube 1344.0 1043.5 1339.0 1043.5 1338.0 1042.5 1331.0 1042.5 1326.0 1041.5 1320.0 1038.5 1312.5 1031.0 1310.5 1025.0 1310.5 1017.0 1306.5 1005.0 1306.5 995.0 1309.5 989.0 1314.0 983.5 1319.0 982.5 1324.0 982.5 1325.0 981.5 1345.0 981.5 1350.0 983.5 1355.0 984.5 1362.5 992.0 1364.5 996.0 1364.5 1001.0 1362.5 1007.0 1362.5 1013.0 1361.5 1014.0 1361.5 1029.0 1358.5 1035.0 1354.0 1040.5 1344.0 1043.5
dispensing_tube_rack 1390.0 1273.5 1363.0 1273.5 1362.0 1272.5 1347.0 1272.5 1346.0 1271.5 1340.0 1271.5 1336.0 1269.5 1331.5 1265.0 1328.5 1259.0 1326.5 1250.0 1324.5 1246.0 1323.5 1241.0 1323.5 1236.0 1321.5 1230.0 1319.5 1221.0 1313.5 1214.0 1312.5 1211.0 1309.5 1207.0 1308.5 1201.0 1303.5 1188.0 1302.5 1183.0 1299.5 1179.0 1293.5 1166.0 1289.5 1160.0 1289.5 1157.0 1286.5 1149.0 1286.5 1141.0 1285.5 1140.0 1285.5 1134.0 1281.5 1127.0 1279.5 1125.0 1271.5 1110.0 1262.5 1101.0 1259.5 1096.0 1257.5 1091.0 1257.5 1083.0 1259.5 1078.0 1259.5 1074.0 1265.5 1058.0 1268.5 1053.0 1273.5 1041.0 1278.5 1031.0 1283.5 1018.0 1292.0 1007.5 1296.0 1004.5 1299.0 1003.5 1310.0 1003.5 1312.5 1006.0 1314.5 1010.0 1314.5 1015.0 1315.5 1016.0 1315.5 1026.0 1317.5 1030.0 1325.0 1037.5 1331.0 1038.5 1332.0 1039.5 1344.0 1039.5 1347.0 1038.5 1352.5 1034.0 1355.5 1028.0 1355.5 1023.0 1356.5 1022.0 1356.5 1016.0 1357.5 1015.0 1357.5 996.0 1359.5 992.0 1364.0 987.5 1370.0 985.5 1400.0 985.5 1401.0 986.5 1445.0 986.5 1446.0 987.5 1453.0 988.5 1457.5 992.0 1460.5 998.0 1466.0 1002.5 1474.0 1005.5 1479.0 1006.5 1487.0 1006.5 1488.0 1007.5 1505.0 1007.5 1509.0 1006.5 1517.0 1000.5 1524.0 990.5 1527.0 989.5 1532.0 989.5 1533.0 988.5 1543.0 988.5 1544.0 989.5 1559.0 989.5 1560.0 988.5 1578.0 988.5 1579.0 989.5 1596.0 989.5 1597.0 990.5 1615.0 990.5 1616.0 991.5 1626.0 991.5 1627.0 992.5 1637.0 992.5 1638.0 993.5 1648.0 993.5 1649.0 994.5 1656.0 994.5 1658.0 995.5 1662.5 1000.0 1662.5 1001.0 1669.0 1007.5 1675.0 1010.5 1683.5 1021.0 1686.5 1027.0 1686.5 1044.0 1685.5 1049.0 1683.5 1054.0 1683.5 1059.0 1682.5 1060.0 1682.5 1067.0 1681.5 1068.0 1681.5 1074.0 1680.5 1075.0 1680.5 1080.0 1679.5 1081.0 1678.5 1089.0 1672.5 1104.0 1666.5 1115.0 1664.5 1125.0 1663.5 1126.0 1663.5 1143.0 1664.5 1146.0 1660.0 1151.5 1651.0 1155.5 1639.0 1161.5 1628.0 1169.5 1623.0 1171.5 1618.0 1171.5 1617.0 1172.5 1609.0 1172.5 1608.0 1171.5 1602.0 1171.5 1601.0 1170.5 1541.0 1170.5 1537.0 1171.5 1536.0 1170.5 1528.0 1170.5 1527.0 1169.5 1516.0 1169.5 1515.0 1168.5 1501.0 1168.5 1500.0 1169.5 1461.0 1169.5 1460.0 1170.5 1447.0 1170.5 1443.0 1171.5 1437.0 1174.5 1431.5 1181.0 1431.5 1183.0 1428.5 1188.0 1427.5 1193.0 1424.5 1198.0 1422.5 1206.0 1421.5 1207.0 1418.5 1219.0 1416.5 1223.0 1413.5 1236.0 1411.5 1239.0 1408.5 1250.0 1406.5 1254.0 1403.5 1265.0 1401.5 1268.0 1396.0 1271.5 1390.0 1273.5
 10ML_sorting_tube_rack 1126.0 1466.5 1097.0 1466.5 1096.0 1465.5 1072.0 1465.5 1071.0 1464.5 995.0 1464.5 990.0 1462.5 985.0 1462.5 979.0 1460.5 974.0 1460.5 973.0 1459.5 966.0 1459.5 965.0 1458.5 958.0 1458.5 957.0 1457.5 943.0 1457.5 942.0 1456.5 906.0 1456.5 905.0 1455.5 888.0 1455.5 887.0 1454.5 875.0 1454.5 874.0 1453.5 849.0 1453.5 848.0 1452.5 834.0 1452.5 833.0 1451.5 821.0 1451.5 820.0 1450.5 804.0 1450.5 803.0 1449.5 771.0 1449.5 770.0 1448.5 764.0 1448.5 763.0 1447.5 758.0 1447.5 750.0 1445.5 740.5 1436.0 732.5 1420.0 731.5 1419.0 731.5 1409.0 733.5 1404.0 739.0 1398.5 743.0 1396.5 748.0 1395.5 753.0 1395.5 758.0 1393.5 767.0 1384.5 768.0 1384.5 775.5 1377.0 778.5 1372.0 778.5 1361.0 777.0 1358.5 772.0 1357.5 731.0 1357.5 730.0 1358.5 710.0 1358.5 705.0 1360.5 695.0 1360.5 692.0 1358.5 684.0 1357.5 680.0 1354.5 677.0 1353.5 671.5 1348.0 667.5 1341.0 661.5 1325.0 657.5 1318.0 653.5 1309.0 646.5 1298.0 637.5 1289.0 634.5 1285.0 633.5 1279.0 638.5 1265.0 642.5 1261.0 645.5 1255.0 647.5 1253.0 649.5 1248.0 651.5 1246.0 654.5 1239.0 657.5 1236.0 660.5 1231.0 668.5 1222.0 671.5 1217.0 674.5 1214.0 679.5 1205.0 685.5 1199.0 689.5 1194.0 694.5 1186.0 703.5 1177.0 703.5 1176.0 708.5 1171.0 708.5 1170.0 713.5 1165.0 719.5 1154.0 721.5 1152.0 723.5 1147.0 732.5 1138.0 736.5 1133.0 738.5 1129.0 742.5 1124.0 744.5 1119.0 747.5 1115.0 753.5 1109.0 758.5 1101.0 762.0 1098.5 768.0 1092.5 771.0 1090.5 778.0 1087.5 785.0 1086.5 786.0 1085.5 795.0 1085.5 796.0 1084.5 823.0 1084.5 824.0 1085.5 848.0 1085.5 849.0 1086.5 888.0 1086.5 889.0 1087.5 896.0 1087.5 897.0 1086.5 910.0 1086.5 916.0 1084.5 938.0 1084.5 949.0 1087.5 961.0 1087.5 962.0 1088.5 982.0 1088.5 983.0 1089.5 1024.0 1089.5 1025.0 1090.5 1045.0 1090.5 1046.0 1091.5 1055.0 1091.5 1056.0 1092.5 1117.0 1092.5 1118.0 1093.5 1140.0 1093.5 1141.0 1094.5 1163.0 1094.5 1164.0 1095.5 1169.0 1095.5 1177.0 1098.5 1181.5 1104.0 1184.5 1114.0 1184.5 1132.0 1185.5 1133.0 1186.5 1142.0 1189.5 1151.0 1189.5 1155.0 1191.5 1160.0 1191.5 1163.0 1193.5 1169.0 1195.5 1172.0 1197.5 1181.0 1198.5 1182.0 1200.5 1192.0 1205.5 1201.0 1206.5 1206.0 1208.5 1210.0 1209.5 1218.0 1210.5 1219.0 1211.5 1226.0 1213.5 1232.0 1216.5 1238.0 1216.5 1247.0 1217.5 1252.0 1219.5 1257.0 1220.5 1262.0 1220.5 1270.0 1219.5 1271.0 1217.5 1282.0 1211.5 1296.0 1203.5 1312.0 1198.5 1325.0 1196.5 1328.0 1196.5 1331.0 1188.5 1350.0 1185.5 1355.0 1181.5 1365.0 1179.5 1373.0 1174.5 1382.0 1171.5 1389.0 1169.5 1392.0 1169.5 1395.0 1166.5 1402.0 1166.5 1405.0 1164.5 1412.0 1157.5 1426.0 1151.5 1441.0 1146.5 1449.0 1146.5 1451.0 1142.5 1459.0 1138.0 1463.5 1133.0 1465.5 1127.0 1465.5 1126.0 1466.5
 10ML_sorting_tube_rack 0.0 1323.5 5.0 1323.5 9.0 1321.5 13.5 1312.0 23.0 1304.5 24.0 1304.5 32.0 1298.5 35.0 1297.5 50.0 1286.5 54.0 1284.5 68.0 1279.5 73.0 1275.5 76.0 1274.5 89.0 1267.5 94.0 1265.5 102.0 1258.5 111.0 1253.5 113.0 1253.5 120.0 1249.5 122.0 1249.5 131.0 1244.5 133.0 1242.5 138.0 1240.5 148.0 1234.5 150.0 1232.5 155.0 1230.5 165.0 1224.5 168.0 1223.5 174.0 1219.5 176.0 1219.5 181.0 1216.5 189.0 1213.5 196.0 1209.5 199.0 1208.5 208.0 1201.5 215.0 1198.5 220.0 1195.5 232.0 1189.5 235.0 1188.5 244.0 1183.5 246.0 1183.5 252.0 1180.5 263.0 1172.5 268.0 1170.5 272.0 1167.5 274.0 1167.5 281.0 1163.5 284.0 1162.5 290.0 1158.5 301.0 1152.5 308.0 1150.5 315.0 1146.5 322.0 1140.5 331.0 1135.5 333.0 1135.5 338.0 1132.5 347.0 1128.5 358.0 1121.5 371.0 1116.5 379.0 1112.5 384.0 1111.5 390.0 1111.5 391.0 1110.5 402.0 1110.5 411.0 1112.5 418.0 1115.5 423.0 1118.5 425.0 1118.5 437.0 1124.5 441.0 1125.5 443.0 1127.5 454.0 1133.5 456.0 1133.5 463.0 1138.5 467.0 1140.5 472.0 1145.5 475.0 1146.5 484.0 1151.5 488.0 1152.5 495.0 1157.5 508.0 1164.5 523.0 1170.5 530.0 1176.5 542.0 1182.5 549.0 1185.5 551.0 1187.5 556.0 1189.5 560.0 1192.5 567.5 1200.0 570.5 1205.0 573.5 1216.0 575.5 1219.0 576.5 1224.0 579.5 1229.0 579.5 1231.0 583.5 1239.0 588.5 1246.0 589.5 1249.0 593.5 1255.0 598.5 1261.0 601.5 1266.0 603.5 1271.0 604.5 1276.0 607.5 1282.0 610.5 1295.0 613.5 1301.0 615.5 1303.0 618.5 1309.0 624.5 1316.0 630.5 1329.0 635.5 1336.0 641.0 1341.5 647.0 1345.5 651.5 1350.0 654.5 1354.0 657.5 1360.0 658.5 1365.0 660.5 1368.0 665.5 1381.0 667.5 1383.0 670.5 1389.0 670.5 1394.0 671.5 1395.0 671.5 1406.0 668.5 1412.0 664.5 1418.0 654.0 1428.5 643.0 1434.5 638.0 1435.5 631.0 1438.5 627.0 1439.5 622.0 1439.5 621.0 1440.5 612.0 1440.5 611.0 1441.5 600.0 1441.5 599.0 1440.5 584.0 1440.5 583.0 1441.5 574.0 1441.5 573.0 1440.5 563.0 1440.5 562.0 1439.5 523.0 1439.5 522.0 1440.5 502.0 1440.5 501.0 1441.5 493.0 1442.5 484.0 1446.5 481.0 1448.5 473.5 1456.0 468.5 1464.0 457.5 1475.0 454.5 1479.0 449.5 1488.0 444.5 1493.0 444.5 1494.0 437.5 1502.0 436.5 1505.0 429.5 1515.0 425.5 1520.0 420.5 1525.0 420.5 1526.0 409.5 1537.0 405.5 1543.0 400.5 1548.0 400.5 1549.0 393.5 1556.0 389.5 1562.0 384.5 1567.0 384.5 1568.0 379.5 1573.0 376.5 1577.0 372.5 1584.0 359.5 1597.0 359.5 1598.0 354.5 1603.0 354.5 1604.0 345.5 1613.0 345.5 1614.0 337.5 1622.0 333.5 1628.0 330.5 1634.0 319.5 1645.0 319.5 1646.0 305.5 1660.0 303.5 1664.0 295.5 1675.0 290.0 1680.5 286.0 1682.5 278.0 1689.5 271.0 1693.5 266.0 1695.5 253.0 1697.5 252.0 1698.5 245.0 1698.5 239.0 1696.5 233.0 1693.5 226.5 1687.0 226.5 1686.0 217.0 1676.5 216.0 1676.5 209.0 1669.5 199.0 1663.5 195.0 1660.5 190.0 1655.5 189.0 1655.5 179.0 1648.5 174.0 1643.5 173.0 1643.5 167.0 1637.5 161.0 1634.5 159.0 1632.5 152.0 1629.5 149.0 1626.5 133.0 1616.5 130.0 1615.5 118.0 1603.5 114.0 1601.5 107.5 1595.0 102.5 1587.0 98.5 1583.0 97.5 1579.0 95.5 1576.0 94.5 1571.0 91.5 1565.0 83.0 1556.5 77.0 1553.5 73.0 1550.5 62.5 1540.0 60.5 1536.0 57.5 1533.0 55.5 1529.0 51.5 1525.0 47.5 1519.0 44.5 1513.0 44.5 1511.0 41.5 1506.0 38.5 1499.0 35.5 1494.0 30.0 1489.5 26.0 1487.5 17.0 1481.5 11.5 1476.0 9.5 1472.0 5.0 1467.5 0.0 1467.5
 10ML_sorting_tube_rack 82.5 1390.0 85.5 1388.0 87.5 1385.0 86.5 1382.0 83.0 1377.5 80.0 1378.5 76.5 1384.0 77.5 1389.0 80.0 1390.5 82.5 1390.0
 10ML_sorting_tube_rack 51.5 1395.0 55.5 1390.0 55.5 1386.0 53.0 1383.5 50.0 1383.5 46.5 1389.0 50.0 1395.5 51.5 1395.0
 5ML_sorting_tube_rack 909.0 1943.5 888.0 1943.5 887.0 1942.5 862.0 1942.5 861.0 1941.5 846.0 1941.5 845.0 1940.5 841.0 1941.5 811.0 1941.5 810.0 1940.5 790.0 1940.5 789.0 1939.5 769.0 1939.5 768.0 1940.5 749.0 1940.5 748.0 1939.5 715.0 1939.5 714.0 1938.5 709.0 1939.5 614.0 1939.5 613.0 1938.5 542.0 1938.5 541.0 1937.5 523.0 1937.5 522.0 1938.5 506.0 1938.5 505.0 1937.5 487.0 1937.5 486.0 1938.5 445.0 1938.5 444.0 1937.5 434.0 1937.5 433.0 1936.5 427.0 1936.5 424.0 1935.5 418.5 1930.0 417.5 1928.0 417.5 1920.0 418.5 1919.0 418.5 1911.0 416.5 1906.0 409.5 1899.0 407.5 1895.0 407.5 1891.0 405.5 1887.0 405.5 1884.0 402.5 1879.0 399.0 1875.5 396.0 1874.5 392.0 1871.5 384.0 1863.5 375.0 1858.5 366.0 1855.5 360.5 1850.0 358.5 1845.0 354.0 1841.5 348.0 1838.5 345.0 1838.5 335.0 1835.5 328.0 1831.5 326.0 1831.5 316.0 1825.5 313.0 1824.5 304.0 1817.5 299.0 1812.5 298.0 1812.5 280.0 1794.5 279.0 1794.5 272.5 1788.0 272.5 1787.0 263.5 1778.0 263.5 1777.0 248.5 1762.0 247.5 1760.0 247.5 1754.0 246.5 1753.0 246.5 1748.0 248.5 1743.0 252.5 1737.0 255.5 1734.0 257.5 1730.0 261.5 1726.0 265.5 1720.0 268.5 1714.0 279.5 1703.0 279.5 1702.0 296.5 1685.0 301.5 1676.0 304.5 1672.0 312.5 1664.0 317.5 1656.0 324.5 1649.0 332.5 1637.0 337.0 1632.5 341.5 1629.0 346.5 1620.0 354.5 1612.0 356.5 1608.0 365.0 1599.5 366.0 1599.5 378.5 1582.0 382.5 1577.0 391.5 1568.0 394.5 1563.0 407.5 1550.0 413.5 1542.0 418.5 1534.0 424.0 1528.5 428.5 1525.0 430.5 1521.0 437.5 1512.0 437.5 1511.0 444.5 1503.0 445.5 1500.0 452.5 1490.0 460.5 1482.0 464.5 1475.0 467.5 1471.0 483.0 1455.5 490.0 1451.5 497.0 1448.5 500.0 1446.5 504.0 1445.5 513.0 1445.5 514.0 1444.5 532.0 1444.5 533.0 1443.5 558.0 1443.5 559.0 1444.5 575.0 1444.5 576.0 1445.5 592.0 1445.5 593.0 1446.5 604.0 1446.5 605.0 1447.5 639.0 1447.5 645.0 1449.5 651.0 1449.5 652.0 1450.5 686.0 1450.5 687.0 1451.5 695.0 1451.5 696.0 1452.5 701.0 1452.5 702.0 1451.5 743.0 1451.5 744.0 1452.5 764.0 1452.5 765.0 1453.5 783.0 1453.5 784.0 1454.5 808.0 1454.5 809.0 1455.5 828.0 1455.5 829.0 1456.5 841.0 1456.5 842.0 1457.5 873.0 1457.5 874.0 1458.5 890.0 1458.5 891.0 1459.5 925.0 1459.5 926.0 1460.5 939.0 1460.5 940.0 1461.5 948.0 1461.5 949.0 1462.5 956.0 1462.5 957.0 1463.5 962.0 1463.5 967.0 1464.5 974.0 1467.5 979.5 1473.0 981.5 1477.0 984.5 1490.0 984.5 1494.0 986.5 1499.0 986.5 1502.0 988.5 1508.0 991.5 1513.0 991.5 1515.0 994.5 1521.0 998.0 1525.5 999.0 1525.5 1008.5 1535.0 1012.5 1546.0 1019.5 1559.0 1021.5 1561.0 1023.5 1566.0 1026.5 1571.0 1026.5 1573.0 1033.5 1585.0 1033.5 1587.0 1036.5 1592.0 1041.5 1604.0 1047.5 1611.0 1052.5 1619.0 1060.5 1627.0 1063.5 1633.0 1064.5 1637.0 1064.5 1647.0 1062.5 1651.0 1058.5 1655.0 1057.5 1661.0 1054.5 1669.0 1053.5 1678.0 1046.5 1693.0 1040.5 1700.0 1037.5 1707.0 1030.5 1719.0 1028.5 1724.0 1027.5 1731.0 1025.5 1735.0 1018.5 1757.0 1012.5 1763.0 1009.5 1768.0 1007.5 1773.0 1005.5 1781.0 997.5 1796.0 997.5 1798.0 994.5 1802.0 990.5 1811.0 990.5 1815.0 987.5 1822.0 984.5 1825.0 979.5 1833.0 978.5 1838.0 974.5 1849.0 967.5 1860.0 964.5 1871.0 964.5 1879.0 963.5 1880.0 963.5 1885.0 962.5 1886.0 960.5 1893.0 951.5 1902.0 947.5 1910.0 946.5 1915.0 944.5 1920.0 941.0 1924.5 940.0 1924.5 935.5 1929.0 934.5 1932.0 930.0 1936.5 924.0 1939.5 921.0 1939.5 917.0 1941.5 909.0 1943.5
 5ML_sorting_tube_rack 430.5 1848.0 435.0 1846.5 440.0 1846.5 444.0 1844.5 449.5 1839.0 444.0 1834.5 429.0 1834.5 423.5 1838.0 423.5 1843.0 424.5 1846.0 428.0 1848.5 430.5 1848.0
 5ML_sorting_tube_rack 414.0 1987.5 411.0 1986.5 410.0 1984.5 414.0 1984.5 414.0 1987.5
 sorting_tube_rack_base 452.0 2004.5 426.0 2004.5 422.0 2002.5 415.0 2000.5 411.0 1997.5 405.0 1991.5 395.0 1985.5 390.5 1981.0 390.5 1980.0 381.5 1971.0 378.5 1966.0 370.5 1958.0 368.5 1955.0 368.5 1950.0 367.5 1949.0 367.5 1941.0 372.5 1933.0 375.5 1930.0 379.5 1922.0 382.0 1919.5 388.0 1916.5 394.0 1914.5 402.0 1914.5 408.0 1916.5 411.5 1920.0 414.5 1927.0 414.5 1929.0 420.0 1934.5 427.0 1937.5 435.0 1937.5 436.0 1938.5 444.0 1938.5 445.0 1939.5 454.0 1939.5 455.0 1940.5 463.0 1940.5 464.0 1939.5 478.0 1939.5 479.0 1940.5 496.0 1940.5 497.0 1939.5 505.0 1939.5 506.0 1940.5 573.0 1940.5 574.0 1941.5 688.0 1941.5 689.0 1942.5 707.0 1942.5 708.0 1941.5 749.0 1941.5 750.0 1942.5 781.0 1942.5 782.0 1941.5 806.0 1941.5 807.0 1942.5 869.0 1942.5 870.0 1943.5 911.0 1943.5 912.0 1942.5 922.0 1942.5 931.0 1938.5 938.5 1931.0 940.5 1925.0 944.5 1919.0 951.5 1905.0 952.5 1904.0 957.5 1890.0 957.5 1887.0 959.5 1883.0 960.5 1877.0 963.5 1872.0 964.5 1868.0 968.5 1862.0 970.5 1857.0 972.5 1849.0 974.5 1846.0 981.5 1832.0 986.5 1816.0 989.5 1811.0 989.5 1809.0 1000.5 1787.0 1000.5 1785.0 1004.5 1778.0 1004.5 1776.0 1013.5 1762.0 1020.5 1742.0 1028.5 1727.0 1030.5 1722.0 1031.5 1717.0 1033.5 1714.0 1039.5 1702.0 1041.5 1697.0 1042.5 1692.0 1044.5 1689.0 1046.5 1681.0 1048.5 1676.0 1052.5 1670.0 1055.5 1662.0 1057.5 1659.0 1058.5 1653.0 1062.5 1643.0 1062.5 1634.0 1061.5 1633.0 1061.5 1626.0 1063.5 1622.0 1067.0 1618.5 1072.0 1616.5 1078.0 1616.5 1079.0 1615.5 1086.0 1615.5 1091.0 1617.5 1095.0 1620.5 1100.5 1626.0 1102.5 1633.0 1104.5 1636.0 1107.5 1646.0 1108.5 1655.0 1109.5 1656.0 1109.5 1663.0 1110.5 1664.0 1110.5 1677.0 1108.5 1682.0 1108.5 1685.0 1105.5 1691.0 1104.5 1696.0 1101.5 1703.0 1101.5 1706.0 1097.5 1720.0 1095.5 1723.0 1093.5 1730.0 1090.5 1735.0 1081.5 1753.0 1079.5 1758.0 1078.5 1763.0 1075.5 1772.0 1072.5 1777.0 1070.5 1784.0 1067.5 1789.0 1065.5 1794.0 1064.5 1799.0 1060.5 1809.0 1056.5 1816.0 1054.5 1824.0 1050.5 1832.0 1049.5 1837.0 1045.5 1845.0 1041.5 1855.0 1041.5 1858.0 1039.5 1862.0 1038.5 1867.0 1036.5 1870.0 1034.5 1877.0 1032.5 1880.0 1031.5 1885.0 1029.5 1890.0 1023.5 1902.0 1020.5 1911.0 1017.5 1916.0 1017.5 1918.0 1010.5 1933.0 1007.5 1936.0 1004.5 1943.0 999.5 1950.0 990.5 1968.0 985.5 1977.0 977.0 1985.5 972.0 1987.5 967.0 1990.5 953.0 1997.5 949.0 1998.5 944.0 1998.5 943.0 1999.5 937.0 1999.5 936.0 2000.5 909.0 2000.5 908.0 1999.5 882.0 1999.5 881.0 2000.5 819.0 2000.5 818.0 2001.5 752.0 2001.5 751.0 2002.5 735.0 2002.5 734.0 2003.5 695.0 2003.5 694.0 2002.5 628.0 2002.5 627.0 2001.5 612.0 2001.5 611.0 2002.5 606.0 2002.5 605.0 2001.5 573.0 2001.5 572.0 2002.5 491.0 2002.5 490.0 2003.5 453.0 2003.5 452.0 2004.5
 sorting_tube_rack_base 1144.0 1522.5 1117.0 1522.5 1116.0 1521.5 1009.0 1521.5 1001.0 1518.5 997.5 1515.0 994.5 1508.0 992.5 1505.0 988.5 1495.0 987.5 1491.0 987.5 1474.0 992.0 1468.5 997.0 1466.5 1002.0 1466.5 1003.0 1465.5 1050.0 1465.5 1051.0 1466.5 1103.0 1466.5 1104.0 1467.5 1125.0 1467.5 1126.0 1466.5 1132.0 1466.5 1140.0 1462.5 1144.5 1457.0 1147.5 1451.0 1148.5 1446.0 1152.5 1439.0 1152.5 1437.0 1155.5 1432.0 1155.5 1430.0 1158.5 1425.0 1159.5 1420.0 1165.5 1403.0 1167.5 1400.0 1168.5 1395.0 1174.5 1380.0 1177.5 1375.0 1178.5 1370.0 1182.5 1362.0 1183.5 1357.0 1186.5 1352.0 1188.5 1347.0 1190.5 1345.0 1191.5 1341.0 1193.5 1338.0 1195.5 1332.0 1195.5 1329.0 1198.5 1324.0 1201.5 1317.0 1205.5 1310.0 1206.5 1305.0 1214.5 1289.0 1218.5 1280.0 1218.5 1276.0 1221.5 1265.0 1221.5 1261.0 1225.0 1254.5 1231.0 1252.5 1239.0 1252.5 1244.0 1254.5 1250.5 1261.0 1251.5 1265.0 1251.5 1271.0 1252.5 1272.0 1252.5 1280.0 1253.5 1285.0 1252.5 1286.0 1252.5 1298.0 1251.5 1299.0 1251.5 1310.0 1250.5 1311.0 1250.5 1319.0 1249.5 1320.0 1249.5 1325.0 1248.5 1326.0 1247.5 1335.0 1246.5 1336.0 1246.5 1341.0 1242.5 1357.0 1240.5 1361.0 1239.5 1368.0 1236.5 1375.0 1235.5 1382.0 1233.5 1388.0 1231.5 1391.0 1230.5 1396.0 1228.5 1400.0 1226.5 1408.0 1224.5 1411.0 1223.5 1416.0 1219.5 1426.0 1217.5 1434.0 1215.5 1437.0 1211.5 1447.0 1207.5 1461.0 1205.5 1466.0 1202.5 1471.0 1202.5 1473.0 1198.5 1481.0 1194.5 1487.0 1194.5 1489.0 1190.5 1497.0 1186.5 1502.0 1176.0 1512.5 1170.0 1516.5 1161.0 1520.5 1155.0 1520.5 1154.0 1521.5 1145.0 1521.5 1144.0 1522.5
 centrifuge_close 834.0 730.5 827.5 725.0 824.5 720.0 820.5 710.0 817.5 701.0 815.0 698.5 806.0 695.5 801.0 694.5 796.0 694.5 795.0 693.5 787.0 693.5 786.0 692.5 780.0 692.5 774.0 690.5 766.0 690.5 765.0 689.5 756.0 689.5 749.0 686.5 735.5 673.0 730.5 665.0 729.5 659.0 726.5 654.0 724.5 648.0 721.5 643.0 720.5 638.0 718.5 635.0 714.5 625.0 709.0 620.5 700.0 617.5 695.0 616.5 690.0 616.5 684.0 614.5 680.0 614.5 671.0 611.5 665.5 608.0 664.5 606.0 664.5 593.0 663.5 592.0 661.5 583.0 659.5 579.0 655.5 561.0 655.5 556.0 654.5 555.0 654.5 550.0 652.5 544.0 651.5 535.0 649.5 530.0 649.5 525.0 648.5 524.0 648.5 519.0 647.5 518.0 647.5 511.0 646.5 510.0 646.5 503.0 645.5 502.0 645.5 496.0 644.5 495.0 644.5 490.0 643.5 489.0 643.5 483.0 642.5 478.0 640.5 473.0 635.5 452.0 632.5 445.0 631.5 440.0 631.5 435.0 630.5 434.0 630.5 429.0 629.5 428.0 629.5 421.0 628.5 420.0 628.5 415.0 626.5 409.0 626.5 404.0 625.5 403.0 625.5 397.0 622.5 389.0 621.5 382.0 620.5 381.0 620.5 376.0 619.5 375.0 619.5 362.0 622.5 351.0 629.5 340.0 639.0 330.5 645.0 327.5 650.0 322.5 654.0 319.5 666.0 313.5 668.0 313.5 673.0 310.5 680.0 307.5 685.0 304.5 687.0 304.5 704.0 298.5 715.0 292.5 720.0 291.5 723.0 289.5 730.0 288.5 734.0 286.5 737.0 286.5 741.0 284.5 755.0 280.5 758.0 280.5 761.0 278.5 766.0 277.5 772.0 274.5 785.0 272.5 789.0 270.5 792.0 270.5 795.0 268.5 799.0 267.5 801.0 265.5 807.0 263.5 815.0 259.5 822.0 258.5 823.0 257.5 832.0 256.5 833.0 255.5 840.0 255.5 841.0 254.5 854.0 254.5 855.0 253.5 881.0 253.5 882.0 254.5 893.0 254.5 894.0 255.5 899.0 255.5 900.0 256.5 925.0 256.5 926.0 257.5 938.0 257.5 939.0 258.5 950.0 258.5 951.0 259.5 959.0 259.5 960.0 260.5 966.0 260.5 967.0 261.5 976.0 261.5 977.0 262.5 986.0 262.5 987.0 263.5 994.0 263.5 995.0 264.5 1002.0 264.5 1003.0 265.5 1009.0 265.5 1010.0 266.5 1017.0 266.5 1018.0 267.5 1026.0 267.5 1027.0 268.5 1032.0 268.5 1033.0 269.5 1039.0 269.5 1040.0 270.5 1047.0 270.5 1048.0 271.5 1055.0 271.5 1056.0 272.5 1061.0 272.5 1067.0 274.5 1071.0 274.5 1075.0 276.5 1078.0 276.5 1082.0 278.5 1085.0 278.5 1097.0 283.5 1100.0 283.5 1110.0 286.5 1115.0 289.5 1117.0 289.5 1121.0 292.5 1126.5 298.0 1126.5 299.0 1132.5 305.0 1132.5 306.0 1139.5 314.0 1143.5 320.0 1147.5 328.0 1147.5 330.0 1151.5 338.0 1152.5 343.0 1156.5 353.0 1156.5 356.0 1162.5 373.0 1162.5 376.0 1164.5 382.0 1171.5 395.0 1172.5 398.0 1180.5 408.0 1185.5 416.0 1187.5 421.0 1189.5 429.0 1194.5 438.0 1197.5 445.0 1197.5 448.0 1199.5 452.0 1200.5 459.0 1202.5 463.0 1202.5 466.0 1205.5 474.0 1205.5 478.0 1207.5 484.0 1209.5 496.0 1210.5 497.0 1211.5 504.0 1213.5 509.0 1214.5 516.0 1215.5 517.0 1216.5 526.0 1218.5 531.0 1218.5 534.0 1220.5 540.0 1223.5 545.0 1225.5 551.0 1227.5 563.0 1228.5 564.0 1228.5 571.0 1229.5 572.0 1229.5 577.0 1233.5 589.0 1233.5 596.0 1232.5 597.0 1232.5 603.0 1231.5 608.0 1227.5 619.0 1224.5 625.0 1224.5 630.0 1222.5 635.0 1222.5 651.0 1218.0 656.5 1214.0 658.5 1209.0 662.5 1199.0 665.5 1192.0 668.5 1188.5 673.0 1179.0 682.5 1172.0 685.5 1169.0 685.5 1165.0 687.5 1162.0 687.5 1158.0 689.5 1155.0 689.5 1147.0 692.5 1141.0 692.5 1140.0 693.5 1134.0 693.5 1133.0 694.5 1128.0 694.5 1127.0 695.5 1121.0 695.5 1120.0 696.5 1111.0 697.5 1106.0 699.5 1101.0 700.5 1092.0 700.5 1091.0 701.5 1084.0 701.5 1083.0 702.5 1078.0 702.5 1077.0 703.5 1072.0 703.5 1071.0 704.5 1065.0 704.5 1064.0 705.5 1057.0 705.5 1056.0 706.5 1051.0 706.5 1045.0 708.5 1036.0 708.5 1035.0 709.5 1025.0 709.5 1024.0 710.5 1014.0 710.5 1013.0 711.5 1000.0 711.5 999.0 712.5 992.0 712.5 991.0 713.5 985.0 713.5 984.0 714.5 965.0 714.5 964.0 715.5 956.0 715.5 955.0 716.5 948.0 716.5 947.0 717.5 942.0 717.5 941.0 718.5 932.0 718.5 931.0 719.5 916.0 719.5 915.0 720.5 905.0 720.5 904.0 721.5 898.0 721.5 897.0 722.5 890.0 722.5 889.0 723.5 878.0 723.5 872.0 725.5 867.0 725.5 866.0 726.5 860.0 726.5 859.0 727.5 849.0 727.5 848.0 728.5 840.0 728.5 834.0 730.5
 tube_rack_storage_cabinet 0.0 445.5 5.0 445.5 7.5 448.0 11.5 455.0 12.5 460.0 14.5 463.0 15.5 468.0 18.5 473.0 24.5 479.0 27.5 483.0 30.5 490.0 31.5 495.0 36.5 504.0 39.5 507.0 44.5 514.0 49.5 525.0 54.5 531.0 57.5 538.0 60.5 543.0 64.5 552.0 68.5 557.0 72.5 566.0 74.5 568.0 76.5 573.0 78.5 575.0 80.5 580.0 84.5 585.0 85.5 588.0 91.5 596.0 95.5 604.0 100.5 611.0 102.5 616.0 108.5 626.0 116.5 635.0 119.5 641.0 119.5 643.0 125.5 654.0 128.5 657.0 132.5 664.0 134.5 666.0 139.5 677.0 143.5 683.0 144.5 686.0 149.5 693.0 150.5 697.0 154.5 705.0 158.5 709.0 162.5 715.0 165.5 721.0 173.5 731.0 175.5 736.0 177.5 738.0 179.5 743.0 182.5 748.0 186.5 753.0 191.5 761.0 193.5 766.0 198.5 776.0 204.5 782.0 208.5 790.0 208.5 794.0 210.5 799.0 210.5 811.0 209.5 812.0 209.5 823.0 210.5 824.0 210.5 830.0 213.5 836.0 215.5 845.0 217.5 850.0 220.5 855.0 222.5 862.0 239.5 879.0 241.5 884.0 243.5 886.0 245.5 891.0 248.5 896.0 252.5 901.0 255.5 908.0 262.5 919.0 294.5 951.0 296.5 954.0 299.5 961.0 301.5 963.0 303.5 968.0 306.5 971.0 309.5 976.0 314.5 981.0 314.5 982.0 319.5 987.0 323.5 992.0 331.5 1004.0 333.5 1009.0 337.5 1015.0 343.5 1022.0 345.5 1026.0 353.5 1037.0 358.5 1048.0 364.5 1057.0 367.5 1069.0 369.5 1073.0 377.0 1080.5 389.0 1084.5 394.0 1084.5 395.0 1085.5 411.0 1085.5 415.5 1089.0 414.5 1091.0 414.5 1100.0 408.0 1103.5 403.0 1104.5 395.0 1104.5 394.0 1105.5 388.0 1105.5 387.0 1106.5 382.0 1106.5 376.0 1108.5 371.0 1111.5 369.0 1111.5 365.0 1114.5 345.0 1124.5 336.0 1128.5 328.0 1134.5 320.0 1138.5 318.0 1138.5 313.0 1141.5 305.0 1144.5 300.0 1147.5 295.0 1151.5 292.0 1152.5 285.0 1157.5 281.0 1161.5 275.0 1165.5 273.0 1165.5 268.0 1168.5 260.0 1170.5 257.0 1172.5 246.0 1176.5 235.0 1184.5 229.0 1187.5 227.0 1187.5 205.0 1198.5 202.0 1199.5 195.0 1203.5 190.0 1205.5 184.0 1209.5 181.0 1212.5 176.0 1215.5 171.0 1217.5 162.0 1224.5 157.0 1226.5 155.0 1228.5 148.0 1231.5 140.0 1233.5 124.0 1242.5 116.0 1248.5 109.0 1251.5 100.0 1256.5 93.0 1259.5 91.0 1261.5 73.0 1270.5 63.0 1276.5 58.0 1280.5 46.0 1285.5 32.0 1293.5 27.0 1295.5 25.0 1297.5 19.0 1300.5 8.0 1308.5 0.0 1308.5
